point.id,motherset,origin,original.label,diff.score,ground.truth,V1,V2,V3,V4,V5,V6,V7
abalone_point_4035,abalone,regression,7,0.295431301483908,nominal,-0.116510619104682,-0.0290332363506717,-0.347057634630302,-0.277824654263364,-0.145823835776113,-0.233487961573359,-0.419035494568138
abalone_point_1160,abalone,regression,10,0.236727290821702,anomaly,0.674543556958705,0.726711434838098,0.728800999710997,0.723421258157771,1.00301655002105,0.51002850464267,0.561549148444391
abalone_point_1309,abalone,regression,9,0.485612859499731,nominal,0.174930393129198,0.374030588283339,0.250641606670419,-0.0586109361670868,-0.0264345407815064,-0.16050475016565,-0.228665582188416
abalone_point_1414,abalone,regression,13,0.230903055068113,anomaly,1.25742558142647,1.38169014986837,1.08742054449143,1.85313660537021,2.32756193599895,1.21249191444186,1.65348223077336
abalone_point_1710,abalone,regression,9,0.66447316812743,nominal,1.00761899951171,1.02900930331361,1.20696039275157,1.31682769505095,1.10663744756354,1.49986330935971,1.73250370383664
abalone_point_2302,abalone,regression,10,0.348974566638965,anomaly,-0.033241758466431,0.172498675966333,0.250641606670419,-0.0321013702577698,0.115481036287555,0.190726954733946,-0.0634388657833743
abalone_point_3197,abalone,regression,5,0.114752773937852,nominal,-1.65698454091233,-1.64128853488671,-1.54245611723174,-1.38510883032177,-1.34647467034452,-1.34648193554091,-1.39243636730219
abalone_point_2177,abalone,regression,20,0.171924433705915,anomaly,0.383102544724825,0.42441356636259,0.728800999710997,0.54906988236957,0.246133472319388,0.0584448840574746,1.19372093295064
abalone_point_4138,abalone,regression,11,0.173571670698721,anomaly,0.882715708554334,0.978626325234355,0.370181454930564,0.563344264013048,0.597543472680873,0.414238039670053,0.619019310672232
abalone_point_2449,abalone,regression,7,0.188545921735174,nominal,-1.4488123893167,-1.43975662256971,-1.18383657245131,-1.31169772472674,-1.28340108053605,-1.26893727342022,-1.28467981312499
abalone_point_3445,abalone,regression,9,0.21938498329887,nominal,-0.283048340381185,-0.0794162144299231,-0.58613733115059,-0.529665530401878,-0.465697041233362,-0.438753243657538,-0.67405933945418
abalone_point_0513,abalone,regression,10,0.19093855398393,anomaly,-0.283048340381185,-0.280948126746929,0.131101758410275,-0.31860860181616,-0.497233836137597,0.00370747550169332,-0.207114271352976
abalone_point_1820,abalone,regression,11,0.228629948319228,anomaly,1.42396330270297,1.23054121563061,1.20696039275157,1.82968583552736,1.81621533290884,2.3300473391224,1.55290944687464
abalone_point_0203,abalone,regression,12,0.0992650007146906,anomaly,-0.199779479742934,-0.0794162144299231,0.131101758410275,-0.405274490365851,-0.56481268236096,-0.311032623694049,-0.0634388657833743
abalone_point_0125,abalone,regression,6,0.140116519448861,nominal,-1.36554352867845,-1.28860768833195,-1.4229162689716,-1.33208969850313,-1.25411691383926,-1.18683116058655,-1.21284211034018
abalone_point_4090,abalone,regression,9,0.592564351837588,nominal,0.716177987277831,-0.432097060984683,0.370181454930564,0.505227138750314,0.57952244702131,0.624064772467214,0.223911945355828
abalone_point_1998,abalone,regression,6,0.15202806827712,nominal,-1.57371568027408,-1.59090555680746,-1.4229162689716,-1.34432488276897,-1.3059273626105,-1.24613001985531,-1.36010940104903
abalone_point_4016,abalone,regression,10,0.257485488683388,anomaly,0.92435013887346,0.726711434838098,0.131101758410275,0.718323264713672,1.37695283245699,0.441606743947943,-0.0993577171757746
abalone_point_2012,abalone,regression,8,0.25784092081405,nominal,-0.61612378293419,-0.784777907539442,-0.825217027670879,-0.679546537658402,-0.458939156611025,-0.899459765668697,-0.788999663909861
abalone_point_1344,abalone,regression,10,0.346237151816517,anomaly,0.508005835682202,0.525179522521093,0.609261151450853,0.580677441722986,1.00526917822849,0.491782701790743,0.252647026469749
abalone_point_1407,abalone,regression,10,0.144227738612912,anomaly,1.09088786014996,1.12977525947211,1.20696039275157,1.27604374749815,1.08411116548908,1.8784637185372,1.03567798682408
abalone_point_1170,abalone,regression,8,0.507150700175035,nominal,0.799446847916082,0.726711434838098,0.489721303190708,0.578638244345347,0.919669306345567,0.583011716050378,0.302933418419109
abalone_point_3462,abalone,regression,11,0.261097888902152,anomaly,0.841081278235208,0.877860369075852,0.489721303190708,0.576599046967707,0.406070075048013,0.929681970236993,0.762694716241833
abalone_point_3582,abalone,regression,9,0.461697196207939,nominal,0.841081278235208,0.726711434838098,0.489721303190708,0.6377749682969,0.99175340898382,0.309324673271472,0.367587350925429
abalone_point_1028,abalone,regression,8,0.556560850393778,nominal,1.00761899951171,0.978626325234355,0.609261151450853,1.23118140519008,1.46255270433991,1.16231595659906,0.698040783735513
abalone_point_3072,abalone,regression,11,0.324069533000537,anomaly,1.09088786014996,0.474796544441841,0.728800999710997,0.939576180187589,1.0255428320955,1.23986061871975,0.737551520267153
abalone_point_1567,abalone,regression,9,0.374028477469892,nominal,-0.491220491976813,-0.381714082905431,-0.466597482890446,-0.799859182939149,-0.772054477445938,-0.904021216381679,-0.65969179889722
abalone_point_1685,abalone,regression,9,0.604940406023715,nominal,0.799446847916082,0.625945478679595,0.0115619101501313,0.0566037156695612,0.000596997707838596,-0.187873454443541,0.40350620231783
abalone_point_2214,abalone,regression,17,0.229313719792886,anomaly,0.882715708554334,1.02900930331361,2.16327917883273,1.44835592590872,0.919669306345567,0.920559068811029,2.37904302889985
abalone_point_3083,abalone,regression,11,0.22196306065738,anomaly,1.92357646653248,1.68398801834387,1.44604008927186,2.53728732556836,2.94703469304644,2.59917293118832,1.73250370383664
abalone_point_2186,abalone,regression,9,0.24134320896927,nominal,-0.657758213253316,-0.684011951380939,-0.466597482890446,-0.777428011785112,-0.749528195371484,-0.703317385010481,-0.781815893631381
abalone_point_1386,abalone,regression,11,0.341722725591541,anomaly,0.882715708554334,0.978626325234355,0.967880696231285,0.903890226078893,1.09537430652631,1.04371823806154,0.547181607887431
abalone_point_3450,abalone,regression,7,0.316831034484324,nominal,-0.033241758466431,-0.129799192509174,-0.347057634630302,-0.0351601663242293,0.198828279963035,-0.13313604588776,-0.278951974137776
abalone_point_0097,abalone,regression,9,0.691719558329057,nominal,0.0916615324909462,0.273264632124836,0.250641606670419,-0.211550739490071,-0.407128707839781,-0.384015835101757,0.080236539786227
abalone_point_2711,abalone,regression,11,0.216022124141087,anomaly,1.88194203621335,1.48245610602687,1.8046596340523,2.79830458990625,3.1632870009612,3.12830121389421,2.08091656234292
abalone_point_2420,abalone,regression,10,0.399113227495069,anomaly,-0.491220491976813,-0.482480039063934,-0.466597482890446,-0.718291287833558,-0.754033451786374,-0.621211272176809,-0.566302785276979
abalone_point_3639,abalone,regression,8,0.453059677369034,nominal,-0.699392643572442,-0.684011951380939,-0.825217027670879,-0.98848494037083,-1.06489614441384,-0.908582667094661,-0.817734745023781
abalone_point_0722,abalone,regression,13,0.181146319636091,anomaly,0.258199253767449,0.474796544441841,0.489721303190708,0.466482388575158,0.149270459399236,0.43248384252198,0.38913866176087
abalone_point_2931,abalone,regression,11,0.152668419395057,anomaly,0.757812417596957,0.676328456758846,0.848340847971141,0.744832830622989,0.899395652478558,0.71529378672685,0.557957263305151
abalone_point_0785,abalone,regression,5,0.174976480418588,nominal,-2.5729420079331,-2.54818214031324,-1.90107566201218,-1.58291097595283,-1.52443229873271,-1.49700980906931,-1.60794947565659
abalone_point_2741,abalone,regression,8,0.359116254282317,nominal,-0.574489352615065,-0.684011951380939,-0.58613733115059,-0.69891891274598,-0.443170759158907,-1.0499876391971,-0.771040238213661
abalone_point_2324,abalone,regression,8,0.516039547643178,nominal,-1.07410251644457,-0.835160885618693,-0.825217027670879,-1.06597444072114,-1.11895922139253,-0.977004427789387,-1.03324785337818
abalone_point_4165,abalone,regression,7,0.155869629241789,nominal,-1.1157369467637,-1.18784173217345,-0.944756875931023,-1.1098171843404,-1.05363300337661,-1.06823344204902,-1.1338206372769
abalone_point_0756,abalone,regression,13,0.227469435644527,anomaly,0.799446847916082,0.978626325234355,1.08742054449143,1.42490515606586,1.48958424282926,1.70969004215688,0.798613567634233
abalone_point_3928,abalone,regression,12,0.234525295515828,anomaly,-0.199779479742934,-0.280948126746929,0.370181454930564,-0.328804588704359,-0.382349797557881,-0.224365060147395,-0.422627379707378
abalone_point_2291,abalone,regression,6,0.273227923934346,nominal,-1.65698454091233,-1.38937364449046,-0.944756875931023,-1.31271732341556,-1.25862217025415,-1.25069147056829,-1.24876096173258
abalone_point_4092,abalone,regression,12,0.190683513428077,anomaly,0.841081278235208,0.928243347155103,0.967880696231285,1.10475116777641,1.28684770415917,1.11670144946925,0.945880858343075
abalone_point_3235,abalone,regression,13,0.20927789223103,anomaly,0.549640266001328,0.777094412917349,1.56557993753201,0.821302732284481,0.419585844292685,0.523712856781615,1.30147748712784
abalone_point_1429,abalone,regression,14,0.231524216944297,anomaly,2.42318963036198,2.43973268953264,2.64143857187331,2.9084212482988,2.39288815401487,2.18408091630698,4.01335076725406
abalone_point_0390,abalone,regression,9,0.214861527930035,nominal,-0.491220491976813,-0.33133110482618,-0.466597482890446,-0.729506873410577,-0.61887575933965,-0.561912412908046,-0.70997819084658
abalone_point_0698,abalone,regression,5,0.482472583250285,nominal,-2.03169441378446,-2.04435235952073,-0.944756875931023,-1.45240234378388,-1.37350620883386,-1.38753499195775,-1.50019292147939
abalone_point_1423,abalone,regression,12,0.22851793901828,anomaly,1.6321354542986,1.68398801834387,1.8046596340523,2.74120706333234,2.66770879532321,3.49777872164573,2.13838672457077
abalone_point_4158,abalone,regression,8,0.442585198190702,nominal,-0.407951631338562,-0.482480039063934,0.0115619101501313,-0.642840984860886,-0.533275887456724,-0.694194483584518,-0.602221636669379
abalone_point_1441,abalone,regression,7,0.154347894467824,nominal,-0.990833655806321,-1.18784173217345,-1.18383657245131,-1.11389557909568,-1.11445396497764,-0.963320075650442,-1.13022875213766
abalone_point_0021,abalone,regression,11,0.746292488791163,anomaly,-1.40717795899758,-1.28860768833195,-1.06429672419117,-1.18934588206835,-1.18879069582334,-1.08191779418797,-1.17692325894778
abalone_point_3897,abalone,regression,14,0.230308231847086,anomaly,1.9652108968516,1.68398801834387,1.20696039275157,2.03972316542425,1.55040520443028,1.87390226782422,2.30720532611505
abalone_point_3407,abalone,regression,8,0.198392985712297,nominal,-1.4488123893167,-1.28860768833195,-1.54245611723174,-1.29028615226152,-1.24961165742436,-1.28262162555917,-1.25594473201107
abalone_point_0314,abalone,regression,23,0.220057004757804,anomaly,0.799446847916082,0.625945478679595,1.44604008927186,0.809067548018643,0.0974600106279914,0.815645702412449,1.40923404130504
abalone_point_1087,abalone,regression,8,0.051269083709986,nominal,-0.657758213253316,-0.73439492946019,-0.705677179410735,-0.851858716068964,-0.724749285089584,-0.794546399270117,-0.932675069479462
abalone_point_1548,abalone,regression,6,0.343805012601649,nominal,-1.19900580740195,-1.18784173217345,-0.944756875931023,-1.20667905977829,-1.1324749906372,-1.28718307627215,-1.12663686699842
abalone_point_0909,abalone,regression,7,0.126393502853641,nominal,-1.57371568027408,-1.59090555680746,-1.54245611723174,-1.31781531685966,-1.30142210619561,-1.24613001985531,-1.32059866451739
abalone_point_0792,abalone,regression,10,0.173127223925744,anomaly,-0.324682770700311,-0.33133110482618,-0.107977938110013,-0.556175096311195,-0.751780823578929,-0.447876145083502,-0.505240737909898
abalone_point_1068,abalone,regression,5,0.144633240444339,nominal,-1.53208124995496,-1.43975662256971,-1.4229162689716,-1.2790705666845,-1.21356960610524,-1.21419986486444,-1.32059866451739
abalone_point_0884,abalone,regression,15,0.217088389189095,anomaly,1.13252229046909,1.23054121563061,0.728800999710997,1.14553511532921,1.04131122954762,0.286517419706563,1.53854190631768
abalone_point_1258,abalone,regression,8,0.598012067052037,nominal,-0.782661504210693,-0.684011951380939,-3.33555384113391,-0.817192360649088,-0.688707233770458,-0.862968159964843,-0.889572447808582
abalone_point_2729,abalone,regression,8,0.596840366110631,nominal,-0.990833655806321,-0.986309819856447,-0.705677179410735,0.16570077537329,0.25514398514917,0.245464363289727,-1.00092088712502
abalone_point_1310,abalone,regression,10,0.290607588454174,anomaly,0.174930393129198,0.222881654045585,0.250641606670419,-0.204413548668332,-0.258455246148384,-0.447876145083502,0.112563506039387
abalone_point_0242,abalone,regression,5,0.063413113496993,nominal,-2.11496327442271,-2.09473533759998,-1.66199596549189,-1.48604910051494,-1.46586396533912,-1.4240265976616,-1.46427407008699
abalone_point_0838,abalone,regression,9,0.52821282333174,nominal,-0.407951631338562,-0.432097060984683,-0.347057634630302,-0.575547471398773,-0.587338964435414,-0.566473863621028,-0.480097541935218
abalone_point_2325,abalone,regression,17,0.192368335252142,anomaly,1.17415672078821,1.28092419370986,1.20696039275157,1.3606704386702,0.982742896154038,0.920559068811029,1.69658485244424
abalone_point_0038,abalone,regression,8,0.322626600315657,nominal,-0.61612378293419,-0.532863017143185,-0.825217027670879,-0.624488208462128,-0.551296913116287,-0.584719666472955,-0.67405933945418
abalone_point_2146,abalone,regression,9,0.352419790497429,nominal,-0.907564795168071,-0.835160885618693,-0.58613733115059,-0.98542614430437,-0.986054157153252,-0.949635723511497,-0.925491299200982
abalone_point_2414,abalone,regression,12,0.261905228486323,anomaly,-0.158145049423808,-0.280948126746929,0.131101758410275,-0.362451345435415,-0.296749925674956,0.0858135883353653,-0.494465082492178
abalone_point_3918,abalone,regression,13,0.200243540925403,anomaly,0.757812417596957,0.525179522521093,1.20696039275157,0.483815566285097,0.33398597240976,0.414238039670053,0.654938162064632
abalone_point_0940,abalone,regression,7,0.200721321461192,nominal,-0.532854922295939,-0.482480039063934,-0.944756875931023,-0.744800853742875,-0.571570566983296,-0.799107849983098,-0.889572447808582
abalone_point_0915,abalone,regression,7,0.179638876136222,nominal,-1.2822746680402,-1.28860768833195,-1.06429672419117,-1.10573878958512,-0.941001593004344,-1.01805748420622,-1.14459629269462
abalone_point_3507,abalone,regression,9,0.572316212425831,nominal,0.841081278235208,0.625945478679595,0.848340847971141,0.714244869958392,1.10663744756354,0.706170885300886,0.231095715634308
abalone_point_0611,abalone,regression,12,0.223735719563568,anomaly,-0.699392643572442,-0.633628973301688,0.728800999710997,-0.856956709513063,-0.943254221211789,-0.894898314955715,-0.627364832644059
abalone_point_2625,abalone,regression,12,0.22681723142493,anomaly,2.00684532717073,1.78475397450238,0.967880696231285,3.20002647330129,3.46288655255144,3.02338784749563,2.11683541373533
abalone_point_2457,abalone,regression,5,0.08476933368466,nominal,-2.28150099569922,-2.29626724991698,-1.90107566201218,-1.54110742971121,-1.49289550382847,-1.49244835835633,-1.55407119856799
abalone_point_1781,abalone,regression,9,0.536366812201654,nominal,-0.0748761887855567,-0.583245995222437,0.370181454930564,0.191190742593787,0.266407126186397,0.158796799743074,0.245463256191269
abalone_point_0462,abalone,regression,12,0.294517271827471,anomaly,0.508005835682202,0.575562500600344,0.728800999710997,0.331895361650932,0.122238920909891,0.395992236818126,0.187993093963428
abalone_point_2755,abalone,regression,8,0.467772527809876,nominal,0.00839267185269475,-0.230565148667677,-0.227517786370157,-0.452176030051566,-0.558054797738624,-0.507175004352265,-0.314870825530177
abalone_point_1114,abalone,regression,8,0.173144809989762,nominal,0.00839267185269475,-0.0794162144299231,-0.227517786370157,-0.373666931012434,-0.154834348605895,-0.511736455065247,-0.494465082492178
abalone_point_3558,abalone,regression,8,0.332992476841708,nominal,0.133295962810072,0.0213497417285791,-0.107977938110013,-0.257432680486966,-0.222413194829257,-0.0327841302021609,-0.278951974137776
abalone_point_2587,abalone,regression,7,0.523716795114283,nominal,0.258199253767449,0.172498675966333,0.0115619101501313,0.273778236388198,0.36327013910655,0.395992236818126,0.00839883700142625
abalone_point_0971,abalone,regression,8,0.583725342677979,nominal,-0.0748761887855567,0.222881654045585,0.0115619101501313,0.0107217746726658,0.0343864208195198,0.177042602595001,-0.0634388657833743
abalone_point_1943,abalone,regression,9,0.528728479677347,nominal,0.882715708554334,0.8274773909966,0.370181454930564,0.864125877214917,1.21926885793581,0.596696068189324,0.360403580646949
abalone_point_1351,abalone,regression,10,0.334718651124561,anomaly,0.591274696320454,0.575562500600344,0.250641606670419,0.308444591808075,0.234870331282161,0.140550996891147,-0.0957658320365346
abalone_point_3286,abalone,regression,13,0.210946211228443,anomaly,1.17415672078821,1.63360504026462,1.08742054449143,1.41368957048884,1.51886840952605,1.11213999875626,1.19372093295064
abalone_point_3874,abalone,regression,5,0.161462136400728,nominal,-1.61535011059321,-1.59090555680746,-1.54245611723174,-1.40346160672053,-1.36674832421153,-1.32823613268898,-1.35651751590979
abalone_point_2751,abalone,regression,8,0.381994270396423,nominal,-0.116510619104682,-0.230565148667677,0.131101758410275,-0.12692404831802,0.176301997888581,-0.370331482962812,-0.419035494568138
abalone_point_0958,abalone,regression,6,0.248711668598151,nominal,-0.199779479742934,-0.180182170588426,-0.107977938110013,-0.345118167725477,-0.202139540962248,-0.247172313712304,-0.591445981251659
abalone_point_2870,abalone,regression,5,0.094276113463542,nominal,-1.2822746680402,-1.28860768833195,-1.30337642071146,-1.28620775750624,-1.2563695420467,-1.23244566771637,-1.29904735368195
abalone_point_2548,abalone,regression,5,0.165157431489056,nominal,-2.44803871697572,-2.29626724991698,-2.14015535853247,-1.55946020610997,-1.52217967052526,-1.5243785133472,-1.57203062426419
abalone_point_2318,abalone,regression,13,0.145405686133622,anomaly,-0.0748761887855567,0.122115697887082,0.0115619101501313,-0.12182605487392,-0.490475951515261,-0.242610862999322,0.367587350925429
abalone_point_3054,abalone,regression,11,0.273242082576645,anomaly,0.63290912663958,0.42441356636259,0.0115619101501313,0.0820936828900584,-0.0759923613453052,0.131428095465183,0.374771121203909
abalone_point_1621,abalone,regression,8,0.30232976084122,nominal,0.299833684086575,0.323647610204087,-0.227517786370157,-0.214609535556531,-0.0467081946485151,-0.28822537012914,-0.278951974137776
abalone_point_2249,abalone,regression,6,0.161697766426311,nominal,-1.36554352867845,-1.38937364449046,-1.18383657245131,-1.23624742175406,-1.24510640100947,-1.16402390702164,-1.17692325894778
abalone_point_1442,abalone,regression,6,0.185572483973328,nominal,-0.990833655806321,-1.08707577601495,-0.825217027670879,-1.07005283547642,-0.963527875078798,-1.09104069561393,-1.13741252241614
abalone_point_4069,abalone,regression,7,0.213327392126063,nominal,-0.949199225487196,-1.0366927979357,-0.944756875931023,-1.15060113189319,-1.16851704195633,-1.0499876391971,-1.10508555616298
abalone_point_3015,abalone,regression,6,0.094961611637583,nominal,-1.07410251644457,-1.08707577601495,-1.18383657245131,-1.17405190173605,-1.09868556752552,-1.19139261129953,-1.17692325894778
abalone_point_0580,abalone,regression,17,0.213856031931142,anomaly,0.882715708554334,0.726711434838098,0.848340847971141,1.09863357564349,0.640343408622335,1.12126290018223,1.98393566358344
abalone_point_3200,abalone,regression,9,0.667161360057717,nominal,-0.283048340381185,-0.280948126746929,0.370181454930564,-0.51131275400312,-0.54003377207906,-0.502613553639283,-0.422627379707378
abalone_point_4172,abalone,regression,8,0.482042722441602,nominal,0.299833684086575,0.222881654045585,0.370181454930564,0.0790348868235988,0.183059882510917,-0.0783986373319786,-0.0706226360618543
abalone_point_3359,abalone,regression,5,0.062768857168513,nominal,-1.99005998346534,-1.94358640336222,-1.54245611723174,-1.4738139162491,-1.43207454222744,-1.43771094980055,-1.46427407008699
abalone_point_2827,abalone,regression,9,0.23799963370038,nominal,-0.199779479742934,-0.432097060984683,-0.227517786370157,-0.477665997272063,-0.226918451244148,-0.657702877880664,-0.612997292087099
abalone_point_0654,abalone,regression,7,0.09788468661774,nominal,-1.78188783186971,-1.84282044720372,-1.4229162689716,-1.41569679098636,-1.37575883704131,-1.42858804837458,-1.35651751590979
abalone_point_1060,abalone,regression,5,0.093660217038854,nominal,-2.28150099569922,-2.29626724991698,-1.78153581375203,-1.55028381791059,-1.50866390128059,-1.50613271049527,-1.55407119856799
abalone_point_0150,abalone,regression,4,0.579622478117772,nominal,-2.94765188080523,-2.80009703070949,-1.06429672419117,-1.62879291694972,-1.56047435005183,-1.57455447119,-1.64386832704899
abalone_point_1691,abalone,regression,9,0.722053948467542,nominal,0.841081278235208,0.928243347155103,0.728800999710997,0.55008948105839,0.473648921271375,0.359500631114272,0.827348648748154
abalone_point_0351,abalone,regression,8,0.590824995066442,nominal,0.716177987277831,0.877860369075852,1.08742054449143,0.661225738139758,0.795774754936069,1.0026651816447,0.0443176883938266
abalone_point_2888,abalone,regression,9,0.524545980002511,nominal,-0.116510619104682,-0.0794162144299231,0.131101758410275,-0.512332352691939,-0.578328451605632,-0.342962778684921,-0.444178690542818
abalone_point_2505,abalone,regression,6,0.521085676499548,nominal,-1.78188783186971,-1.69167151296597,-0.825217027670879,-1.10166039482984,-1.0874224264883,-1.05454908991008,-1.11945309671994
abalone_point_0803,abalone,regression,9,0.679012881396964,nominal,-0.824295934529819,-0.784777907539442,-0.227517786370157,-0.79170239342859,-0.934243708382007,-0.794546399270117,-0.602221636669379
abalone_point_1341,abalone,regression,9,0.429916336512594,nominal,0.508005835682202,0.575562500600344,0.370181454930564,0.174877163572669,0.433101613537358,0.145112447604128,-0.0275200143909741
abalone_point_2659,abalone,regression,8,0.294399616460023,nominal,0.216564823448323,0.122115697887082,-0.227517786370157,-0.393039306100012,-0.29449729746751,-0.333839877258958,-0.454954345960538
abalone_point_2838,abalone,regression,8,0.38455277627014,nominal,0.466371405363077,0.374030588283339,-0.107977938110013,0.247268670478881,0.561501421361746,0.0128303769276569,-0.0454794400871741
abalone_point_2631,abalone,regression,6,0.235792512005091,nominal,-1.40717795899758,-1.2382247102527,-1.06429672419117,-1.22605143486586,-1.18879069582334,-1.21419986486444,-1.20206645492246
abalone_point_1054,abalone,regression,4,0.1394172452262,nominal,-2.82274858984785,-2.80009703070949,-2.25969520679261,-1.63083211432736,-1.56497960646672,-1.57911592190298,-1.64746021218823
abalone_point_3739,abalone,regression,9,0.642160451698479,nominal,0.92435013887346,0.978626325234355,0.728800999710997,0.886557048368954,0.687648600978689,1.29003657656255,0.834532419026634
abalone_point_1256,abalone,regression,7,0.218116517647268,nominal,-0.824295934529819,-0.885543863697944,-0.944756875931023,-1.06699403940996,-1.05138037516917,-1.1001635970399,-0.954226380314902
abalone_point_2651,abalone,regression,8,0.57664501501073,nominal,-0.116510619104682,-0.129799192509174,0.370181454930564,-0.589821853042251,-0.508496977174824,-0.657702877880664,-0.516016393327618
abalone_point_2412,abalone,regression,9,0.402658862119562,nominal,-0.199779479742934,-0.129799192509174,-0.466597482890446,-0.594919846486351,-0.643654669621549,-0.657702877880664,-0.433403035125098
abalone_point_0636,abalone,regression,8,0.346255276522867,nominal,-1.40717795899758,-1.43975662256971,-1.18383657245131,-1.34738367883543,-1.39377986270087,-1.2734987241332,-1.26312850228955
abalone_point_0691,abalone,regression,10,0.229633463388172,anomaly,-0.199779479742934,-0.33133110482618,0.250641606670419,-0.393039306100012,-0.476960182270589,-0.324716975832994,-0.350789676922577
abalone_point_1590,abalone,regression,9,0.453766271819845,nominal,-0.033241758466431,0.0213497417285791,0.131101758410275,-0.372647332323614,-0.283234156430283,-0.192434905156523,-0.530383933884578
abalone_point_2556,abalone,regression,6,0.136191595531949,nominal,-1.2822746680402,-1.18784173217345,-1.4229162689716,-1.17099310566959,-1.1324749906372,-1.13209375203077,-1.21284211034018
abalone_point_1491,abalone,regression,9,0.647777159106141,nominal,0.674543556958705,0.777094412917349,0.489721303190708,0.759107212266468,0.259649241564061,0.97529647736681,1.01412667598864
abalone_point_3492,abalone,regression,8,0.545804015982833,nominal,0.216564823448323,0.323647610204087,0.489721303190708,0.318640578696274,0.473648921271375,0.186165504020964,0.223911945355828
abalone_point_2991,abalone,regression,9,0.6302527862784,nominal,0.549640266001328,0.323647610204087,0.0115619101501313,0.363502921004349,0.532217254664956,0.272833067567618,0.38554677662163
abalone_point_3781,abalone,regression,10,0.161941141987382,anomaly,0.757812417596957,0.726711434838098,1.08742054449143,0.798871561130443,0.626827639377663,1.22617626658081,0.654938162064632
abalone_point_4155,abalone,regression,6,0.208858260329859,nominal,-0.741027073891568,-0.784777907539442,-1.06429672419117,-0.88856426886648,-0.632391528584322,-0.963320075650442,-1.0799423601883
abalone_point_1533,abalone,regression,5,0.19010520351539,nominal,-1.99005998346534,-1.99396938144147,-2.02061551027232,-1.4840099031373,-1.43207454222744,-1.49244835835633,-1.47504972550471
abalone_point_2740,abalone,regression,7,0.271880820126524,nominal,-0.61612378293419,-0.73439492946019,-1.06429672419117,-0.975230157416171,-0.891443772440545,-1.07735634347499,-0.864429251833902
abalone_point_2503,abalone,regression,5,0.052917589062036,nominal,-1.99005998346534,-1.99396938144147,-1.66199596549189,-1.46769632411618,-1.42081140119022,-1.40578079480967,-1.47864161064395
abalone_point_3803,abalone,regression,6,0.07801201761459,nominal,-1.82352226218884,-1.79243746912447,-1.54245611723174,-1.39326561983233,-1.35097992675941,-1.36928918910582,-1.35651751590979
abalone_point_1224,abalone,regression,6,0.234809021886167,nominal,-1.53208124995496,-1.59090555680746,-1.18383657245131,-1.32495250768139,-1.26988531129137,-1.34648193554091,-1.32059866451739
abalone_point_3048,abalone,regression,9,0.415873579873866,nominal,0.549640266001328,0.273264632124836,0.609261151450853,0.301307400986336,0.419585844292685,0.537397208920561,-0.0275200143909741
abalone_point_3187,abalone,regression,6,0.178668577290815,nominal,-0.449586061657688,-0.482480039063934,-0.705677179410735,-0.677507340280762,-0.551296913116287,-0.488929201500338,-0.781815893631381
abalone_point_2747,abalone,regression,8,0.577494421219303,nominal,-0.324682770700311,-0.432097060984683,0.0115619101501313,-0.777428011785112,-0.765296592823601,-0.80366930069608,-0.0598469806441342
abalone_point_2288,abalone,regression,7,0.511443967348182,nominal,-1.15737137708282,-1.0366927979357,-0.825217027670879,-1.01397490759133,-1.00407518281282,-0.967881526363424,-0.997329001985783
abalone_point_1772,abalone,regression,8,0.61532706894014,nominal,-0.574489352615065,-0.835160885618693,-0.107977938110013,-0.0178269886142912,0.185312510718363,-0.0829600880449602,-0.199930501074496
abalone_point_2593,abalone,regression,7,0.443373961365287,nominal,0.549640266001328,0.575562500600344,0.0115619101501313,0.443031618732301,0.496175203345829,0.751785392430704,0.173625553406468
abalone_point_0726,abalone,regression,17,0.246899736668086,anomaly,-0.283048340381185,-0.482480039063934,-0.705677179410735,-0.669350550770203,-0.89369640064799,-0.671387230019609,-0.314870825530177
abalone_point_1837,abalone,regression,6,0.083420082779977,nominal,-0.907564795168071,-0.986309819856447,-1.18383657245131,-1.11593477647332,-1.0581382597915,-1.08647924490095,-1.10508555616298
abalone_point_3730,abalone,regression,9,0.216803332056306,nominal,-0.116510619104682,-0.280948126746929,-0.107977938110013,-0.301275424106221,-0.0714871049304144,-0.352085680110885,-0.494465082492178
abalone_point_2510,abalone,regression,6,0.141113467710426,nominal,-0.907564795168071,-0.935926841777196,-1.18383657245131,-0.950759788884494,-0.830622810839518,-0.885775413529752,-1.04761539393514
abalone_point_0526,abalone,regression,4,0.150885357550494,nominal,-2.9060174504861,-2.85048000878875,-2.37923505505275,-1.64102810121556,-1.57624274750395,-1.59280027404193,-1.67978717844139
abalone_point_2606,abalone,regression,9,0.6601628379676,nominal,0.799446847916082,0.676328456758846,0.489721303190708,1.01094808840498,1.47381584537714,0.478098349651798,0.636978736368432
abalone_point_1437,abalone,regression,5,0.056011030334063,nominal,-1.07410251644457,-1.1374587540942,-1.18383657245131,-1.07311163154288,-0.974791016116025,-1.04086473777113,-1.16614760353006
abalone_point_1110,abalone,regression,9,0.409499139159353,nominal,-0.033241758466431,-0.0794162144299231,0.131101758410275,-0.106532074541622,-0.0309397971963972,0.0356376304925657,-0.386708528314977
abalone_point_2068,abalone,regression,9,0.133222919997496,nominal,0.133295962810072,0.122115697887082,-0.227517786370157,-0.159551206360256,0.0388916772344106,-0.119451693748814,-0.390300413454217
abalone_point_0979,abalone,regression,8,0.539817666109561,nominal,0.0916615324909462,0.222881654045585,0.0115619101501313,-0.228883917200009,-0.332791976994082,-0.192434905156523,-0.167603534821335
abalone_point_3097,abalone,regression,9,0.291449869821737,nominal,0.0500271021718205,-0.129799192509174,-0.58613733115059,-0.530685129090698,-0.497233836137597,-0.393138736527721,-0.559119014998499
abalone_point_3456,abalone,regression,9,0.683684687233197,nominal,0.63290912663958,0.676328456758846,0.370181454930564,0.631657376163981,0.642596036829781,0.446168194660925,0.511262756495031
abalone_point_2603,abalone,regression,8,0.628292428665992,nominal,0.757812417596957,0.625945478679595,0.370181454930564,0.757068014888828,0.671880203526571,1.27179077371063,0.38195489148239
abalone_point_4011,abalone,regression,9,0.447611559666358,nominal,0.716177987277831,0.676328456758846,0.250641606670419,0.63879456698572,1.1742162937869,0.514589955355652,0.0443176883938266
abalone_point_2207,abalone,regression,5,0.084236605873844,nominal,-1.94842555314621,-1.84282044720372,-1.54245611723174,-1.40448120540935,-1.38702197807854,-1.43314949908756,-1.42835521869459
abalone_point_3354,abalone,regression,8,0.674719073237898,nominal,-0.407951631338562,-0.432097060984683,0.0115619101501313,-0.763153630141633,-0.848643836499082,-0.57103531433401,-0.580670325833939
abalone_point_0637,abalone,regression,7,0.466922648785641,nominal,-1.19900580740195,-1.74205449104522,-0.944756875931023,-1.16385591484785,-1.14373813167443,-1.15490100559568,-1.14100440755538
abalone_point_2051,abalone,regression,8,0.404057266202113,nominal,-0.61612378293419,-0.583245995222437,-0.227517786370157,-0.740722458987596,-0.684201977355567,-0.694194483584518,-0.74589704223898
abalone_point_3056,abalone,regression,11,0.171728743157362,anomaly,0.716177987277831,0.877860369075852,0.489721303190708,0.530717105970811,0.493922575138384,0.158796799743074,1.04286175710256
abalone_point_2734,abalone,regression,7,0.206673788641132,nominal,-0.907564795168071,-0.73439492946019,-0.944756875931023,-0.959936177083873,-0.857654349328863,-1.03630328705815,-0.961410150593383
abalone_point_2080,abalone,regression,9,0.534294108506508,nominal,0.799446847916082,0.8274773909966,0.489721303190708,0.463423592508699,0.602048729095764,0.578450265337397,0.241871371052029
abalone_point_1472,abalone,regression,8,0.240970552293007,nominal,0.0500271021718205,-0.0794162144299231,-0.347057634630302,-0.145276824716778,0.174049369681135,-0.269979567277213,-0.458546231099778
abalone_point_3038,abalone,regression,9,0.591168589973907,nominal,0.299833684086575,0.42441356636259,0.131101758410275,0.133073617331053,0.131249433739673,0.263710166141654,0.180809323684948
abalone_point_1507,abalone,regression,9,0.6256654634393,nominal,0.965984569192585,1.07939228139286,1.56557993753201,1.4371403403317,1.37019494783465,1.4040728443871,1.17576150725444
abalone_point_0923,abalone,regression,6,0.075205836848083,nominal,-0.865930364848945,-0.935926841777196,-0.944756875931023,-0.98950453905965,-0.911717426307553,-0.922267019233606,-1.06916670477058
abalone_point_2205,abalone,regression,7,0.426706785713109,nominal,-0.865930364848945,-0.633628973301688,-0.825217027670879,-0.813113965893808,-0.830622810839518,-0.771739145705208,-0.781815893631381
abalone_point_0206,abalone,regression,9,0.717254752600792,nominal,-0.699392643572442,-0.684011951380939,0.0115619101501313,-0.707075702256539,-0.781064990275719,-0.657702877880664,-0.566302785276979
abalone_point_0857,abalone,regression,9,0.730611061943195,nominal,0.549640266001328,0.676328456758846,0.609261151450853,0.506246737439134,0.428596357122467,0.578450265337397,0.507670871355791
abalone_point_1232,abalone,regression,7,0.083364336941511,nominal,-1.32390909835933,-1.43975662256971,-1.30337642071146,-1.25561979684164,-1.19329595223823,-1.20051551272549,-1.28467981312499
abalone_point_3548,abalone,regression,9,0.346334716486434,nominal,-0.366317201019437,-0.532863017143185,-0.347057634630302,-0.682605333724862,-0.544539028493951,-0.885775413529752,-0.638140488061779
abalone_point_3946,abalone,regression,6,0.13439387490716,nominal,-2.40640428665659,-2.34665022799623,-1.78153581375203,-1.56455819955407,-1.52668492694015,-1.46507965407844,-1.57921439454267
abalone_point_3630,abalone,regression,6,0.285696988957822,nominal,-2.11496327442271,-2.04435235952073,-2.14015535853247,-1.51867625855717,-1.48388499099869,-1.47876400621738,-1.50737669175787
abalone_point_1195,abalone,regression,9,0.632378671959546,nominal,1.46559773302209,1.18015823755136,1.20696039275157,1.66756964400499,2.2306989230788,1.1531930551731,1.154210196419
abalone_point_1532,abalone,regression,5,0.205787175743807,nominal,-2.61457643825222,-2.39703320607548,-2.25969520679261,-1.59310696284103,-1.53344281156249,-1.54718576691211,-1.62231701621355
abalone_point_2674,abalone,regression,9,0.648946038915588,nominal,0.591274696320454,0.625945478679595,0.609261151450853,0.569461856145968,0.595290844473427,0.473536898938816,0.687265128317793
abalone_point_4152,abalone,regression,6,0.155165142165617,nominal,-1.4488123893167,-1.59090555680746,-1.54245611723174,-1.34432488276897,-1.24285377280203,-1.323674681976,-1.42117144841611
abalone_point_1237,abalone,regression,6,0.110010960481049,nominal,-1.24064023772108,-1.33899066641121,-1.18383657245131,-1.24542380995344,-1.20005383686057,-1.27806017484618,-1.17333137380854
abalone_point_1663,abalone,regression,9,0.568704822805598,nominal,0.674543556958705,0.474796544441841,0.131101758410275,0.303346598363975,0.489417318723493,-0.0282226794891791,0.259830796748229
abalone_point_2620,abalone,regression,8,0.62522605536994,nominal,1.38232887238384,1.33130717178911,1.08742054449143,1.79705867748512,1.86126789705775,1.86934081711124,1.39127461560884
abalone_point_3188,abalone,regression,8,0.265779619495455,nominal,-0.116510619104682,-0.230565148667677,-0.107977938110013,-0.401196095610571,-0.3485603744462,-0.324716975832994,-0.494465082492178
abalone_point_1666,abalone,regression,8,0.495209965526939,nominal,0.674543556958705,0.726711434838098,0.0115619101501313,0.330875762962112,0.514196229005393,0.491782701790743,0.00839883700142625
abalone_point_1888,abalone,regression,9,0.689391757442028,nominal,0.299833684086575,0.374030588283339,0.609261151450853,0.00664337991738622,-0.062476592100633,-0.0145383273502338,0.288565877862149
abalone_point_2547,abalone,regression,4,0.271616504913733,nominal,-2.48967314729485,-2.39703320607548,-1.66199596549189,-1.57475418644227,-1.51091652948803,-1.52893996406018,-1.60076570537811
abalone_point_2783,abalone,regression,8,0.591199052238397,nominal,0.63290912663958,0.726711434838098,-1.18383657245131,0.45118840824286,0.439859498159694,0.801961350273503,0.295749648140629
abalone_point_2001,abalone,regression,9,0.296116277460938,nominal,-1.40717795899758,-1.38937364449046,-0.825217027670879,-1.13734634893853,-0.97704364432347,-1.16858535773462,-1.1876989143655
abalone_point_0927,abalone,regression,7,0.31060329885007,nominal,-0.782661504210693,-0.835160885618693,-1.18383657245131,-0.823309952782007,-0.641402041414104,-0.85384525853888,-1.03324785337818
abalone_point_1271,abalone,regression,8,0.530915023320713,nominal,-0.449586061657688,-0.532863017143185,0.967880696231285,-0.711154097011819,-0.693212490185348,-0.689633032871536,-0.634548602922539
abalone_point_2678,abalone,regression,9,0.529792417431379,nominal,0.757812417596957,0.676328456758846,0.728800999710997,0.461384395131059,0.827311549840305,0.596696068189324,-0.0311118995302141
abalone_point_0403,abalone,regression,7,0.465725311676948,nominal,-0.741027073891568,-0.835160885618693,-0.705677179410735,-0.805976775072069,-0.817107041594846,-0.748931892140299,-0.602221636669379
abalone_point_3757,abalone,regression,9,0.251443660298286,nominal,-0.0748761887855567,-0.180182170588426,-0.466597482890446,-0.537822319912437,-0.560307425946069,-0.41594599009263,-0.429811149985858
abalone_point_3584,abalone,regression,9,0.660268204285264,nominal,0.841081278235208,0.928243347155103,0.848340847971141,0.905929423456532,0.921921934553012,1.10757854804328,0.971024054317755
abalone_point_2104,abalone,regression,9,0.269040737832499,nominal,-1.24064023772108,-1.18784173217345,-0.944756875931023,-1.12715036205034,-1.08967505469574,-1.13209375203077,-1.10508555616298
abalone_point_1716,abalone,regression,9,0.550561789564646,nominal,1.00761899951171,0.777094412917349,0.250641606670419,0.800910758508083,0.946700844834912,0.847575857403321,0.654938162064632
abalone_point_0148,abalone,regression,9,0.131377280378284,nominal,-2.03169441378446,-2.04435235952073,-1.4229162689716,-1.43099077131866,-1.38476934987109,-1.29174452698513,-1.41398767813763
abalone_point_2494,abalone,regression,8,0.141651625759218,nominal,-0.865930364848945,-0.986309819856447,-0.944756875931023,-1.10573878958512,-1.10093819573297,-0.977004427789387,-1.10508555616298
abalone_point_1247,abalone,regression,7,0.112976458417046,nominal,-1.1157369467637,-1.08707577601495,-1.06429672419117,-1.02417089447953,-0.86891749036609,-1.1229708506048,-1.07635047504906
abalone_point_3837,abalone,regression,9,0.230112745847738,nominal,-0.949199225487196,-0.835160885618693,-0.944756875931023,-0.965034170527972,-0.961275246871352,-0.990688779928333,-0.961410150593383
abalone_point_1432,abalone,regression,7,0.45263707080995,nominal,-1.32390909835933,-1.43975662256971,-0.107977938110013,-1.2382866191317,-1.14599075988188,-1.21876131557742,-1.28108792798575
abalone_point_1238,abalone,regression,6,0.157359772567723,nominal,-1.24064023772108,-1.33899066641121,-1.06429672419117,-1.18730668469071,-1.12346447780742,-1.26893727342022,-1.15896383325158
abalone_point_1661,abalone,regression,9,0.440935704969903,nominal,0.63290912663958,0.625945478679595,0.609261151450853,0.469541184641618,0.651606549659563,0.551081561059506,0.259830796748229
abalone_point_2775,abalone,regression,9,0.590152731851032,nominal,0.466371405363077,0.172498675966333,0.250641606670419,0.0311137484490637,0.0231232797822927,0.0401990812055475,0.227503830495068
abalone_point_1105,abalone,regression,8,0.226010493390724,nominal,-0.116510619104682,-0.0290332363506717,-0.347057634630302,-0.304334220172681,-0.0579713356857422,-0.374892933675794,-0.408259839150417
abalone_point_3213,abalone,regression,14,0.225359710500534,anomaly,0.508005835682202,0.525179522521093,0.728800999710997,0.519501520393792,0.068175843931201,1.32652818226641,0.619019310672232
abalone_point_1150,abalone,regression,9,0.637534930717052,nominal,0.466371405363077,0.42441356636259,0.370181454930564,0.206484722926086,0.115481036287555,0.596696068189324,0.187993093963428
abalone_point_3115,abalone,regression,7,0.091071491143493,nominal,-0.699392643572442,-0.684011951380939,-0.944756875931023,-0.917113032153437,-0.841885951876746,-0.904021216381679,-0.990145231707303
abalone_point_1066,abalone,regression,6,0.387774722499736,nominal,-1.74025340155058,-1.74205449104522,-2.02061551027232,-1.38205003425531,-1.32620101647751,-1.40121934409669,-1.43553898897307
abalone_point_2283,abalone,regression,10,0.241680819957814,anomaly,-0.24141391006206,-0.230565148667677,-0.227517786370157,-0.281903049018644,-0.21115005379203,-0.0145383273502338,-0.458546231099778
abalone_point_0999,abalone,regression,8,0.354551398117284,nominal,0.549640266001328,0.474796544441841,0.131101758410275,0.477697974152177,0.703416998430807,0.583011716050378,0.080236539786227
abalone_point_0098,abalone,regression,8,0.58298221698224,nominal,-0.449586061657688,-0.33133110482618,-0.227517786370157,-0.623468609773308,-0.654917810658776,-0.44331469437052,-0.67405933945418
abalone_point_3164,abalone,regression,9,0.611318996565346,nominal,0.216564823448323,0.323647610204087,-0.347057634630302,-0.129982844384479,-0.132308066531441,0.291078870419545,0.0443176883938266
abalone_point_0244,abalone,regression,8,0.098652247034264,nominal,-1.86515669250796,-1.79243746912447,-1.4229162689716,-1.42997117262984,-1.42306402939766,-1.40578079480967,-1.42835521869459
abalone_point_3945,abalone,regression,20,0.176398415081442,anomaly,0.216564823448323,0.323647610204087,0.489721303190708,0.330875762962112,-0.0512134510634059,-0.114890243035833,0.978207824596235
abalone_point_3467,abalone,regression,9,0.64125146148927,nominal,0.965984569192585,0.928243347155103,0.728800999710997,1.27604374749815,1.2733319349145,1.61389957718426,0.827348648748154
abalone_point_0236,abalone,regression,9,0.075731575122866,nominal,-1.90679112282709,-1.84282044720372,-1.4229162689716,-1.43710836345158,-1.40053774732321,-1.35560483696687,-1.42835521869459
abalone_point_2010,abalone,regression,8,0.195198354785571,nominal,-0.782661504210693,-0.885543863697944,-0.705677179410735,-0.940563801996295,-0.8644122339512,-0.717001737149426,-0.961410150593383
abalone_point_0237,abalone,regression,1,0.594222589019528,nominal,-3.73870605686862,-3.55584170189826,-3.09647414461362,-1.68589044352364,-1.61453742703052,-1.64297623188473,-1.70493037441607
abalone_point_3567,abalone,regression,9,0.537643393805658,nominal,0.424736975043951,0.42441356636259,0.370181454930564,0.116760038309935,0.00510225412272942,0.2773945182806,0.134114816874827
abalone_point_1868,abalone,regression,9,0.317539264336822,nominal,0.00839267185269475,0.0717327198078305,-0.466597482890446,-0.474607201205603,-0.355318259068536,-0.552789511482083,-0.498056967631418
abalone_point_3846,abalone,regression,11,0.582870821528446,anomaly,-0.574489352615065,-0.583245995222437,-0.825217027670879,-0.841662729180765,-0.886938516025654,-0.762616244279244,-0.67405933945418
abalone_point_1452,abalone,regression,8,0.122617271335408,nominal,-0.532854922295939,-0.532863017143185,-0.705677179410735,-0.800878781627969,-0.729254541504475,-0.771739145705208,-0.817734745023781
abalone_point_3461,abalone,regression,9,0.62006211525843,nominal,0.799446847916082,0.777094412917349,0.609261151450853,0.619422191898142,0.739459049749934,0.63774912460616,0.313709073836829
abalone_point_3640,abalone,regression,8,0.15594725000422,nominal,-0.699392643572442,-0.885543863697944,-1.06429672419117,-1.02213169710189,-0.945506849419234,-1.10928649846586,-0.997329001985783
abalone_point_1101,abalone,regression,9,0.373731242917839,nominal,-0.199779479742934,-0.33133110482618,-0.466597482890446,-0.584723859598152,-0.650412554243885,-0.589281117185937,-0.494465082492178
abalone_point_2679,abalone,regression,7,0.587870633369948,nominal,0.757812417596957,0.42441356636259,0.250641606670419,0.752989620133548,1.5661736018824,0.263710166141654,0.083828424925467
abalone_point_0713,abalone,regression,7,0.176120130927881,nominal,-2.03169441378446,-2.04435235952073,-2.02061551027232,-1.4585199359168,-1.41630614477533,-1.39665789338371,-1.47504972550471
abalone_point_3802,abalone,regression,3,0.13765083783355,nominal,-2.65621086857135,-2.54818214031324,-2.25969520679261,-1.58902856808575,-1.51316915769548,-1.54718576691211,-1.61513324593507
abalone_point_1262,abalone,regression,9,0.088731645236745,nominal,-0.61612378293419,-0.784777907539442,-0.825217027670879,-0.776408413096292,-0.681949349148121,-0.835599455686953,-0.853653596416181
abalone_point_2048,abalone,regression,6,0.185944175651333,nominal,-0.865930364848945,-0.935926841777196,-0.58613733115059,-0.966053769216792,-0.765296592823601,-1.05454908991008,-1.09071801560602
abalone_point_3618,abalone,regression,9,0.505917127338586,nominal,0.799446847916082,0.525179522521093,0.489721303190708,0.248288269167701,0.595290844473427,0.177042602595001,-0.0778064063403344
abalone_point_3434,abalone,regression,6,0.231377873338301,nominal,-1.32390909835933,-1.38937364449046,-0.825217027670879,-1.25052180339754,-1.2068117214829,-1.21419986486444,-1.26312850228955
abalone_point_1870,abalone,regression,9,0.541167905857949,nominal,0.00839267185269475,-0.0794162144299231,0.131101758410275,-0.447078036607466,-0.501739092552488,-0.196996355869505,-0.458546231099778
abalone_point_2154,abalone,regression,5,0.124547308015348,nominal,-2.03169441378446,-2.09473533759998,-1.54245611723174,-1.44016715951804,-1.37350620883386,-1.54262431619913,-1.46427407008699
abalone_point_1322,abalone,regression,9,0.443139307782792,nominal,0.299833684086575,0.172498675966333,0.131101758410275,-0.287001042462743,-0.224665823036703,-0.456999046509465,-0.160419764542855
abalone_point_0710,abalone,regression,7,0.202380746417257,nominal,-1.90679112282709,-1.84282044720372,-1.18383657245131,-1.46463752804972,-1.43657979864233,-1.4240265976616,-1.48582538092243
abalone_point_3969,abalone,regression,6,0.123787566862583,nominal,-1.24064023772108,-1.18784173217345,-1.06429672419117,-1.10369959220748,-1.06489614441384,-1.09560214632691,-1.14100440755538
abalone_point_2567,abalone,regression,7,0.3256896614579,nominal,-0.574489352615065,-0.583245995222437,-0.466597482890446,-0.761114432763993,-0.742770310749147,-0.694194483584518,-0.72793761654278
abalone_point_0302,abalone,regression,13,0.150837295457223,anomaly,0.133295962810072,0.273264632124836,0.848340847971141,0.128995222575774,-0.168350117850567,-0.0601528344800515,0.690857013457033
abalone_point_1156,abalone,regression,8,0.538292367419521,nominal,0.63290912663958,0.575562500600344,0.250641606670419,0.558246270568949,0.838574690877532,0.74266249100474,0.080236539786227
abalone_point_3488,abalone,regression,8,0.186970266723193,nominal,-0.116510619104682,-0.0290332363506717,-0.227517786370157,-0.468489609072684,-0.238181592281375,-0.593842567898919,-0.6489161434795
abalone_point_1332,abalone,regression,10,0.351122466129545,anomaly,0.383102544724825,0.273264632124836,0.728800999710997,0.0902504724006176,0.101965267042882,0.0219532783536204,0.227503830495068
abalone_point_2843,abalone,regression,9,0.671919799955671,nominal,0.63290912663958,0.676328456758846,0.848340847971141,0.573540250901247,0.680890716356353,0.687925082448959,0.331668499533029
abalone_point_0180,abalone,regression,11,0.188758869032039,anomaly,0.466371405363077,0.676328456758846,0.250641606670419,0.288052618031677,0.115481036287555,0.327570476123399,0.798613567634233
abalone_point_3728,abalone,regression,7,0.44879339537461,nominal,-0.158145049423808,-0.0794162144299231,0.250641606670419,-0.109590870608082,-0.0669818485155238,-0.215242158721432,-0.386708528314977
abalone_point_0205,abalone,regression,8,0.238159794429018,nominal,-0.865930364848945,-0.73439492946019,-0.58613733115059,-0.937505005929835,-0.848643836499082,-0.999811681354296,-0.853653596416181
abalone_point_3367,abalone,regression,5,0.072677524262441,nominal,-2.03169441378446,-1.99396938144147,-1.78153581375203,-1.50542147560252,-1.46135870892423,-1.46507965407844,-1.50019292147939
abalone_point_0957,abalone,regression,7,0.24318607669989,nominal,-0.24141391006206,-0.0794162144299231,-0.107977938110013,-0.446058437918646,-0.393612938595108,-0.33840132797194,-0.68124310973266
abalone_point_0210,abalone,regression,7,0.138753940387072,nominal,-1.2822746680402,-1.28860768833195,-1.06429672419117,-1.14856193451555,-1.06940140082873,-1.1731468084476,-1.14100440755538
abalone_point_1833,abalone,regression,8,0.418632027948904,nominal,-1.1157369467637,-0.986309819856447,-0.825217027670879,-1.14652273713791,-1.08516979828085,-1.16858535773462,-1.1338206372769
abalone_point_0900,abalone,regression,5,0.162202561351084,nominal,-1.90679112282709,-1.79243746912447,-1.4229162689716,-1.35859926441245,-1.32620101647751,-1.19139261129953,-1.43913087411231
abalone_point_3973,abalone,regression,8,0.284177549484247,nominal,-0.907564795168071,-0.935926841777196,-0.466597482890446,-0.871231091156542,-0.722496656882139,-0.85384525853888,-1.01888031282122
abalone_point_4001,abalone,regression,7,0.416487848709252,nominal,-0.574489352615065,-0.583245995222437,-0.107977938110013,-0.595939445175171,-0.332791976994082,-0.867529610677825,-0.763856467935181
abalone_point_3436,abalone,regression,7,0.097525609080531,nominal,-1.24064023772108,-1.2382247102527,-1.18383657245131,-1.16589511222549,-1.14824338808932,-1.08191779418797,-1.17692325894778
abalone_point_0149,abalone,regression,5,0.267400661152248,nominal,-2.9060174504861,-2.80009703070949,-2.02061551027232,-1.62573412088326,-1.57173749108906,-1.58823882332894,-1.62590890135279
abalone_point_1618,abalone,regression,8,0.299313470266657,nominal,0.258199253767449,0.273264632124836,0.0115619101501313,-0.129982844384479,0.158280972229018,-0.279102468703177,-0.235849352466896
abalone_point_0430,abalone,regression,18,0.168605331301328,anomaly,0.424736975043951,0.42441356636259,0.728800999710997,0.446090414798761,0.0816916131758735,-0.0920829894709237,1.05004552738104
abalone_point_4072,abalone,regression,8,0.290962060764942,nominal,-0.324682770700311,-0.33133110482618,-0.705677179410735,-0.743781255054055,-0.711233515844912,-0.826476554260989,-0.64532425834026
abalone_point_0951,abalone,regression,6,0.403712101352384,nominal,-0.366317201019437,-0.230565148667677,0.131101758410275,-0.384882516589453,-0.301255182089847,-0.36577003224983,-0.584262210973179
abalone_point_1961,abalone,regression,10,0.189279963591668,anomaly,1.04925342983084,1.02900930331361,1.08742054449143,1.11392755597579,0.773248472861615,1.85565646497229,1.14702642614052
abalone_point_3541,abalone,regression,8,0.44496303000627,nominal,-0.657758213253316,-0.532863017143185,-1.06429672419117,-0.952798986262133,-0.981548900738361,-0.93138992065957,-0.853653596416181
abalone_point_2980,abalone,regression,8,0.520257383016456,nominal,-0.283048340381185,-0.532863017143185,0.370181454930564,0.310483789185715,0.475901549478821,0.190726954733946,0.083828424925467
abalone_point_2120,abalone,regression,9,0.49225757823897,nominal,-0.574489352615065,-0.381714082905431,-0.347057634630302,-0.806996373760889,-0.713486144052357,-0.49349065221332,-0.67405933945418
abalone_point_3019,abalone,regression,9,0.160406700244693,nominal,-0.699392643572442,-0.885543863697944,-0.825217027670879,-0.899779854443499,-0.828370182632073,-0.972442977076406,-0.853653596416181
abalone_point_0898,abalone,regression,6,0.085535284150478,nominal,-2.15659770474184,-2.14511831567923,-1.90107566201218,-1.50236267953606,-1.46361133713168,-1.41946514694862,-1.53970365801103
abalone_point_1489,abalone,regression,9,0.598793112445626,nominal,0.63290912663958,0.575562500600344,1.44604008927186,0.877380660169575,1.26657405029216,0.163358250456055,0.848899959583594
abalone_point_2064,abalone,regression,8,0.421381178833977,nominal,0.00839267185269475,-0.230565148667677,-0.944756875931023,-0.646919379616166,-0.51074960538227,-0.730686089288372,-0.67046745431494
abalone_point_2564,abalone,regression,7,0.211769962420818,nominal,-0.699392643572442,-0.532863017143185,-0.466597482890446,-0.680566136347222,-0.578328451605632,-0.644018525741718,-0.817734745023781
abalone_point_0998,abalone,regression,8,0.628011788953502,nominal,0.549640266001328,0.625945478679595,0.489721303190708,0.769303199154666,0.538975139287292,0.564765913198451,0.504078986216551
abalone_point_1849,abalone,regression,9,0.272158077229823,nominal,-0.407951631338562,-0.684011951380939,-0.825217027670879,-0.765192827519273,-0.704475631222575,-0.917705568520624,-0.66328368403646
abalone_point_3633,abalone,regression,5,0.063798850677755,nominal,-1.86515669250796,-1.84282044720372,-1.54245611723174,-1.41569679098636,-1.36224306779664,-1.39209644267073,-1.39962013758067
abalone_point_1964,abalone,regression,9,0.681467435550946,nominal,1.09088786014996,1.12977525947211,0.728800999710997,0.64389256042982,0.768743216446724,0.386869335392162,0.784246027077273
abalone_point_0522,abalone,regression,5,0.126527239621044,nominal,-1.36554352867845,-1.38937364449046,-1.18383657245131,-1.30558013259382,-1.23834851638714,-1.29630597769811,-1.32059866451739
abalone_point_2542,abalone,regression,9,0.597014519624478,nominal,1.38232887238384,1.43207312794762,0.967880696231285,1.69305961122549,2.30728828213194,0.774592645995613,1.4415610075582
abalone_point_2589,abalone,regression,8,0.351802421445367,nominal,0.383102544724825,0.273264632124836,0.0115619101501313,0.0606821104248407,0.140259946569454,0.140550996891147,-0.0670307509226143
abalone_point_0139,abalone,regression,9,0.584652405008018,nominal,-0.990833655806321,-0.835160885618693,-0.705677179410735,-0.965034170527972,-0.938748964796898,-1.072794892762,-0.875204907251622
abalone_point_1391,abalone,regression,9,0.645165469775588,nominal,0.92435013887346,0.928243347155103,0.609261151450853,1.28623973438635,1.55716308905262,0.765469744569649,1.08596437877344
abalone_point_0555,abalone,regression,9,0.281967292982727,nominal,-0.324682770700311,-0.180182170588426,-0.347057634630302,-0.484803188093802,-0.326034092371746,-0.361208581536848,-0.853653596416181
abalone_point_2869,abalone,regression,7,0.200917494862712,nominal,-1.57371568027408,-1.49013960064896,-1.18383657245131,-1.2892665535727,-1.22483274714247,-1.2734987241332,-1.31341489423891
abalone_point_2527,abalone,regression,9,0.542570381296256,nominal,0.549640266001328,0.726711434838098,0.489721303190708,0.883498252302495,0.942195588420021,0.838452955977358,0.690857013457033
abalone_point_3944,abalone,regression,14,0.175498514567778,anomaly,0.216564823448323,0.42441356636259,0.848340847971141,0.55008948105839,0.0771863567609827,0.313886123984454,1.15780208155824
abalone_point_1403,abalone,regression,9,0.666602625543926,nominal,1.04925342983084,1.02900930331361,1.20696039275157,1.45447351804164,1.60446828140897,1.75986599999968,0.978207824596235
abalone_point_1873,abalone,regression,9,0.21761288891809,nominal,0.0500271021718205,-0.129799192509174,-0.227517786370157,-0.517430346136039,-0.506244348967379,-0.5984040186119,-0.401076068871937
abalone_point_3594,abalone,regression,8,0.596461497497026,nominal,1.09088786014996,1.23054121563061,0.609261151450853,0.92734099592175,1.00752180643594,-0.502613553639283,1.15780208155824
abalone_point_1122,abalone,regression,9,0.442741727023409,nominal,0.174930393129198,0.0213497417285791,-0.466597482890446,-0.0728853178105653,0.336238600617205,-0.36577003224983,-0.350789676922577
abalone_point_0948,abalone,regression,9,0.319565436828089,nominal,-0.407951631338562,-0.381714082905431,-0.347057634630302,-0.594919846486351,-0.61887575933965,-0.539105159343137,-0.638140488061779
abalone_point_4075,abalone,regression,8,0.235707653836665,nominal,-0.033241758466431,-0.0794162144299231,0.0115619101501313,-0.421588069386969,-0.366581400105763,-0.320155525120012,-0.501648852770658
abalone_point_0987,abalone,regression,8,0.550967521265037,nominal,0.383102544724825,0.474796544441841,0.250641606670419,0.567422658768328,0.813795780595633,0.678802181022995,0.223911945355828
abalone_point_1249,abalone,regression,8,0.095456499426776,nominal,-1.07410251644457,-1.1374587540942,-1.06429672419117,-1.13428755287207,-1.10093819573297,-1.07735634347499,-1.10508555616298
abalone_point_2073,abalone,regression,8,0.535833367492253,nominal,0.466371405363077,0.42441356636259,-0.466597482890446,0.0810740842012386,0.264154497978952,-0.301909722268085,0.155666127710268
abalone_point_1263,abalone,regression,8,0.204406688622052,nominal,-0.574489352615065,-0.633628973301688,-0.825217027670879,-0.873270288534182,-0.880180631403317,-0.95875862493746,-0.810550974745301
abalone_point_0837,abalone,regression,8,0.373781999133796,nominal,-0.449586061657688,-0.33133110482618,-0.466597482890446,-0.50621476055902,-0.420644477084453,-0.794546399270117,-0.501648852770658
abalone_point_3806,abalone,regression,9,0.201728316056992,nominal,-0.824295934529819,-1.0366927979357,-0.705677179410735,-0.957896979706233,-0.8396333236693,-0.849283807825898,-1.01528842768198
abalone_point_2371,abalone,regression,8,0.200280663353477,nominal,-0.865930364848945,-0.835160885618693,-0.58613733115059,-0.968092966594432,-0.886938516025654,-1.06367199133604,-0.961410150593383
abalone_point_3645,abalone,regression,7,0.238626109258728,nominal,-0.407951631338562,-0.432097060984683,-0.825217027670879,-0.838603933114305,-0.877928003195872,-0.744370441427317,-0.803367204466821
abalone_point_2058,abalone,regression,8,0.38089093640883,nominal,-0.366317201019437,-0.583245995222437,-0.107977938110013,-0.575547471398773,-0.386855053972772,-0.739808990714335,-0.580670325833939
abalone_point_2005,abalone,regression,7,0.064711547030766,nominal,-1.24064023772108,-1.33899066641121,-1.30337642071146,-1.24134541519816,-1.12796973422231,-1.19139261129953,-1.28108792798575
abalone_point_0055,abalone,regression,7,0.338444596492169,nominal,-0.990833655806321,-0.986309819856447,-0.944756875931023,-0.904877847887598,-0.8396333236693,-0.812792202122044,-0.925491299200982
abalone_point_1718,abalone,regression,9,0.575204250857577,nominal,1.04925342983084,0.877860369075852,0.370181454930564,1.03643805562548,1.15169001171244,1.26722932299764,0.690857013457033
abalone_point_2891,abalone,regression,8,0.553537186472919,nominal,-0.033241758466431,0.575562500600344,0.250641606670419,0.248288269167701,0.435354241744803,0.167919701169037,0.116155391178627
abalone_point_3505,abalone,regression,10,0.285532989770501,anomaly,0.799446847916082,1.02900930331361,0.967880696231285,0.824361528350941,1.04806911416996,0.852137308116303,0.597467999836792
abalone_point_1644,abalone,regression,8,0.459060087122528,nominal,0.466371405363077,0.273264632124836,0.250641606670419,0.0107217746726658,0.30920706212786,-0.265418116564231,-0.0634388657833743
abalone_point_3124,abalone,regression,9,0.601446334401012,nominal,0.424736975043951,0.42441356636259,-0.107977938110013,0.189151545216147,-0.024181912574061,0.259148715428672,-0.016744358973254
abalone_point_0534,abalone,regression,9,0.0725134105429029,nominal,-0.741027073891568,-0.73439492946019,-0.705677179410735,-0.915073834775797,-0.855401721121418,-0.862968159964843,-0.925491299200982
abalone_point_3999,abalone,regression,6,0.11453544785649,nominal,-1.24064023772108,-1.28860768833195,-1.4229162689716,-1.23420822437642,-1.10093819573297,-1.25525292128128,-1.32059866451739
abalone_point_2076,abalone,regression,9,0.505357328894624,nominal,0.591274696320454,0.575562500600344,0.250641606670419,0.184053551772048,0.33398597240976,-0.0373455809151427,0.166441783127988
abalone_point_0049,abalone,regression,6,0.148150160897961,nominal,-1.65698454091233,-1.64128853488671,-1.66199596549189,-1.36165806047891,-1.27889582412116,-1.41490369623564,-1.39243636730219
abalone_point_1852,abalone,regression,9,0.266663016021024,nominal,-0.324682770700311,-0.381714082905431,-0.58613733115059,-0.758055636697534,-0.769801849238492,-0.767177694992226,-0.638140488061779
abalone_point_1264,abalone,regression,8,0.29986879146942,nominal,-0.574489352615065,-0.432097060984683,-0.58613733115059,-0.812094367204988,-0.790075503105501,-0.662264328593645,-0.821326630163021
abalone_point_4154,abalone,regression,8,0.140716563609326,nominal,-0.782661504210693,-0.935926841777196,-0.58613733115059,-0.906917045265238,-0.769801849238492,-0.995250230641315,-0.925491299200982
abalone_point_1595,abalone,regression,7,0.308976431625834,nominal,0.00839267185269475,-0.0794162144299231,0.0115619101501313,-0.356333753302496,-0.244939476903711,-0.187873454443541,-0.501648852770658
abalone_point_0721,abalone,regression,3,0.222940242508825,nominal,-3.03092074144348,-3.0016289430265,-2.73785459983319,-1.6532632854814,-1.58975851674862,-1.59736172475491,-1.67978717844139
abalone_point_1624,abalone,regression,9,0.557021738331528,nominal,0.3414681144057,0.323647610204087,0.250641606670419,0.0698584986242197,0.340743857032096,-0.28822537012914,0.223911945355828
abalone_point_2809,abalone,regression,9,0.612421654335188,nominal,1.50723216334122,1.33130717178911,1.56557993753201,1.89290095423419,2.10455174346185,2.15671221202909,1.59601206854552
abalone_point_2582,abalone,regression,6,0.596472053923812,nominal,0.0500271021718205,0.122115697887082,0.728800999710997,-0.00151340959317294,0.228112446659825,0.250025814002709,-0.634548602922539
abalone_point_2886,abalone,regression,8,0.359207062066289,nominal,-0.158145049423808,-0.0794162144299231,-0.347057634630302,-0.546998708111816,-0.603107361887532,-0.33840132797194,-0.494465082492178
abalone_point_0325,abalone,regression,7,0.236600133611153,nominal,-1.57371568027408,-1.43975662256971,-0.825217027670879,-1.23726702044288,-1.19780120865312,-1.13665520274375,-1.17692325894778
abalone_point_2837,abalone,regression,9,0.506124559192425,nominal,0.466371405363077,0.374030588283339,0.489721303190708,0.316601381318634,0.588532959851091,0.186165504020964,0.223911945355828
abalone_point_2803,abalone,regression,9,0.551196050213512,nominal,1.04925342983084,1.12977525947211,0.370181454930564,1.09965317433231,1.16745840916456,0.979857928079792,0.906370121811434
abalone_point_1431,abalone,regression,4,0.178959020748332,nominal,-2.44803871697572,-2.44741618415474,-1.90107566201218,-1.58495017333047,-1.53344281156249,-1.51525561192124,-1.45709029980851
abalone_point_0306,abalone,regression,4,0.244559210020982,nominal,-2.69784529889047,-2.64894809647174,-1.90107566201218,-1.61451853530624,-1.56272697825928,-1.56087011905105,-1.63668455677051
abalone_point_4066,abalone,regression,6,0.101050441336765,nominal,-1.2822746680402,-1.33899066641121,-1.4229162689716,-1.21585544797767,-1.20005383686057,-1.13665520274375,-1.19847456978322
abalone_point_0963,abalone,regression,8,0.366935178039504,nominal,-0.158145049423808,-0.180182170588426,0.250641606670419,-0.293118634595662,0.0118601387450657,-0.452437595796484,-0.595037866390899
abalone_point_2171,abalone,regression,7,0.060409133430102,nominal,-1.99005998346534,-1.99396938144147,-1.54245611723174,-1.4483239490286,-1.37125358062642,-1.38753499195775,-1.42835521869459
abalone_point_3909,abalone,regression,9,0.658435149367763,nominal,-0.574489352615065,-0.432097060984683,-0.107977938110013,-0.79068279473977,-0.936496336589453,-0.584719666472955,-0.67405933945418
abalone_point_1002,abalone,regression,9,0.524851548107784,nominal,0.591274696320454,0.676328456758846,0.609261151450853,0.783577580798145,1.17872155020179,0.573888814624415,0.252647026469749
abalone_point_1080,abalone,regression,7,0.140067045601481,nominal,-0.824295934529819,-0.835160885618693,-0.58613733115059,-0.938524604618655,-0.889191144233099,-0.858406709251861,-0.965002035732623
abalone_point_3142,abalone,regression,5,0.564655586365763,nominal,-2.86438302016698,-2.74971405263024,-1.4229162689716,-1.6226753248168,-1.5537164654295,-1.58367737261596,-1.64386832704899
abalone_point_3328,abalone,regression,16,0.211222616162083,anomaly,0.92435013887346,0.726711434838098,1.44604008927186,1.09455518088821,1.1989952040688,0.719855237439831,1.33739633852024
abalone_point_3719,abalone,regression,7,0.586723425240863,nominal,-1.36554352867845,-1.59090555680746,-0.58613733115059,-0.741742057676415,-0.67293883631834,-0.685071582158554,-0.796183434188341
abalone_point_1095,abalone,regression,6,0.31639910231953,nominal,-0.449586061657688,-0.280948126746929,-0.347057634630302,-0.70197770881244,-0.668433579903449,-0.666825779306627,-0.69561065028962
abalone_point_1539,abalone,regression,6,0.16493660730488,nominal,-1.40717795899758,-1.38937364449046,-1.54245611723174,-1.32801130374785,-1.26312742666904,-1.36016628767986,-1.32778243479587
abalone_point_1603,abalone,regression,9,0.573630984850561,nominal,0.133295962810072,0.172498675966333,0.0115619101501313,-0.176884384070195,-0.177360630680349,-0.374892933675794,0.080236539786227
abalone_point_2111,abalone,regression,5,0.524752993795345,nominal,-1.65698454091233,-1.59090555680746,-2.02061551027232,-1.35146207359071,-1.27664319591371,-1.18226970987357,-1.39243636730219
abalone_point_2485,abalone,regression,14,0.215596207614834,anomaly,-0.532854922295939,-0.482480039063934,-0.107977938110013,-0.445038839229826,-0.738265054334256,-0.671387230019609,-0.0275200143909741
abalone_point_3119,abalone,regression,8,0.503423235756506,nominal,-0.116510619104682,0.0717327198078305,0.131101758410275,-0.158531607671436,-0.134560694738886,0.0265147290666022,-0.257400663302336
abalone_point_1925,abalone,regression,8,0.490337653657938,nominal,0.716177987277831,0.525179522521093,0.370181454930564,0.26154305212236,0.297943921090633,0.154235349030092,0.187993093963428
abalone_point_1869,abalone,regression,8,0.710747859147495,nominal,0.00839267185269475,-0.0290332363506717,0.131101758410275,-0.269667864752805,-0.247192105111157,-0.247172313712304,-0.207114271352976
abalone_point_2344,abalone,regression,6,0.301989403632544,nominal,-2.94765188080523,-2.85048000878875,-2.02061551027232,-1.64204769990438,-1.5784953757114,-1.59736172475491,-1.65823586760595
abalone_point_3086,abalone,regression,6,0.0868675311607841,nominal,-2.23986656538009,-2.24588427183773,-1.90107566201218,-1.50134308084724,-1.44333768326467,-1.45595675265247,-1.53611177287179
abalone_point_0936,abalone,regression,7,0.106989867471365,nominal,-0.61612378293419,-0.633628973301688,-0.705677179410735,-0.731546070788217,-0.558054797738624,-0.867529610677825,-0.900348103226302
abalone_point_1694,abalone,regression,9,0.61618125561264,nominal,0.841081278235208,0.777094412917349,0.250641606670419,0.438953223977021,0.354259626276768,0.966173575940847,0.281382107583669
abalone_point_2950,abalone,regression,11,0.204624562513299,anomaly,0.92435013887346,1.07939228139286,0.489721303190708,0.772361995221126,0.807037895973296,0.925120519524011,0.762694716241833
abalone_point_3656,abalone,regression,9,0.334970327873397,nominal,0.0500271021718205,0.0213497417285791,-0.347057634630302,-0.12182605487392,-0.0602239638931876,-0.0692757359060151,-0.171195419960575
abalone_point_3823,abalone,regression,9,0.732301456550836,nominal,0.674543556958705,0.726711434838098,0.848340847971141,0.692833297493175,0.550238280324519,0.455291096086889,0.841716189305114
abalone_point_2661,abalone,regression,8,0.34492947091421,nominal,0.258199253767449,0.172498675966333,-0.227517786370157,-0.368568937568334,-0.341802489823864,-0.434191792944557,-0.203522386213736
abalone_point_2240,abalone,regression,8,0.484200069283063,nominal,-0.532854922295939,-0.482480039063934,-0.58613733115059,-0.720330485211198,-0.670686208110894,-0.689633032871536,-0.566302785276979
abalone_point_0226,abalone,regression,9,0.47529414762325,nominal,-0.199779479742934,-0.381714082905431,-0.107977938110013,-0.772330018341012,-0.846391208291636,-0.685071582158554,-0.602221636669379
abalone_point_1992,abalone,regression,6,0.13986968049853,nominal,-1.99005998346534,-1.94358640336222,-1.90107566201218,-1.4993038834696,-1.4793797345838,-1.43771094980055,-1.50019292147939
abalone_point_1923,abalone,regression,8,0.545958189755074,nominal,0.716177987277831,0.726711434838098,0.0115619101501313,0.412443658067704,0.352006998069323,0.738101040291759,0.223911945355828
abalone_point_2866,abalone,regression,4,0.095241456808085,nominal,-1.74025340155058,-1.74205449104522,-1.54245611723174,-1.4279319752522,-1.38927460628598,-1.39209644267073,-1.42476333355535
abalone_point_1845,abalone,regression,7,0.503845798862768,nominal,-0.741027073891568,-0.633628973301688,-0.466597482890446,-1.03436688136772,-1.03335934950961,-1.13665520274375,-0.864429251833902
abalone_point_3616,abalone,regression,9,0.614734127114811,nominal,0.757812417596957,0.676328456758846,1.20696039275157,1.23322060256772,1.67655238404723,1.13494725232117,0.644162506646912
abalone_point_3900,abalone,regression,4,0.24105954299627,nominal,-3.19745846271998,-3.05201192110575,-2.4987749033129,-1.66040047630314,-1.59651640137096,-1.61560752760684,-1.67978717844139
abalone_point_2728,abalone,regression,7,0.28470887912715,nominal,-0.990833655806321,-1.0366927979357,-0.944756875931023,-1.13734634893853,-1.18428543940845,-1.09104069561393,-1.0619829344921
abalone_point_0873,abalone,regression,9,0.64560369533178,nominal,0.799446847916082,0.928243347155103,0.609261151450853,0.975262134296285,1.24404776821771,0.674240730310014,0.547181607887431
abalone_point_2167,abalone,regression,6,0.110068170505493,nominal,-1.19900580740195,-1.28860768833195,-1.30337642071146,-1.13224835549443,-1.10093819573297,-1.09104069561393,-1.10508555616298
abalone_point_3586,abalone,regression,9,0.628895342119676,nominal,0.841081278235208,0.777094412917349,0.489721303190708,0.784597179486965,1.2237741143507,0.391430786105144,0.45379259426719
abalone_point_3573,abalone,regression,9,0.630302622631618,nominal,0.508005835682202,0.525179522521093,0.609261151450853,0.467501987263978,0.570511934191528,0.633187673893178,0.39632243203935
abalone_point_2382,abalone,regression,5,0.225094984804145,nominal,-3.07255517176261,-2.95124596494725,-2.73785459983319,-1.64102810121556,-1.5784953757114,-1.60192317546789,-1.66182775274519
abalone_point_1082,abalone,regression,6,0.084053921708514,nominal,-0.741027073891568,-0.784777907539442,-0.705677179410735,-0.847780321313684,-0.693212490185348,-0.771739145705208,-1.0260640830997
abalone_point_1830,abalone,regression,6,0.119055009757394,nominal,-1.32390909835933,-1.38937364449046,-1.30337642071146,-1.28824695488388,-1.25186428563181,-1.35104338625389,-1.24876096173258
abalone_point_0703,abalone,regression,9,0.187862051946138,nominal,-0.657758213253316,-0.784777907539442,-0.825217027670879,-0.767232024896913,-0.808096528765064,-0.707878835723463,-0.832102285580741
abalone_point_3335,abalone,regression,8,0.53571576436995,nominal,-1.1157369467637,-1.08707577601495,-0.825217027670879,-1.16181671747021,-1.18879069582334,-1.30086742841109,-1.10508555616298
abalone_point_1136,abalone,regression,8,0.597362156575424,nominal,0.383102544724825,0.323647610204087,0.250641606670419,-0.150374818160877,-0.0759923613453052,-0.187873454443541,-0.106541487454255
abalone_point_1487,abalone,regression,9,0.697763064457641,nominal,0.591274696320454,0.474796544441841,0.489721303190708,0.430796434466462,0.41733321608524,0.774592645995613,0.353219810368469
abalone_point_3655,abalone,regression,9,0.627215453378406,nominal,0.0500271021718205,0.122115697887082,0.0115619101501313,-0.310451812305601,-0.465697041233362,0.0447605319185293,-0.221481811909936
abalone_point_1684,abalone,regression,12,0.218736145769875,anomaly,0.799446847916082,0.726711434838098,0.967880696231285,0.800910758508083,1.00301655002105,0.811084251699467,0.532814067330471
abalone_point_1793,abalone,regression,9,0.505874225617605,nominal,0.383102544724825,0.474796544441841,0.848340847971141,0.390012486913666,0.545733023909628,0.309324673271472,0.367587350925429
abalone_point_2590,abalone,regression,7,0.371439924790275,nominal,0.424736975043951,0.42441356636259,0.370181454930564,0.243190275723601,0.313712318542751,0.231780011150782,0.144890472292548
abalone_point_0354,abalone,regression,9,0.516100144697297,nominal,0.466371405363077,0.474796544441841,0.728800999710997,0.206484722926086,0.219101933830044,0.71529378672685,-0.135276568568175
abalone_point_1611,abalone,regression,8,0.511123261103002,nominal,0.174930393129198,0.122115697887082,-0.347057634630302,-0.227864318511189,-0.00616088691449765,-0.625772722889791,-0.135276568568175
abalone_point_1115,abalone,regression,9,0.327313201991064,nominal,0.00839267185269475,-0.0794162144299231,0.0115619101501313,-0.464411214317405,-0.436412874536571,-0.475244849361393,-0.397484183732697
abalone_point_3817,abalone,regression,8,0.159909897885124,nominal,-0.491220491976813,-0.532863017143185,-0.466597482890446,-0.60613543206337,-0.391360310387663,-0.762616244279244,-0.71357007598582
abalone_point_0173,abalone,regression,8,0.601623902271895,nominal,0.00839267185269475,0.273264632124836,0.370181454930564,0.481776368907457,0.570511934191528,0.478098349651798,0.331668499533029
abalone_point_1277,abalone,regression,8,0.133889621589513,nominal,-0.366317201019437,-0.532863017143185,-0.58613733115059,-0.726448077344117,-0.688707233770458,-0.625772722889791,-0.767448353074421
abalone_point_3371,abalone,regression,12,0.478350408654323,anomaly,-0.574489352615065,-0.633628973301688,-0.347057634630302,-0.79272199211741,-0.857654349328863,-0.675948680732591,-0.74589704223898
abalone_point_1866,abalone,regression,7,0.445867296307707,nominal,-0.033241758466431,-0.280948126746929,-0.58613733115059,-0.334922180837278,-0.139065951153777,-0.0966444401839055,-0.69201876515038
abalone_point_2833,abalone,regression,9,0.267526933743471,nominal,0.133295962810072,0.122115697887082,0.0115619101501313,-0.0514737453453476,0.0929547542131006,-0.000853975211288458,-0.207114271352976
abalone_point_3482,abalone,regression,6,0.54428879176639,nominal,-0.491220491976813,-0.633628973301688,-0.825217027670879,-0.871231091156542,-0.528770631041833,-1.33279758340197,-0.932675069479462
abalone_point_2671,abalone,regression,9,0.473189919840356,nominal,0.549640266001328,0.525179522521093,0.0115619101501313,0.35738532887143,0.615564498340436,0.327570476123399,0.152074242571028
abalone_point_3838,abalone,regression,4,0.25338433037433,nominal,-2.94765188080523,-3.05201192110575,-2.4987749033129,-1.62063612743916,-1.56497960646672,-1.56999302047702,-1.67978717844139
abalone_point_0960,abalone,regression,7,0.130260399380808,nominal,-0.199779479742934,-0.230565148667677,-0.107977938110013,-0.379784523145353,-0.179613258887794,-0.470683398648411,-0.612997292087099
abalone_point_3095,abalone,regression,9,0.301019306142245,nominal,0.00839267185269475,-0.0794162144299231,-0.227517786370157,-0.421588069386969,-0.422897105291899,-0.306471172981067,-0.393892298593457
abalone_point_2016,abalone,regression,8,0.085095113051971,nominal,-0.407951631338562,-0.432097060984683,-0.466597482890446,-0.632644997972687,-0.411633964254672,-0.6485799764547,-0.73512138682126
abalone_point_0839,abalone,regression,8,0.378111606687272,nominal,-0.366317201019437,-0.432097060984683,-0.107977938110013,-0.385902115278273,-0.292244669260065,-0.616649821463828,-0.458546231099778
abalone_point_0819,abalone,regression,6,0.267157338394681,nominal,-1.4488123893167,-1.59090555680746,-1.66199596549189,-1.32291331030375,-1.32394838827006,-1.20963841415146,-1.32778243479587
abalone_point_1449,abalone,regression,9,0.339853526831657,nominal,-0.699392643572442,-0.432097060984683,-0.705677179410735,-0.779467209162752,-0.659423067073667,-0.835599455686953,-0.900348103226302
abalone_point_2887,abalone,regression,8,0.238185204427753,nominal,-0.158145049423808,-0.432097060984683,-0.58613733115059,-0.627547004528587,-0.492728579722707,-0.771739145705208,-0.638140488061779
abalone_point_0914,abalone,regression,6,0.174360332998228,nominal,-1.2822746680402,-1.18784173217345,-1.06429672419117,-1.18220869124661,-1.14824338808932,-1.11840939989182,-1.23439342117562
abalone_point_0439,abalone,regression,9,0.0566614131058411,nominal,-1.1157369467637,-1.08707577601495,-1.18383657245131,-1.06699403940996,-0.974791016116025,-1.05911054062306,-1.10508555616298
abalone_point_3756,abalone,regression,8,0.284146799088581,nominal,-0.116510619104682,-0.129799192509174,-0.825217027670879,-0.563312287132934,-0.56481268236096,-0.488929201500338,-0.530383933884578
abalone_point_3862,abalone,regression,14,0.227992084899449,anomaly,0.882715708554334,0.676328456758846,0.848340847971141,1.2118090301025,0.252891356941725,1.44056445009095,1.80434140662144
abalone_point_1803,abalone,regression,11,0.303706888080976,anomaly,0.716177987277831,0.676328456758846,0.250641606670419,0.580677441722986,0.72143802409037,0.701609434587904,0.44301693884947
abalone_point_3523,abalone,regression,4,0.162192793222182,nominal,-2.36476985633747,-2.24588427183773,-1.90107566201218,-1.55640141004351,-1.48613761920613,-1.64297623188473,-1.57203062426419
abalone_point_3065,abalone,regression,9,0.662361742178311,nominal,0.92435013887346,0.928243347155103,0.967880696231285,0.663264935517398,0.365522767313995,0.464413997512852,1.064413067938
abalone_point_4031,abalone,regression,7,0.096283550650583,nominal,-0.741027073891568,-0.835160885618693,-0.944756875931023,-0.943622598062754,-0.835128067254409,-0.986127329215351,-0.932675069479462
abalone_point_2342,abalone,regression,7,0.176792272888418,nominal,-1.78188783186971,-1.69167151296597,-1.18383657245131,-1.39326561983233,-1.34647467034452,-1.36016628767986,-1.39243636730219
abalone_point_2436,abalone,regression,14,0.1863632236909,anomaly,-0.491220491976813,-0.280948126746929,-0.107977938110013,-0.50927355662548,-0.681949349148121,-0.6485799764547,-0.135276568568175
abalone_point_0832,abalone,regression,6,0.264252324443004,nominal,-0.824295934529819,-0.835160885618693,-0.944756875931023,-0.878368281978281,-1.08516979828085,-1.05911054062306,-1.03683973851742
abalone_point_2877,abalone,regression,7,0.323611610014909,nominal,-0.657758213253316,-0.986309819856447,-1.18383657245131,-1.00479851939195,-0.91847531092989,-0.826476554260989,-1.10149367102374
abalone_point_3224,abalone,regression,8,0.696106997170777,nominal,-0.033241758466431,0.0717327198078305,0.848340847971141,-0.154453212916157,-0.45668652840358,-0.0875215387579419,0.116155391178627
abalone_point_3989,abalone,regression,8,0.566840922353651,nominal,1.17415672078821,1.07939228139286,0.609261151450853,1.13533912844101,1.17872155020179,1.10757854804328,0.759102831102593
abalone_point_1134,abalone,regression,9,0.407280173210641,nominal,0.383102544724825,0.525179522521093,0.250641606670419,0.425698441022363,0.820553665217969,0.208972757585873,0.080236539786227
abalone_point_3553,abalone,regression,8,0.31096612650795,nominal,0.00839267185269475,-0.180182170588426,-0.825217027670879,-0.533743925157157,-0.323781464164301,-0.666825779306627,-0.566302785276979
abalone_point_0680,abalone,regression,8,0.422776441950647,nominal,-1.2822746680402,-1.33899066641121,-0.944756875931023,-1.23624742175406,-1.20005383686057,-1.41034224552266,-1.14100440755538
abalone_point_2020,abalone,regression,9,0.520963313390051,nominal,-0.116510619104682,0.474796544441841,-0.107977938110013,-0.292099035906842,-0.323781464164301,-0.242610862999322,-0.253808778163096
abalone_point_2184,abalone,regression,6,0.607343583292722,nominal,-0.24141391006206,-0.0794162144299231,0.370181454930564,-0.0412777584571487,-0.562560054153514,-0.593842567898919,0.798613567634233
abalone_point_1295,abalone,regression,9,0.387997220406494,nominal,-0.033241758466431,-0.129799192509174,-0.347057634630302,-0.337980976903738,-0.26521313077072,-0.452437595796484,-0.347197791783337
abalone_point_2693,abalone,regression,9,0.59875916952843,nominal,1.04925342983084,1.07939228139286,-0.347057634630302,0.717303666024852,0.739459049749934,0.934243420949974,0.636978736368432
abalone_point_2719,abalone,regression,7,0.162828648239928,nominal,-1.40717795899758,-1.54052257872821,-1.4229162689716,-1.30863892866028,-1.26763268308393,-1.18683116058655,-1.29904735368195
abalone_point_3634,abalone,regression,5,0.12890448298265,nominal,-1.86515669250796,-1.89320342528297,-1.78153581375203,-1.44628475165096,-1.38476934987109,-1.50613271049527,-1.46427407008699
abalone_point_1456,abalone,regression,8,0.308753471310175,nominal,-0.407951631338562,-0.381714082905431,-0.347057634630302,-0.366529740190695,-0.0557187074782968,-0.406823088666666,-0.69561065028962
abalone_point_3380,abalone,regression,8,0.091550880944092,nominal,-1.90679112282709,-1.99396938144147,-1.4229162689716,-1.48604910051494,-1.44784293967956,-1.41034224552266,-1.49300915120091
abalone_point_2573,abalone,regression,7,0.267443258974923,nominal,-0.407951631338562,-0.230565148667677,-0.705677179410735,-0.520489142202499,-0.217907938414366,-0.712440286436445,-0.7387132719605
abalone_point_2415,abalone,regression,9,0.421520737618491,nominal,-0.865930364848945,-1.0366927979357,-0.705677179410735,-1.11899357253978,-1.19554858044568,-0.93138992065957,-1.02965596823894
abalone_point_3732,abalone,regression,9,0.601623541318897,nominal,0.216564823448323,0.0717327198078305,0.967880696231285,0.686715705360255,0.642596036829781,1.09845564661732,0.518446526773511
abalone_point_3779,abalone,regression,9,0.528395083018614,nominal,0.549640266001328,0.42441356636259,-0.347057634630302,0.0637409064913003,0.349754369861878,-0.265418116564231,0.0443176883938266
abalone_point_1281,abalone,regression,8,0.337089596649588,nominal,-0.24141391006206,-0.129799192509174,-0.466597482890446,-0.562292688444114,-0.609865246509868,-0.393138736527721,-0.516016393327618
abalone_point_1841,abalone,regression,8,0.328172739089647,nominal,-0.782661504210693,-0.684011951380939,-0.944756875931023,-0.995622131192569,-0.990559413568143,-1.04086473777113,-0.853653596416181
abalone_point_3511,abalone,regression,9,0.611968880058812,nominal,1.04925342983084,0.978626325234355,0.967880696231285,1.30561210947393,1.58644725574941,1.39494994296113,1.01412667598864
abalone_point_0613,abalone,regression,9,0.159169513214198,nominal,-1.65698454091233,-1.69167151296597,-1.54245611723174,-1.37389324474475,-1.4050430037381,-1.323674681976,-1.28467981312499
abalone_point_0140,abalone,regression,9,0.288105503322684,nominal,-1.24064023772108,-1.2382247102527,-1.06429672419117,-1.17405190173605,-1.18653806761589,-1.1229708506048,-1.05120727907438
abalone_point_0365,abalone,regression,12,0.163964229952857,anomaly,0.799446847916082,0.928243347155103,0.848340847971141,0.728519251601871,0.626827639377663,1.1030170973303,0.798613567634233
abalone_point_2668,abalone,regression,7,0.297121790391335,nominal,0.508005835682202,0.42441356636259,0.250641606670419,0.222798301947204,0.484912062308602,0.204411306872891,-0.0993577171757746
abalone_point_1626,abalone,regression,10,0.602412863645531,anomaly,0.3414681144057,0.222881654045585,0.250641606670419,0.00460418253974643,0.293438664675742,-0.0647142851930333,-0.142460338846655
abalone_point_1282,abalone,regression,9,0.225705639245061,nominal,-0.199779479742934,-0.280948126746929,-0.107977938110013,-0.478685595960883,-0.292244669260065,-0.698755934297499,-0.591445981251659
abalone_point_1572,abalone,regression,8,0.343422511629324,nominal,-0.407951631338562,-0.482480039063934,-0.347057634630302,-0.689742524546601,-0.695465118392794,-0.456999046509465,-0.817734745023781
abalone_point_2588,abalone,regression,9,0.360101660729293,nominal,0.383102544724825,0.374030588283339,0.250641606670419,0.339032552472672,0.651606549659563,0.0401990812055475,0.083828424925467
abalone_point_2611,abalone,regression,9,0.567789492986378,nominal,0.882715708554334,0.877860369075852,0.131101758410275,0.648990553873919,0.838574690877532,0.779154096708595,0.356811695507709
abalone_point_0904,abalone,regression,6,0.079464216001632,nominal,-1.74025340155058,-1.74205449104522,-1.54245611723174,-1.38714802769941,-1.3554851831743,-1.30542887912407,-1.41039579299839
abalone_point_1325,abalone,regression,11,0.334726136166307,anomaly,0.3414681144057,0.323647610204087,0.848340847971141,0.0912700710894376,0.246133472319388,0.268271616854636,-0.207114271352976
abalone_point_3162,abalone,regression,6,0.206584327519604,nominal,-1.57371568027408,-1.89320342528297,-1.66199596549189,-1.34330528408015,-1.27664319591371,-1.31455178055004,-1.35651751590979
abalone_point_3566,abalone,regression,9,0.657131536844352,nominal,0.424736975043951,0.676328456758846,0.489721303190708,0.135112814708693,0.00510225412272942,0.368623532540235,0.231095715634308
abalone_point_0928,abalone,regression,8,0.22265779761356,nominal,-0.741027073891568,-0.835160885618693,-0.466597482890446,-0.875309485911821,-0.801338644142728,-1.09104069561393,-0.907531873504782
abalone_point_3373,abalone,regression,16,0.219582724877331,anomaly,-0.699392643572442,-0.784777907539442,-0.107977938110013,-0.625507807150948,-0.853149092913972,-0.821915103548007,-0.314870825530177
abalone_point_0175,abalone,regression,5,0.311692781248122,nominal,-2.40640428665659,-2.49779916223399,-2.37923505505275,-1.59208736415221,-1.53569543976993,-1.48332545693036,-1.60794947565659
abalone_point_2689,abalone,regression,8,0.586081909088177,nominal,0.882715708554334,0.575562500600344,0.250641606670419,0.404286868557145,0.80028001135096,0.0675677854834382,-0.451362460821298
abalone_point_2137,abalone,regression,9,0.642870367348479,nominal,0.299833684086575,0.172498675966333,-0.347057634630302,0.210563117681365,0.00735488233017484,0.295640321132527,0.690857013457033
abalone_point_1006,abalone,regression,9,0.522225945563031,nominal,0.674543556958705,0.676328456758846,0.370181454930564,0.677539317160876,0.957963985872139,0.592134617476342,0.259830796748229
abalone_point_2522,abalone,regression,9,0.449613896518743,nominal,0.133295962810072,0.122115697887082,-0.466597482890446,-0.0351601663242293,0.147017831191791,-0.320155525120012,-0.110133372593495
abalone_point_2673,abalone,regression,8,0.565646274025704,nominal,0.591274696320454,0.575562500600344,0.250641606670419,0.554167875813669,0.820553665217969,-0.13313604588776,0.187993093963428
abalone_point_3540,abalone,regression,8,0.172940833655384,nominal,-0.741027073891568,-0.684011951380939,-0.466597482890446,-0.882446676733561,-0.819359669802291,-0.908582667094661,-0.817734745023781
abalone_point_3924,abalone,regression,12,0.598020917043839,anomaly,-1.07410251644457,-1.28860768833195,-1.4229162689716,-1.14754233582673,-1.17076967016378,-1.04542618848411,-1.06916670477058
abalone_point_0081,abalone,regression,9,0.668678410683479,nominal,0.424736975043951,0.374030588283339,0.0115619101501313,0.228915894080123,0.113228408080109,0.651433476745105,0.331668499533029
abalone_point_0917,abalone,regression,6,0.228691777980454,nominal,-1.15737137708282,-1.43975662256971,-1.4229162689716,-1.17813029649133,-1.06039088799895,-1.30999032983706,-1.21284211034018
abalone_point_2518,abalone,regression,7,0.37557209347709,nominal,-0.366317201019437,-0.381714082905431,-0.107977938110013,-0.402215694299391,-0.0669818485155238,-0.721563187862408,-0.559119014998499
abalone_point_2550,abalone,regression,5,0.179548596115373,nominal,-2.03169441378446,-1.99396938144147,-2.02061551027232,-1.4738139162491,-1.43207454222744,-1.40578079480967,-1.49300915120091
abalone_point_2060,abalone,regression,8,0.12013306569551,nominal,-0.283048340381185,-0.381714082905431,-0.705677179410735,-0.592880649108711,-0.398118195009999,-0.703317385010481,-0.71716196112506
abalone_point_1077,abalone,regression,7,0.332185825088034,nominal,-0.865930364848945,-1.08707577601495,-0.825217027670879,-1.04558246694474,-1.05363300337661,-1.00893458278026,-0.972185806011103
abalone_point_1145,abalone,regression,8,0.565201079151777,nominal,0.466371405363077,0.474796544441841,0.250641606670419,0.581697040411806,0.527711998250065,0.318447574697436,0.187993093963428
abalone_point_0968,abalone,regression,7,0.223921715673369,nominal,-0.116510619104682,-0.0290332363506717,-0.107977938110013,-0.12182605487392,0.0276285361971836,-0.201557806582486,-0.422627379707378
abalone_point_0122,abalone,regression,7,0.131150672186284,nominal,-1.15737137708282,-1.1374587540942,-1.30337642071146,-1.17303230304723,-1.15500127271166,-1.1229708506048,-1.10508555616298
abalone_point_2112,abalone,regression,9,0.562981190516107,nominal,-0.574489352615065,-0.532863017143185,-1.4229162689716,-0.768251623585733,-0.643654669621549,-0.739808990714335,-0.817734745023781
abalone_point_1623,abalone,regression,9,0.577254705066611,nominal,0.3414681144057,0.122115697887082,0.370181454930564,-0.174845186692555,-0.222413194829257,0.0493219826315111,-0.0562550955048942
abalone_point_1225,abalone,regression,6,0.163939776785548,nominal,-1.49044681963583,-1.54052257872821,-1.06429672419117,-1.29334494832798,-1.20230646506801,-1.30999032983706,-1.32059866451739
abalone_point_0190,abalone,regression,9,0.69808075004316,nominal,0.508005835682202,0.525179522521093,0.728800999710997,0.211582716370185,0.0253759079897382,0.824768603838412,0.367587350925429
abalone_point_0138,abalone,regression,9,0.246493513713741,nominal,-1.49044681963583,-1.54052257872821,-1.18383657245131,-1.28110976406214,-1.19554858044568,-1.37841209053178,-1.26312850228955
abalone_point_2871,abalone,regression,7,0.153688151893749,nominal,-1.2822746680402,-1.38937364449046,-1.18383657245131,-1.31169772472674,-1.30367473440306,-1.25981437199426,-1.24876096173258
abalone_point_4076,abalone,regression,8,0.479218368296986,nominal,0.174930393129198,0.42441356636259,0.250641606670419,-0.0983752850310628,0.0907021260056552,-0.165066200878632,-0.164011649682095
abalone_point_0836,abalone,regression,8,0.567184339709031,nominal,-0.61612378293419,-0.583245995222437,-0.227517786370157,-0.574527872709953,-0.515254861797161,-0.36577003224983,-0.70638630570734
abalone_point_0989,abalone,regression,7,0.535962930849953,nominal,0.383102544724825,0.525179522521093,0.728800999710997,0.152445992418631,0.216849305622598,0.117743743326238,-0.178379190239055
abalone_point_3902,abalone,regression,12,0.447403179843718,anomaly,0.00839267185269475,0.222881654045585,-0.347057634630302,-0.0321013702577698,-0.125550181909104,-0.13313604588776,-0.440586805403578
abalone_point_1901,abalone,regression,9,0.279572650441188,nominal,0.424736975043951,0.42441356636259,0.370181454930564,0.301307400986336,0.611059241925545,0.309324673271472,-0.0275200143909741
abalone_point_1843,abalone,regression,7,0.170299494088304,nominal,-0.741027073891568,-0.784777907539442,-0.705677179410735,-0.915073834775797,-0.936496336589453,-0.785423497844153,-0.925491299200982
abalone_point_2966,abalone,regression,9,0.674280000516041,nominal,1.21579115110734,1.18015823755136,1.32650024101172,1.2474949842112,1.35217392217509,0.79283844884754,1.33739633852024
abalone_point_2694,abalone,regression,9,0.676895983470089,nominal,1.04925342983084,1.12977525947211,0.848340847971141,0.890635443124234,1.15169001171244,0.884067463107175,0.698040783735513
abalone_point_3664,abalone,regression,9,0.350177706128812,nominal,0.216564823448323,-0.0794162144299231,-0.107977938110013,-0.227864318511189,-0.125550181909104,-0.283663919416158,-0.128092798289695
abalone_point_3533,abalone,regression,7,0.124789066139591,nominal,-1.19900580740195,-1.2382247102527,-1.18383657245131,-1.21993384273295,-1.16626441374888,-1.29174452698513,-1.15896383325158
abalone_point_1196,abalone,regression,9,0.593092794617244,nominal,1.50723216334122,1.43207312794762,0.728800999710997,0.795812765063984,1.26206879387727,0.505467053929688,0.44660882398871
abalone_point_0289,abalone,regression,9,0.661441780729347,nominal,-0.699392643572442,-0.532863017143185,-0.347057634630302,-0.716252090455918,-1.02434883667982,-0.904021216381679,-0.350789676922577
abalone_point_2056,abalone,regression,9,0.403210250496538,nominal,-0.491220491976813,-0.532863017143185,-1.18383657245131,-0.808015972449709,-0.715738772259802,-0.972442977076406,-0.799775319327581
abalone_point_2746,abalone,regression,8,0.379345533543106,nominal,-0.324682770700311,-0.280948126746929,-0.347057634630302,-0.626527405839768,-0.621128387547095,-0.57103531433401,-0.566302785276979
abalone_point_2999,abalone,regression,9,0.814478897568667,nominal,0.92435013887346,1.02900930331361,0.728800999710997,0.804989153263363,0.777753729276506,0.824768603838412,0.827348648748154
abalone_point_3740,abalone,regression,9,0.57891550926258,nominal,1.04925342983084,1.18015823755136,0.609261151450853,0.83455751523914,1.29585821698895,0.619503321754233,0.44301693884947
abalone_point_3154,abalone,regression,9,0.402269471462495,nominal,-0.824295934529819,-0.73439492946019,-0.944756875931023,-0.856956709513063,-0.828370182632073,-0.808230751409062,-0.74589704223898
abalone_point_1454,abalone,regression,6,0.326437061032784,nominal,-0.449586061657688,-0.583245995222437,-0.347057634630302,-0.810055169827348,-0.763043964616156,-0.584719666472955,-0.871613022112382
abalone_point_2128,abalone,regression,7,0.49457487491595,nominal,-1.03246808612545,-0.986309819856447,-0.944756875931023,-1.43099077131866,-1.14148550346699,-0.999811681354296,-1.10508555616298
abalone_point_4106,abalone,regression,9,0.609769159557551,nominal,1.59050102397947,1.58322206218537,0.967880696231285,1.9601944676963,2.18339373072244,1.5774079714804,2.15275426512773
abalone_point_4051,abalone,regression,9,0.56148749845585,nominal,0.841081278235208,0.877860369075852,0.848340847971141,0.947732969698148,0.996258665398711,1.24442206943274,0.834532419026634
abalone_point_2568,abalone,regression,6,0.138819091045995,nominal,-0.532854922295939,-0.583245995222437,-0.58613733115059,-0.751938044564614,-0.706728259430021,-0.630334173602773,-0.878796792390862
abalone_point_3027,abalone,regression,8,0.154019912056597,nominal,-0.24141391006206,-0.33133110482618,-0.58613733115059,-0.656095767815544,-0.533275887456724,-0.707878835723463,-0.638140488061779
abalone_point_3563,abalone,regression,8,0.374967749575994,nominal,0.383102544724825,0.122115697887082,0.489721303190708,0.119818834376394,0.324975459579978,0.0994979404743106,-0.113725257732735
abalone_point_1111,abalone,regression,8,0.277495802682459,nominal,-0.033241758466431,-0.280948126746929,-0.107977938110013,-0.589821853042251,-0.585086336227968,-0.434191792944557,-0.587854096112419
abalone_point_0128,abalone,regression,8,0.095354751610798,nominal,-1.15737137708282,-1.18784173217345,-1.30337642071146,-1.17914989518015,-1.11445396497764,-1.09104069561393,-1.14100440755538
abalone_point_1040,abalone,regression,6,0.649420735571394,nominal,1.13252229046909,0.676328456758846,0.967880696231285,1.10271197039877,1.26882667849961,1.03459533663557,0.690857013457033
abalone_point_1152,abalone,regression,7,0.388942848788008,nominal,0.508005835682202,0.575562500600344,0.489721303190708,0.2584842560559,0.451122639196921,0.505467053929688,0.187993093963428
abalone_point_1463,abalone,regression,7,0.089078416082625,nominal,-0.24141391006206,-0.280948126746929,-0.466597482890446,-0.521508740891319,-0.422897105291899,-0.475244849361393,-0.68124310973266
abalone_point_2546,abalone,regression,4,0.324249333829112,nominal,-2.65621086857135,-2.59856511839249,-1.78153581375203,-1.60840094317332,-1.5289375551476,-1.54718576691211,-1.62231701621355
abalone_point_3017,abalone,regression,7,0.314351206194767,nominal,-0.741027073891568,-0.73439492946019,-0.825217027670879,-0.969112565283252,-0.916222682722444,-1.19139261129953,-0.900348103226302
abalone_point_1098,abalone,regression,8,0.246092116187778,nominal,-0.366317201019437,-0.280948126746929,-0.347057634630302,-0.416490075942869,-0.0895081305899777,-0.657702877880664,-0.519608278466858
abalone_point_2909,abalone,regression,9,0.371968077443729,nominal,0.466371405363077,0.42441356636259,0.728800999710997,0.289072216720497,0.460133152026703,0.468975448225834,0.0658689992292668
abalone_point_4105,abalone,regression,11,0.229182991273862,anomaly,1.54886659366034,1.38169014986837,0.848340847971141,2.19878056088016,2.31179353854683,2.51706681835465,1.69658485244424
abalone_point_1062,abalone,regression,6,0.080573761731746,nominal,-2.07332884410359,-2.14511831567923,-1.78153581375203,-1.4738139162491,-1.37575883704131,-1.46507965407844,-1.51456046203635
abalone_point_0937,abalone,regression,7,0.506727103342317,nominal,-0.61612378293419,-0.73439492946019,-0.825217027670879,-0.778447610473932,-0.567065310568405,-0.251733764425286,-0.860837366694661
abalone_point_0332,abalone,regression,8,0.560716949756548,nominal,-1.03246808612545,-0.835160885618693,-0.466597482890446,-1.04048447350064,-1.01533832385004,-1.13209375203077,-1.03324785337818
abalone_point_0911,abalone,regression,5,0.149043528956289,nominal,-1.53208124995496,-1.59090555680746,-1.54245611723174,-1.32597210637021,-1.31944313185517,-1.23244566771637,-1.39243636730219
abalone_point_2828,abalone,regression,8,0.265738281155382,nominal,-0.199779479742934,-0.33133110482618,-0.466597482890446,-0.611233425507469,-0.612117874717313,-0.525420807204192,-0.566302785276979
abalone_point_2428,abalone,regression,6,0.13385138715239,nominal,-2.19823213506097,-2.19550129375848,-1.54245611723174,-1.49726468609196,-1.41855877298277,-1.46507965407844,-1.50019292147939
abalone_point_1742,abalone,regression,10,0.195052600918048,anomaly,1.29906001174559,1.12977525947211,1.32650024101172,1.27400455012051,1.04806911416996,1.91951677495404,1.24759921003924
abalone_point_0718,abalone,regression,6,0.089236118100171,nominal,-2.28150099569922,-2.19550129375848,-1.90107566201218,-1.53397023888947,-1.45685345250934,-1.54262431619913,-1.53970365801103
abalone_point_3226,abalone,regression,9,0.448123014586045,nominal,-0.699392643572442,-0.583245995222437,-0.466597482890446,-0.925269821663996,-0.97704364432347,-0.767177694992226,-0.889572447808582
abalone_point_2521,abalone,regression,9,0.598331119319251,nominal,0.00839267185269475,0.172498675966333,1.20696039275157,0.0882112750229778,0.464638408441594,-0.0738371866189969,-0.286135744416256
abalone_point_3980,abalone,regression,6,0.204550378980609,nominal,-0.24141391006206,-0.33133110482618,-0.58613733115059,-0.416490075942869,-0.3485603744462,-0.342962778684921,-0.602221636669379
abalone_point_1877,abalone,regression,9,0.375962794805328,nominal,0.133295962810072,-0.129799192509174,-0.107977938110013,-0.353274957236036,-0.400370823217445,-0.233487961573359,-0.336422136365617
abalone_point_0834,abalone,regression,7,0.324631101468315,nominal,-0.657758213253316,-0.73439492946019,-0.944756875931023,-0.691781721924241,-0.382349797557881,-0.862968159964843,-0.921899414061742
abalone_point_1574,abalone,regression,8,0.120441826334495,nominal,-0.366317201019437,-0.381714082905431,-0.466597482890446,-0.596959043863991,-0.488223323307816,-0.607526920037864,-0.638140488061779
abalone_point_0988,abalone,regression,8,0.384785375775967,nominal,0.383102544724825,0.374030588283339,0.0115619101501313,0.478717572840997,0.752974818994606,0.35493918040129,0.00839883700142625
abalone_point_3455,abalone,regression,8,0.461155796024556,nominal,0.424736975043951,0.525179522521093,0.609261151450853,0.481776368907457,0.626827639377663,0.309324673271472,0.306525303558349
abalone_point_2269,abalone,regression,13,0.189350323259103,anomaly,0.174930393129198,0.374030588283339,0.848340847971141,0.048446926159002,-0.0579713356857422,0.0766906869094017,0.40350620231783
abalone_point_0326,abalone,regression,7,0.192489957051405,nominal,-1.40717795899758,-1.33899066641121,-1.18383657245131,-1.17813029649133,-1.182032811201,-1.16402390702164,-1.14100440755538
abalone_point_3531,abalone,regression,7,0.114772226844124,nominal,-1.36554352867845,-1.43975662256971,-1.18383657245131,-1.27091377717394,-1.18653806761589,-1.30999032983706,-1.29545546854271
abalone_point_2122,abalone,regression,9,0.225042448685137,nominal,-0.407951631338562,-0.482480039063934,-0.705677179410735,-0.761114432763993,-0.821612298009737,-0.767177694992226,-0.67405933945418
abalone_point_1347,abalone,regression,8,0.616718326647808,nominal,0.508005835682202,0.42441356636259,0.967880696231285,-0.0596305348559068,-0.105276528042096,0.0447605319185293,-0.013152473834014
abalone_point_1835,abalone,regression,7,0.467351485675738,nominal,-0.949199225487196,-0.935926841777196,-1.06429672419117,-1.11797397385096,-1.10544345214786,-1.33279758340197,-0.925491299200982
abalone_point_2552,abalone,regression,6,0.063256540677215,nominal,-1.90679112282709,-1.89320342528297,-1.66199596549189,-1.4330299686963,-1.38702197807854,-1.39665789338371,-1.46427407008699
abalone_point_0099,abalone,regression,7,0.786636368526353,nominal,-0.449586061657688,-0.381714082905431,-0.227517786370157,-0.624488208462128,-0.713486144052357,-0.434191792944557,-0.530383933884578
abalone_point_1862,abalone,regression,8,0.529185264025204,nominal,-0.0748761887855567,-0.230565148667677,-0.705677179410735,-0.5102931553143,-0.479212810478034,-0.187873454443541,-0.70997819084658
abalone_point_2647,abalone,regression,7,0.149879546150103,nominal,-0.24141391006206,-0.280948126746929,-0.466597482890446,-0.645899780927345,-0.569317938775851,-0.548228060769101,-0.7387132719605
abalone_point_0519,abalone,regression,4,0.199374635113613,nominal,-1.65698454091233,-1.79243746912447,-1.18383657245131,-1.39020682376587,-1.34872729855196,-1.33735903411495,-1.39243636730219
abalone_point_4046,abalone,regression,9,0.584117276959397,nominal,0.549640266001328,0.42441356636259,0.489721303190708,0.345150144605591,0.385796421181004,0.30476322255849,0.44660882398871
abalone_point_1769,abalone,regression,8,0.568496709496221,nominal,-0.741027073891568,-1.08707577601495,-0.466597482890446,-0.473587602516783,-0.452181271988689,-0.379454384388775,-0.533975819023819
abalone_point_1488,abalone,regression,8,0.350002181399826,nominal,0.63290912663958,0.474796544441841,0.370181454930564,0.237072683590682,0.347501741654432,0.254587264715691,0.080236539786227
abalone_point_2892,abalone,regression,8,0.381305374061324,nominal,0.0500271021718205,-0.280948126746929,-0.347057634630302,-0.433823253652808,-0.303507810297292,-0.616649821463828,-0.386708528314977
abalone_point_3121,abalone,regression,9,0.613460390541242,nominal,0.00839267185269475,-0.0794162144299231,-0.227517786370157,-0.263550272619885,-0.215655310206921,-0.452437595796484,-0.113725257732735
abalone_point_1899,abalone,regression,9,0.478061548152674,nominal,0.383102544724825,0.323647610204087,-0.466597482890446,-0.0524933440341674,0.101965267042882,-0.256295215138268,-0.034703784669454
abalone_point_2113,abalone,regression,8,0.472213059560667,nominal,0.00839267185269475,-0.0290332363506717,-0.227517786370157,-0.224805522444729,-0.148076463983558,0.154235349030092,-0.458546231099778
abalone_point_2225,abalone,regression,9,0.753318711034523,nominal,0.216564823448323,0.172498675966333,0.131101758410275,-0.0647285283000062,-0.280981528222838,-0.279102468703177,0.187993093963428
abalone_point_4168,abalone,regression,9,0.111655567462091,nominal,-0.199779479742934,-0.280948126746929,-0.347057634630302,-0.51335195138076,-0.407128707839781,-0.49349065221332,-0.612997292087099
abalone_point_2648,abalone,regression,8,0.105678814996445,nominal,-0.199779479742934,-0.180182170588426,-0.347057634630302,-0.501116767114921,-0.29449729746751,-0.44331469437052,-0.562710900137739
abalone_point_0950,abalone,regression,6,0.358866463512151,nominal,-0.366317201019437,-0.33133110482618,-0.58613733115059,-0.310451812305601,-0.175108002472903,-0.675948680732591,-0.494465082492178
abalone_point_1400,abalone,regression,11,0.150867106632077,anomaly,1.04925342983084,0.978626325234355,0.609261151450853,0.675500119783236,0.536722511079847,0.852137308116303,0.791429797355753
abalone_point_3886,abalone,regression,7,0.301221848459335,nominal,-0.949199225487196,-0.784777907539442,-0.825217027670879,-1.00683771676959,-0.931991080174562,-0.972442977076406,-0.925491299200982
abalone_point_0547,abalone,regression,8,0.071448145232208,nominal,-2.23986656538009,-2.14511831567923,-1.78153581375203,-1.52683304806773,-1.47712710637635,-1.48332545693036,-1.52174423231483
abalone_point_0109,abalone,regression,9,0.694395467068822,nominal,-0.116510619104682,-0.180182170588426,-0.107977938110013,-0.398137299544111,-0.578328451605632,-0.0145383273502338,-0.278951974137776
abalone_point_2998,abalone,regression,9,0.594521484757234,nominal,0.841081278235208,0.8274773909966,-0.705677179410735,0.626559382719881,0.752974818994606,0.0994979404743106,0.38554677662163
abalone_point_1573,abalone,regression,9,0.618226203451102,nominal,-0.366317201019437,-0.381714082905431,-0.347057634630302,-0.723389281277657,-0.812601785179955,-0.703317385010481,-0.458546231099778
abalone_point_0405,abalone,regression,7,0.172999663303555,nominal,-0.699392643572442,-0.633628973301688,-0.466597482890446,-0.945661795440394,-0.873422746780981,-0.890336864242734,-0.925491299200982
abalone_point_4060,abalone,regression,8,0.140892383483378,nominal,-0.0748761887855567,-0.180182170588426,-0.466597482890446,-0.440960444474547,-0.258455246148384,-0.402261637953684,-0.69920253542886
abalone_point_2900,abalone,regression,8,0.49375580440592,nominal,0.216564823448323,0.172498675966333,-0.227517786370157,-0.335941779526098,-0.404876079632335,-0.16050475016565,-0.207114271352976
abalone_point_0949,abalone,regression,6,0.241003316861537,nominal,-0.407951631338562,-0.482480039063934,-0.466597482890446,-0.483783589404982,-0.15708697681334,-0.644018525741718,-0.803367204466821
abalone_point_0980,abalone,regression,8,0.499543756876271,nominal,0.0916615324909462,0.273264632124836,0.0115619101501313,0.0922896697782573,0.0636705875163102,0.441606743947943,-0.138868453707415
abalone_point_3473,abalone,regression,3,0.248457814271125,nominal,-2.98928631112435,-2.900862986868,-2.14015535853247,-1.64714569334848,-1.58525326033373,-1.60648462618087,-1.61513324593507
abalone_point_0814,abalone,regression,5,0.084625011220843,nominal,-2.23986656538009,-2.24588427183773,-1.90107566201218,-1.51051946904662,-1.4546008243019,-1.45595675265247,-1.55047931342875
abalone_point_4004,abalone,regression,8,0.088365680415643,nominal,-0.116510619104682,-0.180182170588426,-0.347057634630302,-0.472568003827964,-0.299002553882401,-0.49349065221332,-0.598629751530139
abalone_point_3014,abalone,regression,8,0.234270901450551,nominal,-1.1157369467637,-1.28860768833195,-1.18383657245131,-1.25154140208636,-1.23834851638714,-1.33735903411495,-1.14818817783386
abalone_point_3412,abalone,regression,7,0.090205109253046,nominal,-0.782661504210693,-0.885543863697944,-0.944756875931023,-0.903858249198779,-0.754033451786374,-0.967881526363424,-0.997329001985783
abalone_point_3039,abalone,regression,9,0.461238110875758,nominal,0.3414681144057,0.323647610204087,-0.107977938110013,-0.12386525225156,-0.130055438323995,-0.384015835101757,0.0622771140900268
abalone_point_3135,abalone,regression,8,0.597375767247803,nominal,-0.532854922295939,-0.482480039063934,-0.347057634630302,-0.574527872709953,-0.643654669621549,-0.639457075028736,-0.350789676922577
abalone_point_0959,abalone,regression,8,0.146707783666216,nominal,-0.199779479742934,-0.230565148667677,-0.466597482890446,-0.548018306800636,-0.341802489823864,-0.707878835723463,-0.74589704223898
abalone_point_2452,abalone,regression,10,0.770139504996968,anomaly,-1.4488123893167,-1.49013960064896,-1.18383657245131,-1.28620775750624,-1.29241159336583,-1.13665520274375,-1.28467981312499
abalone_point_4124,abalone,regression,8,0.470192842877213,nominal,-0.283048340381185,-0.33133110482618,-0.58613733115059,-0.554135898933555,-0.59409684905775,-0.429630342231575,-0.447770575682058
abalone_point_4039,abalone,regression,11,0.392883069931319,anomaly,0.216564823448323,0.374030588283339,-0.347057634630302,-0.31962820050498,-0.321528835956855,-0.402261637953684,-0.207114271352976
abalone_point_1074,abalone,regression,7,0.413037867014609,nominal,-0.990833655806321,-1.08707577601495,-0.705677179410735,-1.03742567743418,-0.844138580084191,-1.24613001985531,-1.04761539393514
abalone_point_3642,abalone,regression,9,0.308010574836016,nominal,-0.491220491976813,-0.381714082905431,-0.58613733115059,-0.858995906890703,-0.936496336589453,-0.794546399270117,-0.67046745431494
abalone_point_2634,abalone,regression,6,0.264148301906662,nominal,-0.824295934529819,-0.784777907539442,-0.58613733115059,-1.02417089447953,-1.02660146488727,-0.945074272798515,-0.975777691150343
abalone_point_3122,abalone,regression,7,0.321412643128598,nominal,0.216564823448323,0.172498675966333,0.0115619101501313,0.251347065234161,0.586280331643646,0.126866644752201,-0.146052223985895
abalone_point_3955,abalone,regression,7,0.281110630716199,nominal,-0.324682770700311,-0.230565148667677,-0.825217027670879,-0.556175096311195,-0.285486784637729,-0.698755934297499,-0.760264582795941
abalone_point_4098,abalone,regression,9,0.757716029829089,nominal,0.92435013887346,0.928243347155103,0.967880696231285,0.943654574942869,1.05707962699974,0.811084251699467,0.942288973203835
abalone_point_0897,abalone,regression,4,0.136206205098548,nominal,-2.23986656538009,-2.29626724991698,-2.02061551027232,-1.52071545593481,-1.4793797345838,-1.45139530193949,-1.57203062426419
abalone_point_0401,abalone,regression,9,0.407461014161144,nominal,-0.324682770700311,-0.432097060984683,-0.466597482890446,-0.489901181537902,-0.40262345142489,-0.452437595796484,-0.458546231099778
abalone_point_0798,abalone,regression,9,0.211825293592994,nominal,-0.699392643572442,-0.73439492946019,-0.705677179410735,-0.88652507148884,-0.911717426307553,-0.771739145705208,-0.839286055859221
abalone_point_3854,abalone,regression,9,0.413648045675324,nominal,0.383102544724825,0.575562500600344,0.370181454930564,0.284993821965217,0.390301677595895,0.733539589578777,0.116155391178627
abalone_point_3439,abalone,regression,6,0.066452584018435,nominal,-0.782661504210693,-0.73439492946019,-0.825217027670879,-0.919152229531077,-0.772054477445938,-0.93138992065957,-1.06916670477058
abalone_point_2580,abalone,regression,7,0.200638181975475,nominal,0.00839267185269475,0.0717327198078305,-0.107977938110013,-0.0698265217441058,0.156028344021572,0.0766906869094017,-0.264584433580816
abalone_point_1932,abalone,regression,9,0.591470266322657,nominal,0.799446847916082,0.8274773909966,0.250641606670419,0.746872028000629,0.455627895611812,1.10757854804328,0.834532419026634
abalone_point_3012,abalone,regression,8,0.125441826501334,nominal,-1.24064023772108,-1.2382247102527,-1.18383657245131,-1.20667905977829,-1.14148550346699,-1.28718307627215,-1.14100440755538
abalone_point_3453,abalone,regression,8,0.230200392848308,nominal,0.258199253767449,0.323647610204087,0.131101758410275,0.107583650110556,0.318217574957642,0.154235349030092,-0.167603534821335
abalone_point_1334,abalone,regression,9,0.635197720167671,nominal,0.383102544724825,0.273264632124836,-0.347057634630302,0.138171610775152,0.106470523457773,0.0265147290666022,0.259830796748229
abalone_point_0632,abalone,regression,7,0.513794672735173,nominal,-0.782661504210693,-0.684011951380939,-0.466597482890446,-0.89264266362176,-0.91847531092989,-0.780862047131171,-0.70638630570734
abalone_point_0408,abalone,regression,16,0.220176861922755,anomaly,0.549640266001328,0.777094412917349,-0.466597482890446,0.16773997275093,0.138007318362009,0.0128303769276569,0.367587350925429
abalone_point_1055,abalone,regression,3,0.138785377526053,nominal,-2.7394797292096,-2.59856511839249,-2.25969520679261,-1.61349893661742,-1.53794806797738,-1.59280027404193,-1.63668455677051
abalone_point_1290,abalone,regression,8,0.26481178754521,nominal,-0.158145049423808,-0.129799192509174,-0.825217027670879,-0.566371083199394,-0.501739092552488,-0.707878835723463,-0.487281312213698
abalone_point_0894,abalone,regression,5,0.103930584003395,nominal,-2.36476985633747,-2.34665022799623,-2.02061551027232,-1.54620542315531,-1.50641127307314,-1.51981706263422,-1.56484685398571
abalone_point_1786,abalone,regression,8,0.176835994371435,nominal,0.0916615324909462,0.172498675966333,-0.107977938110013,-0.117747660118641,0.0771863567609827,0.00826892621467509,-0.426219264846618
abalone_point_0822,abalone,regression,6,0.462526515378656,nominal,-1.2822746680402,-1.33899066641121,0.0115619101501313,-1.2382866191317,-1.182032811201,-1.23244566771637,-1.27390415770727
abalone_point_3296,abalone,regression,14,0.338229789012798,anomaly,0.549640266001328,0.42441356636259,-0.466597482890446,-0.163629601115536,-0.112034412664432,-0.447876145083502,-0.135276568568175
abalone_point_2572,abalone,regression,9,0.120275384975399,nominal,-0.491220491976813,-0.684011951380939,-0.825217027670879,-0.69891891274598,-0.578328451605632,-0.703317385010481,-0.835694170719981
abalone_point_3474,abalone,regression,4,0.139424752907298,nominal,-2.61457643825222,-2.59856511839249,-2.02061551027232,-1.59718535759631,-1.5289375551476,-1.58823882332894,-1.62231701621355
abalone_point_0955,abalone,regression,8,0.167066532762517,nominal,-0.283048340381185,-0.230565148667677,-0.347057634630302,-0.366529740190695,-0.177360630680349,-0.516297905778229,-0.498056967631418
abalone_point_3774,abalone,regression,9,0.60392322333466,nominal,0.424736975043951,0.525179522521093,0.250641606670419,0.200367130793166,-0.118792297286768,0.240902912576745,0.42864939829251
abalone_point_1675,abalone,regression,9,0.630782326337192,nominal,0.716177987277831,0.625945478679595,0.728800999710997,0.590873428611185,0.734953793335043,0.546520110346524,0.511262756495031
abalone_point_3860,abalone,regression,9,0.591646949224114,nominal,0.383102544724825,0.323647610204087,1.20696039275157,0.385934092158387,0.394806934010786,0.240902912576745,0.187993093963428
abalone_point_2645,abalone,regression,8,0.115846627577125,nominal,-0.283048340381185,-0.33133110482618,-0.347057634630302,-0.579625866154052,-0.362076143690873,-0.5984040186119,-0.781815893631381
abalone_point_1514,abalone,regression,8,0.59122534733522,nominal,1.04925342983084,0.777094412917349,0.0115619101501313,0.706088080447833,0.520954113627729,0.573888814624415,-0.171195419960575
abalone_point_2286,abalone,regression,9,0.114200634336255,nominal,-0.865930364848945,-0.784777907539442,-0.944756875931023,-0.972171361349711,-0.882433259610763,-0.835599455686953,-0.997329001985783
abalone_point_3483,abalone,regression,7,0.577612858995441,nominal,-0.449586061657688,-0.532863017143185,0.131101758410275,-0.775388814407472,-0.916222682722444,-0.717001737149426,-0.832102285580741
abalone_point_4019,abalone,regression,8,0.545282178377046,nominal,1.13252229046909,0.777094412917349,0.370181454930564,0.813145942773922,1.12916372963799,0.852137308116303,0.43942505371023
abalone_point_4114,abalone,regression,8,0.320191204335825,nominal,0.299833684086575,0.122115697887082,0.0115619101501313,0.0168393668055852,0.246133472319388,0.30476322255849,-0.278951974137776
abalone_point_4170,abalone,regression,10,0.228944823773262,anomaly,-0.033241758466431,-0.230565148667677,0.609261151450853,-0.0769637125658449,0.0704284721386464,-0.00541542592427023,-0.411851724289657
abalone_point_1542,abalone,regression,7,0.135200301028397,nominal,-1.36554352867845,-1.33899066641121,-1.54245611723174,-1.24032581650934,-1.17527492657867,-1.24613001985531,-1.2415771914541
abalone_point_1561,abalone,regression,6,0.076192818430066,nominal,-0.741027073891568,-0.835160885618693,-0.705677179410735,-0.941583400685115,-0.900454285270326,-0.917705568520624,-0.961410150593383
abalone_point_1878,abalone,regression,8,0.410455118016459,nominal,0.133295962810072,-0.180182170588426,-0.347057634630302,-0.41445087856523,-0.48146543868548,-0.206119257295468,-0.350789676922577
abalone_point_2788,abalone,regression,11,0.261107576381117,anomaly,0.716177987277831,0.42441356636259,-0.227517786370157,0.0892308737117978,0.133502061947118,-0.0829600880449602,0.238279485912789
abalone_point_1157,abalone,regression,10,0.419108584782639,anomaly,0.63290912663958,0.575562500600344,0.370181454930564,0.382875296091927,0.687648600978689,0.601257518902305,-0.0993577171757746
abalone_point_2094,abalone,regression,11,0.324453515111878,anomaly,-0.158145049423808,-0.230565148667677,-0.58613733115059,-0.433823253652808,-0.524265374626942,-0.666825779306627,-0.207114271352976
abalone_point_1081,abalone,regression,7,0.13709129407423,nominal,-0.782661504210693,-0.73439492946019,-0.466597482890446,-0.880407479355921,-0.724749285089584,-0.858406709251861,-0.972185806011103
abalone_point_3925,abalone,regression,20,0.207082739173108,anomaly,-0.199779479742934,-0.0794162144299231,0.609261151450853,-0.241119101465848,-0.40262345142489,-0.320155525120012,-0.0993577171757746
abalone_point_0861,abalone,regression,6,0.463027943990472,nominal,0.591274696320454,0.676328456758846,0.489721303190708,0.635735770919261,0.845332575499868,0.459852546799871,0.231095715634308
abalone_point_4149,abalone,regression,11,0.232039421008958,anomaly,2.04847975748985,1.98628588681938,0.848340847971141,2.49140538457147,1.98741507667469,3.15110846745912,0.834532419026634
abalone_point_3292,abalone,regression,9,0.51578804304626,nominal,0.0500271021718205,-0.0290332363506717,-0.227517786370157,-0.185041173580754,-0.337297233408973,-0.0966444401839055,-0.329238366087137
abalone_point_3671,abalone,regression,8,0.589780173836787,nominal,0.549640266001328,0.575562500600344,-0.107977938110013,0.327816966895653,0.288933408260851,0.167919701169037,0.295749648140629
abalone_point_1826,abalone,regression,4,0.111278422329012,nominal,-2.36476985633747,-2.29626724991698,-2.02061551027232,-1.57679338381991,-1.51316915769548,-1.52893996406018,-1.58639816482115
abalone_point_3116,abalone,regression,6,0.357553617193369,nominal,-0.699392643572442,-0.684011951380939,-0.466597482890446,-0.671389748147843,-0.283234156430283,-0.785423497844153,-0.864429251833902
abalone_point_3500,abalone,regression,9,0.645547187066257,nominal,0.591274696320454,0.625945478679595,0.609261151450853,0.380836098714287,0.593038216265982,0.0903750390483471,0.360403580646949
abalone_point_1599,abalone,regression,9,0.633104557430621,nominal,0.0500271021718205,-0.0794162144299231,0.131101758410275,-0.558214293688835,-0.747275567164038,-0.456999046509465,-0.314870825530177
abalone_point_3551,abalone,regression,8,0.109546291336506,nominal,-0.158145049423808,-0.180182170588426,-0.58613733115059,-0.551077102867095,-0.458939156611025,-0.561912412908046,-0.612997292087099
abalone_point_3755,abalone,regression,8,0.4035089853517,nominal,-0.324682770700311,-0.381714082905431,0.0115619101501313,-0.657115366504364,-0.526518002834388,-0.844722357112916,-0.66328368403646
abalone_point_3975,abalone,regression,8,0.177020846070741,nominal,-0.865930364848945,-0.885543863697944,-0.58613733115059,-0.855937110824244,-0.693212490185348,-0.794546399270117,-0.961410150593383
abalone_point_2246,abalone,regression,9,0.655992672712627,nominal,-0.532854922295939,-0.33133110482618,0.0115619101501313,-0.648958576993805,-0.754033451786374,-0.694194483584518,-0.243033122745376
abalone_point_3660,abalone,regression,9,0.301613757773627,nominal,0.174930393129198,0.0213497417285791,0.0115619101501313,-0.187080370958393,-0.0467081946485151,-0.279102468703177,-0.192746730796016
abalone_point_1880,abalone,regression,9,0.582922444187429,nominal,0.174930393129198,0.222881654045585,0.0115619101501313,-0.289040239840383,-0.440918130951462,-0.36577003224983,0.080236539786227
abalone_point_4148,abalone,regression,11,0.152994804367785,anomaly,1.42396330270297,1.43207312794762,1.32650024101172,1.70427519680251,1.65627873018022,1.63670683074917,1.48107174408984
abalone_point_3490,abalone,regression,8,0.359020086486429,nominal,0.0500271021718205,0.122115697887082,0.0115619101501313,-0.41139208249877,-0.310265694919628,-0.584719666472955,-0.401076068871937
abalone_point_2653,abalone,regression,9,0.164045433529438,nominal,-0.0748761887855567,-0.0794162144299231,-0.347057634630302,-0.481744392027343,-0.425149733499344,-0.575596765046992,-0.508832623049138
abalone_point_2394,abalone,regression,7,0.147077105760646,nominal,-1.86515669250796,-1.89320342528297,-1.18383657245131,-1.39938321196525,-1.36224306779664,-1.34192048482793,-1.40680390785915
abalone_point_3318,abalone,regression,7,0.083838527411622,nominal,-2.15659770474184,-2.09473533759998,-1.78153581375203,-1.51867625855717,-1.46586396533912,-1.55174721762509,-1.50019292147939
abalone_point_1229,abalone,regression,4,0.10613094138097,nominal,-1.36554352867845,-1.38937364449046,-1.30337642071146,-1.29028615226152,-1.22483274714247,-1.32823613268898,-1.25594473201107
abalone_point_0006,abalone,regression,8,0.339374553691495,nominal,-0.824295934529819,-1.08707577601495,-1.06429672419117,-0.973190960038531,-0.983801528945807,-0.940512822085533,-0.853653596416181
abalone_point_2413,abalone,regression,7,0.266205600226089,nominal,-1.78188783186971,-1.64128853488671,-1.06429672419117,-1.38408923163295,-1.38251672166364,-1.33735903411495,-1.37088505646675
abalone_point_3771,abalone,regression,9,0.465908905810023,nominal,0.3414681144057,0.222881654045585,-0.347057634630302,-0.355314154613676,-0.350813002653646,-0.379454384388775,-0.207114271352976
abalone_point_3118,abalone,regression,8,0.346559845449246,nominal,-0.449586061657688,-0.482480039063934,-0.944756875931023,-0.730526472099397,-0.882433259610763,-0.835599455686953,-0.7207538462643
abalone_point_1847,abalone,regression,7,0.512761547192866,nominal,-0.491220491976813,-0.381714082905431,-0.705677179410735,-0.782526005229211,-0.882433259610763,-0.771739145705208,-0.523200163606098
abalone_point_2752,abalone,regression,9,0.439457924154056,nominal,-0.0748761887855567,-0.129799192509174,-0.107977938110013,-0.637742991416786,-0.711233515844912,-0.44331469437052,-0.551935244720019
abalone_point_2222,abalone,regression,17,0.156693226561944,anomaly,0.466371405363077,0.575562500600344,0.848340847971141,0.420600447578263,0.187565138925808,0.0538834333444928,1.05004552738104
abalone_point_3528,abalone,regression,7,0.22367150716045,nominal,-1.4488123893167,-1.49013960064896,-1.18383657245131,-1.33005050112549,-1.29466422157327,-1.323674681976,-1.30263923882119
abalone_point_2723,abalone,regression,7,0.127059940470189,nominal,-1.24064023772108,-1.33899066641121,-1.06429672419117,-1.22197304011059,-1.19104332403078,-1.15033955488269,-1.2415771914541
abalone_point_1257,abalone,regression,7,0.097820801544756,nominal,-0.824295934529819,-0.986309819856447,-1.18383657245131,-1.07617042760934,-0.995064669983033,-1.05454908991008,-1.14100440755538
abalone_point_3636,abalone,regression,6,0.186172921238476,nominal,-1.2822746680402,-1.33899066641121,-1.06429672419117,-1.16589511222549,-1.16175915733399,-1.14577810416971,-1.12304498185918
abalone_point_1892,abalone,regression,9,0.538952044650182,nominal,0.3414681144057,0.273264632124836,0.131101758410275,0.0321333471378837,0.17179674147369,-0.206119257295468,0.116155391178627
abalone_point_2045,abalone,regression,7,0.592837182435897,nominal,-1.03246808612545,-1.0366927979357,0.489721303190708,-0.939544203307475,-0.8396333236693,-1.00437313206728,-0.961410150593383
abalone_point_3254,abalone,regression,6,0.203861669751163,nominal,-0.782661504210693,-0.583245995222437,-0.825217027670879,-0.943622598062754,-0.850896464706527,-0.867529610677825,-0.925491299200982
abalone_point_2780,abalone,regression,9,0.480020050724914,nominal,0.549640266001328,0.625945478679595,0.131101758410275,0.193229939971427,0.428596357122467,-0.0692757359060151,0.108971620900147
abalone_point_0749,abalone,regression,14,0.112069716152167,anomaly,0.0916615324909462,0.122115697887082,-0.227517786370157,-0.0473953505900681,-0.262960502563275,0.00370747550169332,0.295749648140629
abalone_point_1776,abalone,regression,8,0.598341918224358,nominal,-0.324682770700311,-0.432097060984683,-0.825217027670879,-0.628566603217407,-0.740517682541702,-0.525420807204192,-0.408259839150417
abalone_point_3529,abalone,regression,6,0.17745438241766,nominal,-1.4488123893167,-1.43975662256971,-1.30337642071146,-1.33616809325841,-1.26988531129137,-1.33735903411495,-1.31341489423891
abalone_point_0885,abalone,regression,10,0.202172893408028,anomaly,1.13252229046909,1.12977525947211,1.20696039275157,1.48710067608387,1.78242590979716,1.07108694233943,1.15780208155824
abalone_point_1883,abalone,regression,8,0.271055924730588,nominal,0.258199253767449,0.273264632124836,0.0115619101501313,-0.161590403737896,-0.0827502459676415,-0.146820398026705,-0.178379190239055
abalone_point_3317,abalone,regression,16,0.231370699667148,anomaly,-0.699392643572442,-0.583245995222437,0.0115619101501313,-0.770290820963373,-0.848643836499082,-1.00437313206728,-0.393892298593457
abalone_point_3257,abalone,regression,12,0.380995870468799,anomaly,0.424736975043951,0.726711434838098,0.250641606670419,0.0933092684670773,0.0704284721386464,0.113182292613256,0.367587350925429
abalone_point_2579,abalone,regression,9,0.264217282164672,nominal,-0.0748761887855567,-0.129799192509174,-0.466597482890446,-0.372647332323614,-0.335044605201528,-0.402261637953684,-0.480097541935218
abalone_point_2949,abalone,regression,8,0.673713463778074,nominal,0.92435013887346,0.928243347155103,1.20696039275157,0.940595778876409,1.05257437058485,1.13038580160819,0.812981108191193
abalone_point_3399,abalone,regression,9,0.106940163010126,nominal,-1.32390909835933,-1.2382247102527,-1.30337642071146,-1.24032581650934,-1.23384325997225,-1.17770825916059,-1.21284211034018
abalone_point_3493,abalone,regression,8,0.360476962652335,nominal,0.258199253767449,0.323647610204087,0.131101758410275,0.0433489327149024,0.257396613356616,-0.110328792322851,-0.0634388657833743
abalone_point_4118,abalone,regression,9,0.643344073618039,nominal,0.965984569192585,0.978626325234355,0.848340847971141,0.998712904139143,1.16745840916456,1.10757854804328,0.665713817482352
abalone_point_3477,abalone,regression,7,0.220657385175806,nominal,-1.03246808612545,-1.18784173217345,-0.944756875931023,-1.16385591484785,-1.15049601629677,-1.10928649846586,-1.13022875213766
abalone_point_2199,abalone,regression,6,0.209244494386322,nominal,-2.11496327442271,-2.19550129375848,-1.4229162689716,-1.52479385069009,-1.49965338845081,-1.46964110479142,-1.50019292147939
abalone_point_2520,abalone,regression,7,0.647907309080636,nominal,-0.158145049423808,-0.180182170588426,1.08742054449143,-0.440960444474547,-0.416139220669562,-0.352085680110885,-0.480097541935218
abalone_point_3532,abalone,regression,7,0.082091860065362,nominal,-1.32390909835933,-1.33899066641121,-1.18383657245131,-1.21177705322239,-1.1324749906372,-1.18226970987357,-1.26672038742879
abalone_point_0846,abalone,regression,9,0.460717397127327,nominal,0.133295962810072,-0.0290332363506717,-0.347057634630302,0.126956025198134,0.550238280324519,0.0994979404743106,-0.264584433580816
abalone_point_3959,abalone,regression,9,0.606023101388624,nominal,0.716177987277831,0.928243347155103,0.967880696231285,1.2423969907671,0.71693276767548,1.75986599999968,0.687265128317793
abalone_point_1863,abalone,regression,8,0.469326503105504,nominal,-0.033241758466431,0.0213497417285791,-0.705677179410735,-0.632644997972687,-0.643654669621549,-0.812792202122044,-0.393892298593457
abalone_point_1777,abalone,regression,9,0.535800248821385,nominal,-0.324682770700311,-0.381714082905431,0.370181454930564,0.283974223276397,0.268659754393843,0.592134617476342,-0.016744358973254
abalone_point_2175,abalone,regression,13,0.114679032915247,anomaly,1.00761899951171,0.928243347155103,0.728800999710997,0.725460455535411,0.545733023909628,0.852137308116303,0.834532419026634
abalone_point_3050,abalone,regression,9,0.646794031329035,nominal,0.549640266001328,-0.0290332363506717,0.250641606670419,0.0494665248478218,-0.150329092191004,0.738101040291759,0.0443176883938266
abalone_point_4068,abalone,regression,6,0.320034639893214,nominal,-1.03246808612545,-1.08707577601495,-0.58613733115059,-1.04150407218946,-1.01759095205749,-0.986127329215351,-1.0440235087959
abalone_point_2767,abalone,regression,8,0.630306298359807,nominal,0.258199253767449,0.374030588283339,0.848340847971141,0.647970955185099,0.863353601159432,0.578450265337397,0.284973992722909
abalone_point_2665,abalone,regression,9,0.521058440602573,nominal,0.383102544724825,0.222881654045585,0.489721303190708,-0.0361797650130491,0.126744177324782,-0.196996355869505,-0.0742145212010944
abalone_point_1875,abalone,regression,9,0.437583952737296,nominal,0.0916615324909462,0.474796544441841,0.0115619101501313,0.35228733542733,0.768743216446724,-0.0373455809151427,0.0371339181153465
abalone_point_0921,abalone,regression,6,0.179849663385586,nominal,-0.907564795168071,-0.784777907539442,-1.18383657245131,-0.956877381017413,-0.853149092913972,-0.908582667094661,-1.06916670477058
abalone_point_1035,abalone,regression,9,0.593340951229892,nominal,1.09088786014996,0.525179522521093,0.489721303190708,1.35659204391493,1.48733161462181,1.37214268939622,-0.404667954011177
abalone_point_1655,abalone,regression,8,0.598397947991774,nominal,0.591274696320454,0.525179522521093,0.250641606670419,0.00970217598384601,0.0794389849684281,0.108620841900274,-0.0275200143909741
abalone_point_2206,abalone,regression,6,0.135286260069776,nominal,-2.07332884410359,-1.89320342528297,-1.4229162689716,-1.41161839623109,-1.36449569600408,-1.38753499195775,-1.41398767813763
abalone_point_0322,abalone,regression,4,0.163092459107551,nominal,-2.78111415952873,-2.64894809647174,-2.37923505505275,-1.6124793379286,-1.54470595259971,-1.58823882332894,-1.60794947565659
abalone_point_2662,abalone,regression,9,0.391508916500112,nominal,0.3414681144057,0.222881654045585,-0.227517786370157,-0.0912380942093234,-0.0444555664410697,0.0721292361964199,-0.185562960517535
abalone_point_1093,abalone,regression,7,0.132302337031161,nominal,-0.532854922295939,-0.583245995222437,-0.58613733115059,-0.842682327869585,-0.808096528765064,-0.753493342853281,-0.871613022112382
abalone_point_3134,abalone,regression,9,0.487369460129066,nominal,-0.324682770700311,-0.180182170588426,-0.944756875931023,-0.555155497622375,-0.621128387547095,-0.593842567898919,-0.386708528314977
abalone_point_0437,abalone,regression,7,0.356605270713141,nominal,-1.36554352867845,-1.33899066641121,-1.06429672419117,-1.24746300733108,-1.24060114459458,-1.25069147056829,-1.06916670477058
abalone_point_1447,abalone,regression,5,0.078146466753783,nominal,-0.699392643572442,-0.684011951380939,-0.825217027670879,-0.937505005929835,-0.880180631403317,-0.917705568520624,-0.986553346568062
abalone_point_1871,abalone,regression,8,0.53269566746072,nominal,0.0500271021718205,0.222881654045585,0.0115619101501313,-0.309432213616781,-0.276476271807947,-0.767177694992226,-0.0634388657833743
abalone_point_2558,abalone,regression,7,0.184888757310284,nominal,-1.1157369467637,-1.1374587540942,-0.944756875931023,-1.12103276991742,-1.09868556752552,-1.10928649846586,-1.14100440755538
abalone_point_1785,abalone,regression,8,0.303193240665318,nominal,0.0500271021718205,0.0213497417285791,0.0115619101501313,-0.151394416849697,-0.0444555664410697,-0.0829600880449602,-0.203522386213736
abalone_point_2618,abalone,regression,9,0.668737832758024,nominal,1.21579115110734,1.12977525947211,1.20696039275157,1.65125606498387,2.03697289723849,1.71881294358284,1.09314814905192
abalone_point_0137,abalone,regression,7,0.083358588592623,nominal,-1.82352226218884,-1.79243746912447,-1.4229162689716,-1.37185404736711,-1.31493787544028,-1.33279758340197,-1.37088505646675
abalone_point_4101,abalone,regression,9,0.636957852651179,nominal,1.25742558142647,1.12977525947211,0.848340847971141,1.35659204391493,1.69907866612168,1.13950870303415,0.942288973203835
abalone_point_3145,abalone,regression,9,0.675848346207669,nominal,0.841081278235208,0.726711434838098,1.44604008927186,1.00890889102734,1.11790058860076,1.13950870303415,0.834532419026634
abalone_point_1084,abalone,regression,7,0.155773249749537,nominal,-0.699392643572442,-0.784777907539442,-0.705677179410735,-0.934446209863375,-0.92298056734478,-0.88121396281677,-0.853653596416181
abalone_point_1571,abalone,regression,7,0.204735945736845,nominal,-0.407951631338562,-0.482480039063934,-0.944756875931023,-0.816172761960268,-0.733759797919366,-0.744370441427317,-0.911123758644022
abalone_point_1436,abalone,regression,5,0.136475564407231,nominal,-1.15737137708282,-1.08707577601495,-1.18383657245131,-1.18628708600189,-1.06714877262129,-1.24613001985531,-1.23080153603638
abalone_point_1466,abalone,regression,8,0.266806844652455,nominal,-0.0748761887855567,-0.129799192509174,-0.347057634630302,-0.556175096311195,-0.404876079632335,-0.771739145705208,-0.494465082492178
abalone_point_2143,abalone,regression,9,0.144804438420631,nominal,-0.532854922295939,-0.583245995222437,-0.705677179410735,-0.88550547280002,-0.859906977536309,-0.858406709251861,-0.817734745023781
abalone_point_2103,abalone,regression,9,0.309155012943357,nominal,-0.949199225487196,-0.986309819856447,-0.705677179410735,-1.04762166432238,-1.06039088799895,-0.899459765668697,-1.03324785337818
abalone_point_3011,abalone,regression,6,0.140348393945888,nominal,-1.24064023772108,-1.49013960064896,-1.4229162689716,-1.26683538241866,-1.21356960610524,-1.26893727342022,-1.21284211034018
abalone_point_0916,abalone,regression,6,0.148366179734884,nominal,-1.24064023772108,-1.28860768833195,-1.18383657245131,-1.25154140208636,-1.24060114459458,-1.1001635970399,-1.32059866451739
abalone_point_0991,abalone,regression,9,0.496822563583007,nominal,0.424736975043951,0.525179522521093,0.489721303190708,0.559265869257769,0.804785267765851,0.368623532540235,0.0730527695077469
abalone_point_2591,abalone,regression,8,0.439863651864458,nominal,0.466371405363077,0.374030588283339,0.131101758410275,0.120838433065214,0.228112446659825,0.00826892621467509,0.0263582626976264
abalone_point_2559,abalone,regression,6,0.570337842794101,nominal,-0.990833655806321,-0.986309819856447,-1.78153581375203,-1.03640607874536,-0.909464798100108,-1.04542618848411,-1.08353424532754
abalone_point_0221,abalone,regression,9,0.526054822787203,nominal,-0.657758213253316,-0.835160885618693,-0.347057634630302,-0.762134031452813,-0.814854413387401,-0.621211272176809,-0.70997819084658
abalone_point_2514,abalone,regression,8,0.696010532396302,nominal,-0.491220491976813,-0.583245995222437,-0.107977938110013,-0.41241168118759,-0.452181271988689,-0.329278426545976,-0.458546231099778
abalone_point_3869,abalone,regression,8,0.6057632577476,nominal,-0.699392643572442,-0.684011951380939,-0.107977938110013,-0.879387880667101,-0.941001593004344,-0.785423497844153,-0.74589704223898
abalone_point_2023,abalone,regression,9,0.538924601713633,nominal,0.0500271021718205,0.222881654045585,0.250641606670419,-0.178923581447834,-0.154834348605895,0.0447605319185293,-0.307687055251696
abalone_point_3576,abalone,regression,8,0.522241842892329,nominal,0.63290912663958,0.625945478679595,0.250641606670419,0.202406328170806,0.284428151845961,0.0219532783536204,0.259830796748229
abalone_point_1991,abalone,regression,7,0.070295338073419,nominal,-2.03169441378446,-2.09473533759998,-1.78153581375203,-1.50746067298016,-1.45685345250934,-1.47876400621738,-1.50019292147939
abalone_point_2260,abalone,regression,13,0.322872789982977,anomaly,0.549640266001328,0.575562500600344,0.489721303190708,0.554167875813669,0.660617062489344,0.655994927458087,0.40350620231783
abalone_point_1842,abalone,regression,7,0.148282243322034,nominal,-0.741027073891568,-0.73439492946019,-0.944756875931023,-1.02824928923481,-1.01083306743515,-0.93138992065957,-1.01169654254274
abalone_point_2996,abalone,regression,9,0.58951876448193,nominal,0.716177987277831,0.777094412917349,0.728800999710997,0.92224300247765,1.07059539624441,1.12126290018223,0.654938162064632
abalone_point_2061,abalone,regression,9,0.53063060595513,nominal,-0.199779479742934,-0.180182170588426,-0.107977938110013,-0.096336087653423,0.00735488233017484,-0.21068070800845,-0.00237681841629385
abalone_point_2091,abalone,regression,17,0.232022961637763,anomaly,2.09011418780898,1.63360504026462,1.92419948231244,2.45368023308513,1.69232078149934,2.69040194544796,3.01480669854533
abalone_point_2785,abalone,regression,9,0.526012793257308,nominal,0.63290912663958,0.42441356636259,0.131101758410275,0.0984072619111767,0.329480715994869,-0.233487961573359,0.00839883700142625
abalone_point_3546,abalone,regression,8,0.464297927912334,nominal,-0.407951631338562,-0.482480039063934,-0.107977938110013,-0.801898380316789,-0.736012426126811,-0.80366930069608,-0.817734745023781
abalone_point_3022,abalone,regression,9,0.401998302198688,nominal,-0.574489352615065,-0.532863017143185,-0.825217027670879,-0.931387413796916,-0.997317298190479,-0.949635723511497,-0.74589704223898
abalone_point_2038,abalone,regression,5,0.068291037047148,nominal,-2.11496327442271,-2.14511831567923,-1.78153581375203,-1.47279431756028,-1.4050430037381,-1.44227240051353,-1.51096857689711
abalone_point_3144,abalone,regression,4,0.176033573909703,nominal,-2.69784529889047,-2.59856511839249,-2.37923505505275,-1.59616575890749,-1.52443229873271,-1.58367737261596,-1.66901152302367
abalone_point_0984,abalone,regression,8,0.332615091507704,nominal,0.3414681144057,-0.0794162144299231,-0.227517786370157,-0.267628667375165,-0.233676335866484,-0.128574595174778,-0.422627379707378
abalone_point_2531,abalone,regression,9,0.511832224351981,nominal,0.63290912663958,0.777094412917349,0.609261151450853,0.635735770919261,1.0255428320955,0.336693377549363,0.353219810368469
abalone_point_1575,abalone,regression,8,0.598899532121653,nominal,-0.366317201019437,-0.532863017143185,0.489721303190708,-0.743781255054055,-0.623381015754541,-0.680510131445572,0.00121506672294618
abalone_point_4061,abalone,regression,8,0.194252349889966,nominal,0.174930393129198,-0.0290332363506717,-0.227517786370157,-0.348176963791937,-0.145823835776113,-0.329278426545976,-0.465730001378258
abalone_point_0650,abalone,regression,9,0.383151928098983,nominal,-0.407951631338562,-0.482480039063934,-0.347057634630302,-0.778447610473932,-0.855401721121418,-0.908582667094661,-0.70997819084658
abalone_point_0516,abalone,regression,6,0.152297833349219,nominal,-2.11496327442271,-2.14511831567923,-1.4229162689716,-1.48604910051494,-1.44559031147212,-1.46964110479142,-1.50019292147939
abalone_point_2913,abalone,regression,9,0.675598843222423,nominal,0.508005835682202,0.42441356636259,-0.107977938110013,0.0535449196031014,0.0907021260056552,0.0584448840574746,0.152074242571028
abalone_point_2166,abalone,regression,9,0.59865794480779,nominal,0.716177987277831,0.42441356636259,0.489721303190708,0.626559382719881,0.246133472319388,1.18968466087695,0.43942505371023
abalone_point_2584,abalone,regression,8,0.477673472562685,nominal,0.0500271021718205,-0.0290332363506717,0.250641606670419,0.122877630442854,0.207838792792817,0.427922391808998,-0.171195419960575
abalone_point_1584,abalone,regression,7,0.153312350418496,nominal,-0.116510619104682,-0.129799192509174,-0.227517786370157,-0.461352418250945,-0.353065630861091,-0.342962778684921,-0.551935244720019
abalone_point_1836,abalone,regression,7,0.350725681891836,nominal,-0.949199225487196,-0.73439492946019,-0.825217027670879,-1.01601410496897,-0.986054157153252,-1.06367199133604,-0.961410150593383
abalone_point_2749,abalone,regression,9,0.630832290466079,nominal,-0.158145049423808,-0.230565148667677,-0.347057634630302,-0.474607201205603,-0.515254861797161,-0.762616244279244,-0.207114271352976
abalone_point_3181,abalone,regression,7,0.319281903463538,nominal,-1.2822746680402,-1.1374587540942,-0.944756875931023,-1.14244434238263,-1.09418031111063,-1.13665520274375,-1.1158612115807
abalone_point_0352,abalone,regression,22,0.236271485701723,anomaly,0.508005835682202,0.42441356636259,0.728800999710997,0.0810740842012386,-0.121044925494214,-0.155943299452669,0.223911945355828
abalone_point_1568,abalone,regression,8,0.14325356241487,nominal,-0.491220491976813,-0.633628973301688,-0.705677179410735,-0.88856426886648,-0.796833387727837,-0.977004427789387,-0.853653596416181
abalone_point_1481,abalone,regression,9,0.549908117211505,nominal,0.466371405363077,0.525179522521093,0.848340847971141,0.685696106671435,1.30937398623362,0.364062081827253,0.47893579024187
abalone_point_3108,abalone,regression,5,0.229602933275965,nominal,-1.2822746680402,-1.33899066641121,-0.944756875931023,-1.11593477647332,-0.941001593004344,-1.18683116058655,-1.22720965089714
abalone_point_3409,abalone,regression,7,0.151761408220753,nominal,-1.1157369467637,-0.935926841777196,-1.18383657245131,-1.0588372498994,-0.956769990456461,-1.19139261129953,-1.06916670477058
abalone_point_1451,abalone,regression,7,0.466477816397206,nominal,-0.574489352615065,-0.73439492946019,-0.107977938110013,-0.668330952081383,-0.384602425765327,-0.739808990714335,-0.950634495175662
abalone_point_0556,abalone,regression,10,0.34885255577857,anomaly,-0.199779479742934,-0.230565148667677,0.250641606670419,-0.41241168118759,-0.445423387366353,-0.128574595174778,-0.566302785276979
abalone_point_2228,abalone,regression,7,0.0882094876327,nominal,-2.07332884410359,-2.09473533759998,-1.54245611723174,-1.51459786380189,-1.48163236279124,-1.4742025555044,-1.50019292147939
abalone_point_3953,abalone,regression,5,0.117141446128257,nominal,-1.74025340155058,-1.74205449104522,-1.4229162689716,-1.32291331030375,-1.25862217025415,-1.23700711842935,-1.37806882674523
abalone_point_2806,abalone,regression,11,0.207162344975307,anomaly,1.13252229046909,1.18015823755136,1.44604008927186,1.29337692520809,1.32063712727085,1.08477129447837,1.3158450276848
abalone_point_3452,abalone,regression,8,0.633539547728169,nominal,0.216564823448323,0.323647610204087,0.370181454930564,0.176916360950308,0.0231232797822927,0.131428095465183,0.080236539786227
abalone_point_0922,abalone,regression,5,0.190479728285097,nominal,-0.865930364848945,-0.885543863697944,-0.58613733115059,-0.923230624286356,-0.857654349328863,-0.808230751409062,-0.997329001985783
abalone_point_0544,abalone,regression,8,0.20995793742948,nominal,-0.657758213253316,-0.583245995222437,-0.58613733115059,-0.952798986262133,-0.913970054514999,-1.01349603349324,-0.875204907251622
abalone_point_1887,abalone,regression,9,0.467361449016842,nominal,0.258199253767449,0.474796544441841,-0.107977938110013,0.0168393668055852,0.101965267042882,-0.0875215387579419,-0.0275200143909741
abalone_point_2170,abalone,regression,4,0.414062741068317,nominal,-2.98928631112435,-2.95124596494725,-2.97693429635348,-1.66040047630314,-1.59426377316351,-1.62016897831982,-1.67978717844139
abalone_point_2807,abalone,regression,9,0.635714233911635,nominal,1.25742558142647,1.18015823755136,0.728800999710997,1.79909787486276,2.14960430761076,1.56372361934146,1.69658485244424
abalone_point_1116,abalone,regression,9,0.271003789878997,nominal,0.00839267185269475,-0.0290332363506717,-0.466597482890446,-0.149355219472058,0.0726811003460918,-0.228926510860377,-0.271768203859296
abalone_point_2062,abalone,regression,8,0.486524272398244,nominal,-0.199779479742934,-0.280948126746929,0.0115619101501313,-0.394058904788832,-0.371086656520654,-0.342962778684921,-0.433403035125098
abalone_point_2517,abalone,regression,10,0.703709335261441,anomaly,-0.407951631338562,-0.432097060984683,-0.466597482890446,-0.609194228129829,-0.490475951515261,-0.758054793566262,-0.548343359580779
abalone_point_2172,abalone,regression,6,0.277258477148216,nominal,-2.78111415952873,-2.80009703070949,-2.61831475157304,-1.62981251563854,-1.5492112090146,-1.51069416120825,-1.64386832704899
abalone_point_0446,abalone,regression,9,0.596299238195301,nominal,0.299833684086575,0.474796544441841,1.20696039275157,-0.233981910644109,-0.34405511803131,-0.470683398648411,0.259830796748229
abalone_point_3840,abalone,regression,8,0.37497984070357,nominal,-0.033241758466431,0.172498675966333,-0.347057634630302,-0.0790029099434847,0.056912702893974,0.222657109724818,-0.350789676922577
abalone_point_2739,abalone,regression,8,0.119264649526003,nominal,-0.61612378293419,-0.835160885618693,-0.58613733115059,-0.812094367204988,-0.612117874717313,-0.93138992065957,-0.885980562669342
abalone_point_0394,abalone,regression,9,0.256080703170152,nominal,-1.32390909835933,-1.1374587540942,-1.06429672419117,-1.18016949386897,-1.13472761884465,-1.15033955488269,-1.14100440755538
abalone_point_1036,abalone,regression,10,0.219591633895499,anomaly,1.09088786014996,1.02900930331361,0.848340847971141,1.67980482827083,2.21718315383412,1.42231864723902,1.17935339239368
abalone_point_1557,abalone,regression,7,0.159012311547196,nominal,-0.907564795168071,-0.835160885618693,-0.944756875931023,-1.05170005907766,-0.992812041775588,-1.07735634347499,-1.02247219796046
abalone_point_0101,abalone,regression,7,0.161300711408366,nominal,-1.36554352867845,-1.43975662256971,-1.06429672419117,-1.21789464535531,-1.14599075988188,-1.22788421700338,-1.17692325894778
abalone_point_1828,abalone,regression,6,0.206634981070323,nominal,-1.53208124995496,-1.49013960064896,-1.30337642071146,-1.30558013259382,-1.25186428563181,-1.34192048482793,-1.28467981312499
abalone_point_2713,abalone,regression,4,0.134858886772969,nominal,-2.61457643825222,-2.59856511839249,-2.25969520679261,-1.60840094317332,-1.55822172184439,-1.57455447119,-1.64027644190975
abalone_point_1288,abalone,regression,8,0.277080452852939,nominal,-0.158145049423808,-0.0290332363506717,-0.227517786370157,-0.463391615628584,-0.260707874355829,-0.644018525741718,-0.422627379707378
abalone_point_2874,abalone,regression,6,0.196510476127291,nominal,-0.949199225487196,-1.0366927979357,-1.06429672419117,-1.15467952664847,-1.16851704195633,-1.17770825916059,-1.06916670477058
abalone_point_0473,abalone,regression,9,0.263474300537067,nominal,-0.782661504210693,-0.684011951380939,-0.466597482890446,-0.960955775772693,-0.938748964796898,-1.05911054062306,-0.965002035732623
abalone_point_1137,abalone,regression,7,0.442823607917874,nominal,0.424736975043951,0.525179522521093,0.131101758410275,0.338012953783852,0.480406805893712,0.441606743947943,0.187993093963428
abalone_point_0127,abalone,regression,6,0.073102678746759,nominal,-1.24064023772108,-1.33899066641121,-1.18383657245131,-1.20463986240065,-1.13472761884465,-1.15033955488269,-1.21284211034018
abalone_point_4002,abalone,regression,6,0.500875682086748,nominal,-0.366317201019437,-0.583245995222437,-0.825217027670879,-0.395078503477652,-0.0331924254038426,-0.488929201500338,-0.74589704223898
abalone_point_1486,abalone,regression,8,0.563322379723935,nominal,0.549640266001328,0.525179522521093,0.131101758410275,0.329856164273293,0.421838472500131,0.364062081827253,0.259830796748229
abalone_point_1712,abalone,regression,9,0.49923898654567,nominal,1.00761899951171,1.02900930331361,0.489721303190708,1.022163673982,1.38371071707932,1.17143885802503,0.561549148444391
abalone_point_0899,abalone,regression,4,0.578402264688144,nominal,-2.03169441378446,-2.900862986868,-1.54245611723174,-1.45138274509506,-1.41405351656788,-1.38297354124477,-1.46786595522623
abalone_point_3544,abalone,regression,8,0.346618628649705,nominal,-0.532854922295939,-0.684011951380939,-1.18383657245131,-0.906917045265238,-0.81034915697251,-1.02718038563219,-0.925491299200982
abalone_point_2563,abalone,regression,6,0.099953943639982,nominal,-0.699392643572442,-0.835160885618693,-0.944756875931023,-0.840643130491945,-0.78557024669061,-0.858406709251861,-0.925491299200982
abalone_point_1596,abalone,regression,9,0.814654260798705,nominal,0.00839267185269475,-0.0794162144299231,0.370181454930564,-0.248256292287587,-0.3485603744462,-0.183312003730559,-0.0993577171757746
abalone_point_3281,abalone,regression,24,0.218434112876158,anomaly,1.38232887238384,1.33130717178911,1.08742054449143,1.61251131480872,0.782258985691397,1.57284652076742,2.27128647472265
abalone_point_3088,abalone,regression,7,0.080993887539986,nominal,-0.824295934529819,-0.986309819856447,-1.06429672419117,-1.06291564465468,-0.992812041775588,-0.967881526363424,-1.04761539393514
abalone_point_0893,abalone,regression,6,0.143583822311498,nominal,-2.65621086857135,-2.69933107455099,-2.14015535853247,-1.59616575890749,-1.54470595259971,-1.53806286548615,-1.61872513107431
abalone_point_3555,abalone,regression,8,0.334699826249717,nominal,0.0500271021718205,0.122115697887082,-0.227517786370157,-0.348176963791937,-0.285486784637729,-0.511736455065247,-0.293319514694736
abalone_point_1073,abalone,regression,6,0.269940683652939,nominal,-1.03246808612545,-0.885543863697944,-1.06429672419117,-0.980328150860271,-0.745022938956593,-1.16402390702164,-1.09071801560602
abalone_point_1129,abalone,regression,8,0.605458175208856,nominal,0.299833684086575,0.323647610204087,0.370181454930564,-0.383862917900633,-0.105276528042096,-0.0373455809151427,0.0443176883938266
abalone_point_3222,abalone,regression,9,0.234327072020848,nominal,-1.15737137708282,-1.0366927979357,-1.18383657245131,-1.12409156598388,-1.12796973422231,-1.17770825916059,-0.997329001985783
abalone_point_2635,abalone,regression,7,0.118519990407963,nominal,-0.824295934529819,-0.684011951380939,-0.944756875931023,-0.973190960038531,-0.886938516025654,-0.899459765668697,-1.04043162365666
abalone_point_2117,abalone,regression,6,0.441939813708981,nominal,-1.78188783186971,-1.84282044720372,-2.14015535853247,-1.39530481720997,-1.31493787544028,-1.29630597769811,-1.39243636730219
abalone_point_2243,abalone,regression,7,0.637997800373316,nominal,-0.407951631338562,-0.280948126746929,-0.107977938110013,-0.69891891274598,-0.837380695461855,-1.00893458278026,-0.386708528314977
abalone_point_1231,abalone,regression,7,0.093793775304057,nominal,-1.32390909835933,-1.38937364449046,-1.30337642071146,-1.29028615226152,-1.24735902921692,-1.30542887912407,-1.28467981312499
abalone_point_3736,abalone,regression,9,0.643925205575975,nominal,0.757812417596957,0.676328456758846,0.250641606670419,0.425698441022363,0.52545937004262,0.473536898938816,0.317300958976069
abalone_point_3647,abalone,regression,9,0.294782695459231,nominal,-0.407951631338562,-0.583245995222437,-0.347057634630302,-0.828407946226106,-0.760791336408711,-0.926828469946588,-0.74230515709974
abalone_point_0061,abalone,regression,7,0.344156483800709,nominal,-0.61612378293419,-0.633628973301688,-0.825217027670879,-0.850839117380144,-0.808096528765064,-0.621211272176809,-0.74589704223898
abalone_point_1326,abalone,regression,8,0.379483157742716,nominal,0.3414681144057,0.42441356636259,0.131101758410275,0.0423293340260826,0.27992289543107,-0.110328792322851,-0.0993577171757746
abalone_point_2562,abalone,regression,6,0.249665880299344,nominal,-0.699392643572442,-0.633628973301688,-0.58613733115059,-0.578606267465232,-0.407128707839781,-0.634895624315755,-0.778224008492141
abalone_point_1268,abalone,regression,8,0.344425158297471,nominal,-0.532854922295939,-0.432097060984683,-0.347057634630302,-0.714212893078278,-0.690959861977903,-0.694194483584518,-0.7027944205681
abalone_point_3435,abalone,regression,6,0.110521182086797,nominal,-1.2822746680402,-1.28860768833195,-1.18383657245131,-1.16691471091431,-1.05363300337661,-1.05911054062306,-1.25235284687183
abalone_point_0243,abalone,regression,5,0.146050932930996,nominal,-2.44803871697572,-2.34665022799623,-1.78153581375203,-1.55844060742115,-1.50190601665825,-1.55174721762509,-1.57203062426419
abalone_point_1928,abalone,regression,9,0.600622985640715,nominal,0.757812417596957,0.625945478679595,0.250641606670419,0.527658309904352,0.622322382962772,0.934243420949974,0.213136289938108
abalone_point_1800,abalone,regression,9,0.384584349883153,nominal,0.63290912663958,0.575562500600344,0.609261151450853,0.426718039711182,0.622322382962772,0.364062081827253,0.087420310064707
abalone_point_3018,abalone,regression,8,0.245931752725204,nominal,-0.741027073891568,-0.835160885618693,-0.825217027670879,-1.00683771676959,-1.00632781102026,-1.05454908991008,-0.889572447808582
abalone_point_4026,abalone,regression,7,0.207295948339091,nominal,-1.61535011059321,-1.49013960064896,-1.30337642071146,-1.2892665535727,-1.2068117214829,-1.25981437199426,-1.32059866451739
abalone_point_3357,abalone,regression,6,0.17050718617946,nominal,-1.1157369467637,-1.08707577601495,-0.944756875931023,-1.06087644727704,-0.995064669983033,-0.977004427789387,-1.10508555616298
abalone_point_1726,abalone,regression,9,0.647469029129723,nominal,1.13252229046909,0.928243347155103,0.609261151450853,1.00075210151678,1.38596334528677,0.806522800986485,0.733959635127913
abalone_point_3717,abalone,regression,5,0.578609125495743,nominal,-2.40640428665659,-2.80009703070949,-1.54245611723174,-1.36675605392301,-1.31043261902539,-1.30999032983706,-1.38166071188447
abalone_point_2303,abalone,regression,9,0.639506519681798,nominal,-0.532854922295939,-0.33133110482618,-0.227517786370157,-0.520489142202499,-0.490475951515261,-0.561912412908046,-0.314870825530177
abalone_point_2660,abalone,regression,8,0.354801756626805,nominal,0.216564823448323,0.323647610204087,-0.107977938110013,0.0300941497602439,0.336238600617205,0.172481151882019,-0.386708528314977
abalone_point_1191,abalone,regression,9,0.651035177518043,nominal,1.38232887238384,1.23054121563061,0.728800999710997,1.47792428788449,1.96038353818535,1.53179346435059,0.938697088064595
abalone_point_2149,abalone,regression,8,0.227531993414439,nominal,-0.907564795168071,-0.986309819856447,-1.18383657245131,-1.02824928923481,-1.03110672130216,-0.977004427789387,-0.889572447808582
abalone_point_2670,abalone,regression,8,0.577094562422456,nominal,0.549640266001328,0.625945478679595,0.250641606670419,0.0657801038689401,0.241628215904498,-0.151381848739687,0.0730527695077469
abalone_point_2511,abalone,regression,8,0.226394539587322,nominal,-0.865930364848945,-0.885543863697944,-0.944756875931023,-0.996641729881389,-0.832875439046964,-1.19139261129953,-1.03683973851742
abalone_point_4156,abalone,regression,6,0.238129916221874,nominal,-0.699392643572442,-0.583245995222437,-0.705677179410735,-0.914054236086977,-0.909464798100108,-0.831038004973971,-0.889572447808582
abalone_point_2848,abalone,regression,8,0.579490631034726,nominal,0.841081278235208,0.928243347155103,-0.227517786370157,0.516442724327333,0.987248152568929,0.218095659011837,0.080236539786227
abalone_point_2636,abalone,regression,7,0.063775284205229,nominal,-0.782661504210693,-0.885543863697944,-0.944756875931023,-0.98338694692673,-0.882433259610763,-0.917705568520624,-1.06916670477058
abalone_point_1331,abalone,regression,9,0.626764894346073,nominal,0.383102544724825,0.525179522521093,-0.107977938110013,0.307424993119255,0.169544113266245,0.655994927458087,0.191584979102668
abalone_point_0523,abalone,regression,9,0.44324678197802,nominal,-1.32390909835933,-1.49013960064896,-0.58613733115059,-1.24542380995344,-1.19780120865312,-1.24156856914233,-1.21284211034018
abalone_point_3363,abalone,regression,9,0.132588687460565,nominal,-0.949199225487196,-1.08707577601495,-0.944756875931023,-1.07617042760934,-1.06039088799895,-1.01805748420622,-1.06916670477058
abalone_point_3156,abalone,regression,9,0.386416575044185,nominal,-0.158145049423808,-0.129799192509174,-0.347057634630302,-0.395078503477652,-0.312518323127074,-0.228926510860377,-0.458546231099778
abalone_point_1602,abalone,regression,9,0.60434072974282,nominal,0.133295962810072,0.222881654045585,0.728800999710997,0.0148001694279454,0.0591653311014194,0.00826892621467509,0.00839883700142625
abalone_point_1569,abalone,regression,8,0.44817680583052,nominal,-0.449586061657688,-0.532863017143185,-0.347057634630302,-0.672409346836663,-0.67293883631834,-0.748931892140299,-0.602221636669379
abalone_point_0178,abalone,regression,8,0.236674996867045,nominal,-1.74025340155058,-1.64128853488671,-1.30337642071146,-1.39734401458761,-1.3802640934562,-1.21419986486444,-1.35651751590979
abalone_point_2594,abalone,regression,9,0.63871334983986,nominal,0.591274696320454,0.625945478679595,0.370181454930564,0.711186073891933,0.822806293425414,0.806522800986485,0.511262756495031
abalone_point_0316,abalone,regression,8,0.441425803205024,nominal,-0.61612378293419,-0.532863017143185,-0.705677179410735,-0.754996840631074,-0.745022938956593,-1.03630328705815,-0.70997819084658
abalone_point_1234,abalone,regression,6,0.093038360172352,nominal,-1.2822746680402,-1.28860768833195,-1.30337642071146,-1.24746300733108,-1.12571710601487,-1.32823613268898,-1.27031227256803
abalone_point_3136,abalone,regression,9,0.739760878072125,nominal,-0.532854922295939,-0.583245995222437,-0.347057634630302,-0.636723392727967,-0.769801849238492,-0.602965469324882,-0.386708528314977
abalone_point_0905,abalone,regression,8,0.090193189357974,nominal,-1.74025340155058,-1.79243746912447,-1.66199596549189,-1.39632441589879,-1.3802640934562,-1.36928918910582,-1.42835521869459
abalone_point_1154,abalone,regression,9,0.471044256876913,nominal,0.63290912663958,0.676328456758846,0.489721303190708,0.403267269868325,0.566006677776637,0.628626223180196,0.126931046596347
abalone_point_3658,abalone,regression,7,0.293388219191286,nominal,0.0916615324909462,-0.0290332363506717,0.0115619101501313,-0.198295956535412,-0.105276528042096,-0.224365060147395,-0.350789676922577
abalone_point_0649,abalone,regression,11,0.372107259950239,anomaly,-0.532854922295939,-0.583245995222437,-0.466597482890446,-0.693820919301881,-0.749528195371484,-0.689633032871536,-0.602221636669379
abalone_point_2165,abalone,regression,5,0.177359916058037,nominal,-1.24064023772108,-1.0366927979357,-1.18383657245131,-1.02824928923481,-0.990559413568143,-1.13209375203077,-1.03324785337818
abalone_point_1075,abalone,regression,7,0.135412267524953,nominal,-0.949199225487196,-1.08707577601495,-0.944756875931023,-1.1149151777845,-1.05363300337661,-1.12753230131779,-1.08712613046678
abalone_point_3160,abalone,regression,6,0.250049966211335,nominal,-1.53208124995496,-1.54052257872821,-1.30337642071146,-1.2739725732404,-1.182032811201,-1.45595675265247,-1.35651751590979
abalone_point_1955,abalone,regression,11,0.276372880372996,anomaly,0.965984569192585,0.777094412917349,1.08742054449143,1.20467183928076,1.41524751198356,1.51354766149866,0.622611195811472
abalone_point_2905,abalone,regression,9,0.402797091545549,nominal,0.424736975043951,0.474796544441841,0.489721303190708,0.327816966895653,0.611059241925545,0.131428095465183,0.0515014586723067
abalone_point_1125,abalone,regression,8,0.354881585633178,nominal,0.216564823448323,0.222881654045585,0.250641606670419,0.0229569589385045,0.160533600436463,0.131428095465183,-0.113725257732735
abalone_point_2639,abalone,regression,7,0.346600738090925,nominal,-0.532854922295939,-0.633628973301688,-0.705677179410735,-0.924250222975176,-0.931991080174562,-1.11840939989182,-0.817734745023781
abalone_point_2040,abalone,regression,6,0.065450974155402,nominal,-1.99005998346534,-1.94358640336222,-1.66199596549189,-1.47075512018264,-1.38927460628598,-1.44227240051353,-1.52174423231483
abalone_point_2577,abalone,regression,7,0.292023791980821,nominal,-0.199779479742934,-0.280948126746929,-0.705677179410735,-0.682605333724862,-0.636896784999213,-0.826476554260989,-0.763856467935181
abalone_point_1148,abalone,regression,9,0.364006366984288,nominal,0.466371405363077,0.42441356636259,0.0115619101501313,0.270719440321739,0.570511934191528,0.00826892621467509,0.101787850621667
abalone_point_3180,abalone,regression,8,0.085049819907732,nominal,-2.11496327442271,-2.14511831567923,-1.66199596549189,-1.48197070575966,-1.41630614477533,-1.5243785133472,-1.47145784036547
abalone_point_3538,abalone,regression,6,0.198423221158162,nominal,-0.782661504210693,-0.835160885618693,-0.825217027670879,-1.05985684858822,-1.0829171700734,-0.917705568520624,-1.01169654254274
abalone_point_2598,abalone,regression,8,0.585022724430102,nominal,0.63290912663958,0.525179522521093,0.250641606670419,0.828439923106221,1.09537430652631,0.852137308116303,0.367587350925429
abalone_point_3252,abalone,regression,8,0.502306241563717,nominal,-0.574489352615065,-0.33133110482618,-0.347057634630302,-0.60307663599691,-0.569317938775851,-0.680510131445572,-0.386708528314977
abalone_point_0789,abalone,regression,9,0.607682491682378,nominal,-0.158145049423808,-0.180182170588426,0.489721303190708,-0.376725727078894,-0.503991720759934,0.19984985615991,-0.541159589302299
abalone_point_3850,abalone,regression,6,0.444882679512771,nominal,-1.15737137708282,-1.08707577601495,-0.58613733115059,-0.98950453905965,-0.877928003195872,-0.872091061390807,-0.979369576289583
abalone_point_0966,abalone,regression,8,0.27562269712847,nominal,-0.116510619104682,-0.180182170588426,-0.107977938110013,-0.12182605487392,0.153775715814127,-0.320155525120012,-0.350789676922577
abalone_point_2830,abalone,regression,7,0.420818870823758,nominal,-0.033241758466431,-0.129799192509174,0.131101758410275,-0.11978685749628,0.291186036468297,-0.352085680110885,-0.354381562061817
abalone_point_3045,abalone,regression,9,0.32799631609605,nominal,0.424736975043951,0.374030588283339,0.489721303190708,0.180994755705588,0.408322703255458,0.117743743326238,0.00839883700142625
abalone_point_4028,abalone,regression,6,0.083254100546668,nominal,-1.32390909835933,-1.38937364449046,-1.18383657245131,-1.25052180339754,-1.16626441374888,-1.20051551272549,-1.24516907659334
abalone_point_3472,abalone,regression,9,0.602746853868295,nominal,1.67376988461772,1.73437099642312,1.08742054449143,1.41572876786648,2.00543610233426,1.63214538003619,1.42719346700124
abalone_point_2932,abalone,regression,9,0.617929058952774,nominal,0.757812417596957,1.07939228139286,-0.107977938110013,0.596991020744104,0.836322062670087,0.455291096086889,0.367587350925429
abalone_point_1057,abalone,regression,4,0.193682704405444,nominal,-2.69784529889047,-2.54818214031324,-2.37923505505275,-1.60126375235159,-1.5492112090146,-1.56543156976404,-1.66541963788443
abalone_point_0645,abalone,regression,9,0.422098606068213,nominal,-0.61612378293419,-0.684011951380939,-0.227517786370157,-0.932407012485736,-0.895949028855435,-0.922267019233606,-0.961410150593383
abalone_point_3442,abalone,regression,7,0.205716088372986,nominal,-0.491220491976813,-0.532863017143185,-0.58613733115059,-0.730526472099397,-0.738265054334256,-0.57103531433401,-0.810550974745301
abalone_point_2902,abalone,regression,8,0.23455894697665,nominal,0.299833684086575,0.222881654045585,-0.227517786370157,-0.205433147357152,-0.107529156249541,-0.33840132797194,-0.153235994264375
abalone_point_3885,abalone,regression,9,0.282445768907914,nominal,-1.94842555314621,-1.84282044720372,-1.54245611723174,-1.38001083687767,-1.29916947798816,-1.10928649846586,-1.39243636730219
abalone_point_1995,abalone,regression,6,0.080415916267715,nominal,-1.94842555314621,-1.99396938144147,-1.78153581375203,-1.49216669264786,-1.45009556788701,-1.44683385122651,-1.50019292147939
abalone_point_1822,abalone,regression,9,0.663083624893898,nominal,1.6321354542986,1.43207312794762,1.32650024101172,2.53728732556836,3.2083395651101,2.24337977557574,1.88695476482396
abalone_point_4167,abalone,regression,10,0.658931795628495,anomaly,-0.407951631338562,-0.432097060984683,-0.58613733115059,-0.672409346836663,-0.573823195190741,-0.840160906399934,-0.595037866390899
abalone_point_3099,abalone,regression,8,0.478321377483313,nominal,0.216564823448323,0.222881654045585,0.250641606670419,-0.354294555924856,-0.43190761812168,-0.534543708630156,-0.128092798289695
abalone_point_0136,abalone,regression,8,0.371164815528772,nominal,-0.824295934529819,-0.784777907539442,-0.58613733115059,-0.862054702957163,-0.882433259610763,-0.908582667094661,-0.74230515709974
abalone_point_2118,abalone,regression,7,0.263682394280629,nominal,-1.24064023772108,-1.18784173217345,-1.4229162689716,-1.1149151777845,-0.986054157153252,-0.986127329215351,-1.14100440755538
abalone_point_2095,abalone,regression,7,0.114412026200601,nominal,-0.990833655806321,-1.0366927979357,-1.18383657245131,-1.11389557909568,-1.10544345214786,-1.1229708506048,-1.03324785337818
abalone_point_3934,abalone,regression,6,0.102352125967549,nominal,-2.40640428665659,-2.29626724991698,-1.90107566201218,-1.57169539037581,-1.51992704231781,-1.51525561192124,-1.58639816482115
abalone_point_1069,abalone,regression,6,0.32810470674533,nominal,-1.2822746680402,-1.28860768833195,-0.944756875931023,-1.23930621782052,-1.09418031111063,-1.40578079480967,-1.25953661715031
abalone_point_3420,abalone,regression,8,0.532795559286451,nominal,0.549640266001328,0.625945478679595,-0.107977938110013,0.692833297493175,0.809290524180742,0.897751815246121,0.295749648140629
abalone_point_3410,abalone,regression,7,0.125915454507934,nominal,-1.07410251644457,-0.986309819856447,-1.06429672419117,-1.05170005907766,-1.02885409309471,-0.990688779928333,-1.04761539393514
abalone_point_1090,abalone,regression,7,0.066940303235415,nominal,-0.61612378293419,-0.784777907539442,-0.825217027670879,-0.932407012485736,-0.778812362068274,-0.93138992065957,-1.01528842768198
abalone_point_3965,abalone,regression,5,0.101662905341949,nominal,-2.11496327442271,-2.19550129375848,-1.90107566201218,-1.48808829789258,-1.41855877298277,-1.49244835835633,-1.50019292147939
abalone_point_0059,abalone,regression,4,0.099237080359722,nominal,-2.32313542601834,-2.19550129375848,-1.90107566201218,-1.51459786380189,-1.42982191402,-1.51981706263422,-1.53611177287179
abalone_point_0823,abalone,regression,7,0.27447180130159,nominal,-1.19900580740195,-1.33899066641121,-1.06429672419117,-1.40957919885345,-1.2315906317648,-1.11384794917884,-1.28108792798575
abalone_point_2883,abalone,regression,9,0.469953551274281,nominal,-0.199779479742934,-0.180182170588426,-0.227517786370157,-0.655076169126725,-0.666180951696003,-0.698755934297499,-0.454954345960538
abalone_point_0047,abalone,regression,9,0.596555020753766,nominal,-0.449586061657688,-0.381714082905431,-0.466597482890446,-0.50825395793666,-0.299002553882401,0.423360941096016,-0.70997819084658
abalone_point_0907,abalone,regression,6,0.107554004380145,nominal,-1.65698454091233,-1.69167151296597,-1.54245611723174,-1.30863892866028,-1.24735902921692,-1.24156856914233,-1.35651751590979
abalone_point_2467,abalone,regression,9,0.573846334607453,nominal,-0.824295934529819,-0.835160885618693,-0.466597482890446,-0.924250222975176,-0.979296272530916,-0.675948680732591,-0.961410150593383
abalone_point_2650,abalone,regression,7,0.213692804779147,nominal,-0.158145049423808,-0.0794162144299231,-0.107977938110013,-0.215629134245351,0.0794389849684281,-0.28822537012914,-0.436994920264338
abalone_point_0652,abalone,regression,6,0.31905183788699,nominal,-1.57371568027408,-1.64128853488671,-1.18383657245131,-1.35044247490189,-1.35097992675941,-1.28262162555917,-1.28467981312499
abalone_point_1064,abalone,regression,5,0.108814031802237,nominal,-1.99005998346534,-1.89320342528297,-1.78153581375203,-1.4942058900255,-1.43657979864233,-1.46051820336546,-1.50019292147939
abalone_point_1639,abalone,regression,9,0.640825506274527,nominal,0.424736975043951,0.374030588283339,0.728800999710997,-0.0555521401006272,-0.0534660792708513,-0.311032623694049,0.080236539786227
abalone_point_3601,abalone,regression,4,0.149222719329591,nominal,-2.9060174504861,-2.85048000878875,-2.37923505505275,-1.632871311705,-1.57624274750395,-1.57455447119,-1.65105209732747
abalone_point_3998,abalone,regression,6,0.103904821006768,nominal,-1.36554352867845,-1.38937364449046,-1.18383657245131,-1.26683538241866,-1.17752755478611,-1.29174452698513,-1.27031227256803
abalone_point_1072,abalone,regression,7,0.154060793743682,nominal,-1.15737137708282,-1.18784173217345,-1.4229162689716,-1.18322828993543,-1.06940140082873,-1.19595406201251,-1.24876096173258
abalone_point_2443,abalone,regression,9,0.460062751361334,nominal,-0.407951631338562,-0.532863017143185,-0.347057634630302,-0.746840051120515,-0.781064990275719,-0.671387230019609,-0.67405933945418
abalone_point_2333,abalone,regression,9,0.499156677719617,nominal,-0.0748761887855567,0.122115697887082,-0.107977938110013,-0.406294089054671,-0.350813002653646,-0.488929201500338,-0.171195419960575
abalone_point_0119,abalone,regression,9,0.706846566148544,nominal,0.299833684086575,0.222881654045585,0.250641606670419,0.109622847488195,-0.0579713356857422,-0.0783986373319786,0.511262756495031
abalone_point_0842,abalone,regression,9,0.576053588404754,nominal,-0.24141391006206,0.0213497417285791,-0.347057634630302,-0.149355219472058,-0.107529156249541,-0.470683398648411,-0.178379190239055
abalone_point_2820,abalone,regression,5,0.157659400667886,nominal,-1.24064023772108,-1.43975662256971,-1.06429672419117,-1.29028615226152,-1.23609588817969,-1.26437582270724,-1.29545546854271
abalone_point_1151,abalone,regression,9,0.356961189153217,nominal,0.508005835682202,0.525179522521093,0.131101758410275,0.213621913747825,0.534469882872401,0.0173918276406386,-0.0275200143909741
abalone_point_0995,abalone,regression,8,0.592977675436416,nominal,0.466371405363077,0.42441356636259,0.131101758410275,0.628598580097521,0.897143024271113,0.359500631114272,0.367587350925429
abalone_point_4025,abalone,regression,6,0.262163574282501,nominal,-1.61535011059321,-1.64128853488671,-1.78153581375203,-1.39530481720997,-1.35773781138174,-1.35560483696687,-1.35292563077055
abalone_point_2641,abalone,regression,7,0.103919734482238,nominal,-0.491220491976813,-0.532863017143185,-0.825217027670879,-0.788643597362131,-0.679696720940676,-0.758054793566262,-0.864429251833902
abalone_point_1235,abalone,regression,5,0.202701615708717,nominal,-1.24064023772108,-1.18784173217345,-1.06429672419117,-1.25561979684164,-1.18653806761589,-1.2734987241332,-1.27749604284651
abalone_point_1100,abalone,regression,7,0.327795801054412,nominal,-0.199779479742934,-0.33133110482618,0.0115619101501313,-0.569429879265854,-0.501739092552488,-0.625772722889791,-0.577078440694699
abalone_point_1099,abalone,regression,7,0.589305318810827,nominal,-0.283048340381185,0.575562500600344,-0.347057634630302,-0.624488208462128,-0.560307425946069,-0.461560497222447,-0.7027944205681
abalone_point_1415,abalone,regression,9,0.634108551149516,nominal,1.34069444206472,1.38169014986837,1.56557993753201,1.9652924611404,2.05048866648316,2.14758931060313,1.59601206854552
abalone_point_1696,abalone,regression,8,0.678947743762796,nominal,0.882715708554334,0.928243347155103,0.967880696231285,0.749930824067088,0.696659113808471,0.473536898938816,1.154210196419
abalone_point_0144,abalone,regression,11,0.269983833162441,anomaly,0.299833684086575,0.474796544441841,0.370181454930564,-0.0647285283000062,-0.0872555023825323,0.0858135883353653,0.0263582626976264
abalone_point_2009,abalone,regression,7,0.133548108445001,nominal,-0.824295934529819,-0.935926841777196,-1.06429672419117,-0.940563801996295,-0.778812362068274,-1.03174183634517,-1.0081046574035
abalone_point_1123,abalone,regression,9,0.570694774691347,nominal,0.174930393129198,0.0717327198078305,0.0115619101501313,-0.0178269886142912,0.460133152026703,-0.488929201500338,-0.149644109125135
abalone_point_2508,abalone,regression,7,0.37578956491192,nominal,-0.907564795168071,-0.835160885618693,-0.944756875931023,-0.738683261609956,-0.589591592642859,-0.675948680732591,-0.896756218087062
abalone_point_0480,abalone,regression,16,0.169610207278829,anomaly,1.13252229046909,1.38169014986837,1.08742054449143,1.0017717002056,0.770995844654169,0.756346843143686,1.55290944687464
abalone_point_0592,abalone,regression,9,0.419825174100693,nominal,-1.2822746680402,-1.18784173217345,-0.58613733115059,-1.18016949386897,-1.11895922139253,-1.12753230131779,-1.17692325894778
abalone_point_1108,abalone,regression,8,0.298369860484773,nominal,-0.116510619104682,-0.280948126746929,-0.58613733115059,-0.638762590105606,-0.650412554243885,-0.612088370750846,-0.523200163606098
abalone_point_2065,abalone,regression,8,0.270622994776779,nominal,0.0916615324909462,0.122115697887082,-0.347057634630302,-0.185041173580754,-0.0196766561591701,0.0812521376223835,-0.426219264846618
abalone_point_3947,abalone,regression,13,0.169124534517611,anomaly,0.00839267185269475,0.0213497417285791,0.609261151450853,-0.057591337478267,-0.43190761812168,0.163358250456055,0.080236539786227
abalone_point_1477,abalone,regression,9,0.408227055420776,nominal,0.299833684086575,0.273264632124836,0.250641606670419,0.087191676334158,0.523206741835174,0.0265147290666022,-0.397484183732697
abalone_point_4000,abalone,regression,6,0.133473908092505,nominal,-0.907564795168071,-0.986309819856447,-1.06429672419117,-0.996641729881389,-0.803591272350173,-1.12753230131779,-1.11945309671994
abalone_point_1173,abalone,regression,8,0.473436743289489,nominal,0.882715708554334,0.625945478679595,0.370181454930564,0.619422191898142,1.03455334492528,0.2773945182806,0.346036040089989
abalone_point_4119,abalone,regression,9,0.73871093859356,nominal,1.04925342983084,1.18015823755136,1.08742054449143,1.05377123333542,1.02103757568061,0.888628913820157,1.06082118279876
abalone_point_3922,abalone,regression,10,0.772158404417359,anomaly,-1.24064023772108,-1.28860768833195,-1.06429672419117,-1.23624742175406,-1.22483274714247,-1.25525292128128,-1.14100440755538
abalone_point_3727,abalone,regression,8,0.675977376450678,nominal,-0.199779479742934,-0.129799192509174,0.131101758410275,-0.0861401007652241,-0.123297553701659,0.00826892621467509,0.0479095735330666
abalone_point_3161,abalone,regression,7,0.097012791089101,nominal,-2.07332884410359,-2.09473533759998,-1.78153581375203,-1.45240234378388,-1.36449569600408,-1.52893996406018,-1.46427407008699
abalone_point_1838,abalone,regression,6,0.225349093968365,nominal,-0.907564795168071,-0.986309819856447,-0.944756875931023,-1.11797397385096,-1.10544345214786,-1.13209375203077,-1.01528842768198
abalone_point_1091,abalone,regression,6,0.143388628604323,nominal,-0.61612378293419,-0.784777907539442,-0.944756875931023,-0.851858716068964,-0.742770310749147,-0.735247540001354,-1.01169654254274
abalone_point_2287,abalone,regression,9,0.558337819830131,nominal,-0.199779479742934,-0.129799192509174,0.250641606670419,-0.232962311955289,-0.161592233228231,-0.0692757359060151,-0.314870825530177
abalone_point_3773,abalone,regression,9,0.586465391486034,nominal,0.424736975043951,0.575562500600344,-0.466597482890446,0.458325599064599,0.705669626638253,0.345816278975326,-0.0275200143909741
abalone_point_1658,abalone,regression,9,0.614554558868839,nominal,0.63290912663958,0.726711434838098,0.609261151450853,0.178955558327948,0.243880844111943,0.145112447604128,0.241871371052029
abalone_point_3984,abalone,regression,6,0.545938509202988,nominal,0.508005835682202,0.42441356636259,-0.347057634630302,0.0922896697782573,-0.0219292843666155,0.245464363289727,-0.0993577171757746
abalone_point_0956,abalone,regression,8,0.140758333549497,nominal,-0.24141391006206,-0.129799192509174,-0.107977938110013,-0.398137299544111,-0.251697361526048,-0.466121947935429,-0.64173237320102
abalone_point_2995,abalone,regression,9,0.766278578893135,nominal,0.716177987277831,0.676328456758846,0.848340847971141,0.398169276424225,0.223607190244934,0.733539589578777,0.597467999836792
abalone_point_3419,abalone,regression,8,0.701944467408382,nominal,0.466371405363077,0.726711434838098,0.967880696231285,0.858008285081997,0.6088066137181,0.815645702412449,0.949472743482315
abalone_point_1314,abalone,regression,9,0.517619932330882,nominal,0.216564823448323,0.222881654045585,0.250641606670419,0.0933092684670773,0.241628215904498,0.0903750390483471,0.0658689992292668
abalone_point_2299,abalone,regression,7,0.400581705817932,nominal,-0.907564795168071,-0.835160885618693,-0.944756875931023,-0.904877847887598,-0.866664862158645,-0.917705568520624,-0.817734745023781
abalone_point_0717,abalone,regression,8,0.074396361067432,nominal,-1.94842555314621,-2.04435235952073,-1.66199596549189,-1.49114709395904,-1.45685345250934,-1.4742025555044,-1.46427407008699
abalone_point_3722,abalone,regression,9,0.572754966130778,nominal,-0.782661504210693,-0.986309819856447,-0.227517786370157,-0.367549338879515,-0.386855053972772,-0.16050475016565,-0.393892298593457
abalone_point_3430,abalone,regression,6,0.071068740951968,nominal,-2.03169441378446,-1.99396938144147,-1.78153581375203,-1.4636179293609,-1.42756928581255,-1.38753499195775,-1.50019292147939
abalone_point_1893,abalone,regression,9,0.395692649669523,nominal,0.3414681144057,0.42441356636259,0.489721303190708,0.135112814708693,0.250638728734279,0.131428095465183,0.0515014586723067
abalone_point_1171,abalone,regression,9,0.655542244448898,nominal,0.841081278235208,0.777094412917349,0.848340847971141,1.11290795728697,1.68556289687701,0.829330054551394,0.669305702621592
abalone_point_0002,abalone,regression,7,0.167875480720879,nominal,-1.4488123893167,-1.43975662256971,-1.18383657245131,-1.23012982962114,-1.17076967016378,-1.20507696343848,-1.21284211034018
abalone_point_1305,abalone,regression,9,0.586184651243734,nominal,0.0916615324909462,0.273264632124836,0.250641606670419,-0.227864318511189,-0.0534660792708513,-0.329278426545976,-0.322054595808657
abalone_point_0172,abalone,regression,7,0.71934641326852,nominal,0.0500271021718205,-0.129799192509174,0.131101758410275,-0.109590870608082,-0.231423707659039,-0.105767341609869,0.116155391178627
abalone_point_3522,abalone,regression,3,0.138682452554439,nominal,-2.5729420079331,-2.59856511839249,-2.02061551027232,-1.60636174579569,-1.55146383722205,-1.56543156976404,-1.62590890135279
abalone_point_1851,abalone,regression,8,0.147764870736187,nominal,-0.324682770700311,-0.482480039063934,-0.466597482890446,-0.638762590105606,-0.508496977174824,-0.712440286436445,-0.65969179889722
abalone_point_2727,abalone,regression,7,0.159061209209819,nominal,-1.03246808612545,-1.0366927979357,-0.944756875931023,-0.993582933814929,-0.826117554424628,-1.07735634347499,-1.09430990074526
abalone_point_3251,abalone,regression,9,0.588297379761314,nominal,-0.741027073891568,-0.583245995222437,-0.347057634630302,-0.753977241942254,-0.73150716971192,-0.602965469324882,-0.67405933945418
abalone_point_1788,abalone,regression,8,0.497143360274323,nominal,0.174930393129198,0.122115697887082,0.609261151450853,0.132054018642233,0.288933408260851,0.35493918040129,-0.0778064063403344
abalone_point_1855,abalone,regression,8,0.59550318123243,nominal,-0.24141391006206,-0.33133110482618,0.0115619101501313,-0.682605333724862,-0.803591272350173,-0.758054793566262,-0.343605906644097
abalone_point_2736,abalone,regression,8,0.132228676670322,nominal,-0.865930364848945,-0.935926841777196,-0.705677179410735,-0.869191893778902,-0.783317618483165,-0.890336864242734,-0.986553346568062
abalone_point_2233,abalone,regression,9,0.717304767441245,nominal,0.299833684086575,0.374030588283339,0.967880696231285,0.151426393729811,-0.00841351512194306,0.218095659011837,0.40350620231783
abalone_point_1990,abalone,regression,6,0.062012090775628,nominal,-2.03169441378446,-1.99396938144147,-1.54245611723174,-1.44628475165096,-1.3802640934562,-1.40578079480967,-1.50019292147939
abalone_point_2078,abalone,regression,8,0.513869386519503,nominal,0.716177987277831,0.222881654045585,0.0115619101501313,0.16366157799565,0.354259626276768,0.177042602595001,-0.135276568568175
abalone_point_1457,abalone,regression,7,0.141713608464049,nominal,-0.407951631338562,-0.432097060984683,-0.58613733115059,-0.753977241942254,-0.639149413206658,-0.799107849983098,-0.878796792390862
abalone_point_4083,abalone,regression,9,0.658123586792711,nominal,0.3414681144057,0.575562500600344,0.250641606670419,0.719342863402492,0.998511293606156,0.373184983253217,0.507670871355791
abalone_point_3611,abalone,regression,9,0.344723747418004,nominal,0.466371405363077,0.42441356636259,0.489721303190708,0.0790348868235988,0.153775715814127,0.368623532540235,-0.171195419960575
abalone_point_3002,abalone,regression,11,0.273051920351293,anomaly,0.965984569192585,0.877860369075852,0.609261151450853,0.975262134296285,1.43552116585057,1.01634953378365,0.195176864241908
abalone_point_3487,abalone,regression,8,0.58603654514944,nominal,-0.158145049423808,0.676328456758846,0.489721303190708,0.584755836478266,0.674132831734017,0.532835758207579,0.486119560520351
abalone_point_1144,abalone,regression,9,0.28708323654064,nominal,0.424736975043951,0.374030588283339,0.131101758410275,0.037231340581983,0.250638728734279,0.126866644752201,-0.135276568568175
abalone_point_1185,abalone,regression,9,0.620508048677907,nominal,1.17415672078821,0.928243347155103,0.728800999710997,0.955889759208707,1.0998795629412,1.00722663235768,0.866859385279794
abalone_point_1118,abalone,regression,8,0.312743317480463,nominal,0.0500271021718205,-0.0794162144299231,-0.347057634630302,-0.431784056275168,-0.362076143690873,-0.488929201500338,-0.350789676922577
abalone_point_2036,abalone,regression,9,0.599865336717515,nominal,1.13252229046909,1.07939228139286,1.32650024101172,1.50239465641617,1.6900681532919,1.57284652076742,1.05722929765952
abalone_point_0282,abalone,regression,7,0.338795493753045,nominal,-1.36554352867845,-1.2382247102527,-0.825217027670879,-1.19750267157891,-1.2068117214829,-1.12753230131779,-1.17692325894778
abalone_point_3881,abalone,regression,7,0.269690245496228,nominal,-1.19900580740195,-1.08707577601495,-0.944756875931023,-1.10675838827394,-1.03110672130216,-1.13665520274375,-1.06916670477058
abalone_point_2742,abalone,regression,8,0.25995985697053,nominal,-0.532854922295939,-0.583245995222437,-0.944756875931023,-0.729506873410577,-0.483718066892925,-0.945074272798515,-0.832102285580741
abalone_point_0024,abalone,regression,9,0.49580058127635,nominal,0.216564823448323,0.0717327198078305,-0.107977938110013,-0.133041640450939,-0.186371143510131,0.268271616854636,-0.278951974137776
abalone_point_0043,abalone,regression,5,0.261349251080986,nominal,-2.36476985633747,-2.34665022799623,-2.25969520679261,-1.54722502184413,-1.47712710637635,-1.43314949908756,-1.57203062426419
abalone_point_2343,abalone,regression,6,0.108709830194775,nominal,-2.23986656538009,-2.24588427183773,-1.66199596549189,-1.53702903495593,-1.49289550382847,-1.48332545693036,-1.53611177287179
abalone_point_4120,abalone,regression,4,0.368391381421553,nominal,-1.86515669250796,-1.94358640336222,-2.14015535853247,-1.4483239490286,-1.40279037553065,-1.44227240051353,-1.41398767813763
abalone_point_1657,abalone,regression,9,0.583360645412465,nominal,0.63290912663958,0.676328456758846,0.250641606670419,0.614324198454043,0.971479755116811,0.140550996891147,0.47534390510263
abalone_point_1127,abalone,regression,9,0.282812226431455,nominal,0.299833684086575,0.222881654045585,0.131101758410275,0.144289202908072,0.47139629306393,-0.0282226794891791,-0.034703784669454
abalone_point_3921,abalone,regression,8,0.13737546189999,nominal,-1.90679112282709,-1.79243746912447,-1.30337642071146,-1.43506916607394,-1.42982191402,-1.38753499195775,-1.40680390785915
abalone_point_3873,abalone,regression,9,0.472822766701435,nominal,-0.0748761887855567,-0.0794162144299231,-0.58613733115059,-0.51131275400312,-0.758538708201265,-0.329278426545976,-0.494465082492178
abalone_point_3229,abalone,regression,9,0.617017432692988,nominal,-0.865930364848945,-0.835160885618693,-0.347057634630302,-0.89162306493294,-0.909464798100108,-0.712440286436445,-0.889572447808582
abalone_point_1303,abalone,regression,8,0.584506881997566,nominal,0.0916615324909462,0.0717327198078305,0.250641606670419,-0.514371550069579,0.000596997707838596,-0.41594599009263,-0.0993577171757746
abalone_point_1695,abalone,regression,9,0.706293847541139,nominal,0.882715708554334,0.978626325234355,0.728800999710997,0.535815099414911,0.460133152026703,0.779154096708595,0.43942505371023
abalone_point_3209,abalone,regression,9,0.226423557824261,nominal,-1.69861897123146,-1.59090555680746,-1.4229162689716,-1.37083444867829,-1.36224306779664,-1.33735903411495,-1.28467981312499
abalone_point_2604,abalone,regression,9,0.57377137387706,nominal,0.799446847916082,1.02900930331361,0.848340847971141,0.900831430012433,0.820553665217969,1.29915947798852,0.601059884976032
abalone_point_3868,abalone,regression,15,0.189983365079851,anomaly,-0.199779479742934,-0.180182170588426,-0.227517786370157,-0.394058904788832,-0.490475951515261,-0.155943299452669,-0.314870825530177
abalone_point_0041,abalone,regression,9,0.0739136557471231,nominal,-0.61612378293419,-0.73439492946019,-0.825217027670879,-0.823309952782007,-0.778812362068274,-0.817353652835025,-0.889572447808582
abalone_point_3967,abalone,regression,6,0.096719627642384,nominal,-1.90679112282709,-1.89320342528297,-1.78153581375203,-1.42589277787456,-1.38476934987109,-1.39209644267073,-1.46427407008699
abalone_point_2948,abalone,regression,10,0.10467705580709,anomaly,0.92435013887346,0.777094412917349,0.967880696231285,0.715264468647212,0.536722511079847,0.884067463107175,0.834532419026634
abalone_point_0725,abalone,regression,11,0.252308329104895,anomaly,-0.491220491976813,-0.482480039063934,-1.4229162689716,-0.6948405179907,-0.758538708201265,-0.507175004352265,-0.602221636669379
abalone_point_0829,abalone,regression,6,0.29900156757517,nominal,-0.949199225487196,-0.835160885618693,-0.944756875931023,-0.88652507148884,-0.681949349148121,-1.0499876391971,-0.954226380314902
abalone_point_4159,abalone,regression,8,0.165289364281734,nominal,-0.366317201019437,-0.532863017143185,-0.705677179410735,-0.773349617029832,-0.713486144052357,-0.835599455686953,-0.70997819084658
abalone_point_3738,abalone,regression,9,0.605617254036043,nominal,0.841081278235208,0.625945478679595,0.250641606670419,0.602089014188204,0.885879883233886,0.464413997512852,0.346036040089989
abalone_point_1588,abalone,regression,8,0.158407951145132,nominal,-0.0748761887855567,-0.129799192509174,-0.347057634630302,-0.336961378214918,-0.177360630680349,-0.370331482962812,-0.494465082492178
abalone_point_2979,abalone,regression,8,0.557759934769826,nominal,-0.324682770700311,-0.432097060984683,0.370181454930564,0.408365263312424,0.288933408260851,0.437045293234962,0.532814067330471
abalone_point_4020,abalone,regression,10,0.236870759490009,anomaly,1.13252229046909,1.07939228139286,0.370181454930564,1.24953418158884,1.55941571726006,1.59565377433233,0.690857013457033
abalone_point_3888,abalone,regression,9,0.559106375222425,nominal,0.299833684086575,0.323647610204087,0.370181454930564,0.289072216720497,0.324975459579978,0.751785392430704,0.116155391178627
abalone_point_1592,abalone,regression,8,0.641441193015938,nominal,0.00839267185269475,0.0717327198078305,0.131101758410275,0.0331529458267035,-0.0309397971963972,-0.155943299452669,0.349627925229229
abalone_point_3839,abalone,regression,8,0.19262168282279,nominal,-1.57371568027408,-1.59090555680746,-1.06429672419117,-1.31271732341556,-1.26087479846159,-1.19595406201251,-1.32059866451739
abalone_point_1554,abalone,regression,7,0.301232180499498,nominal,-1.1157369467637,-1.18784173217345,-0.944756875931023,-1.23624742175406,-1.19104332403078,-1.2233227662904,-1.19129079950474
abalone_point_3123,abalone,regression,8,0.293327009152387,nominal,0.299833684086575,0.122115697887082,0.250641606670419,0.0953484658447169,0.36327013910655,0.145112447604128,-0.0526632103656541
abalone_point_2990,abalone,regression,9,0.42667063802154,nominal,0.299833684086575,0.172498675966333,-0.107977938110013,0.229935492768943,0.674132831734017,0.190726954733946,-0.296911399833976
abalone_point_1117,abalone,regression,8,0.230551447147259,nominal,0.00839267185269475,-0.129799192509174,-0.466597482890446,-0.450136832673926,-0.280981528222838,-0.374892933675794,-0.70638630570734
abalone_point_0238,abalone,regression,3,0.303150947192858,nominal,-3.28072732335823,-3.102394899185,-2.61831475157304,-1.6634592723696,-1.5987690295784,-1.62016897831982,-1.68697094871987
abalone_point_0821,abalone,regression,7,0.43403842519955,nominal,-1.32390909835933,-1.33899066641121,-0.107977938110013,-1.20056146764537,-1.1324749906372,-1.24156856914233,-1.1876989143655
abalone_point_1876,abalone,regression,9,0.657931994893264,nominal,0.133295962810072,0.172498675966333,0.489721303190708,0.238092282279502,0.0366390490269652,0.181604053307983,0.40350620231783
abalone_point_3968,abalone,regression,6,0.100138047405334,nominal,-1.74025340155058,-1.79243746912447,-1.66199596549189,-1.35554046834599,-1.33746415751474,-1.28262162555917,-1.39243636730219
abalone_point_1499,abalone,regression,11,0.278219067089126,anomaly,0.841081278235208,0.625945478679595,0.967880696231285,0.626559382719881,0.412827959670349,1.31284383012746,0.47534390510263
abalone_point_1248,abalone,regression,8,0.443711114798423,nominal,-1.07410251644457,-1.0366927979357,-0.825217027670879,-1.11083678302922,-1.1076960803553,-1.10472504775288,-1.03683973851742
abalone_point_2215,abalone,regression,8,0.553086505801763,nominal,-0.782661504210693,-0.835160885618693,-0.466597482890446,-0.782526005229211,-0.875675374988427,-0.739808990714335,-0.602221636669379
abalone_point_0830,abalone,regression,7,0.185492674009023,nominal,-0.907564795168071,-0.885543863697944,-0.705677179410735,-0.928328617730456,-0.830622810839518,-0.95875862493746,-0.932675069479462
abalone_point_2059,abalone,regression,8,0.478288925478002,nominal,-0.324682770700311,-0.180182170588426,-0.107977938110013,-0.431784056275168,-0.492728579722707,-0.420507440805611,-0.541159589302299
abalone_point_2081,abalone,regression,9,0.61685641112214,nominal,1.00761899951171,0.877860369075852,0.250641606670419,0.776440389976406,1.09762693473375,0.38230788467918,0.719592094570953
abalone_point_3085,abalone,regression,5,0.126510080635277,nominal,-2.44803871697572,-2.39703320607548,-2.14015535853247,-1.57373458775345,-1.50190601665825,-1.52893996406018,-1.60076570537811
abalone_point_1782,abalone,regression,8,0.588906521599438,nominal,-0.0748761887855567,-0.129799192509174,-0.107977938110013,0.363502921004349,0.507438344383056,0.628626223180196,0.0946040803431871
abalone_point_2864,abalone,regression,11,0.228503354219948,anomaly,1.7986731755751,1.88551993066088,1.20696039275157,3.04810626866713,3.55974956547159,3.01882639678264,1.91209796079864
abalone_point_1565,abalone,regression,7,0.122434995614546,nominal,-0.532854922295939,-0.583245995222437,-0.705677179410735,-0.874289887223002,-0.826117554424628,-0.890336864242734,-0.850061711276941
abalone_point_2309,abalone,regression,11,0.224809260816884,anomaly,-0.574489352615065,-0.532863017143185,-0.227517786370157,-0.639782188794426,-0.717991400467248,-0.484367750787356,-0.458546231099778
abalone_point_2814,abalone,regression,4,0.135555029571498,nominal,-2.23986656538009,-2.14511831567923,-2.02061551027232,-1.54212702840003,-1.49064287562102,-1.49244835835633,-1.56484685398571
abalone_point_2903,abalone,regression,9,0.323571077650974,nominal,0.299833684086575,0.273264632124836,-0.227517786370157,-0.105512475852802,-0.024181912574061,-0.0692757359060151,-0.120909028011215
abalone_point_2551,abalone,regression,5,0.128215622310304,nominal,-2.03169441378446,-1.89320342528297,-1.4229162689716,-1.42181438311928,-1.32169576006262,-1.42858804837458,-1.50019292147939
abalone_point_3725,abalone,regression,7,0.518212449757101,nominal,-0.324682770700311,-0.432097060984683,0.250641606670419,0.174877163572669,0.248386100526834,0.167919701169037,0.245463256191269
abalone_point_2553,abalone,regression,6,0.067008854746623,nominal,-1.78188783186971,-1.84282044720372,-1.54245611723174,-1.37389324474475,-1.32620101647751,-1.30999032983706,-1.45349841466927
abalone_point_2897,abalone,regression,8,0.178104834460401,nominal,0.174930393129198,0.222881654045585,-0.227517786370157,-0.141198429961498,-0.00616088691449765,-0.251733764425286,-0.239441237606136
abalone_point_3759,abalone,regression,9,0.545660070444695,nominal,0.00839267185269475,-0.0794162144299231,0.0115619101501313,-0.455234826118025,-0.445423387366353,-0.662264328593645,-0.207114271352976
abalone_point_3848,abalone,regression,9,0.394363187839476,nominal,-0.657758213253316,-0.381714082905431,-0.347057634630302,-0.639782188794426,-0.494981207930152,-0.85384525853888,-0.573486555555459
abalone_point_3021,abalone,regression,8,0.309155024378152,nominal,-0.61612378293419,-0.684011951380939,-0.347057634630302,-0.865113499023623,-0.848643836499082,-1.00893458278026,-0.74948892737822
abalone_point_0234,abalone,regression,7,0.0761721627906971,nominal,-2.07332884410359,-1.94358640336222,-1.54245611723174,-1.45444154116152,-1.40053774732321,-1.38297354124477,-1.46427407008699
abalone_point_2945,abalone,regression,7,0.724133795881882,nominal,0.882715708554334,1.02900930331361,0.728800999710997,0.73361724504597,0.595290844473427,1.14863160446012,0.784246027077273
abalone_point_1385,abalone,regression,9,0.511196357675828,nominal,0.882715708554334,0.777094412917349,0.728800999710997,1.00279129889442,1.05933225520718,1.49986330935971,0.762694716241833
abalone_point_2868,abalone,regression,6,0.123167463520629,nominal,-1.65698454091233,-1.59090555680746,-1.54245611723174,-1.36675605392301,-1.2811484523286,-1.36928918910582,-1.38884448216295
abalone_point_1864,abalone,regression,9,0.28850249062379,nominal,-0.033241758466431,0.0717327198078305,0.0115619101501313,-0.389980510033552,-0.231423707659039,-0.429630342231575,-0.508832623049138
abalone_point_1025,abalone,regression,10,0.337234343930141,anomaly,1.00761899951171,0.928243347155103,0.370181454930564,0.798871561130443,1.149437383505,0.505467053929688,0.572324803862111
abalone_point_4166,abalone,regression,7,0.140068995905351,nominal,-0.990833655806321,-1.08707577601495,-1.30337642071146,-1.07107243416524,-0.943254221211789,-1.18683116058655,-1.08353424532754
abalone_point_1443,abalone,regression,5,0.10658502525919,nominal,-0.949199225487196,-0.885543863697944,-1.06429672419117,-1.09758200007456,-0.983801528945807,-1.072794892762,-1.19129079950474
abalone_point_0296,abalone,regression,6,0.101053705295802,nominal,-1.90679112282709,-1.94358640336222,-1.30337642071146,-1.42895157394102,-1.39828511911576,-1.33735903411495,-1.42835521869459
abalone_point_3158,abalone,regression,9,0.465049603242387,nominal,-0.782661504210693,-0.583245995222437,-1.18383657245131,-0.880407479355921,-0.909464798100108,-0.835599455686953,-0.853653596416181
abalone_point_0902,abalone,regression,6,0.238341255449782,nominal,-1.86515669250796,-1.79243746912447,-1.06429672419117,-1.40754000147581,-1.36674832421153,-1.31455178055004,-1.44990652953003
abalone_point_3608,abalone,regression,8,0.44988230532033,nominal,-0.0748761887855567,-0.180182170588426,0.0115619101501313,-0.307393016239141,-0.0827502459676415,-0.438753243657538,-0.860837366694661
abalone_point_3020,abalone,regression,8,0.306896246578935,nominal,-0.61612378293419,-0.784777907539442,-0.58613733115059,-0.945661795440394,-0.988306785360697,-0.894898314955715,-0.821326630163021
abalone_point_4074,abalone,regression,9,0.33225634914335,nominal,-0.0748761887855567,-0.129799192509174,-0.347057634630302,-0.50621476055902,-0.553549541323733,-0.666825779306627,-0.350789676922577
abalone_point_0824,abalone,regression,6,0.088501333863487,nominal,-1.15737137708282,-1.18784173217345,-1.06429672419117,-1.0537392564553,-0.974791016116025,-1.06823344204902,-1.0979017858845
abalone_point_3441,abalone,regression,7,0.34998779484044,nominal,-0.491220491976813,-0.381714082905431,-0.944756875931023,-0.659154563882004,-0.56481268236096,-0.644018525741718,-0.70997819084658
abalone_point_1713,abalone,regression,9,0.672917697839063,nominal,1.00761899951171,1.02900930331361,0.489721303190708,0.841694706060879,1.0007639218136,0.87038311096823,0.547181607887431
abalone_point_2114,abalone,regression,7,0.169418902364628,nominal,-1.15737137708282,-1.18784173217345,-1.18383657245131,-1.21687504666649,-1.23384325997225,-1.19595406201251,-1.14100440755538
abalone_point_0840,abalone,regression,9,0.253765284580658,nominal,-0.324682770700311,-0.532863017143185,-0.825217027670879,-0.674448544214303,-0.639149413206658,-0.771739145705208,-0.620181062365579
abalone_point_3179,abalone,regression,8,0.314546361257391,nominal,-1.19900580740195,-1.08707577601495,-0.944756875931023,-1.17914989518015,-1.14148550346699,-1.15946245630866,-1.15896383325158
abalone_point_3033,abalone,regression,9,0.71615888899348,nominal,0.0916615324909462,0.122115697887082,0.131101758410275,-0.285981443773923,-0.389107682180218,-0.265418116564231,-0.013152473834014
abalone_point_1301,abalone,regression,9,0.481566682199953,nominal,0.0500271021718205,0.172498675966333,-0.227517786370157,-0.12488485094038,0.268659754393843,-0.548228060769101,-0.207114271352976
abalone_point_4157,abalone,regression,8,0.1851333639186,nominal,-0.407951631338562,-0.381714082905431,-0.705677179410735,-0.691781721924241,-0.634644156791768,-0.671387230019609,-0.6668755691757
abalone_point_0036,abalone,regression,8,0.21328257849998,nominal,-0.491220491976813,-0.532863017143185,-0.825217027670879,-0.712173695700639,-0.596349477265195,-0.516297905778229,-0.817734745023781
abalone_point_1163,abalone,regression,9,0.594847336136304,nominal,0.716177987277831,0.777094412917349,0.131101758410275,1.02318327267082,1.9085730894141,0.409676588957071,0.342444154950749
abalone_point_1659,abalone,regression,8,0.673737426831532,nominal,0.63290912663958,0.726711434838098,0.728800999710997,0.180994755705588,0.0929547542131006,0.38230788467918,0.367587350925429
abalone_point_1133,abalone,regression,9,0.527558265600601,nominal,0.3414681144057,0.42441356636259,0.848340847971141,0.368600914448449,0.394806934010786,0.519151406068633,0.184401208824188
abalone_point_2899,abalone,regression,8,0.591670060949867,nominal,0.216564823448323,0.273264632124836,0.609261151450853,-0.0504541466565276,-0.0872555023825323,0.122305194039219,0.0371339181153465
abalone_point_1438,abalone,regression,6,0.412758443707974,nominal,-1.03246808612545,-1.18784173217345,-0.705677179410735,-1.01907290103543,-0.772054477445938,-1.23244566771637,-1.12304498185918
abalone_point_2599,abalone,regression,9,0.560015179172452,nominal,0.63290912663958,0.525179522521093,0.250641606670419,0.852910291637898,0.784511613898842,0.847575857403321,0.367587350925429
abalone_point_3432,abalone,regression,5,0.166470851285823,nominal,-1.4488123893167,-1.43975662256971,-1.06429672419117,-1.2841685601286,-1.29015896515838,-1.20051551272549,-1.28467981312499
abalone_point_0651,abalone,regression,5,0.09518353853518,nominal,-2.23986656538009,-2.29626724991698,-1.78153581375203,-1.52887224544537,-1.46586396533912,-1.51981706263422,-1.53611177287179
abalone_point_0879,abalone,regression,9,0.546660060515329,nominal,0.92435013887346,0.777094412917349,0.609261151450853,0.949772167075788,1.39046860170166,0.728978138865795,0.234687600773548
abalone_point_0992,abalone,regression,7,0.593821714380111,nominal,0.466371405363077,0.525179522521093,0.250641606670419,0.584755836478266,0.892637767856222,0.409676588957071,0.367587350925429
abalone_point_1228,abalone,regression,8,0.211648869864007,nominal,-1.4488123893167,-1.54052257872821,-1.18383657245131,-1.32597210637021,-1.23384325997225,-1.36928918910582,-1.33855809021359
abalone_point_1597,abalone,regression,7,0.446454460371713,nominal,0.0500271021718205,0.122115697887082,-0.466597482890446,-0.473587602516783,-0.467949669440807,-0.361208581536848,-0.444178690542818
abalone_point_1446,abalone,regression,6,0.196319509309615,nominal,-0.782661504210693,-0.684011951380939,-0.825217027670879,-0.79170239342859,-0.544539028493951,-0.967881526363424,-0.943450724897182
abalone_point_1230,abalone,regression,6,0.093235431022764,nominal,-1.32390909835933,-1.38937364449046,-1.30337642071146,-1.30761932997146,-1.25411691383926,-1.26437582270724,-1.29904735368195
abalone_point_1525,abalone,regression,11,0.233433922285077,anomaly,1.46559773302209,1.43207312794762,0.728800999710997,1.74403954566648,1.77566802517482,1.33108963297939,0.583100459279831
abalone_point_2549,abalone,regression,4,0.074642600948657,nominal,-2.07332884410359,-2.14511831567923,-1.66199596549189,-1.51153906773544,-1.46361133713168,-1.44683385122651,-1.53251988773255
abalone_point_2373,abalone,regression,12,0.535827199305713,anomaly,-0.990833655806321,-0.835160885618693,-0.705677179410735,-0.960955775772693,-0.965780503286243,-0.986127329215351,-0.925491299200982
abalone_point_2092,abalone,regression,8,0.395614224802342,nominal,-0.158145049423808,-0.180182170588426,-0.58613733115059,-0.344098569036657,-0.247192105111157,-0.228926510860377,-0.458546231099778
abalone_point_1734,abalone,regression,9,0.599590240298503,nominal,1.17415672078821,0.928243347155103,0.848340847971141,0.955889759208707,1.11790058860076,1.21705336515484,0.547181607887431
abalone_point_1547,abalone,regression,7,0.235508983308643,nominal,-1.19900580740195,-1.2382247102527,-1.06429672419117,-1.19444387551245,-1.21582223431268,-1.04086473777113,-1.17692325894778
abalone_point_1240,abalone,regression,7,0.080646324622629,nominal,-1.24064023772108,-1.38937364449046,-1.30337642071146,-1.24542380995344,-1.19329595223823,-1.29174452698513,-1.21284211034018
abalone_point_1141,abalone,regression,9,0.530615737499208,nominal,0.424736975043951,0.474796544441841,-0.107977938110013,0.15958318324037,0.293438664675742,0.14967389831711,0.152074242571028
abalone_point_2284,abalone,regression,7,0.252375244188317,nominal,-0.741027073891568,-0.633628973301688,-0.466597482890446,-0.777428011785112,-0.623381015754541,-0.625772722889791,-0.817734745023781
abalone_point_2526,abalone,regression,9,0.5629720100935,nominal,0.549640266001328,0.474796544441841,0.489721303190708,0.532756303348451,0.633585523999999,0.373184983253217,0.38195489148239
abalone_point_0910,abalone,regression,7,0.115373878047356,nominal,-1.57371568027408,-1.59090555680746,-1.54245611723174,-1.31067812603792,-1.19329595223823,-1.30086742841109,-1.39602825244143
abalone_point_3549,abalone,regression,7,0.113482948418669,nominal,-0.24141391006206,-0.381714082905431,-0.466597482890446,-0.478685595960883,-0.357570887275982,-0.644018525741718,-0.72793761654278
abalone_point_2630,abalone,regression,6,0.089645913695538,nominal,-1.61535011059321,-1.69167151296597,-1.54245611723174,-1.35757966572363,-1.28340108053605,-1.34648193554091,-1.37088505646675
abalone_point_2836,abalone,regression,8,0.514249697375933,nominal,0.383102544724825,0.122115697887082,0.0115619101501313,0.0933092684670773,0.25514398514917,-0.142258947313723,0.080236539786227
abalone_point_2530,abalone,regression,8,0.647780206365884,nominal,0.63290912663958,0.928243347155103,0.370181454930564,1.02624206873728,1.18998469123902,0.938804871662956,0.798613567634233
abalone_point_4087,abalone,regression,8,0.40902609398749,nominal,0.549640266001328,0.42441356636259,0.370181454930564,0.0922896697782573,0.0433969336493015,0.300201771845508,0.00839883700142625
abalone_point_2259,abalone,regression,8,0.326894268964058,nominal,-0.782661504210693,-0.73439492946019,-0.58613733115059,-0.862054702957163,-0.871170118573536,-0.794546399270117,-0.74589704223898
abalone_point_2574,abalone,regression,8,0.157584524163202,nominal,-0.407951631338562,-0.532863017143185,-0.825217027670879,-0.735624465543496,-0.713486144052357,-0.630334173602773,-0.853653596416181
abalone_point_0813,abalone,regression,6,0.103962963328981,nominal,-2.40640428665659,-2.34665022799623,-2.02061551027232,-1.55334261397705,-1.49740076024336,-1.53350141477316,-1.58639816482115
abalone_point_3206,abalone,regression,9,0.280865827900992,nominal,-1.57371568027408,-1.43975662256971,-1.06429672419117,-1.28722735619506,-1.26087479846159,-1.30542887912407,-1.21284211034018
abalone_point_2491,abalone,regression,7,0.121843746557967,nominal,-0.699392643572442,-0.835160885618693,-0.58613733115059,-0.8946818609994,-0.884685887818208,-0.85384525853888,-0.903939988365542
abalone_point_3575,abalone,regression,9,0.522471177802318,nominal,0.63290912663958,0.625945478679595,0.728800999710997,0.513383928260873,0.631332895792554,0.400553687531107,0.586692344419072
abalone_point_2132,abalone,regression,6,0.123508841755916,nominal,-1.69861897123146,-1.69167151296597,-1.4229162689716,-1.32291331030375,-1.25862217025415,-1.29630597769811,-1.32059866451739
abalone_point_3964,abalone,regression,4,0.096390302277777,nominal,-2.11496327442271,-2.04435235952073,-1.54245611723174,-1.44934354771742,-1.35323255496685,-1.36472773839284,-1.49660103634015
abalone_point_1250,abalone,regression,5,0.234515327764351,nominal,-1.07410251644457,-1.38937364449046,-0.944756875931023,-1.08126842105344,-0.968033131493689,-1.09104069561393,-1.12663686699842
abalone_point_3415,abalone,regression,7,0.189436024334022,nominal,-0.283048340381185,-0.381714082905431,-0.825217027670879,-0.616331418951569,-0.497233836137597,-0.730686089288372,-0.65250802861874
abalone_point_1161,abalone,regression,9,0.792793745744293,nominal,0.674543556958705,0.676328456758846,0.609261151450853,0.463423592508699,0.331733344202314,0.35493918040129,0.848899959583594
abalone_point_2044,abalone,regression,7,0.115574860532883,nominal,-1.07410251644457,-1.1374587540942,-0.944756875931023,-1.09248400663046,-0.988306785360697,-1.08191779418797,-1.12663686699842
abalone_point_1784,abalone,regression,7,0.267891370445439,nominal,0.00839267185269475,-0.280948126746929,-0.347057634630302,-0.364490542813055,-0.253949989733493,-0.233487961573359,-0.573486555555459
abalone_point_3625,abalone,regression,9,0.635945299575163,nominal,1.17415672078821,0.928243347155103,0.848340847971141,1.237298997323,1.27783719132939,1.49986330935971,0.942288973203835
abalone_point_0619,abalone,regression,9,0.071164799663915,nominal,-1.78188783186971,-1.84282044720372,-1.54245611723174,-1.42589277787456,-1.41405351656788,-1.34192048482793,-1.39962013758067
abalone_point_3537,abalone,regression,8,0.12396496013538,nominal,-0.824295934529819,-0.835160885618693,-0.705677179410735,-0.864093900334803,-0.855401721121418,-0.808230751409062,-0.950634495175662
abalone_point_2524,abalone,regression,9,0.358448197830374,nominal,0.3414681144057,0.323647610204087,0.250641606670419,0.314562183940994,0.397059562218231,0.500905603216706,0.0694608843685069
abalone_point_1445,abalone,regression,6,0.134637908760055,nominal,-0.824295934529819,-0.684011951380939,-0.825217027670879,-0.896721058377039,-0.711233515844912,-0.821915103548007,-1.08353424532754
abalone_point_2219,abalone,regression,14,0.237340979560721,anomaly,-0.24141391006206,-0.180182170588426,0.250641606670419,0.0494665248478218,-0.139065951153777,0.0766906869094017,0.223911945355828
abalone_point_2504,abalone,regression,6,0.079062154908362,nominal,-1.86515669250796,-1.79243746912447,-1.54245611723174,-1.43099077131866,-1.38476934987109,-1.3738506398188,-1.46786595522623
abalone_point_1578,abalone,regression,8,0.227052530228794,nominal,-0.283048340381185,-0.0794162144299231,-0.107977938110013,-0.417509674631689,-0.251697361526048,-0.475244849361393,-0.501648852770658
abalone_point_1604,abalone,regression,9,0.454794168643948,nominal,0.133295962810072,0.222881654045585,0.0115619101501313,-0.018846587303111,0.153775715814127,-0.0738371866189969,-0.0670307509226143
abalone_point_1494,abalone,regression,8,0.628344305109924,nominal,0.757812417596957,0.676328456758846,-0.227517786370157,0.0280549523826041,-0.0286871689889518,0.0994979404743106,0.087420310064707
abalone_point_1159,abalone,regression,9,0.496434353169363,nominal,0.674543556958705,0.676328456758846,0.0115619101501313,0.588834231233545,0.881374626818995,0.697047983874923,0.252647026469749
abalone_point_1703,abalone,regression,9,0.751809072045177,nominal,0.92435013887346,0.8274773909966,0.728800999710997,0.882478653613675,0.807037895973296,0.783715547421576,1.01412667598864
abalone_point_0120,abalone,regression,8,0.158092085268787,nominal,-0.990833655806321,-1.0366927979357,-1.30337642071146,-1.15875792140375,-1.10319082394041,-1.10472504775288,-1.10508555616298
abalone_point_3408,abalone,regression,6,0.11974935181333,nominal,-1.4488123893167,-1.43975662256971,-1.4229162689716,-1.29844294177208,-1.25411691383926,-1.2233227662904,-1.33496620507435
abalone_point_3319,abalone,regression,4,0.161992115861564,nominal,-2.98928631112435,-2.85048000878875,-2.37923505505275,-1.64000850252674,-1.57624274750395,-1.60648462618087,-1.65823586760595
abalone_point_1336,abalone,regression,9,0.544575474107687,nominal,0.424736975043951,0.726711434838098,0.609261151450853,0.508285934816774,0.683143344563799,0.263710166141654,0.482527675381111
abalone_point_3786,abalone,regression,9,0.611935051122605,nominal,0.841081278235208,0.877860369075852,0.370181454930564,0.710166475203113,0.658364434281899,0.888628913820157,0.762694716241833
abalone_point_1010,abalone,regression,8,0.596100672175177,nominal,0.757812417596957,0.726711434838098,0.489721303190708,0.864125877214917,1.01653231926572,0.719855237439831,0.654938162064632
abalone_point_4067,abalone,regression,7,0.173432628966959,nominal,-1.07410251644457,-0.986309819856447,-1.30337642071146,-1.0435432695671,-0.929738451967117,-1.18683116058655,-1.0440235087959
abalone_point_0248,abalone,regression,9,0.131091500041485,nominal,-1.36554352867845,-1.33899066641121,-1.30337642071146,-1.28722735619506,-1.28340108053605,-1.26893727342022,-1.21284211034018
abalone_point_2497,abalone,regression,15,0.24337440951858,anomaly,-0.033241758466431,-0.0794162144299231,-0.227517786370157,-0.416490075942869,-0.650412554243885,0.236341461863764,-0.494465082492178
abalone_point_1241,abalone,regression,6,0.373196575899689,nominal,-1.19900580740195,-1.33899066641121,-0.705677179410735,-1.16793430960313,-1.12346447780742,-1.15946245630866,-1.17333137380854
abalone_point_1367,abalone,regression,9,0.589753552933014,nominal,0.716177987277831,0.575562500600344,0.250641606670419,0.268680242944099,0.406070075048013,-0.0738371866189969,0.338852269811509
abalone_point_1005,abalone,regression,9,0.600133065805845,nominal,0.674543556958705,0.8274773909966,0.250641606670419,0.623500586653422,0.752974818994606,0.765469744569649,0.40350620231783
abalone_point_2039,abalone,regression,5,0.132681954619343,nominal,-2.03169441378446,-1.94358640336222,-1.4229162689716,-1.42079478443046,-1.29466422157327,-1.44683385122651,-1.47864161064395
abalone_point_2750,abalone,regression,9,0.350228482521739,nominal,-0.158145049423808,-0.280948126746929,-0.107977938110013,-0.591861050419891,-0.42740236170679,-0.780862047131171,-0.530383933884578
abalone_point_1015,abalone,regression,9,0.642667726979539,nominal,0.841081278235208,0.928243347155103,0.609261151450853,0.936517384121129,0.962469242287029,1.12126290018223,0.547181607887431
abalone_point_0402,abalone,regression,9,0.513837249944754,nominal,-0.0748761887855567,0.474796544441841,-0.107977938110013,-0.21664873293417,-0.28999204105262,-0.165066200878632,-0.0275200143909741
abalone_point_0135,abalone,regression,7,0.0606087958584109,nominal,-2.15659770474184,-2.09473533759998,-1.78153581375203,-1.49114709395904,-1.43883242684978,-1.46051820336546,-1.51456046203635
abalone_point_0538,abalone,regression,7,0.113818890531579,nominal,-1.94842555314621,-1.79243746912447,-1.54245611723174,-1.45240234378388,-1.42531665760511,-1.41490369623564,-1.42835521869459
abalone_point_2381,abalone,regression,5,0.155317830006713,nominal,-2.9060174504861,-2.74971405263024,-2.37923505505275,-1.6277733182609,-1.56948486288161,-1.57911592190298,-1.64386832704899
abalone_point_3720,abalone,regression,7,0.224572106908338,nominal,-1.19900580740195,-1.28860768833195,-1.06429672419117,-1.10166039482984,-0.875675374988427,-1.25069147056829,-1.23439342117562
abalone_point_3746,abalone,regression,5,0.059772982006761,nominal,-1.99005998346534,-2.04435235952073,-1.66199596549189,-1.4738139162491,-1.44333768326467,-1.38753499195775,-1.47145784036547
abalone_point_0635,abalone,regression,9,0.456210507872328,nominal,-1.36554352867845,-1.1374587540942,-0.944756875931023,-1.26071779028574,-1.32169576006262,-1.16858535773462,-1.17692325894778
abalone_point_1427,abalone,regression,9,0.61748491464677,nominal,1.84030760589422,1.63360504026462,1.8046596340523,2.8982252614106,3.59128636037583,2.42127635338203,2.29283778555809
abalone_point_3565,abalone,regression,9,0.538563099483449,nominal,0.424736975043951,0.323647610204087,-0.347057634630302,0.0464077287813622,0.433101613537358,-0.0829600880449602,-0.304095170112456
abalone_point_0597,abalone,regression,9,0.603825475613758,nominal,0.216564823448323,0.222881654045585,0.0115619101501313,-0.235001509332928,-0.463444413025916,0.0493219826315111,-0.0993577171757746
abalone_point_1914,abalone,regression,9,0.524390816831698,nominal,0.466371405363077,0.323647610204087,0.489721303190708,0.00154538647328686,-0.10302389983465,0.181604053307983,0.0694608843685069
abalone_point_0048,abalone,regression,7,0.497488148633719,nominal,-0.532854922295939,-0.33133110482618,-0.466597482890446,-0.750918445875794,-0.819359669802291,-0.644018525741718,-0.638140488061779
abalone_point_1193,abalone,regression,9,0.662331142029621,nominal,1.46559773302209,1.58322206218537,0.967880696231285,1.88066576996835,2.41316180788187,1.41319574581306,1.48825551436832
abalone_point_1255,abalone,regression,7,0.322729283411877,nominal,-0.824295934529819,-0.835160885618693,-0.705677179410735,-1.00989651283605,-0.8396333236693,-1.23700711842935,-0.997329001985783
abalone_point_4175,abalone,regression,9,0.60808885681062,nominal,0.63290912663958,0.676328456758846,1.56557993753201,0.708127277825473,0.748469562579715,0.97529647736681,0.496895215938071
abalone_point_1147,abalone,regression,9,0.474232356354956,nominal,0.466371405363077,0.374030588283339,-0.107977938110013,-0.03006217288013,0.0816916131758735,0.0994979404743106,-0.135276568568175
abalone_point_0307,abalone,regression,3,0.187299869457921,nominal,-2.98928631112435,-2.900862986868,-2.61831475157304,-1.64612609465966,-1.58750588854118,-1.60192317546789,-1.67978717844139
abalone_point_3635,abalone,regression,6,0.15117330906745,nominal,-1.36554352867845,-1.43975662256971,-1.30337642071146,-1.30354093521618,-1.29241159336583,-1.17770825916059,-1.32059866451739
abalone_point_1455,abalone,regression,6,0.378323894946946,nominal,-0.449586061657688,-0.532863017143185,-0.466597482890446,-0.938524604618655,-1.05138037516917,-0.885775413529752,-0.73512138682126
abalone_point_3539,abalone,regression,7,0.222195822269718,nominal,-0.741027073891568,-0.73439492946019,-0.705677179410735,-0.79578078818387,-0.684201977355567,-0.995250230641315,-0.771040238213661
abalone_point_2469,abalone,regression,8,0.134566372610337,nominal,-1.2822746680402,-1.33899066641121,-1.4229162689716,-1.22707103355468,-1.20005383686057,-1.07735634347499,-1.21284211034018
abalone_point_1550,abalone,regression,7,0.098573077216083,nominal,-1.15737137708282,-1.28860768833195,-1.06429672419117,-1.16589511222549,-1.0829171700734,-1.10928649846586,-1.21284211034018
abalone_point_1462,abalone,regression,6,0.227423178001113,nominal,-0.324682770700311,-0.381714082905431,-0.227517786370157,-0.617351017640388,-0.499486464345043,-0.689633032871536,-0.598629751530139
abalone_point_0019,abalone,regression,7,0.315747477135372,nominal,-1.32390909835933,-1.1374587540942,-1.4229162689716,-1.16895390829195,-1.182032811201,-1.25525292128128,-0.997329001985783
abalone_point_0062,abalone,regression,9,0.518841052776129,nominal,-0.158145049423808,-0.0290332363506717,-0.705677179410735,-0.41547047725405,-0.244939476903711,-0.187873454443541,-0.458546231099778
abalone_point_3064,abalone,regression,9,0.444081274287302,nominal,0.92435013887346,0.8274773909966,0.370181454930564,0.64491215911864,0.532217254664956,1.12126290018223,0.550773493026671
abalone_point_3449,abalone,regression,7,0.29857750897129,nominal,-0.033241758466431,-0.180182170588426,-0.466597482890446,-0.377745325767714,-0.31927620774941,-0.215242158721432,-0.559119014998499
abalone_point_2823,abalone,regression,7,0.102657137732203,nominal,-0.61612378293419,-0.73439492946019,-0.825217027670879,-0.951779387573314,-0.909464798100108,-0.922267019233606,-0.929083184340222
abalone_point_2943,abalone,regression,9,0.6032990264666,nominal,0.882715708554334,1.23054121563061,0.967880696231285,0.919184206411191,1.16520578095712,0.687925082448959,0.547181607887431
abalone_point_2691,abalone,regression,9,0.478788294197102,nominal,1.00761899951171,0.726711434838098,0.250641606670419,0.74075443586771,1.10889007577098,0.719855237439831,0.331668499533029
abalone_point_2881,abalone,regression,8,0.3077758097831,nominal,-0.407951631338562,-0.33133110482618,-0.705677179410735,-0.682605333724862,-0.668433579903449,-0.653141427167682,-0.605813521808619
abalone_point_3437,abalone,regression,6,0.200438299398517,nominal,-1.19900580740195,-1.33899066641121,-1.06429672419117,-1.17914989518015,-1.19329595223823,-1.0499876391971,-1.17692325894778
abalone_point_2569,abalone,regression,7,0.130687034055129,nominal,-0.532854922295939,-0.633628973301688,-0.466597482890446,-0.842682327869585,-0.727001913297029,-0.840160906399934,-0.947042610036422
abalone_point_3753,abalone,regression,8,0.394884732794473,nominal,-0.407951631338562,-0.532863017143185,-0.107977938110013,-0.716252090455918,-0.652665182451331,-0.826476554260989,-0.6848349948719
abalone_point_0304,abalone,regression,6,0.184757345400755,nominal,-1.36554352867845,-1.38937364449046,-0.944756875931023,-1.24746300733108,-1.22032749072757,-1.19595406201251,-1.20206645492246
abalone_point_0628,abalone,regression,8,0.196431188101237,nominal,-1.19900580740195,-1.0366927979357,-1.06429672419117,-1.11593477647332,-1.05363300337661,-1.16858535773462,-1.06916670477058
abalone_point_2984,abalone,regression,8,0.271599636191779,nominal,0.00839267185269475,0.0213497417285791,-0.107977938110013,-0.0779833112546649,0.212344049207707,0.158796799743074,-0.444178690542818
abalone_point_0113,abalone,regression,9,0.358167294804863,nominal,-0.741027073891568,-0.885543863697944,-1.4229162689716,-1.01193571021369,-0.950012105834125,-1.06823344204902,-0.961410150593383
abalone_point_1330,abalone,regression,8,0.458373312486125,nominal,0.383102544724825,0.42441356636259,-0.107977938110013,-0.0708461204329255,0.0997126388354368,-0.356647130823867,0.0443176883938266
abalone_point_1633,abalone,regression,8,0.642500130586183,nominal,0.424736975043951,0.474796544441841,0.609261151450853,0.0780152881347788,0.0771863567609827,-0.000853975211288458,0.209544404798868
abalone_point_3049,abalone,regression,8,0.589599103072068,nominal,0.549640266001328,0.625945478679595,0.131101758410275,0.296209407542236,0.421838472500131,0.505467053929688,0.360403580646949
abalone_point_1638,abalone,regression,8,0.59883981085397,nominal,0.424736975043951,0.575562500600344,1.32650024101172,0.342091348539131,0.259649241564061,0.605818969615287,1.66066600105184
abalone_point_3554,abalone,regression,9,0.271215182099745,nominal,0.0500271021718205,-0.0290332363506717,-0.227517786370157,-0.341039772970197,-0.292244669260065,-0.374892933675794,-0.350789676922577
abalone_point_2853,abalone,regression,9,0.523170564537617,nominal,1.00761899951171,0.8274773909966,0.489721303190708,0.688754902737895,0.604301357303209,1.23073771729379,0.43224128343175
abalone_point_0046,abalone,regression,7,0.287498818662588,nominal,-1.1157369467637,-1.1374587540942,-1.06429672419117,-1.27601177061804,-1.22483274714247,-1.23700711842935,-1.17692325894778
abalone_point_3841,abalone,regression,9,0.683864364099003,nominal,0.0500271021718205,0.0213497417285791,0.131101758410275,-0.0066114030372723,0.0704284721386464,0.213534208298855,0.0443176883938266
abalone_point_3831,abalone,regression,14,0.168721420528698,anomaly,-0.199779479742934,-0.230565148667677,-0.466597482890446,-0.398137299544111,-0.580581079813078,-0.507175004352265,-0.0275200143909741
abalone_point_1474,abalone,regression,8,0.358404051563149,nominal,0.216564823448323,0.222881654045585,0.0115619101501313,0.0229569589385045,0.0704284721386464,0.341254828262344,-0.318462710669417
abalone_point_0094,abalone,regression,10,0.20598586667116,anomaly,0.841081278235208,0.877860369075852,0.609261151450853,0.883498252302495,0.665122318904235,1.2535449708587,1.08596437877344
abalone_point_1747,abalone,regression,10,0.230527072920036,anomaly,1.46559773302209,1.58322206218537,0.848340847971141,2.09580109330935,2.18564635892989,1.94232402851895,2.16352992054545
abalone_point_1738,abalone,regression,10,0.234893069335925,anomaly,1.21579115110734,1.43207312794762,0.370181454930564,1.50341425510499,2.24646732053091,1.44512590080393,0.827348648748154
abalone_point_2649,abalone,regression,9,0.099658871618398,nominal,-0.199779479742934,-0.280948126746929,-0.466597482890446,-0.514371550069579,-0.389107682180218,-0.41594599009263,-0.67405933945418
abalone_point_0825,abalone,regression,7,0.259241149171578,nominal,-1.15737137708282,-1.08707577601495,-0.944756875931023,-1.0996211974522,-1.07165402903618,-1.072794892762,-1.06916670477058
abalone_point_2821,abalone,regression,6,0.0765574366380239,nominal,-1.24064023772108,-1.2382247102527,-1.18383657245131,-1.17099310566959,-1.0829171700734,-1.10472504775288,-1.23080153603638
abalone_point_3418,abalone,regression,9,0.46722426197102,nominal,0.466371405363077,0.525179522521093,0.250641606670419,0.382875296091927,0.593038216265982,0.368623532540235,0.187993093963428
abalone_point_4099,abalone,regression,9,0.541708661696506,nominal,1.04925342983084,0.877860369075852,0.489721303190708,0.982399325118024,0.980490267946593,1.37670414010921,0.834532419026634
abalone_point_1471,abalone,regression,9,0.303728645696264,nominal,0.0500271021718205,0.222881654045585,-0.227517786370157,-0.253354285731687,-0.0602239638931876,-0.356647130823867,-0.357973447201057
abalone_point_3219,abalone,regression,14,0.1802751781509,anomaly,0.965984569192585,0.978626325234355,1.20696039275157,0.82945952179504,0.379038536558668,1.18512321016397,0.906370121811434
abalone_point_3378,abalone,regression,5,0.100012676025926,nominal,-2.23986656538009,-2.19550129375848,-1.66199596549189,-1.52377425200127,-1.49289550382847,-1.50157125978229,-1.49300915120091
abalone_point_1296,abalone,regression,9,0.225986203075642,nominal,0.00839267185269475,-0.0794162144299231,-0.347057634630302,-0.269667864752805,0.0433969336493015,-0.384015835101757,-0.537567704163059
abalone_point_2454,abalone,regression,8,0.343880548236501,nominal,-1.65698454091233,-2.09473533759998,-1.4229162689716,-1.48706869920376,-1.44108505505723,-1.44227240051353,-1.48582538092243
abalone_point_0539,abalone,regression,5,0.059675290793353,nominal,-2.07332884410359,-2.04435235952073,-1.66199596549189,-1.49828428478078,-1.46811659354657,-1.46507965407844,-1.48223349578319
abalone_point_3815,abalone,regression,6,0.589991023311757,nominal,-1.19900580740195,-1.33899066641121,-1.06429672419117,-1.19546347420127,-1.14148550346699,-1.20507696343848,-0.207114271352976
abalone_point_2459,abalone,regression,4,0.124346206435846,nominal,-2.69784529889047,-2.64894809647174,-2.14015535853247,-1.61655773268388,-1.56272697825928,-1.57455447119,-1.63668455677051
abalone_point_1186,abalone,regression,9,0.644827992057633,nominal,1.21579115110734,0.978626325234355,1.56557993753201,1.09251598351057,1.11790058860076,1.11213999875626,0.820164878469673
abalone_point_0817,abalone,regression,6,0.147650776761569,nominal,-1.57371568027408,-1.59090555680746,-1.4229162689716,-1.31679571817084,-1.28790633695094,-1.28262162555917,-1.30263923882119
abalone_point_1806,abalone,regression,9,0.69774215152757,nominal,0.841081278235208,0.877860369075852,0.848340847971141,0.867184673281376,1.0007639218136,0.961612125227865,0.572324803862111
abalone_point_2054,abalone,regression,7,0.094774119470086,nominal,-0.532854922295939,-0.633628973301688,-0.705677179410735,-0.752957643253434,-0.560307425946069,-0.840160906399934,-0.882388677530102
abalone_point_2372,abalone,regression,3,0.189443619830644,nominal,-2.86438302016698,-2.85048000878875,-2.14015535853247,-1.6430672985932,-1.58074800391884,-1.59736172475491,-1.64386832704899
abalone_point_3808,abalone,regression,8,0.317420984178375,nominal,-0.61612378293419,-0.432097060984683,-0.58613733115059,-0.489901181537902,-0.186371143510131,-0.543666610056119,-0.763856467935181
abalone_point_0278,abalone,regression,18,0.231924391026583,anomaly,0.716177987277831,0.928243347155103,2.40235887535302,1.65839325580561,0.777753729276506,1.4040728443871,3.24109546231746
abalone_point_3979,abalone,regression,8,0.338723546910908,nominal,-0.324682770700311,-0.180182170588426,-0.466597482890446,-0.468489609072684,-0.488223323307816,-0.420507440805611,-0.501648852770658
abalone_point_4030,abalone,regression,7,0.148618329124212,nominal,-0.741027073891568,-0.73439492946019,-0.705677179410735,-1.00887691414723,-1.00858043922771,-0.940512822085533,-1.02247219796046
abalone_point_3406,abalone,regression,7,0.109794986763883,nominal,-1.53208124995496,-1.59090555680746,-1.54245611723174,-1.33005050112549,-1.26538005487648,-1.27806017484618,-1.35651751590979
abalone_point_1297,abalone,regression,9,0.543453332167764,nominal,0.00839267185269475,0.122115697887082,0.370181454930564,0.0270353536937841,0.30920706212786,-0.356647130823867,-0.246625007884616
abalone_point_1113,abalone,regression,7,0.507271461195342,nominal,-0.033241758466431,0.525179522521093,0.250641606670419,0.387973289536026,0.737206421542488,0.163358250456055,0.108971620900147
abalone_point_2925,abalone,regression,9,0.726963354281349,nominal,0.674543556958705,0.8274773909966,0.967880696231285,0.689774501426715,0.439859498159694,0.998103730931719,0.974615939456995
abalone_point_2586,abalone,regression,8,0.572832367072938,nominal,0.216564823448323,0.172498675966333,-0.347057634630302,0.275817433765838,0.847585203707314,-0.196996355869505,-0.171195419960575
abalone_point_2826,abalone,regression,8,0.087719208932943,nominal,-0.24141391006206,-0.33133110482618,-0.466597482890446,-0.488881582849082,-0.233676335866484,-0.539105159343137,-0.70638630570734
abalone_point_0333,abalone,regression,5,0.091242945528232,nominal,-1.86515669250796,-1.89320342528297,-1.4229162689716,-1.4432259555845,-1.4050430037381,-1.26437582270724,-1.46427407008699
abalone_point_1642,abalone,regression,9,0.327502189909335,nominal,0.424736975043951,0.374030588283339,0.489721303190708,0.0209177615608647,0.185312510718363,0.158796799743074,0.00121506672294618
abalone_point_1461,abalone,regression,8,0.571999185837314,nominal,-0.324682770700311,-0.180182170588426,-1.30337642071146,-0.377745325767714,-0.292244669260065,-0.707878835723463,-0.293319514694736
abalone_point_2758,abalone,regression,9,0.474953186961078,nominal,0.00839267185269475,-0.33133110482618,-0.466597482890446,-0.402215694299391,-0.247192105111157,-0.607526920037864,-0.350789676922577
abalone_point_2696,abalone,regression,9,0.542435099973979,nominal,1.04925342983084,1.02900930331361,0.370181454930564,1.17918187206026,1.63149981989832,1.07108694233943,0.690857013457033
abalone_point_2089,abalone,regression,12,0.22192515455733,anomaly,1.6321354542986,1.68398801834387,1.8046596340523,2.59234565476464,2.23970943590858,2.7542622554297,2.60892367781121
abalone_point_0477,abalone,regression,9,0.227291842881811,nominal,-0.491220491976813,-0.583245995222437,-0.58613733115059,-0.831466742292566,-0.913970054514999,-0.817353652835025,-0.74948892737822
abalone_point_4070,abalone,regression,8,0.103239647375101,nominal,-0.574489352615065,-0.73439492946019,-0.825217027670879,-0.863074301645983,-0.830622810839518,-0.808230751409062,-0.864429251833902
abalone_point_3956,abalone,regression,9,0.315229907236522,nominal,-0.283048340381185,-0.230565148667677,-0.466597482890446,-0.484803188093802,-0.398118195009999,-0.621211272176809,-0.440586805403578
abalone_point_3649,abalone,regression,9,0.474316224729882,nominal,-0.283048340381185,-0.180182170588426,-0.466597482890446,-0.647938978304985,-0.625633643961986,-0.707878835723463,-0.462138116239018
abalone_point_2063,abalone,regression,7,0.173100828906828,nominal,-0.158145049423808,-0.230565148667677,-0.227517786370157,-0.377745325767714,-0.206644797377139,-0.28822537012914,-0.627364832644059
abalone_point_3843,abalone,regression,9,0.649318613415909,nominal,0.757812417596957,0.676328456758846,0.131101758410275,0.252366663922981,0.144765202984345,0.131428095465183,0.583100459279831
abalone_point_3087,abalone,regression,7,0.591759302533822,nominal,-1.40717795899758,-1.38937364449046,-1.54245611723174,-1.2739725732404,-0.247192105111157,-1.22788421700338,-1.28827169826423
abalone_point_0954,abalone,regression,7,0.153973594248076,nominal,-0.324682770700311,-0.381714082905431,-0.58613733115059,-0.714212893078278,-0.720244028674693,-0.776300596418189,-0.788999663909861
abalone_point_3995,abalone,regression,4,0.131634400145297,nominal,-2.82274858984785,-2.74971405263024,-2.25969520679261,-1.62471452219444,-1.56948486288161,-1.58823882332894,-1.64386832704899
abalone_point_2097,abalone,regression,11,0.107541200137843,anomaly,-0.199779479742934,-0.180182170588426,0.131101758410275,-0.362451345435415,-0.389107682180218,-0.44331469437052,-0.135276568568175
abalone_point_2072,abalone,regression,9,0.383747768466963,nominal,0.3414681144057,0.323647610204087,-0.107977938110013,0.00256498516210664,0.151523087606681,-0.0647142851930333,-0.00596870355553389
abalone_point_4135,abalone,regression,9,0.562284655611799,nominal,0.591274696320454,0.474796544441841,0.0115619101501313,0.173857564883849,0.135754690154563,0.38230788467918,0.231095715634308
abalone_point_1768,abalone,regression,7,0.585095163887391,nominal,-1.1157369467637,-1.28860768833195,-0.347057634630302,-0.539861517290077,-0.251697361526048,-0.776300596418189,-0.68842688001114
abalone_point_1460,abalone,regression,6,0.266990509870426,nominal,-0.324682770700311,-0.280948126746929,-0.466597482890446,-0.726448077344117,-0.684201977355567,-0.666825779306627,-0.65969179889722
abalone_point_1321,abalone,regression,9,0.552281534728883,nominal,0.299833684086575,0.172498675966333,-0.107977938110013,-0.0168073899254712,0.0546600746865285,0.0401990812055475,-0.020336244112494
abalone_point_3547,abalone,regression,7,0.146346151464749,nominal,-0.407951631338562,-0.583245995222437,-0.58613733115059,-0.674448544214303,-0.549044284908842,-0.744370441427317,-0.70997819084658
abalone_point_1484,abalone,regression,8,0.378690504362195,nominal,0.549640266001328,0.323647610204087,0.250641606670419,0.0892308737117978,0.124491549117336,0.313886123984454,0.0443176883938266
abalone_point_3952,abalone,regression,13,0.216491904553775,anomaly,-0.491220491976813,-0.180182170588426,-0.705677179410735,-0.394058904788832,-0.801338644142728,-0.215242158721432,-0.0993577171757746
abalone_point_0634,abalone,regression,9,0.629811297745389,nominal,-0.449586061657688,-0.482480039063934,-0.227517786370157,-0.624488208462128,-0.727001913297029,-0.675948680732591,-0.530383933884578
abalone_point_2699,abalone,regression,9,0.543963444319695,nominal,1.17415672078821,0.978626325234355,0.609261151450853,1.06090842415716,1.07735328086675,1.24898352014572,0.870451270419034
abalone_point_3824,abalone,regression,9,0.523275378188959,nominal,0.757812417596957,0.474796544441841,-0.107977938110013,0.469541184641618,0.514196229005393,0.751785392430704,0.252647026469749
abalone_point_3096,abalone,regression,9,0.477040137735854,nominal,0.0500271021718205,0.0717327198078305,-0.466597482890446,-0.250295489665227,-0.107529156249541,-0.155943299452669,-0.74948892737822
abalone_point_2839,abalone,regression,9,0.45316140346883,nominal,0.549640266001328,0.625945478679595,0.370181454930564,0.703029284381373,1.19448994765391,0.478098349651798,0.148482357431788
abalone_point_2983,abalone,regression,9,0.590996442039891,nominal,-0.116510619104682,-0.381714082905431,1.68511978579215,0.722401659468952,0.669627575319126,1.01634953378365,0.748327175684873
abalone_point_3804,abalone,regression,7,0.277499557818945,nominal,-1.69861897123146,-1.79243746912447,-1.90107566201218,-1.42691237656338,-1.34196941392963,-1.39665789338371,-1.46068218494775
abalone_point_0017,abalone,regression,7,0.433503189517644,nominal,-1.40717795899758,-1.28860768833195,-1.30337642071146,-1.09758200007456,-1.19104332403078,-1.28718307627215,-0.889572447808582
abalone_point_3550,abalone,regression,9,0.305848773520534,nominal,-0.199779479742934,-0.432097060984683,-0.347057634630302,-0.613272622885109,-0.587338964435414,-0.707878835723463,-0.533975819023819
abalone_point_3190,abalone,regression,7,0.460101445476738,nominal,0.216564823448323,-0.0290332363506717,0.250641606670419,0.193229939971427,0.237122959489607,0.300201771845508,0.00839883700142625
abalone_point_0933,abalone,regression,7,0.482632770669525,nominal,-0.657758213253316,-0.583245995222437,-0.227517786370157,-0.834525538359026,-0.855401721121418,-0.785423497844153,-0.857245481555421
abalone_point_0124,abalone,regression,6,0.179140927279422,nominal,-1.2822746680402,-1.43975662256971,-1.54245611723174,-1.253580599464,-1.21356960610524,-1.18226970987357,-1.21284211034018
abalone_point_3981,abalone,regression,7,0.403538200871802,nominal,0.00839267185269475,0.0213497417285791,-0.58613733115059,-0.110610469296902,0.25514398514917,-0.16050475016565,-0.422627379707378
abalone_point_1744,abalone,regression,11,0.245375881511754,anomaly,1.34069444206472,1.12977525947211,0.250641606670419,1.11086875990933,1.61798405065364,1.02547243520961,0.583100459279831
abalone_point_1999,abalone,regression,7,0.257813004813903,nominal,-1.4488123893167,-1.74205449104522,-1.4229162689716,-1.34330528408015,-1.29241159336583,-1.2233227662904,-1.36010940104903
abalone_point_3731,abalone,regression,9,0.372011444937917,nominal,-0.0748761887855567,-0.381714082905431,-0.58613733115059,-0.436882049719267,-0.0804976177601961,-0.233487961573359,-0.6668755691757
abalone_point_0132,abalone,regression,9,0.369558086921549,nominal,-0.699392643572442,-0.583245995222437,-0.347057634630302,-0.867152696401262,-0.830622810839518,-1.072794892762,-0.788999663909861
abalone_point_1158,abalone,regression,9,0.515421322451195,nominal,0.674543556958705,0.625945478679595,0.609261151450853,0.711186073891933,1.13366898605288,0.427922391808998,0.38195489148239
abalone_point_0919,abalone,regression,7,0.117262037946807,nominal,-0.949199225487196,-1.0366927979357,-1.18383657245131,-0.969112565283252,-0.911717426307553,-0.967881526363424,-0.997329001985783
abalone_point_0934,abalone,regression,7,0.579539554311789,nominal,-0.61612378293419,-0.482480039063934,-0.227517786370157,-0.715232491767098,-0.758538708201265,-0.488929201500338,-0.73152950168202
abalone_point_0520,abalone,regression,6,0.288807053069038,nominal,-1.49044681963583,-1.59090555680746,-1.18383657245131,-1.27601177061804,-1.26763268308393,-1.10928649846586,-1.32059866451739
abalone_point_2854,abalone,regression,8,0.575998653315209,nominal,1.00761899951171,0.8274773909966,0.489721303190708,0.642872961741,0.640343408622335,0.988980829505756,0.575916689001351
abalone_point_2658,abalone,regression,9,0.442332412413841,nominal,0.174930393129198,-0.0794162144299231,0.0115619101501313,-0.103473278475162,0.0388916772344106,0.313886123984454,-0.422627379707378
abalone_point_0204,abalone,regression,13,0.149268432228206,anomaly,0.0500271021718205,0.273264632124836,0.728800999710997,-0.0270033768136702,-0.274223643600502,-0.233487961573359,0.259830796748229
abalone_point_3851,abalone,regression,7,0.535515459590611,nominal,-1.24064023772108,-1.1374587540942,-0.705677179410735,-1.07719002629816,-1.05363300337661,-1.1229708506048,-0.972185806011103
abalone_point_1954,abalone,regression,9,0.622110803951136,nominal,0.965984569192585,0.8274773909966,0.370181454930564,0.611265402387583,0.52996462645751,0.806522800986485,0.726775864849433
abalone_point_3256,abalone,regression,5,0.094881583171802,nominal,-1.86515669250796,-1.79243746912447,-1.54245611723174,-1.38408923163295,-1.34647467034452,-1.26437582270724,-1.39243636730219
abalone_point_1631,abalone,regression,9,0.6674018140342,nominal,0.383102544724825,0.374030588283339,0.370181454930564,0.0780152881347788,0.0501548182716377,-0.0920829894709237,0.295749648140629
abalone_point_1104,abalone,regression,7,0.267248472242453,nominal,-0.158145049423808,-0.180182170588426,-0.347057634630302,-0.579625866154052,-0.51074960538227,-0.279102468703177,-0.70638630570734
abalone_point_1164,abalone,regression,9,0.445386556488082,nominal,0.716177987277831,0.625945478679595,0.609261151450853,0.455266802998139,0.624575011170218,0.560204462485469,0.202360634520388
abalone_point_0228,abalone,regression,7,0.103699021552112,nominal,-1.32390909835933,-1.38937364449046,-1.30337642071146,-1.27193337586276,-1.26763268308393,-1.20507696343848,-1.21284211034018
abalone_point_3971,abalone,regression,6,0.138626856546784,nominal,-1.15737137708282,-1.2382247102527,-1.18383657245131,-1.18424788862425,-1.19780120865312,-1.04542618848411,-1.21284211034018
abalone_point_1589,abalone,regression,8,0.315437228203004,nominal,-0.0748761887855567,-0.180182170588426,-0.347057634630302,-0.526606734335418,-0.546791656701397,-0.49349065221332,-0.386708528314977
abalone_point_2872,abalone,regression,7,0.080519163629755,nominal,-1.24064023772108,-1.28860768833195,-1.30337642071146,-1.25256100077518,-1.23384325997225,-1.20507696343848,-1.19847456978322
abalone_point_2022,abalone,regression,9,0.158781835043075,nominal,0.00839267185269475,0.0213497417285791,-0.227517786370157,-0.288020641151563,-0.0714871049304144,-0.283663919416158,-0.447770575682058
abalone_point_0924,abalone,regression,6,0.190198904652033,nominal,-0.824295934529819,-0.684011951380939,-0.944756875931023,-0.910995440020518,-0.880180631403317,-0.771739145705208,-0.997329001985783
abalone_point_1656,abalone,regression,8,0.662743279200621,nominal,0.63290912663958,0.525179522521093,0.370181454930564,0.295189808853416,0.304701805712969,0.218095659011837,0.43942505371023
abalone_point_1265,abalone,regression,8,0.583887309185104,nominal,-0.574489352615065,-0.784777907539442,-0.944756875931023,-0.931387413796916,-0.00616088691449765,-0.940512822085533,-0.925491299200982
abalone_point_3174,abalone,regression,6,0.179358769050629,nominal,-1.4488123893167,-1.43975662256971,-1.18383657245131,-1.2280906322435,-1.17076967016378,-1.1229708506048,-1.24876096173258
abalone_point_1583,abalone,regression,9,0.492845317778603,nominal,-0.199779479742934,-0.33133110482618,0.0115619101501313,-0.550057504178275,-0.549044284908842,-0.41594599009263,-0.501648852770658
abalone_point_2629,abalone,regression,5,0.117223649818918,nominal,-1.94842555314621,-1.99396938144147,-1.90107566201218,-1.47687271231556,-1.43207454222744,-1.44683385122651,-1.46427407008699
abalone_point_2779,abalone,regression,8,0.467212486560421,nominal,0.508005835682202,0.474796544441841,-0.227517786370157,0.0953484658447169,0.232617703074716,0.236341461863764,-0.0993577171757746
abalone_point_3112,abalone,regression,8,0.246013372338904,nominal,-0.949199225487196,-0.835160885618693,-0.825217027670879,-0.953818584950953,-0.895949028855435,-1.04086473777113,-0.975777691150343
abalone_point_3752,abalone,regression,7,0.086716662513723,nominal,-0.61612378293419,-0.73439492946019,-0.58613733115059,-0.88754467017766,-0.740517682541702,-0.999811681354296,-0.925491299200982
abalone_point_2889,abalone,regression,8,0.611498338300125,nominal,-0.116510619104682,-0.0794162144299231,-0.347057634630302,-0.479705194649703,-0.542286400286506,-0.461560497222447,-0.250216893023856
abalone_point_1606,abalone,regression,9,0.468253219921877,nominal,0.133295962810072,0.122115697887082,0.0115619101501313,-0.41037248380995,-0.490475951515261,-0.575596765046992,-0.0275200143909741
abalone_point_1226,abalone,regression,5,0.157285754442599,nominal,-1.49044681963583,-1.54052257872821,-1.30337642071146,-1.28110976406214,-1.14599075988188,-1.30999032983706,-1.35651751590979
abalone_point_1308,abalone,regression,8,0.278525402524204,nominal,0.174930393129198,0.273264632124836,-0.107977938110013,-0.116728061429821,0.056912702893974,-0.297348271555104,-0.0849901766188145
abalone_point_1311,abalone,regression,8,0.260857054364325,nominal,0.174930393129198,-0.0290332363506717,-0.107977938110013,-0.477665997272063,-0.40262345142489,-0.566473863621028,-0.386708528314977
abalone_point_3606,abalone,regression,8,0.115669093867576,nominal,-0.24141391006206,-0.33133110482618,-0.58613733115059,-0.516410747447219,-0.222413194829257,-0.602965469324882,-0.71357007598582
abalone_point_3721,abalone,regression,7,0.590316873140723,nominal,-1.19900580740195,-0.885543863697944,-0.58613733115059,-0.369588536257154,-0.163844861435676,-0.438753243657538,-0.537567704163059
abalone_point_0851,abalone,regression,10,0.202840079506095,anomaly,0.216564823448323,0.42441356636259,0.250641606670419,0.0943288671558971,0.0118601387450657,-0.0464684823411062,0.270606452165949
abalone_point_2124,abalone,regression,6,0.548457650324274,nominal,-1.94842555314621,-1.99396938144147,-1.54245611723174,-1.12918955942798,-1.10994870856275,-1.03174183634517,-1.46427407008699
abalone_point_0720,abalone,regression,2,0.276501966969002,nominal,-3.11418960208173,-3.102394899185,-2.73785459983319,-1.65938087761432,-1.5987690295784,-1.61104607689385,-1.67978717844139
abalone_point_2914,abalone,regression,9,0.627871848486956,nominal,0.549640266001328,0.928243347155103,0.250641606670419,0.63879456698572,0.566006677776637,0.770031195282631,0.762694716241833
abalone_point_1218,abalone,regression,5,0.082276876489969,nominal,-1.74025340155058,-1.79243746912447,-1.4229162689716,-1.40957919885345,-1.37350620883386,-1.36472773839284,-1.39602825244143
abalone_point_1580,abalone,regression,8,0.418359735389046,nominal,-0.24141391006206,-0.0794162144299231,-0.825217027670879,-0.462372016939765,-0.490475951515261,-0.49349065221332,-0.350789676922577
abalone_point_2906,abalone,regression,8,0.468925191292041,nominal,0.424736975043951,0.42441356636259,0.609261151450853,0.278876229832298,0.624575011170218,0.0858135883353653,-0.0634388657833743
abalone_point_1254,abalone,regression,6,0.112865158090948,nominal,-0.865930364848945,-1.0366927979357,-1.18383657245131,-1.02111209841307,-0.862159605743754,-1.08647924490095,-1.12663686699842
abalone_point_0348,abalone,regression,6,0.199951702411972,nominal,-1.53208124995496,-1.49013960064896,-1.4229162689716,-1.28212936275096,-1.25862217025415,-1.14121665345673,-1.32059866451739
abalone_point_1038,abalone,regression,9,0.633745710610216,nominal,1.13252229046909,1.28092419370986,1.20696039275157,1.55337459085716,1.27558456312194,1.06196404091346,2.00189508927964
abalone_point_3907,abalone,regression,4,0.09954364126064,nominal,-2.32313542601834,-2.29626724991698,-1.78153581375203,-1.56047980479879,-1.50866390128059,-1.5243785133472,-1.57203062426419
abalone_point_1856,abalone,regression,9,0.131849014856069,nominal,-0.199779479742934,-0.280948126746929,-0.705677179410735,-0.546998708111816,-0.357570887275982,-0.680510131445572,-0.638140488061779
abalone_point_1501,abalone,regression,10,0.131745571738648,anomaly,0.882715708554334,0.928243347155103,0.848340847971141,0.574559849590067,0.484912062308602,0.797399899560522,0.647754391786152
abalone_point_2805,abalone,regression,9,0.68730514860082,nominal,1.13252229046909,0.978626325234355,1.20696039275157,1.17408387861616,1.1989952040688,1.43144154866499,0.974615939456995
abalone_point_1771,abalone,regression,6,0.111292895843504,nominal,-0.574489352615065,-0.73439492946019,-0.825217027670879,-0.829427544914926,-0.587338964435414,-0.858406709251861,-0.997329001985783
abalone_point_3887,abalone,regression,7,0.518510559658409,nominal,-0.532854922295939,-0.33133110482618,-0.466597482890446,-0.687703327168961,-0.625633643961986,-0.844722357112916,-0.494465082492178
abalone_point_2153,abalone,regression,8,0.519797574776027,nominal,-1.03246808612545,-1.08707577601495,-0.58613733115059,-1.07311163154288,-1.01759095205749,-1.2233227662904,-1.0440235087959
abalone_point_0930,abalone,regression,6,0.398779909078207,nominal,-0.699392643572442,-0.633628973301688,-0.227517786370157,-0.773349617029832,-0.67744409273323,-0.885775413529752,-0.75308081251746
abalone_point_2282,abalone,regression,8,0.540642853594399,nominal,-0.324682770700311,0.0717327198078305,0.0115619101501313,-0.526606734335418,-0.492728579722707,-0.425068891518593,-0.386708528314977
abalone_point_4115,abalone,regression,9,0.304513470452544,nominal,0.383102544724825,0.42441356636259,0.250641606670419,0.276837032454658,0.773248472861615,0.0766906869094017,-0.214298041631456
abalone_point_0715,abalone,regression,9,0.139835450698911,nominal,-1.4488123893167,-1.54052257872821,-1.4229162689716,-1.2994625404609,-1.25862217025415,-1.29630597769811,-1.26312850228955
abalone_point_2052,abalone,regression,8,0.594855490118717,nominal,-0.574489352615065,-0.532863017143185,23.6804518656587,-0.478685595960883,-0.123297553701659,-0.589281117185937,-0.7566726976567
abalone_point_3982,abalone,regression,8,0.643091447504282,nominal,0.3414681144057,0.474796544441841,0.250641606670419,0.307424993119255,0.381291164766113,0.222657109724818,0.259830796748229
abalone_point_3816,abalone,regression,8,0.151903835230828,nominal,-0.532854922295939,-0.684011951380939,-0.944756875931023,-0.902838650509959,-0.805843900557619,-0.849283807825898,-1.02247219796046
abalone_point_3042,abalone,regression,9,0.673165227629051,nominal,0.424736975043951,0.625945478679595,0.250641606670419,0.305385795741615,0.410575331462904,0.140550996891147,0.267014567026709
abalone_point_3983,abalone,regression,6,0.516432503440295,nominal,0.466371405363077,0.273264632124836,0.250641606670419,0.127975623886954,0.0163653951599565,0.108620841900274,0.0910121952039471
abalone_point_1909,abalone,regression,9,0.699742544071901,nominal,0.424736975043951,0.676328456758846,0.131101758410275,0.0576233143583809,0.0321337926120744,-0.0692757359060151,0.216728175077348
abalone_point_0772,abalone,regression,8,0.714805436222627,nominal,-0.324682770700311,-0.33133110482618,0.0115619101501313,-0.627547004528587,-0.717991400467248,-0.525420807204192,-0.494465082492178
abalone_point_0208,abalone,regression,8,0.240950992945932,nominal,-0.741027073891568,-0.684011951380939,-0.705677179410735,-0.916093433464617,-0.945506849419234,-0.872091061390807,-0.853653596416181
abalone_point_0784,abalone,regression,6,0.507033905807743,nominal,-1.15737137708282,-1.28860768833195,-0.347057634630302,-1.19240467813481,-1.15950652912655,-1.30086742841109,-1.10508555616298
abalone_point_2628,abalone,regression,5,0.588254189610385,nominal,-2.07332884410359,-2.04435235952073,-1.66199596549189,-1.47483351493792,0.611059241925545,-1.4742025555044,-1.48941726606167
abalone_point_0947,abalone,regression,8,0.250536986845828,nominal,-0.449586061657688,-0.432097060984683,-0.466597482890446,-0.503155964492561,-0.312518323127074,-0.808230751409062,-0.6668755691757
abalone_point_0882,abalone,regression,9,0.693293231261344,nominal,1.09088786014996,1.12977525947211,0.609261151450853,1.18427986550436,1.02103757568061,1.00722663235768,1.19372093295064
abalone_point_3595,abalone,regression,12,0.362645675974297,anomaly,1.13252229046909,0.928243347155103,0.370181454930564,1.11698635204225,1.30261610161129,0.979857928079792,0.690857013457033
abalone_point_3043,abalone,regression,8,0.547717649622713,nominal,0.424736975043951,0.222881654045585,-0.227517786370157,-0.175864785381375,-0.314770951334519,0.181604053307983,-0.135276568568175
abalone_point_1088,abalone,regression,8,0.31417788948891,nominal,-0.61612378293419,-0.432097060984683,-0.347057634630302,-0.747859649809335,-0.657170438866222,-0.748931892140299,-0.771040238213661
abalone_point_1827,abalone,regression,7,0.070795336789,nominal,-1.78188783186971,-1.94358640336222,-1.54245611723174,-1.42997117262984,-1.36449569600408,-1.39665789338371,-1.45709029980851
abalone_point_1577,abalone,regression,8,0.226740683888294,nominal,-0.283048340381185,-0.33133110482618,-0.58613733115059,-0.748879248498155,-0.699970374807685,-0.785423497844153,-0.68842688001114
abalone_point_1688,abalone,regression,9,0.69517811358312,nominal,0.799446847916082,0.726711434838098,0.848340847971141,0.431816033155282,0.47139629306393,0.38230788467918,0.43942505371023
abalone_point_3609,abalone,regression,7,0.509823412776287,nominal,0.174930393129198,0.222881654045585,0.370181454930564,-0.0514737453453476,0.223607190244934,-0.333839877258958,-0.0778064063403344
abalone_point_2595,abalone,regression,9,0.64825101244346,nominal,0.591274696320454,0.575562500600344,0.250641606670419,0.505227138750314,0.593038216265982,0.359500631114272,0.346036040089989
abalone_point_1453,abalone,regression,9,0.545989125028845,nominal,-0.449586061657688,-0.633628973301688,0.0115619101501313,-0.748879248498155,-0.587338964435414,-0.639457075028736,-0.882388677530102
abalone_point_1987,abalone,regression,4,0.39299720182285,nominal,-3.23909289303911,-2.80009703070949,-2.37923505505275,-1.63083211432736,-1.56272697825928,-1.58823882332894,-1.65823586760595
abalone_point_4129,abalone,regression,8,0.503221537868657,nominal,0.258199253767449,0.273264632124836,0.131101758410275,0.187112347838507,0.20108090817048,0.427922391808998,0.116155391178627
abalone_point_1581,abalone,regression,8,0.594577763720665,nominal,-0.199779479742934,-0.0794162144299231,-0.466597482890446,-0.433823253652808,-0.443170759158907,-0.342962778684921,-0.325646480947897
abalone_point_0268,abalone,regression,8,0.386226054808057,nominal,-1.4488123893167,-1.33899066641121,-0.705677179410735,-1.09350360531928,-1.06714877262129,-1.06823344204902,-1.06557481963134
abalone_point_3836,abalone,regression,7,0.59272460707235,nominal,-0.824295934529819,-0.583245995222437,-0.944756875931023,-0.787623998673311,-0.830622810839518,-0.95875862493746,-0.458546231099778
abalone_point_1601,abalone,regression,7,0.259578152965329,nominal,0.0916615324909462,-0.0794162144299231,-0.227517786370157,-0.350216161169576,-0.341802489823864,-0.169627651591614,-0.458546231099778
abalone_point_2074,abalone,regression,7,0.46084624202013,nominal,0.466371405363077,0.273264632124836,0.250641606670419,0.0209177615608647,-0.0489608228559605,0.240902912576745,-0.336422136365617
abalone_point_0961,abalone,regression,7,0.298930544751083,nominal,-0.199779479742934,-0.0794162144299231,-0.347057634630302,-0.31860860181616,-0.105276528042096,-0.552789511482083,-0.404667954011177
abalone_point_1582,abalone,regression,8,0.340062607037312,nominal,-0.199779479742934,-0.180182170588426,-0.466597482890446,-0.475626799894423,-0.513002233589715,-0.306471172981067,-0.472913771656738
abalone_point_1280,abalone,regression,7,0.357619033130734,nominal,-0.24141391006206,-0.280948126746929,-0.227517786370157,-0.644880182238526,-0.634644156791768,-0.589281117185937,-0.566302785276979
abalone_point_2732,abalone,regression,8,0.246734620143459,nominal,-0.949199225487196,-0.935926841777196,-0.944756875931023,-1.07820962498698,-1.06039088799895,-1.1229708506048,-0.997329001985783
abalone_point_1059,abalone,regression,4,0.0959246653126981,nominal,-2.32313542601834,-2.29626724991698,-1.78153581375203,-1.54518582446649,-1.48388499099869,-1.52893996406018,-1.56125496884647
abalone_point_2922,abalone,regression,9,0.493603842665271,nominal,0.63290912663958,0.42441356636259,0.250641606670419,0.272758637699379,0.352006998069323,0.38230788467918,0.277790222444429
abalone_point_2519,abalone,regression,8,0.357924598347942,nominal,-0.199779479742934,-0.0794162144299231,-0.227517786370157,-0.116728061429821,0.0479021900641923,-0.187873454443541,-0.199930501074496
abalone_point_3111,abalone,regression,8,0.327716876945362,nominal,-1.07410251644457,-1.08707577601495,-0.466597482890446,-1.0792292236758,-1.04912774696172,-1.02718038563219,-1.07275858990982
abalone_point_4089,abalone,regression,9,0.634561342928326,nominal,0.63290912663958,0.625945478679595,-0.227517786370157,0.370640111826088,0.286680780053406,0.350377729688308,0.42505751315327
abalone_point_1506,abalone,regression,8,0.691393832370758,nominal,0.92435013887346,1.02900930331361,1.08742054449143,0.977301331673925,0.831816806255196,1.2535449708587,0.992575365153195
abalone_point_2565,abalone,regression,6,0.197284322932467,nominal,-0.61612378293419,-0.583245995222437,-0.347057634630302,-0.716252090455918,-0.612117874717313,-0.835599455686953,-0.868021136973142
abalone_point_1440,abalone,regression,8,0.100623328922029,nominal,-0.990833655806321,-0.986309819856447,-1.06429672419117,-0.991543736437289,-0.814854413387401,-1.06367199133604,-1.10149367102374
abalone_point_3497,abalone,regression,8,0.295065560785148,nominal,0.424736975043951,0.323647610204087,0.131101758410275,0.0841328802676982,0.158280972229018,0.35493918040129,-0.0993577171757746
abalone_point_0561,abalone,regression,8,0.199494440219921,nominal,-0.699392643572442,-0.684011951380939,-0.825217027670879,-0.947700992818034,-0.952264734041571,-0.913144117807643,-0.871613022112382
abalone_point_1756,abalone,regression,7,0.633574405819099,nominal,1.6321354542986,1.18015823755136,0.967880696231285,1.25667137241058,1.2237741143507,1.28547512584957,1.40923404130504
abalone_point_2017,abalone,regression,9,0.1796713632412,nominal,-0.158145049423808,-0.180182170588426,-0.466597482890446,-0.358372950680136,-0.125550181909104,-0.384015835101757,-0.516016393327618
abalone_point_3807,abalone,regression,8,0.099290280939447,nominal,-0.824295934529819,-0.986309819856447,-1.06429672419117,-0.975230157416171,-0.877928003195872,-0.999811681354296,-0.997329001985783
abalone_point_0870,abalone,regression,9,0.637733432448549,nominal,0.757812417596957,1.02900930331361,0.250641606670419,0.952830963142247,0.836322062670087,1.37670414010921,0.583100459279831
abalone_point_2597,abalone,regression,8,0.484104700441094,nominal,0.63290912663958,0.525179522521093,0.131101758410275,0.211582716370185,0.176301997888581,0.400553687531107,0.0658689992292668
abalone_point_2433,abalone,regression,11,0.155160243828236,anomaly,0.716177987277831,0.777094412917349,0.609261151450853,0.526638711215532,0.297943921090633,0.468975448225834,1.01412667598864
abalone_point_0040,abalone,regression,9,0.408113321689517,nominal,-1.40717795899758,-1.18784173217345,-1.18383657245131,-1.02213169710189,-1.01533832385004,-0.862968159964843,-1.06916670477058
abalone_point_3796,abalone,regression,12,0.218476710243457,anomaly,1.25742558142647,1.33130717178911,0.848340847971141,1.47996348526213,1.37470020424954,0.888628913820157,1.962384352748
abalone_point_1919,abalone,regression,11,0.258454251171102,anomaly,0.63290912663958,0.575562500600344,0.489721303190708,0.620441790586962,0.480406805893712,0.984419378792774,0.42505751315327
abalone_point_0425,abalone,regression,6,0.074891265988303,nominal,-2.19823213506097,-2.09473533759998,-1.66199596549189,-1.50236267953606,-1.45234819609445,-1.46507965407844,-1.50019292147939
abalone_point_3592,abalone,regression,9,0.554193563793824,nominal,1.04925342983084,0.676328456758846,0.609261151450853,1.13941752319629,0.994006037191265,1.53179346435059,0.507670871355791
abalone_point_3530,abalone,regression,6,0.149229465356327,nominal,-1.36554352867845,-1.43975662256971,-1.54245611723174,-1.32597210637021,-1.26538005487648,-1.32823613268898,-1.32778243479587
abalone_point_0152,abalone,regression,9,0.79893067881394,nominal,0.674543556958705,0.928243347155103,1.08742054449143,0.590873428611185,0.493922575138384,0.710732336013868,0.690857013457033
abalone_point_0424,abalone,regression,8,0.106941327602382,nominal,-1.94842555314621,-1.84282044720372,-1.66199596549189,-1.4840099031373,-1.45685345250934,-1.43314949908756,-1.46427407008699
abalone_point_2612,abalone,regression,8,0.581392699252149,nominal,0.882715708554334,0.726711434838098,0.609261151450853,0.93243898936585,1.10213219114865,0.824768603838412,0.798613567634233
abalone_point_3001,abalone,regression,9,0.654969020828527,nominal,0.965984569192585,0.777094412917349,0.489721303190708,0.361463723626709,0.435354241744803,0.400553687531107,0.320892844115309
abalone_point_1439,abalone,regression,7,0.066490095112585,nominal,-1.03246808612545,-1.08707577601495,-1.18383657245131,-1.11593477647332,-1.08516979828085,-1.09104069561393,-1.14100440755538
abalone_point_0981,abalone,regression,9,0.403200054436352,nominal,0.216564823448323,0.374030588283339,0.370181454930564,0.329856164273293,0.831816806255196,-0.0236612287761973,-0.149644109125135
abalone_point_2561,abalone,regression,7,0.058658211937746,nominal,-0.699392643572442,-0.73439492946019,-0.705677179410735,-0.897740657065859,-0.830622810839518,-0.885775413529752,-0.918307528922502
abalone_point_4163,abalone,regression,8,0.362815399741799,nominal,-1.15737137708282,-1.54052257872821,-0.944756875931023,-1.04252367087828,-1.00182255460537,-1.02718038563219,-1.05479916421362
abalone_point_2976,abalone,regression,6,0.566590472708494,nominal,-1.69861897123146,-1.94358640336222,-1.06429672419117,-1.06801363809878,-0.988306785360697,-1.03630328705815,-1.0799423601883
abalone_point_3259,abalone,regression,7,0.474135760496464,nominal,-0.574489352615065,-0.33133110482618,-0.347057634630302,-0.70299730750126,-0.64815992603644,-0.717001737149426,-0.530383933884578
abalone_point_3775,abalone,regression,9,0.537227771041972,nominal,0.466371405363077,0.122115697887082,0.0115619101501313,-0.260491476553426,-0.139065951153777,-0.717001737149426,-0.0957658320365346
abalone_point_2377,abalone,regression,8,0.221559458398375,nominal,-0.782661504210693,-0.684011951380939,-0.705677179410735,-0.910995440020518,-0.925233195552226,-0.776300596418189,-0.932675069479462
abalone_point_3776,abalone,regression,8,0.61999347876815,nominal,0.466371405363077,0.42441356636259,0.370181454930564,-0.00253300828199272,-0.172855374265458,0.154235349030092,0.0407258032545866
abalone_point_2000,abalone,regression,6,0.22900704009402,nominal,-1.4488123893167,-1.59090555680746,-1.66199596549189,-1.36267765916773,-1.29691684978072,-1.34192048482793,-1.38525259702371
abalone_point_1850,abalone,regression,7,0.641868824300278,nominal,-0.324682770700311,-0.230565148667677,-0.227517786370157,-0.531704727779518,-0.490475951515261,-0.0236612287761973,-0.609405406947859
abalone_point_0807,abalone,regression,6,0.060065522683738,nominal,-2.03169441378446,-2.04435235952073,-1.66199596549189,-1.48299030444848,-1.43432717043489,-1.3738506398188,-1.50019292147939
abalone_point_1212,abalone,regression,4,0.185730154973797,nominal,-2.32313542601834,-2.04435235952073,-1.90107566201218,-1.53397023888947,-1.46586396533912,-1.51981706263422,-1.56125496884647
abalone_point_2743,abalone,regression,8,0.088677779139029,nominal,-0.532854922295939,-0.633628973301688,-0.825217027670879,-0.843701926558405,-0.776559733860829,-0.85384525853888,-0.925491299200982
abalone_point_0835,abalone,regression,7,0.177249568727705,nominal,-0.657758213253316,-0.835160885618693,-0.944756875931023,-0.919152229531077,-0.81034915697251,-0.735247540001354,-1.07635047504906
abalone_point_3766,abalone,regression,9,0.617751342035278,nominal,0.0916615324909462,0.42441356636259,-0.107977938110013,-0.205433147357152,-0.337297233408973,0.0356376304925657,0.187993093963428
abalone_point_2134,abalone,regression,9,0.241330972485079,nominal,-0.699392643572442,-0.583245995222437,-0.705677179410735,-0.754996840631074,-0.717991400467248,-0.840160906399934,-0.781815893631381
abalone_point_4027,abalone,regression,7,0.140373853001825,nominal,-1.32390909835933,-1.28860768833195,-1.18383657245131,-1.29028615226152,-1.22933800355736,-1.31911323126302,-1.28108792798575
abalone_point_2714,abalone,regression,4,0.117701299059357,nominal,-2.28150099569922,-2.34665022799623,-1.90107566201218,-1.56047980479879,-1.49514813203591,-1.57455447119,-1.57203062426419
abalone_point_3644,abalone,regression,8,0.331427868831848,nominal,-0.449586061657688,-0.633628973301688,-0.466597482890446,-0.938524604618655,-0.931991080174562,-1.08647924490095,-0.817734745023781
abalone_point_0913,abalone,regression,7,0.180808792913674,nominal,-1.49044681963583,-1.43975662256971,-0.944756875931023,-1.18934588206835,-1.11895922139253,-1.15946245630866,-1.24876096173258
abalone_point_0548,abalone,regression,7,0.141458588350429,nominal,-2.65621086857135,-2.54818214031324,-2.25969520679261,-1.60330294972923,-1.54245332439227,-1.59736172475491,-1.60435759051735
abalone_point_3638,abalone,regression,6,0.167689847509375,nominal,-0.741027073891568,-0.835160885618693,-0.944756875931023,-0.992563335126109,-1.01759095205749,-0.885775413529752,-0.961410150593383
abalone_point_2978,abalone,regression,6,0.27684422432053,nominal,-0.782661504210693,-0.784777907539442,-0.944756875931023,-0.774369215718652,-0.474707554063143,-0.894898314955715,-1.01888031282122
abalone_point_1483,abalone,regression,8,0.293945577212646,nominal,0.508005835682202,0.474796544441841,0.250641606670419,0.157543985862731,0.22585981845238,0.450729645373907,-0.038295669808694
abalone_point_0768,abalone,regression,9,0.263698343472665,nominal,-1.49044681963583,-1.38937364449046,-1.06429672419117,-1.28824695488388,-1.31944313185517,-1.19139261129953,-1.21284211034018
abalone_point_2312,abalone,regression,7,0.377100053147761,nominal,-1.4488123893167,-1.43975662256971,-0.705677179410735,-1.08534681580872,-1.00407518281282,-1.072794892762,-1.10508555616298
abalone_point_2753,abalone,regression,7,0.612951991922351,nominal,-0.0748761887855567,0.0213497417285791,0.0115619101501313,-0.190139167024853,-0.238181592281375,-0.397700187240702,-0.278951974137776
abalone_point_3893,abalone,regression,13,0.213752854344182,anomaly,-0.199779479742934,-0.0794162144299231,0.250641606670419,-0.0412777584571487,-0.389107682180218,-0.625772722889791,0.40350620231783
abalone_point_0267,abalone,regression,14,0.218232061327661,anomaly,-0.033241758466431,0.42441356636259,0.250641606670419,0.135112814708693,0.00960751053762025,0.0493219826315111,-0.0275200143909741
abalone_point_1267,abalone,regression,9,0.198077455283522,nominal,-0.532854922295939,-0.583245995222437,-0.825217027670879,-0.934446209863375,-0.909464798100108,-0.945074272798515,-0.896756218087062
abalone_point_0694,abalone,regression,9,0.361914240205222,nominal,-1.19900580740195,-1.18784173217345,-0.466597482890446,-1.11287598040686,-1.08967505469574,-1.0499876391971,-1.10508555616298
abalone_point_2438,abalone,regression,9,0.275421886591302,nominal,-1.57371568027408,-1.69167151296597,-1.06429672419117,-1.34330528408015,-1.33971678572218,-1.29174452698513,-1.32059866451739
abalone_point_2640,abalone,regression,6,0.117033216524983,nominal,-0.532854922295939,-0.381714082905431,-0.466597482890446,-0.60205703730809,-0.42740236170679,-0.662264328593645,-0.74948892737822
abalone_point_2669,abalone,regression,8,0.468757648744053,nominal,0.508005835682202,0.273264632124836,0.0115619101501313,-0.271707062130445,-0.229171079451593,-0.470683398648411,-0.102949602315015
abalone_point_2765,abalone,regression,9,0.446218730749111,nominal,0.216564823448323,0.575562500600344,0.250641606670419,0.218719907191924,0.547985652117074,-0.0601528344800515,0.0335420329761065
abalone_point_0568,abalone,regression,12,0.485193000940234,anomaly,-0.741027073891568,-0.784777907539442,-0.347057634630302,-0.862054702957163,-0.859906977536309,-0.685071582158554,-1.0260640830997
abalone_point_1732,abalone,regression,11,0.308928573358707,anomaly,1.17415672078821,0.978626325234355,0.489721303190708,0.943654574942869,1.2237741143507,1.02091098449663,0.583100459279831
abalone_point_1469,abalone,regression,8,0.185102495246007,nominal,-0.033241758466431,-0.0794162144299231,-0.347057634630302,-0.550057504178275,-0.474707554063143,-0.379454384388775,-0.64532425834026
abalone_point_1065,abalone,regression,6,0.066664182821161,nominal,-1.86515669250796,-1.89320342528297,-1.4229162689716,-1.43404956738512,-1.37125358062642,-1.40578079480967,-1.43553898897307
abalone_point_0903,abalone,regression,5,0.070543078676869,nominal,-1.82352226218884,-1.89320342528297,-1.66199596549189,-1.40244200803171,-1.33971678572218,-1.36472773839284,-1.44990652953003
abalone_point_2818,abalone,regression,7,0.162470966315345,nominal,-1.61535011059321,-1.84282044720372,-1.54245611723174,-1.30863892866028,-1.19329595223823,-1.28718307627215,-1.41039579299839
abalone_point_2293,abalone,regression,9,0.156899372740741,nominal,-1.19900580740195,-1.08707577601495,-1.18383657245131,-1.03436688136772,-0.92298056734478,-0.963320075650442,-1.03324785337818
abalone_point_3479,abalone,regression,7,0.06951965304356,nominal,-0.741027073891568,-0.73439492946019,-0.705677179410735,-0.851858716068964,-0.706728259430021,-0.785423497844153,-0.997329001985783
abalone_point_2790,abalone,regression,9,0.609003834549748,nominal,0.799446847916082,0.575562500600344,0.0115619101501313,0.676519718472056,1.08636379369653,0.35493918040129,0.489711445659591
abalone_point_1936,abalone,regression,12,0.123887745802795,anomaly,0.799446847916082,0.777094412917349,0.370181454930564,0.409384862001244,0.295691292883188,0.464413997512852,0.690857013457033
abalone_point_3976,abalone,regression,6,0.56703753013123,nominal,-0.699392643572442,-0.784777907539442,-0.107977938110013,-0.854917512135424,-0.884685887818208,-0.730686089288372,-0.860837366694661
abalone_point_0214,abalone,regression,9,0.744171598768214,nominal,-0.199779479742934,-0.0290332363506717,0.0115619101501313,-0.434842852341627,-0.533275887456724,-0.411384539379648,-0.243033122745376
abalone_point_1132,abalone,regression,8,0.476125539084686,nominal,0.3414681144057,0.273264632124836,0.250641606670419,0.328836565584473,0.99175340898382,0.0173918276406386,-0.235849352466896
abalone_point_1102,abalone,regression,8,0.137366283901802,nominal,-0.199779479742934,-0.280948126746929,-0.347057634630302,-0.631625399283867,-0.499486464345043,-0.612088370750846,-0.75308081251746
abalone_point_3524,abalone,regression,4,0.084630373043913,nominal,-2.19823213506097,-2.04435235952073,-1.66199596549189,-1.49216669264786,-1.43207454222744,-1.4742025555044,-1.49660103634015
abalone_point_3013,abalone,regression,7,0.241478464231311,nominal,-1.1157369467637,-1.08707577601495,-0.944756875931023,-1.14652273713791,-1.12121184959998,-1.10928649846586,-1.11226932644146
abalone_point_3381,abalone,regression,5,0.148685634915104,nominal,-2.78111415952873,-2.80009703070949,-2.25969520679261,-1.63593010777146,-1.5784953757114,-1.60192317546789,-1.65105209732747
abalone_point_0134,abalone,regression,7,0.182147631856466,nominal,-1.4488123893167,-1.49013960064896,-1.06429672419117,-1.25969819159692,-1.2315906317648,-1.13665520274375,-1.22720965089714
abalone_point_1298,abalone,regression,9,0.479937618853606,nominal,0.0500271021718205,0.0717327198078305,-0.227517786370157,-0.274765858196904,0.140259946569454,-0.634895624315755,-0.516016393327618
abalone_point_2737,abalone,regression,7,0.117659347641535,nominal,-0.782661504210693,-0.684011951380939,-0.705677179410735,-0.946681394129214,-0.902706913477772,-0.867529610677825,-0.961410150593383
abalone_point_2142,abalone,regression,7,0.088273473612054,nominal,-1.69861897123146,-1.69167151296597,-1.54245611723174,-1.33616809325841,-1.27664319591371,-1.323674681976,-1.35651751590979
abalone_point_1211,abalone,regression,6,0.59453924539344,nominal,-2.82274858984785,-0.33133110482618,-0.466597482890446,-0.742761656365235,-0.736012426126811,-0.694194483584518,-0.638140488061779
abalone_point_1112,abalone,regression,8,0.194423538674412,nominal,-0.033241758466431,-0.280948126746929,-0.347057634630302,-0.559233892377655,-0.321528835956855,-0.466121947935429,-0.516016393327618
abalone_point_0218,abalone,regression,7,0.465412746723484,nominal,-0.990833655806321,-1.08707577601495,-0.466597482890446,-1.02926888792363,-1.04912774696172,-1.00893458278026,-0.925491299200982
abalone_point_2915,abalone,regression,9,0.532281201498136,nominal,0.549640266001328,0.525179522521093,-0.347057634630302,-0.150374818160877,-0.114287040871877,-0.279102468703177,-0.00596870355553389
abalone_point_2910,abalone,regression,9,0.551498123304602,nominal,0.466371405363077,0.42441356636259,0.250641606670419,0.186092749149688,0.151523087606681,0.286517419706563,0.363995465786189
abalone_point_3632,abalone,regression,5,0.099313974544298,nominal,-1.90679112282709,-1.89320342528297,-1.30337642071146,-1.4279319752522,-1.3554851831743,-1.40121934409669,-1.45349841466927
abalone_point_0711,abalone,regression,7,0.225425144151605,nominal,-1.65698454091233,-1.59090555680746,-1.4229162689716,-1.33107009981431,-1.35097992675941,-1.323674681976,-1.26312850228955
abalone_point_3749,abalone,regression,6,0.157334449779862,nominal,-1.03246808612545,-0.935926841777196,-0.944756875931023,-1.03232768399009,-0.974791016116025,-0.977004427789387,-1.0619829344921
abalone_point_1215,abalone,regression,6,0.331772244696833,nominal,-2.07332884410359,-2.14511831567923,-1.18383657245131,-1.46055913329444,-1.37350620883386,-1.37841209053178,-1.46068218494775
abalone_point_3527,abalone,regression,6,0.201191909249144,nominal,-1.57371568027408,-1.49013960064896,-1.30337642071146,-1.29844294177208,-1.182032811201,-1.3738506398188,-1.32778243479587
abalone_point_2816,abalone,regression,7,0.222660715594812,nominal,-1.69861897123146,-1.74205449104522,-1.18383657245131,-1.31679571817084,-1.17752755478611,-1.34192048482793,-1.41398767813763
abalone_point_0944,abalone,regression,7,0.111524542820523,nominal,-0.491220491976813,-0.633628973301688,-0.705677179410735,-0.78966319605095,-0.828370182632073,-0.821915103548007,-0.853653596416181
abalone_point_2882,abalone,regression,8,0.160709797951271,nominal,-0.24141391006206,-0.33133110482618,-0.466597482890446,-0.437901648408087,-0.332791976994082,-0.402261637953684,-0.559119014998499
abalone_point_1617,abalone,regression,9,0.366594699945425,nominal,0.258199253767449,-0.129799192509174,-0.227517786370157,-0.551077102867095,-0.61887575933965,-0.511736455065247,-0.494465082492178
abalone_point_4044,abalone,regression,8,0.558989163655718,nominal,0.466371405363077,0.525179522521093,-0.107977938110013,0.198327933415526,0.194323023548144,0.250025814002709,0.259830796748229
abalone_point_2730,abalone,regression,7,0.192284929298784,nominal,-0.990833655806321,-1.0366927979357,-0.944756875931023,-1.14346394107145,-1.10319082394041,-1.16402390702164,-1.10508555616298
abalone_point_3697,abalone,regression,13,0.221039931947206,anomaly,1.04925342983084,1.18015823755136,1.56557993753201,1.22098541830188,1.48958424282926,1.14407015374714,1.41282592644428
abalone_point_2731,abalone,regression,6,0.054969029747989,nominal,-0.990833655806321,-1.08707577601495,-1.18383657245131,-1.10166039482984,-0.997317298190479,-1.06823344204902,-1.16614760353006
abalone_point_3451,abalone,regression,7,0.484322474748751,nominal,0.00839267185269475,0.323647610204087,-0.347057634630302,-0.239079904088208,-0.175108002472903,-0.196996355869505,-0.340014021504857
abalone_point_1570,abalone,regression,8,0.588033269884565,nominal,-0.407951631338562,-0.482480039063934,0.131101758410275,-0.400176496921751,-0.346307746238755,-0.397700187240702,-0.350789676922577
abalone_point_1020,abalone,regression,11,0.158391843792587,anomaly,0.92435013887346,0.8274773909966,0.848340847971141,1.11392755597579,1.18773206303157,0.820207153125431,1.12188323016584
abalone_point_1383,abalone,regression,9,0.581975912958099,nominal,0.841081278235208,1.07939228139286,0.489721303190708,0.887576647057774,0.955711357664693,1.32652818226641,0.590284229558312
abalone_point_0697,abalone,regression,4,0.390135937626803,nominal,-3.07255517176261,-3.05201192110575,-2.14015535853247,-1.65428288417022,-1.59651640137096,-1.61560752760684,-1.67978717844139
abalone_point_1259,abalone,regression,8,0.121069457403286,nominal,-0.782661504210693,-0.935926841777196,-1.06429672419117,-0.919152229531077,-0.830622810839518,-0.917705568520624,-0.965002035732623
abalone_point_1523,abalone,regression,11,0.219456568989893,anomaly,1.29906001174559,1.07939228139286,0.728800999710997,1.5961977357876,2.17213058968522,1.14407015374714,1.12188323016584
abalone_point_0843,abalone,regression,9,0.17935151434679,nominal,-0.199779479742934,-0.0794162144299231,-0.347057634630302,-0.471548405139144,-0.40262345142489,-0.484367750787356,-0.523200163606098
abalone_point_0179,abalone,regression,4,0.163197444030714,nominal,-2.48967314729485,-2.49779916223399,-2.25969520679261,-1.59514616021867,-1.50641127307314,-1.51069416120825,-1.60794947565659
abalone_point_0638,abalone,regression,6,0.144243906492005,nominal,-1.40717795899758,-1.49013960064896,-1.30337642071146,-1.30150173783854,-1.25411691383926,-1.20507696343848,-1.32059866451739
abalone_point_1980,abalone,regression,13,0.209309589969216,anomaly,1.46559773302209,1.43207312794762,1.32650024101172,1.62270730169692,1.42200539660589,1.51810911221164,2.12761106915305
abalone_point_1220,abalone,regression,6,0.424101898595992,nominal,-1.65698454091233,-1.84282044720372,-1.54245611723174,-1.40652040278699,-1.36449569600408,-1.35560483696687,-1.06916670477058
abalone_point_0967,abalone,regression,7,0.401135936517275,nominal,-0.116510619104682,-0.33133110482618,-0.944756875931023,-0.5102931553143,-0.546791656701397,-0.529982257917174,-0.458546231099778
abalone_point_1882,abalone,regression,6,0.434589531487609,nominal,0.216564823448323,0.42441356636259,-0.227517786370157,-0.0504541466565276,-0.0985186434197594,-0.36577003224983,-0.0634388657833743
abalone_point_0990,abalone,regression,9,0.667323412644231,nominal,0.424736975043951,0.676328456758846,0.489721303190708,0.581697040411806,0.613311870132991,0.856698758829285,0.367587350925429
abalone_point_0854,abalone,regression,9,0.554204103341425,nominal,0.383102544724825,0.474796544441841,0.250641606670419,0.251347065234161,0.135754690154563,0.318447574697436,0.256238911608989
abalone_point_2003,abalone,regression,7,0.109178343736045,nominal,-1.36554352867845,-1.38937364449046,-1.30337642071146,-1.29028615226152,-1.21131697789779,-1.33735903411495,-1.33496620507435
abalone_point_1886,abalone,regression,9,0.624203608570878,nominal,0.258199253767449,0.42441356636259,0.848340847971141,-0.185041173580754,-0.249444733318602,-0.0464684823411062,-0.135276568568175
abalone_point_2583,abalone,regression,6,0.376708626370431,nominal,0.0500271021718205,0.0213497417285791,0.0115619101501313,-0.301275424106221,-0.224665823036703,-0.356647130823867,-0.397484183732697
abalone_point_0656,abalone,regression,7,0.054590546799503,nominal,-1.90679112282709,-1.94358640336222,-1.54245611723174,-1.42691237656338,-1.39377986270087,-1.37841209053178,-1.42835521869459
abalone_point_1245,abalone,regression,7,0.08479357591382,nominal,-1.15737137708282,-1.08707577601495,-1.06429672419117,-1.0741312302317,-0.934243708382007,-1.08647924490095,-1.1876989143655
abalone_point_2098,abalone,regression,7,0.461409607597899,nominal,-0.824295934529819,-0.784777907539442,-1.4229162689716,-0.953818584950953,-1.01533832385004,-0.894898314955715,-0.817734745023781
abalone_point_0283,abalone,regression,9,0.601360973738152,nominal,-0.574489352615065,-0.532863017143185,-0.466597482890446,-0.773349617029832,-0.821612298009737,-0.698755934297499,-0.638140488061779
abalone_point_0324,abalone,regression,5,0.154634525444348,nominal,-2.15659770474184,-2.04435235952073,-1.66199596549189,-1.47483351493792,-1.44333768326467,-1.2734987241332,-1.46427407008699
abalone_point_3496,abalone,regression,8,0.212440088057241,nominal,0.299833684086575,0.0717327198078305,-0.227517786370157,-0.137120035206219,0.0456495618567469,-0.0966444401839055,-0.311278940390937
abalone_point_2456,abalone,regression,6,0.13875706205533,nominal,-2.40640428665659,-2.39703320607548,-1.78153581375203,-1.56251900217643,-1.51542178590292,-1.51981706263422,-1.55766308370723
abalone_point_3443,abalone,regression,8,0.316228163116186,nominal,-0.366317201019437,-0.381714082905431,-0.227517786370157,-0.378764924456533,-0.0467081946485151,-0.593842567898919,-0.74589704223898
abalone_point_2834,abalone,regression,9,0.434976953780752,nominal,0.133295962810072,0.0717327198078305,0.250641606670419,-0.0351601663242293,0.126744177324782,0.0630063347704564,-0.253808778163096
abalone_point_2865,abalone,regression,6,0.095661161868285,nominal,-1.78188783186971,-1.79243746912447,-1.66199596549189,-1.43608876476276,-1.39152723449343,-1.40578079480967,-1.44272275925155
abalone_point_2008,abalone,regression,8,0.175659746036922,nominal,-0.907564795168071,-0.835160885618693,-0.705677179410735,-1.04558246694474,-0.995064669983033,-0.922267019233606,-1.05120727907438
abalone_point_1017,abalone,regression,8,0.626557321421,nominal,0.882715708554334,0.777094412917349,0.370181454930564,0.916125410344731,1.25080565284004,0.861260209542267,0.511262756495031
abalone_point_1829,abalone,regression,7,0.099046742488224,nominal,-1.4488123893167,-1.43975662256971,-1.4229162689716,-1.28212936275096,-1.21356960610524,-1.26437582270724,-1.28467981312499
abalone_point_3596,abalone,regression,11,0.215864635687085,anomaly,1.13252229046909,1.07939228139286,1.44604008927186,1.66756964400499,1.75539437130781,2.20232671915891,1.16498585183672
abalone_point_4013,abalone,regression,8,0.450210957127304,nominal,0.799446847916082,0.575562500600344,0.0115619101501313,0.371659710514908,0.538975139287292,0.528274307494597,0.116155391178627
abalone_point_3978,abalone,regression,7,0.354544362792906,nominal,-0.407951631338562,-0.583245995222437,-0.466597482890446,-0.689742524546601,-0.70222300301513,-0.461560497222447,-0.74589704223898
abalone_point_1242,abalone,regression,8,0.112353489273933,nominal,-1.19900580740195,-1.38937364449046,-1.4229162689716,-1.26071779028574,-1.22933800355736,-1.26437582270724,-1.21284211034018
abalone_point_2989,abalone,regression,9,0.327681684309639,nominal,0.258199253767449,0.172498675966333,0.250641606670419,0.0902504724006176,0.464638408441594,0.0356376304925657,-0.304095170112456
abalone_point_0347,abalone,regression,9,0.757493073238483,nominal,0.00839267185269475,0.122115697887082,0.489721303190708,-0.148335620783238,-0.382349797557881,-0.0692757359060151,0.259830796748229
abalone_point_1770,abalone,regression,7,0.153241059873911,nominal,-0.657758213253316,-0.885543863697944,-0.466597482890446,-0.845741123936045,-0.722496656882139,-0.826476554260989,-0.875204907251622
abalone_point_0993,abalone,regression,8,0.647035546030801,nominal,0.466371405363077,0.525179522521093,0.967880696231285,0.45424720430932,0.22585981845238,0.719855237439831,0.267014567026709
abalone_point_2801,abalone,regression,11,0.241934845445758,anomaly,0.965984569192585,0.877860369075852,0.728800999710997,0.811106745396282,0.588532959851091,1.79179615499055,0.349627925229229
abalone_point_0224,abalone,regression,11,0.191837282838611,anomaly,-0.657758213253316,-0.532863017143185,0.250641606670419,-0.70095811012362,-0.803591272350173,-0.507175004352265,-0.602221636669379
abalone_point_0518,abalone,regression,5,0.123855408119244,nominal,-2.03169441378446,-2.09473533759998,-1.4229162689716,-1.50338227822488,-1.47036922175402,-1.45139530193949,-1.50019292147939
abalone_point_0895,abalone,regression,3,0.117532760336263,nominal,-2.36476985633747,-2.34665022799623,-1.78153581375203,-1.55436221266587,-1.4793797345838,-1.5243785133472,-1.59358193509963
abalone_point_2717,abalone,regression,6,0.19822294434252,nominal,-1.53208124995496,-1.64128853488671,-1.30337642071146,-1.2790705666845,-1.16626441374888,-1.30086742841109,-1.33496620507435
abalone_point_1543,abalone,regression,7,0.134678776567303,nominal,-1.36554352867845,-1.43975662256971,-1.54245611723174,-1.31373692210438,-1.24510640100947,-1.31455178055004,-1.32059866451739
abalone_point_1470,abalone,regression,8,0.234147437020608,nominal,0.00839267185269475,-0.0794162144299231,0.0115619101501313,-0.22072712768945,0.0411443054418561,-0.324716975832994,-0.469321886517498
abalone_point_4160,abalone,regression,9,0.653394318964211,nominal,0.299833684086575,0.323647610204087,-0.107977938110013,-0.0535129427229874,-0.0422029382336243,-0.174189102304596,0.144890472292548
abalone_point_0465,abalone,regression,6,0.098166612090508,nominal,-2.23986656538009,-2.14511831567923,-1.66199596549189,-1.54008783102239,-1.5041586448657,-1.46507965407844,-1.53611177287179
abalone_point_1083,abalone,regression,7,0.164863975179971,nominal,-0.741027073891568,-0.633628973301688,-0.58613733115059,-0.837584334425486,-0.61887575933965,-0.977004427789387,-0.954226380314902
abalone_point_3023,abalone,regression,8,0.348000515917834,nominal,-0.532854922295939,-0.381714082905431,-0.705677179410735,-0.881427078044741,-0.950012105834125,-0.867529610677825,-0.67046745431494
abalone_point_3052,abalone,regression,9,0.566575499055936,nominal,0.591274696320454,0.726711434838098,0.0115619101501313,0.170798768817389,0.22585981845238,0.0173918276406386,0.360403580646949
abalone_point_1233,abalone,regression,7,0.198191342180366,nominal,-1.2822746680402,-1.18784173217345,-1.18383657245131,-1.19138507944599,-1.21807486252013,-1.0499876391971,-1.17692325894778
abalone_point_2754,abalone,regression,8,0.245729418140833,nominal,-0.0748761887855567,-0.180182170588426,-0.705677179410735,-0.607155030752189,-0.531023259249279,-0.753493342853281,-0.555527129859259
abalone_point_2495,abalone,regression,9,0.515862430747948,nominal,-1.03246808612545,-1.0366927979357,-0.227517786370157,-1.09146440794164,-1.18653806761589,-1.03174183634517,-0.961410150593383
abalone_point_0217,abalone,regression,8,0.607620629191151,nominal,-0.61612378293419,-0.583245995222437,-0.227517786370157,-0.751938044564614,-0.835128067254409,-0.634895624315755,-0.74589704223898
abalone_point_1541,abalone,regression,8,0.178636466329911,nominal,-1.36554352867845,-1.38937364449046,-1.06429672419117,-1.28212936275096,-1.29015896515838,-1.13665520274375,-1.27749604284651
abalone_point_3029,abalone,regression,7,0.251086344145917,nominal,-0.0748761887855567,-0.230565148667677,-0.347057634630302,-0.523547938268958,-0.551296913116287,-0.33840132797194,-0.530383933884578
abalone_point_1796,abalone,regression,10,0.230782888649258,anomaly,0.466371405363077,0.222881654045585,0.728800999710997,1.32804328062797,1.32514238368574,1.30828237941448,1.26915052087468
abalone_point_2793,abalone,regression,10,0.209476523036115,anomaly,0.841081278235208,0.8274773909966,0.609261151450853,0.767264001777027,0.712427511260589,1.18512321016397,0.773470371659553
abalone_point_2744,abalone,regression,7,0.218335032790569,nominal,-0.407951631338562,-0.532863017143185,-0.58613733115059,-0.630605800595047,-0.362076143690873,-0.844722357112916,-0.763856467935181
abalone_point_1594,abalone,regression,8,0.368979507812732,nominal,0.00839267185269475,-0.280948126746929,-0.107977938110013,-0.435862451030447,-0.443170759158907,-0.196996355869505,-0.458546231099778
abalone_point_2842,abalone,regression,9,0.609902617867147,nominal,0.591274696320454,0.273264632124836,0.489721303190708,0.465462789886338,0.297943921090633,0.395992236818126,0.511262756495031
abalone_point_0220,abalone,regression,8,0.518341252245395,nominal,-0.907564795168071,-1.0366927979357,-0.227517786370157,-1.03742567743418,-1.03110672130216,-0.95875862493746,-0.961410150593383
abalone_point_3966,abalone,regression,6,0.066170782624728,nominal,-1.90679112282709,-1.89320342528297,-1.66199596549189,-1.41161839623109,-1.35999043958919,-1.37841209053178,-1.46427407008699
abalone_point_2716,abalone,regression,6,0.17182104848318,nominal,-1.57371568027408,-1.59090555680746,-1.4229162689716,-1.34942287621307,-1.31493787544028,-1.35104338625389,-1.30263923882119
abalone_point_3362,abalone,regression,9,0.110487167319592,nominal,-0.949199225487196,-0.935926841777196,-1.06429672419117,-1.06597444072114,-1.07390665724362,-0.977004427789387,-1.06916670477058
abalone_point_2835,abalone,regression,8,0.39009154460226,nominal,0.383102544724825,0.172498675966333,-0.227517786370157,-0.095316488964603,0.0456495618567469,-0.0555913837670698,-0.304095170112456
abalone_point_3448,abalone,regression,8,0.11028607266191,nominal,-0.158145049423808,-0.180182170588426,-0.466597482890446,-0.522528339580138,-0.467949669440807,-0.438753243657538,-0.6668755691757
abalone_point_0458,abalone,regression,9,0.398729684913933,nominal,-1.36554352867845,-1.28860768833195,-0.825217027670879,-1.2841685601286,-1.3059273626105,-1.23700711842935,-1.14100440755538
abalone_point_2448,abalone,regression,6,0.119120342362393,nominal,-2.07332884410359,-2.04435235952073,-1.4229162689716,-1.4942058900255,-1.45685345250934,-1.47876400621738,-1.50019292147939
abalone_point_1078,abalone,regression,7,0.175791599218056,nominal,-0.865930364848945,-0.885543863697944,-0.705677179410735,-0.950759788884494,-0.835128067254409,-1.06823344204902,-0.961410150593383
abalone_point_3509,abalone,regression,9,0.619020589571074,nominal,0.965984569192585,0.676328456758846,0.848340847971141,0.664284534206218,0.572764562398973,1.46337170365586,0.353219810368469
abalone_point_0112,abalone,regression,9,0.59762929154502,nominal,-0.491220491976813,-0.482480039063934,-0.825217027670879,-0.811074768516168,-0.844138580084191,-0.671387230019609,-0.458546231099778
abalone_point_3459,abalone,regression,8,0.51759529807048,nominal,0.716177987277831,0.625945478679595,0.489721303190708,0.501148743995035,0.599796100888318,0.505467053929688,0.367587350925429
abalone_point_0558,abalone,regression,12,0.176901413001295,anomaly,1.13252229046909,0.928243347155103,0.609261151450853,0.73769563980125,0.44661738278203,1.07108694233943,0.942288973203835
abalone_point_0833,abalone,regression,9,0.405876385471319,nominal,-0.699392643572442,-0.432097060984683,-0.58613733115059,-0.668330952081383,-0.522012746419497,-0.88121396281677,-0.66328368403646
abalone_point_2050,abalone,regression,8,0.336480459421197,nominal,-0.657758213253316,-0.885543863697944,-0.466597482890446,-0.919152229531077,-0.934243708382007,-0.894898314955715,-0.853653596416181
abalone_point_4014,abalone,regression,8,0.733053465316902,nominal,0.841081278235208,0.978626325234355,0.848340847971141,0.616363395831683,0.825058921632859,0.418799490383035,0.604651770115272
abalone_point_2047,abalone,regression,7,0.285230206453593,nominal,-0.907564795168071,-1.0366927979357,-0.466597482890446,-1.00479851939195,-0.875675374988427,-0.954197174224479,-1.13741252241614
abalone_point_3556,abalone,regression,8,0.650136839017416,nominal,0.0916615324909462,0.0717327198078305,-0.107977938110013,-0.0993948837198826,-0.193129028132467,-0.105767341609869,-0.016744358973254
abalone_point_1284,abalone,regression,9,0.63513580790873,nominal,-0.199779479742934,-0.33133110482618,0.131101758410275,-0.50825395793666,-0.542286400286506,-0.393138736527721,-0.386708528314977
abalone_point_3155,abalone,regression,7,0.311274632309626,nominal,0.133295962810072,0.0213497417285791,-0.227517786370157,-0.548018306800636,-0.549044284908842,-0.675948680732591,-0.458546231099778
abalone_point_1430,abalone,regression,3,0.24244336437241,nominal,-3.19745846271998,-3.05201192110575,-2.4987749033129,-1.66142007499196,-1.59426377316351,-1.6247304290328,-1.68697094871987
abalone_point_1896,abalone,regression,11,0.26120116782702,anomaly,0.383102544724825,0.474796544441841,0.370181454930564,0.00664337991738622,-0.00390825870705223,-0.0601528344800515,0.274198337305189
abalone_point_3690,abalone,regression,9,0.666408658256015,nominal,0.882715708554334,0.978626325234355,1.32650024101172,0.973222936918645,0.705669626638253,1.36758123868324,0.978207824596235
abalone_point_0978,abalone,regression,8,0.296869666394168,nominal,0.0916615324909462,-0.0794162144299231,-0.107977938110013,-0.0147681925478315,0.153775715814127,0.140550996891147,-0.243033122745376
abalone_point_0996,abalone,regression,9,0.572964463485503,nominal,0.466371405363077,0.8274773909966,-0.227517786370157,0.621461389275782,1.02103757568061,0.692486533161941,-0.013152473834014
abalone_point_2224,abalone,regression,14,0.198518830382309,anomaly,0.258199253767449,0.474796544441841,0.967880696231285,0.263582249499999,-0.285486784637729,0.131428095465183,1.08596437877344
abalone_point_3413,abalone,regression,8,0.477810946380956,nominal,-0.366317201019437,-0.532863017143185,-0.58613733115059,-0.5102931553143,-0.492728579722707,-0.680510131445572,-0.393892298593457
abalone_point_0260,abalone,regression,13,0.323895131624735,anomaly,0.549640266001328,0.676328456758846,0.489721303190708,0.556207073191309,0.532217254664956,0.683363631735977,0.40350620231783
abalone_point_2832,abalone,regression,7,0.281479517511803,nominal,0.0916615324909462,-0.0290332363506717,0.0115619101501313,-0.0219053833695708,0.192070395340699,-0.0829600880449602,-0.357973447201057
abalone_point_0060,abalone,regression,7,0.288900909725694,nominal,-0.158145049423808,-0.0794162144299231,-0.347057634630302,-0.501116767114921,-0.51074960538227,-0.461560497222447,-0.458546231099778
abalone_point_1169,abalone,regression,8,0.585821940836039,nominal,0.799446847916082,0.42441356636259,1.44604008927186,0.0596625117360207,0.311459690335306,-0.256295215138268,0.0119907221406663
abalone_point_2690,abalone,regression,9,0.644482305561304,nominal,1.00761899951171,1.07939228139286,0.489721303190708,0.725460455535411,0.660617062489344,1.18968466087695,0.690857013457033
abalone_point_1665,abalone,regression,9,0.554269266218805,nominal,0.674543556958705,0.625945478679595,0.131101758410275,-0.0535129427229874,0.0884494977982098,0.418799490383035,-0.135276568568175
abalone_point_1246,abalone,regression,5,0.09429752208863,nominal,-1.15737137708282,-1.28860768833195,-1.18383657245131,-1.22503183617705,-1.1572539009191,-1.26437582270724,-1.24516907659334
abalone_point_2986,abalone,regression,8,0.374909292033647,nominal,0.0916615324909462,-0.0794162144299231,-0.107977938110013,-0.109590870608082,0.0388916772344106,0.250025814002709,-0.239441237606136
abalone_point_3935,abalone,regression,5,0.443960234672806,nominal,-2.40640428665659,-2.34665022799623,-1.4229162689716,-1.55844060742115,-1.52217967052526,-1.48788690764335,-1.56125496884647
abalone_point_2817,abalone,regression,6,0.296395326867312,nominal,-1.65698454091233,-1.69167151296597,-1.54245611723174,-1.37899123818885,-1.29466422157327,-1.05911054062306,-1.40680390785915
abalone_point_3622,abalone,regression,8,0.654931094758464,nominal,1.09088786014996,0.474796544441841,0.728800999710997,0.910007818211812,1.00752180643594,1.11670144946925,0.676489472900072
abalone_point_0945,abalone,regression,6,0.175122098164156,nominal,-0.491220491976813,-0.583245995222437,-0.347057634630302,-0.707075702256539,-0.582833708020523,-0.680510131445572,-0.929083184340222
abalone_point_1721,abalone,regression,9,0.552930878942419,nominal,1.04925342983084,1.02900930331361,0.489721303190708,1.13126073368573,1.25756353746238,1.0026651816447,0.917145777229154
abalone_point_3113,abalone,regression,7,0.329517982915291,nominal,-0.907564795168071,-0.885543863697944,-0.58613733115059,-1.0690332367876,-1.07165402903618,-0.977004427789387,-1.04043162365666
abalone_point_1286,abalone,regression,7,0.165512255048587,nominal,-0.199779479742934,-0.33133110482618,-0.347057634630302,-0.528645931713058,-0.452181271988689,-0.516297905778229,-0.587854096112419
abalone_point_1276,abalone,regression,9,0.320183479967043,nominal,-0.366317201019437,-0.381714082905431,-0.347057634630302,-0.581665063531692,-0.519760118212052,-0.72612463857539,-0.530383933884578
abalone_point_0177,abalone,regression,5,0.292788537182433,nominal,-1.74025340155058,-1.99396938144147,-1.90107566201218,-1.43506916607394,-1.34872729855196,-1.30542887912407,-1.46427407008699
abalone_point_0471,abalone,regression,9,0.427665972236921,nominal,0.0500271021718205,0.323647610204087,-0.107977938110013,-0.0922576928981434,-0.208897425584585,-0.0829600880449602,-0.146052223985895
abalone_point_2555,abalone,regression,7,0.329565520902444,nominal,-1.53208124995496,-1.43975662256971,-1.66199596549189,-1.31271732341556,-1.33746415751474,-1.28718307627215,-1.21284211034018
abalone_point_1536,abalone,regression,6,0.137522361102481,nominal,-1.82352226218884,-1.84282044720372,-1.18383657245131,-1.39122642245469,-1.33521152930729,-1.33735903411495,-1.41757956327687
abalone_point_3525,abalone,regression,6,0.170923807199726,nominal,-1.69861897123146,-1.69167151296597,-1.30337642071146,-1.4228339818081,-1.34196941392963,-1.40578079480967,-1.44272275925155
abalone_point_3501,abalone,regression,8,0.575128699666435,nominal,0.63290912663958,0.0213497417285791,0.131101758410275,0.224837499324843,0.397059562218231,0.140550996891147,0.209544404798868
abalone_point_3032,abalone,regression,8,0.473470967783563,nominal,0.00839267185269475,-0.0794162144299231,-0.705677179410735,-0.41037248380995,-0.260707874355829,-0.498052102926301,-0.422627379707378
abalone_point_1652,abalone,regression,8,0.571034154987081,nominal,0.591274696320454,0.273264632124836,0.250641606670419,0.145308801596892,0.261901869771506,-0.0966444401839055,0.187993093963428
abalone_point_1801,abalone,regression,9,0.696036430126665,nominal,0.674543556958705,0.676328456758846,0.848340847971141,0.864125877214917,0.892637767856222,1.13950870303415,0.748327175684873
abalone_point_2007,abalone,regression,7,0.432181313177252,nominal,-0.990833655806321,-1.59090555680746,-1.18383657245131,-1.10369959220748,-1.04236986233939,-1.072794892762,-1.13741252241614
abalone_point_3316,abalone,regression,9,0.217118437952915,nominal,-1.4488123893167,-1.49013960064896,-1.18383657245131,-1.29232534963916,-1.28340108053605,-1.2734987241332,-1.24516907659334
abalone_point_0804,abalone,regression,7,0.187785158775607,nominal,-1.2822746680402,-1.33899066641121,-0.944756875931023,-1.24134541519816,-1.19554858044568,-1.23700711842935,-1.24876096173258
abalone_point_0856,abalone,regression,9,0.577891554681877,nominal,0.424736975043951,0.575562500600344,0.0115619101501313,0.263582249499999,0.372280651936332,0.00826892621467509,0.227503830495068
abalone_point_2030,abalone,regression,9,0.654516971910606,nominal,0.466371405363077,0.525179522521093,0.489721303190708,0.477697974152177,0.69215385739358,0.820207153125431,0.170033668267228
abalone_point_0386,abalone,regression,9,0.401447086889233,nominal,-0.574489352615065,-0.381714082905431,-0.825217027670879,-0.685664129791321,-0.645907297828995,-0.511736455065247,-0.74589704223898
abalone_point_0983,abalone,regression,9,0.518719988593757,nominal,0.299833684086575,0.474796544441841,0.489721303190708,0.281935025898757,0.419585844292685,0.240902912576745,0.252647026469749
abalone_point_2037,abalone,regression,5,0.078873408936005,nominal,-2.23986656538009,-2.19550129375848,-1.90107566201218,-1.51459786380189,-1.43883242684978,-1.47876400621738,-1.53611177287179
abalone_point_1853,abalone,regression,8,0.492423803348793,nominal,-0.24141391006206,-0.280948126746929,-0.107977938110013,-0.650997774371445,-0.688707233770458,-0.584719666472955,-0.530383933884578
abalone_point_1974,abalone,regression,10,0.217249923653846,anomaly,1.29906001174559,1.33130717178911,0.370181454930564,1.43815993902052,1.40398437094633,1.81004195784247,1.04286175710256
abalone_point_3321,abalone,regression,16,0.180632101110501,anomaly,0.0916615324909462,0.172498675966333,0.370181454930564,-0.106532074541622,-0.258455246148384,-0.219803609434413,0.080236539786227
abalone_point_2506,abalone,regression,6,0.119155279777427,nominal,-1.53208124995496,-1.54052257872821,-1.54245611723174,-1.32291331030375,-1.28340108053605,-1.28262162555917,-1.33855809021359
abalone_point_1810,abalone,regression,8,0.673529634746673,nominal,0.965984569192585,0.676328456758846,0.0115619101501313,0.497070349239755,0.586280331643646,0.446168194660925,0.511262756495031
abalone_point_0595,abalone,regression,12,0.197030364911386,anomaly,0.0916615324909462,0.122115697887082,0.250641606670419,-0.263550272619885,-0.458939156611025,-0.251733764425286,0.00839883700142625
abalone_point_3865,abalone,regression,5,0.206883479743666,nominal,-1.69861897123146,-1.74205449104522,-1.78153581375203,-1.40754000147581,-1.35773781138174,-1.44227240051353,-1.35651751590979
abalone_point_1765,abalone,regression,5,0.579831524399826,nominal,-2.07332884410359,-2.34665022799623,-1.18383657245131,-1.21789464535531,-1.18653806761589,-1.12753230131779,-1.20925022520094
abalone_point_1545,abalone,regression,6,0.11326501704159,nominal,-1.2822746680402,-1.38937364449046,-1.06429672419117,-1.24644340864226,-1.182032811201,-1.22788421700338,-1.24876096173258
abalone_point_1897,abalone,regression,9,0.698430122362569,nominal,0.383102544724825,0.323647610204087,0.848340847971141,0.229935492768943,0.095207382420546,0.437045293234962,0.317300958976069
abalone_point_0695,abalone,regression,4,0.3045874281555,nominal,-2.98928631112435,-3.0016289430265,-2.85739444809333,-1.65122408810376,-1.58975851674862,-1.6247304290328,-1.67978717844139
abalone_point_2725,abalone,regression,8,0.084812725639965,nominal,-1.15737137708282,-1.2382247102527,-1.30337642071146,-1.19240467813481,-1.07165402903618,-1.24156856914233,-1.22720965089714
abalone_point_0442,abalone,regression,8,0.218737918178857,nominal,-1.57371568027408,-1.49013960064896,-0.944756875931023,-1.29844294177208,-1.26538005487648,-1.11384794917884,-1.21284211034018
abalone_point_2657,abalone,regression,7,0.397903877213367,nominal,0.174930393129198,0.122115697887082,-0.466597482890446,-0.0861401007652241,0.19657565175559,0.0401990812055475,-0.494465082492178
abalone_point_0953,abalone,regression,7,0.12687573407644,nominal,-0.366317201019437,-0.432097060984683,-0.466597482890446,-0.463391615628584,-0.213402681999475,-0.580158215759973,-0.70997819084658
abalone_point_4056,abalone,regression,9,0.551021260423258,nominal,1.00761899951171,0.928243347155103,0.250641606670419,0.673460922405597,0.487164690516048,1.41319574581306,0.511262756495031
abalone_point_1566,abalone,regression,7,0.183967834116002,nominal,-0.532854922295939,-0.532863017143185,-0.705677179410735,-0.822290354093187,-0.711233515844912,-0.908582667094661,-0.781815893631381
abalone_point_3763,abalone,regression,8,0.471472081554713,nominal,0.0500271021718205,-0.129799192509174,-0.58613733115059,-0.721350083900018,-0.706728259430021,-0.72612463857539,-0.65250802861874
abalone_point_1636,abalone,regression,9,0.544483284244872,nominal,0.424736975043951,0.42441356636259,-0.347057634630302,-0.0993948837198826,-0.143571207568668,0.0675677854834382,-0.0275200143909741
abalone_point_3751,abalone,regression,8,0.532682770662115,nominal,-0.741027073891568,-0.33133110482618,-0.705677179410735,-0.842682327869585,-0.853149092913972,-0.954197174224479,-0.67405933945418
abalone_point_1434,abalone,regression,6,0.152507988600777,nominal,-1.2822746680402,-1.38937364449046,-1.06429672419117,-1.21687504666649,-1.02209620847238,-1.2734987241332,-1.27390415770727
abalone_point_2116,abalone,regression,3,0.143262529064309,nominal,-2.86438302016698,-2.80009703070949,-2.25969520679261,-1.63389091039382,-1.56272697825928,-1.55630866833807,-1.65105209732747
abalone_point_3679,abalone,regression,10,0.189300050456927,anomaly,0.674543556958705,0.8274773909966,0.250641606670419,0.623500586653422,0.320470203165087,0.655994927458087,0.798613567634233
abalone_point_1938,abalone,regression,9,0.614309879513939,nominal,0.841081278235208,1.07939228139286,0.728800999710997,1.02420287135964,0.960216614079584,1.09389419590434,0.877635040697514
abalone_point_3400,abalone,regression,8,0.165692782383863,nominal,-0.532854922295939,-0.583245995222437,-0.58613733115059,-0.79272199211741,-0.763043964616156,-0.712440286436445,-0.781815893631381
abalone_point_1672,abalone,regression,9,0.674220772842144,nominal,0.716177987277831,0.625945478679595,0.489721303190708,0.394090881668946,0.403817446840567,0.491782701790743,0.39991431717859
abalone_point_0301,abalone,regression,9,0.210106422183934,nominal,-0.990833655806321,-1.0366927979357,-1.06429672419117,-0.979308552171451,-0.963527875078798,-0.831038004973971,-0.997329001985783
abalone_point_2644,abalone,regression,8,0.201327460964782,nominal,-0.324682770700311,-0.33133110482618,-0.227517786370157,-0.561273089755294,-0.420644477084453,-0.625772722889791,-0.587854096112419
abalone_point_0867,abalone,regression,9,0.611461667834007,nominal,0.674543556958705,0.474796544441841,0.489721303190708,0.560285467946588,0.277670267223624,1.1030170973303,0.619019310672232
abalone_point_3446,abalone,regression,8,0.424282230989653,nominal,-0.24141391006206,-0.0794162144299231,0.131101758410275,-0.51131275400312,-0.472454925855698,-0.456999046509465,-0.533975819023819
abalone_point_0938,abalone,regression,7,0.396283628417748,nominal,-0.574489352615065,-0.532863017143185,-0.347057634630302,-0.60409623468573,-0.605359990094977,-0.498052102926301,-0.66328368403646
abalone_point_1766,abalone,regression,6,0.534156604145615,nominal,-1.24064023772108,-1.64128853488671,-0.944756875931023,-0.88652507148884,-0.871170118573536,-0.817353652835025,-0.907531873504782
abalone_point_1994,abalone,regression,6,0.122915967104238,nominal,-1.94842555314621,-1.99396938144147,-1.90107566201218,-1.44628475165096,-1.36674832421153,-1.43314949908756,-1.50019292147939
abalone_point_0982,abalone,regression,9,0.689923254571141,nominal,0.216564823448323,0.222881654045585,0.0115619101501313,-0.0371993637018691,0.0388916772344106,-0.178750553017577,0.259830796748229
abalone_point_2331,abalone,regression,9,0.332872180922259,nominal,-0.865930364848945,-0.633628973301688,-0.58613733115059,-0.98950453905965,-0.936496336589453,-0.922267019233606,-0.889572447808582
abalone_point_0742,abalone,regression,8,0.160966154374277,nominal,-1.36554352867845,-1.43975662256971,-1.18383657245131,-1.2688745797963,-1.26763268308393,-1.12753230131779,-1.28467981312499
abalone_point_1844,abalone,regression,8,0.180592585171976,nominal,-0.741027073891568,-0.784777907539442,-0.825217027670879,-1.00683771676959,-0.916222682722444,-1.14121665345673,-0.961410150593383
abalone_point_0946,abalone,regression,8,0.374568256626877,nominal,-0.449586061657688,-0.432097060984683,-0.466597482890446,-0.441980043163367,-0.145823835776113,-0.279102468703177,-0.70997819084658
abalone_point_0920,abalone,regression,6,0.082314040146267,nominal,-0.949199225487196,-0.986309819856447,-1.18383657245131,-1.00989651283605,-0.882433259610763,-1.09104069561393,-1.0619829344921
abalone_point_3536,abalone,regression,9,0.28585939408993,nominal,-1.03246808612545,-1.43975662256971,-0.944756875931023,-1.12409156598388,-1.0581382597915,-1.09560214632691,-1.14100440755538
abalone_point_0398,abalone,regression,8,0.699534641875587,nominal,-0.449586061657688,-0.280948126746929,0.131101758410275,-0.493979576293181,-0.544539028493951,-0.333839877258958,-0.386708528314977
abalone_point_2712,abalone,regression,3,0.266965060825355,nominal,-2.78111415952873,-2.69933107455099,-2.61831475157304,-1.62573412088326,-1.56272697825928,-1.60192317546789,-1.64027644190975
abalone_point_1032,abalone,regression,9,0.594225279746562,nominal,1.04925342983084,0.877860369075852,0.489721303190708,0.969144542163366,0.948953473042357,1.19880756230292,0.960248398900035
abalone_point_2479,abalone,regression,8,0.547835192221647,nominal,-0.449586061657688,-0.532863017143185,0.967880696231285,-0.79068279473977,-0.931991080174562,-0.584719666472955,-0.74589704223898
abalone_point_2760,abalone,regression,8,0.681953839210492,nominal,0.174930393129198,0.323647610204087,0.250641606670419,0.242170677034782,0.029881164404629,0.532835758207579,0.259830796748229
abalone_point_0330,abalone,regression,8,0.271767952956485,nominal,-1.36554352867845,-1.28860768833195,-1.18383657245131,-1.23012982962114,-1.22032749072757,-1.28262162555917,-1.06916670477058
abalone_point_3416,abalone,regression,9,0.675243975202252,nominal,0.299833684086575,0.575562500600344,0.489721303190708,0.413463256756524,0.327228087787423,0.19984985615991,0.705224554013993
abalone_point_1458,abalone,regression,7,0.092620502745738,nominal,-0.407951631338562,-0.432097060984683,-0.58613733115059,-0.535783122534797,-0.353065630861091,-0.580158215759973,-0.7566726976567
abalone_point_2682,abalone,regression,9,0.70942977798143,nominal,0.799446847916082,0.8274773909966,0.370181454930564,0.553148277124849,0.656111806074454,0.610380420328269,0.511262756495031
abalone_point_2570,abalone,regression,6,0.118166177377186,nominal,-0.532854922295939,-0.633628973301688,-0.58613733115059,-0.830447143603746,-0.765296592823601,-0.717001737149426,-0.918307528922502
abalone_point_3379,abalone,regression,8,0.162617468743608,nominal,-1.57371568027408,-1.54052257872821,-1.54245611723174,-1.35656006703481,-1.34196941392963,-1.33279758340197,-1.30623112396043
abalone_point_1834,abalone,regression,6,0.304278002725135,nominal,-0.990833655806321,-1.08707577601495,-1.18383657245131,-1.14142474369381,-1.15500127271166,-1.03630328705815,-0.925491299200982
abalone_point_4073,abalone,regression,8,0.271919901279688,nominal,-0.199779479742934,-0.482480039063934,-0.466597482890446,-0.79476118949505,-0.774307105653383,-0.685071582158554,-0.778224008492141
abalone_point_1004,abalone,regression,9,0.512143339806928,nominal,0.591274696320454,0.474796544441841,0.250641606670419,0.438953223977021,0.714680139468034,0.364062081827253,0.223911945355828
abalone_point_1340,abalone,regression,8,0.583447980770649,nominal,0.466371405363077,0.374030588283339,0.250641606670419,0.0596625117360207,0.183059882510917,-0.224365060147395,0.101787850621667
abalone_point_1697,abalone,regression,11,0.0996287442015536,anomaly,0.882715708554334,0.8274773909966,0.728800999710997,0.705068481759013,0.748469562579715,0.843014406690339,0.719592094570953
abalone_point_3572,abalone,regression,9,0.469660262835431,nominal,0.508005835682202,0.575562500600344,0.609261151450853,0.217700308503104,0.198828279963035,0.427922391808998,0.144890472292548
abalone_point_3670,abalone,regression,9,0.653408466274856,nominal,0.508005835682202,0.525179522521093,0.0115619101501313,-0.133041640450939,-0.150329092191004,-0.251733764425286,0.187993093963428
abalone_point_3597,abalone,regression,10,0.211678740523017,anomaly,1.25742558142647,1.07939228139286,0.131101758410275,0.889615844435414,1.09537430652631,1.08020984376539,0.619019310672232
abalone_point_3298,abalone,regression,17,0.161734676467231,anomaly,1.00761899951171,0.928243347155103,1.20696039275157,0.816204738840382,0.741711677957379,0.888628913820157,1.12188323016584
abalone_point_3667,abalone,regression,8,0.27731471700554,nominal,0.424736975043951,0.323647610204087,0.250641606670419,0.314562183940994,0.570511934191528,0.313886123984454,0.00121506672294618
abalone_point_1576,abalone,regression,7,0.214371166055544,nominal,-0.324682770700311,-0.33133110482618,-0.227517786370157,-0.461352418250945,-0.296749925674956,-0.475244849361393,-0.566302785276979
abalone_point_1854,abalone,regression,8,0.555388512110324,nominal,-0.24141391006206,-0.280948126746929,0.131101758410275,-0.670370149459023,-0.695465118392794,-0.297348271555104,-0.634548602922539
abalone_point_2255,abalone,regression,14,0.231335520469633,anomaly,1.04925342983084,0.877860369075852,0.967880696231285,1.96631205982922,1.98741507667469,1.44512590080393,2.09169221776065
abalone_point_2600,abalone,regression,8,0.515199558597174,nominal,0.716177987277831,0.726711434838098,0.250641606670419,0.654088547318019,0.921921934553012,0.852137308116303,0.180809323684948
abalone_point_2455,abalone,regression,5,0.061804532145698,nominal,-2.07332884410359,-2.09473533759998,-1.78153581375203,-1.50236267953606,-1.44559031147212,-1.43314949908756,-1.52174423231483
abalone_point_3789,abalone,regression,8,0.572615955612573,nominal,0.882715708554334,0.676328456758846,0.250641606670419,0.496050750550935,0.331733344202314,1.06652549162645,0.547181607887431
abalone_point_0174,abalone,regression,8,0.649527172547133,nominal,-0.033241758466431,-0.0290332363506717,-0.58613733115059,-0.107551673230442,-0.177360630680349,0.0356376304925657,-0.135276568568175
abalone_point_2721,abalone,regression,7,0.091051043010576,nominal,-1.2822746680402,-1.33899066641121,-1.18383657245131,-1.2688745797963,-1.18653806761589,-1.28718307627215,-1.29904735368195
abalone_point_1496,abalone,regression,8,0.538410812566349,nominal,0.799446847916082,0.273264632124836,0.370181454930564,0.373698907892548,0.52996462645751,0.505467053929688,0.259830796748229
abalone_point_0463,abalone,regression,6,0.152609017652652,nominal,-2.36476985633747,-2.24588427183773,-1.66199596549189,-1.54416622577767,-1.50190601665825,-1.48332545693036,-1.53611177287179
abalone_point_2873,abalone,regression,8,0.090227152538593,nominal,-1.03246808612545,-0.935926841777196,-1.18383657245131,-1.02824928923481,-0.938748964796898,-0.981565878502369,-1.08353424532754
abalone_point_2554,abalone,regression,7,0.099681196278489,nominal,-1.74025340155058,-1.74205449104522,-1.66199596549189,-1.38612842901059,-1.35773781138174,-1.35104338625389,-1.37806882674523
abalone_point_3475,abalone,regression,6,0.157252466213074,nominal,-1.40717795899758,-1.43975662256971,-1.30337642071146,-1.19342427682363,-1.06940140082873,-1.16858535773462,-1.28467981312499
abalone_point_1476,abalone,regression,8,0.414836525560797,nominal,0.299833684086575,0.222881654045585,0.250641606670419,0.0933092684670773,0.421838472500131,-0.178750553017577,-0.135276568568175
abalone_point_1686,abalone,regression,10,0.227079944030804,anomaly,0.799446847916082,0.42441356636259,-0.107977938110013,0.194249538660247,-0.00616088691449765,0.418799490383035,0.41428185773555
abalone_point_2951,abalone,regression,11,0.330783167567383,anomaly,0.965984569192585,0.978626325234355,0.967880696231285,0.954870160519887,1.03905860134017,1.2033690130159,0.892002581254474
abalone_point_1647,abalone,regression,9,0.502993787271455,nominal,0.466371405363077,0.374030588283339,-0.347057634630302,-0.243158298843488,-0.253949989733493,-0.36577003224983,-0.0275200143909741
abalone_point_0003,abalone,regression,9,0.533840296900422,nominal,0.0500271021718205,0.122115697887082,-0.107977938110013,-0.309432213616781,-0.463444413025916,-0.356647130823867,-0.207114271352976
abalone_point_0020,abalone,regression,9,0.166427970582656,nominal,-0.61612378293419,-0.885543863697944,-0.944756875931023,-0.913034637398158,-0.850896464706527,-0.963320075650442,-0.889572447808582
abalone_point_2763,abalone,regression,9,0.412639583963516,nominal,0.216564823448323,0.122115697887082,0.370181454930564,0.169779170128569,0.611059241925545,-0.000853975211288458,-0.243033122745376
abalone_point_3024,abalone,regression,8,0.359320393044473,nominal,-0.449586061657688,-0.33133110482618,-0.347057634630302,-0.624488208462128,-0.598602105472641,-0.698755934297499,-0.551935244720019
abalone_point_1475,abalone,regression,9,0.475874871938673,nominal,0.216564823448323,0.172498675966333,0.489721303190708,-0.0728853178105653,-0.0737397331378598,0.208972757585873,-0.171195419960575
abalone_point_3557,abalone,regression,9,0.264450284179454,nominal,0.0916615324909462,0.0213497417285791,-0.227517786370157,-0.451156431362746,-0.411633964254672,-0.529982257917174,-0.296911399833976
abalone_point_2024,abalone,regression,9,0.345849805737931,nominal,0.0500271021718205,-0.0290332363506717,-0.227517786370157,-0.394058904788832,-0.43190761812168,-0.219803609434413,-0.386708528314977
abalone_point_2885,abalone,regression,9,0.596843761375615,nominal,-0.158145049423808,0.172498675966333,-0.347057634630302,-0.442999641852187,-0.515254861797161,-0.393138736527721,-0.278951974137776
abalone_point_3166,abalone,regression,9,0.671784230515236,nominal,0.174930393129198,0.0213497417285791,-0.58613733115059,-0.310451812305601,-0.312518323127074,-0.206119257295468,-0.135276568568175
abalone_point_2350,abalone,regression,9,0.415699595517056,nominal,-0.61612378293419,-0.482480039063934,-0.825217027670879,-0.728487274721757,-0.70222300301513,-0.794546399270117,-0.64532425834026
abalone_point_3202,abalone,regression,6,0.252657016366682,nominal,-1.15737137708282,-1.08707577601495,-0.944756875931023,-1.13428755287207,-1.11670659318509,-1.12753230131779,-1.14100440755538
abalone_point_2298,abalone,regression,8,0.310968282300359,nominal,-0.407951631338562,-0.482480039063934,-0.466597482890446,-0.51131275400312,-0.346307746238755,-0.552789511482083,-0.494465082492178
abalone_point_2217,abalone,regression,7,0.208384024894555,nominal,-1.61535011059321,-1.49013960064896,-1.4229162689716,-1.30252133652736,-1.27439056770626,-1.29630597769811,-1.24876096173258
abalone_point_1179,abalone,regression,9,0.671820360852411,nominal,1.04925342983084,0.928243347155103,1.20696039275157,1.29541612258573,1.27107930670705,1.44512590080393,1.333804453381
abalone_point_0474,abalone,regression,11,0.588171306407363,anomaly,-0.033241758466431,-0.0290332363506717,-0.466597482890446,-0.41139208249877,-0.42740236170679,-0.356647130823867,-0.415443609428898
abalone_point_3250,abalone,regression,6,0.221790698306687,nominal,-1.86515669250796,-1.69167151296597,-1.18383657245131,-1.36165806047891,-1.29241159336583,-1.29174452698513,-1.35651751590979
abalone_point_1227,abalone,regression,6,0.147588849463123,nominal,-1.4488123893167,-1.38937364449046,-1.54245611723174,-1.25154140208636,-1.16851704195633,-1.31911323126302,-1.24876096173258
abalone_point_0407,abalone,regression,8,0.423619121053247,nominal,-0.61612378293419,-0.532863017143185,-0.58613733115059,-0.713193294389459,-0.661675695281113,-0.694194483584518,-0.638140488061779
abalone_point_1674,abalone,regression,9,0.61851439086477,nominal,0.716177987277831,0.575562500600344,-0.347057634630302,0.191190742593787,0.345249113446987,0.0858135883353653,0.152074242571028
abalone_point_1976,abalone,regression,11,0.195916368175017,anomaly,1.38232887238384,1.43207312794762,0.967880696231285,1.75933352599878,1.37920546066443,2.01986869063964,1.87617910940624
abalone_point_1219,abalone,regression,5,0.122262883320672,nominal,-1.74025340155058,-1.79243746912447,-1.66199596549189,-1.45648073853916,-1.41180088836043,-1.43314949908756,-1.43913087411231
abalone_point_4010,abalone,regression,8,0.453028917813362,nominal,0.716177987277831,0.8274773909966,0.489721303190708,0.646951356496279,1.07059539624441,0.596696068189324,0.187993093963428
abalone_point_3997,abalone,regression,6,0.596304077655852,nominal,-1.74025340155058,-1.79243746912447,-3.33555384113391,-1.41671638967518,-1.35999043958919,-1.38753499195775,0.802205452773473
abalone_point_4006,abalone,regression,9,0.239056378882962,nominal,0.258199253767449,0.222881654045585,0.0115619101501313,-0.151394416849697,-0.0309397971963972,0.0265147290666022,-0.268176318720056
abalone_point_1143,abalone,regression,9,0.55727646837992,nominal,0.424736975043951,0.374030588283339,0.728800999710997,0.395110480357766,0.85434308832965,0.336693377549363,-0.0778064063403344
abalone_point_3552,abalone,regression,9,0.267367135416413,nominal,-0.0748761887855567,-0.0794162144299231,-0.107977938110013,-0.393039306100012,-0.242686848696266,-0.539105159343137,-0.383116643175737
abalone_point_3825,abalone,regression,7,0.705526890821411,nominal,0.799446847916082,0.525179522521093,0.728800999710997,0.608206606321123,0.791269498521178,0.756346843143686,0.41068997259631
abalone_point_2289,abalone,regression,6,0.340464580290864,nominal,-1.61535011059321,-1.43975662256971,-1.18383657245131,-1.32291331030375,-1.31268524723284,-1.31911323126302,-1.28467981312499
abalone_point_2419,abalone,regression,18,0.355273689453025,anomaly,-0.491220491976813,-0.583245995222437,-0.227517786370157,-0.682605333724862,-0.742770310749147,-0.707878835723463,-0.602221636669379
abalone_point_4071,abalone,regression,7,0.355117072793567,nominal,-0.366317201019437,-0.73439492946019,-0.347057634630302,-0.621429412395668,-0.51074960538227,-0.6485799764547,-0.67405933945418
abalone_point_2851,abalone,regression,10,0.372514010644169,anomaly,0.882715708554334,0.777094412917349,0.489721303190708,0.844753502127339,1.18773206303157,0.861260209542267,0.43942505371023
abalone_point_3681,abalone,regression,9,0.750563866866009,nominal,0.716177987277831,0.877860369075852,0.609261151450853,0.519501520393792,0.419585844292685,0.843014406690339,0.561549148444391
abalone_point_1858,abalone,regression,8,0.535901479971586,nominal,-0.158145049423808,-0.0794162144299231,0.131101758410275,-0.253354285731687,-0.114287040871877,-0.347524229397903,-0.228665582188416
abalone_point_0965,abalone,regression,8,0.543159025848869,nominal,-0.158145049423808,-0.532863017143185,-0.347057634630302,-0.464411214317405,-0.492728579722707,-0.548228060769101,-0.386708528314977
abalone_point_0300,abalone,regression,9,0.343973965798778,nominal,-1.2822746680402,-1.28860768833195,-0.825217027670879,-1.21279665191121,-1.21131697789779,-1.11384794917884,-1.17692325894778
abalone_point_2617,abalone,regression,9,0.622639218377138,nominal,1.04925342983084,0.928243347155103,1.08742054449143,1.24953418158884,1.71935231998869,1.04827968877452,0.733959635127913
abalone_point_0620,abalone,regression,7,0.111283046726624,nominal,-2.40640428665659,-2.39703320607548,-2.02061551027232,-1.58495017333047,-1.53794806797738,-1.55174721762509,-1.57562250940343
abalone_point_1831,abalone,regression,7,0.093120135971908,nominal,-1.32390909835933,-1.33899066641121,-1.30337642071146,-1.23522782306524,-1.17752755478611,-1.30542887912407,-1.17692325894778
abalone_point_1275,abalone,regression,8,0.235836709789077,nominal,-0.407951631338562,-0.482480039063934,-0.705677179410735,-0.686683728480141,-0.668433579903449,-0.644018525741718,-0.638140488061779
abalone_point_2041,abalone,regression,8,0.266149753681687,nominal,-1.69861897123146,-1.54052257872821,-1.30337642071146,-1.33412889588077,-1.29466422157327,-1.34648193554091,-1.30623112396043
abalone_point_0464,abalone,regression,5,0.11234183248264,nominal,-2.53130757761397,-2.44741618415474,-2.02061551027232,-1.57883258119755,-1.52217967052526,-1.53806286548615,-1.57203062426419
abalone_point_2708,abalone,regression,9,0.598840715231898,nominal,1.67376988461772,1.43207312794762,1.44604008927186,1.38921920195716,2.31629879496172,2.24337977557574,1.93724115677332
abalone_point_4065,abalone,regression,9,0.60543519187587,nominal,0.965984569192585,0.8274773909966,0.967880696231285,1.08333959531119,1.3228897554783,1.51810911221164,0.47534390510263
abalone_point_1244,abalone,regression,8,0.100249347086414,nominal,-1.15737137708282,-1.28860768833195,-1.30337642071146,-1.24644340864226,-1.182032811201,-1.30086742841109,-1.23439342117562
abalone_point_2724,abalone,regression,7,0.441841579345149,nominal,-1.15737137708282,-1.08707577601495,-0.347057634630302,-0.990524137748469,-0.850896464706527,-0.977004427789387,-1.1338206372769
abalone_point_3743,abalone,regression,13,0.260639322527272,anomaly,1.42396330270297,1.18015823755136,1.56557993753201,2.01831159295904,2.07076232035017,2.02443014135262,1.53495002117844
abalone_point_0166,abalone,regression,14,0.231938030575962,anomaly,1.67376988461772,1.63360504026462,1.20696039275157,3.50998447470254,3.20383430869521,2.75882370614268,3.49252742206426
abalone_point_3870,abalone,regression,9,0.697013221534074,nominal,-0.283048340381185,-0.230565148667677,0.489721303190708,-0.352255358547216,-0.513002233589715,-0.0875215387579419,-0.243033122745376
abalone_point_3438,abalone,regression,8,0.07428539279227,nominal,-1.07410251644457,-1.08707577601495,-1.18383657245131,-1.12103276991742,-1.01533832385004,-1.20051551272549,-1.17692325894778
abalone_point_1450,abalone,regression,6,0.346593728199433,nominal,-0.61612378293419,-0.73439492946019,-0.347057634630302,-0.777428011785112,-0.643654669621549,-0.498052102926301,-0.925491299200982
abalone_point_1579,abalone,regression,8,0.331967775968046,nominal,-0.24141391006206,-0.381714082905431,-0.347057634630302,-0.728487274721757,-0.684201977355567,-0.817353652835025,-0.638140488061779
abalone_point_3454,abalone,regression,8,0.547992698904765,nominal,0.258199253767449,0.122115697887082,-0.705677179410735,0.208523920303725,0.383543792973559,-0.0875215387579419,-0.0993577171757746
abalone_point_0321,abalone,regression,5,0.115501950298643,nominal,-2.15659770474184,-1.99396938144147,-1.90107566201218,-1.49318629133668,-1.42756928581255,-1.44683385122651,-1.50019292147939
abalone_point_0612,abalone,regression,4,0.131932116784016,nominal,-2.7394797292096,-2.64894809647174,-2.14015535853247,-1.62471452219444,-1.5739901192965,-1.57455447119,-1.62950078649203
abalone_point_4137,abalone,regression,9,0.673105260686804,nominal,0.757812417596957,0.877860369075852,0.370181454930564,0.513383928260873,0.723690652297816,0.0858135883353653,0.583100459279831
abalone_point_4029,abalone,regression,8,0.171129297038597,nominal,-0.865930364848945,-0.986309819856447,-0.944756875931023,-1.11797397385096,-1.1122013367702,-1.08647924490095,-1.05120727907438
abalone_point_2115,abalone,regression,4,0.33935060240688,nominal,-3.28072732335823,-3.15277787726425,-2.4987749033129,-1.6685572658137,-1.59651640137096,-1.58823882332894,-1.69056283385911
abalone_point_3906,abalone,regression,6,0.177590985082033,nominal,-1.19900580740195,-1.38937364449046,-1.06429672419117,-1.2433846125758,-1.24285377280203,-1.17770825916059,-1.21284211034018
abalone_point_3159,abalone,regression,9,0.558688586228442,nominal,0.216564823448323,0.273264632124836,-0.705677179410735,-0.0463757519012481,-0.0804976177601961,0.204411306872891,-0.171195419960575
abalone_point_1885,abalone,regression,7,0.213125811798625,nominal,0.258199253767449,-0.0794162144299231,-0.227517786370157,-0.247236693598767,-0.123297553701659,-0.201557806582486,-0.422627379707378
abalone_point_2875,abalone,regression,8,0.283159207078133,nominal,-0.824295934529819,-0.684011951380939,-0.944756875931023,-0.933426611174555,-0.943254221211789,-0.858406709251861,-0.889572447808582
abalone_point_3114,abalone,regression,7,0.144121570529998,nominal,-0.824295934529819,-0.835160885618693,-0.825217027670879,-0.879387880667101,-0.801338644142728,-0.908582667094661,-0.871613022112382
abalone_point_1468,abalone,regression,7,0.172211175661645,nominal,-0.0748761887855567,-0.0794162144299231,-0.347057634630302,-0.542920313356536,-0.492728579722707,-0.511736455065247,-0.494465082492178
abalone_point_1988,abalone,regression,4,0.222583862271382,nominal,-3.03092074144348,-3.0016289430265,-2.73785459983319,-1.65020448941494,-1.58525326033373,-1.60192317546789,-1.67260340816291
abalone_point_2216,abalone,regression,10,0.118241631255285,anomaly,-0.574489352615065,-0.583245995222437,0.0115619101501313,-0.522528339580138,-0.733759797919366,-0.438753243657538,-0.458546231099778
abalone_point_1965,abalone,regression,10,0.202118460995803,anomaly,1.13252229046909,1.28092419370986,1.56557993753201,1.24953418158884,1.0503217423774,0.884067463107175,1.80434140662144
abalone_point_3404,abalone,regression,9,0.341477533441744,nominal,-1.4488123893167,-1.43975662256971,-0.705677179410735,-1.2637765863522,-1.32169576006262,-1.10928649846586,-1.17692325894778
abalone_point_0009,abalone,regression,9,0.450759341921509,nominal,-0.407951631338562,-0.381714082905431,-0.347057634630302,-0.650997774371445,-0.643654669621549,-0.621211272176809,-0.530383933884578
abalone_point_0962,abalone,regression,9,0.248631431112995,nominal,-0.158145049423808,-0.180182170588426,-0.227517786370157,-0.3155498057497,-0.193129028132467,-0.361208581536848,-0.433403035125098
abalone_point_3485,abalone,regression,8,0.577487655294176,nominal,-0.407951631338562,0.122115697887082,0.489721303190708,-0.243158298843488,-0.0422029382336243,-0.274541017990195,-0.390300413454217
abalone_point_4122,abalone,regression,9,0.475639964525644,nominal,-0.574489352615065,-0.583245995222437,-0.227517786370157,-0.726448077344117,-0.650412554243885,-0.967881526363424,-0.638140488061779
abalone_point_1563,abalone,regression,7,0.165313804341664,nominal,-0.61612378293419,-0.73439492946019,-0.705677179410735,-0.834525538359026,-0.803591272350173,-0.872091061390807,-0.74948892737822
abalone_point_1092,abalone,regression,6,0.100672336408539,nominal,-0.61612378293419,-0.784777907539442,-0.705677179410735,-0.938524604618655,-0.898201657062881,-0.840160906399934,-0.982961461428823
abalone_point_1236,abalone,regression,7,0.088488270761155,nominal,-1.24064023772108,-1.18784173217345,-1.30337642071146,-1.20362026371183,-1.0874224264883,-1.23700711842935,-1.21643399547942
abalone_point_0618,abalone,regression,7,0.179433368782093,nominal,-1.69861897123146,-1.69167151296597,-1.30337642071146,-1.34330528408015,-1.32394838827006,-1.21876131557742,-1.36370128618827
abalone_point_2726,abalone,regression,8,0.272548185011914,nominal,-1.07410251644457,-0.885543863697944,-0.944756875931023,-1.06291564465468,-0.94775947762668,-1.15946245630866,-1.06916670477058
abalone_point_2878,abalone,regression,9,0.655487890771478,nominal,-0.532854922295939,-0.482480039063934,0.0115619101501313,-0.778447610473932,-0.89369640064799,-0.85384525853888,-0.566302785276979
abalone_point_2819,abalone,regression,8,0.115460377441666,nominal,-1.36554352867845,-1.38937364449046,-1.18383657245131,-1.21687504666649,-1.07841191365851,-1.25069147056829,-1.31341489423891
abalone_point_1168,abalone,regression,8,0.586131416995287,nominal,0.799446847916082,0.625945478679595,-0.107977938110013,0.388992888224847,0.77550110106906,0.181604053307983,0.0622771140900268
abalone_point_1375,abalone,regression,9,0.687362428724182,nominal,0.757812417596957,0.726711434838098,0.848340847971141,0.589853829922366,0.390301677595895,1.26722932299764,0.43942505371023
abalone_point_1921,abalone,regression,9,0.651272059839301,nominal,0.674543556958705,0.474796544441841,0.131101758410275,0.0678193012465799,-0.114287040871877,0.163358250456055,0.43942505371023
abalone_point_2560,abalone,regression,7,0.111449566805291,nominal,-0.907564795168071,-0.835160885618693,-0.944756875931023,-1.00989651283605,-0.968033131493689,-0.995250230641315,-1.03324785337818
abalone_point_1957,abalone,regression,11,0.211680734732548,anomaly,1.00761899951171,0.8274773909966,0.848340847971141,1.0017717002056,1.32063712727085,0.519151406068633,0.716000209431713
abalone_point_2566,abalone,regression,8,0.279260390252774,nominal,-0.61612378293419,-0.583245995222437,-0.466597482890446,-0.735624465543496,-0.715738772259802,-0.675948680732591,-0.763856467935181
abalone_point_0451,abalone,regression,16,0.225994725641134,anomaly,1.67376988461772,1.58322206218537,1.8046596340523,2.16615340283792,1.52337366594094,2.66303324117007,2.45088073168465
abalone_point_4109,abalone,regression,7,0.386377654361221,nominal,-0.366317201019437,-0.583245995222437,-0.944756875931023,-0.631625399283867,-0.553549541323733,-0.484367750787356,-0.810550974745301
abalone_point_4033,abalone,regression,8,0.566367978809699,nominal,-0.324682770700311,-0.432097060984683,-1.18383657245131,-0.362451345435415,-0.193129028132467,-0.44331469437052,-0.422627379707378
abalone_point_1767,abalone,regression,7,0.589639780539033,nominal,-1.24064023772108,-1.38937364449046,-0.107977938110013,-0.472568003827964,-0.393612938595108,-0.452437595796484,-0.512424508188378
abalone_point_1027,abalone,regression,8,0.742488770627612,nominal,1.00761899951171,1.12977525947211,0.848340847971141,1.49321826821679,1.57518411471218,1.59565377433233,1.15780208155824
abalone_point_3646,abalone,regression,9,0.236482591690814,nominal,-0.407951631338562,-0.73439492946019,-0.944756875931023,-0.787623998673311,-0.765296592823601,-0.862968159964843,-0.74589704223898
abalone_point_0877,abalone,regression,9,0.694749511116399,nominal,0.92435013887346,1.02900930331361,0.728800999710997,1.07416320711181,1.16971103737201,1.13494725232117,1.08596437877344
abalone_point_3665,abalone,regression,9,0.698815434921241,nominal,0.258199253767449,0.222881654045585,0.250641606670419,-0.0932772915869632,-0.0647292203080784,-0.0464684823411062,0.0586852289507867
abalone_point_1535,abalone,regression,6,0.176413517020174,nominal,-1.86515669250796,-1.79243746912447,-1.30337642071146,-1.45138274509506,-1.39377986270087,-1.48788690764335,-1.41757956327687
abalone_point_3484,abalone,regression,7,0.204239878889325,nominal,-0.449586061657688,-0.532863017143185,-0.58613733115059,-0.842682327869585,-0.866664862158645,-0.88121396281677,-0.71716196112506
abalone_point_2627,abalone,regression,4,0.113395475334446,nominal,-2.53130757761397,-2.49779916223399,-2.14015535853247,-1.59004816677457,-1.52217967052526,-1.55630866833807,-1.60794947565659
abalone_point_2993,abalone,regression,8,0.474563574441938,nominal,0.591274696320454,0.222881654045585,0.609261151450853,0.317620980007454,0.419585844292685,0.240902912576745,0.241871371052029
abalone_point_1362,abalone,regression,9,0.652247894350074,nominal,0.674543556958705,0.676328456758846,0.848340847971141,0.504207540061494,0.466891036649039,0.35493918040129,0.690857013457033
abalone_point_1560,abalone,regression,7,0.212735844372233,nominal,-0.741027073891568,-0.73439492946019,-0.944756875931023,-1.01805330234661,-1.0378646059245,-1.00893458278026,-0.925491299200982
abalone_point_1664,abalone,regression,8,0.548963698824655,nominal,0.674543556958705,0.676328456758846,0.131101758410275,0.112681643554655,0.108723151665218,0.0903750390483471,0.223911945355828
abalone_point_3067,abalone,regression,9,0.638366106251283,nominal,0.965984569192585,0.928243347155103,0.250641606670419,0.760126810955288,0.899395652478558,0.459852546799871,0.694448898596273
abalone_point_1213,abalone,regression,5,0.083584089028008,nominal,-2.28150099569922,-2.24588427183773,-1.78153581375203,-1.55028381791059,-1.48613761920613,-1.51981706263422,-1.55407119856799
abalone_point_1304,abalone,regression,9,0.243106334547991,nominal,0.0916615324909462,0.0213497417285791,-0.227517786370157,-0.232962311955289,-0.109781784456986,-0.333839877258958,-0.225073697049176
abalone_point_3637,abalone,regression,8,0.081623062808979,nominal,-1.1157369467637,-1.18784173217345,-1.18383657245131,-1.1302091581168,-1.01083306743515,-1.23244566771637,-1.15537194811234
abalone_point_1274,abalone,regression,8,0.388872542996853,nominal,-0.407951631338562,-0.280948126746929,-0.466597482890446,-0.79068279473977,-0.814854413387401,-0.840160906399934,-0.634548602922539
abalone_point_3107,abalone,regression,5,0.104947587691871,nominal,-1.86515669250796,-1.89320342528297,-1.78153581375203,-1.4381279621404,-1.35323255496685,-1.41034224552266,-1.48941726606167
abalone_point_3607,abalone,regression,7,0.17364537357212,nominal,-0.116510619104682,-0.33133110482618,-0.705677179410735,-0.50621476055902,-0.328286720579192,-0.57103531433401,-0.65250802861874
abalone_point_0926,abalone,regression,7,0.092485538004737,nominal,-0.782661504210693,-0.835160885618693,-0.944756875931023,-0.946681394129214,-0.909464798100108,-0.894898314955715,-0.961410150593383
abalone_point_3811,abalone,regression,8,0.175919085553763,nominal,0.00839267185269475,-0.0794162144299231,-0.347057634630302,-0.536802721223617,-0.522012746419497,-0.561912412908046,-0.458546231099778
abalone_point_2403,abalone,regression,16,0.227250627741858,anomaly,-0.699392643572442,-0.532863017143185,0.609261151450853,-0.802917979005609,-0.902706913477772,-0.689633032871536,-0.70997819084658
abalone_point_0058,abalone,regression,8,0.391380624157843,nominal,-0.449586061657688,-0.230565148667677,-0.107977938110013,-0.487861984160262,-0.3733392847281,-0.552789511482083,-0.494465082492178
abalone_point_1609,abalone,regression,9,0.189905489407706,nominal,0.174930393129198,-0.0794162144299231,-0.227517786370157,-0.291079437218022,-0.139065951153777,-0.320155525120012,-0.422627379707378
abalone_point_2042,abalone,regression,8,0.137019636734989,nominal,-1.65698454091233,-1.69167151296597,-1.66199596549189,-1.38001083687767,-1.36449569600408,-1.36928918910582,-1.32778243479587
abalone_point_1222,abalone,regression,5,0.462485443764882,nominal,-1.61535011059321,-2.04435235952073,-1.06429672419117,-1.36471685654537,-1.27213793949882,-1.35560483696687,-1.40321202271991
abalone_point_1033,abalone,regression,11,0.224613138565354,anomaly,1.04925342983084,1.12977525947211,1.68511978579215,1.73282396008947,1.38371071707932,1.16231595659906,1.58882829826704
abalone_point_3654,abalone,regression,9,0.302282852100193,nominal,0.0500271021718205,0.172498675966333,-0.227517786370157,-0.0973556863422428,0.140259946569454,0.181604053307983,-0.171195419960575
abalone_point_3750,abalone,regression,7,0.402239308344611,nominal,-0.782661504210693,-0.784777907539442,-1.06429672419117,-1.03742567743418,-1.0874224264883,-1.05454908991008,-0.832102285580741
abalone_point_2380,abalone,regression,10,0.840198893668282,anomaly,-1.36554352867845,-1.43975662256971,-1.18383657245131,-1.2484826060199,-1.18653806761589,-1.30999032983706,-1.1876989143655
abalone_point_1061,abalone,regression,7,0.132977023767651,nominal,-2.15659770474184,-2.14511831567923,-2.02061551027232,-1.51867625855717,-1.4546008243019,-1.48788690764335,-1.53611177287179
abalone_point_0860,abalone,regression,8,0.648698104289491,nominal,0.591274696320454,0.726711434838098,0.489721303190708,0.776440389976406,0.734953793335043,1.0528411394875,0.583100459279831
abalone_point_1526,abalone,regression,11,0.218002749779032,anomaly,1.46559773302209,1.48245610602687,1.44604008927186,2.09885988937581,1.66979449942489,1.69600569001793,2.55863728586185
abalone_point_3431,abalone,regression,6,0.092948056953274,nominal,-1.65698454091233,-1.69167151296597,-1.54245611723174,-1.38001083687767,-1.32620101647751,-1.36928918910582,-1.39243636730219
abalone_point_1996,abalone,regression,6,0.138511432551285,nominal,-1.69861897123146,-1.69167151296597,-1.66199596549189,-1.41875558705282,-1.3554851831743,-1.41490369623564,-1.42117144841611
abalone_point_2135,abalone,regression,8,0.5233000318483,nominal,-0.699392643572442,-0.784777907539442,-0.58613733115059,-0.873270288534182,-0.974791016116025,-0.616649821463828,-0.853653596416181
abalone_point_0692,abalone,regression,5,0.149805469921585,nominal,-2.23986656538009,-2.19550129375848,-1.54245611723174,-1.51357826511307,-1.46361133713168,-1.46051820336546,-1.53611177287179
abalone_point_1448,abalone,regression,8,0.278794665473559,nominal,-0.699392643572442,-0.885543863697944,-0.466597482890446,-0.759075235386354,-0.522012746419497,-0.808230751409062,-0.979369576289583
abalone_point_0223,abalone,regression,9,0.694875281742367,nominal,-0.283048340381185,-0.33133110482618,0.250641606670419,-0.516410747447219,-0.627886272169431,-0.333839877258958,-0.350789676922577
abalone_point_2257,abalone,regression,8,0.387574775142957,nominal,-0.033241758466431,-0.280948126746929,-0.107977938110013,-0.502136365803741,-0.490475951515261,-0.219803609434413,-0.458546231099778
abalone_point_2692,abalone,regression,9,0.578361487533638,nominal,1.00761899951171,1.12977525947211,0.967880696231285,0.93039979198821,0.982742896154038,1.56372361934146,0.561549148444391
abalone_point_1300,abalone,regression,9,0.464405620845705,nominal,0.0500271021718205,0.0717327198078305,-0.705677179410735,-0.518449944824859,-0.48146543868548,-0.52085935649121,-0.357973447201057
abalone_point_2609,abalone,regression,8,0.623599464209808,nominal,0.841081278235208,0.8274773909966,0.848340847971141,0.568442257457147,0.401564818633122,0.327570476123399,0.866859385279794
abalone_point_1433,abalone,regression,5,0.163430353243554,nominal,-1.32390909835933,-1.54052257872821,-1.4229162689716,-1.28518815881742,-1.26538005487648,-1.33279758340197,-1.33496620507435
abalone_point_0820,abalone,regression,7,0.23679908606552,nominal,-1.36554352867845,-1.08707577601495,-1.30337642071146,-1.13938554631617,-1.08516979828085,-1.06367199133604,-1.18051514408702
abalone_point_1302,abalone,regression,9,0.239494717592825,nominal,0.0916615324909462,-0.0794162144299231,-0.107977938110013,-0.461352418250945,-0.314770951334519,-0.543666610056119,-0.609405406947859
abalone_point_0239,abalone,regression,3,0.478685535006173,nominal,-3.44726504463474,-3.20316085534351,-2.61831475157304,-1.6736552592578,-1.60777954240819,-1.62929187974578,-1.69415471899835
abalone_point_1058,abalone,regression,4,0.107465861899888,nominal,-2.48967314729485,-2.44741618415474,-2.02061551027232,-1.56965619299817,-1.49740076024336,-1.53350141477316,-1.60794947565659
abalone_point_2822,abalone,regression,7,0.064883733380001,nominal,-1.1157369467637,-1.18784173217345,-1.18383657245131,-1.15467952664847,-1.09192768290319,-1.15490100559568,-1.16255571839082
abalone_point_4063,abalone,regression,9,0.532944040428822,nominal,0.882715708554334,0.8274773909966,0.250641606670419,0.747891626689449,1.01427969105827,0.697047983874923,0.43942505371023
abalone_point_3423,abalone,regression,9,0.603143314588621,nominal,0.716177987277831,0.625945478679595,0.370181454930564,0.415502454134164,0.620069754755327,0.336693377549363,0.284973992722909
abalone_point_1097,abalone,regression,7,0.207434487704921,nominal,-0.407951631338562,-0.583245995222437,-0.944756875931023,-0.763153630141633,-0.643654669621549,-0.634895624315755,-0.889572447808582
abalone_point_1285,abalone,regression,9,0.662198978566972,nominal,-0.199779479742934,0.0213497417285791,0.0115619101501313,-0.341039772970197,-0.454433900196135,-0.165066200878632,-0.307687055251696
abalone_point_3726,abalone,regression,9,0.490482132956987,nominal,-0.24141391006206,-0.33133110482618,0.370181454930564,0.300287802297516,0.408322703255458,0.437045293234962,0.0622771140900268
abalone_point_2880,abalone,regression,8,0.458340725898311,nominal,-0.449586061657688,-0.230565148667677,-0.227517786370157,-0.492959977604362,-0.429654989914235,-0.580158215759973,-0.465730001378258
abalone_point_2018,abalone,regression,12,0.633459049522439,anomaly,-0.158145049423808,-0.129799192509174,-0.107977938110013,-0.483783589404982,-0.321528835956855,-0.447876145083502,-0.386708528314977
abalone_point_1003,abalone,regression,9,0.554210616877291,nominal,0.591274696320454,0.525179522521093,0.0115619101501313,0.358404927560249,0.478154177686266,0.263710166141654,0.0910121952039471
abalone_point_3071,abalone,regression,9,0.649691517561825,nominal,1.09088786014996,0.8274773909966,0.489721303190708,0.765224804399387,0.838574690877532,0.738101040291759,0.601059884976032
abalone_point_3534,abalone,regression,6,0.359804817055937,nominal,-1.03246808612545,-0.986309819856447,-0.58613733115059,-1.04966086170002,-0.92298056734478,-1.10472504775288,-1.09071801560602
abalone_point_1085,abalone,regression,7,0.220782466978541,nominal,-0.657758213253316,-0.633628973301688,-0.825217027670879,-0.855937110824244,-0.8644122339512,-0.721563187862408,-0.875204907251622
abalone_point_2812,abalone,regression,9,0.595389905162737,nominal,1.67376988461772,1.63360504026462,1.20696039275157,3.06238065031061,4.02604360441279,3.28795198884857,2.01985451497584
abalone_point_4126,abalone,regression,9,0.249873379970999,nominal,0.133295962810072,0.0717327198078305,-0.107977938110013,-0.244177897532308,-0.179613258887794,-0.0601528344800515,-0.386708528314977
abalone_point_3847,abalone,regression,6,0.103545646619735,nominal,-1.2822746680402,-1.33899066641121,-1.30337642071146,-1.27295297455158,-1.18653806761589,-1.13665520274375,-1.14100440755538
abalone_point_1780,abalone,regression,9,0.553426058544028,nominal,-0.199779479742934,-0.381714082905431,0.250641606670419,0.474639178085718,0.606553985510655,0.386869335392162,0.41068997259631
abalone_point_3405,abalone,regression,8,0.367486327732548,nominal,-1.2822746680402,-1.28860768833195,-0.825217027670879,-1.2331886256876,-1.25186428563181,-1.1229708506048,-1.17692325894778
abalone_point_3303,abalone,regression,15,0.221376513789944,anomaly,1.54886659366034,1.68398801834387,0.848340847971141,1.48098308395095,1.29360558878151,1.73249729572178,2.01985451497584
abalone_point_1465,abalone,regression,9,0.3241291075293,nominal,-0.158145049423808,-0.280948126746929,-0.107977938110013,-0.292099035906842,0.00735488233017484,-0.219803609434413,-0.559119014998499
abalone_point_0701,abalone,regression,12,0.649361911899409,anomaly,-1.15737137708282,-1.2382247102527,-0.825217027670879,-1.09758200007456,-1.07165402903618,-1.02261893491921,-1.08712613046678
abalone_point_0514,abalone,regression,6,0.103291507489405,nominal,-1.78188783186971,-1.89320342528297,-1.30337642071146,-1.39224602114351,-1.34422204213707,-1.31455178055004,-1.39243636730219
abalone_point_2453,abalone,regression,9,0.51326890206463,nominal,-1.07410251644457,-1.0366927979357,-0.825217027670879,-1.1149151777845,-1.17978018299356,-1.05454908991008,-1.0260640830997
abalone_point_0387,abalone,regression,12,0.250016277006482,anomaly,0.133295962810072,0.122115697887082,0.370181454930564,-0.184021574891934,-0.035445053611288,-0.260856665851249,-0.171195419960575
abalone_point_1121,abalone,regression,7,0.475133873150377,nominal,0.174930393129198,-0.180182170588426,-0.107977938110013,-0.0922576928981434,0.284428151845961,0.00826892621467509,-0.595037866390899
abalone_point_1660,abalone,regression,10,0.16807902182868,anomaly,0.63290912663958,0.726711434838098,0.967880696231285,0.480756770218637,0.406070075048013,0.592134617476342,0.619019310672232
abalone_point_1273,abalone,regression,8,0.258687930784569,nominal,-0.407951631338562,-0.532863017143185,-0.944756875931023,-0.663232958637284,-0.476960182270589,-0.817353652835025,-0.70997819084658
abalone_point_1291,abalone,regression,7,0.16471916055395,nominal,-0.0748761887855567,-0.280948126746929,-0.466597482890446,-0.41547047725405,-0.148076463983558,-0.466121947935429,-0.566302785276979
abalone_point_1989,abalone,regression,5,0.134281087976986,nominal,-2.61457643825222,-2.59856511839249,-2.02061551027232,-1.59514616021867,-1.54245332439227,-1.53806286548615,-1.60794947565659
abalone_point_0816,abalone,regression,7,0.132074828038557,nominal,-1.65698454091233,-1.59090555680746,-1.4229162689716,-1.33616809325841,-1.27439056770626,-1.33279758340197,-1.36370128618827
abalone_point_1811,abalone,regression,9,0.49132068093547,nominal,1.00761899951171,0.928243347155103,0.489721303190708,1.12718233893045,1.40848962736122,1.32652818226641,0.547181607887431
abalone_point_2585,abalone,regression,9,0.314515709660148,nominal,0.133295962810072,0.273264632124836,0.0115619101501313,-0.192178364402493,-0.132308066531441,-0.192434905156523,-0.185562960517535
abalone_point_0045,abalone,regression,4,0.116885846396487,nominal,-2.61457643825222,-2.59856511839249,-2.14015535853247,-1.60432254841805,-1.54020069618482,-1.53350141477316,-1.60794947565659
abalone_point_0298,abalone,regression,4,0.14744382578784,nominal,-2.03169441378446,-1.99396938144147,-1.30337642071146,-1.47279431756028,-1.44333768326467,-1.37841209053178,-1.50019292147939
abalone_point_3723,abalone,regression,9,0.554732713087487,nominal,-0.491220491976813,-0.482480039063934,-0.825217027670879,-0.768251623585733,-0.627886272169431,-0.196996355869505,-0.972185806011103
abalone_point_3345,abalone,regression,13,0.272820245587133,anomaly,-0.24141391006206,-0.280948126746929,0.131101758410275,-0.639782188794426,-0.830622810839518,-0.753493342853281,-0.192746730796016
abalone_point_1189,abalone,regression,9,0.614225178543052,nominal,1.38232887238384,1.33130717178911,0.370181454930564,1.27502414880933,1.19223731944646,1.18512321016397,1.08596437877344
abalone_point_1615,abalone,regression,8,0.479607099478495,nominal,0.216564823448323,0.0717327198078305,0.131101758410275,-0.096336087653423,0.0614179593088648,-0.187873454443541,-0.124500913150455
abalone_point_2879,abalone,regression,8,0.208315298710948,nominal,-0.491220491976813,-0.583245995222437,-0.705677179410735,-0.856956709513063,-0.875675374988427,-0.717001737149426,-0.774632123352901
abalone_point_4037,abalone,regression,8,0.20418022353996,nominal,0.133295962810072,0.122115697887082,0.0115619101501313,-0.180962778825474,0.000596997707838596,-0.196996355869505,-0.289727629555496
abalone_point_2652,abalone,regression,8,0.449658185488014,nominal,-0.116510619104682,-0.230565148667677,0.250641606670419,-0.41547047725405,-0.224665823036703,-0.561912412908046,-0.476505656795978
abalone_point_1677,abalone,regression,10,0.445001335252996,anomaly,0.757812417596957,0.625945478679595,0.489721303190708,0.384914493469567,0.511943600797947,0.537397208920561,0.295749648140629
abalone_point_2575,abalone,regression,8,0.250264039780034,nominal,-0.366317201019437,-0.381714082905431,-0.944756875931023,-0.642840984860886,-0.524265374626942,-0.721563187862408,-0.74589704223898
abalone_point_2294,abalone,regression,6,0.234297246410544,nominal,-1.53208124995496,-1.49013960064896,-1.18383657245131,-1.32495250768139,-1.27664319591371,-1.16858535773462,-1.32059866451739
abalone_point_3676,abalone,regression,10,0.190142001762662,anomaly,0.63290912663958,0.625945478679595,0.489721303190708,0.373698907892548,0.367775395521441,0.190726954733946,0.47534390510263
abalone_point_2666,abalone,regression,8,0.58915193720039,nominal,0.424736975043951,0.726711434838098,0.250641606670419,0.139191209463972,0.288933408260851,0.0903750390483471,0.0658689992292668
abalone_point_0828,abalone,regression,6,0.201613749642733,nominal,-1.03246808612545,-0.986309819856447,-0.944756875931023,-1.06597444072114,-1.03335934950961,-1.1001635970399,-1.04043162365666
abalone_point_0265,abalone,regression,6,0.133611303199755,nominal,-2.11496327442271,-2.09473533759998,-1.4229162689716,-1.44424555427332,-1.40954826015299,-1.39209644267073,-1.42835521869459
abalone_point_1216,abalone,regression,5,0.12385523833816,nominal,-1.82352226218884,-1.94358640336222,-1.78153581375203,-1.47075512018264,-1.42081140119022,-1.46051820336546,-1.44272275925155
abalone_point_2509,abalone,regression,6,0.163580892703414,nominal,-0.907564795168071,-0.935926841777196,-0.825217027670879,-1.01703370365779,-0.986054157153252,-1.00437313206728,-1.03324785337818
abalone_point_1641,abalone,regression,8,0.636691259727454,nominal,0.424736975043951,0.273264632124836,0.250641606670419,0.411424059378884,0.455627895611812,0.341254828262344,0.870451270419034
abalone_point_0064,abalone,regression,7,0.096353699811235,nominal,-0.824295934529819,-0.835160885618693,-1.06429672419117,-0.918132630842257,-0.850896464706527,-0.917705568520624,-0.997329001985783
abalone_point_3610,abalone,regression,9,0.480517979694513,nominal,0.258199253767449,-0.0290332363506717,-0.466597482890446,0.171818367506209,0.44661738278203,0.140550996891147,-0.232257467327656
abalone_point_0818,abalone,regression,6,0.220102050099962,nominal,-1.4488123893167,-1.38937364449046,-1.18383657245131,-1.27091377717394,-1.2811484523286,-1.1229708506048,-1.27031227256803
abalone_point_3066,abalone,regression,11,0.340626403914538,anomaly,0.965984569192585,0.777094412917349,0.131101758410275,0.621461389275782,0.870111485781768,0.63774912460616,0.45020070912795
abalone_point_1172,abalone,regression,8,0.627979010851687,nominal,0.841081278235208,0.726711434838098,1.08742054449143,0.770322797843486,1.0255428320955,0.998103730931719,0.338852269811509
abalone_point_1287,abalone,regression,9,0.528836583600519,nominal,-0.199779479742934,-0.129799192509174,0.0115619101501313,-0.422607668075789,-0.301255182089847,-0.548228060769101,-0.314870825530177
abalone_point_1552,abalone,regression,7,0.112481597544016,nominal,-1.1157369467637,-1.08707577601495,-1.18383657245131,-1.17609109911369,-1.13923287525954,-1.16402390702164,-1.14100440755538
abalone_point_3417,abalone,regression,7,0.285599927186465,nominal,0.299833684086575,0.42441356636259,0.0115619101501313,0.145308801596892,0.507438344383056,0.0128303769276569,-0.149644109125135
abalone_point_0524,abalone,regression,5,0.176754303407764,nominal,-2.69784529889047,-2.69933107455099,-2.02061551027232,-1.61859693006152,-1.5537164654295,-1.57455447119,-1.64386832704899
abalone_point_3602,abalone,regression,8,0.130841560848517,nominal,-1.2822746680402,-1.2382247102527,-1.06429672419117,-1.22911023093232,-1.1076960803553,-1.17770825916059,-1.23080153603638
abalone_point_0413,abalone,regression,11,0.226115195526953,anomaly,0.466371405363077,0.525179522521093,-0.466597482890446,0.335973756406212,0.464638408441594,0.528274307494597,0.295749648140629
abalone_point_1096,abalone,regression,6,0.100268105151688,nominal,-0.407951631338562,-0.583245995222437,-0.705677179410735,-0.759075235386354,-0.690959861977903,-0.744370441427317,-0.781815893631381
abalone_point_0077,abalone,regression,9,0.616808795602864,nominal,0.591274696320454,0.676328456758846,0.0115619101501313,0.235033486213042,0.0141127669525111,0.0766906869094017,0.547181607887431
abalone_point_2680,abalone,regression,9,0.467840637032527,nominal,0.757812417596957,0.625945478679595,0.370181454930564,0.520521119082613,1.03230071671784,0.259148715428672,0.0515014586723067
abalone_point_0329,abalone,regression,8,0.551407735252745,nominal,-1.36554352867845,-1.1374587540942,-0.825217027670879,-1.19852227026773,-1.22933800355736,-1.16402390702164,-1.03324785337818
abalone_point_3440,abalone,regression,8,0.300422237662574,nominal,-0.699392643572442,-0.583245995222437,-0.347057634630302,-0.760094834075174,-0.67293883631834,-0.776300596418189,-0.774632123352901
abalone_point_1762,abalone,regression,12,0.230440028061364,anomaly,1.88194203621335,1.88551993066088,1.56557993753201,2.83806893877023,3.26015001388135,2.19320381773294,2.81006924560865
abalone_point_1549,abalone,regression,8,0.101435618643328,nominal,-1.15737137708282,-1.18784173217345,-1.18383657245131,-1.20769865846711,-1.16851704195633,-1.18683116058655,-1.1697394886693
abalone_point_0943,abalone,regression,7,0.147116641766798,nominal,-0.491220491976813,-0.381714082905431,-0.58613733115059,-0.60103743861927,-0.443170759158907,-0.753493342853281,-0.68842688001114
abalone_point_0297,abalone,regression,6,0.066581094505881,nominal,-2.07332884410359,-2.04435235952073,-1.54245611723174,-1.46463752804972,-1.41630614477533,-1.38753499195775,-1.46427407008699
abalone_point_2774,abalone,regression,11,0.490119059372016,anomaly,0.466371405363077,0.575562500600344,0.131101758410275,0.321699374762733,0.498427831553275,0.318447574697436,0.080236539786227
abalone_point_1071,abalone,regression,6,0.191106229218173,nominal,-1.24064023772108,-1.33899066641121,-0.944756875931023,-1.21585544797767,-1.09418031111063,-1.26437582270724,-1.24876096173258
abalone_point_3760,abalone,regression,9,0.769345575779432,nominal,0.0500271021718205,0.172498675966333,0.370181454930564,-0.0779833112546649,-0.23592896407393,-0.0875215387579419,0.148482357431788
abalone_point_0056,abalone,regression,8,0.740162202698579,nominal,-0.199779479742934,-0.0794162144299231,0.0115619101501313,-0.341039772970197,-0.463444413025916,-0.0464684823411062,-0.135276568568175
abalone_point_1482,abalone,regression,9,0.373784315266797,nominal,0.466371405363077,0.273264632124836,0.0115619101501313,0.2533862626118,0.520954113627729,0.327570476123399,-0.210706156492216
abalone_point_0908,abalone,regression,6,0.267165738378974,nominal,-1.61535011059321,-1.43975662256971,-1.30337642071146,-1.29028615226152,-1.26988531129137,-1.36928918910582,-1.39602825244143
abalone_point_2208,abalone,regression,8,0.409279929953047,nominal,-0.865930364848945,-0.684011951380939,-0.58613733115059,-0.830447143603746,-0.830622810839518,-0.799107849983098,-0.74589704223898
abalone_point_0011,abalone,regression,14,0.201805283386322,anomaly,0.00839267185269475,-0.280948126746929,0.0115619101501313,-0.453195628740386,-0.745022938956593,-0.301909722268085,-0.207114271352976
abalone_point_2232,abalone,regression,9,0.688419292339222,nominal,-0.158145049423808,-0.0794162144299231,0.609261151450853,-0.203393949979512,-0.413886592462117,-0.233487961573359,0.080236539786227
abalone_point_0774,abalone,regression,9,0.59818367923206,nominal,-0.574489352615065,-0.684011951380939,-0.107977938110013,-0.747859649809335,-0.8644122339512,-0.206119257295468,-0.853653596416181
abalone_point_1103,abalone,regression,6,0.176331986966625,nominal,-0.199779479742934,-0.180182170588426,-0.347057634630302,-0.626527405839768,-0.499486464345043,-0.580158215759973,-0.774632123352901
abalone_point_0942,abalone,regression,7,0.168508332024888,nominal,-0.491220491976813,-0.432097060984683,-0.58613733115059,-0.737663662921136,-0.576075823398187,-0.80366930069608,-0.903939988365542
abalone_point_3706,abalone,regression,9,0.660870604482607,nominal,1.21579115110734,1.33130717178911,1.44604008927186,1.28725933307517,1.28008981953683,1.34477398511833,1.27633429115316
abalone_point_3970,abalone,regression,6,0.112750343056581,nominal,-1.19900580740195,-1.08707577601495,-1.18383657245131,-1.1251111646727,-0.873422746780981,-1.07735634347499,-1.12663686699842
abalone_point_3812,abalone,regression,9,0.42684901899481,nominal,0.258199253767449,0.374030588283339,-0.227517786370157,0.0688388999353999,0.284428151845961,-0.233487961573359,0.00839883700142625
abalone_point_3814,abalone,regression,8,0.174277917476336,nominal,-1.4488123893167,-1.49013960064896,-1.06429672419117,-1.23930621782052,-1.17527492657867,-1.25525292128128,-1.21284211034018
abalone_point_0793,abalone,regression,9,0.548174288096568,nominal,-0.449586061657688,-0.381714082905431,0.967880696231285,-0.649978175682625,-0.75628607999382,-0.475244849361393,-0.548343359580779
abalone_point_2300,abalone,regression,8,0.15923339657844,nominal,-0.24141391006206,-0.230565148667677,-0.347057634630302,-0.497038372359641,-0.37784454114299,-0.52085935649121,-0.530383933884578
abalone_point_1089,abalone,regression,6,0.130910760144468,nominal,-0.61612378293419,-0.684011951380939,-0.466597482890446,-0.685664129791321,-0.533275887456724,-0.666825779306627,-0.853653596416181
abalone_point_3954,abalone,regression,8,0.502829047160819,nominal,-0.491220491976813,-0.532863017143185,-0.466597482890446,-0.50621476055902,-0.470202297648252,-0.812792202122044,-0.393892298593457
abalone_point_2239,abalone,regression,8,0.135081013968016,nominal,-0.532854922295939,-0.73439492946019,-0.705677179410735,-0.784565202606851,-0.605359990094977,-0.967881526363424,-0.925491299200982
abalone_point_2425,abalone,regression,6,0.078651440247051,nominal,-2.19823213506097,-2.09473533759998,-1.78153581375203,-1.4942058900255,-1.42081140119022,-1.40121934409669,-1.50019292147939
abalone_point_2592,abalone,regression,8,0.256220837175603,nominal,0.508005835682202,0.42441356636259,0.489721303190708,0.154485189796271,0.205586164585371,0.373184983253217,-0.038295669808694
abalone_point_1146,abalone,regression,9,0.595863197596062,nominal,0.466371405363077,0.474796544441841,1.32650024101172,2.10089908675345,2.63842462862642,2.23881832486276,1.45233666297592
abalone_point_2126,abalone,regression,8,0.375558809701781,nominal,-0.449586061657688,-0.33133110482618,-0.58613733115059,-0.820251156715547,-0.859906977536309,-0.95875862493746,-0.638140488061779
abalone_point_1106,abalone,regression,6,0.182253622902462,nominal,-0.116510619104682,-0.0794162144299231,-0.347057634630302,-0.578606267465232,-0.443170759158907,-0.5984040186119,-0.7207538462643
abalone_point_2046,abalone,regression,8,0.061260928461121,nominal,-0.990833655806321,-0.986309819856447,-1.18383657245131,-1.0537392564553,-0.997317298190479,-1.1001635970399,-1.09071801560602
abalone_point_1905,abalone,regression,9,0.612899240940827,nominal,0.424736975043951,0.575562500600344,0.848340847971141,0.551109079747209,0.514196229005393,0.195288405446928,0.798613567634233
abalone_point_1124,abalone,regression,8,0.281577235490495,nominal,0.216564823448323,0.0717327198078305,-0.107977938110013,-0.02904257419131,0.304701805712969,0.0447605319185293,-0.458546231099778
abalone_point_3433,abalone,regression,6,0.104649403670152,nominal,-1.36554352867845,-1.38937364449046,-1.18383657245131,-1.2433846125758,-1.182032811201,-1.27806017484618,-1.24876096173258
abalone_point_2608,abalone,regression,9,0.760151726981907,nominal,0.841081278235208,0.8274773909966,0.609261151450853,0.608206606321123,0.52996462645751,0.51002850464267,0.572324803862111
abalone_point_3106,abalone,regression,5,0.134913639714143,nominal,-1.94842555314621,-1.94358640336222,-1.90107566201218,-1.46259833067208,-1.3802640934562,-1.47876400621738,-1.48582538092243
abalone_point_1349,abalone,regression,9,0.586472594461831,nominal,0.549640266001328,0.625945478679595,0.967880696231285,0.730558448979511,1.07735328086675,0.423360941096016,0.511262756495031
abalone_point_0688,abalone,regression,16,0.221868175789724,anomaly,0.0916615324909462,-0.0290332363506717,-0.347057634630302,0.200367130793166,-0.447676015573798,-0.347524229397903,0.762694716241833
abalone_point_1045,abalone,regression,8,0.611907611342775,nominal,1.38232887238384,1.18015823755136,0.848340847971141,1.77768630239754,2.10004648704696,1.65495263360109,1.19372093295064
abalone_point_3026,abalone,regression,7,0.467216291067866,nominal,-0.24141391006206,-0.784777907539442,-0.944756875931023,-0.79272199211741,-0.821612298009737,-0.780862047131171,-0.638140488061779
abalone_point_2512,abalone,regression,6,0.174116616488114,nominal,-0.824295934529819,-0.986309819856447,-0.825217027670879,-0.945661795440394,-0.902706913477772,-0.894898314955715,-0.961410150593383
abalone_point_3309,abalone,regression,5,0.115488026832242,nominal,-2.07332884410359,-2.09473533759998,-1.4229162689716,-1.48808829789258,-1.45234819609445,-1.42858804837458,-1.50019292147939
abalone_point_3571,abalone,regression,9,0.57908442866451,nominal,0.466371405363077,0.625945478679595,0.609261151450853,0.432835631844102,0.813795780595633,-0.13313604588776,0.288565877862149
abalone_point_1559,abalone,regression,7,0.322084386142838,nominal,-0.824295934529819,-0.935926841777196,-1.4229162689716,-1.07209203285406,-1.02885409309471,-1.11384794917884,-1.03324785337818
abalone_point_1417,abalone,regression,12,0.231487739303438,anomaly,1.46559773302209,1.38169014986837,-0.227517786370157,1.48302228132859,1.41074225556867,1.76442745071266,-0.314870825530177
abalone_point_4080,abalone,regression,8,0.319987906625671,nominal,0.216564823448323,-0.230565148667677,-0.227517786370157,-0.206452746045971,-0.0737397331378598,-0.165066200878632,-0.350789676922577
abalone_point_2633,abalone,regression,8,0.100958556979002,nominal,-0.907564795168071,-0.935926841777196,-0.944756875931023,-0.946681394129214,-0.823864926217182,-0.922267019233606,-1.03324785337818
abalone_point_0530,abalone,regression,9,0.319012458458159,nominal,-1.15737137708282,-1.08707577601495,-1.06429672419117,-1.20056146764537,-1.22032749072757,-1.10928649846586,-1.10508555616298
abalone_point_3761,abalone,regression,9,0.515719593728174,nominal,0.0500271021718205,0.172498675966333,-0.227517786370157,-0.258452279175786,-0.278728900015393,-0.374892933675794,-0.135276568568175
abalone_point_1140,abalone,regression,9,0.471804316147141,nominal,0.424736975043951,0.625945478679595,0.609261151450853,0.0820936828900584,0.340743857032096,0.14967389831711,-0.00596870355553389
abalone_point_2904,abalone,regression,8,0.325103426137194,nominal,0.424736975043951,0.172498675966333,0.250641606670419,0.0973876632223567,0.430848985329912,-0.00541542592427023,-0.0778064063403344
abalone_point_2632,abalone,regression,6,0.357082749711374,nominal,-1.24064023772108,-1.18784173217345,-0.944756875931023,-1.2433846125758,-1.20230646506801,-1.30086742841109,-1.17692325894778
abalone_point_3856,abalone,regression,8,0.413168376932486,nominal,-0.949199225487196,-0.73439492946019,-0.58613733115059,-0.79170239342859,-0.763043964616156,-0.872091061390807,-0.74589704223898
abalone_point_0901,abalone,regression,4,0.120622434261052,nominal,-1.86515669250796,-1.74205449104522,-1.4229162689716,-1.4228339818081,-1.39377986270087,-1.40578079480967,-1.40680390785915
abalone_point_1480,abalone,regression,8,0.454621678285989,nominal,0.424736975043951,0.525179522521093,0.609261151450853,0.176916360950308,0.185312510718363,0.601257518902305,-0.00237681841629385
abalone_point_2131,abalone,regression,9,0.632958444157301,nominal,0.508005835682202,0.474796544441841,0.0115619101501313,0.288052618031677,0.462385780234148,0.0401990812055475,0.40350620231783
abalone_point_2772,abalone,regression,9,0.28781416794793,nominal,0.424736975043951,0.273264632124836,0.370181454930564,0.140210808152792,0.234870331282161,0.473536898938816,-0.0634388657833743
abalone_point_2168,abalone,regression,5,0.067026958112874,nominal,-1.2822746680402,-1.33899066641121,-1.30337642071146,-1.19954186895655,-1.15049601629677,-1.15946245630866,-1.21284211034018
abalone_point_4112,abalone,regression,8,0.244011056225661,nominal,-0.0748761887855567,-0.0794162144299231,0.0115619101501313,-0.228883917200009,-0.0444555664410697,-0.192434905156523,-0.433403035125098
abalone_point_2672,abalone,regression,8,0.488325672439109,nominal,0.549640266001328,0.525179522521093,0.489721303190708,0.372679309203728,0.385796421181004,0.738101040291759,0.126931046596347
abalone_point_0896,abalone,regression,6,0.223719303189497,nominal,-2.23986656538009,-2.19550129375848,-2.14015535853247,-1.52071545593481,-1.48613761920613,-1.45139530193949,-1.52174423231483
abalone_point_2079,abalone,regression,8,0.624125019958845,nominal,0.716177987277831,0.726711434838098,0.609261151450853,0.845773100816159,0.892637767856222,0.79283844884754,0.956656513760795
abalone_point_2884,abalone,regression,8,0.151300254727517,nominal,-0.199779479742934,-0.381714082905431,-0.466597482890446,-0.579625866154052,-0.497233836137597,-0.675948680732591,-0.623772947504819
abalone_point_0201,abalone,regression,9,0.327346869149267,nominal,-0.61612378293419,-0.633628973301688,-0.466597482890446,-0.840643130491945,-0.873422746780981,-0.780862047131171,-0.74589704223898
abalone_point_2173,abalone,regression,5,0.384258894743663,nominal,-2.5729420079331,-2.59856511839249,-2.61831475157304,-1.61145973923978,-1.56723223467417,-1.60192317546789,-1.64386832704899
abalone_point_2027,abalone,regression,9,0.564157216281169,nominal,0.299833684086575,0.0213497417285791,0.489721303190708,-0.0147681925478315,-0.0782449895527507,0.031076179779584,0.101787850621667
abalone_point_2125,abalone,regression,7,0.314065452104457,nominal,-1.15737137708282,-1.1374587540942,-1.06429672419117,-1.00683771676959,-0.956769990456461,-0.789984948557135,-1.06916670477058
abalone_point_2004,abalone,regression,6,0.081377511354481,nominal,-1.24064023772108,-1.28860768833195,-1.4229162689716,-1.22911023093232,-1.14599075988188,-1.21876131557742,-1.24876096173258
abalone_point_1166,abalone,regression,9,0.488230526381364,nominal,0.757812417596957,0.575562500600344,0.250641606670419,0.192210341282607,0.460133152026703,0.0173918276406386,0.0191744924191464
abalone_point_1086,abalone,regression,7,0.621764007913625,nominal,-0.657758213253316,-0.684011951380939,0.131101758410275,-0.804957176383249,-0.742770310749147,-0.821915103548007,-0.781815893631381
abalone_point_0052,abalone,regression,7,0.203057365973016,nominal,-1.03246808612545,-0.885543863697944,-1.06429672419117,-1.07209203285406,-1.01759095205749,-1.1001635970399,-0.997329001985783
abalone_point_0089,abalone,regression,9,0.572359694114605,nominal,-0.532854922295939,-0.532863017143185,-0.227517786370157,-0.635703794039147,-0.625633643961986,-0.607526920037864,-0.530383933884578
abalone_point_1214,abalone,regression,5,0.08033762170075,nominal,-2.28150099569922,-2.19550129375848,-1.78153581375203,-1.51969585724599,-1.44333768326467,-1.51069416120825,-1.53611177287179
abalone_point_3716,abalone,regression,11,0.233438731778388,anomaly,2.1317486181281,1.93590290874013,1.68511978579215,3.50590607994726,3.76248610414168,3.59356918661835,3.12974702300101
abalone_point_0748,abalone,regression,9,0.658091118061539,nominal,-0.033241758466431,-0.230565148667677,0.0115619101501313,-0.345118167725477,-0.499486464345043,0.208972757585873,-0.566302785276979
abalone_point_4117,abalone,regression,9,0.509124707804582,nominal,0.841081278235208,0.726711434838098,0.489721303190708,0.841694706060879,1.3431634093453,0.747223941717722,0.284973992722909
abalone_point_2646,abalone,regression,8,0.166582298411807,nominal,-0.283048340381185,-0.280948126746929,-0.705677179410735,-0.560253491066474,-0.296749925674956,-0.730686089288372,-0.638140488061779
abalone_point_1459,abalone,regression,7,0.182230697668399,nominal,-0.366317201019437,-0.482480039063934,-0.347057634630302,-0.584723859598152,-0.359823515483427,-0.712440286436445,-0.65969179889722
abalone_point_1608,abalone,regression,8,0.214030847736148,nominal,0.133295962810072,0.172498675966333,-0.107977938110013,-0.291079437218022,-0.0534660792708513,-0.238049412286341,-0.185562960517535
abalone_point_2213,abalone,regression,13,0.231516836679084,anomaly,0.591274696320454,0.877860369075852,2.28281902709287,1.09557477957703,0.66286969069679,0.350377729688308,2.01985451497584
abalone_point_4003,abalone,regression,8,0.282971760854176,nominal,-0.324682770700311,-0.33133110482618,-0.347057634630302,-0.543939912045356,-0.490475951515261,-0.420507440805611,-0.620181062365579
abalone_point_2150,abalone,regression,7,0.077135843529613,nominal,-2.11496327442271,-2.14511831567923,-1.66199596549189,-1.4738139162491,-1.40954826015299,-1.48332545693036,-1.45709029980851
abalone_point_1202,abalone,regression,8,0.594536326720489,nominal,1.6321354542986,1.58322206218537,0.131101758410275,0.730558448979511,1.49408949924415,0.126866644752201,0.213136289938108
abalone_point_3444,abalone,regression,7,0.294088737861581,nominal,-0.324682770700311,-0.381714082905431,-0.944756875931023,-0.643860583549706,-0.632391528584322,-0.666825779306627,-0.781815893631381
abalone_point_1910,abalone,regression,9,0.588720042240939,nominal,0.466371405363077,0.42441356636259,1.32650024101172,-0.00457220565963251,0.198828279963035,-0.0692757359060151,-0.0993577171757746
abalone_point_3972,abalone,regression,6,0.122765774964795,nominal,-1.03246808612545,-1.1374587540942,-1.06429672419117,-1.17609109911369,-1.12121184959998,-1.1229708506048,-1.2415771914541
abalone_point_2815,abalone,regression,4,0.149991306219335,nominal,-2.07332884410359,-2.09473533759998,-2.02061551027232,-1.50134308084724,-1.44784293967956,-1.45595675265247,-1.52892800259331
abalone_point_2697,abalone,regression,9,0.631629429103096,nominal,1.04925342983084,0.8274773909966,0.370181454930564,0.598010619432925,0.836322062670087,0.43248384252198,0.47893579024187
abalone_point_1908,abalone,regression,9,0.346411256366427,nominal,0.424736975043951,0.222881654045585,0.370181454930564,-0.067787324366466,-0.0489608228559605,0.108620841900274,-0.135276568568175
abalone_point_1153,abalone,regression,8,0.388034249337582,nominal,0.549640266001328,0.625945478679595,0.250641606670419,0.340052151161492,0.547985652117074,0.468975448225834,0.00839883700142625
abalone_point_3269,abalone,regression,11,0.409391694393855,anomaly,-0.949199225487196,-0.986309819856447,-0.347057634630302,-0.956877381017413,-0.981548900738361,-0.840160906399934,-0.889572447808582
abalone_point_1627,abalone,regression,8,0.498593751379244,nominal,0.383102544724825,0.42441356636259,-0.107977938110013,-0.0983752850310628,-0.112034412664432,0.0401990812055475,-0.207114271352976
abalone_point_1556,abalone,regression,8,0.0717780972108381,nominal,-0.949199225487196,-1.08707577601495,-1.18383657245131,-1.11899357253978,-0.983801528945807,-1.1229708506048,-1.17692325894778
abalone_point_1478,abalone,regression,8,0.338878247715609,nominal,0.383102544724825,0.374030588283339,0.250641606670419,0.323738572140373,0.651606549659563,0.240902912576745,0.0730527695077469
abalone_point_3650,abalone,regression,9,0.54144519316754,nominal,-0.0748761887855567,-0.0290332363506717,-0.227517786370157,-0.521508740891319,-0.659423067073667,-0.425068891518593,-0.314870825530177
abalone_point_2829,abalone,regression,9,0.558797769292519,nominal,-0.033241758466431,-0.0794162144299231,-0.825217027670879,0.0882112750229778,0.415080587877795,-0.174189102304596,-0.289727629555496
abalone_point_1316,abalone,regression,9,0.197382592587171,nominal,0.216564823448323,0.172498675966333,-0.107977938110013,-0.200335153913052,-0.121044925494214,-0.238049412286341,-0.171195419960575
abalone_point_2901,abalone,regression,9,0.339644176397767,nominal,0.216564823448323,0.273264632124836,0.0115619101501313,-0.170766791937275,-0.0557187074782968,-0.0601528344800515,-0.0885820617580545
abalone_point_1473,abalone,regression,9,0.223038469938001,nominal,0.174930393129198,0.0213497417285791,0.0115619101501313,-0.179943180136654,-0.0129187715368339,-0.0282226794891791,-0.257400663302336
abalone_point_0683,abalone,regression,7,0.260560380109008,nominal,-0.741027073891568,-0.835160885618693,-0.58613733115059,-0.89162306493294,-0.925233195552226,-0.789984948557135,-0.853653596416181
abalone_point_1217,abalone,regression,5,0.585539598768112,nominal,-1.78188783186971,-1.84282044720372,-1.66199596549189,-1.47483351493792,0.340743857032096,-1.51069416120825,-1.42835521869459
abalone_point_1629,abalone,regression,9,0.581041208560621,nominal,0.383102544724825,0.273264632124836,0.728800999710997,0.0392705379596228,0.183059882510917,-0.13313604588776,0.080236539786227
abalone_point_2013,abalone,regression,7,0.154707053391005,nominal,-0.532854922295939,-0.583245995222437,-0.705677179410735,-0.736644064232316,-0.661675695281113,-0.744370441427317,-0.72793761654278
abalone_point_1865,abalone,regression,9,0.221253459107206,nominal,-0.033241758466431,-0.129799192509174,-0.347057634630302,-0.50621476055902,-0.517507490004606,-0.315594074407031,-0.530383933884578
abalone_point_0126,abalone,regression,5,0.094696898458708,nominal,-2.11496327442271,-2.14511831567923,-1.90107566201218,-1.54110742971121,-1.49064287562102,-1.43314949908756,-1.50019292147939
abalone_point_0647,abalone,regression,6,0.200748373505487,nominal,-1.61535011059321,-1.94358640336222,-1.54245611723174,-1.45648073853916,-1.41630614477533,-1.40578079480967,-1.46427407008699
abalone_point_2248,abalone,regression,9,0.576623817812789,nominal,-0.449586061657688,-0.432097060984683,-0.466597482890446,-0.582684662220512,-0.585086336227968,-0.283663919416158,-0.638140488061779
abalone_point_0906,abalone,regression,5,0.198038976450889,nominal,-1.69861897123146,-1.69167151296597,-1.18383657245131,-1.36879525130065,-1.30367473440306,-1.40578079480967,-1.41039579299839
abalone_point_1884,abalone,regression,8,0.415240486528781,nominal,0.258199253767449,0.0213497417285791,-0.347057634630302,-0.468489609072684,-0.562560054153514,-0.311032623694049,-0.322054595808657
abalone_point_0349,abalone,regression,8,0.524980878773262,nominal,-1.24064023772108,-1.0366927979357,-0.58613733115059,-1.13632675024971,-1.20455909327546,-0.972442977076406,-1.06916670477058
abalone_point_1319,abalone,regression,9,0.399866507640755,nominal,0.258199253767449,0.222881654045585,0.0115619101501313,-0.12692404831802,-0.0827502459676415,-0.142258947313723,-0.0634388657833743
abalone_point_3466,abalone,regression,9,0.645707738853828,nominal,0.965984569192585,0.726711434838098,1.32650024101172,0.64185336305218,0.595290844473427,0.491782701790743,0.820164878469673
abalone_point_2164,abalone,regression,9,0.679949597559878,nominal,0.216564823448323,0.625945478679595,0.250641606670419,0.139191209463972,0.0794389849684281,0.031076179779584,0.367587350925429
abalone_point_3996,abalone,regression,5,0.12372868228825,nominal,-2.32313542601834,-2.34665022799623,-2.02061551027232,-1.52989184413419,-1.43883242684978,-1.48332545693036,-1.57203062426419
abalone_point_2681,abalone,regression,10,0.244295464303988,anomaly,0.757812417596957,0.676328456758846,0.848340847971141,0.559265869257769,0.469143664856485,1.17600030873801,0.241871371052029
abalone_point_0714,abalone,regression,8,0.208933933464236,nominal,-1.40717795899758,-1.43975662256971,-1.30337642071146,-1.28009016537332,-1.30817999081795,-1.16402390702164,-1.21643399547942
abalone_point_2581,abalone,regression,8,0.277748419859171,nominal,0.00839267185269475,0.172498675966333,-0.347057634630302,-0.0341405676354093,0.198828279963035,-0.0920829894709237,-0.314870825530177
abalone_point_2907,abalone,regression,8,0.547251257454337,nominal,0.466371405363077,0.575562500600344,0.250641606670419,0.15856358455155,0.0524074464790831,0.145112447604128,0.367587350925429
abalone_point_2053,abalone,regression,8,0.144210009539877,nominal,-0.532854922295939,-0.633628973301688,-0.466597482890446,-0.683624932413682,-0.522012746419497,-0.575596765046992,-0.767448353074421
abalone_point_2643,abalone,regression,7,0.161427498629082,nominal,-0.407951631338562,-0.33133110482618,-0.58613733115059,-0.628566603217407,-0.569317938775851,-0.561912412908046,-0.67046745431494
abalone_point_3903,abalone,regression,4,0.308045076077549,nominal,-3.03092074144348,-2.900862986868,-2.85739444809333,-1.6532632854814,-1.58525326033373,-1.60648462618087,-1.67978717844139
abalone_point_4012,abalone,regression,9,0.591592615172457,nominal,0.757812417596957,1.23054121563061,0.728800999710997,0.593932224677645,0.982742896154038,0.263710166141654,0.338852269811509
abalone_point_1585,abalone,regression,6,0.249012300792482,nominal,-0.0748761887855567,-0.33133110482618,-0.705677179410735,-0.453195628740386,-0.26521313077072,-0.452437595796484,-0.638140488061779
abalone_point_2486,abalone,regression,8,0.195626958701997,nominal,-1.40717795899758,-1.49013960064896,-1.18383657245131,-1.29742334308326,-1.27213793949882,-1.30086742841109,-1.24876096173258
abalone_point_0918,abalone,regression,7,0.069463001555675,nominal,-0.949199225487196,-0.986309819856447,-1.18383657245131,-0.998680927259029,-0.920727939137335,-1.01349603349324,-1.06916670477058
abalone_point_1848,abalone,regression,8,0.252170902303595,nominal,-0.449586061657688,-0.33133110482618,-0.466597482890446,-0.69687971536834,-0.736012426126811,-0.744370441427317,-0.74589704223898
abalone_point_2430,abalone,regression,9,0.279918419560282,nominal,-1.53208124995496,-1.54052257872821,-1.06429672419117,-1.25561979684164,-1.25411691383926,-1.33735903411495,-1.21284211034018
abalone_point_1993,abalone,regression,5,0.060949950539544,nominal,-1.94842555314621,-1.99396938144147,-1.66199596549189,-1.46259833067208,-1.40279037553065,-1.46051820336546,-1.50019292147939
abalone_point_0515,abalone,regression,5,0.080538090074274,nominal,-2.07332884410359,-2.14511831567923,-1.66199596549189,-1.52683304806773,-1.4793797345838,-1.45139530193949,-1.53611177287179
abalone_point_1435,abalone,regression,7,0.388317352173733,nominal,-1.24064023772108,-1.28860768833195,-1.30337642071146,-1.04660206563356,-0.776559733860829,-1.22788421700338,-1.23439342117562
abalone_point_3545,abalone,regression,9,0.239134792911433,nominal,-0.407951631338562,-0.532863017143185,-0.347057634630302,-0.69789931405716,-0.64815992603644,-0.639457075028736,-0.69561065028962
abalone_point_0468,abalone,regression,13,0.177186379739543,anomaly,1.09088786014996,1.23054121563061,1.32650024101172,1.14043712188511,0.935437703797684,0.847575857403321,1.22963978434304
abalone_point_1676,abalone,regression,7,0.702560387226703,nominal,0.716177987277831,0.777094412917349,0.967880696231285,0.919184206411191,0.964721870494475,0.957050674514883,0.834532419026634
abalone_point_1149,abalone,regression,8,0.319578889848984,nominal,0.466371405363077,0.42441356636259,0.131101758410275,0.35432653280497,0.845332575499868,0.154235349030092,-0.0670307509226143
abalone_point_3308,abalone,regression,9,0.546483000290417,nominal,-0.61612378293419,-0.835160885618693,-0.107977938110013,-0.79680038687269,-0.805843900557619,-0.584719666472955,-0.925491299200982
abalone_point_1175,abalone,regression,9,0.594549318232127,nominal,0.92435013887346,0.877860369075852,-2.97693429635348,0.668362928961497,0.685395972771244,1.16231595659906,0.356811695507709
abalone_point_0212,abalone,regression,7,0.248009099995801,nominal,-1.57371568027408,-1.59090555680746,-1.18383657245131,-1.32087411292611,-1.27889582412116,-1.26893727342022,-1.28467981312499
abalone_point_2296,abalone,regression,10,0.277599055318905,anomaly,-0.033241758466431,0.0717327198078305,0.131101758410275,-0.0494345479677079,-0.121044925494214,-0.0738371866189969,0.331668499533029
abalone_point_4024,abalone,regression,6,0.057974318751802,nominal,-2.07332884410359,-2.09473533759998,-1.66199596549189,-1.4942058900255,-1.45234819609445,-1.44227240051353,-1.50019292147939
abalone_point_0929,abalone,regression,6,0.089189201426858,nominal,-0.741027073891568,-0.684011951380939,-0.58613733115059,-0.8895838675553,-0.796833387727837,-0.935951371372551,-0.893164332947822
abalone_point_3169,abalone,regression,15,0.228877147250334,anomaly,0.674543556958705,0.625945478679595,-0.58613733115059,0.581697040411806,0.149270459399236,1.00722663235768,0.511262756495031
abalone_point_3666,abalone,regression,9,0.330627249288958,nominal,0.424736975043951,0.42441356636259,0.131101758410275,0.0882112750229778,0.487164690516048,-0.00541542592427023,-0.156827879403615
abalone_point_1540,abalone,regression,7,0.186312711150515,nominal,-1.40717795899758,-1.49013960064896,-1.18383657245131,-1.28518815881742,-1.29691684978072,-1.19595406201251,-1.29904735368195
abalone_point_1625,abalone,regression,9,0.463257142615436,nominal,0.3414681144057,0.323647610204087,-0.347057634630302,-0.0545325414118072,0.000596997707838596,0.0173918276406386,-0.171195419960575
abalone_point_1253,abalone,regression,7,0.593440837445258,nominal,-0.949199225487196,-0.73439492946019,-0.705677179410735,-1.01703370365779,-0.911717426307553,-1.00437313206728,-0.494465082492178
abalone_point_1327,abalone,regression,8,0.430153096389451,nominal,0.3414681144057,0.374030588283339,0.250641606670419,-0.066767725677646,0.0186180233674019,0.031076179779584,-0.142460338846655
abalone_point_3476,abalone,regression,6,0.2028192319503,nominal,-1.03246808612545,-0.935926841777196,-1.30337642071146,-1.14448353976027,-1.09643293931808,-1.11384794917884,-1.16614760353006
abalone_point_2049,abalone,regression,9,0.347841333476063,nominal,-0.699392643572442,-1.0366927979357,-0.58613733115059,-0.917113032153437,-0.889191144233099,-0.817353652835025,-0.925491299200982
abalone_point_1252,abalone,regression,6,0.11201193830269,nominal,-0.990833655806321,-1.2382247102527,-1.18383657245131,-1.15060113189319,-1.04912774696172,-1.18683116058655,-1.17692325894778
abalone_point_0569,abalone,regression,7,0.084085092569297,nominal,-2.03169441378446,-1.99396938144147,-1.4229162689716,-1.468715922805,-1.43432717043489,-1.40578079480967,-1.46786595522623
abalone_point_1279,abalone,regression,8,0.252524666783398,nominal,-0.24141391006206,-0.532863017143185,-0.466597482890446,-0.677507340280762,-0.654917810658776,-0.694194483584518,-0.64173237320102
abalone_point_3810,abalone,regression,8,0.330118245771906,nominal,-0.033241758466431,-0.33133110482618,-0.107977938110013,-0.593900247797531,-0.623381015754541,-0.580158215759973,-0.494465082492178
abalone_point_3894,abalone,regression,9,0.643491860299298,nominal,-0.741027073891568,-0.532863017143185,-0.347057634630302,-0.858995906890703,-0.927485823759671,-0.972442977076406,-0.530383933884578
abalone_point_2831,abalone,regression,9,0.373498294248443,nominal,0.00839267185269475,0.222881654045585,-0.107977938110013,0.0300941497602439,0.329480715994869,-0.00541542592427023,-0.411851724289657
abalone_point_1289,abalone,regression,7,0.36071495594406,nominal,-0.158145049423808,-0.280948126746929,-0.466597482890446,-0.478685595960883,-0.449928643781244,-0.33840132797194,-0.422627379707378
abalone_point_3198,abalone,regression,7,0.089497301033447,nominal,-1.78188783186971,-1.74205449104522,-1.54245611723174,-1.38103043556649,-1.36674832421153,-1.36016628767986,-1.35651751590979
abalone_point_0716,abalone,regression,7,0.062049884744495,nominal,-2.07332884410359,-2.09473533759998,-1.78153581375203,-1.4789119096932,-1.4050430037381,-1.46051820336546,-1.50019292147939
abalone_point_4151,abalone,regression,7,0.130222224527509,nominal,-1.61535011059321,-1.79243746912447,-1.4229162689716,-1.40448120540935,-1.36449569600408,-1.31455178055004,-1.38525259702371
abalone_point_3876,abalone,regression,9,0.229647931489336,nominal,-1.90679112282709,-1.84282044720372,-1.18383657245131,-1.40754000147581,-1.40279037553065,-1.22788421700338,-1.35651751590979
abalone_point_0072,abalone,regression,8,0.479699748254006,nominal,-1.03246808612545,-0.885543863697944,-0.705677179410735,-0.970132163972072,-0.986054157153252,-0.748931892140299,-0.997329001985783
abalone_point_3480,abalone,regression,7,0.068927045450201,nominal,-0.699392643572442,-0.784777907539442,-0.705677179410735,-0.915073834775797,-0.73150716971192,-0.926828469946588,-1.06916670477058
abalone_point_0977,abalone,regression,7,0.431681350602034,nominal,0.0500271021718205,-0.0290332363506717,-0.347057634630302,-0.361431746746595,-0.395865566802554,-0.183312003730559,-0.379524758036497
abalone_point_1109,abalone,regression,8,0.118598485109783,nominal,-0.0748761887855567,-0.230565148667677,-0.347057634630302,-0.442999641852187,-0.188623771717576,-0.49349065221332,-0.638140488061779
abalone_point_3486,abalone,regression,7,0.440075313501042,nominal,-0.324682770700311,-0.381714082905431,-0.58613733115059,-0.391000108722372,0.0929547542131006,-0.429630342231575,-0.796183434188341
abalone_point_0133,abalone,regression,7,0.297824618085679,nominal,-1.65698454091233,-1.49013960064896,-1.18383657245131,-1.2994625404609,-1.23609588817969,-1.31911323126302,-1.27031227256803
abalone_point_1184,abalone,regression,8,0.591184760066239,nominal,1.17415672078821,1.18015823755136,0.489721303190708,1.08945718744411,1.21476360152092,0.897751815246121,0.726775864849433
abalone_point_1555,abalone,regression,8,0.095176131942758,nominal,-0.949199225487196,-1.08707577601495,-1.18383657245131,-1.07005283547642,-1.0378646059245,-0.999811681354296,-1.02965596823894
abalone_point_2002,abalone,regression,6,0.087340701156309,nominal,-1.36554352867845,-1.38937364449046,-1.30337642071146,-1.24440421126462,-1.13923287525954,-1.30086742841109,-1.27031227256803
abalone_point_1787,abalone,regression,8,0.597201488862953,nominal,0.0916615324909462,-0.230565148667677,0.967880696231285,0.519501520393792,0.613311870132991,0.446168194660925,0.46816013482415
abalone_point_1307,abalone,regression,9,0.457696909751841,nominal,0.133295962810072,0.122115697887082,0.0115619101501313,-0.208491943423611,-0.175108002472903,-0.329278426545976,-0.0706226360618543
abalone_point_0051,abalone,regression,8,0.335486730252179,nominal,-0.033241758466431,0.0213497417285791,-0.466597482890446,-0.476646398583243,-0.544539028493951,-0.634895624315755,-0.350789676922577
abalone_point_3109,abalone,regression,7,0.10627323960411,nominal,-1.24064023772108,-1.2382247102527,-1.4229162689716,-1.22911023093232,-1.17978018299356,-1.28262162555917,-1.19488268464398
abalone_point_3542,abalone,regression,8,0.183502215712074,nominal,-0.61612378293419,-0.583245995222437,-0.705677179410735,-0.641821386172066,-0.479212810478034,-0.694194483584518,-0.70997819084658
abalone_point_0939,abalone,regression,6,0.186028853750749,nominal,-0.574489352615065,-0.33133110482618,-0.466597482890446,-0.676487741591942,-0.558054797738624,-0.685071582158554,-0.785407778770621
abalone_point_1513,abalone,regression,9,0.478184072290247,nominal,1.04925342983084,0.928243347155103,0.489721303190708,1.12922153630809,1.54364731980795,1.12582435089521,0.579508574140591
abalone_point_1139,abalone,regression,9,0.300983579621317,nominal,0.424736975043951,0.273264632124836,0.0115619101501313,0.0341725445155235,0.187565138925808,0.0949364897613288,-0.120909028011215
abalone_point_2043,abalone,regression,8,0.1667884226096,nominal,-1.15737137708282,-1.28860768833195,-0.944756875931023,-1.12816996073915,-1.03110672130216,-1.09104069561393,-1.19488268464398
abalone_point_1628,abalone,regression,9,0.591218780619306,nominal,0.383102544724825,0.42441356636259,0.0115619101501313,-0.0688069230552857,-0.0940133870048686,-0.297348271555104,0.0443176883938266
abalone_point_0935,abalone,regression,8,0.240872190540546,nominal,-0.61612378293419,-0.532863017143185,-0.825217027670879,-0.783545603918031,-0.73150716971192,-0.799107849983098,-0.7566726976567
abalone_point_0065,abalone,regression,8,0.285282528244408,nominal,-0.033241758466431,-0.0794162144299231,-0.466597482890446,-0.50723435924784,-0.56481268236096,-0.447876145083502,-0.386708528314977
abalone_point_3992,abalone,regression,9,0.658414250371159,nominal,1.34069444206472,1.02900930331361,0.967880696231285,1.27604374749815,1.22602674255814,1.18512321016397,0.960248398900035
abalone_point_3016,abalone,regression,6,0.339471085666049,nominal,-0.865930364848945,-0.885543863697944,-0.705677179410735,-1.05985684858822,-1.10093819573297,-1.05911054062306,-1.03683973851742
abalone_point_0852,abalone,regression,9,0.324799103699711,nominal,0.258199253767449,0.273264632124836,0.131101758410275,0.284993821965217,0.626827639377663,-0.114890243035833,-0.00237681841629385
abalone_point_0334,abalone,regression,5,0.345294990563485,nominal,-2.40640428665659,-2.34665022799623,-2.37923505505275,-1.54620542315531,-1.46811659354657,-1.51069416120825,-1.57203062426419
abalone_point_0648,abalone,regression,9,0.637749987520416,nominal,-0.366317201019437,-0.33133110482618,0.131101758410275,-0.105512475852802,-0.645907297828995,-0.461560497222447,-0.494465082492178
abalone_point_0264,abalone,regression,4,0.131096517647624,nominal,-2.32313542601834,-2.14511831567923,-1.90107566201218,-1.49624508740314,-1.41855877298277,-1.4240265976616,-1.52892800259331
abalone_point_0641,abalone,regression,7,0.153973549879564,nominal,-1.65698454091233,-1.69167151296597,-1.30337642071146,-1.33718769194723,-1.26087479846159,-1.30086742841109,-1.35651751590979
abalone_point_1534,abalone,regression,6,0.087022716843497,nominal,-1.90679112282709,-1.94358640336222,-1.66199596549189,-1.4432259555845,-1.40729563194554,-1.50613271049527,-1.42476333355535
abalone_point_1815,abalone,regression,10,0.197116754413738,anomaly,1.09088786014996,1.38169014986837,1.20696039275157,1.21486782616896,1.23053199897303,1.39038849224815,0.999759135431675
abalone_point_1779,abalone,regression,8,0.562700596200318,nominal,-0.283048340381185,-0.532863017143185,0.489721303190708,0.103505255355276,-0.0489608228559605,0.313886123984454,0.313709073836829
abalone_point_1546,abalone,regression,7,0.481233011116694,nominal,-1.24064023772108,-1.28860768833195,-1.4229162689716,-1.2484826060199,-1.19780120865312,-0.80366930069608,-1.21284211034018
abalone_point_3748,abalone,regression,6,0.323464018036002,nominal,-1.15737137708282,-1.18784173217345,-0.944756875931023,-1.16487551353667,-1.16851704195633,-1.09104069561393,-1.0979017858845
abalone_point_2825,abalone,regression,7,0.121180039550769,nominal,-0.532854922295939,-0.432097060984683,-0.58613733115059,-0.647938978304985,-0.553549541323733,-0.57103531433401,-0.832102285580741
abalone_point_4164,abalone,regression,7,0.249227636326189,nominal,-1.1157369467637,-0.986309819856447,-1.30337642071146,-0.98848494037083,-0.803591272350173,-1.01349603349324,-1.14818817783386
abalone_point_3110,abalone,regression,7,0.117241512152859,nominal,-1.19900580740195,-1.18784173217345,-1.30337642071146,-1.22401223748822,-1.22258011893502,-1.2233227662904,-1.17692325894778
abalone_point_3709,abalone,regression,9,0.704623225790178,nominal,1.25742558142647,1.23054121563061,1.32650024101172,1.3657684321143,1.1742162937869,1.77355035213862,1.33739633852024
abalone_point_3926,abalone,regression,8,0.561884286499067,nominal,-0.449586061657688,-0.583245995222437,-0.58613733115059,-0.69687971536834,-0.738265054334256,-0.488929201500338,-0.602221636669379
abalone_point_0831,abalone,regression,6,0.18161171634326,nominal,-0.907564795168071,-1.0366927979357,-0.944756875931023,-1.02722969054599,-0.916222682722444,-1.18683116058655,-1.0619829344921
abalone_point_0521,abalone,regression,3,0.119038675772214,nominal,-2.61457643825222,-2.59856511839249,-2.14015535853247,-1.61145973923978,-1.5492112090146,-1.56999302047702,-1.64386832704899
abalone_point_2824,abalone,regression,7,0.125208939517011,nominal,-0.574489352615065,-0.583245995222437,-0.825217027670879,-0.783545603918031,-0.659423067073667,-0.671387230019609,-0.914715643783262
abalone_point_0970,abalone,regression,8,0.397044831904619,nominal,-0.116510619104682,0.0213497417285791,0.131101758410275,-0.066767725677646,0.122238920909891,0.00826892621467509,-0.311278940390937
abalone_point_0976,abalone,regression,8,0.591646627118477,nominal,0.0500271021718205,0.172498675966333,0.250641606670419,0.0423293340260826,-0.141318579361222,0.468975448225834,-0.264584433580816
abalone_point_3358,abalone,regression,8,0.222843194382801,nominal,-1.24064023772108,-1.2382247102527,-0.944756875931023,-1.20260066502301,-1.14599075988188,-1.14121665345673,-1.21284211034018
abalone_point_2502,abalone,regression,9,0.327448478317937,nominal,-1.61535011059321,-1.49013960064896,-1.4229162689716,-1.28212936275096,-1.33746415751474,-1.19139261129953,-1.21284211034018
abalone_point_0969,abalone,regression,8,0.442973870357257,nominal,-0.116510619104682,-0.0290332363506717,0.250641606670419,-0.255393483109326,-0.0557187074782968,-0.425068891518593,-0.361565332340297
abalone_point_3543,abalone,regression,8,0.589795553813979,nominal,-0.574489352615065,0.273264632124836,-0.705677179410735,-0.820251156715547,-0.740517682541702,-0.826476554260989,-0.850061711276941
abalone_point_2667,abalone,regression,8,0.546003328117679,nominal,0.466371405363077,0.474796544441841,-0.227517786370157,0.047427327470182,0.228112446659825,-0.0738371866189969,-0.0993577171757746
abalone_point_2145,abalone,regression,9,0.305638741873619,nominal,-0.574489352615065,-0.583245995222437,-0.825217027670879,-0.872250689845362,-0.909464798100108,-0.890336864242734,-0.74589704223898
abalone_point_3010,abalone,regression,4,0.081486069582005,nominal,-2.23986656538009,-2.24588427183773,-1.78153581375203,-1.53906823233357,-1.48163236279124,-1.49700980906931,-1.57203062426419
abalone_point_3643,abalone,regression,8,0.148848141201466,nominal,-0.491220491976813,-0.532863017143185,-0.466597482890446,-0.675468142903122,-0.549044284908842,-0.744370441427317,-0.70997819084658
abalone_point_1190,abalone,regression,12,0.218536705131279,anomaly,1.38232887238384,1.23054121563061,1.68511978579215,1.53808061052487,1.69457340970679,2.04723739491753,1.06082118279876
abalone_point_2571,abalone,regression,7,0.087466341226926,nominal,-0.491220491976813,-0.532863017143185,-0.705677179410735,-0.723389281277657,-0.582833708020523,-0.730686089288372,-0.853653596416181
abalone_point_2965,abalone,regression,9,0.684106612063395,nominal,1.21579115110734,1.18015823755136,0.728800999710997,1.16592708910561,1.60221565320153,1.11213999875626,1.064413067938
abalone_point_1260,abalone,regression,7,0.253633277190479,nominal,-0.741027073891568,-0.935926841777196,-0.705677179410735,-0.938524604618655,-0.891443772440545,-0.995250230641315,-0.853653596416181
abalone_point_2011,abalone,regression,7,0.222499159006974,nominal,-0.741027073891568,-0.835160885618693,-0.466597482890446,-0.98440654561555,-0.902706913477772,-0.88121396281677,-1.03324785337818
abalone_point_2021,abalone,regression,9,0.215840708168077,nominal,-0.0748761887855567,-0.0794162144299231,0.0115619101501313,-0.398137299544111,-0.321528835956855,-0.324716975832994,-0.508832623049138
abalone_point_3805,abalone,regression,7,0.1702601807312,nominal,-1.40717795899758,-1.38937364449046,-0.944756875931023,-1.23012982962114,-1.12346447780742,-1.26437582270724,-1.25594473201107
abalone_point_0975,abalone,regression,8,0.388425610784047,nominal,0.0500271021718205,0.172498675966333,-0.227517786370157,-0.143237627339138,-0.154834348605895,0.14967389831711,-0.243033122745376
abalone_point_2733,abalone,regression,8,0.308443889148793,nominal,-0.949199225487196,-0.835160885618693,-0.705677179410735,-1.02519049316835,-1.02209620847238,-0.963320075650442,-0.990145231707303
abalone_point_0888,abalone,regression,9,0.646383916634359,nominal,1.25742558142647,1.18015823755136,0.370181454930564,1.32498448456151,1.21025834510602,1.45881025294288,1.30147748712784
abalone_point_1464,abalone,regression,9,0.253185801782307,nominal,-0.158145049423808,-0.230565148667677,-0.825217027670879,-0.563312287132934,-0.542286400286506,-0.511736455065247,-0.598629751530139
abalone_point_0107,abalone,regression,11,0.158103061801714,anomaly,0.174930393129198,0.222881654045585,0.609261151450853,-0.0545325414118072,-0.296749925674956,0.0219532783536204,0.295749648140629
abalone_point_1221,abalone,regression,7,0.211265720202514,nominal,-1.61535011059321,-1.59090555680746,-1.06429672419117,-1.26479618504102,-1.15950652912655,-1.28718307627215,-1.34214997535283
abalone_point_1320,abalone,regression,9,0.493354509652916,nominal,0.258199253767449,0.172498675966333,0.131101758410275,-0.0779833112546649,-0.0489608228559605,-0.0373455809151427,-0.0993577171757746
abalone_point_3478,abalone,regression,6,0.27364556514441,nominal,-1.03246808612545,-1.08707577601495,-0.705677179410735,-1.08126842105344,-0.999569926397924,-0.999811681354296,-1.17692325894778
abalone_point_2894,abalone,regression,8,0.564558780360145,nominal,0.0916615324909462,0.374030588283339,-0.347057634630302,0.0892308737117978,0.259649241564061,0.167919701169037,0.00839883700142625
abalone_point_1538,abalone,regression,5,0.171354067168748,nominal,-1.4488123893167,-1.49013960064896,-1.54245611723174,-1.32291331030375,-1.21356960610524,-1.4240265976616,-1.32059866451739
abalone_point_3535,abalone,regression,6,0.083407539949927,nominal,-1.03246808612545,-0.935926841777196,-1.18383657245131,-1.01703370365779,-0.938748964796898,-1.02718038563219,-1.14100440755538
abalone_point_2718,abalone,regression,6,0.194686949734507,nominal,-1.49044681963583,-1.54052257872821,-1.06429672419117,-1.31679571817084,-1.2811484523286,-1.29630597769811,-1.28467981312499
abalone_point_2735,abalone,regression,8,0.358266185327915,nominal,-0.865930364848945,-0.835160885618693,-0.58613733115059,-1.04966086170002,-1.03561197771705,-1.06823344204902,-0.997329001985783
abalone_point_1558,abalone,regression,8,0.368725034293647,nominal,-0.824295934529819,-0.835160885618693,-0.705677179410735,-1.0435432695671,-1.01083306743515,-1.20963841415146,-1.06916670477058
abalone_point_2876,abalone,regression,7,0.40191699062354,nominal,-0.741027073891568,-0.73439492946019,-1.06429672419117,-1.08228801974226,-1.12796973422231,-1.11840939989182,-0.889572447808582
abalone_point_0826,abalone,regression,7,0.130548363130155,nominal,-1.07410251644457,-1.18784173217345,-1.06429672419117,-1.03946487481182,-0.997317298190479,-0.917705568520624,-1.12663686699842
abalone_point_2664,abalone,regression,9,0.432245524406104,nominal,0.383102544724825,0.42441356636259,-0.107977938110013,0.390012486913666,0.840827319084978,0.213534208298855,0.080236539786227
abalone_point_1846,abalone,regression,8,0.187987879117432,nominal,-0.657758213253316,-0.784777907539442,-0.705677179410735,-0.959936177083873,-0.931991080174562,-1.03630328705815,-0.864429251833902
abalone_point_2655,abalone,regression,9,0.346840555355446,nominal,0.174930393129198,0.222881654045585,0.0115619101501313,0.00664337991738622,0.342996485239541,-0.0966444401839055,-0.271768203859296
abalone_point_0644,abalone,regression,7,0.209802296367915,nominal,-1.61535011059321,-1.54052257872821,-1.06429672419117,-1.30761932997146,-1.28790633695094,-1.23700711842935,-1.28467981312499
abalone_point_3819,abalone,regression,9,0.354082215651418,nominal,0.3414681144057,0.374030588283339,0.0115619101501313,0.0148001694279454,0.210091421000262,-0.183312003730559,-0.102949602315015
abalone_point_0787,abalone,regression,9,0.538698010117287,nominal,-0.0748761887855567,-0.180182170588426,-0.227517786370157,-0.516410747447219,-0.729254541504475,-0.461560497222447,-0.390300413454217
abalone_point_2230,abalone,regression,7,0.213777392558678,nominal,-1.2822746680402,-1.28860768833195,-1.06429672419117,-1.23624742175406,-1.2563695420467,-1.18226970987357,-1.17692325894778
abalone_point_1773,abalone,regression,8,0.08697766853205,nominal,-0.574489352615065,-0.633628973301688,-0.705677179410735,-0.804957176383249,-0.686454605563012,-0.867529610677825,-0.842877940998461
abalone_point_2099,abalone,regression,8,0.579446884727121,nominal,-0.449586061657688,-0.583245995222437,-0.944756875931023,-0.716252090455918,-0.769801849238492,-0.840160906399934,-0.458546231099778
abalone_point_1485,abalone,regression,9,0.465420521833215,nominal,0.549640266001328,0.575562500600344,0.250641606670419,0.657147343384478,1.14267949888266,0.532835758207579,0.0910121952039471
abalone_point_1616,abalone,regression,8,0.506626884373419,nominal,0.216564823448323,0.172498675966333,0.250641606670419,-0.12692404831802,-0.0917607587974231,-0.0419070316281244,-0.207114271352976
abalone_point_3498,abalone,regression,9,0.390805258401353,nominal,0.508005835682202,0.42441356636259,0.131101758410275,0.315581782629814,0.563754049569192,0.560204462485469,-0.135276568568175
abalone_point_0409,abalone,regression,11,0.280822028159141,anomaly,0.258199253767449,0.42441356636259,0.131101758410275,0.175896762261489,0.183059882510917,0.596696068189324,0.331668499533029
abalone_point_3447,abalone,regression,8,0.192538483500269,nominal,-0.199779479742934,-0.230565148667677,-0.705677179410735,-0.474607201205603,-0.260707874355829,-0.698755934297499,-0.630956717783299
abalone_point_2685,abalone,regression,9,0.527916748865593,nominal,0.841081278235208,0.8274773909966,0.370181454930564,0.583736237789446,0.561501421361746,0.879506012394194,0.507670871355791
abalone_point_1814,abalone,regression,9,0.676401318494575,nominal,1.09088786014996,1.12977525947211,1.44604008927186,1.46568910361865,1.59320514037174,1.21705336515484,1.63193091993792
abalone_point_2458,abalone,regression,5,0.0819923298404081,nominal,-2.28150099569922,-2.24588427183773,-1.78153581375203,-1.54518582446649,-1.49740076024336,-1.47876400621738,-1.55407119856799
abalone_point_3028,abalone,regression,8,0.763161309076682,nominal,-0.199779479742934,-0.280948126746929,-0.107977938110013,-0.612253024196289,-0.600854733680086,-0.525420807204192,-0.214298041631456
abalone_point_3489,abalone,regression,8,0.191844648339567,nominal,-0.033241758466431,-0.280948126746929,-0.227517786370157,-0.60001783993045,-0.549044284908842,-0.534543708630156,-0.612997292087099
abalone_point_3397,abalone,regression,18,0.232189718364472,anomaly,0.674543556958705,0.676328456758846,0.489721303190708,1.60537412398698,0.856595716537095,1.38126559082219,0.726775864849433
abalone_point_1016,abalone,regression,9,0.706212535586248,nominal,0.841081278235208,0.777094412917349,1.44604008927186,1.12412354286399,1.01427969105827,1.10757854804328,1.16498585183672
abalone_point_2638,abalone,regression,7,0.094786039345208,nominal,-0.699392643572442,-0.73439492946019,-0.58613733115059,-0.830447143603746,-0.8396333236693,-0.949635723511497,-0.903939988365542
abalone_point_3564,abalone,regression,8,0.595538613953181,nominal,0.424736975043951,0.474796544441841,0.370181454930564,0.0892308737117978,-0.0467081946485151,0.263710166141654,0.331668499533029
abalone_point_3857,abalone,regression,9,0.220612910644098,nominal,-1.57371568027408,-1.54052257872821,-1.30337642071146,-1.32597210637021,-1.29916947798816,-1.27806017484618,-1.32059866451739
abalone_point_4113,abalone,regression,9,0.59485142085807,nominal,0.299833684086575,0.122115697887082,0.967880696231285,1.70427519680251,1.87478366630242,1.54547781648953,1.53495002117844
abalone_point_3084,abalone,regression,4,0.127140702020802,nominal,-2.48967314729485,-2.39703320607548,-2.14015535853247,-1.58495017333047,-1.53344281156249,-1.53806286548615,-1.59358193509963
abalone_point_0250,abalone,regression,7,0.28648292879298,nominal,-1.49044681963583,-1.38937364449046,-0.705677179410735,-1.25460019815282,-1.24961165742436,-1.15033955488269,-1.21284211034018
abalone_point_0719,abalone,regression,4,0.174322663520499,nominal,-2.86438302016698,-2.85048000878875,-2.4987749033129,-1.63593010777146,-1.57624274750395,-1.59736172475491,-1.65464398246671
abalone_point_3977,abalone,regression,7,0.459231590231263,nominal,-0.61612378293419,-0.583245995222437,-0.107977938110013,-0.682605333724862,-0.625633643961986,-0.785423497844153,-0.70638630570734
abalone_point_2410,abalone,regression,8,0.604129418376661,nominal,0.965984569192585,0.928243347155103,0.250641606670419,0.492991954484475,0.0524074464790831,0.820207153125431,0.870451270419034
abalone_point_1551,abalone,regression,8,0.0746797422012609,nominal,-1.15737137708282,-1.08707577601495,-1.18383657245131,-1.06189604596586,-0.931991080174562,-1.13665520274375,-1.1158612115807
abalone_point_2227,abalone,regression,7,0.376802381178462,nominal,-1.40717795899758,-1.28860768833195,-0.705677179410735,-1.23420822437642,-1.25186428563181,-1.16858535773462,-1.14100440755538
abalone_point_0320,abalone,regression,6,0.332589784559983,nominal,-1.61535011059321,-1.54052257872821,-1.06429672419117,-1.33922688932487,-1.32169576006262,-1.41490369623564,-1.28467981312499
abalone_point_0806,abalone,regression,7,0.3648772770223,nominal,-0.990833655806321,-1.0366927979357,-0.466597482890446,-1.04048447350064,-1.0626435162064,-0.821915103548007,-1.03324785337818
abalone_point_3101,abalone,regression,10,0.234714324615692,anomaly,0.466371405363077,0.222881654045585,-0.347057634630302,0.168759571439749,0.390301677595895,0.245464363289727,-0.846469826137701
abalone_point_2578,abalone,regression,7,0.459027564213776,nominal,-0.158145049423808,-0.230565148667677,-0.466597482890446,-0.465430813006224,-0.542286400286506,-0.352085680110885,-0.386708528314977
abalone_point_1479,abalone,regression,9,0.497108893555574,nominal,0.424736975043951,0.575562500600344,0.250641606670419,0.512364329572054,1.06158488341463,0.236341461863764,-0.00596870355553389
abalone_point_3769,abalone,regression,9,0.634528376876593,nominal,0.299833684086575,0.575562500600344,0.131101758410275,0.119818834376394,-0.112034412664432,0.359500631114272,0.220320060216588
abalone_point_2513,abalone,regression,8,0.336088541846688,nominal,-0.491220491976813,-0.33133110482618,-0.705677179410735,-0.670370149459023,-0.67293883631834,-0.616649821463828,-0.634548602922539
abalone_point_3031,abalone,regression,11,0.50749745212283,anomaly,-0.033241758466431,-0.129799192509174,-0.58613733115059,-0.375706128390074,-0.197634284547358,-0.511736455065247,-0.379524758036497
abalone_point_2069,abalone,regression,9,0.477873715565163,nominal,0.174930393129198,0.222881654045585,0.489721303190708,0.0311137484490637,0.158280972229018,0.0447605319185293,-0.0562550955048942
abalone_point_1825,abalone,regression,5,0.143561590695759,nominal,-2.82274858984785,-2.74971405263024,-2.37923505505275,-1.63491050908264,-1.57173749108906,-1.59736172475491,-1.65105209732747
abalone_point_1839,abalone,regression,8,0.300154471176513,nominal,-0.907564795168071,-0.986309819856447,-1.06429672419117,-1.05577845383294,-1.1122013367702,-1.07735634347499,-0.889572447808582
abalone_point_0251,abalone,regression,7,0.32301157015294,nominal,-1.61535011059321,-1.59090555680746,-0.825217027670879,-1.34024648801369,-1.32394838827006,-1.32823613268898,-1.28467981312499
abalone_point_0696,abalone,regression,7,0.191961293301853,nominal,-1.74025340155058,-1.79243746912447,-1.18383657245131,-1.4279319752522,-1.42531665760511,-1.28262162555917,-1.42835521869459
abalone_point_0327,abalone,regression,7,0.262101670168607,nominal,-1.69861897123146,-1.54052257872821,-0.944756875931023,-1.33208969850313,-1.29015896515838,-1.26893727342022,-1.24876096173258
abalone_point_1119,abalone,regression,9,0.251071928350589,nominal,0.0916615324909462,-0.180182170588426,-0.347057634630302,-0.468489609072684,-0.449928643781244,-0.28822537012914,-0.501648852770658
abalone_point_3580,abalone,regression,9,0.592113585385601,nominal,0.63290912663958,0.777094412917349,0.131101758410275,-0.107551673230442,-0.0219292843666155,-0.201557806582486,0.00121506672294618
abalone_point_1502,abalone,regression,9,0.616302216103739,nominal,0.882715708554334,0.474796544441841,0.250641606670419,0.617382994520502,0.547985652117074,0.856698758829285,0.47534390510263
abalone_point_2070,abalone,regression,9,0.445403809763009,nominal,0.216564823448323,0.0213497417285791,-0.227517786370157,0.0851524789565182,0.38804904938845,0.281955968993581,-0.185562960517535
abalone_point_0227,abalone,regression,7,0.350448084029899,nominal,-1.1157369467637,-1.18784173217345,-0.347057634630302,-1.06699403940996,-1.07390665724362,-0.899459765668697,-1.06916670477058
abalone_point_0417,abalone,regression,20,0.18627852119575,anomaly,0.882715708554334,0.928243347155103,0.728800999710997,0.988516917250943,0.901648280686004,0.788276998134558,1.15780208155824
abalone_point_2279,abalone,regression,9,0.206457426110417,nominal,-0.116510619104682,-0.0290332363506717,-0.227517786370157,-0.226844719822369,0.0591653311014194,-0.206119257295468,-0.494465082492178
abalone_point_3835,abalone,regression,6,0.309011268628057,nominal,-1.57371568027408,-1.49013960064896,-1.54245611723174,-1.24134541519816,-1.23384325997225,-1.28262162555917,-1.10508555616298
abalone_point_1586,abalone,regression,9,0.464209650876911,nominal,-0.0748761887855567,-0.482480039063934,-0.347057634630302,-0.726448077344117,-0.801338644142728,-0.507175004352265,-0.72434573140354
abalone_point_0114,abalone,regression,9,0.595622203030865,nominal,-0.824295934529819,-0.583245995222437,-0.825217027670879,-0.88856426886648,-1.03335934950961,-1.072794892762,-0.530383933884578
abalone_point_4110,abalone,regression,8,0.308662056577442,nominal,-0.366317201019437,-0.432097060984683,-0.227517786370157,-0.60817462944101,-0.535528515664169,-0.488929201500338,-0.71716196112506
abalone_point_2507,abalone,regression,7,0.507405272301123,nominal,-1.24064023772108,-1.08707577601495,-1.54245611723174,-1.39632441589879,-1.35323255496685,-1.3738506398188,-1.39962013758067
abalone_point_2445,abalone,regression,9,0.581667749832696,nominal,-0.199779479742934,-0.532863017143185,0.0115619101501313,-0.613272622885109,-0.661675695281113,-0.28822537012914,-0.70997819084658
abalone_point_3718,abalone,regression,7,0.547800224199882,nominal,-1.4488123893167,-1.59090555680746,-0.944756875931023,-0.871231091156542,-0.841885951876746,-1.072794892762,-0.814142859884541
abalone_point_2221,abalone,regression,8,0.517990877816225,nominal,0.0916615324909462,0.525179522521093,0.131101758410275,-0.0841009033875843,-0.0895081305899777,0.181604053307983,-0.278951974137776
abalone_point_2285,abalone,regression,9,0.241486540158057,nominal,-0.990833655806321,-0.935926841777196,-0.825217027670879,-0.98236734823791,-0.895949028855435,-0.93138992065957,-0.997329001985783
abalone_point_2096,abalone,regression,7,0.141659897519889,nominal,-0.907564795168071,-1.08707577601495,-0.944756875931023,-1.00581811808077,-0.92298056734478,-1.02261893491921,-1.03324785337818
abalone_point_2642,abalone,regression,7,0.586697579100716,nominal,-0.407951631338562,-0.432097060984683,-0.944756875931023,-1.42181438311928,-0.706728259430021,-0.849283807825898,-0.832102285580741
abalone_point_0005,abalone,regression,7,0.145127442938736,nominal,-1.61535011059321,-1.54052257872821,-1.4229162689716,-1.27193337586276,-1.21582223431268,-1.28718307627215,-1.32059866451739
abalone_point_4077,abalone,regression,8,0.774533607702239,nominal,0.174930393129198,0.222881654045585,0.0115619101501313,-0.115708462741001,-0.317023579541965,0.0858135883353653,0.162849897988748
abalone_point_2663,abalone,regression,9,0.596499288067478,nominal,0.383102544724825,0.42441356636259,0.967880696231285,0.16162238061801,0.189817767133253,0.332131926836381,0.116155391178627
abalone_point_2450,abalone,regression,9,0.363299973755108,nominal,-1.2822746680402,-1.2382247102527,-0.825217027670879,-1.13938554631617,-1.1122013367702,-1.11384794917884,-1.1158612115807
abalone_point_2637,abalone,regression,7,0.126037197624853,nominal,-0.699392643572442,-0.684011951380939,-0.944756875931023,-0.860015505579523,-0.67744409273323,-0.977004427789387,-0.975777691150343
abalone_point_1056,abalone,regression,4,0.15784472723623,nominal,-2.7394797292096,-2.74971405263024,-2.37923505505275,-1.62369492350562,-1.55822172184439,-1.60192317546789,-1.64746021218823
abalone_point_2890,abalone,regression,8,0.276919984785352,nominal,-0.033241758466431,-0.0794162144299231,-0.705677179410735,-0.472568003827964,-0.296749925674956,-0.593842567898919,-0.566302785276979
