point.id,motherset,origin,original.label,diff.score,ground.truth,M1,M5,V,V.1,V.2,V.3,V.4,V.5,V.6,V.7,V.8,V.9,V.10,V.11,V.12,V.13,V.14,V.15,V.16,V.17,V.18,V.19,V.20,V.21,V.22,V.23,V.24,V.26,V.27,V.28,V.29,V.30,V.31,V.32,V.33,V.34,V.35,V.36,V.37,V.38,V.39,V.40,V.41,V.42,V.43,V.44,V.45,V.46,V.47,V.48,V.49,V.50,V.51,V.52,V.53,V.54,V.55,V.56,V.57,V.58,V.59,V.60,V.61,V.62,V.63,V.64,V.65,V.66,V.67,V.68,V.69,V.70,V.71,V.72,V.73,V.74,V.75,V.76,V.77,V.78,V.79,V.80,V.81,V.82,V.83,V.84,V.85,V.86,V.87,V.88,V.89,V.90,V.91,V.92,V.93,V.94,V.95,V.113,V.114,V.115,V.120,noise..1,noise..2,noise..3,noise..4,noise..5,noise..6,noise..7,noise..8,noise..9,noise..10,noise..11,noise..12,noise..13,noise..14,noise..15,noise..16,noise..17,noise..18,noise..19,noise..20,noise..21,noise..22,noise..23,noise..24,noise..25,noise..26,noise..27,noise..28,noise..29,noise..30,noise..31,noise..32,noise..33,noise..34,noise..35,noise..36,noise..37,noise..38,noise..39,noise..40,noise..41,noise..42,noise..43,noise..44,noise..45,noise..46,noise..47,noise..48,noise..49,noise..50,noise..51,noise..52,noise..53,noise..54,noise..55,noise..56,noise..57,noise..58,noise..59,noise..60,noise..61,noise..62,noise..63,noise..64,noise..65,noise..66,noise..67,noise..68,noise..69,noise..70,noise..71,noise..72,noise..73,noise..74,noise..75,noise..76,noise..77,noise..78,noise..79,noise..80,noise..81,noise..82,noise..83,noise..84,noise..85,noise..86,noise..87,noise..88,noise..89,noise..90,noise..91,noise..92,noise..93,noise..94,noise..95,noise..96,noise..97,noise..98,noise..99,noise..100,noise..101,noise..102,noise..103,noise..104,noise..105,noise..106,noise..107,noise..108,noise..109,noise..110,noise..111,noise..112,noise..113,noise..114,noise..115,noise..116,noise..117,noise..118,noise..119,noise..120,noise..121,noise..122,noise..123,noise..124,noise..125,noise..126
comm.and.crime_point_1364,comm.and.crime,regression,0.02,0.026027880817118,nominal,0.812099797669774,0.524070428289996,-0.453822940289352,-0.142900394170307,-0.590386957395979,0.59942720812885,0.748376364209891,-0.576459764357761,-1.38030635407249,-1.14142236866316,-1.17872928478763,-0.0176604331626889,-0.343626531286471,0.233203092125617,1.47531974872065,1.04883585589804,1.60910386275648,1.65278799100371,-0.121723128517532,-1.20546616133649,0.60127719711842,1.33323567398548,1.09754002126074,0.974019321884281,2.26641383393393,1.67800845219631,-0.01206212920031,3.35219097202891,-0.433845179637909,-1.28252619132067,-0.917734455370194,-0.954678429186424,1.04365266102481,-1.20457557245354,1.2579368685168,1.35195076342743,-0.516347673928482,-0.810486469238678,1.06639691337916,-1.15775143594827,-1.27939350890263,-1.41330154998685,-1.33041406817415,-0.438232993123054,1.62931189683977,1.547553449942,1.1701425596092,1.29037779529945,0.169327956712836,-0.0381763034178386,-0.333979422149212,-1.0002125522811,-0.230075729421995,-0.959478323882113,-1.04597692458435,-0.839101164308632,-0.655889570517129,-0.557119685244521,-0.516755545154489,-0.400332606464976,-0.352941863045931,0.370686525614054,-0.230236917254329,-0.801801068513758,-0.639146084251652,0.105565038245289,-0.218005403435109,0.295311354595511,1.8641616542826,-0.744267573836537,-1.30536216086009,0.726172755495118,-0.444061083654919,0.46618615394114,2.05888583359914,-0.663674573317088,-0.440959496409212,1.91779019138782,-1.04789614836431,-0.0148291414846731,0.692040522452799,0.762321174730183,0.684618966972274,1.61233233955127,1.42175798034711,1.5185567053206,1.99573107781766,-0.708705024057152,1.06926778297327,-1.36980981684348,-0.286904425214791,-0.226875569169311,-0.0672841030847741,0.788476870306472,-0.910109562980505,-0.879827635985382,-0.00771657564102366,-0.321861540250354,-0.70339391206371,-0.0510142344566935,-0.391348688885798,0.0446822618622457,0.369181677055691,-0.375024355916575,0.526629724118384,0.821714993870633,0.454251997880092,-2.14954910218944,-0.230075729421995,-0.856817549342979,2.01613236565723,0.763017663402644,-0.176389105893484,-1.02039235405845,-0.607089206928712,-1.04806557169458,0.872638442876987,-1.21469712740159,0.481421648160263,0.353242987609834,-1.05343997459746,-0.391348688885798,-0.504578098615964,-0.504578098615964,0.978995691768727,0.762321174730183,-1.75644421073127,0.625885114403834,-0.152293680362675,0.0283387432671127,-0.44849760935004,1.31387638751496,-0.817460640601083,-1.04813857980274,1.49594241985563,2.99845558029525,-1.16915473049179,-1.61333031055475,0.186693280865528,-1.56531543697313,-1.56531543697313,0.65086069045285,1.58004448809894,1.3650345617856,0.627044535799378,0.874849771726638,0.179391205812885,0.897888521195889,0.34792941380564,0.10383609353668,-0.286904425214791,2.91522497881288,-0.631940707748796,-0.216759028140039,2.14401638949489,0.260319362349526,-0.487817174336336,0.181613250827385,0.589585501005203,1.5186660664893,-0.62599675589646,-0.307289207713733,0.0227368042754491,0.601034142128082,-0.708705024057152,0.247859743337919,-0.350922141952573,-0.0520855978833183,-0.043039574199713,-0.490300835164584,-0.199361816374992,-0.230075729421995,-0.739281849167541,0.0687247720866572,-1.1288425117501,2.96825707995953,2.18217737707296,0.593315542651865,0.642111409128814,2.30269737418922,-0.652615808821794,-0.453822940289352,-0.943185334835349,-2.36851308661801,-0.709945487718708,3.43887586020352,-0.236728129982936,0.351197603842184,-0.569295082344151,3.46778515277508,-0.653776320283739,-0.532924460232356,2.00516211686959,0.682832724400303,-1.26049841310347,-0.64471119872407,1.03518252779145,0.682832724400303,-0.241958561604024,1.99622366130149,-0.569295082344151,1.0589466437462,-1.08508811806744,-0.256567130116958,-0.109719622984733,-1.03655979871593,1.58543389941778,-1.11543153166311,-0.0946770133781229,0.59996722821086,-1.05834216749048,0.726172755495118,0.304702146810281,-1.07801411113674,-0.285624976855271,0.00146429262794278,-0.307777118839921,-0.110010510253322,-0.42964182185941,-0.574978601284565,3.39989683326659,-2.19523358354898,-0.476239332141566,0.114002523928599,-0.348149548490111,-0.521839596572905,2.94730431675224
comm.and.crime_point_0684,comm.and.crime,regression,0.23,0.316196580686725,anomaly,-1.0174414932053,-0.519882053238727,-0.375024355916575,-0.203981505847819,0.356575042642296,0.0257493329145824,-0.304872732522849,-0.447422857068877,-0.671523969190694,-0.79314444928836,-0.758320357815209,0.428804273352702,-0.265657561852559,0.682832724400303,0.0901624214025735,0.283443955619646,-0.938572255698432,0.305007905506768,0.16626443468128,-0.935362272316362,1.67549527372242,0.0218049017374774,0.0510141976217214,-0.0430886968833349,0.343263188512179,-0.264029226104202,-0.370281702344836,0.675774263580712,-0.35568405855027,-0.713534013953022,-0.870865217996765,-0.757155338364351,-0.151415220449137,-0.215315402983871,0.396048112908209,0.0672766422167828,-0.0603953852759968,-0.609402729079175,0.475925353586706,0.431634978161806,-0.994391424628807,0.299322753066192,0.357978294684454,-0.761660555595246,0.342031597235068,0.190658429492517,0.0729963540320473,0.0371597380320633,0.940330818808414,1.04604216081623,-0.333979422149212,-0.608816497610759,-0.34476848053886,-0.366110705033174,-0.666693784445925,-0.590959780665129,-0.707179574188299,-0.429888641603507,-0.516755545154489,-0.484813844404564,-0.480698018482259,0.502921411190013,-0.45780329625955,-0.496562007079367,-0.376966020067782,-0.0713724957371486,-0.407970199261594,0.189659458827421,0.950859851177069,-0.410865128456057,-1.18942558125317,0.726172755495118,-0.37760024144161,0.105406250597248,1.08698470595177,-0.52591471705619,-0.388045418306067,0.842367611990508,-0.594936053016721,-0.935840378022907,-0.466477635900487,-0.533338919381635,-0.590607768331523,0.290078966127006,0.179391205812885,-0.0924897401426294,0.215073840424229,-0.649707912297875,-0.105483377924108,-1.21404130958451,-0.286904425214791,-0.226875569169311,-0.370138508391861,-1.90326658079114,-0.579261189746669,-0.181647804660787,-1.01669046601492,-0.321861540250354,-0.457199869470233,-0.574906338353587,-0.391348688885798,-0.183536053079654,-0.706240902341621,-0.453822940289352,-0.215315402983871,1.17756246868398,2.41256742763201,-0.0381763034178386,0.458080777279193,0.817012170494165,1.38842693899541,-1.34276811316667,-1.816725527091,-1.29609933175331,0.166127940215069,-0.211005826876756,-1.68601509071059,1.59601398638663,0.820645403272635,-0.000739682945828393,0.477363979273606,-0.391348688885798,0.317646414029282,-0.413219819433159,0.871006677585685,-0.792470938203999,0.641654500246602,-1.55756639980461,-0.203833666554659,0.833861965998727,-0.209122814638054,-1.23504806525446,-0.0924897401426294,-1.04813857980274,-0.749538645679329,0.564407987550553,-2.24585211093084,-1.08062942642722,-0.192589859272896,-1.56531543697313,0.682832724400303,-0.719300011366178,0.282502572227728,-0.977864586741049,0.799837073718665,-0.0381763034178386,1.46954131782919,2.68450648342911,2.43537503871415,-0.193933566835524,-0.286904425214791,0.894257260188728,0.278103309043281,-0.319107477609904,0.376746696020106,-0.210617258288034,-1.14384878811286,0.227256913815765,-0.94524870236964,-1.10745167520755,0.730830743980246,-0.779122631666902,-0.800827005447445,1.62692977686698,0.707225658165495,-0.0278472343569434,-1.90232190204804,-0.265676718046478,-0.35568405855027,0.851679982545541,-0.35568405855027,1.26093003509725,-0.43486269553505,-0.576459764357761,0.405665753241116,-0.584177697663477,-1.67685596979111,-0.629843707397574,-0.845653115392282,-0.338600020013028,-1.44632698036898,-0.217427187171022,0.260319362349526,0.46618615394114,-1.50135362329445,-0.333979422149212,0.0582574288134486,-0.649009732299257,-0.44257322543477,-0.574978601284565,-0.653776320283739,-0.435042880192443,0.648228546406218,0.682832724400303,-1.13966992969373,0.736598913158695,1.03518252779145,0.682832724400303,-0.333979422149212,-0.0895765918335127,2.64099195936017,-1.13544611760276,-0.56760401811193,0.473480416193885,-0.343626531286471,-0.497628312119698,-0.886108709818829,-0.0800332904192877,0.699375414281087,1.64480098633528,0.394604191085821,-1.23321624918318,0.357138159647056,0.149763831780583,1.17800805584479,0.277661542639106,-0.91102833931843,0.513806959629217,2.55721290673067,0.141460545004487,-0.210617258288034,1.49100722539581,0.314329357834215,-0.115382978305131,0.9853905469603,0.304440963286713,2.0898303502824
comm.and.crime_point_0010,comm.and.crime,regression,0.15,0.137113040129533,nominal,0.0192985716239078,-1.56383453476745,-0.375024355916575,-0.387224840880353,-0.472016707391195,0.47649623486865,0.700501405267494,-0.490435159498505,3.06569224200425,2.27170124120992,2.78512631238093,-0.18508469810596,-0.343626531286471,0.682832724400303,0.854387153715993,0.174102255579875,-0.350646997593453,2.04589051594031,-0.294515666436819,-1.34051810584656,-1.01004991778758,2.39246822080117,2.82430763026513,3.06176736040728,-1.05539182634,-0.688849968232438,0.0391120955346223,2.25977598898883,-0.433845179637909,-0.844839901037864,-1.29268835435763,-1.74477079247472,3.05136670190105,-1.25403858092703,-0.350922141952573,-0.970344763376429,3.18826467137296,-1.86617610507607,2.78413236004812,-0.883719295584461,2.36863316980231,-0.556989398460331,-0.731307100708191,-1.14977363056188,0.193499254972986,0.529882184604888,0.53014060635586,0.454899090454526,1.29617829362176,1.04604216081623,-0.333979422149212,-0.782770299686468,-0.230075729421995,0.409831565769285,0.37633485093474,0.600118860823686,0.267330495563925,0.163856228721226,0.11794215341527,0.148795440142343,0.0303266032630535,0.28252993523008,-0.548829847861638,-0.903547422325221,-1.00619817410907,-1.84074783556153,-0.977864586741049,-1.87055250865033,-0.419092853481222,-0.744267573836537,0.491654823047211,-1.23321624918318,-0.37760024144161,0.00232627821327909,-0.910812056434499,-0.617754621230122,0.194009440828534,-1.9537310944425,-1.04789614836431,-1.17821175605928,1.62776672727661,1.92841525943082,2.21489104933683,0.426863797860551,0.22717454329497,0.189443387813436,0.121355038456154,-1.53466458868703,-0.959847858576748,-0.642890116301655,-0.286904425214791,-0.226875569169311,0.0192457270029651,-0.924450780392009,-1.07553374959742,-1.97696737092403,-2.83284346868792,-0.595936377798769,1.16768081164671,-0.225644935755658,-0.391348688885798,-0.0922487271028942,1.35857045010122,-0.453822940289352,2.55461307153122,0.525175431526179,0.627044535799378,0.133016085671751,-0.34476848053886,0.925001184677206,0.703657382637049,-1.23477909898362,-0.440959496409212,1.13012207196148,-0.671523969190694,-0.506438677988928,-1.00718864302409,0.432961111715639,-1.06931551806772,-0.531713688779321,-1.00405920189194,-0.391348688885798,1.04851264749172,7.71766702783649,0.43905062085352,1.75566058021591,0.445891340166776,1.02809986702118,0.00232627821327909,-1.13966992969373,-0.687872404062027,-0.0212745163166381,0.189443387813436,0.705667118525611,-0.264029226104202,-0.864272121234376,-0.337161300152529,0.927243136822718,-0.382231429342107,0.682832724400303,0.660351242786569,0.541247834307328,0.282502572227728,-0.851221389523392,0.281459459960805,-0.780009989472726,1.66067466775754,-0.243561843564225,-0.43486269553505,1.09640162811069,-0.286904425214791,-0.908227461827405,-1.11372871663872,-0.574978601284565,-0.100893761675781,-0.576901296561691,2.69862209257823,-1.14205297583563,-0.0540546487971503,-1.06368304617927,-0.801071272009583,0.577398462198459,1.79339899517967,-0.370866985519292,-1.29867614164992,0.6889909076497,0.625885114403834,0.268301082361422,-0.433845179637909,-0.168225438914154,-0.35568405855027,-0.115382978305131,0.869790820032767,-0.447422857068877,-0.546787652615503,3.52550175095922,0.339056972600567,0.159291292634322,-0.165532189896924,-0.549903811549208,0.776064299963135,0.806954409675075,-0.0536383847421805,0.569266126325109,-0.660482479245224,-0.0579168405136468,-1.47566747692775,0.160681920767624,-0.738257558223326,-0.370281702344836,3.44356371978626,-1.6096218406714,0.294245875850557,-1.56531543697313,1.67966134986692,-1.00117832437123,-1.04427026387769,-1.56531543697313,-0.241958561604024,-0.59830836089083,-0.653776320283739,-0.00859578069383644,0.402678669304647,0.58579542331863,1.83950461286308,-0.399640769102202,-1.28962587051052,-0.845327642642986,-0.442074950479027,0.321344892711017,-0.167826657395328,0.726172755495118,-0.324530007231007,-1.24543837608001,-0.956456783509466,-0.35364645738641,-1.71536329995644,-0.822944761547652,-0.998566532067046,-0.319107477609904,-0.629227587743642,-0.812893280194679,-0.42682878901808,-0.230075729421995,-0.50201955950362,-0.521839596572905,-0.331272613867753
comm.and.crime_point_1840,comm.and.crime,regression,0.16,0.150485072487538,anomaly,-1.20039562229281,1.56802290981872,0.0189685659473083,-0.692630399267912,-0.0774492073752468,0.189657297261516,-0.11337289675326,-0.146336740061482,-0.864828255976639,-0.0965886105387498,-0.277853012703869,0.540420449981549,0.124187285317004,0.682832724400303,0.233454558711339,0.174102255579875,-0.693603398154691,0.192692898382022,0.396654485240329,-0.26010254976604,0.780313543219086,0.274003127169785,0.207993071167575,0.171039307067742,0.226708603941165,0.221480193470925,-0.216759028140039,0.129566772060671,-0.277522937462631,-0.757302642981302,0.113388766845247,0.329221661157051,-0.772850518815592,-0.264778411457355,0.568425864029928,0.314329357834215,-1.42825225123345,0.0943903614790845,-0.705017765998204,0.541247834307328,0.430618996740308,0.299322753066192,0.357978294684454,-0.696975043100807,-0.351119333321313,-0.293946934953727,-0.429862323524147,-0.380579614390398,1.11825455621509,0.931913901423168,-0.0579168405136468,0.0435102601731493,0.114002523928599,-0.503041693998314,-0.240000251790199,-0.243561843564225,-0.348149548490111,-0.0906058585608025,0.11794215341527,0.106554821172549,0.0729119884084963,-0.422722787841705,-0.0936970898511967,-0.649181537796562,-0.639146084251652,-0.602185097684464,-0.407970199261594,-0.549903811549208,-0.114658919112713,-0.458494049224697,0.433686533243749,-1.23321624918318,-0.178217714801685,0.620806112517094,-0.20888346424473,-0.204475052447428,-0.758443965028085,-0.405122580110374,-0.594936053016721,-0.111777692699224,0.602923741041008,0.416811816300365,0.259543388537675,0.290078966127006,0.466091230705398,0.390824193496339,0.40251144436038,-0.295725241742213,0.214903302320632,0.291720927252114,0.882609899578993,-0.226875569169311,0.451894877441661,0.00542422998716656,0.6889909076497,1.01523190618138,0.547219064064617,-0.139144981884744,-0.0140505928019747,0.734823921388646,2.313285179435,0.592406217722805,0.842367611990508,-0.375024355916575,0.378240698697934,0.110020044243945,0.799837073718665,0.133016085671751,-0.115382978305131,-0.856817549342979,1.10310629051276,0.49304512794504,2.04600217443863,0.854415094266617,-1.05813254276258,3.28494957795061,0.402681671401718,-0.633170690066098,-3.0077369758527,0.825219881684049,-0.0658245204870952,-0.391348688885798,0.134929855663671,-0.321861540250354,0.169078085395916,-0.706093598596545,-1.31597710055166,-1.21281089756117,-0.10075369417069,-0.65635599605476,-0.11337289675326,-0.385406580997984,1.84076599441325,-0.8289128675117,-0.264029226104202,-0.70552988692494,0.592713710226646,0.189657297261516,-0.240000251790199,0.682832724400303,0.682832724400303,0.870086402743895,-0.130351673731295,1.23839136456794,-0.179320641157294,-0.152304562810898,-0.346225506490056,0.699375414281087,3.26165559857376,-0.144305290106824,0.200393210115953,1.05811950764474,-0.899600712687643,0.294983219209284,-1.24723086014591,-0.681553878925593,-1.00327058516075,3.01152035610694,1.1342040892995,1.21228566329134,0.380681711753999,-0.366268385707879,-1.08907433885046,-1.12679008480058,0.176251652332003,-0.634402585285642,1.14301836776899,-0.158881157964898,-0.277522937462631,0.100170724627871,-0.277522937462631,-0.115382978305131,0.608860116919203,-0.576459764357761,1.62268954961346,-0.375210946038594,-0.928088305474204,-0.116905957376842,0.939664314033033,3.09508659244989,-1.28758474605954,-0.453822940289352,0.103340488803673,-0.822313500858473,0.773944766485803,0.77027090439305,-1.82965014748341,-0.744267573836537,0.0220735832329614,-1.24024352283868,1.88066081790389,1.86517425074552,1.59218233455465,0.413054945035492,-0.65635599605476,-1.00117832437123,1.38175799306964,0.682832724400303,-0.333979422149212,-0.496562007079367,0.402239153961105,0.0507121317750543,0.0145655943380156,-0.0319371158674677,-0.187688592418646,-0.889578484189684,0.173123836996862,0.955364950824539,-0.69021633412253,1.43583423471039,-0.917734455370194,-1.23321624918318,-0.953762161272296,0.317188096723854,1.17800805584479,0.396031792643891,-0.508860858999424,0.335573396805634,0.897849168625072,-0.319107477609904,-0.52457500537974,-1.50406343187183,0.90725587531605,-0.34476848053886,-0.758469577859468,-0.652304948129686,0.1226841919104
comm.and.crime_point_0559,comm.and.crime,regression,0.36,0.142647837618527,anomaly,-1.38334975138032,-0.867866213748302,-0.138628602798245,-0.570468175912889,-0.472016707391195,0.189657297261516,1.41862578940345,-0.0172998327725985,-0.220480633356821,1.01790073146063,0.683081677518812,-0.129276609791536,-0.109719622984733,0.682832724400303,0.0901624214025735,0.392785655659416,-0.252659454575957,0.58579542331863,-0.697698254915155,-0.665258383296233,-0.353583315418467,0.1226841919104,0.521950818259281,0.438699312006588,0.168431311655657,0.403546225811598,-0.0632363539352424,0.348049768668688,-0.277522937462631,-0.62599675589646,-0.730257505876477,-1.05343997459746,1.37827166783752,-1.45189061482096,1.2004776181429,-1.36562910836432,0.680527083784293,-1.11211207947793,0.798000749837136,0.541247834307328,1.00062316528795,0.870197520750541,0.684763913302247,-1.14977363056188,0.441053158743122,0.481421648160263,0.987284858679672,-0.0150576810207445,-1.43198567994721,-1.17945889734843,-0.241958561604024,-0.608816497610759,-0.000690227188266011,1.36834848852526,1.22972191624619,0.94751679792459,0.677650524933283,1.94509083969543,1.59890345007804,1.24705153335698,1.00979046160824,-0.554957673417664,0.08835601335298,-0.649181537796562,-0.7440181099252,-1.13299769963178,-1.29447257978519,-0.497077863665163,-1.99200151438519,0.0177951584617036,1.47711574970605,-1.23321624918318,-0.244678557014993,0.260026209173202,-1.93670769117339,-0.709594525404054,-1.76381144898785,0.197114064352121,-0.84200519593359,-0.984314653630183,1.80600029010019,1.97160392923455,2.17238349149337,1.52114245172891,1.32619130538294,1.39772822191086,1.19912126108902,0.825219881684049,1.87023448358512,-1.21404130958451,-0.286904425214791,-0.0276726255657857,0.971073857968097,-1.51174026063149,-1.84751328714304,-2.32605728658633,-3.28688171935617,-0.413219819433159,0.429098683866283,-0.0510142344566935,-0.391348688885798,-0.457398031009934,-0.147021161055019,-0.217427187171022,0.72448175801232,-0.423751167976071,-1.04328333075373,1.04604216081623,2.0637792929153,-0.370866985519292,0.133016085671751,-1.1807845918921,-1.60506921467841,-0.799826771902559,0.488301751524978,-0.112528209839365,-0.537231871548822,1.25679023127425,-2.08698678340483,0.23524876409128,0.0329370249239415,-0.391348688885798,-0.230503261067549,-0.321861540250354,0.115083578304395,-0.662904928792817,0.837417660326429,0.798262865525553,0.46618615394114,1.15607125509137,-0.592122486177232,0.646300935599162,-1.05911760742057,0.212409265870761,-0.324717903551093,0.352751675137971,0.837417660326429,0.845289154649251,1.46677387883271,-1.56531543697313,-1.56531543697313,0.760473546598372,-1.01503934364349,0.541853779870831,0.68464204843914,1.04604216081623,-0.871842218792997,1.04677335138199,-0.391374245016123,-1.68278186869654,0.200393210115953,0.402670517820692,-0.846068711699873,-0.574978601284565,-0.8651184939892,-0.262943549469985,-0.675254778272487,-1.00512198687049,-0.994759483123667,0.42445034078228,-1.06368304617927,0.69535681818675,-0.636114243502866,0.277067099578957,0.412240099369111,-0.248412816512834,1.14301836776899,0.108107742239052,-0.35568405855027,-0.705017765998204,0.113282667975565,-0.230075729421995,0.434906314843494,-0.490435159498505,-0.811358043131231,-1.62901145578789,-2.13763607090921,-0.550930207394384,-0.845653115392282,-0.127296228476849,-0.22930318399663,1.51614166903007,-0.576901296561691,0.46618615394114,0.229851673277482,-0.241958561604024,0.294245875850557,-0.744267573836537,-0.146888892646214,1.47199038811273,-0.611535701313945,1.22894398048608,-0.531713688779321,0.660351242786569,2.32407992805221,0.736598913158695,-0.0540546487971503,0.682832724400303,-0.241958561604024,-0.59830836089083,-0.78049817719312,-0.423751167976071,-1.020402605573,-1.6043472156139,-0.343626531286471,-0.938572255698432,-0.886108709818829,-1.02539690198974,0.848260244467189,-0.305555362163633,-1.2458191169842,-1.23321624918318,0.619318223830926,0.26138000840943,-1.20039562229281,-0.393103207388005,1.75333121779498,-0.243685682371009,-0.287410644307502,0.960248140763403,1.98708697135391,0.857434586358428,-0.575060418388539,-0.34476848053886,0.113460484550416,0.652348567438131,0.727959932947938
comm.and.crime_point_0439,comm.and.crime,regression,0.16,0.0728631399221975,anomaly,-1.38334975138032,-0.867866213748302,2.93451618774004,0.406829610927298,-0.35364645738641,-1.40844535512109,4.0517485312353,0.928970820679215,-0.54265444466673,-0.235899778288672,-0.277853012703869,-0.296700874734808,2.93107018493785,0.682832724400303,0.758859062176815,0.502127355699187,-0.497628312119698,0.305007905506768,-0.467308204356106,-0.215085234929352,0.123846940849976,0.677520287861476,0.417298235895379,0.599295314969896,0.634649649939717,0.342857548364707,0.0902863202695546,0.293429019516684,0.738571636676679,-0.713534013953022,-0.308434369515615,-0.411489929425723,0.0875983558456533,-0.611019470771741,0.683344364777741,-1.01975530649992,-0.801317854336286,-0.408318988919673,-0.329263137039369,-0.00681644642028318,0.373618579885543,0.0709728459924523,0.0311926760666601,0.855477256765716,0.243010035727013,0.0937373566032682,0.438711755891097,0.35046425234891,1.23687038115287,1.10310629051276,0.678250043847861,-0.217420442940414,6.30741108423929,0.0446822618622457,0.091872495830922,0.351977477180183,0.472490510248604,2.24196327485779,2.27591432855245,2.64099195936017,2.71320586742594,-2.09769800513719,1.135161356777,1.23312600771551,1.03880632652512,0.577398462198459,0.60517537847966,0.559441094015736,-0.165397908174131,1.63717846459546,0.433686533243749,-1.23321624918318,0.752234076184632,0.826966057285032,-0.154888957153209,-0.479994764969224,-1.1288425117501,-0.319088773758589,-0.883183386419734,-0.0148291414846731,2.34070097857094,2.27392461786064,2.25739860718029,1.794712115196,1.56510799279336,1.7199375110035,1.43341826600921,0.353242987609834,1.28285890313643,-1.11019563807854,0.980069426645142,2.56196564128005,3.04778978007384,-0.728687620312182,0.247859743337919,-0.381127756467814,0.294975591471144,0.957154368308917,0.773770343497151,2.08821185645562,-0.391348688885798,-0.137892390091274,0.283147870703906,-0.453822940289352,-0.0669263775634199,-2.32160436698057,0.16626443468128,0.646593252940519,0.228695275045463,-0.856817549342979,0.0188878262786913,0.0610890712128745,-0.493873574512357,-0.524119794207697,1.32595366093074,-0.752632720582405,1.49924747151068,0.239118965937142,-0.390868007842976,-0.531713688779321,-0.312728384014686,-0.391348688885798,-0.504578098615964,-0.139144981884744,0.169078085395916,1.45333989158982,1.03318082040625,1.77507012188196,-1.02847344562641,-0.69663215719134,0.652626446325096,0.464234903258489,0.874138127135308,-0.33565501485685,-0.506783935891765,0.194009440828534,0.984240030386299,0.968220127909451,-0.571872999411319,0.682832724400303,0.682832724400303,-0.500074299075133,-0.838101809661048,-0.0280406076086237,-2.19523358354898,1.04604216081623,1.27840796790085,1.8904540557699,-0.217420442940414,-0.789472887579932,-0.286904425214791,-0.853606712675401,0.33163531003105,0.65320279235381,-0.769590402450023,0.574277109441232,-0.394098372368261,3.1028076820837,-0.499651675583395,0.293144453697438,2.78795630830944,-0.95606016564934,-0.471401481558287,-0.316872478427771,-0.885696359334983,1.40582904965634,-1.15535164718726,-0.586063398291218,-0.35568405855027,-0.329263137039369,-0.121200695287352,-0.115382978305131,0.304440963286713,1.87524147413103,1.14646284668515,0.112378141086133,2.81575001611035,0.672229042655054,-0.633115326174983,-0.180122176360894,0.82897837806628,-0.453822940289352,-0.52457500537974,0.930046029669001,-0.808871504665675,-0.333979422149212,0.117254540572726,0.446455445379464,-0.696016939253532,0.294983219209284,-0.189129511616007,-1.31597710055166,1.35619388751754,0.682832724400303,0.753309643725566,0.692040522452799,-0.648184017845477,0.682832724400303,-0.333979422149212,0.419155177223805,1.1203296764476,0.762407081401742,-0.050119918156423,-1.26740219423966,-0.499564470154296,-0.644609626645943,-0.280832968781291,2.26086708108849,1.3941712884829,0.321344892711017,-1.10521140486391,0.726172755495118,-0.376966020067782,-0.129276609791536,-0.468579105942779,1.34299379268217,-0.91102833931843,-0.511036026606383,-0.477052214376713,1.06259659023327,-0.419922423015838,-0.985685818113966,-0.624470961512025,-0.230075729421995,-0.707179574188299,-0.43486269553505,0.727959932947938
comm.and.crime_point_1749,comm.and.crime,regression,0.13,0.136439459141929,nominal,-0.224640267159436,1.22003874930914,-0.453822940289352,0.773316280992368,-0.629843707397574,0.886266145735984,-0.544247527234835,-0.533447461928133,0.874910325096869,0.321344892711017,0.562964841240977,-0.408317051363656,-0.421595500720383,-0.373796911445209,0.520038833328871,0.502127355699187,1.26614746219524,-0.144252122992213,0.16626443468128,-0.485189123949481,-0.353583315418467,0.526201352602092,0.103340488803673,-0.0966206978711041,-0.530896195770433,-1.23504806525446,-1.03554662389896,-0.0889162245473447,-0.433845179637909,-0.932377159094426,-0.449042081635903,-0.115205293192613,-0.342626081484969,-0.165852394510387,0.740803615151647,0.0178660990932967,0.395556903376489,0.0943903614790845,-0.00718774078893893,-0.8289128675117,0.202617329321249,-0.956601735839376,-0.894699910017088,0.596735206787962,0.886650185529367,0.869105939717259,1.07871370914443,0.507116509507333,0.0507121317750543,1.21723454990582,-0.333979422149212,-0.695793398648614,-0.34476848053886,1.82478511840906,1.18231152372889,0.848260244467189,0.421200506577434,-0.133016206441141,-0.305189645631236,-0.400332606464976,-0.438112633336816,0.591078001573987,-0.503316572060594,-0.140449768739244,-0.0623499430471371,0.69535681818675,1.04842656874146,-0.602729759433253,1.10307681836132,-0.601380811530617,-0.725679262825477,0.726172755495118,-0.444061083654919,0.569266126325109,0.871006677585685,0.300644420509198,2.15183033064492,-0.491156386462159,-1.08907433885046,-1.17821175605928,0.201898224687947,0.114491127674274,0.0470055993203757,-0.120275529073628,0.22717454329497,0.229719548950016,0.121355038456154,-0.826699247575706,0.161505522279842,-0.383275937536719,-0.286904425214791,-0.226875569169311,-0.586463083611209,1.32682556052599,1.18526346750045,1.31445183389192,0.849911231176784,0.0435715764808665,-0.949587954657186,-0.443933312379363,-0.391348688885798,0.820624532664704,0.455215483407476,-0.453822940289352,0.72448175801232,-0.423751167976071,-1.8496485077104,-0.722945859776196,-0.34476848053886,0.223072592487436,0.760721512333579,1.41095174850089,1.56977547151032,1.01983928088354,1.58369270997867,-0.555677486507623,-0.276144776284783,0.578342721049512,-0.197025862064479,-0.649707912297875,2.65011797831641,-0.391348688885798,-0.504578098615964,-0.230503261067549,0.871006677585685,-0.965225617418908,0.152246600047036,0.913181366273366,-2.93545293472984,-0.213318223552372,-0.209122814638054,0.464234903258489,-0.334146706962114,0.760473546598372,-0.203340548657311,-0.599701730718649,0.739536080286516,-0.465974560126219,1.18231152372889,-1.56531543697313,0.682832724400303,0.65086069045285,-0.425247563702025,-1.10450778395871,0.742239561078903,-0.722945859776196,0.322741218259141,1.543056118669,-0.13044354190256,-0.0946770133781229,-0.286904425214791,0.5119120161247,0.438699312006588,0.294983219209284,0.520038833328871,0.364971944713428,-0.0192231644959594,-1.46155861675429,-0.301608552567286,-0.888608530066145,1.38736017940446,3.05452393795259,-1.04789614836431,-0.748828535159937,-1.23967902989064,1.79181881842915,1.08555911739508,-1.33363231886228,-0.35568405855027,-0.436621602456179,-0.199361816374992,-0.34476848053886,0.565371666400276,0.283786284234797,0.776064299963135,1.50548981858535,1.54860473803558,-0.708757207400764,-0.165532189896924,-0.232948124244939,1.25229100289144,-0.0598300184254683,-0.315269840651936,0.46618615394114,-0.858334513139159,-0.241958561604024,0.766222769924772,0.446455445379464,1.88066081790389,-0.779675500224294,-0.569295082344151,-1.02233236043192,-0.708705024057152,0.682832724400303,1.80048983327666,-0.733827980135861,-2.62861524800656,0.682832724400303,-0.241958561604024,-0.140449768739244,-0.358091987495182,0.762407081401742,-0.761660555595246,2.04589051594031,-0.265657561852559,-0.44863454061095,0.324442772256246,0.0100013392540886,0.10383609353668,0.182033724961094,-0.917734455370194,-1.23321624918318,-0.796454122761974,-0.0176604331626889,0.690130378278102,-0.35364645738641,2.90956272371213,-0.0654521195474263,0.281514065900134,-1.18906929810375,-0.472248714197789,-0.467308204356106,-0.920934220252943,-0.230075729421995,-0.912339588872978,-0.695793398648614,-0.633910484386522
comm.and.crime_point_0364,comm.and.crime,regression,0.1,0.0586366717153191,nominal,0.751115087973938,-1.21585037425788,-0.453822940289352,0.590072945959833,-0.708757207400764,0.804312163562517,-0.352747691465246,-0.146336740061482,0.55273651378696,0.321344892711017,0.262672750546389,-0.129276609791536,-0.499564470154296,-1.56531543697313,-0.530770173602079,-0.0445811444996654,-0.105678140049712,-0.31272463367933,-0.294515666436819,-0.215085234929352,-0.293904533384912,-0.633910484386522,-0.733880170107544,-0.899600712687643,-0.239509734342896,0.221480193470925,-0.370281702344836,-1.01746896013141,-0.35568405855027,-0.144541836585371,-0.261565132142186,-0.164586065898132,-0.342626081484969,-0.611019470771741,0.338588862534303,1.00607696156302,-0.3453655656838,0.345745036678463,-0.597659300581394,0.157602837798,-0.424387256081161,0.242235276297757,0.194585485375557,0.143936619326893,-0.103565429551178,0.0937373566032682,0.484426181123479,0.454899090454526,0.643791256463961,0.0188878262786913,-0.333979422149212,-0.695793398648614,-0.34476848053886,-0.00096140112613429,1.18231152372889,0.897888521195889,0.575070517590943,-0.345067945842831,-0.0513105662033324,-0.146888892646214,-0.225185707609603,0.41476482080604,-0.184723641453285,0.012169761977951,0.0949580954631852,0.341481750221874,0.161924188217862,0.665092989783826,-0.368353864419804,0.0177951584617036,-0.0300597851839413,0.726172755495118,-0.444061083654919,1.03312600205297,-0.26287797133625,-0.388154860795292,-0.970100277440667,0.842367611990508,0.105093185247738,0.130593685337154,-0.64471119872407,-0.706093598596545,-0.760637999705362,-0.4394401364519,-0.441792181454227,-0.616079834918179,-0.534676575320374,-0.708705024057152,-0.158881157964898,-0.383275937536719,-0.189444898148642,-0.226875569169311,-0.370138508391861,-0.728687620312182,-1.18581654067537,-1.12917757574417,-0.411306131790581,-0.504578098615964,0.133665832754111,-0.531248663028845,-0.391348688885798,0.638049880711185,0.928401418342293,0.0977671503200851,0.180388664803999,-0.779598642789415,0.108666922041517,0.874849771726638,1.60500828844784,-0.100894450061688,0.589529123243989,-0.856817549342979,-0.599701730718649,0.6889909076497,0.617171276048942,1.06920319460932,0.141594576137679,1.49909291349738,-1.60238141895859,-0.0597367947051054,0.971171706328788,3.7696264931462,-0.504578098615964,-0.0477867027019386,0.601034142128082,0.762321174730183,-0.777628410332139,-0.293462891578667,0.517726140133124,-0.0924897401426294,-0.352747691465246,-0.203340548657311,-0.0522135790060488,1.52776353961703,-0.0212745163166381,-1.28758474605954,0.299068970106906,0.312588270521716,1.22972191624619,0.682832724400303,-1.56531543697313,2.07582782034464,-1.42789358960251,-0.218005403435109,0.857434586358428,0.36127260445787,1.03949128049042,0.252720923722782,-0.956724101762177,-0.144305290106824,-0.286904425214791,-1.01746896013141,-0.41781270379772,0.141460545004487,-1.05617467706755,0.678929691805134,-0.159801367448073,-1.46155861675429,0.243010035727013,1.25605429231962,3.05056808247913,-0.307289207713733,2.740497376361,-0.100894450061688,1.65117944631393,-0.965250958519477,1.60269237076024,0.588687762606162,-0.35568405855027,-0.973413929540229,-0.35568405855027,-0.34476848053886,0.521883215881349,-0.576459764357761,0.352751675137971,-0.862800033163321,0.799837073718665,0.63277229265346,-0.760637999705362,-0.338600020013028,1.83434586202605,0.176565734692862,-0.419922423015838,0.0538662644052637,0.823407774959287,-0.333979422149212,-1.06268769461281,-0.696638653067897,0.359998534991312,-0.319107477609904,0.23327667808193,-0.288220510132573,-0.94469347109426,0.682832724400303,-0.857736801737663,1.6723251179825,-3.02470149403878,-1.56531543697313,-0.333979422149212,-0.140449768739244,0.528961010870487,0.110020044243945,0.6614207192824,0.248850401944395,-0.343626531286471,0.139290717494029,-0.734789774559444,-0.395154494276104,-0.193933566835524,0.182033724961094,-0.823995980623335,0.726172755495118,-0.48183804574133,-0.129276609791536,-1.38334975138032,-0.314189707384816,1.35116373747598,2.20702580645325,-0.42964182185941,1.42081616337779,-1.25714308192706,0.281459459960805,-0.575060418388539,0.572773528396057,-0.142989533805432,-0.739281849167541,0.0722445468239389
comm.and.crime_point_0850,comm.and.crime,regression,0.04,0.058463678049002,nominal,-1.38334975138032,-0.171897892729153,-0.217427187171022,-0.0818192824927953,-0.669300457399169,0.35356526160845,2.23250009142421,-0.40441055463925,-1.05813254276258,-2.04694495903766,-1.29884612106547,1.15430942144021,-0.187688592418646,0.682832724400303,3.05153325911707,0.11943140555999,-0.00769059703221596,2.83209556581353,0.339056972600567,-0.890344957479674,1.13838623542042,3.14906289709809,3.39989683326659,3.3829593663339,-0.297787026628403,4.83381967943463,1.62551306231752,2.47825898559685,-0.433845179637909,-1.23875756229239,-1.33955759173106,-1.6953900197692,2.95576127138314,-1.20457557245354,0.281129612160397,1.4507718496744,1.02249130027366,-1.86617610507607,2.99884929088174,-1.32217072016655,-1.05139184148357,-1.07077668937625,-1.22148552863488,-0.826346068089685,1.62931189683977,1.547553449942,0.941570433447291,1.08150811908822,0.169327956712836,-0.209368692507428,-0.333979422149212,-1.04370100280003,-0.115382978305131,-0.685616345951833,-0.761514569480531,-0.64058805739383,-0.809759581530638,-0.0906058585608025,-0.093623746107983,0.0643142022027552,-0.0122587818823892,-0.202331311881772,-0.412290020458506,-0.801801068513758,-0.639146084251652,0.0465858602511433,-0.15468380482628,-0.232948124244939,1.71194468709834,-0.649009732299257,-2.00098163850163,0.726172755495118,-0.444061083654919,1.03312600205297,1.84290780523306,-0.663674573317088,-0.70552988692494,-0.405122580110374,-1.08907433885046,-0.741943275593805,3.27642718339475,3.18088668373891,3.10754976404949,2.98018065688672,2.99860811725593,2.32407992805221,2.88605969651438,-0.94469347109426,0.695483322687741,-1.16211847383153,-0.286904425214791,-0.226875569169311,0.754749282748749,-0.973391570411965,1.62639463181223,0.716011978470835,0.79946253665809,-0.413219819433159,0.527576300903674,-0.356617961729881,-0.391348688885798,-0.137892390091274,0.369181677055691,-0.453822940289352,-0.215315402983871,-1.84714106722945,1.72139727595486,-0.323496951900488,0.114002523928599,-1.55874614153275,-3.00551104763739,0.00709456412135369,0.0352672065190975,0.578708116571755,-1.18700206728655,1.95550174794584,-3.04366798608359,-3.0077369758527,-1.16623659095697,1.53318522279537,0.329221661157051,-0.391348688885798,-0.504578098615964,-0.230503261067549,0.223072592487436,3.18088668373891,0.299068970106906,-0.408381392326479,-0.873853487050458,0.149167226676855,-0.639997445119629,-0.203340548657311,0.310271871223178,0.267215693943522,-0.749538645679329,0.0352672065190975,-1.02233236043192,0.189657297261516,0.897849168625072,0.682832724400303,-1.56531543697313,0.596054262380089,0.282502572227728,-1.29447257978519,-0.697698254915155,0.532464993547459,-0.0595254815975429,1.8408257790412,0.130487161211004,0.649747137552387,0.00547415598365529,-0.362019970307365,-1.06019671565095,-1.34259197230855,-0.14865780744537,1.14986631244269,-0.394098372368261,-0.503041693998314,-0.499651675583395,-0.669765384924741,0.993442518149931,-0.897080987655194,1.21690432837365,0.709023156311124,0.766222769924772,0.90955648980559,-1.61502565017851,0.428494422483792,0.113282667975565,-0.00718774078893893,-0.277522937462631,-0.34476848053886,1.39165222625989,-0.40441055463925,0.82897837806628,0.182033724961094,0.627044535799378,-0.669300457399169,-0.888160673235742,-1.1309892382737,-1.76381144898785,-0.375024355916575,0.103340488803673,0.46618615394114,-1.10564955550658,-0.149937701058835,-0.413719465260767,-0.553751890761977,1.1203296764476,0.0902863202695546,-0.231370130585801,0.886358450346385,-1.53466458868703,0.682832724400303,-1.17994609083031,0.291015006099739,-0.598673237091449,0.682832724400303,-0.333979422149212,1.5383650691499,-0.653776320283739,-1.19475403007165,1.11421930674347,-0.874299669303055,0.903876979656129,0.237278260511525,0.0722445468239389,-0.710275698132921,-1.18649910140954,-0.932455617038282,0.582081140579538,-1.23321624918318,-0.376966020067782,0.652036626610397,-0.651533235030286,-0.51147345739279,-0.860757404278554,1.13762442951176,-0.382231429342107,-0.4726301518147,0.888234856532939,-0.352113179076581,-0.328007702771107,0.802159030629787,-0.348149548490111,-0.391374245016123,-1.03742764507821
comm.and.crime_point_1299,comm.and.crime,regression,0.07,0.067465246091068,nominal,-0.773502654421958,0.524070428289996,-0.375024355916575,0.406829610927298,-0.629843707397574,0.681381190302317,0.269626774785918,-0.490435159498505,3.5811703401001,3.52550175095922,3.98629467515928,-1.24543837608001,-0.499564470154296,-1.56531543697313,-1.05617467706755,0.994165005878154,2.3440104353877,0.473480416193885,-1.3888684065923,-0.710275698132921,-0.7116560076198,-0.684350129472983,-0.943185334835349,-1.06019671565095,-1.34677828776754,-0.567472613338656,-0.779675500224294,-0.525882217763377,-0.199361816374992,1.38736017940446,-0.917734455370194,-1.39910538353609,2.09531239672189,0.0319996393835476,-0.695677644196011,-1.8103239964757,3.18826467137296,-1.26292488459756,0.959038447962351,-1.43178357631207,2.99563775520472,-1.24203911968155,-1.38487833794378,-0.632289530606369,0.589585501005203,0.869105939717259,0.850141582982528,0.454899090454526,-0.127211605631618,0.133016085671751,-0.333979422149212,-0.260908893459341,-0.230075729421995,3.1028076820837,3.0313168319037,2.98227614380132,2.37022064608188,1.26652527361002,0.837266211794329,0.57120162984028,0.328424299281152,0.41476482080604,-0.548829847861638,-0.445688830173635,-0.639146084251652,-0.897080987655194,-0.15468380482628,-0.814033550969433,-1.23091667846391,-0.220349445381496,0.89743285167144,-1.23321624918318,-0.444061083654919,1.08466598824495,-1.50475163444123,0.254724468422232,-0.388045418306067,0.197114064352121,-0.306688719613709,0.227542236551704,-0.511036026606383,-0.576527589185363,-0.590607768331523,-0.758604743830171,-0.871842218792997,-0.938289124010825,-1.09698938712883,1.06120832872116,-1.44042787894386,-1.16211847383153,-0.286904425214791,-0.226875569169311,-0.197078848216383,-1.41385868059157,-2.23350305591585,-2.92449714200741,-2.37880521801967,-0.504578098615964,0.429098683866283,-0.662221689003069,-0.391348688885798,-1.05076564985887,-0.319088773758589,-0.375024355916575,-0.611019470771741,2.00787324324845,-0.58250322963563,1.04604216081623,-0.34476848053886,-0.694834028068417,0.30420847476134,-0.640839520976896,2.20474440874806,-1.79237189160407,-0.735958731452675,1.51235247127758,-1.52936283355217,-0.87547337228922,0.626803257494137,1.17920255223971,1.95878716043915,-0.391348688885798,-0.413219819433159,0.317646414029282,-0.100894450061688,-0.792470938203999,1.66941109066569,0.510966613656022,-0.770773514666489,2.00187063895957,4.0517485312353,1.7386971296432,0.632481160315823,1.47295711154427,-0.628161290785547,1.72851770581975,0.348009760126863,0.763335172475784,-0.571872999411319,-1.56531543697313,0.682832724400303,1.25373139925322,-0.66116427567861,-0.15468380482628,0.454251997880092,-0.551753470686607,1.03949128049042,-0.144305290106824,-0.608816497610759,0.550490584094985,0.492771791314399,-0.580502966915381,0.866955319908742,-1.34259197230855,2.19178043526448,0.783582274169036,1.52713706797728,1.23141749956012,0.985671747037421,1.91258372774383,-1.06368304617927,-0.130351673731295,-0.0184413862106956,0.0610890712128745,-0.0597367947051054,-0.303554212051806,0.453507363282115,-0.479267838209638,0.504088273413761,-1.13445162766544,-0.433845179637909,-0.115382978305131,-0.869747200724323,-0.18934904249111,-0.599701730718649,0.530311644335899,-1.8496485077104,1.65864779269492,-0.930668231079202,-0.655555707317298,1.56977547151032,-0.375024355916575,-0.681553878925593,-0.152293680362675,-1.05618654703309,-0.333979422149212,3.0081130167773,-0.696638653067897,-0.44257322543477,-0.421455927079768,-0.358091987495182,0.445891340166776,-1.00369058285354,-1.56531543697313,0.0686149044036935,-0.956619933665339,-0.252097771813259,-0.441241356286412,-0.241958561604024,0.164789292695146,-0.738257558223326,0.525175431526179,0.208622131821331,1.8774180052532,-0.499564470154296,-0.105678140049712,-0.835669064732367,-1.1604488464998,-0.888729441037333,-0.375210946038594,0.160258004218676,0.726172755495118,-0.691582097088426,-0.798973669564622,-1.38334975138032,-0.629843707397574,-0.760215534198803,-0.466477635900487,0.281514065900134,-0.216759028140039,-0.838532752471447,0.799837073718665,-0.179776073400649,-0.115382978305131,0.164750488221586,0.0869987106920766,-0.633910484386522
comm.and.crime_point_1196,comm.and.crime,regression,0.31,0.324250361603528,anomaly,-0.224640267159436,0.176086267780421,-0.138628602798245,-1.12019818101049,-0.590386957395979,0.804312163562517,-0.0654979378108623,-0.490435159498505,-1.7024801653824,0.391000476585978,-0.337911430842786,0.707844714924821,-0.109719622984733,0.682832724400303,0.758859062176815,0.11943140555999,-0.15467191155846,1.2596854660671,0.108666922041517,-0.440171809112793,0.302883286950643,0.727959932947938,0.888234856532939,0.759891317933204,1.33397715736581,-1.23504806525446,0.294983219209284,1.11274025679674,-0.277522937462631,-0.713534013953022,-0.167826657395328,-0.609013020247796,1.5216798136144,-0.561556462298257,0.798262865525553,-0.278597159647621,1.64942569717082,-1.01157020939818,1.76422693858843,-1.10294500787551,1.68462816754513,-1.29912659644998,-1.22148552863488,-0.891031580584123,0.391542377989094,0.432961111715639,0.804427157750147,0.559333928560141,1.11825455621509,0.589529123243989,-0.241958561604024,-0.347885794497196,0.114002523928599,-0.320467042044794,-0.287410644307502,-0.392446673750327,-0.348149548490111,0.460728663883593,0.498760772557125,0.486720391900693,0.541351225008366,-0.687192558993624,0.406948943960289,-0.649181537796562,-0.7440181099252,-1.01503934364349,-0.977864586741049,-0.549903811549208,-1.1801776894025,-0.601380811530617,1.07133772108182,-1.23321624918318,-0.311139399228302,0.775426071093047,-1.23477909898362,-0.479994764969224,0.299837597034825,-2.12579870714607,-0.924361576905879,-0.596520448771979,1.22674121092355,1.06464186335627,0.982171871876493,1.293167732173,1.70845800523962,1.80048983327666,1.80829347388151,-0.94469347109426,-0.479267838209638,1.07056346354692,-0.286904425214791,-0.226875569169311,1.23066334823131,-0.0924573500527467,0.523566721032782,0.0178321471462401,-0.259960048234497,-0.504578098615964,2.20169579053932,3.31062676554837,-0.391348688885798,-0.229179716068034,1.18650283739765,-0.375024355916575,-0.0669263775634199,0.406559606588398,0.799837073718665,0.0759519559752211,-0.230075729421995,0.43905062085352,-1.97835671309985,0.115083578304395,-0.123475027790339,0.523566721032782,0.0372584156911057,0.773770343497151,0.246029414243294,-0.00318371628598076,-0.293946934953727,-1.23967902989064,0.674887070095679,-0.391348688885798,2.05345371850258,-0.504578098615964,-0.0468999429701671,-1.00841428722264,1.57152951062578,-1.27027014793507,-0.10075369417069,-0.575803673781598,-0.639997445119629,1.43525374240874,1.63938518873034,-1.37697714823931,-0.0819631937635291,0.564407987550553,0.935299240366342,0.886266145735984,0.613386813521254,0.682832724400303,-1.56531543697313,-0.171235730638567,0.69535681818675,0.795140174306145,0.108666922041517,-0.951202378562316,0.274957880777056,0.15346437026538,-0.0869550913836323,0.00457954007927846,-0.286904425214791,-0.744365214371393,-1.00666471466318,1.31846771390793,-0.674062310910845,1.93476068017196,-0.253520169416148,0.364187902780905,1.08469330854548,0.42445034078228,0.0305326795277526,0.813315174175043,-1.00671795787817,-1.23477909898362,-1.12168480637209,-1.07553374959742,0.85572211589946,0.214903302320632,-0.277522937462631,-0.973413929540229,-0.35568405855027,-0.230075729421995,-0.91323565124325,-0.146336740061482,-1.49924105847212,0.182033724961094,-1.04328333075373,-0.629843707397574,3.10754976404949,-0.972511394621568,-0.440959496409212,-0.375024355916575,0.312645653531477,0.569266126325109,-0.165852394510387,-0.333979422149212,-0.826699247575706,-0.744267573836537,3.44356371978626,-0.01206212920031,-0.611535701313945,1.27788477050604,3.0081130167773,0.682832724400303,0.672757321452404,0.513806959629217,1.77784423910186,-1.56531543697313,-0.241958561604024,-0.242196122550708,-0.358091987495182,-1.13544611760276,-0.373547480628615,-0.368882137241703,-0.265657561852559,0.580234661072763,0.374882417342708,1.0904168953346,-1.58352531523914,0.321344892711017,-0.636519031129619,0.726172755495118,-0.219657981557459,-0.296700874734808,0.324222120103087,-0.669300457399169,-0.760215534198803,2.51893454139452,0.565976421003951,-0.830849724959226,-0.315269840651936,-1.04328333075373,-0.920934220252943,-0.34476848053886,0.472490510248604,-0.565328047091832,0.324442772256246
comm.and.crime_point_0300,comm.and.crime,regression,0.36,0.0306108869860451,anomaly,1.48293160432397,-1.21585037425788,0.0189685659473083,-1.24236040436552,-0.550930207394384,0.558450217042117,0.173876856901124,-0.40441055463925,-0.54265444466673,-0.0269330266637888,-0.0376193401481986,0.540420449981549,0.0462183158830917,0.682832724400303,-0.960646585528377,-0.919314744817829,-0.595615855137194,-0.593512151491192,0.281459459960805,0.955364950824539,0.243204504917087,-0.93654835490529,-0.52457500537974,-0.631940707748796,-0.589173488055941,-0.14265187121042,-0.728501275489362,-0.689744465219389,0.113282667975565,0.643293485923684,-0.308434369515615,-0.263347611309168,-0.629442373038718,0.625555741065352,-0.810596144943824,0.166097728463756,-0.687329782173164,0.948996257156972,-0.651338533289799,2.67869852914501,0.0316160787569558,2.52573434703515,2.59101335523938,-1.14977363056188,-1.44035650990991,-1.21469712740159,-1.16129312724225,-0.850536385865668,-0.957522380196087,-1.00826650825885,-0.0579168405136468,0.217464062248858,-0.230075729421995,-0.229179716068034,0.044462103313619,0.203092646994081,0.0621704808792462,-0.387478293723169,-0.305189645631236,-0.273610749555595,-0.310356477900488,0.458843115998027,-0.321263468856418,-0.547435183985099,-0.691582097088426,-1.30993523361422,-1.42111577700285,-0.655555707317298,-1.43387263470959,-0.125091603844216,1.24524259049221,-1.23321624918318,-0.178217714801685,0.672346098709078,-1.39676262025819,-0.204475052447428,-1.28758474605954,-0.147021161055019,0.105093185247738,-0.0148291414846731,-0.689269589429965,-0.706093598596545,-0.675622884018443,-0.393845192540718,-0.537358856418398,-0.69663215719134,-0.628395377288449,0.294245875850557,-1.06664341865833,-0.954427130819579,0.785150372512844,0.271131789839503,-0.326873593347992,-1.6096218406714,-1.02039235405845,-0.430997744419571,-1.26893393860839,-0.230503261067549,0.182904641272807,0.341904843465976,-0.391348688885798,-0.366110705033174,1.35857045010122,-0.296225771543798,0.279314681750966,0.228635869181726,2.81575001611035,-0.0381763034178386,-0.230075729421995,0.385056113761999,-2.09248497249291,0.817012170494165,0.617322065653698,-0.468978398668724,-0.0271763465708762,-0.604916295026319,-0.276144776284783,-0.778552299399972,-0.00318371628598076,-0.531713688779321,-0.559632247542278,-0.391348688885798,-0.321861540250354,-0.504578098615964,0.817012170494165,-0.965225617418908,0.543772920206689,1.14301836776899,-0.513073583706566,-0.575803673781598,-0.639997445119629,0.52492358070538,-1.01884144628399,2.29505353263568,-0.324717903551093,-1.1288425117501,-1.16915473049179,0.23063428834825,0.471155635969346,0.30064753696682,-1.56531543697313,0.65086069045285,0.40046092821602,-0.471291797870422,0.16626443468128,1.10310629051276,-1.06297556872134,-0.293190120292925,0.391417864324567,0.15346437026538,-0.189444898148642,0.675774263580712,-0.471344704785489,0.65320279235381,0.185690512941751,-0.576901296561691,-0.956411184176713,-1.18769663882401,0.0944776934649314,-1.10745167520755,-0.713534013953022,-0.189330851725441,-0.883183386419734,0.169078085395916,0.943214105202603,1.46097044519532,-0.465840642700386,-1.12004119869912,-0.35568405855027,0.475925353586706,-0.277522937462631,-0.34476848053886,-0.608816497610759,-0.576459764357761,2.25765848685121,1.22686748308551,-1.21607586867302,0.356575042642296,-0.930668231079202,0.189659458827421,0.246923518931679,0.0977671503200851,-1.25714308192706,0.569266126325109,0.229851673277482,-0.149937701058835,0.530234322887664,-0.649009732299257,2.38754824554141,0.192634769739419,-0.653776320283739,0.348009760126863,0.471237211128387,0.682832724400303,-0.777184479464502,-0.912061542959443,-0.00454386804312309,0.682832724400303,-0.333979422149212,-1.15791330685388,-0.696016939253532,0.999638731277305,-0.955717093078561,0.641952926881002,-0.343626531286471,-0.742597169663439,0.526201352602092,-0.440171809112793,-1.13687082468084,-0.653833281538438,0.394604191085821,0.726172755495118,0.357138159647056,-0.18508469810596,-1.38334975138032,1.65864779269492,-0.860757404278554,-0.733827980135861,-0.0503586817209869,-0.882023949694159,-0.943185334835349,0.511849510519854,-1.0691658496234,-0.34476848053886,0.472490510248604,-0.304397343978269,-0.0286347433489841
comm.and.crime_point_0707,comm.and.crime,regression,0.42,0.389640586905949,anomaly,0.629145668582266,-0.519882053238727,-0.296225771543798,-0.26506261752533,0.238204792637512,0.189657297261516,-0.592122486177232,-0.576459764357761,0.874910325096869,0.251689308836056,0.623023259379894,0.763652803239245,-0.499564470154296,-1.56531543697313,-0.960646585528377,-1.52069409503657,-0.840584712680936,-0.31272463367933,1.14542214955724,1.36052078435473,0.899671107286197,-0.986987999991752,-0.9955116260173,-1.06019671565095,-0.764005364912463,-0.324717903551093,-0.984372399164023,-0.689744465219389,-0.121200695287352,0.905905260093369,-0.0272189452750407,0.526744751979124,-0.868455949333508,2.15890900374335,-1.5001071494307,1.15430859093348,0.680527083784293,1.5019765425956,-0.866055464123419,0.596054262380089,0.145616912466485,0.527672660139931,0.575835373762982,-0.438232993123054,-0.747205579353531,-0.778552299399972,-0.841292150615578,-0.11949251912636,-0.779598642789415,-0.951202378562316,-0.149937701058835,0.260952512767785,-0.34476848053886,-0.00096140112613429,-0.0503586817209869,-0.491703227207728,0.0108804772080765,-0.59953003312486,-0.60138190496379,-0.653776320283739,-0.608454173918587,0.679234591957959,-0.548829847861638,-0.343942476362171,-0.324530007231007,-0.543205919690318,-0.724578192305735,-0.0744702805928035,-0.317614875358386,-0.601380811530617,0.0279085046195201,0.726172755495118,-0.311139399228302,0.00232627821327909,-0.26287797133625,1.58640307894425,1.1993769247883,-1.3945113531559,0.805122423512198,-0.111777692699224,-1.00117832437123,-0.965225617418908,-0.930668231079202,-1.12336429511962,-1.2063255811676,-1.13966992969373,-1.09698938712883,0.412240099369111,-0.959847858576748,0.343643763005101,-0.0919853710824933,-0.226875569169311,-0.759522743786688,1.08212161042621,0.413283929954837,0.765881966422592,0.900359925695479,-0.413219819433159,0.0351882157167206,-0.662221689003069,-0.391348688885798,-0.274823379056414,1.01443522469408,0.176565734692862,-0.0669263775634199,1.71133368090399,1.203019662197,-1.23652302704496,0.572773528396057,1.51894076268393,-0.380561081597017,0.223072592487436,0.987720612375717,0.6889909076497,0.230562702477051,2.00474055646453,0.924855861929795,0.33604003882639,0.917566476161884,0.766222769924772,0.625506297390161,0.898553617544122,1.23122920585733,0.683079530760502,2.05888583359914,-0.878848277811454,-1.07127315045188,-0.350922141952573,-1.80157323850618,-1.05911760742057,0.221751815843521,-0.567472613338656,0.95469044940847,0.486441406234567,-0.628161290785547,1.14646284668515,-0.0435165600327901,-2.55580110554962,1.56159466386731,-1.56531543697313,0.682832724400303,1.30853782732598,-0.0123933177430025,-0.534613396479251,-1.27367338131278,0.36127260445787,-0.441792181454227,0.997145074653291,-0.43486269553505,2.0889671626847,-0.286904425214791,-0.853606712675401,-0.524876705773258,0.806725466558606,-0.769590402450023,0.678929691805134,1.19912126108902,-0.959478323882113,0.391542377989094,-1.01991441715099,0.205607195640876,1.16719024213992,-0.347866910099853,0.43905062085352,0.294245875850557,-0.0278472343569434,0.338588862534303,-0.319074498087268,-0.199361816374992,-0.597659300581394,-0.199361816374992,-0.34476848053886,1.21769842418418,-0.318385949779994,0.246923518931679,-0.932455617038282,-2.19523358354898,0.514402042648675,-0.973175788922662,0.242485406711466,0.141095362725389,-0.375024355916575,0.731255982987085,1.08466598824495,-0.709945487718708,-0.241958561604024,-0.118733906464382,0.0177951584617036,-0.062407654706626,0.602028567618877,-0.44257322543477,-1.16915473049179,0.589231434646941,0.682832724400303,0.511652676906082,-0.689269589429965,-0.351119333321313,-1.56531543697313,-0.333979422149212,-0.852674245419489,-0.189129511616007,0.287943781650617,-1.14977363056188,-0.200409626554585,-0.499564470154296,-0.44863454061095,-0.533031194213599,-0.710275698132921,0.600118860823686,-0.584177697663477,-0.308434369515615,0.726172755495118,-0.219657981557459,0.540420449981549,0.751115087973938,1.1062532926726,-0.358048053879797,1.00394925739407,-0.90374574703244,-0.984372399164023,-0.629227587743642,-1.73445348243088,-1.51386073773478,-0.230075729421995,-0.348149548490111,1.21769842418418,-0.381712258954214
comm.and.crime_point_0250,comm.and.crime,regression,0.03,0.03623835778802,nominal,1.60490102371564,-1.21585037425788,0.0977671503200851,-0.448305952557865,-0.669300457399169,0.640404199215584,0.700501405267494,-0.576459764357761,1.64812747224065,1.71445657021024,2.30465896726958,0.372996185038278,0.124187285317004,0.682832724400303,-0.912882539758789,-0.481947944658748,0.0413031744765323,0.529637919756257,0.627044535799378,0.415157172784282,0.123846940849976,-0.684350129472983,-0.786206461289495,-0.899600712687643,-0.589173488055941,-0.628161290785547,-1.24024352283868,-0.635123716067385,0.269604910150844,1.12474840523477,0.0665195294718176,-0.312728384014686,-0.103612505190179,0.0814626478570313,-0.23600364120476,-0.130365530277162,0.851509192028974,0.345745036678463,-0.382942369747774,-0.33565501485685,1.62762775069036,-0.728251828765636,-0.567914291399295,-0.56760401811193,-0.450140894829368,-0.0516442527306052,-0.292719047827003,0.193811995190487,0.110020044243945,0.4183367341544,-0.149937701058835,-0.217420442940414,-0.230075729421995,3.1028076820837,2.60462329924798,2.18822371614211,2.21635063506837,0.503139011763931,0.202568513224571,0.0220735832329614,-0.0122587818823892,0.458843115998027,-0.0936970898511967,-0.0895765918335127,-0.272093994394233,-0.897080987655194,-0.977864586741049,-0.338600020013028,-0.977221733156823,-0.220349445381496,0.781496272064518,-1.23321624918318,-0.178217714801685,0.620806112517094,-0.96480656352602,-0.571834669143156,-0.652615808821794,-1.05037612774876,-0.306688719613709,0.0336451341226025,-0.733827980135861,-0.792470938203999,-0.803145557548822,-0.758604743830171,-0.824058881310911,-0.817460640601083,-0.909551783192675,0.23524876409128,-0.479267838209638,0.914794956287961,-0.189444898148642,-0.226875569169311,-0.413403423435731,0.788476870306472,-0.579261189746669,-0.580607708274842,0.194078202433754,-0.139144981884744,-0.0140505928019747,0.0799587915175297,-0.391348688885798,-1.05076564985887,1.10046903104586,-0.296225771543798,0.180388664803999,0.0507121317750543,0.91503209899819,0.760721512333579,-0.34476848053886,0.169078085395916,-0.0952404331143684,0.871006677585685,0.194009440828534,1.18526346750045,-0.735958731452675,-0.457199869470233,0.35046425234891,-0.730091762955347,0.626803257494137,-0.708705024057152,0.971171706328788,-0.391348688885798,-0.230503261067549,-0.413219819433159,0.115083578304395,-0.533338919381635,-0.0435165600327901,0.85572211589946,-1.23463339039435,-0.938289124010825,-0.639997445119629,0.100102838577144,0.95469044940847,0.102796409725239,-0.81022732312622,-0.811358043131231,0.788476870306472,0.722358181389051,-0.240000251790199,0.682832724400303,0.682832724400303,0.541247834307328,1.04923188615163,0.858461772914973,-1.21607586867302,0.874849771726638,-1.01519223123925,0.94751679792459,1.47862912729775,0.649747137552387,0.882609899578993,-1.29057270589143,0.0104433041044344,-0.523804376549633,0.0901624214025735,-0.681553878925593,0.683667850264606,3.1028076820837,-1.73742119443407,0.905905260093369,-0.10077320755709,0.813315174175043,-0.183154148155274,1.35695724140937,0.412240099369111,0.192718347798946,-0.695677644196011,-0.639461178332008,-0.35568405855027,0.690642284420326,-0.35568405855027,-0.230075729421995,1.00025617158955,0.455835493953308,-0.493873574512357,2.13239007346,0.223861947321042,2.25049904271885,-0.208039747740384,0.0311816151752862,0.776064299963135,0.334162903438415,0.260319362349526,-0.0492137079787055,0.180388664803999,-0.241958561604024,0.23524876409128,0.636971128454024,2.17634515069244,0.243808994474351,-0.696016939253532,-1.12021394047183,-0.118733906464382,0.682832724400303,-0.938289124010825,1.22674121092355,1.28273643156158,0.682832724400303,-0.333979422149212,-1.10704012994815,-0.653776320283739,1.47410203102843,0.143936619326893,0.36116540906914,0.124187285317004,0.0902969459852806,1.4341149641584,-1.07041421682643,0.600118860823686,0.112378141086133,-1.38642682910448,0.726172755495118,2.61188671162834,-0.519933227992503,-0.468579105942779,-0.35364645738641,-1.06184114443806,-0.154568900959218,-0.524462606894016,1.06259659023327,0.521950818259281,-0.00652810323800724,1.00607696156302,-0.230075729421995,-0.45072955583245,-0.869747200724323,1.03059780346671
comm.and.crime_point_1910,comm.and.crime,regression,0.26,0.0767241352069898,anomaly,0.324222120103087,1.56802290981872,-0.453822940289352,0.712235169314856,-0.629843707397574,0.845289154649251,-0.544247527234835,-0.232361344920738,-0.0271763465708762,0.251689308836056,-0.217794594564951,-0.464125139678079,-0.343626531286471,0.682832724400303,-0.14865780744537,0.11943140555999,-0.595615855137194,-1.54818971205152,0.0510694094017551,0.100035968927465,-0.592298443552689,-0.179953678608368,-0.576901296561691,-0.739004709724335,-0.589173488055941,0.403546225811598,-0.626152826019497,0.0203252737566635,-0.35568405855027,-0.275847723670213,0.207127241592105,1.2674563425619,-1.44208853244101,1.96105696984941,-0.408381392326479,-0.476239332141566,-0.858311890417847,1.15007999731647,-1.45652702391587,-0.0616228744930443,0.430618996740308,0.128060322760887,0.0311926760666601,1.11421930674347,-0.301608552567286,-0.245486398509103,-0.521291173988909,0.246029414243294,0.465867519057289,-0.152304562810898,-0.241958561604024,0.478394765362422,-0.34476848053886,-1.32462762778915,-1.18820810213626,-1.43464048505304,-1.11749960355766,-0.726761076765874,-0.64369508486844,-0.696016939253532,-0.608454173918587,0.458843115998027,-0.275750193055373,0.724394238658196,0.6717542366677,0.813315174175043,1.17506976595912,0.400963250363601,-0.114658919112713,0.160681920767624,0.781496272064518,-1.23321624918318,-0.37760024144161,-0.564613569898551,-0.26287797133625,1.99968264772694,1.67560362771661,-0.964342321396976,-0.224332338641419,0.566862165802633,0.023664661864365,-0.0150748817369079,-0.123024632053464,0.244484022215825,0.513874568187483,0.471376515769501,0.589949048296531,1.17920255223971,1.87023448358512,3.09555405791342,0.39531226424825,-0.226875569169311,-0.456668338479601,0.396950550146819,0.413283929954837,0.117572123049754,0.698565147620701,-0.595936377798769,3.08799434387583,1.9572388304814,-0.391348688885798,2.82894570415342,0.928401418342293,-0.375024355916575,0.229851673277482,-0.127211605631618,0.16626443468128,1.21723454990582,-0.115382978305131,-0.640839520976896,1.38842693899541,-0.586845013885375,0.617322065653698,-0.0278472343569434,-0.54265444466673,-0.211005826876756,0.0371597380320633,-0.730091762955347,-1.11777605451234,0.648228546406218,0.823029388212234,-0.391348688885798,0.683079530760502,-0.504578098615964,1.24896822722633,1.49652856139355,0.690595290266559,0.510966613656022,0.981586015860986,-1.13966992969373,4.0517485312353,-0.14265187121042,-1.34105073537663,-0.719300011366178,0.282168870917816,-0.176389105893484,1.08212161042621,0.435519243781917,0.897849168625072,-0.0815376504666633,-1.56531543697313,-0.33565501485685,-0.897080987655194,-0.407970199261594,0.627044535799378,-0.323496951900488,1.08727461797251,-0.491703227207728,-0.956724101762177,-0.69021633412253,-0.189444898148642,0.184187521212675,-0.36428070280995,-0.319107477609904,-0.674062310910845,-0.838532752471447,0.261933241408267,-1.00512198687049,0.441053158743122,0.468218969810561,0.599524856895403,-1.5458519455908,0.310984137678462,1.24896822722633,-0.236728129982936,-0.965250958519477,-0.178544390830854,2.08382560374828,-0.35568405855027,-0.114546206205749,-0.199361816374992,-0.230075729421995,0.739325468475985,-0.576459764357761,-0.493873574512357,-0.653833281538438,-1.33127089395254,-0.590386957395979,0.302050946381135,-0.0216443327087585,0.458579831344262,-0.453822940289352,-0.315269840651936,-0.564613569898551,1.26857485122064,-0.241958561604024,-0.94469347109426,-0.601380811530617,3.44356371978626,-0.882023949694159,-0.484813844404564,0.886358450346385,0.117254540572726,0.480499389876695,-0.736908318327921,-0.778386370841756,-0.103565429551178,0.682832724400303,-0.333979422149212,1.58923824605564,0.106554821172549,1.23687038115287,-1.020402605573,-0.874299669303055,-0.499564470154296,-0.105678140049712,-1.1887465803376,-1.02539690198974,-0.64058805739383,-0.862800033163321,0.582081140579538,0.726172755495118,0.724190249504474,-0.296700874734808,-0.651533235030286,0.0803777926311325,-0.00615150860066679,0.781157303864591,0.850438776107769,1.01142236549834,-0.419922423015838,-0.352113179076581,-1.26680802211735,-0.115382978305131,-0.50201955950362,-0.391374245016123,-0.633910484386522
comm.and.crime_point_0897,comm.and.crime,regression,0.24,0.20773901222085,anomaly,1.11702334614895,-0.171897892729153,-0.375024355916575,3.27764185977035,0.514402042648675,-0.302066595779285,-0.0654979378108623,-0.232361344920738,3.71003986462407,3.52550175095922,3.98629467515928,-2.02675161248195,-0.499564470154296,-1.56531543697313,-0.769590402450023,1.54087350607701,-1.23253488475092,-1.26740219423966,-1.67685596979111,-0.665258383296233,-0.114868187284245,-1.03742764507821,-1.1001642083812,-1.16726071762649,-0.589173488055941,-0.264029226104202,-0.882023949694159,-0.96284821097941,-0.35568405855027,-0.0570045785288092,-0.777126743249906,-0.855916883775387,-1.05966681036934,-1.05618654703309,2.23474412487321,-1.16798693587037,-0.231377493520679,-0.709944599158927,-0.543980067872989,-1.26736429209379,3.22363942262377,-0.842426782302506,-1.27594979840451,0.6614207192824,0.886650185529367,0.77218486682801,0.987284858679672,0.611551347612948,-1.07613820513387,-1.06533063795537,-0.333979422149212,-0.391374245016123,-0.34476848053886,0.0446822618622457,-0.334821036824805,-0.590959780665129,-0.655889570517129,-0.557119685244521,-0.60138190496379,-0.653776320283739,-0.65103955906403,0.502921411190013,-0.503316572060594,-0.140449768739244,0.0425220826264111,1.04923188615163,0.161924188217862,1.72161194746473,-2.39791342687653,0.0177951584617036,0.201813374029904,0.726172755495118,-0.444061083654919,0.208486222981217,-2.09869121244796,-0.29631495662136,-1.49924105847212,0.197114064352121,0.640409661567619,-1.17821175605928,-0.600152808018174,-0.662904928792817,-0.718130441861903,-0.576224968185445,-0.680708868864655,-0.65635599605476,-0.862692382208638,-1.77065303572414,-0.692858958372798,0.135952419993153,-0.286904425214791,-0.226875569169311,-0.672992913698949,-2.29479290095079,-2.95034119792249,-3.12397709381444,-3.28688171935617,-0.321861540250354,-0.457199869470233,-0.70587936432781,-0.391348688885798,-0.913834660893733,0.455215483407476,2.69812043462171,-0.957260530086126,-1.01683029266498,1.49100722539581,1.21723454990582,0.228695275045463,0.547039635036561,-1.75010019431373,0.49304512794504,0.617322065653698,-0.965250958519477,0.359432227001014,0.133665832754111,0.82042102382418,1.40217184060813,0.966027012606508,-0.885696359334983,1.06993325173982,-0.391348688885798,-0.413219819433159,-0.504578098615964,0.277067099578957,-0.231018230755544,-1.36491789057162,0.396048112908209,-0.513073583706566,0.833861965998727,1.27500091257626,-0.0819631937635291,-0.736908318327921,0.760473546598372,-0.0212745163166381,0.141095362725389,-0.630806040272269,0.722358181389051,0.660797206038557,-1.56531543697313,-1.56531543697313,-1.26736429209379,1.28514859812821,-0.471291797870422,-0.00652810323800724,0.30420847476134,1.27840796790085,1.3445430117542,0.0435102601731493,0.401605753908883,-0.189444898148642,-0.580502966915381,-0.41781270379772,-0.779675500224294,-1.10393872283714,0.155666779985624,1.33969946404113,-0.0922487271028942,1.57980111608575,0.993442518149931,-0.10077320755709,-0.720143453672756,-0.7596488149613,0.925001184677206,-1.12168480637209,-0.303554212051806,0.108751861038678,-0.158881157964898,-0.277522937462631,0.0464914919194661,0.894893878851958,-0.230075729421995,-0.956724101762177,2.26235219599768,-0.335131340202921,3.52550175095922,1.203019662197,-0.669300457399169,-0.888160673235742,2.61965306149349,-0.970100277440667,-0.375024355916575,-0.419922423015838,-0.616153556090535,0.922333791906255,-0.241958561604024,-0.118733906464382,0.208310841536264,0.23327667808193,0.550854342883945,-0.696016939253532,1.27788477050604,-0.472716577020044,-1.56531543697313,-0.69663215719134,0.914832475982277,-0.697694798599504,0.682832724400303,-0.333979422149212,-0.140449768739244,0.528961010870487,-1.37267776747832,-2.12005631797845,0.0242203876949048,-0.109719622984733,0.188284489002777,-0.93654835490529,1.27048615468136,-0.541331503936429,-0.0269330266637888,0.0196502920983885,0.726172755495118,-0.324530007231007,-1.30124646439444,-1.26138033198864,-0.472016707391195,-0.609402729079175,-0.867503152253548,3.0313168319037,0.704377017088742,1.93476068017196,0.281459459960805,0.116687185340269,-0.230075729421995,-0.0916995301342629,-0.304397343978269,0.828839223120861
comm.and.crime_point_1088,comm.and.crime,regression,0.11,0.023049398319629,nominal,0.324222120103087,0.176086267780421,-0.217427187171022,0.406829610927298,-0.0774492073752468,0.189657297261516,0.604751487382699,-0.40441055463925,0.874910325096869,0.59996722821086,1.16354902263015,-0.0734685214771128,-0.187688592418646,0.547943834717897,1.37979165718147,0.830152455818498,0.188284489002777,1.48431548031659,-0.409710691716343,-0.935362272316362,0.123846940849976,1.53499425433132,1.51615035071635,1.40227532978643,1.68364091107885,-0.688849968232438,0.65320279235381,0.0749460229086676,-0.35568405855027,-0.976145788122707,-0.683388268503048,-0.954678429186424,1.76069338990919,-1.15511256398006,0.625885114403834,-0.723292047758998,1.59243166108926,-1.31319581963744,1.92526463671364,-1.32217072016655,0.886622331578425,-1.01368921260781,-1.11255698909562,-0.438232993123054,0.837139404775339,0.77218486682801,1.07871370914443,0.924855861929795,0.110020044243945,0.133016085671751,-0.241958561604024,-0.304397343978269,-0.115382978305131,-0.00096140112613429,0.186693280865528,0.302349200451482,0.0621704808792462,0.248676924481902,0.329508052938522,0.359998534991312,0.200668143844824,-0.202331311881772,-0.275750193055373,-0.547435183985099,-0.48183804574133,-0.130351673731295,-0.15468380482628,-0.444251915781118,0.747903894931396,-0.649009732299257,-0.725679262825477,0.726172755495118,-0.311139399228302,0.363106181557171,0.709023156311124,-0.479994764969224,0.458579831344262,0.670299999286939,-1.04789614836431,-0.935840378022907,0.647482131746904,0.805509844533911,0.982171871876493,1.42995256390655,1.27840796790085,1.63938518873034,1.33969946404113,-0.236728129982936,0.214903302320632,0.343643763005101,0.297852737182101,-0.226875569169311,0.408629962397792,-0.337161300152529,-0.193271420973861,-1.02943759984065,-0.613100909865359,-0.0477867027019386,-0.654155103545014,0.603850895414423,-0.391348688885798,-1.41591495376591,-1.22244374045233,-0.453822940289352,-0.660482479245224,0.940330818808414,-0.755295767554917,-2.37780562097556,-0.34476848053886,-0.370866985519292,-0.665881730079667,-0.316872478427771,0.194009440828534,1.46097044519532,-0.091611108832858,0.0351882157167206,-0.223927357231975,-0.633170690066098,1.64447452283125,-0.94469347109426,3.04516415996056,-0.391348688885798,-0.321861540250354,-0.413219819433159,0.169078085395916,-0.878848277811454,0.837417660326429,1.37285536926462,0.878506043477017,-0.938289124010825,0.269626774785918,0.828366967939835,-1.13966992969373,-0.226042158711328,1.13181035517429,-0.0705609496871936,-0.141398140072703,-2.67873207880982,1.51418427135001,-1.56531543697313,0.682832724400303,-0.500074299075133,0.813315174175043,0.22524578682669,1.49100722539581,0.4183367341544,-1.2063255811676,-0.69021633412253,0.173975611729931,-1.58352531523914,-0.286904425214791,-1.07208970928342,2.95470335843174,0.960248140763403,-0.769590402450023,0.626603400623183,-0.534676575320374,1.09448651059498,1.08469330854548,-0.10077320755709,0.818368002036808,0.636377640192604,-0.183154148155274,-0.26287797133625,-0.0597367947051054,-0.0278472343569434,-0.810596144943824,-0.265676718046478,-0.121200695287352,-0.490300835164584,-0.433845179637909,-0.230075729421995,-0.521839596572905,-0.0603121352022264,-0.123475027790339,0.112378141086133,1.6637997633151,-0.669300457399169,-0.633115326174983,1.66878599958068,0.141095362725389,1.12214874716618,-0.105964675924132,0.517726140133124,0.773944766485803,-0.241958561604024,-2.36062415331691,-0.410865128456057,3.44356371978626,1.1137708149682,-0.315851368525389,0.788476870306472,-0.472716577020044,-1.56531543697313,-0.69663215719134,-0.867503152253548,0.0449669127109041,-0.216426540149069,-0.333979422149212,-1.20878648375961,0.23327667808193,1.35548620609065,-0.373547480628615,-0.53735464792882,-0.499564470154296,-0.938572255698432,-1.23918622542406,-1.11543153166311,-1.28575565486694,-0.514522113788516,-0.308434369515615,-1.23321624918318,0.304702146810281,-0.240892786420384,-1.20039562229281,2.80289354274117,0.546828776837966,3.27642718339475,1.84605701897113,-0.319107477609904,1.04521373007879,-1.04328333075373,2.93308814337899,-0.000690227188266011,1.24184056531615,-0.695793398648614,0.929718513293784
comm.and.crime_point_1091,comm.and.crime,regression,0.25,0.190990051736761,anomaly,1.48293160432397,0.176086267780421,-0.0598300184254683,-1.30344151604303,-0.195819457380031,-0.015227658172151,1.56225066623064,-0.40441055463925,-0.800393493714657,0.391000476585978,-0.157736176426034,-0.519933227992503,0.0462183158830917,0.682832724400303,-0.100893761675781,0.720810755778727,-0.840584712680936,0.0803778912572774,-0.812893280194679,-0.215085234929352,-0.413262097452023,-0.0286347433489841,0.155666779985624,0.117507306079973,0.110154019370149,-0.446095258444874,-0.01206212920031,0.23880827036468,-0.199361816374992,-0.582228126868179,-0.917734455370194,-0.757155338364351,-0.103612505190179,-0.561556462298257,0.970640616647273,1.69782456529183,-1.77021646772282,-0.358048053879797,0.0464914919194661,1.58256996768979,0.316618163030779,1.44107228843489,1.50172795984673,-0.891031580584123,-0.499651675583395,-0.245486398509103,-0.109861346897478,-0.328362195337591,-0.245827430569399,-0.152304562810898,-0.241958561604024,-0.260908893459341,-0.115382978305131,-0.0922487271028942,-0.240000251790199,0.203092646994081,0.267330495563925,-0.0481955106804643,-0.135936926012634,0.0220735832329614,0.0303266032630535,0.238451640038094,-0.366776744657462,-0.59830836089083,-0.691582097088426,-1.13299769963178,-0.724578192305735,-0.919685446737523,-0.825004765972568,-0.0774626830755764,0.955401141474902,-1.23321624918318,-0.178217714801685,0.414646167749156,-1.01880107061754,-0.479994764969224,-0.864272121234376,0.756333805638724,-0.306688719613709,-0.838891826808356,-0.110010510253322,-0.101452221344363,-0.0805170742100041,0.198889078304643,0.0838245308487138,0.0283387432671127,-0.0660825654799971,-0.649707912297875,-0.425870058168848,-0.798658623560617,0.200393210115953,-0.127274097367549,0.0625106420468348,-0.630806040272269,-0.744685376363587,0.167442111001511,-0.360857437271886,-0.230503261067549,-0.112528209839365,0.516535544764941,-0.391348688885798,-1.46155861675429,0.842367611990508,-0.375024355916575,1.56535290206154,-1.72852524229167,0.339056972600567,1.10310629051276,-0.230075729421995,-0.856817549342979,0.0759519559752211,1.57293526977546,-0.652615808821794,-0.138130025434889,-0.864828255976639,-0.604916295026319,0.298246833296102,-0.827012835844596,1.547553449942,0.353242987609834,-1.79415156518023,1.73074865395052,-0.504578098615964,-0.230503261067549,-0.424861492610813,0.200868467281728,1.13106240044617,0.510966613656022,0.878506043477017,1.47828054418402,-0.639997445119629,0.0394141611302526,-1.17994609083031,0.924892830816656,0.221480193470925,0.299837597034825,0.739536080286516,0.886266145735984,-1.09338731710165,0.682832724400303,0.682832724400303,-1.76062214474864,0.931273530163335,0.351888984044347,-1.33127089395254,0.817785642030109,-0.394008843972142,-0.0450487366494222,-0.91323565124325,0.997145074653291,-0.286904425214791,-1.12671045843542,0.652827315957665,-0.165584803405107,0.424510741789694,0.0510141976217214,1.15226186010498,-1.18769663882401,0.0449669127109041,0.118069937584314,-0.976145788122707,-0.425247563702025,1.13454794740136,-0.20888346424473,2.4771390109438,0.247859743337919,0.338588862534303,-1.70741677914781,-0.277522937462631,-1.45652702391587,-0.35568405855027,-0.34476848053886,-0.13044354190256,-0.318385949779994,-0.70552988692494,-0.0965886105387498,0.511849510519854,-0.629843707397574,0.0895131571638354,-0.444251915781118,-0.493873574512357,-0.375024355916575,-0.367596131833887,0.311566195365187,-0.413167436877806,0.0341040200315418,-1.41667036516848,-0.744267573836537,-0.611535701313945,0.550854342883945,1.07808905747781,0.396950550146819,-0.118733906464382,0.682832724400303,-1.09939376855715,-1.00117832437123,-0.549162456337422,0.682832724400303,-0.333979422149212,0.927886946281123,1.37377339026636,0.703099168932851,0.596735206787962,-0.256567130116958,-0.499564470154296,-0.840584712680936,0.0218049017374774,-0.845327642642986,-0.541331503936429,0.0427225572111723,0.300865716338963,-1.23321624918318,-0.219657981557459,-0.18508469810596,-1.38334975138032,-0.629843707397574,2.00468589299436,-0.733827980135861,0.992669953659678,0.346157443944216,-0.472248714197789,-0.0641256158777693,-1.0691658496234,-0.34476848053886,0.728940528604452,-0.956724101762177,-0.482591549127137
comm.and.crime_point_1073,comm.and.crime,regression,0.1,0.295706259164844,nominal,-1.38334975138032,0.176086267780421,0.649357240929522,1.38412739776748,-0.590386957395979,0.271611279434983,0.844126282094685,0.369810889094052,0.294997464739033,0.251689308836056,0.022439077990719,-1.63609499428098,0.747939040788304,0.682832724400303,1.61861188602941,1.70488605613666,-0.00769059703221596,0.0242203876949048,-1.67685596979111,-0.665258383296233,-1.2487650459218,1.28279602889901,0.574277109441232,0.492231312994358,1.2756998650803,0.160791516024035,0.397331668679148,0.348049768668688,-0.199361816374992,-0.976145788122707,-0.964603692743623,-0.855916883775387,-0.151415220449137,-0.709945487718708,1.66015162113415,0.561382073451646,-1.14328207082565,-0.659673664119051,0.207529190044681,-0.0616228744930443,-0.0253843380978089,0.128060322760887,0.0311926760666601,1.17890481923791,0.787628624021312,0.578342721049512,0.667283882053004,0.872638442876987,-0.00859578069383644,0.30420847476134,-0.0579168405136468,-0.43486269553505,0.572773528396057,-0.0466050641145143,0.091872495830922,0.10383609353668,0.318620499235095,0.333497620242578,0.414134412747824,0.402239153961105,0.498765839862923,-0.202331311881772,0.0428427375519358,0.775267415563927,0.986370313688344,1.69800284408723,1.55499935761209,1.61596005169664,0.849381873054233,0.303568683073544,-1.30536216086009,0.726172755495118,-0.111756872588377,0.878506043477017,0.978995691768727,-0.939194285838884,-0.652615808821794,0.928401418342293,-0.965539767392024,-0.644994724379254,1.6723251179825,1.53971723119727,1.44975500815455,2.66101604950845,2.4252080674709,2.20325144464247,2.27688748372189,1.4741881110361,1.71004114346275,-1.31788698109049,-0.189444898148642,-0.226875569169311,0.58168962257327,-0.532924460232356,-0.468978398668724,-0.630477696226598,0.496770369545922,0.226288134846476,0.084427024235416,-0.574906338353587,-0.391348688885798,0.729337206687944,0.928401418342293,-0.453822940289352,0.0319996393835476,-0.542366992913852,0.339056972600567,0.190080215368281,-0.230075729421995,1.03299019886025,-0.0952404331143684,-0.26287797133625,0.299837597034825,0.358142534415864,-0.671523969190694,-0.506438677988928,1.23816037624664,1.20832969482963,0.820645403272635,-0.35472235350149,-1.00405920189194,-0.391348688885798,-0.504578098615964,-0.321861540250354,-0.316872478427771,-0.403772909970454,0.935299240366342,-0.925514645691636,-0.616153556090535,0.713033482588985,-0.544247527234835,-1.23504806525446,-1.30077457424005,-1.37697714823931,1.31387638751496,1.30520508099459,0.788476870306472,0.804312163562517,-1.70972241982659,0.682832724400303,0.682832724400303,-0.8289128675117,-0.366268385707879,1.04842656874146,-0.0641256158777693,0.703657382637049,0.705007918115826,-1.08724254795214,-0.739281849167541,-0.243561843564225,-0.286904425214791,0.129566772060671,-0.257216700834412,0.346157443944216,1.37979165718147,0.260319362349526,-0.253520169416148,-0.274823379056414,0.441053158743122,-0.976145788122707,-0.976145788122707,-0.484226741696171,-0.347866910099853,-0.532850506793854,-0.295725241742213,-0.193271420973861,0.913181366273366,1.01587000293248,-0.35568405855027,0.851679982545541,-0.35568405855027,-0.230075729421995,-0.260908893459341,2.17632759113842,1.51686139340717,-0.0965886105387498,-0.58250322963563,-0.629843707397574,-0.590607768331523,-1.34229302980988,-0.176389105893484,-0.375024355916575,-0.262943549469985,1.29082593301289,1.51588989358806,-0.241958561604024,0.412240099369111,-0.0298337623069365,1.88066081790389,0.499680118149013,1.45825462820595,0.690595290266559,1.06120832872116,-1.56531543697313,-0.293870545825533,-1.00117832437123,0.0944776934649314,0.682832724400303,-0.241958561604024,0.0630429388836828,-0.358091987495182,-0.423751167976071,0.208622131821331,-1.49203220848915,-0.499564470154296,-1.13454734173342,-1.1887465803376,-0.485189123949481,-0.144305290106824,-0.0269330266637888,-0.870865217996765,0.726172755495118,-0.376966020067782,-0.0176604331626889,-1.38334975138032,-0.51147345739279,0.044119426439209,-0.600152808018174,-1.47267045724008,0.0902863202695546,0.574277109441232,0.108666922041517,-0.0809549871536759,-0.230075729421995,0.318620499235095,1.52211757781668,-0.381712258954214
comm.and.crime_point_1357,comm.and.crime,regression,0.02,0.018672372313508,nominal,-1.20039562229281,0.524070428289996,-0.375024355916575,0.162505164217251,-0.590386957395979,0.804312163562517,-0.161247855695657,-0.533447461928133,-0.478219682404748,-1.21107795253813,-0.818378775954126,-0.0176604331626889,-0.343626531286471,-0.148982095307866,3.05153325911707,0.447456505679301,0.482247118055266,2.60746555156404,-0.467308204356106,-1.02539690198974,-0.293904533384912,3.14906289709809,3.39989683326659,3.3829593663339,1.21742257279479,2.10282919432454,3.46778515277508,2.91522497881288,-0.433845179637909,-1.10745167520755,-1.19894987961077,-1.59662847435816,3.05136670190105,-1.25403858092703,0.0512926106647712,-0.723292047758998,0.623533047702732,-1.81590517003619,2.78413236004812,-1.65100928860312,-0.65238892350022,-1.18495164291312,-1.43934260771341,-0.114805430650861,1.38175799306964,1.49909291349738,1.12442813437682,1.18594295719383,-2.20298854204279,-2.20661323188597,-0.333979422149212,-0.91323565124325,-0.230075729421995,-0.366110705033174,-0.42964182185941,-0.590959780665129,-0.45072955583245,-0.0906058585608025,-0.093623746107983,-0.146888892646214,-0.0974295521732745,0.326608230422067,-0.548829847861638,-0.343942476362171,-0.219657981557459,0.40046092821602,0.351888984044347,-0.285774072128984,1.25529378554558,-0.791896494605177,-2.00098163850163,2.68556176017342,-0.37760024144161,0.46618615394114,1.19497372013481,-0.847354381664952,0.934806534272571,-0.319088773758589,-0.965539767392024,0.082119409729878,3.27642718339475,3.18088668373891,3.10754976404949,2.66101604950845,2.99860811725593,2.32407992805221,2.88605969651438,-0.649707912297875,0.428494422483792,0.18787525574614,-0.286904425214791,-0.226875569169311,0.235570302222313,-2.00114816083105,0.799273698727645,0.267182086905024,-1.01669046601492,-0.0477867027019386,-0.8018715291011,3.52891514217208,-0.391348688885798,-1.05076564985887,1.91779019138782,1.12214874716618,-0.0174633690899362,0.643791256463961,-0.179320641157294,-0.209368692507428,-0.115382978305131,-2.96260332591229,-0.665881730079667,0.925001184677206,0.776064299963135,-0.910109562980505,-1.76691492764438,-0.604916295026319,0.924855861929795,0.287579502381766,0.723724330383386,0.294245875850557,0.872410160917752,-0.391348688885798,2.5102451144166,-0.321861540250354,-0.26287797133625,0.0281137880668194,0.152246600047036,0.798262865525553,-1.13155341801038,-0.495251351508437,-0.496372568292438,-0.14265187121042,0.874138127135308,0.486441406234567,-0.749538645679329,-0.917186199337522,-0.386102090172486,0.681381190302317,0.565976421003951,0.682832724400303,0.682832724400303,-0.00681644642028318,-1.01503934364349,0.921783371523802,1.83659230123439,-1.35065128643802,-0.0117421441154574,0.997145074653291,-0.782770299686468,-1.13687082468084,-0.286904425214791,1.54970625001278,-0.0430886968833349,-0.779675500224294,-1.00841063129797,0.312645653531477,-0.8158329812246,-0.320467042044794,0.29252081648104,-1.10745167520755,1.08097977620649,2.46473215801113,2.20518090004112,-0.640839520976896,-0.35472235350149,-2.89519980238352,-2.87912915840445,-0.212278938005688,-0.35568405855027,-0.00718774078893893,-0.121200695287352,-0.115382978305131,-0.826258750205395,-0.533447461928133,0.564407987550553,0.59996722821086,-0.524905716995868,0.238204792637512,-0.760637999705362,-0.127296228476849,-2.02838183950358,-0.296225771543798,3.39989683326659,-2.31697310042603,0.378240698697934,-0.333979422149212,-2.1246357062798,-0.696638653067897,-0.569295082344151,-0.01206212920031,0.0220735832329614,-0.826569200352095,-0.531713688779321,-1.56531543697313,-0.0119374178694681,-0.822944761547652,-2.57910446725254,0.682832724400303,0.0341040200315418,-0.547435183985099,-0.484813844404564,0.940330818808414,-0.632289530606369,1.31584296962947,0.124187285317004,0.776209747107756,-0.58347083930006,-0.350137179439416,-0.293190120292925,-0.653833281538438,-0.495911319009332,0.726172755495118,-0.534274058578104,-1.6919030825954,-0.224640267159436,-0.116905957376842,-0.860757404278554,0.558365350335113,-0.00294828920368394,-1.44494042177841,-0.681553878925593,1.08782463691748,0.363739900957701,-0.230075729421995,-0.45072955583245,-0.91323565124325,-1.4409448057699
comm.and.crime_point_1901,comm.and.crime,regression,0.5,0.282059295463512,anomaly,-1.6882732998595,1.56802290981872,-0.296225771543798,0.528991834282321,0.356575042642296,0.107703315088049,-0.544247527234835,-0.576459764357761,0.488301751524978,-0.0965886105387498,-0.217794594564951,-0.798973669564622,-0.265657561852559,0.682832724400303,-0.100893761675781,0.502127355699187,-0.15467191155846,-0.481197144366448,-0.352113179076581,-0.26010254976604,1.13838623542042,-0.179953678608368,-0.52457500537974,-0.524876705773258,-0.647450780341448,1.7386971296432,-0.728501275489362,-0.307399221155361,-0.277522937462631,-0.0570045785288092,-0.120957420021899,0.230460115746014,-0.342626081484969,-0.264778411457355,0.453507363282115,-0.0809549871536759,-0.915305926499407,-0.00615150860066679,-0.490300835164584,-0.554880727147895,-0.880390590919278,-0.385726968155027,-0.45898575186003,0.402678669304647,0.490563939497149,0.239118965937142,0.712998307285384,-0.276144776284783,0.347251694119508,0.760721512333579,-0.241958561604024,-0.304397343978269,-0.34476848053886,-1.05076564985887,-1.18820810213626,-1.53389703851044,-1.83555965495403,-0.726761076765874,-0.728321444677741,-0.738257558223326,-0.736210329354915,0.855547772725906,-0.639856399463727,-0.140449768739244,0.0425220826264111,0.813315174175043,0.351888984044347,1.4574822080445,0.798642883992814,-0.315607286918777,-1.82707676909124,0.726172755495118,-0.37760024144161,0.517726140133124,1.08698470595177,-0.158555100360462,0.458579831344262,0.756333805638724,0.105093185247738,1.39092485112632,-0.64471119872407,-0.662904928792817,-0.675622884018443,-1.07776935120844,-0.776275543828826,-0.616079834918179,-0.534676575320374,-0.94469347109426,-1.33363231886228,-0.435198773289707,-0.286904425214791,-0.226875569169311,-0.759522743786688,0.201187390066993,-0.0278472343569434,-0.680347684178355,-0.663549604384054,-0.139144981884744,-0.70339391206371,-0.662221689003069,-0.391348688885798,-1.46155861675429,1.01443522469408,-0.296225771543798,0.0814626478570313,-0.245827430569399,0.0510694094017551,0.817785642030109,-0.115382978305131,-0.370866985519292,-0.951202378562316,-0.532850506793854,-0.176389105893484,0.303001138876892,0.359432227001014,0.478337492384979,0.454899090454526,-1.50546034606934,-0.584710153621474,0.825219881684049,-1.20158229271402,-0.391348688885798,-0.413219819433159,-0.413219819433159,1.51894076268393,-0.61971625898909,-1.6096218406714,0.568425864029928,0.0538662644052637,0.551928838042662,0.221751815843521,0.52492358070538,0.99496661054505,-1.26736429209379,-0.506783935891765,-0.388045418306067,-1.6096218406714,0.804312163562517,-1.09338731710165,0.682832724400303,0.682832724400303,-1.54139643245759,2.11085709004626,-0.597934995088079,0.569447023159616,-0.494689340990077,0.322741218259141,-0.293190120292925,1.30467532522204,-0.243561843564225,-0.286904425214791,1.05811950764474,-0.257216700834412,0.755551241823674,0.328982650250517,-0.210617258288034,1.24598066207306,-1.46155861675429,-0.549162456337422,-1.06368304617927,1.5186660664893,-0.130351673731295,-0.883183386419734,-1.1807845918921,-0.649707912297875,0.744132303188673,1.66015162113415,0.748881102728531,-0.043039574199713,0.636963051711922,-0.433845179637909,-0.34476848053886,-0.869747200724323,-0.619472066787389,0.934806534272571,-0.653833281538438,-0.0641256158777693,0.198748042635917,-0.335562421270764,0.189659458827421,0.405665753241116,-0.0598300184254683,-1.1001642083812,0.156946236789233,-0.264778411457355,-0.333979422149212,1.17920255223971,-0.315607286918777,-0.611535701313945,-1.64963732071814,0.23327667808193,-0.581865250252313,-0.295725241742213,0.682832724400303,2.32407992805221,-0.154568900959218,-0.796716360107558,0.682832724400303,-0.333979422149212,-0.649181537796562,-0.569295082344151,1.6520257684351,-0.826346068089685,0.0803778912572774,-0.421595500720383,-0.840584712680936,-0.129514033521907,-0.845327642642986,1.9897106092273,0.321344892711017,1.14451198906069,-1.23321624918318,-0.534274058578104,-1.52447881765213,0.56816095888643,-0.669300457399169,-0.5591317940393,-0.600152808018174,0.992669953659678,0.65320279235381,-0.315269840651936,1.03022712427771,-0.278597159647621,-0.34476848053886,0.934100543289131,-0.0434666408647052,-0.58347083930006
comm.and.crime_point_1173,comm.and.crime,regression,0.22,0.103764724468297,anomaly,-1.38334975138032,0.176086267780421,-0.375024355916575,-2.28073930288322,-0.629843707397574,0.558450217042117,0.365376692670713,-0.0603121352022264,-2.28239302574024,1.50548981858535,-0.397969848981704,-1.52447881765213,-0.265657561852559,0.682832724400303,1.666375931799,1.43153180603724,-0.546622083628446,0.641952926881002,-2.3104286088285,-1.11543153166311,-1.96491043032446,1.88807176993655,3.29524425090269,3.27589536435836,2.55780029536146,1.31387638751496,1.01142236549834,2.91522497881288,-0.35568405855027,-0.757302642981302,-1.38642682910448,-1.6953900197692,2.62114226457043,-1.60027964024141,2.75187737823837,0.561382073451646,-0.573341710010043,-1.51427955979694,2.5694154292145,1.63737639576255,3.05263817205948,0.813110043982106,1.17494234122894,-2.24942734296733,-0.301608552567286,-0.00318371628598076,0.804427157750147,-1.37271057639375,0.881022906339523,0.988978031119698,-0.333979422149212,-0.347885794497196,-0.230075729421995,0.364187902780905,0.37633485093474,0.15346437026538,0.0108804772080765,0.206266576601564,0.16025533331992,0.0643142022027552,-0.0122587818823892,0.238451640038094,-0.412290020458506,-1.10704012994815,-1.21594222545617,-2.07666454753812,-1.80104536865582,-1.50077087346202,-1.43387263470959,-0.410865128456057,1.82492548852682,-1.23321624918318,-0.311139399228302,0.414646167749156,-1.55874614153275,-0.801434429577986,-1.1288425117501,-0.233054967406804,-0.965539767392024,-0.111777692699224,3.27642718339475,3.18088668373891,3.10754976404949,2.47863627386372,2.52077474243508,2.32407992805221,2.23002808273785,-1.00369058285354,1.60324558338117,-1.16211847383153,-0.286904425214791,-0.226875569169311,0.105775557090704,-1.16915473049179,-1.57180630944818,-0.829957648033625,-1.57162610572056,-0.595936377798769,3.77733766313757,-0.443933312379363,-0.391348688885798,3.1028076820837,-2.12579870714607,-0.453822940289352,-1.10564955550658,-0.36444325550718,-0.697698254915155,0.760721512333579,-0.34476848053886,-0.748828535159937,0.817785642030109,1.46494625559241,0.670236143756844,-0.965250958519477,-1.18700206728655,0.133665832754111,0.0893771570848711,0.33604003882639,0.869105939717259,0.589231434646941,-0.460870702131241,-0.391348688885798,0.134929855663671,1.50530404340575,-0.748828535159937,1.79884925001964,0.592713710226646,0.625885114403834,0.414646167749156,1.67966134986692,0.700501405267494,0.767678290492944,0.0283387432671127,-0.883719295584461,0.585612258152271,0.511493909447407,-0.924450780392009,0.927243136822718,-0.42964182185941,-1.04824135985724,-1.56531543697313,1.08931211503494,-1.01503934364349,-1.04118618534988,0.339056972600567,0.24714434506481,-0.72849220634674,-1.33538393159564,1.47862912729775,1.29491473502549,-0.286904425214791,1.8228099957728,1.18814732583536,-0.830849724959226,-0.817354448219611,-0.52457500537974,-1.00327058516075,0.181613250827385,-0.40063011407534,-1.06368304617927,0.818368002036808,-0.897080987655194,-1.04789614836431,0.547039635036561,-1.29867614164992,1.07498067642251,0.108751861038678,0.855676662810112,-0.35568405855027,0.153849957336276,-0.35568405855027,-0.34476848053886,-0.91323565124325,0.842946215819959,0.987720612375717,-0.235899778288672,-1.67685596979111,-0.669300457399169,-0.930668231079202,-1.02533734250561,-0.546787652615503,-0.296225771543798,-0.262943549469985,0.826966057285032,-0.0669263775634199,-0.333979422149212,0.589231434646941,-0.172720524612857,-0.696016939253532,0.806725466558606,-0.653776320283739,1.57152951062578,-0.000739682945828393,0.682832724400303,1.35745206077428,-1.00117832437123,0.193499254972986,0.682832724400303,-0.0579168405136468,-0.852674245419489,-0.400332606464976,0.228635869181726,2.53730058162112,-1.43587470492678,1.52762873512743,-0.595615855137194,-1.03742764507821,-0.440171809112793,1.543056118669,2.48066799283481,0.113388766845247,0.726172755495118,-0.272093994394233,0.819460891553668,0.629145668582266,-0.195819457380031,-0.458589923959548,-0.243685682371009,0.328924458417437,-0.574978601284565,-0.786206461289495,-0.409710691716343,0.314329357834215,-0.000690227188266011,-1.57910963659818,-0.217420442940414,0.1226841919104
comm.and.crime_point_1507,comm.and.crime,regression,0.55,0.012512155742147,anomaly,0.995053926757281,0.87205458879957,-0.453822940289352,-0.814792622622935,1.34299379268217,-0.670859515559886,-0.687872404062027,-0.576459764357761,-0.54265444466673,-0.444866529913555,-0.277853012703869,1.26592559806906,-0.343626531286471,0.682832724400303,-1.19946681437632,-1.13799814489737,-0.546622083628446,-1.77281972630101,1.49100722539581,1.00038226566123,-0.532619661519134,-1.23918622542406,-1.04783791719925,-1.00666471466318,-0.705728072626956,-1.23504806525446,-1.13789507336882,-0.362019970307365,-0.277522937462631,0.94967388912165,2.87867377187756,2.74887952372745,-1.1074695256283,0.180388664803999,-0.86805539531773,1.7966456515388,-1.77021646772282,2.35658243827349,-1.45652702391587,0.431634978161806,-0.0823847549525736,0.641847613676801,0.575835373762982,-0.56760401811193,-1.48986729066394,-1.50546034606934,-1.34415082817177,-1.47714541449936,0.406559606588398,-0.437625211293547,-0.241958561604024,0.956767721070621,-0.34476848053886,0.957555521629844,1.08749073869428,1.09640162811069,0.472490510248604,-0.684350728885536,-0.686008264773091,-0.696016939253532,-0.736210329354915,0.811469477533919,-0.548829847861638,-0.242196122550708,-0.324530007231007,-0.720143453672756,-1.23115098117636,0.189659458827421,-0.723526787849732,0.0177951584617036,1.18727430068875,-1.23321624918318,-0.444061083654919,0.156946236789233,-0.478855999702333,-0.250395004534394,-0.0705609496871936,-0.405122580110374,2.69931918587485,-0.741943275593805,-0.956619933665339,-0.922036947615181,-0.888160673235742,-1.30574407076435,-1.25410891864968,-1.22022225196689,-1.14384878811286,0.294245875850557,-0.479267838209638,1.22633197080588,-0.286904425214791,-0.226875569169311,-0.889317488918297,1.13106240044617,0.523566721032782,0.0677021350979969,0.648116453102006,-0.504578098615964,-0.309483443914147,-0.70587936432781,-0.391348688885798,1.32270482553688,0.197114064352121,4.90448079705946,-0.611019470771741,-0.779598642789415,-0.58250322963563,-3.00551104763739,-0.000690227188266011,0.115083578304395,0.646593252940519,0.277067099578957,-0.176389105893484,0.303001138876892,-0.156045871094839,-0.604916295026319,0.0893771570848711,-1.26315766384622,1.06294808549576,-0.94469347109426,0.773648615506715,-0.391348688885798,0.0435715764808665,-0.321861540250354,-0.640839520976896,0.460000486104092,-0.141398140072703,-0.580759143448198,0.981586015860986,-0.535527512645018,-0.44849760935004,-1.23504806525446,0.632481160315823,-1.48659000438483,0.221480193470925,0.194009440828534,-2.39267448099071,0.558450217042117,-0.571872999411319,0.30064753696682,-0.126500613694132,-0.171235730638567,0.223523394233582,0.795140174306145,-0.640100742275393,0.190080215368281,-0.72849220634674,2.23785199287081,-0.260908893459341,1.09640162811069,-0.286904425214791,3.1883287245729,-0.0430886968833349,2.03490686019698,-0.0531297159061927,0.364971944713428,-0.768973580240562,-0.913834660893733,-0.796716360107558,-1.10745167520755,0.905905260093369,0.518419284204312,-0.389045100585998,-0.424861492610813,0.353242987609834,0.799273698727645,1.37285536926462,-0.319074498087268,-0.121200695287352,0.368566888169896,-0.277522937462631,-0.230075729421995,0.695837017957058,0.154749376945913,-0.864272121234376,-1.14142236866316,-1.33127089395254,-0.669300457399169,0.727126524815734,-0.285774072128984,-0.123475027790339,-0.375024355916575,-0.629227587743642,-1.18309340420237,-0.314241419930838,-0.149937701058835,0.117254540572726,0.208310841536264,-0.527054463374357,-0.728501275489362,-0.696016939253532,0.739536080286516,-0.413719465260767,0.682832724400303,-0.13276590127921,0.781157303864591,1.23322565080756,-1.56531543697313,2.7947298363872,0.215662469600878,-0.231370130585801,1.23687038115287,0.726106231776839,-0.368882137241703,-0.109719622984733,-0.693603398154691,1.58543389941778,0.775295691477787,-1.43464048505304,0.182033724961094,-0.730257505876477,0.726172755495118,0.93393430085157,1.99143074615657,1.23899276554062,-0.116905957376842,-0.20723524876017,-0.0208937288415306,-1.70972241982659,-1.24024352283868,-0.52457500537974,0.569447023159616,-0.723292047758998,-0.34476848053886,1.34442057265849,-0.956724101762177,-0.886108709818829
comm.and.crime_point_1940,comm.and.crime,regression,0.08,0.189832031045436,nominal,0.446191539494759,1.56802290981872,-0.296225771543798,0.528991834282321,-0.590386957395979,0.845289154649251,-0.592122486177232,-0.533447461928133,3.51673557783812,2.89860149608457,3.7460610026036,-0.0176604331626889,-0.499564470154296,-1.56531543697313,-0.8651184939892,-0.427277094638862,-1.18354111324217,-0.144252122992213,0.511849510519854,0.505191802457658,0.00448937678286525,-0.58347083930006,-0.943185334835349,-1.11372871663872,-0.938837241768986,-0.446095258444874,-0.523804376549633,-1.12671045843542,-0.199361816374992,0.993442518149931,-0.167826657395328,0.230460115746014,-0.103612505190179,0.130925656330515,-1.15535164718726,0.413150444081187,1.76341376933395,0.345745036678463,0.0464914919194661,0.0479899816524777,2.19763191923801,-0.614076875228766,-0.295592942551133,-0.438232993123054,-0.648184017845477,-0.487789080732225,-1.16129312724225,-0.537231871548822,0.228635869181726,0.36127260445787,-0.241958561604024,-0.217420442940414,-0.34476848053886,-0.274823379056414,-0.571872999411319,-0.64058805739383,-0.861049585201808,-0.514709337364183,-0.559068725059139,-0.569295082344151,-0.608454173918587,0.546999706382,-0.503316572060594,-0.445688830173635,-0.272093994394233,-0.66116427567861,-0.471291797870422,-0.338600020013028,-1.1801776894025,-0.553751890761977,0.259781663833366,0.726172755495118,-0.37760024144161,0.46618615394114,-1.23477909898362,0.39248432468313,-0.123475027790339,-2.12579870714607,0.969835185456777,-0.887366102415632,-0.600152808018174,-0.61971625898909,-0.675622884018443,-0.576224968185445,-0.585142193900484,-0.65635599605476,-0.675254778272487,1.00221121696188,-0.479267838209638,1.43402331381783,0.00547415598365529,-0.226875569169311,-0.49993325352347,1.22894398048608,-0.910109562980505,-1.07930758779241,0.950808620214174,-0.504578098615964,0.921486769053237,-0.487590987704104,-0.391348688885798,0.957555521629844,0.369181677055691,-0.453822940289352,0.427703707171417,-0.186519518100509,-0.985685818113966,0.0188878262786913,-0.34476848053886,1.14097921304329,0.703657382637049,-0.316872478427771,-0.652615808821794,0.578708116571755,-0.220480633356821,-0.506438677988928,-0.537231871548822,-0.00318371628598076,-1.55392088251396,1.29719677575826,0.131698570334978,-0.391348688885798,-0.504578098615964,-0.504578098615964,0.0610890712128745,-0.576527589185363,0.494832130186732,-2.07469965316976,-0.0492137079787055,-0.213318223552372,-0.639997445119629,-0.567472613338656,-1.09939376855715,-0.171235730638567,0.100102838577144,-0.599701730718649,0.445891340166776,-1.69528429272822,-0.856335354515137,-1.56531543697313,-1.56531543697313,-0.116429302565806,0.577398462198459,1.17506976595912,0.799837073718665,0.0188878262786913,-0.394008843972142,0.203092646994081,1.04374462210848,-0.590959780665129,-0.286904425214791,-1.72753869910747,-0.257216700834412,0.602028567618877,1.37979165718147,0.46962452707733,0.917964855184794,-1.46155861675429,-0.301608552567286,-0.62599675589646,-1.15122030423583,0.990252708157481,0.846300613998343,1.30296273431785,0.176251652332003,0.6889909076497,1.88998862262977,0.428494422483792,-0.433845179637909,1.4958307750464,0.425927152326122,-0.115382978305131,0.739325468475985,-0.490435159498505,0.352751675137971,1.01790073146063,1.03022712427771,-0.51147345739279,-0.0805170742100041,-0.549903811549208,-1.34049882416269,-0.296225771543798,-0.629227587743642,0.878506043477017,0.130925656330515,-0.0579168405136468,0.766222769924772,0.398826524610824,-0.484813844404564,-1.03554662389896,-0.696016939253532,0.152246600047036,-0.177731018223659,0.682832724400303,1.55883286645718,-1.04573671507713,-0.598673237091449,0.682832724400303,-0.241958561604024,3.26805308394478,-0.527054463374357,0.169327956712836,0.920162769260154,-0.481197144366448,0.124187285317004,-0.399640769102202,-0.482591549127137,-0.26010254976604,-0.64058805739383,1.57514540246031,-0.964603692743623,-1.23321624918318,-0.48183804574133,0.540420449981549,-1.20039562229281,-0.51147345739279,0.647370646917718,1.04850764809996,-0.524462606894016,-1.64963732071814,-1.46644824665486,-1.04328333075373,-0.42682878901808,1.37562278621411,0.934100543289131,-0.0869550913836323,-0.835669064732367
comm.and.crime_point_1210,comm.and.crime,regression,0.15,0.047383125750554,nominal,-1.38334975138032,0.524070428289996,-0.296225771543798,1.20088406273495,-0.629843707397574,0.394542252695183,1.27500091257626,-0.146336740061482,0.423866989262996,-0.514522113788516,-0.518086685259539,-1.9151354358531,-0.265657561852559,0.682832724400303,2.95600516757789,1.59554435609689,-0.203665683067209,0.81042543756812,-2.02244104562969,-1.20546616133649,-2.14394677642513,2.7455457364064,2.19639213608172,2.09819134262743,1.15914528050928,1.92076316198387,1.21611926443806,1.27660250425276,-0.35568405855027,-0.976145788122707,-1.2458191169842,-1.44848615624161,1.71289067465023,-0.907797521612643,1.60269237076024,-0.772702590882484,-0.174383457439118,-1.46400862475706,1.76422693858843,-0.774106439438939,-0.53838808979069,-0.271552014618157,-0.513450021629662,1.11421930674347,1.23322565080756,1.3537113041635,0.804427157750147,1.13372553814103,-0.957522380196087,-0.551753470686607,-0.333979422149212,-0.91323565124325,-0.115382978305131,-0.548685356986693,-0.382231429342107,-0.243561843564225,-0.348149548490111,0.0790355329605499,0.244881693129221,0.402239153961105,0.328424299281152,-0.246409607073759,-0.184723641453285,-0.191322945644976,0.0425220826264111,1.58004448809894,1.55499935761209,0.770744885551916,1.45824974179125,-0.410865128456057,-1.82707676909124,0.726172755495118,-0.37760024144161,0.620806112517094,1.51894076268393,-0.709594525404054,-1.39341290226583,1.444604256453,-1.08907433885046,-0.887366102415632,3.05363522986527,3.18088668373891,3.10754976404949,2.98018065688672,2.95082477977384,2.32407992805221,2.65176269159419,0.471237211128387,2.61780340415618,-1.00634996657257,-0.286904425214791,-0.226875569169311,0.884544027880357,-0.777628410332139,-0.910109562980505,0.0178321471462401,-0.159062659197108,-0.413219819433159,-0.112528209839365,-0.574906338353587,-0.391348688885798,0.135969587839005,0.283147870703906,-0.0598300184254683,-0.215315402983871,-0.36444325550718,-1.10088084339349,-0.837074119169256,-0.230075729421995,1.35695724140937,-0.437625211293547,-1.45075712734971,-0.440959496409212,-0.579261189746669,0.0372584156911057,-0.752632720582405,-0.537231871548822,1.45063237705275,0.0937373566032682,-0.236728129982936,-0.707774565658833,-0.391348688885798,3.78926102297587,-0.504578098615964,-2.4766527620886,1.66928324060846,0.396950550146819,-0.925514645691636,-3.70855272760961,0.95469044940847,-0.544247527234835,-0.870916000573111,0.350548032359759,-0.0616228744930443,-0.567472613338656,-1.1288425117501,-0.630806040272269,-1.90016924816189,0.281514065900134,0.592906797945366,0.637869761172835,1.47295711154427,-0.838101809661048,-0.534613396479251,1.49100722539581,0.931913901423168,0.322741218259141,-0.144305290106824,-0.695793398648614,0.798631967738489,-0.286904425214791,3.2429494737249,-0.685472708736566,-0.728501275489362,-1.15170276860673,0.260319362349526,0.0744956374721161,-0.731260008940213,1.48077955457769,-1.15122030423583,0.643293485923684,-1.13299769963178,-0.924361576905879,0.763017663402644,-0.649707912297875,0.854415094266617,-1.15535164718726,-1.2268367587807,-0.35568405855027,-1.56388548933269,-0.277522937462631,-0.34476848053886,-0.782770299686468,2.09030298627917,-1.65798329278156,-0.444866529913555,-0.524905716995868,-0.669300457399169,1.36473989246763,-0.0744702805928035,-1.44632698036898,-0.453822940289352,0.521950818259281,0.672346098709078,-0.907797521612643,-0.333979422149212,-0.94469347109426,0.160681920767624,-0.484813844404564,-0.626152826019497,0.444479772930899,-0.435042880192443,-0.118733906464382,-1.56531543697313,-0.0924897401426294,-0.511036026606383,0.441053158743122,0.682832724400303,-0.333979422149212,-0.29306929945644,0.993607819538218,0.703099168932851,-0.050119918156423,-0.9866146764278,1.52762873512743,-0.00769059703221596,-0.129514033521907,-0.26010254976604,0.749003691009788,0.182033724961094,-0.214695894768757,0.726172755495118,0.566882210994152,-0.18508469810596,1.17800805584479,-0.669300457399169,-0.760215534198803,0.558365350335113,-1.04597692458435,1.57433883758259,-0.315269840651936,1.37581220011629,0.215508271587242,-0.34476848053886,-0.45072955583245,-0.260908893459341,1.23235638381255
comm.and.crime_point_0857,comm.and.crime,regression,0.2,0.152327228646467,anomaly,-1.50531917077199,-0.171897892729153,0.0189685659473083,1.50628962112251,-0.51147345739279,-0.261089604692552,-0.304872732522849,0.584872401242192,3.19456176652821,2.96825707995953,3.32565207563118,-1.80351925922425,-0.499564470154296,-1.56531543697313,-0.387478036293313,1.48620265605712,0.188284489002777,-0.425039640804075,-1.79205099507064,-0.710275698132921,-1.2487650459218,-0.331272613867753,-0.681553878925593,-0.685472708736566,-0.705728072626956,-0.688849968232438,-0.4726301518147,-0.416640719459369,0.0351215468879261,0.643293485923684,-0.730257505876477,-0.905297656480906,0.804639084730025,0.427703707171417,0.281129612160397,-1.36562910836432,0.965497264192096,-0.508860858999424,-0.114546206205749,-0.280848586784089,2.25463233609278,-0.385726968155027,-0.404521482090398,0.596735206787962,-0.153076210305205,-0.148565325619854,-0.155575772129859,-0.276144776284783,0.821714993870633,0.760721512333579,-0.149937701058835,0.304440963286713,-0.230075729421995,1.87042878139744,1.75123623393652,1.8408257790412,1.54958058734317,0.121445880840888,0.0333157936059686,-0.0201670357368324,-0.0974295521732745,-0.334566197457732,-0.139210365652241,0.26653564650661,0.147394108299959,0.459440106210166,0.731818575697316,0.506615146131691,-0.875743755033986,0.970373573834504,0.491654823047211,-1.23321624918318,0.154086496264857,-1.0800134318184,-0.910812056434499,-0.663674573317088,-0.388045418306067,1.10046903104586,0.763944233026054,-0.208726243913775,-0.288244073076904,-0.317395570362999,-0.293054863427304,0.0165093026599163,-0.107308819079628,-0.13276590127921,-0.20666076843211,0.825219881684049,-0.0520855978833183,-0.642890116301655,-0.189444898148642,-0.226875569169311,-0.413403423435731,-1.16915473049179,-1.90265468268201,-2.17644732273106,-1.72297218927664,1.04851264749172,-0.851110337619796,-0.531248663028845,-0.391348688885798,-0.548685356986693,1.27253664374943,-0.296225771543798,0.130925656330515,-0.245827430569399,-0.00652810323800724,-0.152304562810898,1.94908654179843,0.49304512794504,-0.0381763034178386,-0.856817549342979,-1.02301435554381,-1.57180630944818,-0.54265444466673,-0.358722252432842,0.141594576137679,0.917566476161884,1.45063237705275,0.0582574288134486,-0.460870702131241,-0.391348688885798,-0.413219819433159,-0.413219819433159,-2.96260332591229,-0.533338919381635,-1.16915473049179,0.740803615151647,-0.10075369417069,0.95469044940847,-0.592122486177232,4.83381967943463,0.229719548950016,2.1306342484174,-0.506783935891765,-1.02301435554381,0.152246600047036,-1.69528429272822,-0.761514569480531,0.682832724400303,0.570425316331632,-0.774106439438939,-0.248310029719587,3.13803932283279,0.16626443468128,-0.0952404331143684,-0.585142193900484,-1.48426876178174,2.18096542220705e-05,0.451234030637584,-0.286904425214791,0.5119120161247,0.706359316945435,0.857899691293538,-0.578534219371668,-1.15249049956315,-0.300379570400185,0.638049880711185,-0.994759483123667,-1.19498893326411,-0.757302642981302,-0.602185097684464,-0.924361576905879,0.169078085395916,0.648228546406218,-0.524119794207697,-0.0636258900830415,1.28285890313643,-0.433845179637909,0.314887655461491,-0.121200695287352,-0.34476848053886,0.0869987106920766,-0.490435159498505,2.31057256495435,-0.932455617038282,-0.812893280194679,-0.51147345739279,-0.973175788922662,-0.549903811549208,0.458579831344262,-0.375024355916575,0.417298235895379,0.156946236789233,-0.314241419930838,8.22396060855332,0.766222769924772,-0.315607286918777,1.7961795799643,1.21611926443806,0.486720391900693,-0.435042880192443,-1.06268769461281,0.682832724400303,-1.09939376855715,-0.956619933665339,-0.747205579353531,-1.56531543697313,-0.149937701058835,-0.903547422325221,-0.146888892646214,0.406559606588398,1.17890481923791,-0.649669655053565,2.69716327663612,0.482247118055266,1.93851141502301,-0.845327642642986,-0.243561843564225,0.251689308836056,0.113388766845247,-1.23321624918318,-0.219657981557459,-1.58028690596656,-1.50531917077199,-0.550930207394384,0.697641581957593,0.023664661864365,0.37633485093474,-0.114410578670175,-1.30946937310901,-0.121723128517532,-0.624470961512025,-0.115382978305131,0.934100543289131,-1.04370100280003,1.68631318959071
comm.and.crime_point_1214,comm.and.crime,regression,0.06,0.090508047470693,nominal,-0.224640267159436,0.524070428289996,-0.375024355916575,0.0403429408622278,-0.629843707397574,0.845289154649251,-0.400622650407643,-0.40441055463925,-0.478219682404748,-0.0269330266637888,-0.277853012703869,-0.519933227992503,-0.265657561852559,0.570425316331632,0.902151199485581,0.556798205719072,-0.546622083628446,0.36116540906914,-0.409710691716343,-0.575223753622857,-0.592298443552689,0.929718513293784,0.521950818259281,0.33163531003105,2.96574134136002,3.86280084028438,0.243808994474351,0.129566772060671,-0.433845179637909,-0.976145788122707,-0.0272189452750407,0.0329370249239415,0.0397956405866952,-0.215315402983871,1.2004776181429,2.34016162589715,-0.915305926499407,0.044119426439209,0.690642284420326,-0.8289128675117,0.0316160787569558,-1.07077668937625,-1.00362844955635,0.27330764431577,0.985671747037421,1.01448754905113,0.575855031588241,1.08150811908822,0.347251694119508,0.646593252940519,-0.333979422149212,-0.652304948129686,-0.115382978305131,-0.731260008940213,-0.808924961997834,-0.739844610851231,-0.912339588872978,-0.0906058585608025,-0.0513105662033324,0.0643142022027552,-0.0122587818823892,-0.466801083033691,0.589002047164466,-0.191322945644976,-0.114785955883911,0.282502572227728,0.668496977088488,-0.497077863665163,0.64642591680856,-0.601380811530617,-0.435837813808171,0.726172755495118,-0.37760024144161,0.517726140133124,0.43905062085352,-0.617754621230122,-0.335131340202921,0.0250464516485512,-0.553757862530577,0.857707819446286,0.870274085276382,0.675943835122729,0.429573619911515,0.335673910038188,0.609441243151654,0.672757321452404,0.730527251248644,0.0582574288134486,0.321698862402212,0.499412270264063,-0.286904425214791,-0.226875569169311,0.884544027880357,0.445891340166776,1.13012207196148,1.11497188208489,0.79946253665809,-0.321861540250354,-0.555677486507623,-0.574906338353587,-0.391348688885798,0.272900576804145,0.455215483407476,-0.375024355916575,0.773944766485803,-0.483059080444962,0.454251997880092,0.532464993547459,-0.000690227188266011,-0.478855999702333,-2.03542084279638,1.46494625559241,0.299837597034825,1.24040486303943,0.55273651378696,0.232143449791502,-1.58158025260498,-1.89314463762633,-1.06931551806772,-0.767702135816429,-0.510251474836759,-0.391348688885798,-0.230503261067549,-0.321861540250354,-0.478855999702333,-0.922036947615181,-1.31597710055166,-0.350922141952573,0.826966057285032,0.632481160315823,-0.400622650407643,-0.0819631937635291,-1.22022225196689,-0.00681644642028318,0.0394141611302526,-1.7108973708847,-0.435042880192443,0.927243136822718,0.37633485093474,-1.56531543697313,0.682832724400303,0.267215693943522,1.69800284408723,0.0986025896090331,0.627044535799378,0.4183367341544,-0.441792181454227,-0.442074950479027,0.82630236951384,0.351977477180183,-0.286904425214791,0.730395012732716,-0.899600712687643,1.83020996125725,-1.24723086014591,0.678929691805134,-0.253520169416148,-0.594329019975073,0.589585501005203,0.293144453697438,-0.669765384924741,-0.897080987655194,-1.00671795787817,0.331061606670478,-0.649707912297875,-2.78491701130557,0.913181366273366,-1.33363231886228,0.269604910150844,-0.919734696831824,-0.35568405855027,-0.34476848053886,-0.13044354190256,-0.576459764357761,-0.123475027790339,-0.305555362163633,-0.755295767554917,-0.156362707378436,0.514588735598435,0.929222729204051,-0.017646871584048,0.0189685659473083,0.678929691805134,0.569266126325109,-1.15511256398006,-0.333979422149212,0.117254540572726,-0.696638653067897,-0.738257558223326,-1.03554662389896,-0.189129511616007,0.0543650200071232,-1.47566747692775,-1.56531543697313,-0.817460640601083,-0.377360854488696,-0.153076210305205,0.682832724400303,-0.333979422149212,-0.140449768739244,0.57120162984028,0.287943781650617,-0.438232993123054,0.698110430443375,-0.343626531286471,-0.350646997593453,-0.381712258954214,0.820313006314475,-0.739844610851231,0.112378141086133,-0.917734455370194,0.726172755495118,-0.534274058578104,-1.24543837608001,1.5439163140198,-0.629843707397574,-0.609402729079175,-0.778386370841756,3.0313168319037,-0.165584803405107,0.364971944713428,-0.0641256158777693,-0.871523677129457,0.572773528396057,1.60087059101434,-0.782770299686468,-1.03742764507821
comm.and.crime_point_0062,comm.and.crime,regression,0.07,0.354049337070836,nominal,1.3609621849323,-1.56383453476745,-0.296225771543798,-0.326143729202842,0.277661542639106,0.189657297261516,-0.639997445119629,-0.576459764357761,-0.284915395618803,-0.375210946038594,-0.157736176426034,0.763652803239245,-0.499564470154296,-1.56531543697313,-0.626298265141257,-0.481947944658748,-0.105678140049712,-0.200409626554585,0.799837073718665,0.145053283764153,0.899671107286197,-0.533031194213599,-0.419922423015838,-0.471344704785489,-0.414341611199418,-0.688849968232438,-0.984372399164023,-0.853606712675401,-0.277522937462631,-0.0132359495005283,0.722688852699825,0.526744751979124,-0.438231512002885,-0.907797521612643,-0.753136894569917,-0.179776073400649,0.908503228110535,0.597099711877842,-0.436621602456179,1.30853782732598,-0.310386422371632,0.242235276297757,0.739228183071879,-1.14977363056188,-0.301608552567286,-0.633170690066098,-0.841292150615578,-0.223927357231975,0.228635869181726,0.874849771726638,-0.241958561604024,-0.0434666408647052,-0.34476848053886,1.14013017358336,1.18231152372889,0.500862307366285,0.934100543289131,-0.514709337364183,-0.516755545154489,-0.611535701313945,-0.565868788773144,0.767391182341933,-0.548829847861638,-0.852674245419489,-0.796454122761974,-1.01503934364349,-1.16782938256753,-0.602729759433253,-0.114658919112713,-0.649009732299257,-0.203964654594325,0.726172755495118,-0.311139399228302,0.311566195365187,-0.100894450061688,-0.434074812882258,0.987720612375717,-0.405122580110374,0.928656994970632,-0.0148291414846731,-0.689269589429965,-0.662904928792817,-0.633115326174983,-0.804199687741353,-0.824058881310911,-0.857736801737663,-0.8158329812246,-0.767702135816429,-1.44042787894386,-0.279430266030745,-0.0919853710824933,-0.226875569169311,-0.759522743786688,0.641654500246602,-0.193271420973861,-0.780087660081869,-0.209511353715802,-0.0477867027019386,-0.654155103545014,-0.662221689003069,-0.391348688885798,0.272900576804145,1.01443522469408,-0.217427187171022,-1.25403858092703,0.0507121317750543,-0.294515666436819,0.4183367341544,-0.230075729421995,1.14097921304329,-1.40771541613455,-0.640839520976896,-0.493873574512357,-1.40638212283126,-0.220480633356821,0.133665832754111,-0.328362195337591,1.20832969482963,-0.245486398509103,-0.295725241742213,0.724267842801197,-0.391348688885798,-0.504578098615964,-0.230503261067549,1.57293526977546,-0.403772909970454,0.445891340166776,-0.925514645691636,-0.719233528474505,0.350548032359759,-0.592122486177232,0.342857548364707,-1.13966992969373,0.431634978161806,-0.14265187121042,0.246923518931679,-0.875509990372052,-3.08850198967716,-0.00294828920368394,0.682832724400303,-1.56531543697313,-1.26736429209379,0.754335996180896,-1.35779417839402,1.72139727595486,-0.780009989472726,-1.30189225613177,0.600118860823686,-0.43486269553505,-0.342818397021626,-0.286904425214791,0.730395012732716,-1.22079271861426,1.83020996125725,-1.10393872283714,-0.472248714197789,-0.909551783192675,0.135969587839005,-0.648184017845477,-0.363384981726775,3.05056808247913,1.04923188615163,0.55805328059533,-1.61274064862427,0.23524876409128,0.46842532549381,-1.04043314643945,0.0547099621982618,0.191443789063205,-1.56388548933269,-0.121200695287352,-0.230075729421995,0.173975611729931,-0.576459764357761,0.82897837806628,-0.79314444928836,-0.755295767554917,-0.590386957395979,2.12987593364991,-0.0744702805928035,-0.282217262099776,-0.453822940289352,-0.00131209356022966,-1.54387330754626,-0.512093453824773,-0.333979422149212,1.35619388751754,-0.696638653067897,-0.738257558223326,-0.216759028140039,0.148795440142343,-0.435042880192443,0.412240099369111,0.682832724400303,0.149167226676855,0.558365350335113,1.28273643156158,0.682832724400303,-0.241958561604024,-0.140449768739244,-0.738257558223326,-1.90644897969834,-1.27914465555075,-2.10976474767525,7.29733247323696,-0.938572255698432,-0.280832968781291,-1.20546616133649,0.798631967738489,-0.166244194413711,-0.683388268503048,0.726172755495118,-0.7440181099252,-1.13382219945117,1.11702334614895,0.159291292634322,0.194932231558836,-0.867503152253548,-1.42526006472277,-0.984372399164023,-0.733880170107544,-0.409710691716343,-1.26680802211735,-0.34476848053886,-0.45072955583245,-0.478351146053977,-0.0286347433489841
comm.and.crime_point_0327,comm.and.crime,regression,0.07,0.269556443509058,nominal,-0.590548525334451,-1.21585037425788,-0.453822940289352,-0.814792622622935,-0.669300457399169,0.886266145735984,-0.352747691465246,-0.576459764357761,0.166127940215069,-0.305555362163633,-0.0376193401481986,1.21011750975464,-0.499564470154296,-1.56531543697313,-0.960646585528377,-0.700631344738288,2.83394815047518,0.0803778912572774,1.203019662197,0.730278376641099,-1.06972869982113,-0.886108709818829,-0.786206461289495,-0.953132713675412,-0.12295514977188,-0.264029226104202,-1.03554662389896,-1.34519345504344,-0.35568405855027,0.555756227867123,0.816427327446683,0.181079343040496,-0.58163965777976,0.279314681750966,-0.695677644196011,1.15430859093348,0.110586722968685,1.5019765425956,-0.436621602456179,-0.00681644642028318,-0.595388506645455,-0.385726968155027,-0.186664403011869,-0.891031580584123,-0.0540546487971503,0.142197893047893,-1.43557967863653,0.141594576137679,0.525175431526179,0.475400863850929,-0.241958561604024,-0.0869550913836323,-0.34476848053886,-0.822547334916973,0.186693280865528,-0.342818397021626,-0.758469577859468,-0.726761076765874,-0.64369508486844,-0.696016939253532,-0.693624944209472,0.811469477533919,-0.594343123662683,-0.59830836089083,-0.639146084251652,-0.897080987655194,-0.977864586741049,-0.761207603085388,0.189775015255796,-0.696638653067897,0.317749953636827,-1.23321624918318,-0.444061083654919,0.156946236789233,0.169078085395916,-0.342234908708326,0.246923518931679,-0.878308515045191,0.516875090109185,-0.0148291414846731,-1.04573671507713,-1.00841428722264,-0.973175788922662,-1.16895923903081,-1.2063255811676,-1.17994609083031,-1.23756759008094,-0.531713688779321,-1.33363231886228,0.0840295842401654,-0.286904425214791,-0.226875569169311,-0.802787658830557,1.37576635054595,0.247859743337919,0.167442111001511,0.698565147620701,-0.504578098615964,-0.358722252432842,-0.618564013678328,-0.391348688885798,-0.0466050641145143,-0.405122580110374,-0.296225771543798,-0.0174633690899362,-0.423751167976071,0.68464204843914,0.532464993547459,-0.230075729421995,1.03299019886025,-0.780009989472726,0.385056113761999,0.0881812846222431,-1.90265468268201,-0.156045871094839,-0.358722252432842,0.0893771570848711,-1.79622356473708,0.287579502381766,-0.35472235350149,1.41559866067845,-0.391348688885798,-0.413219819433159,-0.0477867027019386,-1.50475163444123,-0.0150748817369079,1.62047030064573,-0.523299893074292,1.13620597443694,-0.777184479464502,0.461126610555507,-1.23504806525446,-0.575803673781598,-1.15775143594827,-0.14265187121042,-0.388045418306067,0.886358450346385,-2.35091615011596,-0.808924961997834,0.682832724400303,0.682832724400303,-0.8289128675117,0.105565038245289,2.88475292839748,0.16626443468128,1.04604216081623,0.561657905669569,0.500862307366285,-0.608816497610759,-0.293190120292925,0.00547415598365529,-0.416640719459369,-0.524876705773258,-0.4726301518147,1.90519616064694,1.41149776835245,-0.112941966464035,-0.913834660893733,-1.58888885217199,2.17519550191351,1.91258372774383,0.40046092821602,-0.14197595766913,0.223072592487436,0.766222769924772,0.799273698727645,0.108751861038678,1.4430522432588,-0.35568405855027,-1.08077239495704,-0.043039574199713,-0.34476848053886,-0.0434666408647052,-0.447422857068877,-0.176389105893484,-0.0269330266637888,-0.236918153797056,-0.629843707397574,-0.675622884018443,0.612267041899781,-0.22930318399663,0.491760072183968,-1.15249049956315,0.0538662644052637,-0.314241419930838,0.402187462212296,1.17920255223971,-0.125091603844216,2.80995443523935,-0.114410578670175,-0.653776320283739,-0.386102090172486,-1.00369058285354,-1.56531543697313,0.99496661054505,-0.956619933665339,-0.846227140861585,0.682832724400303,-0.241958561604024,-0.59830836089083,-0.273610749555595,0.821714993870633,0.726106231776839,0.473480416193885,4.02263575701263,-0.644609626645943,-0.93654835490529,-0.305119864602728,0.451234030637584,-0.584177697663477,-0.214695894768757,0.726172755495118,0.0949580954631852,0.0939557434661589,1.17800805584479,0.396031792643891,-1.01157020939818,-1.04573671507713,-0.856335354515137,-0.574978601284565,0.103340488803673,-1.10088084339349,-0.42682878901808,-0.115382978305131,0.216040491892755,-0.565328047091832,-0.633910484386522
comm.and.crime_point_1259,comm.and.crime,regression,0.21,0.137117731200038,anomaly,-1.38334975138032,0.524070428289996,0.412961487811192,1.50628962112251,-0.51147345739279,-0.506951551212952,1.37075083046105,1.78921686927177,0.166127940215069,0.59996722821086,0.142555914268554,-1.52447881765213,0.436063163052654,0.682832724400303,0.806623107946404,1.32219010599747,-0.056684368540964,-0.76198466217831,-1.50406343187183,-0.0350159755825995,-0.950371135754022,0.526201352602092,-0.00131209356022966,0.0104433041044344,1.21742257279479,0.646300935599162,0.192634769739419,-0.416640719459369,0.0351215468879261,-0.407153610755056,0.207127241592105,0.131698570334978,-0.390428796743927,-0.0669263775634199,0.913181366273366,1.00607696156302,-1.25727014298877,0.49655784179809,-0.168225438914154,-0.33565501485685,-0.139385171807338,-0.271552014618157,-0.350057212320766,1.69638891919342,0.738117843267285,0.529882184604888,0.712998307285384,0.507116509507333,-0.186519518100509,-0.494689340990077,-0.0579168405136468,-0.0434666408647052,0.687466279512922,0.455475228757665,0.70820759855586,0.897888521195889,1.03668055063147,1.56339770877238,1.72584298979199,1.75393896099451,1.7763273942262,-1.39244528206541,1.77234721799161,1.58923824605564,1.82534651907673,1.81596120007553,1.68164255482974,1.88008979111686,-0.0639199300512947,1.6848073853641,-0.145996364790864,0.726172755495118,0.419929865118091,-0.66769354228252,0.115083578304395,-0.847354381664952,-1.18175658985325,1.74572257868425,-0.512579672044432,-0.354149070735601,0.914832475982277,0.935075853945092,0.897156756189573,1.20197784435064,0.943924605526253,0.833861965998727,0.917964855184794,0.471237211128387,2.5110078440746,-0.798658623560617,0.00547415598365529,-0.0276726255657857,1.44698792345066,-0.532924460232356,-1.73723049606509,-2.57540722634511,-0.108613964678413,0.134929855663671,-0.06328940132067,-0.531248663028845,-0.391348688885798,-0.411754368021554,-0.491156386462159,-0.0598300184254683,-0.611019470771741,0.58448334399507,0.454251997880092,-0.951202378562316,-0.34476848053886,-0.532850506793854,0.0759519559752211,-1.66673515571579,-0.22930318399663,1.40582904965634,-0.284915395618803,-0.998826763175882,0.559333928560141,-0.342407471398352,-0.148565325619854,-1.23967902989064,-0.362109156720205,-0.391348688885798,-0.504578098615964,-0.139144981884744,-0.478855999702333,-0.792470938203999,1.66941109066569,0.453507363282115,0.981586015860986,-0.938289124010825,-0.352747691465246,-1.23504806525446,-0.13276590127921,-0.00681644642028318,-0.0819631937635291,-1.28758474605954,-0.728687620312182,0.394542252695183,1.08749073869428,0.682832724400303,-1.56531543697313,-0.719300011366178,-0.897080987655194,0.288567385435518,0.339056972600567,-1.29358715674149,-1.34967559361385,-0.342818397021626,1.82653673144917,1.3941712884829,0.200393210115953,-0.471261468611373,-0.257216700834412,-0.165584803405107,-0.721826356680434,-0.472248714197789,-1.1907081890969,-0.411754368021554,0.0944776934649314,-1.15122030423583,-0.363384981726775,-0.307289207713733,1.42279528080437,0.115083578304395,-0.649707912297875,-0.689543980824615,-0.86805539531773,-1.33363231886228,-0.35568405855027,0.636963051711922,-0.199361816374992,-0.34476848053886,-0.521839596572905,1.48813075226438,-0.811358043131231,-0.305555362163633,-0.640100742275393,0.238204792637512,1.53477012384147,0.400963250363601,-0.970100277440667,-0.375024355916575,0.888234856532939,0.672346098709078,1.61481591053503,-0.333979422149212,0.471237211128387,-0.696638653067897,-0.738257558223326,2.34195220860657,0.90912658159863,0.837417660326429,-1.06268769461281,0.682832724400303,2.24352760577905,-0.288244073076904,0.243010035727013,-0.598611727582553,-0.333979422149212,-0.394815653267903,1.75393896099451,-2.61814392932502,-1.020402605573,-0.31272463367933,7.21936350380304,-0.105678140049712,-1.03742764507821,0.280105228274217,0.15346437026538,-0.0965886105387498,1.94128902440898,0.726172755495118,-0.324530007231007,0.819460891553668,0.629145668582266,2.88180704274436,0.898725322117096,-0.110010510253322,-1.09338731710165,-0.830849724959226,2.24871842726367,-0.179320641157294,-1.01975530649992,4.81640531972005,1.60087059101434,-0.652304948129686,-0.0790743884354456
comm.and.crime_point_1619,comm.and.crime,regression,0.03,0.075532333329592,nominal,1.11702334614895,1.22003874930914,-0.375024355916575,1.32304628608997,-0.590386957395979,0.845289154649251,-0.352747691465246,-0.576459764357761,0.810475562834887,-1.00211120091324,-0.638203521537374,-1.46867072933771,-0.265657561852559,0.682832724400303,2.90824112180831,1.37686095601735,1.26614746219524,1.8774180052532,-1.73445348243088,-1.1604488464998,-1.01004991778758,2.59422680114701,2.19639213608172,2.04465934163967,1.85847278793537,-1.23504806525446,0.806725466558606,-0.252778472003357,-0.433845179637909,-1.23875756229239,-1.38642682910448,-1.64600924706368,2.57333954931147,-1.10564955550658,0.625885114403834,-0.476239332141566,0.623533047702732,-1.71536329995644,2.5157361965061,-2.08946071318521,-1.22239309204787,-1.92708884090277,-2.03844957517937,0.726106231776839,1.77784423910186,1.64447452283125,1.26157141007396,1.81255198582753,-1.37267776747832,-1.92129258340332,-0.333979422149212,-0.91323565124325,-0.34476848053886,1.00319918461822,0.565976421003951,0.451234030637584,0.369910502906264,-0.302657597962493,-0.389816005440537,-0.44257322543477,-0.438112633336816,0.767391182341933,-0.548829847861638,-0.59830836089083,-0.324530007231007,1.58004448809894,1.3650345617856,0.982048677088096,2.01637862146685,-0.839525415373817,-2.87050598555355,2.68556176017342,-0.444061083654919,0.672346098709078,2.16687484778218,-0.801434429577986,-0.652615808821794,1.444604256453,-1.08907433885046,-1.17821175605928,0.825715694570486,0.848698514337638,0.982171871876493,1.24757278826182,1.66067466775754,2.32407992805221,1.76143407289747,0.648228546406218,-0.0520855978833183,-0.850581459313604,-0.286904425214791,-0.226875569169311,-0.586463083611209,-1.07127315045188,-0.358695607590779,-2.07670734682755,-2.02566435638881,0.134929855663671,-0.900349146138491,-0.574906338353587,-0.391348688885798,-0.639972682963453,-0.491156386462159,-0.453822940289352,0.72448175801232,1.29617829362176,-0.294515666436819,2.01613236565723,-0.115382978305131,-0.26287797133625,0.703657382637049,-1.66673515571579,-1.49924105847212,0.744132303188673,-0.349350157880785,-0.949587954657186,0.246029414243294,0.432961111715639,-2.47467107496183,-0.295725241742213,-1.54724770165264,-0.391348688885798,-0.230503261067549,-0.595936377798769,-1.88271318408187,-0.922036947615181,0.201187390066993,0.913181366273366,0.363106181557171,-0.173042062415791,-0.209122814638054,-0.567472613338656,-0.978565285147405,-0.226042158711328,-0.81022732312622,-0.652615808821794,1.71835188068565,0.47649623486865,-1.70972241982659,-1.56531543697313,0.682832724400303,0.486441406234567,-0.366268385707879,1.23839136456794,-1.10088084339349,0.874849771726638,-0.107308819079628,0.749003691009788,1.69607137989238,-0.144305290106824,0.102933683049804,-1.45443495334745,-0.739004709724335,2.39312643334151,-1.15170276860673,-0.52457500537974,-0.440957773352299,0.227256913815765,-0.153076210305205,-1.10745167520755,-0.757302642981302,-0.366268385707879,-0.84200519593359,1.78891329814154,0.117254540572726,0.0272941611820292,-0.982973896065542,0.855676662810112,-0.121200695287352,0.261208422753086,-0.277522937462631,-0.34476848053886,-0.521839596572905,2.26235219599768,-0.917186199337522,0.321344892711017,-0.409710691716343,-0.116905957376842,0.387066062068055,0.0840075630593312,-1.18175658985325,-0.453822940289352,0.417298235895379,-0.719233528474505,-0.462630445351289,-0.333979422149212,0.412240099369111,1.35140493998362,-0.696016939253532,-0.370281702344836,-0.696016939253532,-1.80538500075123,-0.767702135816429,0.682832724400303,-1.09939376855715,0.291015006099739,0.0944776934649314,-1.56531543697313,0.494208322757484,-0.700054714702294,2.04962329378306,-0.245827430569399,0.208622131821331,-0.368882137241703,-0.343626531286471,-0.056684368540964,-1.23918622542406,0.505191802457658,0.302349200451482,-0.514522113788516,-1.10521140486391,-1.23321624918318,-0.167221968720685,-1.02220602282232,-1.38334975138032,-0.195819457380031,0.295474101638588,3.27642718339475,2.46239212169607,0.346157443944216,-0.890859043653398,-0.928088305474204,1.15430859093348,-0.230075729421995,-1.83555965495403,-0.652304948129686,-0.179953678608368
comm.and.crime_point_0447,comm.and.crime,regression,0.62,0.0852589595252386,anomaly,-1.6882732998595,-0.867866213748302,-0.453822940289352,-0.326143729202842,1.18516679267579,-0.629882524473152,-0.496372568292438,-0.490435159498505,0.230562702477051,0.182033724961094,0.022439077990719,0.0939557434661589,-0.499564470154296,-1.56531543697313,-0.817354448219611,-0.263264544579206,0.38425957503777,-1.26740219423966,0.281459459960805,0.550209117294346,0.839992325252642,-0.835669064732367,-0.890859043653398,-0.792536710712104,-0.764005364912463,-0.0212745163166381,-0.67732705075443,-0.362019970307365,-0.277522937462631,0.599524856895403,0.675819615326396,0.477363979273606,-0.677245088297676,0.427703707171417,-0.695677644196011,-0.624470961512025,-0.0603953852759968,0.245203166598712,-0.382942369747774,0.102796409725239,-0.424387256081161,0.356410229834627,0.249049755145189,-0.1794909431453,-0.351119333321313,-0.487789080732225,0.0729963540320473,-0.223927357231975,-0.0679036931627271,-0.152304562810898,-0.241958561604024,-0.217420442940414,-0.34476848053886,-1.18769663882401,-1.52008084975738,-1.58352531523914,-1.42523962558467,-0.726761076765874,-0.728321444677741,-0.738257558223326,-0.693624944209472,0.723312887149946,-0.639856399463727,-0.242196122550708,-0.272093994394233,-0.307289207713733,-0.471291797870422,0.136833510943376,-0.317614875358386,-0.220349445381496,-0.609742683218555,0.726172755495118,-0.311139399228302,-0.976933459434427,-0.26287797133625,-0.29631495662136,0.723150221859989,0.455215483407476,1.79339899517967,-0.1602519683065,-0.822944761547652,-0.792470938203999,-0.803145557548822,-1.39693395858671,-1.30189225613177,-1.05911760742057,-1.23756759008094,-1.18068191813137,-0.532665618250428,0.291720927252114,-0.286904425214791,-0.226875569169311,-0.672992913698949,-0.19033893009266,-0.193271420973861,-0.281387780564301,-1.06713916053361,-0.139144981884744,-0.851110337619796,-0.662221689003069,-0.391348688885798,-0.594329019975073,0.756333805638724,-0.375024355916575,0.72448175801232,-0.720290730320524,-0.236918153797056,1.21723454990582,1.60500828844784,-0.856817549342979,-0.209368692507428,-0.26287797133625,0.299837597034825,-0.082988629895916,-0.349350157880785,-0.457199869470233,0.82042102382418,1.01448754905113,-1.74776302829246,0.412240099369111,-1.10282074730298,-0.391348688885798,-0.321861540250354,-0.504578098615964,1.6809242839585,-0.792470938203999,-0.483983670212399,-2.87912915840445,-0.616153556090535,-1.01884144628399,1.37075083046105,-0.446095258444874,1.88104215554983,2.34985996070845,0.828366967939835,0.141095362725389,0.00542422998716656,0.968220127909451,1.46677387883271,0.682832724400303,-1.56531543697313,0.979699258889417,-0.307289207713733,0.415210582653175,-0.294515666436819,-0.722945859776196,-0.202875494043799,-0.69021633412253,-0.956724101762177,0.252720923722782,-0.286904425214791,1.16736100594875,1.02755132287205,-0.370281702344836,0.615566924868049,3.39989683326659,-0.347238971384223,0.592406217722805,0.0944776934649314,-0.713534013953022,0.249375824669157,2.34677380202284,-0.183154148155274,0.925001184677206,0.530234322887664,0.799273698727645,-0.86805539531773,1.28285890313643,-0.35568405855027,1.81790617129683,-0.35568405855027,-0.115382978305131,0.869790820032767,0.541860098812564,0.0352672065190975,0.112378141086133,-1.61925845715135,1.54027754269014,-0.505592652644603,-0.814033550969433,1.62268954961346,-0.0598300184254683,-0.419922423015838,0.775426071093047,-1.10564955550658,-0.0579168405136468,0.353242987609834,0.0177951584617036,-0.273610749555595,1.77903573652232,-0.738257558223326,0.00542422998716656,0.176251652332003,-1.56531543697313,0.793585804862147,-0.600152808018174,-0.895737921615612,0.682832724400303,-0.241958561604024,-0.343942476362171,-0.189129511616007,-1.55060150488499,-0.56760401811193,-0.930457172865427,-0.109719622984733,2.2460228923702,-0.835669064732367,1.45055541402811,0.10383609353668,1.08755631533559,-0.58964979375619,0.726172755495118,-0.7440181099252,0.317188096723854,-1.38334975138032,1.8559315427029,0.245203166598712,-0.199127291665113,-1.37784967220547,-0.4726301518147,-0.838532752471447,-0.0641256158777693,0.956666418439536,-0.34476848053886,1.29313056898732,-0.391374245016123,0.374882417342708
comm.and.crime_point_0772,comm.and.crime,regression,0.03,0.00853532442497495,nominal,0.324222120103087,-0.519882053238727,-0.453822940289352,0.651154057637344,-0.590386957395979,0.681381190302317,0.41325165161311,-0.490435159498505,-0.413784920142767,-0.79314444928836,-0.638203521537374,-1.24543837608001,-0.421595500720383,-0.508685801127615,2.71718493872995,1.81422775617643,0.776209747107756,1.48431548031659,-1.21607586867302,-1.1604488464998,-1.01004991778758,2.44290786588763,2.03941326253586,1.88406333867636,2.32469112621943,3.0738480334748,0.806725466558606,2.91522497881288,-0.433845179637909,-1.19498893326411,-0.870865217996765,-1.1522015200085,1.61728524413231,-0.808871504665675,1.71761087150805,-0.0315444440301896,-0.516347673928482,-0.961299274358306,1.442151542338,-1.37697714823931,-0.65238892350022,-1.75582641059746,-1.65719968679194,0.467364181799085,1.72833345834783,1.64447452283125,1.3987146857711,1.49924747151068,-0.660982817851633,0.4183367341544,-0.333979422149212,-1.0002125522811,-0.230075729421995,-0.639972682963453,-0.998566532067046,-0.541331503936429,-0.60459956684596,-0.302657597962493,-0.432129185345187,-0.189129511616007,-0.18260032246416,0.238451640038094,-0.412290020458506,-0.29306929945644,-0.114785955883911,0.990252708157481,0.795140174306145,0.189659458827421,1.91490064334401,-0.791896494605177,-1.71114018948432,0.726172755495118,-0.444061083654919,0.46618615394114,2.00489132650762,-0.571834669143156,0.0352672065190975,1.10046903104586,-1.00671795787817,-1.17821175605928,1.6723251179825,1.62609457080473,1.49226256599801,1.01959806870591,1.23062463041877,2.28380376691563,2.55804388962611,-0.531713688779321,0.855676662810112,1.38210047806485,-0.286904425214791,-0.226875569169311,0.149040472134574,-0.239279720112616,0.358142534415864,-0.929697623937139,-0.108613964678413,-0.0477867027019386,-0.949587954657186,-0.225644935755658,-0.391348688885798,-1.23334030181239,-0.620207095989836,0.0189685659473083,-0.264778411457355,0.169327956712836,-1.21607586867302,-0.837074119169256,-0.230075729421995,-0.316872478427771,1.90200410626417,0.169078085395916,0.0881812846222431,-0.744685376363587,-0.0271763465708762,-0.70339391206371,-0.380579614390398,0.287579502381766,-1.99006571051558,0.176251652332003,-0.658393792953314,0.565675602981562,-0.413219819433159,0.683079530760502,-1.12679008480058,-0.403772909970454,-0.239279720112616,-0.23600364120476,0.930046029669001,0.43110035463292,-0.639997445119629,0.403546225811598,1.84076599441325,-0.445267871002372,-1.23504806525446,0.511493909447407,-0.288220510132573,0.845289154649251,-1.14079770961895,-1.56531543697313,0.682832724400303,-0.280848586784089,1.63902366609309,1.3650345617856,-2.08003855826945,-0.608817600383137,-1.2063255811676,-1.23612737813824,-0.956724101762177,1.3941712884829,-0.189444898148642,0.730395012732716,0.33163531003105,0.65320279235381,0.806623107946404,0.46962452707733,-1.47186459500113,0.501118891746045,1.48077955457769,-1.10745167520755,1.03721114717821,0.282502572227728,1.42279528080437,-0.26287797133625,-0.708705024057152,-0.689543980824615,-1.55756639980461,-0.425870058168848,-0.433845179637909,-0.651338533289799,-0.121200695287352,0.458080777279193,0.608860116919203,-0.447422857068877,0.723150221859989,-0.79314444928836,-1.15847835603325,-0.4325599573896,2.25739860718029,-0.761207603085388,1.62268954961346,-0.138628602798245,0.417298235895379,0.414646167749156,0.279314681750966,-0.149937701058835,-0.767702135816429,0.0654240792303436,0.0220735832329614,3.46778515277508,-0.738257558223326,0.0543650200071232,-1.3576732534092,0.682832724400303,0.229719548950016,-0.956619933665339,-1.04427026387769,0.682832724400303,-0.333979422149212,-0.547435183985099,-0.44257322543477,0.406559606588398,-0.114805430650861,-0.53735464792882,-0.499564470154296,0.139290717494029,-0.331272613867753,0.280105228274217,-1.23612737813824,-0.375210946038594,0.628950377952967,0.726172755495118,1.82534651907673,-0.0734685214771128,1.48293160432397,-0.629843707397574,-0.358048053879797,0.246456615393843,-1.70972241982659,-0.574978601284565,-0.576901296561691,1.203019662197,1.15430859093348,-0.115382978305131,-0.45072955583245,0.521883215881349,0.425322062429169
comm.and.crime_point_1024,comm.and.crime,regression,0.03,0.064552035498176,nominal,1.60490102371564,0.176086267780421,-0.453822940289352,0.162505164217251,-0.708757207400764,0.845289154649251,-0.209122814638054,-0.576459764357761,-0.349350157880785,-0.166244194413711,-0.578145103398456,0.038147655151735,-0.343626531286471,0.682832724400303,-0.196421853214959,-0.208593694559321,0.0413031744765323,0.978897948255237,0.511849510519854,-0.215085234929352,0.243204504917087,-0.280832968781291,-0.629227587743642,-0.739004709724335,-1.28850099548203,-0.385406580997984,-1.34259197230855,-1.07208970928342,-0.35568405855027,-0.494690868811617,0.394604191085821,-0.0658245204870952,-1.01186409511038,-0.363704428404322,0.281129612160397,1.99428782403275,-1.02929399866253,1.55224747763548,-1.18813086037385,-0.719300011366178,-0.53838808979069,-1.41330154998685,-1.11255698909562,0.596735206787962,0.738117843267285,0.966027012606508,0.347282905426335,0.454899090454526,0.821714993870633,0.817785642030109,-0.333979422149212,-0.652304948129686,-0.34476848053886,0.729337206687944,0.37633485093474,1.5926843953977,0.934100543289131,-0.59953003312486,-0.64369508486844,-0.569295082344151,-0.608454173918587,0.767391182341933,-0.412290020458506,0.0630429388836828,0.0949580954631852,0.341481750221874,0.60517537847966,-0.338600020013028,0.747903894931396,-0.458494049224697,-0.551774393415093,0.726172755495118,-0.510521925868227,1.18774596062892,0.601034142128082,-0.939194285838884,0.141095362725389,-0.792274708693406,-0.677292433989011,-0.499571897557428,-0.733827980135861,-0.749282268400272,-0.803145557548822,-0.71300979991899,-0.776275543828826,-0.898012962874244,-0.862692382208638,-1.23967902989064,-1.28023453882149,0.135952419993153,-0.286904425214791,-0.226875569169311,-0.802787658830557,1.86517425074552,1.18526346750045,1.31445183389192,1.40484687088243,-0.504578098615964,-0.112528209839365,-0.487590987704104,-0.391348688885798,0.0903259248506256,-1.48054515950769,-0.375024355916575,1.46642688511458,-0.36444325550718,-1.67685596979111,-1.86422845370679,1.26093003509725,0.0610890712128745,-0.780009989472726,0.331061606670478,-1.02301435554381,-0.138130025434889,-0.478219682404748,-0.654155103545014,0.454899090454526,-0.536249617176849,-0.87547337228922,0.825219881684049,0.724267842801197,-0.391348688885798,0.409004693212087,0.0435715764808665,1.73491879105002,-0.965225617418908,1.03318082040625,0.568425864029928,-0.255373652746643,1.67966134986692,-0.496372568292438,-0.688849968232438,1.55883286645718,-0.390461442929611,0.706989613046053,-0.599701730718649,-2.78420080115036,0.47649623486865,0.613386813521254,-1.56531543697313,0.682832724400303,-0.883719295584461,-0.248310029719587,-1.04118618534988,0.396654485240329,0.30420847476134,-0.776275543828826,-0.392446673750327,1.87002518196809,-0.69021633412253,-0.286904425214791,-0.853606712675401,-0.36428070280995,-0.523804376549633,-0.00536567013660394,0.94056114771489,1.90201227584959,-0.685616345951833,-0.846227140861585,-0.669765384924741,-0.494690868811617,-0.897080987655194,-0.924361576905879,-0.20888346424473,-0.0597367947051054,1.73667742289018,-0.408381392326479,-1.2268367587807,0.269604910150844,0.583283819003517,-0.199361816374992,-0.34476848053886,0.782813918994912,-0.533447461928133,-0.599701730718649,-0.514522113788516,-0.409710691716343,-0.590386957395979,-0.760637999705362,-0.391425967897073,0.0881812846222431,-0.375024355916575,0.731255982987085,0.156946236789233,-0.808871504665675,-0.241958561604024,0.943214105202603,-0.220349445381496,1.75393896099451,-0.830849724959226,0.90912658159863,-0.973391570411965,1.94616500511031,0.682832724400303,-0.0119374178694681,-0.956619933665339,-0.499651675583395,0.682832724400303,-0.149937701058835,-0.852674245419489,-0.653776320283739,-1.19475403007165,-0.56760401811193,-0.200409626554585,-0.0317506535508209,-0.056684368540964,-1.08786729016467,-1.02539690198974,-0.293190120292925,-0.723488865413399,-0.167826657395328,-1.23321624918318,-0.114785955883911,0.372996185038278,-0.468579105942779,0.830056042661434,-0.307777118839921,1.00394925739407,-0.42964182185941,0.602028567618877,-0.315269840651936,0.0510694094017551,0.709613702822105,-0.34476848053886,-0.60459956684596,-0.695793398648614,0.828839223120861
comm.and.crime_point_1257,comm.and.crime,regression,0.26,0.554560565719224,anomaly,1.11702334614895,0.524070428289996,-0.453822940289352,-0.448305952557865,-0.4325599573896,0.722358181389051,-0.44849760935004,-0.576459764357761,-0.220480633356821,-0.0269330266637888,-0.277853012703869,-0.575741316306927,-0.343626531286471,0.682832724400303,0.137926467172162,0.884823305838383,0.38425957503777,-0.53735464792882,-0.870490792834442,-0.890344957479674,-0.174546969317801,0.0722445468239389,0.0510141976217214,-0.150152698858873,0.57637235765421,0.100102838577144,-0.319107477609904,1.9320514940768,-0.433845179637909,-0.844839901037864,-0.308434369515615,-0.115205293192613,-0.438231512002885,-1.45189061482096,1.31539611889071,-0.179776073400649,-0.687329782173164,-0.458589923959548,0.153849957336276,0.376828550089045,-0.994391424628807,0.470585183371496,0.412442564454086,-0.696975043100807,0.589585501005203,0.481421648160263,0.667283882053004,0.768203604771372,1.47410203102843,1.38842693899541,-0.333979422149212,-0.956724101762177,-0.34476848053886,-0.0466050641145143,-0.524462606894016,0.00457954007927846,-0.245569541147772,-0.557119685244521,-0.64369508486844,-0.569295082344151,-0.608454173918587,0.811469477533919,-0.503316572060594,-0.801801068513758,-0.691582097088426,-0.248310029719587,-0.15468380482628,-0.285774072128984,0.139036026194378,-0.601380811530617,-0.203964654594325,0.726172755495118,-0.37760024144161,-0.152293680362675,0.115083578304395,-0.847354381664952,-1.49924105847212,1.01443522469408,-0.471401481558287,0.082119409729878,-0.377360854488696,-0.403772909970454,-0.463085094801143,0.153294134393461,-0.155092156561714,-0.293870545825533,-0.0660825654799971,-1.23967902989064,-0.0520855978833183,0.291720927252114,-0.286904425214791,-0.226875569169311,-0.672992913698949,0.494832130186732,-0.524119794207697,-0.530737720323085,-0.159062659197108,-0.230503261067549,-0.8018715291011,-0.531248663028845,-0.391348688885798,-0.548685356986693,-2.03976490079429,-0.375024355916575,-0.413167436877806,0.525175431526179,-0.409710691716343,-0.551753470686607,1.26093003509725,-1.01880107061754,-0.951202378562316,0.115083578304395,-0.758443965028085,0.523566721032782,-1.38030635407249,3.77733766313757,-0.171709938179167,1.11140862194038,1.547553449942,0.589231434646941,-0.954678429186424,-0.391348688885798,-0.413219819433159,0.683079530760502,-0.370866985519292,-0.835659608007726,1.22894398048608,-1.21281089756117,1.03312600205297,1.11579509395479,-0.496372568292438,0.221480193470925,-1.01884144628399,1.25373139925322,-1.05298203291378,1.25229100289144,1.03318082040625,-1.03965243534049,1.08749073869428,-1.56531543697313,0.682832724400303,0.376828550089045,-0.779122631666902,0.0352809910002048,-1.8496485077104,0.0188878262786913,-0.585142193900484,0.798631967738489,-0.652304948129686,0.451234030637584,-0.286904425214791,-1.50905570249945,-0.524876705773258,0.141460545004487,0.758859062176815,-0.681553878925593,-0.581535976304412,0.683693543699564,-1.04427026387769,1.91258372774383,-1.01991441715099,-0.66116427567861,1.38161709031822,-0.316872478427771,-0.826699247575706,1.2955462585784,0.913181366273366,-0.479267838209638,-0.043039574199713,2.99884929088174,-0.433845179637909,-0.34476848053886,1.52211757781668,-0.533447461928133,1.35811915909774,2.34135682508489,-0.58250322963563,-0.314189707384816,-1.10069846245304,0.0840075630593312,0.0352672065190975,-0.217427187171022,0.364971944713428,0.569266126325109,-0.264778411457355,0.218145741121919,-0.000739682945828393,-0.553751890761977,1.03584843850801,-1.29141774757362,-0.44257322543477,-0.924450780392009,-0.826699247575706,-1.56531543697313,1.27689973850112,-0.600152808018174,0.0944776934649314,0.682832724400303,-0.333979422149212,-0.547435183985099,-0.696016939253532,0.347251694119508,0.726106231776839,-0.0880946194298402,-0.499564470154296,1.85407272030022,-0.0286347433489841,-0.75529301296961,2.98227614380132,1.08755631533559,-0.449042081635903,0.726172755495118,-0.0623499430471371,-1.35705455270886,-1.38334975138032,2.36886929272363,-0.458589923959548,1.09306603880586,-1.33043927968817,3.46778515277508,-0.210617258288034,-0.697698254915155,0.363739900957701,0.916851781746651,0.728940528604452,-0.0434666408647052,-0.633910484386522
comm.and.crime_point_0516,comm.and.crime,regression,0.03,0.022371694995462,nominal,0.812099797669774,-0.867866213748302,-0.453822940289352,-0.0207381708152835,-0.393103207388005,0.640404199215584,-0.352747691465246,-0.533447461928133,-0.54265444466673,0.112378141086133,-0.458028267120621,-1.18963028776559,-0.343626531286471,0.637869761172835,1.33202761141188,1.54087350607701,-0.15467191155846,1.2596854660671,-1.3888684065923,-1.29550079100987,-1.06972869982113,1.18191673872609,1.09754002126074,0.974019321884281,0.692926942225224,4.83381967943463,1.31846771390793,1.27660250425276,-0.433845179637909,-1.23875756229239,-1.15208064223734,-1.49786692894712,1.71289067465023,-1.10564955550658,1.31539611889071,0.215508271587242,0.680527083784293,-1.21265394955768,1.92526463671364,-0.8289128675117,-0.139385171807338,-1.07077668937625,-1.00362844955635,-0.114805430650861,1.28273643156158,1.01448754905113,1.1701425596092,0.977073280982603,-1.90644897969834,-1.52184367552761,-0.333979422149212,-0.956724101762177,-0.34476848053886,0.135969587839005,-0.192589859272896,-0.193933566835524,-0.194279537476602,-0.302657597962493,-0.389816005440537,-0.400332606464976,-0.395527248191373,0.546999706382,-0.639856399463727,-0.496562007079367,-0.429402032904556,0.105565038245289,0.541853779870831,-0.919685446737523,0.849381873054233,-0.791896494605177,-0.957552422039323,0.726172755495118,-0.444061083654919,0.260026209173202,0.601034142128082,-0.709594525404054,-0.546787652615503,1.18650283739765,-0.84200519593359,-1.17821175605928,0.558365350335113,0.50318915590782,0.429573619911515,1.33876267608418,0.896141268044168,0.914414288271889,1.19912126108902,-1.12168480637209,0.588687762606162,-1.11019563807854,-0.286904425214791,-0.226875569169311,-0.370138508391861,0.00542422998716656,-0.413837003129751,-0.979567611888896,-0.764446993421443,-0.230503261067549,-0.752632720582405,0.298247168141235,-0.391348688885798,-0.457398031009934,0.455215483407476,-0.296225771543798,-0.116389386036903,-0.245827430569399,-0.0641256158777693,0.988978031119698,-0.230075729421995,1.41095174850089,0.30420847476134,2.2208693548737,1.04063469047886,-0.854968167441532,-0.671523969190694,-0.851110337619796,1.55146489056349,-1.26315766384622,-0.87547337228922,-0.531713688779321,-0.658393792953314,2.06362666851308,-0.413219819433159,-0.321861540250354,0.655028649219603,-0.706093598596545,0.837417660326429,0.683344364777741,0.105406250597248,-0.69663215719134,-0.639997445119629,0.52492358070538,-0.13276590127921,1.36334425539874,2.406272581559,0.881892456169426,-0.435042880192443,-2.55580110554962,-1.52008084975738,0.682832724400303,-1.56531543697313,-0.500074299075133,-0.543205919690318,0.22524578682669,0.627044535799378,0.589529123243989,-0.871842218792997,0.600118860823686,-0.695793398648614,-0.541331503936429,-0.286904425214791,-1.23595195673943,-0.471344704785489,2.34195220860657,-0.626298265141257,0.94056114771489,0.496230246328455,-1.18769663882401,-0.153076210305205,0.0305326795277526,0.0305326795277526,-1.07401852163763,-0.965539767392024,0.0610890712128745,1.35619388751754,-1.29609933175331,0.798262865525553,0.0547099621982618,-0.35568405855027,0.100170724627871,-0.35568405855027,1.49031553733097,-0.565328047091832,-0.576459764357761,0.82897837806628,0.182033724961094,-2.3104286088285,-0.669300457399169,1.02467942971995,-1.60642276923011,0.564407987550553,-0.375024355916575,-0.681553878925593,0.775426071093047,1.81266794442896,-0.333979422149212,-0.531713688779321,-0.315607286918777,-0.231370130585801,0.0391120955346223,-0.44257322543477,-2.97996396123019,-0.236728129982936,0.682832724400303,2.32407992805221,-0.288244073076904,0.490563939497149,0.682832724400303,-0.241958561604024,1.13137965390405,-0.315851368525389,-0.898214467727196,2.53730058162112,-2.33439476192474,-0.265657561852559,-0.938572255698432,2.29158893062824,-1.02539690198974,-0.342818397021626,-0.723488865413399,-0.917734455370194,-1.23321624918318,0.0949580954631852,0.540420449981549,-0.224640267159436,-0.629843707397574,1.0998090622766,0.513806959629217,-0.192589859272896,-0.523804376549633,1.88243438899001,1.54860473803558,-0.476239332141566,-0.115382978305131,0.575070517590943,-0.695793398648614,1.28279602889901
comm.and.crime_point_0808,comm.and.crime,regression,0.09,0.392899823132015,nominal,0.0192985716239078,-0.171897892729153,-0.138628602798245,-0.6315492875904,0.0803777926311325,0.312588270521716,-0.592122486177232,-0.576459764357761,-0.413784920142767,-0.166244194413711,-0.157736176426034,0.372996185038278,-0.499564470154296,-1.56531543697313,-0.483006127832491,-0.0992519945195506,1.85407272030022,0.58579542331863,0.281459459960805,-0.665258383296233,0.60127719711842,-0.129514033521907,0.0510141976217214,-0.0966206978711041,0.518095065368702,0.0394141611302526,-0.882023949694159,0.948878009340733,-0.199361816374992,-0.232079094641932,0.160258004218676,-0.0658245204870952,0.374414647399402,-0.462630445351289,-0.23600364120476,-1.31621856524083,0.224574795131807,-1.06184114443806,0.690642284420326,0.760473546598372,0.202617329321249,0.0709728459924523,0.357978294684454,-0.761660555595246,0.193499254972986,0.287579502381766,0.027281928799666,0.193811995190487,2.18579698065512,1.67374758747806,-0.241958561604024,-0.347885794497196,-0.34476848053886,-0.320467042044794,-0.761514569480531,-0.392446673750327,-0.45072955583245,-0.684350728885536,-0.686008264773091,-0.696016939253532,-0.693624944209472,0.723312887149946,-0.594343123662683,-0.59830836089083,-0.691582097088426,-1.07401852163763,-0.597934995088079,-1.34229302980988,0.0882970371329595,-0.696638653067897,-0.0300597851839413,0.726172755495118,-0.0452960303750682,-0.255373652746643,-0.20888346424473,-0.479994764969224,-0.493873574512357,0.0250464516485512,-0.100797767182985,-0.644994724379254,-0.689269589429965,-0.706093598596545,-0.675622884018443,-0.940984519474898,-1.01519223123925,-1.13966992969373,-1.00327058516075,-1.23967902989064,-1.49382565898465,-0.74673578780763,-0.0919853710824933,-0.226875569169311,-0.759522743786688,0.935299240366342,-0.248412816512834,-0.281387780564301,0.597667758583312,0.134929855663671,-0.604916295026319,-0.400275637054622,-0.391348688885798,-0.868190997905353,0.756333805638724,0.176565734692862,0.922333791906255,-0.245827430569399,-0.352113179076581,-0.494689340990077,-0.115382978305131,0.601034142128082,0.133016085671751,0.223072592487436,-0.0705609496871936,-2.28864445145482,-0.091611108832858,-0.161767018358061,0.454899090454526,-2.03852624696021,0.432961111715639,1.65117944631393,0.427983206568087,3.7696264931462,-0.0477867027019386,-0.230503261067549,-1.88271318408187,2.83537732530909,-0.141398140072703,0.625885114403834,-0.152293680362675,-1.01884144628399,-0.687872404062027,-0.446095258444874,-0.334146706962114,-1.15775143594827,-0.324717903551093,-0.22930318399663,0.25012818008695,0.763335172475784,0.281514065900134,0.682832724400303,0.682832724400303,-0.390461442929611,-0.779122631666902,-1.92768856587347,0.972629611637952,0.703657382637049,0.466091230705398,0.15346437026538,-0.478351146053977,-0.0450487366494222,0.00547415598365529,-0.362019970307365,0.0639753050922037,-0.984372399164023,0.0901624214025735,-0.315269840651936,0.730527251248644,0.272900576804145,1.23322565080756,0.118069937584314,-1.19498893326411,-0.307289207713733,-0.389045100585998,1.24896822722633,-1.23967902989064,0.799273698727645,0.338588862534303,0.748881102728531,-0.277522937462631,-0.00718774078893893,-0.043039574199713,-0.230075729421995,3.26165559857376,0.0687247720866572,-0.546787652615503,-0.0269330266637888,-0.812893280194679,-0.51147345739279,0.897156756189573,0.876396781320006,-1.02301435554381,-0.217427187171022,0.678929691805134,-0.822313500858473,-0.660482479245224,-0.149937701058835,0.117254540572726,-0.553751890761977,-0.653776320283739,-0.370281702344836,-0.315851368525389,0.641654500246602,0.117254540572726,-1.56531543697313,0.229719548950016,-0.555594417312278,-0.252097771813259,0.682832724400303,-0.333979422149212,-0.191322945644976,0.655682867779868,-1.84714106722945,-0.373547480628615,-0.874299669303055,-0.499564470154296,-1.13454734173342,-0.432151904040676,-0.710275698132921,-1.03761427122343,-0.653833281538438,0.160258004218676,0.726172755495118,-0.167221968720685,-0.0176604331626889,0.324222120103087,-0.590386957395979,0.044119426439209,0.647482131746904,-0.90374574703244,-0.319107477609904,2.45802359199147,-1.27367338131278,1.25312967718045,-0.230075729421995,-1.73297964761169,-0.652304948129686,-0.432151904040676
comm.and.crime_point_0040,comm.and.crime,regression,0.07,0.184591013811311,nominal,0.324222120103087,-1.56383453476745,-0.375024355916575,-1.97533374449566,0.119834542632727,-0.343043586866018,2.18462513248181,-0.318385949779994,-1.57361064085844,1.36617865083543,-0.458028267120621,-2.13836778911079,-0.499564470154296,-1.56531543697313,1.04544333679435,2.3062654063554,-0.546622083628446,0.922740444692865,-2.71361119730684,-1.29550079100987,-2.8600921608278,1.53499425433132,2.24871842726367,2.41938334855405,0.984313403652762,-1.23504806525446,0.960248140763403,1.8774307449248,-0.433845179637909,-1.23875756229239,-1.29268835435763,-1.74477079247472,2.95576127138314,-1.00672353855961,2.75187737823837,0.363739900957701,0.338562867294928,-1.46400862475706,2.19366080025567,0.376828550089045,0.943622748433189,-0.214464537849722,0.0311926760666601,-1.14977363056188,0.688607062513258,0.917566476161884,0.712998307285384,0.559333928560141,-0.957522380196087,-0.665881730079667,-0.333979422149212,-0.13044354190256,-0.230075729421995,1.23141749956012,1.22972191624619,1.6919409488551,1.498290583672,1.90268049181509,1.68352980988734,1.88066081790389,1.56340046849899,-0.334566197457732,-0.230236917254329,-1.10704012994815,-1.11107019978262,-1.78176865756739,-0.724578192305735,-1.55359682134606,-1.28165566752533,-0.458494049224697,2.23070351715105,-1.23321624918318,-0.178217714801685,-1.13155341801038,-1.66673515571579,-0.847354381664952,-0.864272121234376,1.74572257868425,-0.965539767392024,-0.644994724379254,1.09306603880586,1.23739654257118,1.27972477678071,1.88590200301836,1.27840796790085,0.99496661054505,1.2928400630571,-0.885696359334983,1.49645002329959,0.914794956287961,-0.286904425214791,-0.226875569169311,1.01433877301197,-1.2670363105317,-2.7297756157666,-3.12397709381444,-3.23643302483748,-0.321861540250354,-0.654155103545014,1.60797742788347,-0.391348688885798,-0.548685356986693,-0.792274708693406,0.0189685659473083,0.0319996393835476,-0.838906555258306,0.799837073718665,-0.0381763034178386,-0.230075729421995,0.223072592487436,0.589529123243989,1.41095174850089,0.723150221859989,0.744132303188673,1.19708413640678,-0.752632720582405,0.559333928560141,0.77218486682801,0.239118965937142,0.589231434646941,1.46497943338397,-0.391348688885798,0.409004693212087,-0.230503261067549,0.385056113761999,-1.00841428722264,-0.141398140072703,2.75187737823837,0.260026209173202,-0.69663215719134,-0.44849760935004,0.464234903258489,-0.13276590127921,-2.30868642547625,-0.567472613338656,-0.864272121234376,0.739536080286516,-0.711836506646619,0.423745243452043,0.682832724400303,0.682832724400303,-0.171235730638567,0.518419284204312,0.921783371523802,-0.409710691716343,-0.152304562810898,-0.155092156561714,-0.342818397021626,-0.565328047091832,1.3941712884829,-0.189444898148642,-1.07208970928342,3.3829593663339,-0.01206212920031,2.71718493872995,-0.733880170107544,-0.0660825654799971,-0.959478323882113,0.29252081648104,-1.06368304617927,-0.407153610755056,0.577398462198459,-0.471401481558287,0.49304512794504,1.00221121696188,-1.35124072729229,-0.408381392326479,0.962472222891692,-0.433845179637909,-0.382942369747774,0.0351215468879261,-0.34476848053886,-0.608816497610759,-0.576459764357761,0.405665753241116,-0.653833281538438,-0.0641256158777693,-0.669300457399169,-0.463085094801143,2.67247900937754,-1.07592843364696,-0.138628602798245,-0.629227587743642,-0.409993611322597,0.576092732591868,-0.333979422149212,1.35619388751754,-0.458494049224697,-0.696016939253532,1.47199038811273,-0.358091987495182,-2.49055606103062,0.353242987609834,0.6153882795591,-1.05911760742057,0.647482131746904,-0.351119333321313,-1.56531543697313,-0.333979422149212,0.520901531035269,1.54273586614554,-1.43198567994721,-0.955717093078561,0.81042543756812,-0.499564470154296,-0.889578484189684,0.627080642775015,-0.350137179439416,0.500862307366285,0.460656060460939,-0.120957420021899,0.726172755495118,-0.691582097088426,-0.519933227992503,-1.6882732998595,-0.550930207394384,-1.11211207947793,0.602923741041008,-1.70972241982659,0.397331668679148,-0.733880170107544,-1.15847835603325,-0.575060418388539,-0.230075729421995,-2.19458968065222,-0.695793398648614,-0.93654835490529
comm.and.crime_point_1079,comm.and.crime,regression,0.17,0.36702310452442,anomaly,0.629145668582266,0.176086267780421,-0.217427187171022,-0.814792622622935,1.65864779269492,-1.03965243534049,-0.161247855695657,-0.533447461928133,-0.607089206928712,-1.14142236866316,-0.878437194093044,0.26138000840943,-0.109719622984733,0.682832724400303,1.37979165718147,0.338114805639531,-0.840584712680936,1.48431548031659,-0.121723128517532,-0.800310327806298,-0.114868187284245,1.93851141502301,3.13826537735683,3.3829593663339,0.867758819081747,-0.203340548657311,1.88138418599218,1.9320514940768,-0.35568405855027,-0.976145788122707,-1.2458191169842,-1.39910538353609,3.05136670190105,-0.808871504665675,0.396048112908209,-0.82211313400597,3.18826467137296,-1.56455049483681,2.99884929088174,-0.938525723657223,-0.424387256081161,0.299322753066192,-0.186664403011869,-0.56760401811193,0.29252081648104,0.481421648160263,1.12442813437682,0.663768766665756,0.0507121317750543,0.190080215368281,-0.241958561604024,-0.521839596572905,-0.230075729421995,0.866268195653084,0.70820759855586,0.550490584094985,0.318620499235095,0.248676924481902,0.11794215341527,0.0220735832329614,-0.0548441670278318,0.41476482080604,-0.548829847861638,-0.700054714702294,-0.691582097088426,-0.602185097684464,0.0986025896090331,-1.39511897769393,0.544947938685724,-0.791896494605177,-0.493806103611632,0.726172755495118,-0.244678557014993,0.414646167749156,0.169078085395916,-0.893274333751918,-0.282217262099776,-1.56657896585947,-0.965539767392024,-0.741943275593805,0.0682230525702607,0.33043447669291,0.769634082659194,0.654838517416459,0.418307893223313,0.43110035463292,0.496230246328455,-0.885696359334983,-0.959847858576748,-0.227507430277758,-0.286904425214791,-0.226875569169311,-0.110549018128644,-0.239279720112616,0.633849512110727,0.566402014615565,-0.159062659197108,-0.413219819433159,0.872247960534541,1.56431975255873,-0.391348688885798,-0.00096140112613429,0.928401418342293,0.412961487811192,-0.264778411457355,0.762407081401742,0.91503209899819,-0.152304562810898,-0.34476848053886,0.00709456412135369,-1.06533063795537,0.49304512794504,-0.335131340202921,-0.910109562980505,0.488301751524978,-0.407961060951538,-0.11949251912636,0.0937373566032682,1.01448754905113,-0.472716577020044,-0.559632247542278,-0.391348688885798,-0.413219819433159,-0.321861540250354,0.655028649219603,-0.965225617418908,1.22894398048608,-1.15535164718726,0.0538662644052637,1.43800438304744,-0.496372568292438,0.0394141611302526,-0.173042062415791,0.760473546598372,3.0738480334748,-0.811358043131231,-1.85432579077118,-1.36746836403435,0.897849168625072,0.682832724400303,-1.56531543697313,1.47295711154427,-1.07401852163763,-0.0913622062174521,0.857434586358428,0.24714434506481,-0.776275543828826,2.73413476015781,-0.478351146053977,1.7911975023125,-0.286904425214791,2.15053449068482,-0.471344704785489,-0.830849724959226,-1.00841063129797,-0.838532752471447,-0.581535976304412,1.77914145542068,-0.202586991059232,-0.582228126868179,0.511987598838842,-0.779122631666902,-0.389045100585998,0.223072592487436,0.23524876409128,1.07498067642251,-0.408381392326479,0.321698862402212,-0.433845179637909,-0.168225438914154,-0.35568405855027,-0.000690227188266011,-0.91323565124325,-0.490435159498505,0.246923518931679,-0.166244194413711,1.203019662197,0.63277229265346,-0.845653115392282,-0.497077863665163,-1.39341290226583,-0.296225771543798,2.24871842726367,-0.873853487050458,-1.05618654703309,-0.333979422149212,-1.12168480637209,-0.267978366150136,0.740164105719455,-0.626152826019497,3.44356371978626,-0.973391570411965,-0.177731018223659,0.682832724400303,-0.414699029235275,0.246456615393843,1.62931189683977,0.660351242786569,0.494208322757484,-1.00529377613668,0.57120162984028,-0.30513534303829,0.143936619326893,0.192692898382022,-0.109719622984733,-0.301653226084705,1.03059780346671,-0.170067920092664,-0.0946770133781229,-0.862800033163321,0.300865716338963,-1.23321624918318,-0.272093994394233,0.596228538295973,1.66588573341148,-0.669300457399169,0.345745036678463,-0.733827980135861,0.755617991073163,-0.216759028140039,0.312645653531477,0.627044535799378,1.64841402216834,0.114002523928599,0.216040491892755,-0.0434666408647052,1.68631318959071
comm.and.crime_point_0099,comm.and.crime,regression,0.09,0.05062820700599,nominal,-1.20039562229281,-1.56383453476745,-0.375024355916575,0.834397392669879,-0.590386957395979,0.886266145735984,-0.639997445119629,-0.533447461928133,-0.091611108832858,-0.444866529913555,-0.217794594564951,-0.18508469810596,-0.421595500720383,-0.148982095307866,1.18873547410311,1.04883585589804,-0.350646997593453,0.754267934005747,-0.0641256158777693,-0.665258383296233,0.60127719711842,0.929718513293784,0.46962452707733,0.33163531003105,1.2756998650803,-1.23504806525446,0.0902863202695546,3.35219097202891,-0.433845179637909,-1.19498893326411,-0.495911319009332,-0.115205293192613,-0.58163965777976,-0.0669263775634199,0.85572211589946,1.20371913405697,-0.801317854336286,0.396015971718339,-0.490300835164584,-1.26736429209379,-0.424387256081161,-1.47038902675529,-1.38487833794378,0.596735206787962,1.28273643156158,1.06294808549576,1.12442813437682,0.507116509507333,0.940330818808414,0.874849771726638,-0.333979422149212,-0.782770299686468,-0.34476848053886,-1.27898396480077,-1.56749124227468,-1.73241014542524,-1.68168964394052,-0.726761076765874,-0.728321444677741,-0.696016939253532,-0.65103955906403,0.194373344846107,-0.503316572060594,-0.242196122550708,-0.00991393021036301,1.04923188615163,0.98510497013263,-0.497077863665163,1.8641616542826,-0.696638653067897,-1.5952036098774,0.726172755495118,-0.444061083654919,0.569266126325109,1.89690231232458,-0.939194285838884,1.94017401823234,-0.0609873547032339,-1.08907433885046,-0.548046173164703,0.647482131746904,0.50318915590782,0.387066062068055,-0.4394401364519,0.274957880777056,0.632481160315823,0.777386652232682,-0.826699247575706,0.428494422483792,-0.435198773289707,-0.286904425214791,-0.226875569169311,-0.240343763260253,1.08212161042621,1.79181881842915,1.51393178569894,1.45529556540112,-0.0477867027019386,-0.851110337619796,-0.618564013678328,-0.391348688885798,1.32270482553688,-0.233054967406804,3.95889778458614,-0.512093453824773,-0.542366992913852,0.281459459960805,-0.266432822203958,-0.34476848053886,-0.96480656352602,0.4183367341544,-0.370866985519292,-1.23467066795639,-2.28864445145482,0.166127940215069,2.98951672683844,0.193811995190487,0.966027012606508,0.33604003882639,-0.649707912297875,1.21807556985638,-0.391348688885798,-0.0477867027019386,0.409004693212087,0.871006677585685,0.460000486104092,0.494832130186732,0.396048112908209,0.569266126325109,2.08242296123273,-0.304872732522849,4.83381967943463,1.5185567053206,-0.938525723657223,-0.446095258444874,1.62268954961346,-2.24585211093084,-0.261089604692552,-0.145179466755593,0.682832724400303,0.682832724400303,-0.445267871002372,-0.0713724957371486,-0.0280406076086237,0.454251997880092,0.703657382637049,-1.11075890620342,0.94751679792459,-0.217420442940414,-0.938357717766034,-0.286904425214791,3.13370797542089,0.117507306079973,0.141460545004487,1.28426356564229,-0.367596131833887,-1.47186459500113,-0.822547334916973,-1.04427026387769,-0.494690868811617,1.43112880843274,1.16719024213992,-0.965539767392024,-0.20888346424473,1.00221121696188,-1.24095793621434,0.108751861038678,-1.2268367587807,-0.277522937462631,-0.490300835164584,0.269604910150844,-0.115382978305131,-0.347885794497196,-0.533447461928133,-0.123475027790339,-0.584177697663477,-0.467308204356106,-0.590386957395979,-0.0805170742100041,0.189659458827421,-0.970100277440667,-0.217427187171022,0.103340488803673,0.0538662644052637,-0.363704428404322,-0.0579168405136468,-0.472716577020044,-0.267978366150136,-0.146888892646214,-0.0632363539352424,-0.146888892646214,0.886358450346385,-0.295725241742213,0.525462353104163,1.03524277168163,0.023664661864365,-0.301608552567286,-1.56531543697313,-0.333979422149212,0.215662469600878,-0.611535701313945,-0.0679036931627271,0.596735206787962,-0.9866146764278,7.29733247323696,0.874197290125252,-0.93654835490529,-1.20546616133649,0.15346437026538,-1.28073353641309,-0.495911319009332,0.726172755495118,-0.534274058578104,1.04269324481136,-1.0174414932053,-0.195819457380031,-0.00615150860066679,1.85055868080609,-0.856335354515137,-0.933198174429091,-1.1001642083812,-0.00652810323800724,-0.82211313400597,-0.34476848053886,-0.55330956317479,-0.43486269553505,0.0722445468239389
comm.and.crime_point_1826,comm.and.crime,regression,0.18,0.193261976906723,anomaly,0.0192985716239078,1.56802290981872,1.20094733153896,-0.814792622622935,-0.51147345739279,0.763335172475784,-0.496372568292438,-0.533447461928133,1.06821461188281,1.01790073146063,1.40378269518582,0.317188096723854,1.21575285739178,0.682832724400303,-0.960646585528377,-0.317935394599092,0.188284489002777,-0.200409626554585,0.339056972600567,0.100035968927465,-0.413262097452023,-0.886108709818829,-0.629227587743642,-0.792536710712104,-0.589173488055941,-0.14265187121042,-0.370281702344836,-0.525882217763377,1.20753836320251,0.730830743980246,-0.0740881826484698,0.0329370249239415,-0.199217935708095,-0.116389386036903,-0.350922141952573,-0.42682878901808,0.395556903376489,0.14466129651896,-0.543980067872989,0.815279974671134,0.373618579885543,0.641847613676801,0.739228183071879,-1.020402605573,-0.202586991059232,-0.10010478917523,-0.155575772129859,-0.0150576810207445,0.347251694119508,0.24714434506481,-0.0579168405136468,-0.521839596572905,-0.230075729421995,0.820624532664704,0.803028383590466,0.699375414281087,0.626360521262113,-0.557119685244521,-0.559068725059139,-0.569295082344151,-0.608454173918587,0.767391182341933,-0.503316572060594,-0.700054714702294,-0.7440181099252,-1.07401852163763,-1.23115098117636,-0.602729759433253,-0.571309820665477,-0.410865128456057,0.549623112850672,-1.23321624918318,1.2839208138911,-0.255373652746643,-0.532850506793854,-0.204475052447428,-0.652615808821794,0.283147870703906,0.434518709136896,-0.305674795128326,-0.822944761547652,-0.792470938203999,-0.760637999705362,-0.758604743830171,-0.871842218792997,-0.898012962874244,-0.956411184176713,-0.000739682945828393,-1.33363231886228,-0.954427130819579,1.56482658904203,-0.127274097367549,-0.759522743786688,0.25012818008695,-0.854968167441532,-0.630477696226598,-0.310408742753192,1.23122920585733,-0.309483443914147,-0.487590987704104,-0.391348688885798,0.135969587839005,-1.78166348173893,0.570558656556745,-0.611019470771741,-0.245827430569399,-0.0641256158777693,0.475400863850929,-0.115382978305131,1.89690231232458,-0.437625211293547,-0.424861492610813,0.194009440828534,0.358142534415864,-1.50917587859646,-0.851110337619796,0.0371597380320633,-0.390868007842976,1.11140862194038,1.00221121696188,-0.21396683860365,-0.391348688885798,-0.0477867027019386,-0.504578098615964,0.655028649219603,-0.922036947615181,-0.239279720112616,0.510966613656022,0.00232627821327909,-0.0924897401426294,0.0302519800739321,-0.81022732312622,-1.01884144628399,-0.116429302565806,-0.567472613338656,-0.758443965028085,-0.239279720112616,-0.95769845316702,0.281514065900134,0.682832724400303,-1.56531543697313,-0.171235730638567,-1.5458519455908,1.74496415343857,0.396654485240329,-0.722945859776196,0.274957880777056,-0.541331503936429,-0.391374245016123,0.451234030637584,-0.189444898148642,-0.252778472003357,3.06176736040728,1.57433883758259,-0.674062310910845,-0.158290967106083,-1.09698938712883,0.135969587839005,0.589585501005203,-0.494690868811617,-0.801071272009583,-0.189330851725441,-0.924361576905879,0.385056113761999,-0.531713688779321,-1.68208910052612,0.0512926106647712,1.87023448358512,-0.433845179637909,-0.543980067872989,-0.35568405855027,-0.34476848053886,-0.869747200724323,-0.146336740061482,0.141095362725389,-1.14142236866316,-0.755295767554917,-0.35364645738641,0.429573619911515,-0.338600020013028,-0.176389105893484,0.0977671503200851,-0.9955116260173,0.775426071093047,-1.352964597874,-0.333979422149212,-0.94469347109426,-0.649009732299257,-0.653776320283739,-0.830849724959226,-0.569295082344151,-0.0435165600327901,-1.53466458868703,0.682832724400303,0.0686149044036935,0.692040522452799,0.688607062513258,-1.56531543697313,-0.241958561604024,-0.29306929945644,-0.231370130585801,-0.127211605631618,0.6614207192824,0.417322912631512,-0.0317506535508209,-0.644609626645943,-0.633910484386522,1.72065930304824,0.997145074653291,-0.0965886105387498,0.535211903206109,-1.23321624918318,0.514446198157378,0.763652803239245,1.17800805584479,-0.669300457399169,0.194932231558836,-0.421919245194591,-1.23561849465356,-0.421455927079768,-0.733880170107544,0.68464204843914,-1.51386073773478,-0.230075729421995,-0.142989533805432,2.18096542220705e-05,-0.482591549127137
comm.and.crime_point_0263,comm.and.crime,regression,0.67,0.00918637422429072,anomaly,1.3609621849323,-1.21585037425788,1.98893317526672,-0.99803595765547,3.23691779275872,-2.55580110554962,-0.496372568292438,-0.533447461928133,-0.284915395618803,0.321344892711017,0.382789586824224,0.428804273352702,1.9954425517309,0.682832724400303,-0.769590402450023,-0.536618794678632,-0.693603398154691,-0.874299669303055,0.223861947321042,0.775295691477787,0.00448937678286525,-0.785229419645906,-0.262943549469985,0.813423318920973,-0.356064318913911,0.464234903258489,-0.523804376549633,0.129566772060671,2.45811630060474,1.08097977620649,0.488342665832679,0.872410160917752,0.0875983558456533,0.180388664803999,-0.408381392326479,-0.673881504635512,0.50954497553961,0.044119426439209,-0.114546206205749,1.91140853612636,1.62762775069036,1.38398481166645,1.610656499386,-0.696975043100807,-2.82665837102267,-2.76543429362957,-2.2584393328194,-2.57371121460832,0.406559606588398,0.24714434506481,3.62291758129389,3.26165559857376,-0.115382978305131,0.181613250827385,0.37633485093474,0.451234030637584,0.472490510248604,-0.557119685244521,-0.559068725059139,-0.569295082344151,-0.565868788773144,0.723312887149946,-0.548829847861638,-0.0387034149277808,-0.376966020067782,-1.19197687762592,-1.16782938256753,-0.708381655201343,-1.1801776894025,-0.220349445381496,0.839464561867979,-1.23321624918318,2.61313765815727,-0.513073583706566,-1.1807845918921,2.87216173737929,0.352751675137971,-0.878308515045191,0.969835185456777,0.469913614588082,-0.689269589429965,-0.61971625898909,-0.505592652644603,-0.667414856007808,-0.537358856418398,-0.495251351508437,-0.534676575320374,0.412240099369111,0.0547099621982618,1.07056346354692,1.36990753490974,-0.127274097367549,-0.716257828742818,0.592713710226646,-0.138130025434889,0.0677021350979969,0.294975591471144,0.957154368308917,0.232143449791502,2.43747325905355,1.60591939848956,2.8745893671418,-2.12579870714607,1.12214874716618,-0.957260530086126,0.287943781650617,-2.36802612146826,0.760721512333579,0.458080777279193,0.385056113761999,-0.551753470686607,-0.424861492610813,0.352751675137971,1.84696021396812,0.488301751524978,-0.8018715291011,1.39481263340506,1.01448754905113,-0.827012835844596,0.648228546406218,0.0329370249239415,-0.391348688885798,-0.413219819433159,0.591721251577697,0.601034142128082,1.23739654257118,0.00542422998716656,0.510966613656022,0.260026209173202,-0.454975190371856,-0.592122486177232,-1.05298203291378,-1.13966992969373,0.924892830816656,-0.567472613338656,0.458579831344262,-2.09902974087097,0.763335172475784,0.660797206038557,0.682832724400303,-1.56531543697313,-0.00681644642028318,0.282502572227728,0.415210582653175,0.511849510519854,-1.97835671309985,-1.34967559361385,-0.243561843564225,0.82630236951384,-0.64058805739383,-0.286904425214791,-0.252778472003357,-0.36428070280995,-0.4726301518147,-1.24723086014591,0.678929691805134,-0.347238971384223,0.592406217722805,-0.00454386804312309,-0.62599675589646,0.0305326795277526,-0.95606016564934,-0.183154148155274,0.223072592487436,0.117254540572726,-1.40638212283126,-0.86805539531773,-0.319074498087268,-0.35568405855027,-1.24181009308225,-0.277522937462631,-0.000690227188266011,-0.0869550913836323,-0.533447461928133,-0.440959496409212,-0.932455617038282,0.742239561078903,-0.51147345739279,-0.760637999705362,-0.708381655201343,-0.282217262099776,-0.453822940289352,-0.105964675924132,0.105406250597248,-0.264778411457355,-0.241958561604024,-1.23967902989064,-0.172720524612857,-0.611535701313945,0.806725466558606,-0.696016939253532,-0.19033893009266,-0.413719465260767,0.682832724400303,-1.26049841310347,-0.3328024637828,-1.93546431745018,0.682832724400303,-0.149937701058835,-0.343942476362171,-0.400332606464976,0.0507121317750543,1.76107443168785,-0.144252122992213,1.44965976569352,-0.399640769102202,0.223563482083323,-0.485189123949481,0.401605753908883,-0.0965886105387498,-0.58964979375619,0.726172755495118,-0.272093994394233,0.540420449981549,-1.38334975138032,-0.314189707384816,0.044119426439209,-0.555594417312278,-0.240000251790199,-0.0632363539352424,-0.00131209356022966,1.72139727595486,0.51197153032816,-0.000690227188266011,1.39571057632966,0.434906314843494,-0.633910484386522
comm.and.crime_point_1765,comm.and.crime,regression,0.22,0.18086392138094,anomaly,0.0192985716239078,1.22003874930914,-0.0598300184254683,-1.12019818101049,-0.550930207394384,0.722358181389051,-0.544247527234835,-0.533447461928133,-0.0271763465708762,-0.0269330266637888,0.142555914268554,0.763652803239245,-0.0317506535508209,0.682832724400303,-1.10393872283714,-1.13799814489737,-0.693603398154691,-0.425039640804075,0.857434586358428,0.820313006314475,-0.234225751351356,-1.03742764507821,-0.733880170107544,-0.899600712687643,-0.705728072626956,-0.203340548657311,-0.421455927079768,-0.689744465219389,0.0351215468879261,0.643293485923684,0.253996478965534,0.427983206568087,-0.533836942520802,-0.0174633690899362,-0.580759143448198,0.0672766422167828,0.0535926868871247,0.446286906758215,-0.543980067872989,0.979699258889417,-0.53838808979069,0.984372474287411,1.01154953192004,-1.08508811806744,-0.40063011407534,-0.245486398509103,-0.658434449686053,0.0893771570848711,-0.423751167976071,-0.665881730079667,-0.241958561604024,-0.478351146053977,-0.34476848053886,0.318544239792525,0.945259561142375,0.649747137552387,0.472490510248604,-0.59953003312486,-0.559068725059139,-0.611535701313945,-0.608454173918587,0.767391182341933,-0.548829847861638,-0.801801068513758,-0.796454122761974,-1.13299769963178,-1.29447257978519,-0.655555707317298,-0.216136897235549,-0.506122969993337,0.839464561867979,-1.23321624918318,0.154086496264857,-0.616153556090535,-0.154888957153209,-0.0667151961865298,0.405665753241116,-0.491156386462159,0.640409661567619,0.0336451341226025,-1.00117832437123,-0.965225617418908,-0.888160673235742,-0.986579463386079,-1.01519223123925,-1.05911760742057,-1.09698938712883,-0.236728129982936,-1.54722343902544,-0.642890116301655,-0.0919853710824933,-0.226875569169311,-0.759522743786688,-0.0435165600327901,-0.524119794207697,-0.630477696226598,-0.562652215346664,0.134929855663671,-0.604916295026319,-0.662221689003069,-0.391348688885798,-0.229179716068034,1.01443522469408,0.491760072183968,-0.0174633690899362,-1.4912935924161,0.799837073718665,-1.52184367552761,-0.230075729421995,0.978995691768727,-0.209368692507428,1.46494625559241,0.776064299963135,-1.84751328714304,-0.284915395618803,-0.358722252432842,-0.485014452496014,0.384500575271014,0.578342721049512,0.589231434646941,-1.30034383812505,-0.391348688885798,0.500362972394892,0.317646414029282,-0.26287797133625,-0.274206900559272,1.18000319046612,-0.0636258900830415,-3.70855272760961,-0.65635599605476,-0.639997445119629,0.403546225811598,-0.65635599605476,0.322022122016284,0.0394141611302526,0.0881812846222431,0.543772920206689,0.271611279434983,0.234103673382831,-1.56531543697313,-1.56531543697313,-0.445267871002372,0.0465858602511433,-0.0913622062174521,-0.640100742275393,-0.266432822203958,-1.11075890620342,-1.28575565486694,-0.217420442940414,0.550490584094985,-0.189444898148642,-2.10988394317149,3.3829593663339,0.806725466558606,0.0423983756329848,0.835908565350987,-0.112941966464035,-0.503041693998314,1.6788226775938,-1.06368304617927,-0.10077320755709,0.223523394233582,-0.924361576905879,0.169078085395916,1.00221121696188,-0.082988629895916,-1.78740340130023,-0.105483377924108,-0.043039574199713,0.261208422753086,-0.199361816374992,-0.230075729421995,2.13095588508166,-0.490435159498505,0.194009440828534,0.321344892711017,0.281459459960805,-0.669300457399169,0.854649198346114,-0.232948124244939,-1.65798329278156,0.0977671503200851,-0.419922423015838,-0.0492137079787055,-1.10564955550658,-0.333979422149212,-0.177731018223659,-0.363236207687417,-0.273610749555595,-0.882023949694159,0.444479772930899,-1.07127315045188,0.294245875850557,0.682832724400303,0.229719548950016,-0.778386370841756,0.243010035727013,0.368091981808023,-0.241958561604024,-0.903547422325221,-0.400332606464976,0.465867519057289,2.14918750665448,-1.43587470492678,-0.265657561852559,3.47086718008891,0.1226841919104,-0.305119864602728,-1.13687082468084,0.112378141086133,-0.308434369515615,0.726172755495118,-0.00991393021036301,0.317188096723854,-0.407594396246943,3.23691779275872,0.446286906758215,1.31585799233534,3.0313168319037,-0.933198174429091,-0.52457500537974,0.396654485240329,-0.673881504635512,-0.34476848053886,0.728940528604452,0.130487161211004,0.425322062429169
comm.and.crime_point_1655,comm.and.crime,regression,0.08,0.249457457691633,nominal,-0.651533235030286,1.22003874930914,-0.453822940289352,-2.03641485617317,-0.274732957383221,0.59942720812885,-0.496372568292438,-0.576459764357761,-0.993697780500602,-0.235899778288672,-0.157736176426034,1.43334986301233,-0.343626531286471,0.682832724400303,-0.291949944754136,-0.317935394599092,-0.938572255698432,0.417322912631512,0.742239561078903,-0.890344957479674,1.67549527372242,-0.129514033521907,0.155666779985624,0.0639753050922037,-0.0646778574863729,0.949744322833616,-0.626152826019497,0.0749460229086676,-0.35568405855027,-0.669765384924741,-0.683388268503048,-0.757155338364351,-0.438231512002885,-1.30350158940051,0.568425864029928,-0.328007702771107,0.110586722968685,-0.257506183800045,-0.168225438914154,1.41815068347151,-0.424387256081161,1.04145995105585,1.2838708807682,-1.92599978049514,-0.598673237091449,-0.342407471398352,0.347282905426335,-0.485014452496014,1.71133368090399,1.559619328085,-0.333979422149212,-0.521839596572905,-0.34476848053886,-1.46155861675429,-0.287410644307502,-0.789472887579932,-0.655889570517129,-0.769171424646212,-0.64369508486844,-0.696016939253532,-0.693624944209472,0.767391182341933,-0.548829847861638,-1.20878648375961,-1.16350621261939,-1.84074783556153,-1.48443737561168,-1.44794492557797,-0.825004765972568,-0.696638653067897,1.47711574970605,-1.23321624918318,-0.37760024144161,0.311566195365187,-1.07279557770906,-0.939194285838884,-1.65798329278156,0.0250464516485512,-0.553757862530577,-0.887366102415632,-0.511036026606383,-0.61971625898909,-0.718130441861903,0.0165093026599163,-0.29844216900797,-0.414699029235275,-0.347238971384223,-1.23967902989064,-2.08120123943334,-1.00634996657257,-0.286904425214791,-0.226875569169311,-0.759522743786688,0.788476870306472,-0.524119794207697,0.317052074856781,0.648116453102006,-0.504578098615964,-0.0140505928019747,-0.31296028640514,-0.391348688885798,-0.137892390091274,-2.12579870714607,0.0189685659473083,-0.0174633690899362,0.287943781650617,0.454251997880092,0.817785642030109,-0.230075729421995,-0.26287797133625,-0.0952404331143684,-0.370866985519292,0.564407987550553,0.303001138876892,-1.25143682954853,-0.457199869470233,-0.171709938179167,0.142197893047893,0.0452768201586437,0.589231434646941,0.0329370249239415,-0.391348688885798,-0.504578098615964,-0.413219819433159,-0.802823042251458,1.32377388217864,-1.16915473049179,0.683344364777741,-2.57467303138595,-0.817460640601083,-0.496372568292438,-0.446095258444874,1.35745206077428,2.73350495721777,-0.264029226104202,-1.55215513657527,1.18000319046612,-0.0971816403456179,0.044462103313619,-1.56531543697313,0.682832724400303,-0.774106439438939,-1.01503934364349,-0.0913622062174521,-0.179320641157294,0.190080215368281,0.22717454329497,-0.888729441037333,1.21769842418418,0.699375414281087,-0.0919853710824933,0.402670517820692,-0.899600712687643,-0.523804376549633,1.42755570295106,1.93476068017196,0.261933241408267,0.774980869676324,-0.895737921615612,-0.0132359495005283,-1.01991441715099,0.282502572227728,-0.7596488149613,0.169078085395916,-0.885696359334983,0.633849512110727,-0.695677644196011,-0.532665618250428,0.347766031238483,-0.275583904330964,0.113282667975565,-0.115382978305131,-0.521839596572905,-0.146336740061482,1.1993769247883,-0.375210946038594,1.6637997633151,-0.4325599573896,-0.548100210488063,-0.285774072128984,-0.335131340202921,-0.296225771543798,-0.681553878925593,-1.54387330754626,-0.611019470771741,-0.333979422149212,3.0081130167773,-0.506122969993337,1.03584843850801,-0.574978601284565,-0.569295082344151,-0.239279720112616,1.29719677575826,-1.56531543697313,0.0283387432671127,-0.956619933665339,-2.08399665971227,0.682832724400303,-0.241958561604024,-0.191322945644976,2.472029483481,0.643791256463961,-0.244176455639738,-1.43587470492678,-0.265657561852559,-0.840584712680936,-0.280832968781291,-0.0350159755825995,0.848260244467189,3.45584616708426,1.14451198906069,0.726172755495118,-0.429402032904556,0.0939557434661589,0.446191539494759,-0.629843707397574,-0.307777118839921,0.291015006099739,0.423745243452043,-0.0632363539352424,-0.890859043653398,1.26061717483676,0.462560987204673,-0.34476848053886,-0.45072955583245,-0.0434666408647052,0.0722445468239389
comm.and.crime_point_1547,comm.and.crime,regression,0.05,0.108455410332123,nominal,0.446191539494759,0.87205458879957,-0.375024355916575,1.56737073280002,-0.550930207394384,0.763335172475784,-0.400622650407643,-0.447422857068877,3.71003986462407,3.52550175095922,3.98629467515928,-0.352508963049232,-0.499564470154296,-1.56531543697313,-1.00841063129797,-0.427277094638862,-0.399640769102202,0.529637919756257,0.454251997880092,-0.215085234929352,-0.353583315418467,-0.533031194213599,-0.9955116260173,-1.16726071762649,-0.239509734342896,-0.14265187121042,-0.574978601284565,-0.635123716067385,-0.277522937462631,1.38736017940446,-0.261565132142186,-0.21396683860365,0.66123093895315,-0.264778411457355,-1.55756639980461,-1.16798693587037,3.18826467137296,-1.06184114443806,0.368566888169896,-1.32217072016655,3.22363942262377,-1.52747650352372,-1.43934260771341,-1.14977363056188,-0.796716360107558,-0.342407471398352,-0.88700657584796,-0.171709938179167,-1.01683029266498,0.4183367341544,-0.333979422149212,-0.217420442940414,-0.34476848053886,-0.183536053079654,-0.287410644307502,-0.69021633412253,-0.45072955583245,-0.514709337364183,-0.516755545154489,-0.569295082344151,-0.523283403627701,0.502921411190013,-0.503316572060594,-0.496562007079367,-0.48183804574133,-1.13299769963178,-0.914542988132221,-0.761207603085388,-1.12943870034108,-0.601380811530617,0.0858767944229815,0.726172755495118,-0.444061083654919,0.105406250597248,-1.23477909898362,-0.250395004534394,-1.02301435554381,-2.12579870714607,0.0227368042754491,-1.17821175605928,-0.555594417312278,-0.533338919381635,-0.548100210488063,-0.530630024274263,-0.585142193900484,-0.454975190371856,-0.675254778272487,2.2411505639067,-0.479267838209638,0.18787525574614,-0.286904425214791,-0.226875569169311,-0.54319816856734,0.984240030386299,-1.5166649139092,-2.37592727453809,0.446321675027228,-0.504578098615964,0.182904641272807,0.298247168141235,-0.391348688885798,0.455475228757665,-0.233054967406804,-0.375024355916575,1.51588989358806,-0.127211605631618,0.0510694094017551,-0.551753470686607,-0.230075729421995,1.24896822722633,0.760721512333579,-0.100894450061688,0.82897837806628,-1.5166649139092,-0.220480633356821,-0.604916295026319,-0.746101547760053,-0.681631226510723,-0.584710153621474,2.12315634038814,-0.806536111069869,-0.391348688885798,-0.413219819433159,-0.0477867027019386,-0.586845013885375,-0.706093598596545,1.08212161042621,-1.21281089756117,0.930046029669001,1.59910902759376,-0.496372568292438,-0.264029226104202,-0.414699029235275,0.376828550089045,-0.870916000573111,0.564407987550553,0.886358450346385,0.681381190302317,-1.14079770961895,-1.56531543697313,0.682832724400303,-0.226042158711328,1.5210653101048,-1.61108057282933,1.95178732651391,0.4183367341544,0.179391205812885,-1.28575565486694,-0.521839596572905,-0.193933566835524,-0.189444898148642,-0.798985963523397,1.61640333373751,-0.830849724959226,-0.387478036293313,-0.367596131833887,1.10540245912095,-0.0466050641145143,-0.994759483123667,-1.19498893326411,-0.538459497839898,-1.30993523361422,-1.04789614836431,1.30296273431785,-1.06268769461281,-2.95034119792249,1.31539611889071,-1.97440567935176,-0.35568405855027,0.314887655461491,0.0351215468879261,-0.230075729421995,-0.91323565124325,-0.576459764357761,-0.017646871584048,1.99307890571008,-0.755295767554917,-0.550930207394384,-0.123024632053464,0.295311354595511,-0.388045418306067,0.491760072183968,0.835908565350987,-0.461533597514582,0.130925656330515,-0.241958561604024,1.41519099927682,-0.315607286918777,1.75393896099451,3.46778515277508,1.45825462820595,1.22894398048608,-0.118733906464382,0.525462353104163,-0.978565285147405,1.80600029010019,1.1342040892995,0.682832724400303,-0.333979422149212,0.673521061752464,2.13410453172265,-0.0679036931627271,0.337993156810208,-0.425039640804075,-0.265657561852559,0.38425957503777,-0.482591549127137,1.22546883984467,1.4437995652116,0.321344892711017,-0.0740881826484698,-1.23321624918318,-0.0623499430471371,-0.0176604331626889,-1.44433446107615,-0.629843707397574,-1.16238301451781,-0.733827980135861,-0.666693784445925,-0.779675500224294,-0.786206461289495,-1.27367338131278,0.610792616575132,-0.115382978305131,0.164750488221586,0.652348567438131,-0.280832968781291
comm.and.crime_point_1108,comm.and.crime,regression,0.11,0.198085200245243,nominal,1.17800805584479,0.176086267780421,-0.453822940289352,0.162505164217251,-0.4325599573896,0.312588270521716,-0.304872732522849,0.799933913390331,-0.091611108832858,-0.0965886105387498,-0.277853012703869,-0.854781757879046,-0.343626531286471,0.637869761172835,-0.14865780744537,0.830152455818498,2.39300420689645,0.0803778912572774,-0.812893280194679,-0.440171809112793,2.86907091439353,-0.23039332369483,-0.419922423015838,-0.578408706761027,0.226708603941165,0.342857548364707,-0.165584803405107,-0.471261468611373,-0.35568405855027,-0.0570045785288092,-0.120957420021899,-0.263347611309168,-0.629442373038718,-0.165852394510387,0.740803615151647,-0.970344763376429,-0.801317854336286,-0.458589923959548,-0.382942369747774,-0.226042158711328,-1.05139184148357,-0.214464537849722,-0.241128672781501,-0.114805430650861,0.490563939497149,0.384500575271014,0.575855031588241,-0.276144776284783,0.703099168932851,1.33136280929888,-0.333979422149212,-0.695793398648614,-0.34476848053886,-0.959478323882113,-1.18820810213626,-1.28575565486694,-0.399439552161281,-0.641940381005198,-0.64369508486844,-0.653776320283739,-0.438112633336816,-0.202331311881772,-0.321263468856418,-0.496562007079367,-0.324530007231007,0.40046092821602,0.22524578682669,0.559441094015736,0.291252993378632,0.113052999998984,-0.957552422039323,0.726172755495118,-0.444061083654919,0.0538662644052637,0.331061606670478,-0.939194285838884,0.617322065653698,1.18650283739765,0.310984137678462,1.10007919748266,-0.689269589429965,-0.61971625898909,-0.633115326174983,-0.530630024274263,-0.585142193900484,-0.69663215719134,-0.628395377288449,0.471237211128387,-0.372472278128058,-0.383275937536719,-0.286904425214791,-0.226875569169311,-0.413403423435731,-0.630806040272269,-0.468978398668724,-1.777487419117,-0.159062659197108,-0.0477867027019386,-0.949587954657186,-0.662221689003069,-0.391348688885798,0.272900576804145,-2.03976490079429,4.11649495333169,-0.808871504665675,-1.78783315476056,0.742239561078903,0.4183367341544,-0.34476848053886,-1.28877360607514,-0.380561081597017,1.14097921304329,0.723150221859989,0.90955648980559,0.810475562834887,0.0351882157167206,-0.537231871548822,-0.10010478917523,0.917566476161884,-0.118733906464382,2.10692947855571,-0.391348688885798,-0.413219819433159,-0.413219819433159,-0.154888957153209,1.66928324060846,0.494832130186732,-1.27027014793507,-0.255373652746643,-0.817460640601083,1.80162546094263,-0.324717903551093,0.269995710086597,0.870086402743895,-0.385406580997984,0.194009440828534,-2.44161527101066,0.763335172475784,-0.856335354515137,-1.56531543697313,0.682832724400303,-0.664493583293417,-0.720143453672756,0.161924188217862,0.281459459960805,-1.92129258340332,-1.11075890620342,-1.43464048505304,-0.869747200724323,-1.83166669888264,0.492771791314399,0.675774263580712,-0.524876705773258,-0.728501275489362,-0.00536567013660394,-0.105964675924132,-0.112941966464035,0.911911858641464,0.787628624021312,0.511987598838842,-0.757302642981302,0.164544216239436,1.46397347129051,-0.640839520976896,0.0582574288134486,-1.62694770498715,0.85572211589946,-0.0520855978833183,-0.35568405855027,1.4958307750464,-0.35568405855027,-0.000690227188266011,-0.869747200724323,-0.318385949779994,-0.440959496409212,-1.00211120091324,-1.50406343187183,0.356575042642296,-0.803145557548822,-0.549903811549208,-0.22930318399663,-0.453822940289352,0.312645653531477,-1.7500332523142,-1.05618654703309,0.862291764938238,2.65413034622164,3.87573774072154,-0.569295082344151,1.06259659023327,-0.738257558223326,-0.435042880192443,-0.885696359334983,0.682832724400303,0.833861965998727,-1.00117832437123,0.936160966283394,0.682832724400303,-0.241958561604024,-0.59830836089083,-0.231370130585801,-0.542366992913852,-0.696975043100807,1.54047298387896,-0.187688592418646,-0.938572255698432,0.324442772256246,0.235087913437529,1.29491473502549,-1.00211120091324,-0.542780556382761,0.726172755495118,-0.219657981557459,-0.0176604331626889,-0.224640267159436,-0.393103207388005,-1.61482142987669,0.335573396805634,0.328924458417437,-0.0632363539352424,1.09754002126074,-1.15847835603325,-1.51386073773478,-0.000690227188266011,-1.47652962925584,0.608860116919203,-1.1887465803376
comm.and.crime_point_0498,comm.and.crime,regression,0.15,0.625058009388235,nominal,0.629145668582266,-0.867866213748302,0.0189685659473083,-0.6315492875904,0.119834542632727,0.312588270521716,-0.639997445119629,-0.576459764357761,-0.349350157880785,-0.305555362163633,-0.217794594564951,0.26138000840943,0.0462183158830917,0.682832724400303,-0.626298265141257,-0.809973044778059,-0.938572255698432,-0.649669655053565,0.511849510519854,0.730278376641099,1.13838623542042,-0.58347083930006,-0.419922423015838,-0.471344704785489,-0.472618903484926,-0.688849968232438,-0.882023949694159,-0.307399221155361,0.0351215468879261,0.42445034078228,0.160258004218676,0.526744751979124,-0.82065323407455,0.72448175801232,-0.695677644196011,1.50018239279789,-0.459353637846922,0.999267192196847,-0.705017765998204,1.30853782732598,-0.880390590919278,1.09854742782428,1.22940661099857,-0.56760401811193,-0.598673237091449,-0.584710153621474,-0.88700657584796,-0.328362195337591,-0.720290730320524,-1.00826650825885,-0.0579168405136468,0.217464062248858,-0.34476848053886,-0.959478323882113,-1.09338731710165,-1.23612737813824,-0.861049585201808,-0.726761076765874,-0.728321444677741,-0.738257558223326,-0.736210329354915,0.767391182341933,-0.503316572060594,-0.394815653267903,-0.376966020067782,-0.425247563702025,-0.534613396479251,-0.127296228476849,-0.216136897235549,-0.410865128456057,0.375718243440288,-1.23321624918318,-0.178217714801685,0.414646167749156,-0.20888346424473,0.0710446600743682,-0.22930318399663,-0.491156386462159,0.887478804484488,-0.402623346342877,-0.778386370841756,-0.749282268400272,-0.718130441861903,-0.804199687741353,-0.871842218792997,-0.857736801737663,-0.722114179256525,-0.0597367947051054,-1.2268367587807,-0.0717389230187961,-0.189444898148642,-0.226875569169311,-0.846052573874427,0.592713710226646,0.0824355567210018,0.666141990519079,0.79946253665809,-0.0477867027019386,-0.211005826876756,-0.487590987704104,-0.391348688885798,0.135969587839005,0.283147870703906,-0.453822940289352,0.427703707171417,0.347251694119508,0.857434586358428,0.988978031119698,-0.34476848053886,-0.26287797133625,0.133016085671751,0.331061606670478,-0.758443965028085,0.358142534415864,0.0372584156911057,0.133665832754111,0.663768766665756,-1.60238141895859,-1.11777605451234,0.589231434646941,0.0329370249239415,-0.391348688885798,-0.595936377798769,-0.139144981884744,1.51894076268393,0.114491127674274,0.690595290266559,2.75187737823837,0.517726140133124,-1.17994609083031,-0.304872732522849,-0.0212745163166381,0.269995710086597,-0.33565501485685,-0.385406580997984,0.194009440828534,0.00542422998716656,0.312588270521716,0.423745243452043,0.682832724400303,0.682832724400303,0.102796409725239,0.518419284204312,1.93492894926506,0.339056972600567,0.36127260445787,-0.871842218792997,-1.43464048505304,-0.608816497610759,-0.0946770133781229,-0.286904425214791,1.11274025679674,-0.203684699846642,-0.421455927079768,0.0901624214025735,-1.78040599374657,-1.09698938712883,0.546762554734425,-0.598673237091449,0.0305326795277526,-0.888608530066145,-0.307289207713733,0.722766042539909,-0.20888346424473,0.176251652332003,1.2955462585784,2.63695887749056,1.60324558338117,0.269604910150844,-0.812376231415014,-0.043039574199713,-0.34476848053886,1.47862912729775,-0.318385949779994,-0.335131340202921,0.0427225572111723,-0.467308204356106,-0.550930207394384,-0.718130441861903,-0.972511394621568,0.881892456169426,-0.453822940289352,-1.04783791719925,0.363106181557171,0.229851673277482,-0.333979422149212,2.89011879325874,-0.172720524612857,0.359998534991312,-0.267933252874971,3.44356371978626,-1.21809552051175,0.353242987609834,0.682832724400303,-0.978565285147405,2.51893454139452,-1.39084572915588,0.682832724400303,0.0341040200315418,0.26653564650661,-0.653776320283739,0.762407081401742,1.04953379424903,-0.368882137241703,0.514032132486567,-0.497628312119698,-0.835669064732367,2.39591902559856,-0.987985994494734,-0.862800033163321,-0.58964979375619,-1.23321624918318,-0.429402032904556,-1.18963028776559,0.263237410407251,3.23691779275872,1.45170560755573,-0.733827980135861,0.945259561142375,-0.728501275489362,-0.472248714197789,1.60620225067534,-0.476239332141566,0.114002523928599,-0.0916995301342629,-0.652304948129686,-0.734789774559444
comm.and.crime_point_1510,comm.and.crime,regression,0.37,0.00238495525729601,anomaly,-0.407594396246943,0.87205458879957,0.334162903438415,-0.203981505847819,2.48723954272842,-1.65430730164149,-0.592122486177232,-0.533447461928133,0.294997464739033,0.0427225572111723,0.0824974961296363,0.038147655151735,0.358094193618742,0.682832724400303,-0.960646585528377,-0.809973044778059,-0.546622083628446,-1.09892968355255,0.223861947321042,1.0904168953346,-0.0551894052506902,-0.986987999991752,-0.681553878925593,-0.257216700834412,-0.705728072626956,-0.385406580997984,-0.421455927079768,1.05811950764474,0.738571636676679,1.43112880843274,0.957035039566971,0.724267842801197,-0.390428796743927,1.76320493595548,-1.21281089756117,-0.229186616524135,0.737521119865853,-0.00615150860066679,-0.221904671622559,0.760473546598372,0.145616912466485,0.813110043982106,0.793692452841512,0.208622131821331,-1.09378104463172,-1.16623659095697,-1.57272295433368,-1.16384090018251,-0.423751167976071,-1.1223947676519,0.402187462212296,1.00025617158955,-0.34476848053886,0.135969587839005,-0.287410644307502,-0.193933566835524,0.0621704808792462,-0.684350728885536,-0.686008264773091,-0.696016939253532,-0.693624944209472,0.106216754462134,-0.412290020458506,0.317408823412342,0.199830121136733,-0.130351673731295,-0.218005403435109,0.189659458827421,-0.368353864419804,0.113052999998984,0.0279085046195201,0.726172755495118,0.552851549544707,-0.719233528474505,-0.316872478427771,1.21904346224852,1.14646284668515,-0.147021161055019,0.475696899623041,0.566862165802633,-0.867503152253548,-0.792470938203999,-0.760637999705362,-1.26014912685317,-1.01519223123925,-0.938289124010825,-0.956411184176713,0.353242987609834,-0.906450078535958,0.0840295842401654,-0.189444898148642,-0.127274097367549,-0.846052573874427,1.18000319046612,0.358142534415864,0.965361918229619,0.749013842139396,0.226288134846476,-0.260244635395451,-0.487590987704104,2.60455344217724,0.455475228757665,-1.30847754680412,-0.138628602798245,0.773944766485803,-0.423751167976071,0.742239561078903,-2.54899801006515,-0.230075729421995,-0.370866985519292,0.931913901423168,-2.80061980463773,-0.599701730718649,-0.579261189746669,0.810475562834887,-0.112528209839365,0.402681671401718,1.547553449942,0.481421648160263,0.353242987609834,2.40321411478882,-0.391348688885798,-0.139144981884744,-0.139144981884744,0.43905062085352,0.50318915590782,-0.777628410332139,-0.695677644196011,-0.152293680362675,1.43800438304744,-0.687872404062027,-1.23504806525446,1.63938518873034,-2.08946071318521,-1.23504806525446,-0.599701730718649,-0.728687620312182,0.517473225955383,0.281514065900134,-0.576130245968818,-1.56531543697313,0.102796409725239,-0.0123933177430025,-2.37093975613527,-0.58250322963563,0.532464993547459,0.322741218259141,2.039338885956,-0.608816497610759,0.848260244467189,-0.286904425214791,-0.908227461827405,0.599295314969896,0.346157443944216,-0.291949944754136,-0.733880170107544,-1.47186459500113,0.0446822618622457,1.57980111608575,3.00679945345085,-1.10745167520755,-0.779122631666902,-0.883183386419734,-0.154888957153209,-1.3576732534092,0.6889909076497,2.1198256241254,-1.54722343902544,0.191443789063205,-1.40284779120747,-0.433845179637909,-0.34476848053886,-0.869747200724323,0.240773981805169,0.246923518931679,0.669622812085821,-1.04328333075373,0.790599292659839,-0.505592652644603,1.40465626016046,0.0352672065190975,-0.375024355916575,-0.681553878925593,-1.33771336277832,2.45568705458425,-0.241958561604024,-0.767702135816429,-0.696638653067897,-0.146888892646214,0.192634769739419,-0.062407654706626,-2.24585211093084,-0.000739682945828393,0.323129018580554,1.76021367214008,0.647482131746904,1.23322565080756,0.682832724400303,-0.333979422149212,-0.547435183985099,-0.696016939253532,-0.0679036931627271,-0.244176455639738,1.14737045894235,4.88029442078567,-0.693603398154691,-0.93654835490529,-0.665258383296233,-0.193933566835524,-0.514522113788516,-0.355303606889044,0.726172755495118,-0.534274058578104,0.428804273352702,-0.224640267159436,-0.708757207400764,0.948996257156972,1.00394925739407,0.660797206038557,-1.44494042177841,-0.576901296561691,0.68464204843914,-0.624470961512025,-0.230075729421995,-0.758469577859468,-0.695793398648614,0.727959932947938
comm.and.crime_point_1405,comm.and.crime,regression,0.27,0.0689965257784382,anomaly,1.17800805584479,0.87205458879957,-0.375024355916575,0.528991834282321,0.593315542651865,-0.670859515559886,-0.639997445119629,0.541860098812564,0.681606038310923,0.321344892711017,0.262672750546389,0.0939557434661589,-0.499564470154296,-1.56531543697313,-0.721826356680434,-0.481947944658748,1.51111631973898,-0.9866146764278,0.281459459960805,0.0100013392540886,-0.831013571686911,-0.633910484386522,-0.838532752471447,-0.685472708736566,-0.880559949483478,-0.0819631937635291,-0.626152826019497,-0.798985963523397,-0.199361816374992,0.818368002036808,0.44147342845925,0.625506297390161,-0.533836942520802,0.526629724118384,-0.350922141952573,0.561382073451646,-0.3453655656838,0.898725322117096,-0.705017765998204,-0.00681644642028318,-0.424387256081161,-0.0432021075444176,-0.0232715937029722,0.596735206787962,-0.103565429551178,-0.4393285442876,-0.338433473059384,-0.223927357231975,0.287943781650617,0.532464993547459,-0.149937701058835,0.782813918994912,-0.34476848053886,0.318544239792525,0.328924458417437,0.203092646994081,0.882810539617961,-0.472298989483845,-0.474442365249838,-0.527054463374357,-0.438112633336816,0.106216754462134,-0.184723641453285,0.724394238658196,0.724190249504474,0.459440106210166,-0.0280406076086237,1.14052652074023,-0.469831842542641,0.589342207685384,0.201813374029904,0.726172755495118,-0.311139399228302,-0.564613569898551,-0.20888346424473,0.300644420509198,0.246923518931679,0.0250464516485512,1.66986442372124,-0.790417551201081,-0.733827980135861,-0.662904928792817,-0.633115326174983,-0.621819912096626,-0.537358856418398,-0.616079834918179,-0.487817174336336,0.0582574288134486,-0.158881157964898,1.01864062779394,-0.286904425214791,-0.226875569169311,-0.629727998655079,0.984240030386299,-0.248412816512834,-0.0320378408055168,0.698565147620701,0.226288134846476,-0.900349146138491,-0.662221689003069,-0.391348688885798,-1.05076564985887,0.455215483407476,-0.296225771543798,0.130925656330515,0.465867519057289,-0.409710691716343,0.30420847476134,-0.230075729421995,0.223072592487436,0.931913901423168,-1.01880107061754,-0.970100277440667,2.01238440058504,0.617171276048942,-0.70339391206371,0.0371597380320633,-1.16623659095697,-1.55392088251396,-0.413719465260767,1.41559866067845,-0.391348688885798,1.04851264749172,0.409004693212087,-0.910812056434499,-0.878848277811454,-2.24585211093084,-1.55756639980461,-1.0800134318184,0.592204999179243,-0.11337289675326,-0.567472613338656,-0.736908318327921,0.322022122016284,0.342857548364707,-0.811358043131231,-0.777628410332139,0.722358181389051,1.22972191624619,0.682832724400303,0.547943834717897,-0.774106439438939,0.40046092821602,0.668496977088488,0.396654485240329,0.988978031119698,-0.824058881310911,-0.739844610851231,0.565371666400276,-1.48426876178174,0.00547415598365529,0.566532765276704,-0.792536710712104,1.267293489173,-0.530770173602079,-0.00131209356022966,-1.37814579303305,-0.229179716068034,0.490563939497149,-0.582228126868179,-0.363384981726775,0.754335996180896,1.21690432837365,0.331061606670478,-0.295725241742213,0.413283929954837,-1.15535164718726,1.17606334305485,-0.199361816374992,-0.705017765998204,-0.35568405855027,-0.34476848053886,-0.739281849167541,-0.447422857068877,-0.440959496409212,0.59996722821086,-0.409710691716343,-0.669300457399169,-1.10069846245304,-0.602729759433253,1.25229100289144,-0.0598300184254683,-0.838532752471447,-0.255373652746643,-0.512093453824773,0.310166601667107,-1.12168480637209,-0.649009732299257,-0.696016939253532,0.857899691293538,-0.062407654706626,0.886358450346385,-1.00369058285354,0.345610500194289,-0.857736801737663,1.58320833657071,-0.846227140861585,0.255684573739351,-0.333979422149212,-0.445688830173635,3.44356371978626,-0.601674905382743,-1.21445914305632,1.59663048744133,-0.109719622984733,-0.252659454575957,0.324442772256246,-0.620241068459545,-0.541331503936429,1.64480098633528,0.535211903206109,0.726172755495118,3.92278703254769,1.04269324481136,-0.224640267159436,-0.037992457373652,-1.91644704011594,-0.912061542959443,0.850438776107769,1.77903573652232,-0.943185334835349,0.454251997880092,-0.377418245894594,-0.230075729421995,-1.11749960355766,-0.43486269553505,-0.432151904040676
comm.and.crime_point_1221,comm.and.crime,regression,0.19,0.00537815802686475,anomaly,-1.38334975138032,0.524070428289996,-0.138628602798245,0.956559616024903,-0.116905957376842,-0.834767479906819,0.844126282094685,1.53114305469401,-0.54265444466673,-0.0269330266637888,-0.458028267120621,-0.91058984619347,-0.0317506535508209,0.682832724400303,-0.14865780744537,0.22877310559976,0.139290717494029,-0.649669655053565,-0.755295767554917,1.00038226566123,0.422240851017754,-0.280832968781291,-0.367596131833887,-0.310748701822181,0.926036111367255,-0.203340548657311,-0.421455927079768,-0.416640719459369,-0.043039574199713,0.380681711753999,-0.0272189452750407,-0.115205293192613,-0.725047803556634,0.526629724118384,-0.408381392326479,-0.229186616524135,-1.02929399866253,-0.156964313720294,-0.758696998706609,1.41815068347151,0.0886164956117204,1.26980985812958,1.2838708807682,0.726106231776839,-0.450140894829368,-0.4393285442876,-0.521291173988909,-0.58944929060163,-0.720290730320524,-0.665881730079667,-0.0579168405136468,0.652348567438131,-0.000690227188266011,1.0488428476066,0.850438776107769,0.699375414281087,0.882810539617961,1.39375631725103,1.09114529122223,0.90912658159863,1.00979046160824,-0.775349149377597,1.22618790837908,0.978760123186855,0.881498288014796,0.69535681818675,0.0986025896090331,1.35183031227641,-1.07869971127966,1.49429170228954,0.317749953636827,-1.23321624918318,-0.244678557014993,0.311566195365187,-0.802823042251458,-0.847354381664952,-1.28758474605954,0.584266192935153,0.0227368042754491,-0.208726243913775,0.513806959629217,0.373623146496638,0.259543388537675,0.335673910038188,0.179391205812885,0.229719548950016,0.0744956374721161,0.825219881684049,1.06926778297327,-1.00634996657257,-0.189444898148642,2.46236416947829,0.798014197792618,-0.826569200352095,-1.46152351837023,-0.331257768516057,-0.461754826309275,-0.321861540250354,0.232143449791502,-0.618564013678328,-0.391348688885798,-0.183536053079654,0.283147870703906,0.0977671503200851,-1.10564955550658,-0.601674905382743,0.0510694094017551,0.4183367341544,-0.115382978305131,-1.93670769117339,-0.266432822203958,1.14097921304329,-0.599701730718649,-0.303554212051806,-0.607089206928712,-0.506438677988928,-0.11949251912636,0.190658429492517,-0.293946934953727,0.471237211128387,0.477363979273606,-0.391348688885798,0.957154368308917,-0.413219819433159,-1.66673515571579,-0.922036947615181,0.543772920206689,0.568425864029928,1.13620597443694,-0.736908318327921,-0.639997445119629,-0.446095258444874,-0.0924897401426294,-0.0616228744930443,1.19249903262118,-0.917186199337522,0.445891340166776,0.927243136822718,-1.28302888717086,0.682832724400303,-1.56531543697313,0.760473546598372,-1.13299769963178,1.8082857520474,-0.870490792834442,0.817785642030109,0.609441243151654,0.401605753908883,-0.608816497610759,-0.193933566835524,-0.286904425214791,0.730395012732716,-1.22079271861426,0.294983219209284,1.52308379449023,-0.629227587743642,-0.300379570400185,-0.229179716068034,0.29252081648104,0.0305326795277526,-0.932377159094426,0.577398462198459,-0.924361576905879,-0.424861492610813,-1.12168480637209,-0.579261189746669,-1.67248490055242,0.321698862402212,-0.433845179637909,-0.436621602456179,-0.277522937462631,-0.230075729421995,-0.826258750205395,-0.576459764357761,1.25229100289144,0.251689308836056,1.77899478859462,-0.4325599573896,0.557096293441894,0.295311354595511,0.141095362725389,-0.138628602798245,2.35337100962757,0.981586015860986,0.922333791906255,-0.333979422149212,1.12020544048043,-0.506122969993337,-0.484813844404564,-0.165584803405107,-0.358091987495182,-0.337161300152529,-0.472716577020044,0.682832724400303,0.874138127135308,2.38525936927683,-0.202586991059232,0.682832724400303,3.25483413911314,-0.59830836089083,-0.315851368525389,-0.483059080444962,0.208622131821331,0.0242203876949048,0.0462183158830917,0.188284489002777,0.425322062429169,-0.485189123949481,2.1385954394134,-0.0269330266637888,-0.542780556382761,-1.23321624918318,3.92278703254769,-0.352508963049232,-0.407594396246943,-0.550930207394384,-0.408318988919673,-0.0208937288415306,-0.477052214376713,-0.67732705075443,-0.838532752471447,0.16626443468128,0.363739900957701,-0.115382978305131,-1.98942966596754,2.0439789840438,-0.93654835490529
comm.and.crime_point_1701,comm.and.crime,regression,0.5,0.0283004006026241,anomaly,1.17800805584479,1.22003874930914,-0.296225771543798,0.345748499249786,0.277661542639106,-0.506951551212952,-0.592122486177232,0.713909308531075,0.746040800572905,0.878589563710704,0.623023259379894,-0.352508963049232,-0.499564470154296,-1.56531543697313,-0.483006127832491,0.22877310559976,2.05004780633521,-0.874299669303055,-0.236918153797056,0.235087913437529,-1.30844382795535,-0.533031194213599,-0.210617258288034,0.0104433041044344,-0.997114534054493,-0.264029226104202,-0.114410578670175,-0.635123716067385,-0.199361816374992,0.687062114951965,0.675819615326396,0.773648615506715,-0.342626081484969,-0.0669263775634199,-0.178544390830854,0.462560987204673,-0.972299962580968,0.446286906758215,-0.543980067872989,0.541247834307328,-0.139385171807338,0.641847613676801,0.575835373762982,0.27330764431577,-0.202586991059232,-0.633170690066098,-0.612720024453672,-0.328362195337591,0.525175431526179,0.36127260445787,-0.149937701058835,0.521883215881349,-0.230075729421995,0.820624532664704,1.89346741148843,1.8408257790412,1.95990061671252,-0.0906058585608025,0.11794215341527,0.0220735832329614,0.0303266032630535,-0.202331311881772,0.315922392358201,0.571774707941,0.514446198157378,0.105565038245289,-0.15468380482628,0.559441094015736,-0.672787798788313,0.732228969991304,0.549623112850672,-1.23321624918318,-0.178217714801685,-0.925393473242442,-0.532850506793854,0.530244180944028,0.299837597034825,0.756333805638724,2.28753728101341,2.06956470962817,-0.778386370841756,-0.576527589185363,-0.420577536957683,-0.302655304718355,-0.394008843972142,-0.535527512645018,-0.394098372368261,0.412240099369111,0.962472222891692,0.810949284781987,-0.189444898148642,-0.226875569169311,-0.370138508391861,0.543772920206689,-1.02039235405845,-0.630477696226598,0.244526896952449,0.591721251577697,-0.949587954657186,-0.662221689003069,-0.391348688885798,-1.23334030181239,-1.86769728809072,-0.296225771543798,-0.215315402983871,-2.91468349166948,-0.294515666436819,-0.780009989472726,-0.34476848053886,-0.910812056434499,-0.323496951900488,-0.532850506793854,0.141095362725389,-1.57180630944818,-0.284915395618803,0.872247960534541,0.402681671401718,0.626803257494137,-1.11777605451234,0.471237211128387,-0.460870702131241,-0.391348688885798,-0.595936377798769,-0.413219819433159,-1.07279557770906,-0.706093598596545,0.984240030386299,-0.178544390830854,0.208486222981217,-0.898012962874244,-0.400622650407643,-0.749538645679329,-0.857736801737663,-1.37697714823931,-0.14265187121042,-1.7108973708847,0.690595290266559,0.845289154649251,0.850438776107769,0.682832724400303,0.682832724400303,-0.280848586784089,0.990252708157481,1.04842656874146,-0.524905716995868,-0.209368692507428,2.99860811725593,-1.63315359196784,-0.0434666408647052,1.8408257790412,-0.286904425214791,-0.96284821097941,0.0639753050922037,-0.523804376549633,-0.530770173602079,2.14406584489976,-0.8158329812246,-1.46155861675429,0.837139404775339,0.774599373008527,-0.801071272009583,0.40046092821602,-0.965539767392024,-0.26287797133625,1.23819966399899,-0.413837003129751,0.625885114403834,-0.586063398291218,-0.277522937462631,0.314887655461491,0.113282667975565,0.228695275045463,-0.391374245016123,-0.619472066787389,1.14646284668515,-0.444866529913555,-0.121723128517532,-0.669300457399169,-0.165532189896924,1.93291573900091,-1.1288425117501,-0.296225771543798,-0.367596131833887,-0.564613569898551,-1.50135362329445,-0.149937701058835,0.825219881684049,-0.553751890761977,0.57120162984028,-0.0632363539352424,-0.231370130585801,-0.728687620312182,-0.413719465260767,0.682832724400303,-0.0522135790060488,-0.555594417312278,-0.598673237091449,-1.56531543697313,-0.333979422149212,-0.343942476362171,0.0220735832329614,-0.720290730320524,-1.27914465555075,-1.43587470492678,-0.499564470154296,-0.693603398154691,-0.23039332369483,-1.02539690198974,2.98227614380132,-0.862800033163321,-0.823995980623335,0.726172755495118,-0.7440181099252,-0.240892786420384,0.629145668582266,-0.393103207388005,3.01010459379188,-0.154568900959218,-1.52008084975738,0.243808994474351,-0.367596131833887,0.511849510519854,2.04369836715624,-0.115382978305131,-0.399439552161281,-0.0434666408647052,-0.93654835490529
comm.and.crime_point_0151,comm.and.crime,regression,0.21,0.0319249357417375,anomaly,1.17800805584479,-1.56383453476745,0.491760072183968,0.162505164217251,-0.35364645738641,-0.302066595779285,-0.400622650407643,1.61716765955326,0.617171276048942,0.460656060460939,0.562964841240977,-0.0734685214771128,0.514032132486567,0.682832724400303,-0.769590402450023,-0.153922844539436,2.2460228923702,-0.481197144366448,0.0510694094017551,-0.125050605255976,-0.413262097452023,-0.835669064732367,-0.733880170107544,-0.685472708736566,-0.647450780341448,-0.0212745163166381,-0.779675500224294,-0.798985963523397,0.582249394501401,0.818368002036808,0.910165802193541,0.576125524684642,-0.438231512002885,0.675018749538836,-0.0636258900830415,-0.624470961512025,0.224574795131807,0.14466129651896,-0.490300835164584,0.376828550089045,-0.367386839226397,0.413497706603062,0.412442564454086,0.143936619326893,0.0944776934649314,-0.0516442527306052,0.164425204496809,0.141594576137679,0.643791256463961,0.475400863850929,-0.0579168405136468,-0.43486269553505,-0.000690227188266011,-0.594329019975073,-0.619283391928622,-0.590959780665129,-0.348149548490111,-0.472298989483845,-0.432129185345187,-0.44257322543477,-0.352941863045931,-1.03981892052952,0.452462219761333,0.113916115789414,0.0425220826264111,-0.0713724957371486,-0.15468380482628,0.189659458827421,-0.317614875358386,0.541713286916744,0.491654823047211,-1.23321624918318,0.885155760611249,-1.02847344562641,-0.26287797133625,-0.342234908708326,-0.017646871584048,0.369181677055691,0.846300613998343,0.130593685337154,-0.912061542959443,-0.835659608007726,-0.803145557548822,-0.621819912096626,-0.72849220634674,-0.69663215719134,-0.8158329812246,-0.295725241742213,-0.319074498087268,-0.0198160872658089,1.07752895371129,-0.226875569169311,-0.240343763260253,0.494832130186732,-0.579261189746669,-0.381127756467814,-0.00771657564102366,0.683079530760502,-0.407961060951538,-0.531248663028845,3.7696264931462,0.683693543699564,-0.620207095989836,-0.217427187171022,-1.20457557245354,-0.542366992913852,0.857434586358428,0.703657382637049,1.03154453286352,0.277067099578957,2.01613236565723,1.41095174850089,1.04063469047886,-0.468978398668724,-0.92926301823862,-0.949587954657186,-1.94710218597463,0.0937373566032682,0.33604003882639,0.530234322887664,0.477363979273606,-0.391348688885798,-0.504578098615964,-0.321861540250354,-1.55874614153275,-0.187829560951817,0.788476870306472,-0.408381392326479,0.363106181557171,0.350548032359759,-0.544247527234835,1.0711216777274,0.672757321452404,0.705667118525611,-0.688849968232438,0.0881812846222431,-0.924450780392009,-0.261089604692552,-1.23561849465356,0.547943834717897,0.682832724400303,-0.609687155220656,0.813315174175043,0.288567385435518,-0.236918153797056,-2.2636773615825,-0.776275543828826,2.73413476015781,-0.0434666408647052,-0.739844610851231,0.980069426645142,-0.198157722851353,0.492231312994358,-0.4726301518147,-1.43828704322426,1.14986631244269,0.355652043376342,0.272900576804145,0.936160966283394,-1.06368304617927,0.774599373008527,1.99289873405796,-0.718470624475156,-1.34276811316667,-0.413719465260767,0.578708116571755,0.85572211589946,-1.92100789931097,-0.35568405855027,1.442151542338,0.347766031238483,-0.230075729421995,-0.869747200724323,-0.18934904249111,-1.07592843364696,0.59996722821086,0.223861947321042,-0.51147345739279,-0.505592652644603,0.242485406711466,-2.02838183950358,1.43734308465729,-0.576901296561691,1.08466598824495,0.378240698697934,0.218145741121919,1.00221121696188,3.87573774072154,2.17634515069244,-0.626152826019497,-0.273610749555595,-2.24585211093084,-1.00369058285354,0.682832724400303,0.108891065540274,0.692040522452799,0.63909628175923,0.682832724400303,-0.333979422149212,-0.0387034149277808,-0.400332606464976,0.0507121317750543,2.86072814409331,-0.76198466217831,7.29733247323696,-0.546622083628446,0.223563482083323,1.40553809919142,-0.491703227207728,0.182033724961094,-0.58964979375619,0.726172755495118,-0.796454122761974,1.21011750975464,1.17800805584479,-0.235276207381626,1.04953812723672,3.27642718339475,0.139282888348225,-0.4726301518147,0.364971944713428,1.72139727595486,-1.56327128085826,0.228695275045463,-1.32265961824234,-0.739281849167541,-1.23918622542406
comm.and.crime_point_1483,comm.and.crime,regression,0.11,0.369336079290502,nominal,-0.651533235030286,0.87205458879957,-0.217427187171022,-0.570468175912889,0.119834542632727,0.189657297261516,-0.256997773580451,-0.490435159498505,-0.54265444466673,0.391000476585978,-0.337911430842786,-0.854781757879046,-0.187688592418646,0.682832724400303,-0.291949944754136,0.994165005878154,-0.105678140049712,-0.481197144366448,-0.928088305474204,-0.710275698132921,-0.174546969317801,-0.432151904040676,-0.262943549469985,-0.310748701822181,-0.0646778574863729,0.403546225811598,-0.319107477609904,-0.307399221155361,-0.277522937462631,-0.494690868811617,-0.683388268503048,-0.164586065898132,-0.438231512002885,-0.462630445351289,1.2579368685168,-0.0809549871536759,-0.972299962580968,-0.00615150860066679,-0.490300835164584,1.19892497118046,-0.766389757209749,1.04145995105585,1.12047807145931,-0.56760401811193,-0.153076210305205,-0.00318371628598076,-0.155575772129859,-0.171709938179167,1.71133368090399,1.50255519838847,-0.241958561604024,0.0869987106920766,-0.34476848053886,-0.366110705033174,-0.808924961997834,-0.442074950479027,-0.758469577859468,-0.557119685244521,-0.64369508486844,-0.569295082344151,-0.608454173918587,0.679234591957959,-0.412290020458506,-0.700054714702294,-0.691582097088426,-0.484226741696171,-0.597934995088079,-0.127296228476849,-0.0131809409898764,-0.410865128456057,0.491654823047211,-1.23321624918318,-0.178217714801685,-0.358453625130612,0.00709456412135369,3.65280092285772,0.0352672065190975,0.670299999286939,0.0227368042754491,-0.935840378022907,-0.689269589429965,-0.662904928792817,-0.590607768331523,-0.120275529073628,-0.346225506490056,-0.454975190371856,-0.440957773352299,-1.23967902989064,-0.586063398291218,-0.74673578780763,-0.286904425214791,-0.226875569169311,-0.586463083611209,0.152246600047036,-0.965250958519477,-0.181647804660787,-0.562652215346664,-0.0477867027019386,-0.604916295026319,-0.618564013678328,-0.391348688885798,-0.503041693998314,0.756333805638724,-0.296225771543798,1.21911184274716,0.110020044243945,0.16626443468128,1.38842693899541,2.17847204403216,-0.478855999702333,1.27429867960235,0.331061606670478,-0.652615808821794,1.24040486303943,-0.156045871094839,0.773770343497151,0.872638442876987,-1.31161820029084,-2.03852624696021,-0.94469347109426,0.181079343040496,-0.391348688885798,-0.321861540250354,0.317646414029282,1.24896822722633,0.244057137085456,0.739536080286516,1.54523312038634,-2.00773318327412,-0.454975190371856,-0.161247855695657,0.342857548364707,-1.38132689651321,0.541247834307328,0.646300935599162,-1.34049882416269,-1.2670363105317,-0.015227658172151,-1.33043927968817,-1.56531543697313,0.682832724400303,1.19892497118046,-0.189330851725441,-0.281327002043937,-0.812893280194679,0.532464993547459,-1.01519223123925,0.15346437026538,-0.782770299686468,-0.442074950479027,-0.286904425214791,1.11274025679674,1.88406333867636,1.01142236549834,2.47836470988201,-0.00131209356022966,-0.628395377288449,-0.639972682963453,0.193499254972986,1.95635235677211,0.643293485923684,0.813315174175043,-0.84200519593359,-0.316872478427771,-0.413719465260767,0.523566721032782,-0.23600364120476,-0.479267838209638,-0.35568405855027,0.207529190044681,-0.121200695287352,-0.000690227188266011,0.521883215881349,-0.318385949779994,0.246923518931679,1.64480098633528,-1.04328333075373,-0.669300457399169,-0.0380095163665442,-0.549903811549208,0.299837597034825,0.0977671503200851,-0.158290967106083,0.672346098709078,-1.352964597874,-0.241958561604024,-0.118733906464382,-0.315607286918777,-0.653776320283739,-0.830849724959226,-0.358091987495182,-1.21809552051175,0.176251652332003,0.682832724400303,1.67966134986692,-0.912061542959443,0.0449669127109041,-1.56531543697313,-0.149937701058835,-0.0387034149277808,-0.611535701313945,0.406559606588398,-0.761660555595246,0.473480416193885,-0.109719622984733,-0.742597169663439,-0.835669064732367,0.820313006314475,-0.0450487366494222,-0.653833281538438,-0.0740881826484698,0.726172755495118,-0.219657981557459,0.763652803239245,1.17800805584479,-0.393103207388005,-0.961299274358306,-0.600152808018174,1.84605701897113,0.397331668679148,-0.838532752471447,-0.179320641157294,-0.328007702771107,-0.230075729421995,0.216040491892755,1.82653673144917,-1.1887465803376
comm.and.crime_point_1786,comm.and.crime,regression,0.06,0.011747691719492,nominal,0.629145668582266,1.22003874930914,-0.217427187171022,0.773316280992368,-0.629843707397574,0.927243136822718,-0.639997445119629,-0.576459764357761,0.101693177953087,-0.375210946038594,-0.458028267120621,-1.13382219945117,-0.187688592418646,0.30064753696682,0.711095016407226,1.32219010599747,-0.105678140049712,0.754267934005747,-1.10088084339349,-0.890344957479674,-0.950371135754022,0.576640997688553,0.207993071167575,0.0104433041044344,-0.00640056520086566,0.767678290492944,1.88138418599218,1.44046475170877,-0.35568405855027,-0.888608530066145,-0.636519031129619,-0.510251474836759,0.135401071104611,-1.15511256398006,1.14301836776899,0.759024245945591,-0.402359601765361,-0.00615150860066679,0.368566888169896,-0.719300011366178,-1.05139184148357,-1.01368921260781,-0.94916417978672,0.532049694293523,1.33224721231561,1.30525076771888,1.12442813437682,1.39481263340506,0.525175431526179,0.532464993547459,-0.333979422149212,-0.869747200724323,-0.34476848053886,-0.503041693998314,-0.666693784445925,-0.987985994494734,-0.758469577859468,-0.684350728885536,-0.686008264773091,-0.738257558223326,-0.693624944209472,0.811469477533919,-0.594343123662683,-0.343942476362171,-0.114785955883911,1.04923188615163,1.04842656874146,-0.0744702805928035,1.50898873085267,-0.744267573836537,-1.36333045066355,0.726172755495118,-0.37760024144161,0.826966057285032,1.51894076268393,0.0710446600743682,-0.335131340202921,1.01443522469408,-0.84200519593359,-0.1602519683065,-0.3328024637828,-0.317395570362999,-0.208039747740384,0.0165093026599163,-0.250658831525885,-0.454975190371856,-0.347238971384223,-1.71165592396486,-0.212278938005688,-0.227507430277758,-0.286904425214791,-0.226875569169311,-0.802787658830557,0.445891340166776,0.0824355567210018,-0.480867732371328,0.0931808133963657,0.226288134846476,-0.8018715291011,-0.487590987704104,-0.391348688885798,-0.00096140112613429,0.928401418342293,-0.375024355916575,1.26857485122064,-0.601674905382743,0.569447023159616,-0.152304562810898,-0.230075729421995,-0.424861492610813,-1.29358715674149,-1.50475163444123,-1.44632698036898,1.73667742289018,-0.156045871094839,-0.506438677988928,0.768203604771372,1.06294808549576,-0.730091762955347,-0.826699247575706,-0.263347611309168,-0.391348688885798,0.0435715764808665,-0.504578098615964,-0.748828535159937,0.589566495515274,1.66941109066569,0.396048112908209,-0.10075369417069,2.32407992805221,-0.209122814638054,-0.446095258444874,-1.09939376855715,0.322022122016284,-0.264029226104202,0.776064299963135,-0.973391570411965,-1.20356039968742,-0.90374574703244,0.682832724400303,0.682832724400303,-0.00681644642028318,-0.779122631666902,-0.407970199261594,0.511849510519854,1.38842693899541,0.752791255597911,0.0542078168079789,-0.608816497610759,1.8408257790412,-0.286904425214791,0.566532765276704,0.759891317933204,0.192634769739419,-0.626298265141257,-0.0536383847421805,1.57399646896132,0.0903259248506256,0.0449669127109041,-0.713534013953022,-1.10745167520755,-1.13299769963178,1.79339899517967,0.169078085395916,1.59218233455465,0.192718347798946,0.740803615151647,0.428494422483792,-0.35568405855027,0.0464914919194661,-0.35568405855027,-0.115382978305131,1.69607137989238,-0.40441055463925,0.987720612375717,-1.00211120091324,0.223861947321042,-0.156362707378436,-0.845653115392282,0.189659458827421,0.0881812846222431,-0.138628602798245,2.30104471844562,-0.255373652746643,0.0319996393835476,-0.333979422149212,1.23819966399899,0.160681920767624,0.0643142022027552,-0.728501275489362,-0.400332606464976,-0.532924460232356,0.766222769924772,-1.38546358406325,0.914414288271889,3.09819362057116,0.342031597235068,-1.56531543697313,-0.333979422149212,3.72591167609637,-0.484813844404564,-0.127211605631618,-0.56760401811193,-0.874299669303055,0.0462183158830917,1.90306649180897,-0.734789774559444,0.865330321151163,-0.64058805739383,0.112378141086133,-0.683388268503048,0.726172755495118,-0.219657981557459,0.428804273352702,0.629145668582266,-0.629843707397574,-1.26292488459756,-0.600152808018174,-1.42526006472277,-0.01206212920031,-0.629227587743642,-1.10088084339349,2.8836776002555,-0.115382978305131,1.498290583672,-0.826258750205395,0.173123836996862
comm.and.crime_point_0286,comm.and.crime,regression,0.14,0.677923475376746,nominal,1.17800805584479,-1.21585037425788,-0.375024355916575,-0.0818192824927953,1.69810454269652,-1.24453739077415,-0.592122486177232,0.197761679375541,-0.091611108832858,-0.653833281538438,-0.578145103398456,0.317188096723854,-0.343626531286471,0.682832724400303,-0.435242082062902,-0.372606244618977,-0.546622083628446,-0.818142165740683,0.511849510519854,0.100035968927465,0.481919633051309,-0.533031194213599,-0.52457500537974,-0.36428070280995,-0.356064318913911,-0.688849968232438,0.857899691293538,-0.143536973699349,-0.277522937462631,0.42445034078228,0.0665195294718176,0.378602433862569,-0.868455949333508,1.46642688511458,-0.695677644196011,-0.130365530277162,0.50954497553961,0.0943903614790845,-0.597659300581394,1.03450568696218,-1.05139184148357,0.813110043982106,0.957085262150409,-0.050119918156423,-0.648184017845477,-0.778552299399972,-0.0641469216650966,-0.537231871548822,-0.00859578069383644,0.36127260445787,-0.241958561604024,-0.0869550913836323,-0.34476848053886,-0.274823379056414,0.281514065900134,0.401605753908883,0.369910502906264,-0.557119685244521,-0.474442365249838,-0.44257322543477,-0.480698018482259,0.28252993523008,-0.366776744657462,0.012169761977951,0.0949580954631852,0.223523394233582,-0.407970199261594,1.08770057285619,0.443469960562887,0.113052999998984,-0.0880280749874027,0.726172755495118,-0.311139399228302,-0.976933459434427,0.763017663402644,1.40272327059638,1.94017401823234,-0.319088773758589,1.05219156642907,1.10007919748266,-0.867503152253548,-0.878848277811454,-0.888160673235742,-0.621819912096626,-0.680708868864655,-0.736908318327921,-0.581535976304412,-0.118733906464382,-1.01324563861754,0.0840295842401654,-0.286904425214791,-0.226875569169311,-0.586463083611209,0.788476870306472,0.799273698727645,1.16484187003665,1.05170600925156,-0.230503261067549,-0.752632720582405,-0.70587936432781,-0.391348688885798,-0.457398031009934,1.444604256453,-0.296225771543798,0.872870783432771,0.58448334399507,0.742239561078903,0.931913901423168,-0.34476848053886,-0.20888346424473,1.21723454990582,0.331061606670478,1.25229100289144,-1.24095793621434,0.810475562834887,-0.309483443914147,0.611551347612948,1.06294808549576,-3.0077369758527,0.471237211128387,-0.21396683860365,1.4810901430286,-0.321861540250354,-0.139144981884744,1.41095174850089,-0.662904928792817,-0.239279720112616,-0.638218393822105,-1.02847344562641,0.269995710086597,-0.592122486177232,-0.324717903551093,-0.173042062415791,-0.33565501485685,0.342857548364707,-0.017646871584048,1.22894398048608,-0.670859515559886,0.565976421003951,0.682832724400303,-1.56531543697313,-2.08946071318521,-0.366268385707879,-1.42111577700285,-0.812893280194679,0.24714434506481,-0.967408893757168,-0.938357717766034,-0.91323565124325,0.798631967738489,-0.286904425214791,2.47825898559685,0.33163531003105,0.909073916028471,0.758859062176815,-1.41412195547291,-0.956411184176713,-0.183536053079654,1.57980111608575,-0.976145788122707,-0.713534013953022,-0.130351673731295,-0.800827005447445,0.115083578304395,0.412240099369111,2.06752579612401,-0.0636258900830415,-0.372472278128058,-0.043039574199713,2.03262310213045,-0.433845179637909,-0.34476848053886,2.0439789840438,0.154749376945913,-1.1288425117501,3.52550175095922,-0.524905716995868,-0.550930207394384,-0.973175788922662,0.348137302479556,-1.02301435554381,-0.0598300184254683,-0.158290967106083,-0.152293680362675,-0.808871504665675,-0.333979422149212,0.589231434646941,-0.0774626830755764,-0.738257558223326,-0.523804376549633,-0.696016939253532,-0.875509990372052,0.589231434646941,0.682832724400303,-1.09939376855715,-0.867503152253548,-0.499651675583395,0.682832724400303,-0.0579168405136468,0.26653564650661,-0.611535701313945,-0.838906555258306,-0.891031580584123,-0.9866146764278,-0.499564470154296,0.580234661072763,-0.482591549127137,0.0100013392540886,-0.293190120292925,0.112378141086133,1.09764275168726,0.726172755495118,-0.219657981557459,0.372996185038278,-1.38334975138032,2.36886929272363,1.5019765425956,-0.3328024637828,-0.714104176963228,2.34195220860657,-0.105964675924132,-1.27367338131278,-1.01975530649992,-0.34476848053886,0.728940528604452,-0.695793398648614,1.38367531907194
comm.and.crime_point_1884,comm.and.crime,regression,0.11,0.198164991127252,nominal,-1.38334975138032,1.56802290981872,-0.296225771543798,-0.142900394170307,-0.314189707384816,0.0257493329145824,1.61012562517304,-0.0172998327725985,-0.478219682404748,-1.00211120091324,-0.818378775954126,-1.02220602282232,-0.187688592418646,0.682832724400303,1.28426356564229,0.720810755778727,-0.105678140049712,0.473480416193885,-1.15847835603325,-0.350137179439416,0.362562068984198,1.28279602889901,0.94056114771489,0.920487320896512,1.10086798822378,0.282168870917816,0.243808994474351,0.78501576188472,-0.35568405855027,-0.757302642981302,-1.05834216749048,-1.20158229271402,0.804639084730025,-0.709945487718708,1.2004776181429,-0.673881504635512,-0.117389421357558,-0.860757404278554,0.851679982545541,0.815279974671134,-0.766389757209749,0.813110043982106,0.793692452841512,-0.114805430650861,0.342031597235068,0.432961111715639,0.301568480193953,-0.276144776284783,-0.245827430569399,0.24714434506481,-0.241958561604024,-0.43486269553505,-0.115382978305131,-0.548685356986693,-0.287410644307502,-0.541331503936429,-0.45072955583245,-0.217836902201817,-0.0513105662033324,-0.146888892646214,-0.0974295521732745,0.106216754462134,-0.321263468856418,-0.496562007079367,-0.429402032904556,0.164544216239436,0.22524578682669,-0.127296228476849,0.595686927747142,-0.315607286918777,-0.493806103611632,0.726172755495118,-0.37760024144161,0.723886084901063,0.547039635036561,-0.571834669143156,-1.49924105847212,1.35857045010122,-0.7596488149613,-0.451097621950152,1.04850764809996,1.15101920296373,1.02467942971995,1.01959806870591,0.991707943008339,1.23662357736453,0.964824256168832,0.530234322887664,1.71004114346275,-1.21404130958451,-0.286904425214791,-0.226875569169311,0.235570302222313,-0.435042880192443,-0.854968167441532,-1.27878753959944,0.042732118877671,-0.321861540250354,-0.358722252432842,0.0363011161927887,-0.391348688885798,3.1028076820837,0.369181677055691,-0.0598300184254683,0.279314681750966,-0.186519518100509,-0.352113179076581,-0.323496951900488,-0.34476848053886,-0.424861492610813,-0.494689340990077,-0.100894450061688,0.352751675137971,1.46097044519532,0.681606038310923,-0.506438677988928,-0.537231871548822,-1.99006571051558,0.966027012606508,0.117254540572726,0.773648615506715,-0.391348688885798,-0.321861540250354,0.317646414029282,0.00709456412135369,-0.835659608007726,-0.435042880192443,-0.580759143448198,-0.255373652746643,1.07551893281821,-0.400622650407643,-0.506783935891765,0.0283387432671127,-2.14426714125797,-0.506783935891765,-0.758443965028085,-0.630806040272269,0.968220127909451,-0.240000251790199,0.682832724400303,0.682832724400303,0.0479899816524777,-0.897080987655194,-0.407970199261594,0.91503209899819,0.4183367341544,-1.06297556872134,-0.491703227207728,-0.739281849167541,-0.0946770133781229,0.00547415598365529,1.38584400255676,0.171039307067742,0.602028567618877,-0.626298265141257,-0.681553878925593,1.99573107781766,-1.46155861675429,-0.499651675583395,-0.538459497839898,-1.06368304617927,-1.07401852163763,0.640409661567619,-0.532850506793854,1.35619388751754,0.247859743337919,-0.23600364120476,-0.319074498087268,-0.199361816374992,0.744321517128731,-0.277522937462631,-0.34476848053886,-0.826258750205395,-0.576459764357761,-0.970100277440667,-1.00211120091324,-0.0641256158777693,-0.669300457399169,0.897156756189573,0.189659458827421,-1.86963960519414,-0.296225771543798,1.6731292242622,-0.616153556090535,1.91159396137593,-0.241958561604024,-1.06268769461281,-0.267978366150136,-0.273610749555595,0.960248140763403,-0.315851368525389,1.18000319046612,0.176251652332003,0.682832724400303,-1.13966992969373,3.27642718339475,1.53029033533172,0.682832724400303,4.17504274456502,-0.750927891608026,-0.653776320283739,-0.36444325550718,-1.60257221802295,1.09121295537998,0.0462183158830917,-0.203665683067209,1.93851141502301,1.00038226566123,-0.0946770133781229,1.01790073146063,0.535211903206109,0.726172755495118,-0.534274058578104,-0.743165581250199,0.507176249190595,-0.669300457399169,0.647370646917718,1.40497477374713,1.65641544890192,-0.319107477609904,0.521950818259281,1.14542214955724,0.561382073451646,0.114002523928599,-0.0404095264630932,0.565371666400276,-0.986987999991752
comm.and.crime_point_1678,comm.and.crime,regression,0.57,0.0117923348730887,anomaly,-1.44433446107615,1.22003874930914,-0.296225771543798,-0.326143729202842,1.73756129269811,-1.03965243534049,-0.592122486177232,-0.576459764357761,0.166127940215069,-0.0965886105387498,-0.0976777582871161,0.428804273352702,-0.187688592418646,0.682832724400303,-1.15170276860673,-1.30201069495703,-0.056684368540964,-1.43587470492678,0.511849510519854,0.595226432131034,-0.532619661519134,-1.03742764507821,-0.9955116260173,-0.739004709724335,-0.880559949483478,-0.446095258444874,-1.24024352283868,-1.39981420419544,-0.043039574199713,1.60620332454586,0.675819615326396,0.92179093362327,-0.868455949333508,0.477166715644901,-1.04043314643945,0.116687185340269,-0.00340134919443606,0.948996257156972,-0.866055464123419,1.03450568696218,-0.424387256081161,1.15563490459271,1.17494234122894,-0.1794909431453,-1.39084572915588,-1.50546034606934,-1.20700755247463,-1.26827573828813,-0.00859578069383644,-0.722945859776196,-0.0579168405136468,1.39165222625989,-0.34476848053886,1.9617161073742,0.897849168625072,1.8408257790412,1.34442057265849,-0.557119685244521,-0.64369508486844,-0.611535701313945,-0.65103955906403,0.811469477533919,-0.45780329625955,-0.0895765918335127,-0.114785955883911,-0.307289207713733,-0.597934995088079,0.295311354595511,-0.368353864419804,-0.0298337623069365,0.433686533243749,-1.23321624918318,-0.111756872588377,-1.0800134318184,-0.20888346424473,0.39248432468313,1.09354876858201,-0.0609873547032339,0.846300613998343,-0.0148291414846731,-1.00117832437123,-0.922036947615181,-0.888160673235742,-1.21455418294199,-1.01519223123925,-1.01884144628399,-0.956411184176713,0.23524876409128,-1.33363231886228,1.1744091350529,-0.286904425214791,0.0719288462359772,-0.846052573874427,-0.826569200352095,0.523566721032782,0.317052074856781,-0.159062659197108,-0.139144981884744,-0.604916295026319,-0.662221689003069,-0.391348688885798,0.729337206687944,0.584266192935153,0.728155825302298,-1.00672353855961,1.0589466437462,-0.524905716995868,-0.837074119169256,-0.230075729421995,1.35695724140937,0.703657382637049,0.978995691768727,0.458579831344262,0.358142534415864,-0.220480633356821,-0.604916295026319,-0.746101547760053,-0.342407471398352,-0.633170690066098,-0.531713688779321,-0.707774565658833,-0.391348688885798,0.226288134846476,-0.504578098615964,0.871006677585685,-0.61971625898909,0.494832130186732,-0.408381392326479,0.363106181557171,-1.17994609083031,-0.639997445119629,1.37456506496185,1.3171758996377,1.58256996768979,0.52492358070538,-1.18175658985325,-1.9522073708111,-0.179135622519085,0.565976421003951,0.547943834717897,0.682832724400303,-0.500074299075133,0.69535681818675,-1.16782938256753,0.16626443468128,0.4183367341544,0.22717454329497,0.203092646994081,-0.695793398648614,0.600118860823686,-0.286904425214791,-0.252778472003357,-0.36428070280995,-0.523804376549633,-0.8651184939892,0.364971944713428,2.0425904788017,-1.46155861675429,0.0449669127109041,-0.976145788122707,-1.10745167520755,0.0465858602511433,-0.883183386419734,0.0610890712128745,-1.12168480637209,-0.468978398668724,0.396048112908209,-1.54722343902544,-0.433845179637909,1.71054770588002,-0.35568405855027,-0.34476848053886,0.521883215881349,-0.533447461928133,-0.970100277440667,-0.444866529913555,-1.04328333075373,1.65864779269492,-0.845653115392282,-0.338600020013028,1.51686139340717,-0.296225771543798,-0.838532752471447,-2.47159305900198,-1.30350158940051,-0.333979422149212,0.825219881684049,-0.410865128456057,-0.484813844404564,0.0902863202695546,-0.358091987495182,0.935299240366342,0.825219881684049,0.682832724400303,1.63938518873034,-0.110010510253322,1.48077955457769,0.682832724400303,-0.241958561604024,-0.496562007079367,3.44356371978626,-0.957522380196087,0.143936619326893,0.0803778912572774,-0.187688592418646,-0.938572255698432,0.0722445468239389,-0.75529301296961,0.15346437026538,-0.584177697663477,-0.214695894768757,0.726172755495118,-0.114785955883911,0.317188096723854,0.324222120103087,-0.708757207400764,-0.20723524876017,3.27642718339475,-0.714104176963228,-0.319107477609904,-0.00131209356022966,2.47016494027177,-0.575060418388539,-0.34476848053886,-0.50201955950362,-0.43486269553505,-0.633910484386522
comm.and.crime_point_0404,comm.and.crime,regression,0.21,0.160328972527931,anomaly,1.17800805584479,-0.867866213748302,-0.453822940289352,1.81169517951007,0.0803777926311325,-1.24453739077415,-0.687872404062027,3.12259824459024,0.810475562834887,0.182033724961094,0.022439077990719,-0.408317051363656,-0.343626531286471,0.682832724400303,-0.721826356680434,0.11943140555999,-0.840584712680936,-1.66050471917627,-0.00652810323800724,-0.440171809112793,0.481919633051309,-0.835669064732367,-1.15249049956315,-1.00666471466318,-0.530896195770433,-0.628161290785547,-1.64963732071814,-0.96284821097941,-0.277522937462631,0.905905260093369,2.64432758501042,2.15631025126123,-1.58549667821788,0.872870783432771,-0.925514645691636,0.363739900957701,-1.42825225123345,2.50739524339312,-1.93964011829152,-0.0616228744930443,-0.253386005516867,-0.271552014618157,-0.186664403011869,2.66667160660999,0.589585501005203,0.239118965937142,0.53014060635586,1.02929070003541,-1.31336985500943,-2.37780562097556,-0.241958561604024,-0.0434666408647052,-0.230075729421995,0.227256913815765,-0.145179466755593,-0.342818397021626,-0.0404095264630932,1.35134596937069,0.87957939169898,0.697923486749661,0.967205076462793,-2.36216777628911,2.13645342439997,3.26805308394478,3.45086291701673,2.22881544603455,1.30171296317677,3.14791254033394,0.0882970371329595,2.8755304045801,0.0279085046195201,0.726172755495118,-0.444061083654919,0.00232627821327909,0.547039635036561,1.95376269563997,1.94017401823234,-0.792274708693406,1.01101337594292,-0.741943275593805,-1.00117832437123,-1.00841428722264,-1.05819090460958,-0.667414856007808,-0.824058881310911,-0.938289124010825,-0.534676575320374,-1.06268769461281,-1.49382565898465,-0.487121609042694,-0.286904425214791,-0.226875569169311,1.5335177535384,0.00542422998716656,0.137576952259974,1.16484187003665,0.900359925695479,-0.504578098615964,-0.309483443914147,-0.487590987704104,-0.391348688885798,0.0446822618622457,-0.233054967406804,-0.375024355916575,0.576092732591868,-1.01683029266498,2.52776245291154,-1.35065128643802,-0.115382978305131,0.0610890712128745,0.4183367341544,-0.370866985519292,-0.22930318399663,0.854415094266617,-0.284915395618803,0.330621066828893,0.298246833296102,0.966027012606508,0.675263793938761,1.12020544048043,0.526744751979124,-0.391348688885798,-0.413219819433159,-0.321861540250354,-0.26287797133625,0.287245806889183,-0.924450780392009,0.0512926106647712,0.826966057285032,1.55883286645718,-0.639997445119629,-0.0212745163166381,-1.42160305764979,-0.883719295584461,0.282168870917816,1.62268954961346,0.690595290266559,0.763335172475784,0.565976421003951,-1.56531543697313,0.682832724400303,-0.664493583293417,0.931273530163335,0.478532181262003,0.627044535799378,-0.209368692507428,-0.919625556275082,-0.293190120292925,-1.0002125522811,-0.293190120292925,0.297852737182101,-0.96284821097941,-0.792536710712104,-0.421455927079768,-0.244185898984547,0.0510141976217214,-1.28442699106498,0.911911858641464,-0.351119333321313,-0.450922239783337,1.21228566329134,0.105565038245289,0.475696899623041,-0.532850506793854,0.825219881684049,-1.62694770498715,0.453507363282115,0.00131218215747174,-0.277522937462631,1.33479307692119,-0.277522937462631,2.0637792929153,-0.217420442940414,-0.576459764357761,0.82897837806628,0.251689308836056,0.223861947321042,-0.708757207400764,1.87483058658915,-0.708381655201343,2.15183033064492,0.0189685659473083,1.41149776835245,0.208486222981217,-1.50135362329445,-0.241958561604024,-0.35472235350149,3.87573774072154,1.37377339026636,-0.984372399164023,-0.484813844404564,0.984240030386299,-1.3576732534092,0.682832724400303,-0.454975190371856,0.246456615393843,0.391542377989094,-1.56531543697313,-0.333979422149212,0.571774707941,-0.062407654706626,0.0507121317750543,-0.373547480628615,-0.593512151491192,-0.109719622984733,-0.595615855137194,-0.835669064732367,-0.75529301296961,-0.0946770133781229,0.808933979835743,-0.449042081635903,-1.23321624918318,-0.324530007231007,0.763652803239245,1.17800805584479,-0.590386957395979,0.647370646917718,-0.377360854488696,0.091872495830922,-0.933198174429091,1.3591714771705,-0.812893280194679,0.215508271587242,-0.34476848053886,0.0621704808792462,-0.521839596572905,-1.03742764507821
comm.and.crime_point_1397,comm.and.crime,regression,0.2,0.0524649569327461,anomaly,0.324222120103087,0.524070428289996,-0.296225771543798,-0.0818192824927953,2.21104229271725,-1.73626128381495,0.0302519800739321,0.283786284234797,-0.607089206928712,-0.235899778288672,-0.277853012703869,0.372996185038278,-0.265657561852559,0.682832724400303,0.520038833328871,0.174102255579875,-0.301653226084705,0.192692898382022,0.396654485240329,-0.170067920092664,0.362562068984198,0.526201352602092,0.312645653531477,0.385167311018819,0.57637235765421,0.282168870917816,0.499680118149013,0.293429019516684,-0.35568405855027,-0.757302642981302,-0.308434369515615,-0.0164437477815769,-0.247020650967053,0.625555741065352,0.281129612160397,0.264918814710728,-0.630335746091604,0.49655784179809,-0.436621602456179,-0.0616228744930443,0.601620247304602,-0.100289584312853,-0.0777358634726045,0.726106231776839,-0.153076210305205,-0.536249617176849,0.392997330658716,0.0893771570848711,0.940330818808414,0.589529123243989,-0.149937701058835,0.695837017957058,-0.115382978305131,-0.639972682963453,-0.477052214376713,-0.144305290106824,-0.0404095264630932,0.0366251850802118,0.202568513224571,0.486720391900693,0.541351225008366,-0.599035968609651,0.315922392358201,0.877013769375391,0.6717542366677,0.223523394233582,0.921783371523802,-0.655555707317298,0.291252993378632,0.160681920767624,0.0858767944229815,0.726172755495118,-0.444061083654919,0.826966057285032,-0.0468999429701671,-0.571834669143156,-0.282217262099776,-1.13640993410055,-0.471401481558287,0.566862165802633,0.424690178217426,0.33043447669291,0.174528272850755,0.381268853949369,0.418307893223313,0.350548032359759,0.261933241408267,-0.708705024057152,1.33625668317722,3.09555405791342,-0.286904425214791,-0.226875569169311,0.884544027880357,-0.0924573500527467,1.07498067642251,0.616272002567322,0.597667758583312,-0.504578098615964,2.00474055646453,1.60797742788347,-0.391348688885798,-0.274823379056414,-0.0609873547032339,-0.453822940289352,1.91159396137593,0.169327956712836,-0.755295767554917,-1.40771541613455,-0.34476848053886,-0.316872478427771,-0.665881730079667,0.385056113761999,-0.123475027790339,-0.248412816512834,-0.091611108832858,1.41387485424019,-1.32049315734094,0.529882184604888,-0.148565325619854,-1.29867614164992,0.0823177976294598,-0.391348688885798,-0.504578098615964,-0.413219819433159,0.115083578304395,0.805509844533911,1.03318082040625,1.37285536926462,-0.255373652746643,0.189443387813436,-0.544247527234835,-0.0212745163166381,-0.69663215719134,1.08931211503494,-0.0819631937635291,-0.599701730718649,1.47364793058586,0.517473225955383,2.13051937407495,0.682832724400303,0.682832724400303,0.65086069045285,-0.95606016564934,-0.15468380482628,0.339056972600567,2.35851714383641,0.131607868330799,-1.83166669888264,-0.391374245016123,1.6919409488551,-0.286904425214791,-1.07208970928342,0.0104433041044344,-0.267933252874971,-0.483006127832491,-0.472248714197789,-0.487817174336336,-0.137892390091274,1.28273643156158,1.2998229213479,1.2998229213479,-1.66381030157909,0.681587852053764,1.6809242839585,-0.708705024057152,-0.303554212051806,-0.350922141952573,-0.853052298495168,-0.277522937462631,-0.597659300581394,-0.277522937462631,-0.230075729421995,0.0435102601731493,-0.361398252209622,-0.388045418306067,-1.28073353641309,-0.755295767554917,-0.669300457399169,1.57727768168493,-0.708381655201343,0.352751675137971,-0.217427187171022,-0.00131209356022966,0.311566195365187,0.477166715644901,-0.241958561604024,-2.59661260035402,-0.220349445381496,-0.653776320283739,-0.216759028140039,-0.231370130585801,-1.02233236043192,-0.0597367947051054,0.682832724400303,-0.938289124010825,-0.822944761547652,-1.98497509820421,0.682832724400303,0.678250043847861,0.470028354129537,-0.484813844404564,0.110020044243945,-0.955717093078561,-0.256567130116958,0.280125224184829,0.0413031744765323,0.223563482083323,0.0550186540907768,1.4934278419403,0.59996722821086,-1.38642682910448,0.726172755495118,-0.429402032904556,0.707844714924821,0.446191539494759,2.32941254272204,-1.81590517003619,-0.421919245194591,0.139282888348225,0.704377017088742,-0.838532752471447,0.91503209899819,0.759024245945591,-0.34476848053886,-0.296859544818942,-0.565328047091832,-0.0790743884354456
comm.and.crime_point_0612,comm.and.crime,regression,0.13,0.399188019819369,nominal,0.812099797669774,-0.519882053238727,-0.138628602798245,-0.509387064235377,-0.195819457380031,0.558450217042117,-0.592122486177232,-0.576459764357761,0.746040800572905,0.460656060460939,0.743140095657729,0.372996185038278,-0.109719622984733,0.682832724400303,-1.05617467706755,-0.700631344738288,-0.98756602720718,-0.593512151491192,0.68464204843914,1.36052078435473,-0.0551894052506902,-1.03742764507821,-0.943185334835349,-1.06019671565095,-0.647450780341448,-0.264029226104202,-0.01206212920031,-0.908227461827405,0.0351215468879261,1.12474840523477,-0.167826657395328,0.477363979273606,-0.82065323407455,1.36750086816761,-1.15535164718726,1.00607696156302,0.110586722968685,1.55224747763548,-0.919734696831824,0.705667118525611,0.886622331578425,1.04145995105585,0.902620992380776,-0.308861968134177,-1.19280260613978,-0.972394445178469,-1.38986525340415,-0.328362195337591,-0.601674905382743,-0.722945859776196,-0.0579168405136468,0.869790820032767,-0.34476848053886,0.364187902780905,-0.00294828920368394,-0.193933566835524,0.318620499235095,-0.641940381005198,-0.64369508486844,-0.696016939253532,-0.65103955906403,0.723312887149946,-0.548829847861638,-0.140449768739244,-0.272093994394233,-0.602185097684464,-0.471291797870422,-0.285774072128984,-1.12943870034108,-0.410865128456057,-0.145996364790864,0.726172755495118,-0.244678557014993,0.363106181557171,-1.1807845918921,0.254724468422232,0.511493909447407,-2.12579870714607,0.55805328059533,0.566862165802633,-0.912061542959443,-0.878848277811454,-0.888160673235742,-0.986579463386079,-1.06297556872134,-1.09939376855715,-1.05012998614479,0.294245875850557,-0.425870058168848,0.55133510601705,0.102933683049804,-0.226875569169311,-0.802787658830557,1.52258872060582,0.0272941611820292,0.516532026663808,0.698565147620701,-0.413219819433159,0.330621066828893,0.603850895414423,-0.391348688885798,0.272900576804145,-0.706240902341621,-0.296225771543798,0.130925656330515,0.643791256463961,1.60620225067534,0.0759519559752211,-0.230075729421995,-2.15268571953948,0.589529123243989,-0.100894450061688,-0.546787652615503,1.68153602735121,3.71003986462407,-0.949587954657186,0.35046425234891,-1.06931551806772,0.675263793938761,-0.35472235350149,-0.559632247542278,-0.391348688885798,-0.321861540250354,-0.321861540250354,-0.694834028068417,3.18088668373891,-0.141398140072703,-2.30453665466539,-0.513073583706566,-0.454975190371856,-0.209122814638054,-0.688849968232438,-1.17994609083031,-0.280848586784089,0.52492358070538,-0.864272121234376,0.543772920206689,-0.793790488820086,0.091872495830922,0.682832724400303,0.682832724400303,0.376828550089045,0.282502572227728,0.478532181262003,-0.524905716995868,-0.152304562810898,0.370524555741227,0.252720923722782,0.0435102601731493,-0.243561843564225,-0.286904425214791,-0.143536973699349,-0.257216700834412,-0.114410578670175,0.94991524525517,-0.629227587743642,0.824246053216719,0.227256913815765,-0.747205579353531,0.293144453697438,0.730830743980246,3.05452393795259,-0.677292433989011,-0.0468999429701671,-0.000739682945828393,1.46097044519532,0.510966613656022,-1.97440567935176,0.347766031238483,-1.13445162766544,-0.121200695287352,11.1245066311476,-0.782770299686468,-0.490435159498505,-0.22930318399663,-0.584177697663477,0.68464204843914,-0.629843707397574,0.302050946381135,1.56313410381259,1.67560362771661,-0.296225771543798,-0.472248714197789,0.569266126325109,0.0319996393835476,-0.241958561604024,0.648228546406218,-0.363236207687417,-0.062407654706626,-0.984372399164023,-0.696016939253532,-2.14797053089092,0.117254540572726,0.682832724400303,-0.213318223552372,0.38013178751153,-0.648184017845477,0.570425316331632,-0.0579168405136468,-0.343942476362171,-0.062407654706626,1.17756246868398,-0.050119918156423,-0.31272463367933,0.202156254750917,-0.595615855137194,-0.0286347433489841,-0.305119864602728,-1.68278186869654,-0.514522113788516,1.47259665067469,-1.23321624918318,-0.796454122761974,0.26138000840943,1.60490102371564,-0.4325599573896,0.14466129651896,-0.288244073076904,1.22972191624619,0.499680118149013,-0.419922423015838,0.223861947321042,1.35195076342743,-0.34476848053886,-0.50201955950362,-0.217420442940414,-0.734789774559444
comm.and.crime_point_1444,comm.and.crime,regression,0.14,0.357734021407669,nominal,-1.38334975138032,0.87205458879957,-0.0598300184254683,1.26196517441246,-0.550930207394384,-0.465974560126219,1.65800058411544,1.35909384497549,0.617171276048942,0.808933979835743,0.683081677518812,-1.24543837608001,0.0462183158830917,0.682832724400303,1.37979165718147,1.43153180603724,-0.350646997593453,0.36116540906914,-1.56166094451159,-0.530206438786169,-0.771334789653356,1.23235638381255,0.626603400623183,0.866955319908742,0.459817773083194,0.52492358070538,0.192634769739419,-0.198157722851353,-0.199361816374992,-0.494690868811617,0.0665195294718176,-0.411489929425723,0.565625508435234,-0.660482479245224,1.2579368685168,0.90725587531605,-0.687329782173164,-0.307777118839921,0.529604586295112,-0.554880727147895,0.658620664159367,0.0138853692240173,-0.295592942551133,1.24359033173235,0.391542377989094,0.239118965937142,0.575855031588241,0.507116509507333,0.287943781650617,0.133016085671751,-0.149937701058835,0.130487161211004,0.228695275045463,0.638049880711185,0.755617991073163,0.94751679792459,1.08797055430264,1.86027014393475,1.85278252950594,1.88066081790389,1.90408354966253,-1.12797551091349,2.04542687279788,1.43661871533844,1.56316645489286,1.5210653101048,0.98510497013263,2.09139358265304,-0.114658919112713,1.25614709844634,-0.377869524004709,0.726172755495118,-0.37760024144161,1.03312600205297,0.169078085395916,-0.847354381664952,-1.76381144898785,0.842367611990508,-0.883183386419734,-0.402623346342877,1.76144189939429,1.84203791982337,1.53477012384147,2.11387672257427,1.75624134272171,1.84076599441325,1.71457467191344,0.117254540572726,0.428494422483792,-1.52557832410244,-0.189444898148642,-0.226875569169311,1.5335177535384,-0.875509990372052,-0.0278472343569434,0.0677021350979969,0.0931808133963657,-0.413219819433159,1.41387485424019,-0.356617961729881,-0.391348688885798,-0.868190997905353,-2.12579870714607,-0.453822940289352,-0.413167436877806,-1.4912935924161,0.627044535799378,-1.86422845370679,-0.230075729421995,1.89690231232458,-0.437625211293547,-1.72072966280731,0.246923518931679,-0.082988629895916,-0.800393493714657,-0.211005826876756,1.39481263340506,1.15986915838501,0.723724330383386,-0.708705024057152,-1.00405920189194,0.732114610262842,-0.230503261067549,-0.413219819433159,1.89690231232458,1.79884925001964,0.690595290266559,-0.178544390830854,0.826966057285032,-0.898012962874244,0.987751158921877,-0.0212745163166381,-0.334146706962114,1.25373139925322,-0.0819631937635291,-1.02301435554381,-0.581865250252313,-0.0971816403456179,0.613386813521254,0.435536426649226,-1.56531543697313,0.157602837798,0.223523394233582,-0.0913622062174521,-0.0641256158777693,0.0759519559752211,0.179391205812885,0.10383609353668,-0.391374245016123,-0.293190120292925,-0.286904425214791,-0.744365214371393,-0.0430886968833349,0.346157443944216,0.376746696020106,0.103340488803673,0.589949048296531,0.227256913815765,-1.48986729066394,0.862136631065088,-1.15122030423583,1.10821106414577,-0.636114243502866,-0.100894450061688,-0.94469347109426,0.799273698727645,1.66015162113415,-0.425870058168848,-0.433845179637909,0.207529190044681,-0.433845179637909,-0.34476848053886,1.91351363248702,-0.619472066787389,0.881892456169426,-0.305555362163633,1.03022712427771,1.73756129269811,0.982171871876493,-0.444251915781118,0.723150221859989,-0.375024355916575,0.364971944713428,0.826966057285032,-1.352964597874,-0.149937701058835,-0.885696359334983,-0.506122969993337,0.275517297051724,0.141460545004487,-0.231370130585801,-0.386102090172486,1.06120832872116,-1.56531543697313,-1.34105073537663,0.424690178217426,1.43126877382367,0.682832724400303,-0.333979422149212,-0.191322945644976,-0.696016939253532,-1.31336985500943,0.532049694293523,0.922740444692865,0.124187285317004,1.21715369068649,-0.0790743884354456,-0.620241068459545,0.848260244467189,0.251689308836056,0.300865716338963,0.726172755495118,0.619318223830926,-1.9151354358531,0.324222120103087,-0.629843707397574,0.044119426439209,-0.377360854488696,-0.145179466755593,0.44850589341408,-0.576901296561691,1.31821468747653,-0.278597159647621,-0.34476848053886,-1.47652962925584,-0.347885794497196,-0.482591549127137
comm.and.crime_point_1731,comm.and.crime,regression,0.15,0.207498026362767,nominal,1.66588573341148,1.22003874930914,-0.375024355916575,0.406829610927298,-0.708757207400764,0.845289154649251,-0.639997445119629,-0.361398252209622,0.294997464739033,-0.0269330266637888,-0.518086685259539,-1.85932734753867,-0.499564470154296,-1.56531543697313,0.137926467172162,1.75955690615655,2.83394815047518,-0.425039640804075,-1.96484353298993,-0.665258383296233,-2.20362555845869,0.1226841919104,-0.315269840651936,-0.471344704785489,-1.40505558005305,-0.628161290785547,-0.574978601284565,-0.635123716067385,-0.35568405855027,-0.232079094641932,-1.10521140486391,-1.05343997459746,-0.390428796743927,-0.264778411457355,1.37285536926462,-1.95855562584616,-0.288371529602239,0.546828776837966,-0.543980067872989,0.705667118525611,-0.709389340354984,0.242235276297757,0.412442564454086,0.855477256765716,0.441053158743122,0.675263793938761,0.392997330658716,0.559333928560141,-0.245827430569399,-0.0381763034178386,-0.333979422149212,-0.565328047091832,-0.34476848053886,1.14013017358336,0.281514065900134,-0.243561843564225,-0.245569541147772,-0.641940381005198,-0.686008264773091,-0.738257558223326,-0.736210329354915,0.767391182341933,-0.548829847861638,-0.242196122550708,-0.219657981557459,0.577398462198459,1.04842656874146,-0.0744702805928035,0.240514004317214,-0.410865128456057,-0.319901234201248,0.726172755495118,-0.244678557014993,-1.13155341801038,0.0610890712128745,-0.52591471705619,0.670236143756844,1.27253664374943,0.0227368042754491,1.14855347308994,-0.600152808018174,-0.576527589185363,-0.633115326174983,-0.621819912096626,-0.72849220634674,-0.736908318327921,-0.862692382208638,-1.88864725924269,-1.38703009890307,0.707103613276012,-0.189444898148642,-0.226875569169311,-0.889317488918297,-1.41385868059157,-1.07553374959742,-0.331257768516057,-0.51220352082797,-0.230503261067549,-0.604916295026319,-0.225644935755658,-0.391348688885798,-1.46155861675429,0.0250464516485512,0.176565734692862,-0.907797521612643,-1.07613820513387,0.223861947321042,-0.0952404331143684,-0.34476848053886,1.03299019886025,-0.894138248865786,-0.694834028068417,1.51686139340717,0.0272941611820292,0.746040800572905,-0.112528209839365,0.611551347612948,0.432961111715639,-1.79622356473708,0.294245875850557,0.724267842801197,-0.391348688885798,-0.139144981884744,0.226288134846476,0.925001184677206,-0.101452221344363,0.00542422998716656,0.281129612160397,-2.93545293472984,-0.777184479464502,-0.592122486177232,-1.23504806525446,-0.898012962874244,1.52776353961703,-0.567472613338656,0.246923518931679,1.08212161042621,0.886266145735984,0.897849168625072,-1.56531543697313,0.682832724400303,-0.500074299075133,0.40046092821602,0.0986025896090331,-0.0641256158777693,0.931913901423168,-0.871842218792997,0.15346437026538,-0.173931992421487,0.302349200451482,-0.286904425214791,0.0749460229086676,3.3829593663339,2.95604290542576,0.137926467172162,-0.367596131833887,2.88605969651438,-1.37027129077753,-0.00454386804312309,0.205607195640876,1.38736017940446,-0.248310029719587,-0.265510529127564,1.62692977686698,1.4741881110361,0.6889909076497,0.338588862534303,0.855676662810112,-0.35568405855027,-0.221904671622559,-0.199361816374992,-0.34476848053886,0.260952512767785,1.91825377656066,-0.546787652615503,-1.21107795253813,-1.50406343187183,-0.708757207400764,-0.760637999705362,-1.44794492557797,0.617322065653698,-0.138628602798245,-0.0536383847421805,0.981586015860986,1.21911184274716,-0.241958561604024,0.23524876409128,0.303568683073544,-0.569295082344151,-0.626152826019497,-0.527054463374357,-0.532924460232356,-0.35472235350149,0.682832724400303,1.35745206077428,-0.64471119872407,-0.103565429551178,-1.56531543697313,-0.241958561604024,-0.140449768739244,-0.400332606464976,1.53340994349732,1.30827584422678,-0.593512151491192,-0.343626531286471,-0.203665683067209,-0.986987999991752,-0.75529301296961,-1.13687082468084,-0.444866529913555,-1.10521140486391,0.726172755495118,-0.324530007231007,1.43334986301233,-1.38334975138032,-0.393103207388005,0.948996257156972,-0.3328024637828,-1.70972241982659,0.0902863202695546,0.417298235895379,-0.294515666436819,0.51197153032816,-0.000690227188266011,-0.348149548490111,-0.347885794497196,-1.13830693525114
comm.and.crime_point_1178,comm.and.crime,regression,0.06,0.051036139940541,nominal,1.60490102371564,0.176086267780421,-0.453822940289352,1.13980295105744,-0.550930207394384,0.722358181389051,-0.256997773580451,-0.490435159498505,3.71003986462407,3.52550175095922,3.98629467515928,-1.02220602282232,-0.499564470154296,-1.56531543697313,-1.10393872283714,0.174102255579875,0.433253346546518,1.20352796250473,-0.467308204356106,-0.845327642642986,-0.771334789653356,-0.23039332369483,-1.1001642083812,-1.27432471960203,-1.23022370319652,0.282168870917816,-0.626152826019497,-0.362019970307365,-0.277522937462631,2.52534453413976,-0.167826657395328,-0.460870702131241,1.09145537628377,-0.611019470771741,-0.408381392326479,-0.772702590882484,1.36445551676302,-0.20723524876017,0.0464914919194661,-2.03465428511244,3.22363942262377,-2.26961370151338,-2.20184238448826,-0.56760401811193,0.143988474218959,0.481421648160263,0.575855031588241,2.07363908109157,1.17756246868398,1.50255519838847,-0.333979422149212,-0.565328047091832,-0.34476848053886,1.68785412944392,1.46677387883271,1.09640162811069,0.523780513919773,-0.133016206441141,-0.220563285821935,-0.315851368525389,-0.438112633336816,0.546999706382,-0.412290020458506,-0.242196122550708,-0.534274058578104,-0.602185097684464,-0.281327002043937,-0.180122176360894,-1.83978454720093,0.160681920767624,0.955401141474902,-1.23321624918318,-0.444061083654919,0.620806112517094,-1.88271318408187,-0.0207952440995638,-0.70552988692494,-0.147021161055019,-0.883183386419734,-1.17821175605928,-0.689269589429965,-0.706093598596545,-0.718130441861903,-0.804199687741353,-0.632925531382569,-0.495251351508437,-0.8158329812246,1.59218233455465,-0.959847858576748,-0.798658623560617,-0.189444898148642,-0.226875569169311,-0.54319816856734,0.788476870306472,-1.84751328714304,-3.12397709381444,0.698565147620701,-0.504578098615964,-0.06328940132067,-0.618564013678328,-0.391348688885798,-1.23334030181239,0.283147870703906,-0.296225771543798,0.477166715644901,-0.423751167976071,-1.04328333075373,1.16017042020929,-0.34476848053886,-0.100894450061688,1.21723454990582,0.0610890712128745,-1.02301435554381,-1.24095793621434,0.93934508735885,-0.506438677988928,-0.902753804918476,0.917566476161884,-2.66851322074032,0.589231434646941,0.230460115746014,-0.391348688885798,-0.0477867027019386,-0.230503261067549,0.0610890712128745,1.53971723119727,1.03318082040625,-0.753136894569917,-0.873853487050458,-1.17994609083031,0.652626446325096,-0.264029226104202,-0.334146706962114,0.705667118525611,4.83381967943463,-1.18175658985325,-0.288220510132573,0.558450217042117,0.37633485093474,0.637869761172835,0.682832724400303,0.760473546598372,1.28514859812821,-0.218005403435109,0.569447023159616,-0.551753470686607,-1.01519223123925,-0.491703227207728,-0.652304948129686,1.3941712884829,-0.189444898148642,0.675774263580712,1.72346733571305,-0.421455927079768,1.14097142833352,0.731255982987085,0.40251144436038,2.1899344223161,1.1342040892995,0.0305326795277526,0.730830743980246,0.0465858602511433,-0.7596488149613,-0.154888957153209,-0.118733906464382,-0.579261189746669,1.77507012188196,-0.425870058168848,-0.277522937462631,0.100170724627871,0.347766031238483,-0.34476848053886,-0.173931992421487,0.326798586664425,1.41103323720088,0.251689308836056,0.857434586358428,-0.550930207394384,0.0470055993203757,0.612267041899781,-0.388045418306067,-0.375024355916575,0.731255982987085,-0.925393473242442,-0.116389386036903,-0.149937701058835,1.82817078159176,-0.315607286918777,3.44356371978626,1.98373263546205,0.402239153961105,0.494832130186732,0.0582574288134486,-1.56531543697313,-0.575803673781598,1.27129960162944,-1.48986729066394,0.682832724400303,-0.333979422149212,-0.0895765918335127,-0.484813844404564,-1.78783315476056,-0.308861968134177,0.529637919756257,-0.421595500720383,1.21715369068649,1.33323567398548,-0.800310327806298,0.749003691009788,-0.0269330266637888,-0.308434369515615,0.726172755495118,0.304702146810281,2.66112780592966,-1.0174414932053,-0.708757207400764,1.40143467251585,-1.00117832437123,1.18231152372889,0.141460545004487,-0.419922423015838,-0.121723128517532,-0.871523677129457,-0.115382978305131,0.472490510248604,2.56584039027093,-0.93654835490529
comm.and.crime_point_1235,comm.and.crime,regression,0.04,0.073763821911865,nominal,-1.20039562229281,0.524070428289996,-0.453822940289352,0.10142405253974,-0.669300457399169,0.968220127909451,-0.639997445119629,-0.533447461928133,-0.284915395618803,-0.375210946038594,-0.397969848981704,0.038147655151735,-0.421595500720383,0.0758327208294768,0.615566924868049,0.338114805639531,1.0211786046515,0.922740444692865,0.396654485240329,-0.800310327806298,1.13838623542042,0.526201352602092,0.207993071167575,0.0639753050922037,0.401540480797687,-1.23504806525446,1.06259659023327,0.948878009340733,-0.433845179637909,-1.01991441715099,0.160258004218676,0.230460115746014,-0.725047803556634,-0.858334513139159,0.970640616647273,1.69782456529183,-0.858311890417847,0.396015971718339,-0.705017765998204,-0.500074299075133,-0.367386839226397,-1.12786416614468,-0.840235640247456,0.143936619326893,1.03518252779145,0.966027012606508,0.758712732517766,1.18594295719383,0.0507121317750543,1.04604216081623,-0.333979422149212,-0.739281849167541,-0.34476848053886,-0.731260008940213,-0.856335354515137,-1.18649910140954,-1.32265961824234,-0.557119685244521,-0.559068725059139,-0.611535701313945,-0.608454173918587,0.238451640038094,-0.366776744657462,-0.496562007079367,-0.376966020067782,0.40046092821602,0.415210582653175,-0.391425967897073,1.20455479648416,-0.553751890761977,-0.435837813808171,0.726172755495118,-0.444061083654919,0.517726140133124,1.14097921304329,0.62208408511796,0.987720612375717,-0.792274708693406,-0.883183386419734,-0.208726243913775,0.513806959629217,0.416811816300365,0.217035830694215,0.0165093026599163,0.0360411933666282,0.0686149044036935,0.168214439440191,-1.3576732534092,0.588687762606162,0.655180777523025,-0.286904425214791,-0.226875569169311,-0.370138508391861,0.886358450346385,1.51611184073429,0.317052074856781,1.15260339828895,-0.0477867027019386,-0.949587954657186,-0.70587936432781,-0.391348688885798,-0.685616345951833,-0.0609873547032339,-0.375024355916575,-0.759408496192192,2.18579698065512,0.0510694094017551,0.30420847476134,-0.34476848053886,-0.802823042251458,-1.00826650825885,1.73491879105002,-0.758443965028085,-0.358695607590779,-0.800393493714657,0.182904641272807,1.08150811908822,1.25679023127425,0.481421648160263,-0.590710800538598,0.427983206568087,-0.391348688885798,0.134929855663671,-0.321861540250354,-0.100894450061688,-0.446961579774181,0.543772920206689,0.338588862534303,-3.3993128104577,-0.0522135790060488,-0.592122486177232,-0.14265187121042,-0.13276590127921,-0.609687155220656,-0.506783935891765,-0.440959496409212,-1.36491789057162,0.927243136822718,1.75123623393652,-1.56531543697313,0.637869761172835,0.979699258889417,0.341481750221874,-0.0913622062174521,-1.21607586867302,-0.608817600383137,1.61289133027545,-0.938357717766034,0.217464062248858,0.302349200451482,-0.286904425214791,-0.96284821097941,-0.203684699846642,-0.165584803405107,-0.8651184939892,-0.210617258288034,-0.675254778272487,-1.27898396480077,-0.153076210305205,0.818368002036808,1.08097977620649,-0.838101809661048,-0.0184413862106956,1.03299019886025,1.17920255223971,-1.02039235405845,0.281129612160397,0.588687762606162,-0.121200695287352,-0.812376231415014,-0.043039574199713,-0.230075729421995,0.565371666400276,-0.40441055463925,0.881892456169426,-2.11660054291262,1.08782463691748,-0.472016707391195,-0.378069979114223,-0.338600020013028,0.246923518931679,-0.296225771543798,-0.576901296561691,-0.461533597514582,-0.611019470771741,-0.333979422149212,-0.531713688779321,-0.315607286918777,-0.189129511616007,0.499680118149013,-0.44257322543477,-1.2670363105317,-0.472716577020044,0.682832724400303,0.350548032359759,1.00394925739407,0.0944776934649314,0.637869761172835,2.97877155747757,0.775267415563927,-0.44257322543477,1.0589466437462,3.31352673155438,-0.0880946194298402,-0.499564470154296,-0.15467191155846,0.324442772256246,-0.350137179439416,-1.58352531523914,3.52550175095922,0.113388766845247,-1.23321624918318,-0.0623499430471371,0.149763831780583,0.629145668582266,-0.116905957376842,-0.860757404278554,-0.3328024637828,2.03569858904034,-0.01206212920031,-0.419922423015838,1.31821468747653,-1.01975530649992,-0.34476848053886,-0.758469577859468,-0.608816497610759,-0.482591549127137
comm.and.crime_point_0332,comm.and.crime,regression,0.35,0.339674804541382,anomaly,1.17800805584479,-1.21585037425788,-0.138628602798245,-0.203981505847819,-0.51147345739279,0.59942720812885,-0.400622650407643,-0.232361344920738,-0.220480633356821,-0.235899778288672,-0.277853012703869,-0.854781757879046,-0.109719622984733,0.682832724400303,0.328982650250517,1.10350670591792,0.188284489002777,0.0803778912572774,-0.928088305474204,-0.800310327806298,-0.413262097452023,0.274003127169785,0.207993071167575,0.117507306079973,-0.414341611199418,0.282168870917816,-0.319107477609904,-0.252778472003357,-0.277522937462631,-0.494690868811617,-0.964603692743623,-0.806536111069869,-0.0558097899312211,-0.215315402983871,1.02809986702118,0.0178660990932967,-1.14328207082565,-0.609402729079175,-0.00718774078893893,0.431634978161806,-0.880390590919278,0.756022567213671,0.630299643532615,-0.502918505617492,0.29252081648104,0.239118965937142,0.118710779264428,0.507116509507333,0.821714993870633,0.760721512333579,-0.241958561604024,-0.608816497610759,-0.230075729421995,0.181613250827385,0.613386813521254,0.401605753908883,0.780230532275621,-0.387478293723169,-0.305189645631236,-0.358091987495182,-0.310356477900488,0.502921411190013,-0.412290020458506,-0.649181537796562,-0.534274058578104,-0.0123933177430025,-0.0913622062174521,0.242485406711466,-0.0639199300512947,-0.220349445381496,-0.725679262825477,0.726172755495118,-0.178217714801685,-0.0492137079787055,0.00709456412135369,-0.893274333751918,-0.335131340202921,0.670299999286939,-0.100797767182985,-0.596520448771979,-0.421919245194591,-0.403772909970454,-0.420577536957683,-0.120275529073628,-0.29844216900797,-0.293870545825533,-0.347238971384223,-0.708705024057152,-0.959847858576748,-0.850581459313604,-0.286904425214791,-0.226875569169311,-0.456668338479601,-0.239279720112616,-0.358695607590779,-0.0819078287572736,-0.0581652701597183,-0.321861540250354,0.232143449791502,-0.662221689003069,-0.391348688885798,-0.274823379056414,0.756333805638724,-0.453822940289352,0.0319996393835476,-0.720290730320524,-0.755295767554917,-1.23652302704496,11.1245066311476,-0.532850506793854,1.33136280929888,-0.586845013885375,-0.70552988692494,-0.082988629895916,-0.92926301823862,-0.70339391206371,0.768203604771372,-0.584710153621474,0.432961111715639,-0.413719465260767,-1.1522015200085,-0.391348688885798,-0.321861540250354,0.500362972394892,-0.100894450061688,-0.878848277811454,0.984240030386299,-0.695677644196011,-1.18309340420237,0.551928838042662,0.892001241037083,0.221480193470925,-1.13966992969373,1.47295711154427,-1.23504806525446,-0.0705609496871936,-1.16915473049179,0.968220127909451,0.044462103313619,0.682832724400303,0.682832724400303,-0.280848586784089,-0.720143453672756,0.795140174306145,-0.179320641157294,0.0759519559752211,-0.919625556275082,0.10383609353668,-0.91323565124325,-1.78203842215394,-0.286904425214791,-0.362019970307365,0.171039307067742,0.294983219209284,-1.43828704322426,-0.262943549469985,0.964824256168832,-0.503041693998314,1.72833345834783,0.205607195640876,0.862136631065088,3.17248229394089,0.228627756706173,0.601034142128082,-0.413719465260767,0.247859743337919,-0.178544390830854,0.321698862402212,0.191443789063205,-0.651338533289799,-0.35568405855027,-0.230075729421995,1.04374462210848,-0.576459764357761,-0.335131340202921,0.739278395960782,-0.640100742275393,-0.669300457399169,-0.718130441861903,-0.0744702805928035,1.14646284668515,-0.453822940289352,2.71965504790123,0.775426071093047,-0.957260530086126,0.77027090439305,-0.590710800538598,-0.506122969993337,-0.653776320283739,0.499680118149013,1.20481091438719,0.299068970106906,0.176251652332003,0.390573463421757,0.914414288271889,-0.689269589429965,-0.40063011407534,0.682832724400303,-0.333979422149212,-0.954420599230953,0.359998534991312,0.0507121317750543,-0.696975043100807,-0.930457172865427,-0.499564470154296,0.139290717494029,1.83763212485009,-1.29550079100987,0.94751679792459,0.251689308836056,-0.261565132142186,0.726172755495118,-1.00619817410907,0.763652803239245,0.324222120103087,0.356575042642296,-0.20723524876017,2.65260971351221,-0.0503586817209869,1.21611926443806,0.835908565350987,-0.812893280194679,0.0178660990932967,-0.230075729421995,0.9853905469603,0.0435102601731493,-0.482591549127137
comm.and.crime_point_0227,comm.and.crime,regression,0.74,0.0316306231232474,anomaly,1.17800805584479,-1.21585037425788,-0.296225771543798,-0.570468175912889,0.987883042667813,-0.506951551212952,-0.592122486177232,-0.533447461928133,0.0372584156911057,-0.375210946038594,-0.0376193401481986,1.26592559806906,-0.499564470154296,-1.56531543697313,-1.15170276860673,-1.73937749511611,0.923191061634,-1.26740219423966,1.31821468747653,1.22546883984467,0.123846940849976,-1.1887465803376,-0.943185334835349,-0.899600712687643,-0.822282657197971,-0.14265187121042,-1.03554662389896,-0.0342954753953406,-0.043039574199713,1.64997195357414,0.957035039566971,1.11931402444534,-0.677245088297676,0.971796800379738,-1.5001071494307,0.561382073451646,0.45255093945805,1.15007999731647,-0.651338533289799,0.979699258889417,-0.65238892350022,0.641847613676801,0.848156722611144,-0.438232993123054,-0.895737921615612,-1.06931551806772,-0.978435426312722,-0.11949251912636,-0.0679036931627271,0.0188878262786913,-0.149937701058835,0.652348567438131,-0.34476848053886,2.23557808530448,2.74685447679989,2.93264786707262,2.6779606681089,-0.429888641603507,-0.432129185345187,-0.484813844404564,-0.480698018482259,0.767391182341933,-0.548829847861638,-0.29306929945644,-0.376966020067782,-0.602185097684464,-1.23115098117636,0.348137302479556,-0.520570831604059,-0.0774626830755764,0.317749953636827,-1.23321624918318,-0.0452960303750682,-1.23463339039435,-0.26287797133625,2.96400164155323,1.09354876858201,0.197114064352121,1.79339899517967,0.857707819446286,-1.04573671507713,-1.00841428722264,-0.930668231079202,-1.03217440729726,-0.967408893757168,-1.01884144628399,-0.956411184176713,1.17920255223971,-1.38703009890307,0.810949284781987,-0.286904425214791,-0.226875569169311,-0.759522743786688,1.03318082040625,0.358142534415864,0.516532026663808,0.849911231176784,0.134929855663671,-0.752632720582405,-0.70587936432781,-0.391348688885798,-0.366110705033174,-0.405122580110374,-0.375024355916575,0.130925656330515,-0.898214467727196,-0.0641256158777693,-0.266432822203958,5.27517632418751,0.115083578304395,0.874849771726638,-0.316872478427771,-0.758443965028085,-1.84751328714304,-0.220480633356821,-0.998826763175882,0.193811995190487,0.578342721049512,0.287579502381766,0.176251652332003,0.131698570334978,-0.391348688885798,-0.139144981884744,-0.504578098615964,-0.478855999702333,-0.792470938203999,0.935299240366342,1.43031461963852,0.775426071093047,0.390824193496339,-0.496372568292438,-1.23504806525446,-1.05911760742057,-0.171235730638567,-0.324717903551093,-1.34049882416269,1.52258872060582,0.968220127909451,-1.28302888717086,0.637869761172835,0.682832724400303,1.63737639576255,0.754335996180896,-0.344648600652765,-0.352113179076581,0.0759519559752211,-0.967408893757168,1.6423126721264,-0.739281849167541,-0.0946770133781229,-0.286904425214791,-0.143536973699349,0.0104433041044344,0.346157443944216,-0.0531297159061927,3.39989683326659,0.917964855184794,-0.229179716068034,-1.34133494840186,0.293144453697438,-0.407153610755056,-1.66381030157909,-0.471401481558287,0.817012170494165,-0.590710800538598,0.192718347798946,1.54523312038634,-0.425870058168848,-0.121200695287352,2.62309466192291,-0.35568405855027,1.26093003509725,-1.08718945331896,1.27306924011624,0.299837597034825,-0.514522113788516,0.627044535799378,-0.472016707391195,-0.548100210488063,-0.602729759433253,1.30520508099459,-0.453822940289352,-0.733880170107544,0.981586015860986,-0.709945487718708,-0.241958561604024,-0.649707912297875,0.398826524610824,-0.44257322543477,-0.728501275489362,2.72547319729976,0.935299240366342,0.412240099369111,-1.56531543697313,1.55883286645718,0.558365350335113,0.193499254972986,0.682832724400303,-0.333979422149212,-0.343942476362171,-0.569295082344151,-1.43198567994721,0.726106231776839,-0.705827158615937,-0.343626531286471,-0.105678140049712,-0.58347083930006,-0.125050605255976,-0.342818397021626,-1.14142236866316,-0.449042081635903,0.726172755495118,-0.639146084251652,-0.18508469810596,-1.38334975138032,-0.629843707397574,0.345745036678463,-0.600152808018174,1.84605701897113,3.46778515277508,-1.15249049956315,-0.985685818113966,-0.179776073400649,-0.34476848053886,-0.0916995301342629,-0.608816497610759,-0.129514033521907
comm.and.crime_point_0247,comm.and.crime,regression,0.7,0.00818338925585696,anomaly,-1.38334975138032,-1.21585037425788,0.176565734692862,-0.0207381708152835,-0.235276207381626,-0.875744470993553,2.23250009142421,1.27306924011624,-0.413784920142767,0.321344892711017,0.022439077990719,-0.464125139678079,0.280125224184829,0.682832724400303,-0.0531297159061927,0.392785655659416,-1.03655979871593,-0.9866146764278,-0.640100742275393,0.550209117294346,-0.7116560076198,-0.179953678608368,-0.210617258288034,-0.150152698858873,0.226708603941165,0.160791516024035,-0.165584803405107,-0.252778472003357,-0.043039574199713,-0.275847723670213,-0.0740881826484698,0.477363979273606,-0.868455949333508,-0.0669263775634199,0.338588862534303,0.709613702822105,-1.02929399866253,0.597099711877842,-0.866055464123419,1.63737639576255,0.202617329321249,1.66942219550863,1.66512076915563,0.402678669304647,-0.697694798599504,-0.633170690066098,-0.429862323524147,-0.432797033443206,-0.30513534303829,-0.323496951900488,0.12612488057673,0.739325468475985,0.572773528396057,0.866268195653084,1.08749073869428,0.997145074653291,1.08797055430264,2.11473223121678,2.1489747888385,1.92290143687368,1.90408354966253,-1.21613210129746,1.22618790837908,0.673521061752464,0.514446198157378,0.223523394233582,-0.0280406076086237,0.665092989783826,-1.78904555813951,2.20872551381914,1.82492548852682,-1.23321624918318,-0.111756872588377,0.46618615394114,-1.66673515571579,-0.388154860795292,-1.44632698036898,-0.147021161055019,-0.224332338641419,0.80923354383901,1.13762442951176,1.06464186335627,0.939664314033033,1.01959806870591,0.896141268044168,0.833861965998727,0.730527251248644,0.412240099369111,1.28285890313643,-1.6813468313614,-0.286904425214791,-0.226875569169311,1.49025283849453,-0.630806040272269,-0.965250958519477,0.566402014615565,0.042732118877671,-0.413219819433159,3.03875553535714,-0.0946719097814345,-0.391348688885798,-0.594329019975073,-0.233054967406804,-0.375024355916575,-0.314241419930838,0.347251694119508,2.18217737707296,-1.17945889734843,-0.230075729421995,0.0610890712128745,-0.894138248865786,0.49304512794504,-1.34049882416269,-0.0278472343569434,3.71003986462407,1.21691962016541,0.141594576137679,1.25679023127425,0.529882184604888,0.412240099369111,-0.707774565658833,1.6891389021302,-0.504578098615964,1.13987092667453,0.331061606670478,1.84203791982337,-2.19691132091088,-1.38518864868289,-0.822313500858473,-0.495251351508437,-0.256997773580451,-0.749538645679329,-1.17994609083031,0.979699258889417,-0.385406580997984,1.30520508099459,1.27788477050604,0.394542252695183,0.660797206038557,0.682832724400303,0.682832724400303,-0.8289128675117,0.40046092821602,-0.914542988132221,1.37581220011629,0.30420847476134,-0.967408893757168,-0.987985994494734,-0.43486269553505,0.699375414281087,-0.286904425214791,-0.143536973699349,0.813423318920973,-0.728501275489362,0.185690512941751,-0.00131209356022966,1.33969946404113,-0.959478323882113,-1.04427026387769,-0.932377159094426,-0.538459497839898,2.05187791205211,-0.7596488149613,0.43905062085352,-1.06268769461281,0.799273698727645,-1.38518864868289,-0.319074498087268,-0.199361816374992,-1.7249231874579,-0.433845179637909,1.49031553733097,-0.521839596572905,3.6817581761754,-0.176389105893484,0.0427225572111723,-1.61925845715135,1.26408029267898,-0.505592652644603,0.717918937667871,-0.546787652615503,-0.453822940289352,0.992887438896841,0.46618615394114,0.378240698697934,-0.333979422149212,-1.29867614164992,-0.363236207687417,0.697923486749661,-0.728501275489362,-0.696016939253532,-2.14797053089092,1.4741881110361,-1.56531543697313,-0.173042062415791,-0.243685682371009,0.0944776934649314,-1.56531543697313,-0.333979422149212,-0.394815653267903,-0.738257558223326,-0.779598642789415,0.143936619326893,-1.71666222273864,-0.187688592418646,-0.840584712680936,0.47576170751563,-1.11543153166311,0.15346437026538,-0.0965886105387498,-0.0272189452750407,0.726172755495118,-0.324530007231007,-0.798973669564622,-0.224640267159436,2.05321529271087,-0.860757404278554,-0.466477635900487,2.36757133666146,-0.216759028140039,-0.629227587743642,-1.04328333075373,0.956666418439536,1.37562278621411,-1.63039964026935,-0.173931992421487,-0.533031194213599
comm.and.crime_point_0505,comm.and.crime,regression,0.21,0.0563056239430482,anomaly,0.690130378278102,-0.867866213748302,0.0977671503200851,-0.448305952557865,0.55385879265027,-0.424997569039485,-0.209122814638054,-0.40441055463925,0.101693177953087,0.251689308836056,-0.0376193401481986,-0.352508963049232,0.124187285317004,0.682832724400303,-0.530770173602079,0.392785655659416,-0.546622083628446,-0.53735464792882,-0.640100742275393,-0.350137179439416,1.79485283778953,-0.633910484386522,-0.472248714197789,-0.471344704785489,-0.297787026628403,-0.203340548657311,-0.574978601284565,-0.0889162245473447,-0.043039574199713,-0.0570045785288092,-0.683388268503048,-0.460870702131241,-0.486034227261844,0.229851673277482,0.22367036178649,-0.970344763376429,-0.3453655656838,-0.106693378680418,-0.543980067872989,1.1441185431077,-0.709389340354984,1.44107228843489,1.33833515053783,-0.308861968134177,-0.499651675583395,-0.536249617176849,-0.475576748756528,-0.328362195337591,0.999638731277305,0.703657382637049,-0.0579168405136468,0.0869987106920766,-0.230075729421995,0.272900576804145,-0.0503586817209869,-0.342818397021626,-0.194279537476602,-0.514709337364183,-0.559068725059139,-0.611535701313945,-0.565868788773144,0.635156296765973,-0.503316572060594,-0.343942476362171,-0.324530007231007,-0.248310029719587,-0.471291797870422,0.242485406711466,-0.114658919112713,-0.0774626830755764,-0.203964654594325,0.726172755495118,0.353469022904782,-0.873853487050458,0.00709456412135369,-0.388154860795292,0.617322065653698,0.283147870703906,0.269805947192317,-0.111777692699224,-0.867503152253548,-0.835659608007726,-0.803145557548822,-0.576224968185445,-0.72849220634674,-0.817460640601083,-0.675254778272487,-0.649707912297875,-0.639461178332008,-1.16211847383153,-0.0919853710824933,-0.226875569169311,-0.629727998655079,-0.0435165600327901,-0.0278472343569434,0.466662038712051,-0.0581652701597183,0.0435715764808665,-0.260244635395451,-0.70587936432781,3.353528974943,-1.18769663882401,1.444604256453,-0.296225771543798,-0.215315402983871,0.406559606588398,0.16626443468128,1.38842693899541,-0.34476848053886,-0.424861492610813,0.874849771726638,0.169078085395916,0.0881812846222431,0.358142534415864,-0.413784920142767,-0.604916295026319,1.02929070003541,0.33604003882639,-0.4393285442876,0.766222769924772,0.0823177976294598,1.10660237664572,-0.504578098615964,0.226288134846476,0.223072592487436,-0.61971625898909,-0.532924460232356,-0.695677644196011,-1.23463339039435,1.11579509395479,-0.639997445119629,0.282168870917816,-0.857736801737663,0.0479899816524777,3.86280084028438,-1.816725527091,1.18000319046612,-1.20356039968742,-0.382231429342107,0.592906797945366,0.682832724400303,0.870086402743895,-0.720143453672756,-0.344648600652765,-0.179320641157294,-0.951202378562316,-0.489575518936313,2.98227614380132,-0.347885794497196,0.00457954007927846,-0.0919853710824933,-0.744365214371393,-1.00666471466318,0.602028567618877,-1.05617467706755,3.39989683326659,1.01168365715287,-0.137892390091274,-0.549162456337422,-0.450922239783337,3.05056808247913,-0.720143453672756,-0.800827005447445,-1.01880107061754,-0.472716577020044,0.358142534415864,-0.23600364120476,0.268301082361422,-0.199361816374992,-1.13445162766544,0.504088273413761,0.114002523928599,-0.43486269553505,0.240773981805169,-0.811358043131231,1.43583423471039,2.87334752875011,-0.314189707384816,0.429573619911515,-1.23664113404179,-0.917186199337522,0.806954409675075,-0.210617258288034,-3.70855272760961,-0.709945487718708,-0.241958561604024,0.471237211128387,-0.267978366150136,-0.569295082344151,0.192634769739419,-0.569295082344151,-0.679746830292226,-0.236728129982936,-1.56531543697313,-1.01884144628399,-0.466477635900487,-0.747205579353531,0.682832724400303,-0.333979422149212,-0.852674245419489,2.80995443523935,1.35548620609065,2.01981648166561,0.192692898382022,5.27013926795523,-0.742597169663439,-0.58347083930006,-1.02539690198974,-1.48426876178174,1.57514540246031,-0.870865217996765,-1.23321624918318,-0.901326148435522,0.875268979868092,-0.224640267159436,-0.35364645738641,-1.11211207947793,-0.466477635900487,0.755617991073163,1.21611926443806,-0.419922423015838,0.108666922041517,-0.525649875265053,-0.230075729421995,-1.32265961824234,0.130487161211004,-0.432151904040676
comm.and.crime_point_0053,comm.and.crime,regression,0.23,0.262321961028814,anomaly,0.324222120103087,-1.56383453476745,-0.138628602798245,0.345748499249786,0.435488542645486,-0.179135622519085,-0.209122814638054,-0.232361344920738,-0.607089206928712,-0.514522113788516,-0.578145103398456,0.540420449981549,-0.109719622984733,0.682832724400303,0.185690512941751,0.11943140555999,-1.08555357022468,0.13653539481965,0.627044535799378,-0.350137179439416,0.60127719711842,0.1226841919104,-0.105964675924132,-0.203684699846642,0.226708603941165,0.403546225811598,0.0391120955346223,-0.252778472003357,-0.277522937462631,-0.757302642981302,-0.214695894768757,0.230460115746014,-0.772850518815592,-0.660482479245224,0.108751861038678,0.0178660990932967,-0.630335746091604,0.194932231558836,-0.490300835164584,-0.445267871002372,-0.0823847549525736,-0.556989398460331,-0.513450021629662,0.596735206787962,0.193499254972986,0.0452768201586437,0.438711755891097,0.246029414243294,-0.898214467727196,-0.437625211293547,-0.149937701058835,0.0869987106920766,-0.230075729421995,-1.05076564985887,-1.09338731710165,-0.987985994494734,-0.707179574188299,-0.641940381005198,-0.64369508486844,-0.569295082344151,-0.523283403627701,0.238451640038094,-0.366776744657462,0.368282000318073,0.40957417248383,0.518419284204312,0.668496977088488,-0.761207603085388,1.40751075272983,-0.458494049224697,-1.36333045066355,0.726172755495118,-0.444061083654919,1.08466598824495,1.30296273431785,1.12720355807459,0.881892456169426,-0.792274708693406,-0.471401481558287,-0.644994724379254,-0.243685682371009,-0.317395570362999,-0.378069979114223,0.0165093026599163,-0.0117421441154574,-0.0119374178694681,-0.159801367448073,0.176251652332003,0.268301082361422,1.1744091350529,-0.286904425214791,-0.226875569169311,-0.413403423435731,-0.435042880192443,1.35068765411737,0.616272002567322,0.496770369545922,-0.321861540250354,0.232143449791502,0.560193220089682,-0.391348688885798,-1.46155861675429,1.10046903104586,-0.296225771543798,-0.808871504665675,0.762407081401742,-1.50406343187183,1.10310629051276,-0.34476848053886,0.978995691768727,0.760721512333579,1.73491879105002,0.776064299963135,0.744132303188673,-0.0271763465708762,-0.851110337619796,0.872638442876987,0.626803257494137,0.432961111715639,-1.12168480637209,-1.64600924706368,3.68640698950556,0.226288134846476,-0.230503261067549,-0.96480656352602,0.935075853945092,1.32682556052599,-1.09789239681336,0.363106181557171,0.874138127135308,-0.544247527234835,-0.81022732312622,-1.13966992969373,0.267215693943522,-0.203340548657311,0.511493909447407,-0.973391570411965,-0.834767479906819,-0.192589859272896,0.682832724400303,-1.56531543697313,-0.774106439438939,-0.425247563702025,-0.407970199261594,-0.00652810323800724,0.988978031119698,-0.394008843972142,1.09640162811069,-1.0002125522811,-1.33538393159564,1.36990753490974,-0.416640719459369,-0.471344704785489,-0.165584803405107,0.0901624214025735,-0.681553878925593,-0.862692382208638,3.1028076820837,-0.153076210305205,0.818368002036808,-0.976145788122707,1.46208613211065,-0.718470624475156,-0.316872478427771,1.00221121696188,0.633849512110727,0.396048112908209,-0.639461178332008,-0.277522937462631,-1.29548932579066,-0.433845179637909,-0.34476848053886,-0.91323565124325,-0.533447461928133,0.776064299963135,0.0427225572111723,-0.58250322963563,-0.708757207400764,3.10754976404949,1.14052652074023,-1.23467066795639,-0.375024355916575,0.46962452707733,0.517726140133124,-1.15511256398006,-0.241958561604024,-0.0597367947051054,0.494084366148104,-0.78049817719312,-1.18906929810375,-0.273610749555595,-0.483983670212399,0.648228546406218,-1.56531543697313,-1.42160305764979,1.00394925739407,-0.202586991059232,0.682832724400303,-0.333979422149212,-0.140449768739244,-0.062407654706626,-1.37267776747832,-0.502918505617492,1.09121295537998,-0.343626531286471,0.0413031744765323,-0.93654835490529,1.63062467337486,-0.0946770133781229,1.64480098633528,1.05077351431383,-1.23321624918318,-0.376966020067782,0.763652803239245,-0.590548525334451,-0.393103207388005,-0.0564224436405426,-0.243685682371009,1.3245427012808,-0.523804376549633,1.20219260362464,1.37581220011629,-1.31621856524083,-0.230075729421995,0.216040491892755,-0.695793398648614,-0.533031194213599
comm.and.crime_point_0297,comm.and.crime,regression,0.67,0.0798486728940994,anomaly,-1.38334975138032,-1.21585037425788,4.82568221268669,-0.0207381708152835,0.356575042642296,-1.61333031055475,3.23787422921455,1.27306924011624,-0.091611108832858,0.739278395960782,0.382789586824224,-0.519933227992503,4.80232545135176,0.682832724400303,-0.14865780744537,-0.0445811444996654,-0.595615855137194,-0.649669655053565,-0.697698254915155,1.04539958049792,-0.532619661519134,-0.23039332369483,0.0510141976217214,0.706359316945435,-0.12295514977188,0.100102838577144,-0.523804376549633,-0.580502966915381,4.568466569971,0.599524856895403,0.347734953712392,0.181079343040496,0.0397956405866952,0.229851673277482,0.166211111412584,0.314329357834215,-0.288371529602239,-0.0564224436405426,0.0464914919194661,0.870086402743895,1.45662650012607,1.09854742782428,0.957085262150409,1.04953379424903,-0.94524870236964,-0.923933908733845,-0.88700657584796,-0.798318966812861,-1.31336985500943,-1.75010019431373,3.99100102347465,1.52211757781668,7.68372409764167,0.683693543699564,0.897849168625072,1.24528645829679,1.60087059101434,2.62365640578084,2.69904612759895,2.93667629214873,3.13905971888037,-1.56875846283336,2.18196670020101,2.09797001511295,1.30098639070899,-0.0123933177430025,-0.597934995088079,0.717918937667871,-1.83978454720093,2.73264364227418,2.05679864774067,-1.23321624918318,3.54358944914358,0.105406250597248,-1.55874614153275,0.254724468422232,-1.34049882416269,-0.706240902341621,-0.0184413862106956,0.857707819446286,1.27129960162944,1.41015122178609,1.49226256599801,0.746028405238823,0.705007918115826,0.833861965998727,0.589949048296531,1.23819966399899,1.33625668317722,-1.16211847383153,1.95466469730663,1.26714650785713,2.18249147919645,-1.16915473049179,-1.02039235405845,0.0178321471462401,-0.51220352082797,0.683079530760502,2.3986510246141,0.822139272038128,1.39787063938796,0.501118891746045,-0.319088773758589,-0.453822940289352,-0.0669263775634199,0.347251694119508,-0.409710691716343,-1.35065128643802,2.86662855073335,0.925001184677206,-0.266432822203958,-0.26287797133625,-0.599701730718649,0.523566721032782,-1.25143682954853,-0.555677486507623,1.70811714772191,-0.342407471398352,-1.50546034606934,0.648228546406218,-0.707774565658833,-0.391348688885798,-0.413219819433159,-0.504578098615964,-0.586845013885375,1.71247191041218,-1.6096218406714,0.396048112908209,-3.70855272760961,-0.898012962874244,-0.209122814638054,-0.506783935891765,-0.253594384688952,1.41815068347151,-0.81022732312622,1.35811915909774,0.201187390066993,0.886266145735984,-1.47267045724008,0.682832724400303,0.682832724400303,1.03450568696218,-1.30993523361422,0.98510497013263,-0.409710691716343,-0.494689340990077,-1.11075890620342,-0.839101164308632,-0.0869550913836323,0.203092646994081,-0.286904425214791,0.78501576188472,0.0639753050922037,-0.933198174429091,0.94991524525517,0.783582274169036,1.01168365715287,0.774980869676324,1.23322565080756,-0.275847723670213,1.91258372774383,-0.189330851725441,3.02874470976401,-0.640839520976896,-0.236728129982936,0.413283929954837,-1.09789239681336,-1.33363231886228,0.0351215468879261,-0.812376231415014,-0.277522937462631,-0.230075729421995,-0.695793398648614,-0.40441055463925,0.881892456169426,0.391000476585978,0.742239561078903,-0.472016707391195,-0.888160673235742,-0.0216443327087585,0.246923518931679,-0.296225771543798,-0.838532752471447,0.569266126325109,-0.512093453824773,0.402187462212296,-1.06268769461281,-0.125091603844216,-0.484813844404564,-0.523804376549633,-0.696016939253532,1.13106240044617,0.648228546406218,0.345610500194289,1.80048983327666,-0.867503152253548,0.29252081648104,-1.56531543697313,-0.333979422149212,-0.0387034149277808,0.23327667808193,0.881022906339523,-0.114805430650861,0.417322912631512,-0.499564470154296,-1.18354111324217,0.7783995780344,-0.350137179439416,-1.43464048505304,2.48066799283481,-0.0272189452750407,0.726172755495118,-0.272093994394233,1.43334986301233,0.751115087973938,-0.629843707397574,0.0943903614790845,-0.822944761547652,-0.666693784445925,1.77903573652232,-0.681553878925593,-0.0641256158777693,0.166097728463756,-0.230075729421995,-0.809759581530638,-0.565328047091832,3.14906289709809
comm.and.crime_point_0037,comm.and.crime,regression,0.11,0.247221080788479,nominal,-1.38334975138032,-1.56383453476745,-0.217427187171022,0.590072945959833,-0.472016707391195,-0.0562046492588845,1.37075083046105,0.842946215819959,0.166127940215069,-0.444866529913555,-0.217794594564951,-0.18508469810596,-0.109719622984733,0.682832724400303,1.04544333679435,0.22877310559976,-0.203665683067209,0.192692898382022,-0.121723128517532,-0.440171809112793,0.183525722883532,1.03059780346671,0.574277109441232,0.545763313982127,0.634649649939717,0.160791516024035,0.346157443944216,0.621153514428708,-0.35568405855027,-0.888608530066145,-0.730257505876477,-0.658393792953314,0.326611932140444,-0.808871504665675,0.510966613656022,-0.179776073400649,0.281568831213367,-0.609402729079175,0.690642284420326,-0.554880727147895,-0.367386839226397,-0.442814444923462,-0.513450021629662,0.596735206787962,0.837139404775339,0.723724330383386,0.758712732517766,0.611551347612948,0.525175431526179,0.475400863850929,-0.241958561604024,-0.608816497610759,-0.115382978305131,-0.731260008940213,-0.666693784445925,-0.491703227207728,-0.348149548490111,-0.175426554321479,-0.093623746107983,0.0643142022027552,0.158082758699382,-0.466801083033691,-0.00267053824910844,0.317408823412342,0.40957417248383,0.69535681818675,0.541853779870831,0.665092989783826,0.798642883992814,0.208310841536264,-0.319901234201248,0.726172755495118,-0.37760024144161,0.878506043477017,0.871006677585685,0.116964612161334,-0.758443965028085,0.928401418342293,-0.883183386419734,-0.644994724379254,1.6723251179825,1.84203791982337,1.87483058658915,1.06519301261709,1.08727461797251,0.95469044940847,1.01168365715287,0.412240099369111,1.76343892350354,-0.435198773289707,-0.286904425214791,-0.226875569169311,0.58168962257327,-0.386102090172486,-0.082988629895916,0.965361918229619,0.900359925695479,-0.413219819433159,0.478337492384979,-0.269302611080399,-0.391348688885798,0.957555521629844,-0.620207095989836,-0.296225771543798,0.773944766485803,-0.601674905382743,-0.352113179076581,0.532464993547459,-0.34476848053886,-1.39676262025819,0.646593252940519,-0.694834028068417,-0.493873574512357,1.2955462585784,-0.156045871094839,0.281382258310197,0.0893771570848711,-0.778552299399972,-0.00318371628598076,0.117254540572726,0.773648615506715,-0.391348688885798,-0.595936377798769,-0.413219819433159,-1.1807845918921,-0.14464089114809,-0.630806040272269,0.740803615151647,0.620806112517094,-1.13966992969373,-0.639997445119629,-0.506783935891765,0.43110035463292,0.322022122016284,0.464234903258489,1.51686139340717,1.13106240044617,0.59942720812885,-0.145179466755593,0.14327716567068,0.682832724400303,0.267215693943522,-0.0713724957371486,-0.0913622062174521,0.281459459960805,1.61668345778153,1.23062463041877,-1.28575565486694,1.21769842418418,0.997145074653291,0.200393210115953,-1.18133120758743,-0.36428070280995,-0.114410578670175,-1.05617467706755,-0.733880170107544,1.24598066207306,-0.548685356986693,-1.53937807141797,-1.15122030423583,-1.06368304617927,-0.130351673731295,-0.0596195766968404,1.46494625559241,-0.118733906464382,-1.5166649139092,0.22367036178649,-0.586063398291218,-0.35568405855027,2.94517005817334,-0.433845179637909,0.572773528396057,1.91351363248702,-0.103324437631854,-0.652615808821794,0.112378141086133,2.06698235179344,-0.708757207400764,-0.803145557548822,-0.0216443327087585,-1.1288425117501,-0.375024355916575,-0.943185334835349,-0.409993611322597,0.130925656330515,-0.0579168405136468,-0.472716577020044,-0.220349445381496,0.655682867779868,0.0902863202695546,0.613442248810074,-1.31597710055166,-1.29867614164992,0.682832724400303,0.390824193496339,0.201898224687947,-0.0540546487971503,0.682832724400303,-0.0579168405136468,-0.903547422325221,-0.78049817719312,-0.245827430569399,-0.244176455639738,-1.9974497405505,-0.499564470154296,0.629228432581511,-0.179953678608368,-1.07041421682643,0.0542078168079789,-1.21107795253813,1.19138122643412,0.726172755495118,2.76919475013866,1.37754177469791,-1.0174414932053,-0.708757207400764,-1.81590517003619,1.40497477374713,-1.14079770961895,0.550854342883945,0.626603400623183,-0.697698254915155,0.462560987204673,-0.115382978305131,-0.50201955950362,-0.869747200724323,-0.886108709818829
comm.and.crime_point_0920,comm.and.crime,regression,0.1,0.321177615286732,nominal,-1.50531917077199,-0.171897892729153,1.0433501627934,-1.42560373939805,-0.669300457399169,0.763335172475784,-0.400622650407643,-0.232361344920738,-1.05813254276258,-0.723488865413399,-0.638203521537374,0.652036626610397,1.05981491852395,0.6153882795591,0.424510741789694,-0.263264544579206,-0.105678140049712,0.754267934005747,0.108666922041517,-0.98037958715305,0.00448937678286525,0.677520287861476,1.4638240595344,1.34874332879867,1.21742257279479,-0.264029226104202,0.550854342883945,0.23880827036468,0.113282667975565,-0.713534013953022,-1.05834216749048,-1.25096306541953,0.948047230506899,-0.611019470771741,0.281129612160397,-0.673881504635512,-0.231377493520679,-1.26292488459756,1.01271768067076,0.486441406234567,-0.367386839226397,1.04145995105585,0.848156722611144,-1.47320119303407,0.143988474218959,0.287579502381766,0.438711755891097,-0.0150576810207445,-0.00859578069383644,-0.437625211293547,-0.149937701058835,-0.739281849167541,0.228695275045463,-0.274823379056414,-0.145179466755593,-0.0946770133781229,-0.245569541147772,-0.260247250082155,-0.220563285821935,-0.231370130585801,-0.267771092755045,0.370686525614054,-0.412290020458506,-0.852674245419489,-0.848890135598748,-1.25095605562007,-1.16782938256753,-1.07816329038966,0.189775015255796,-0.601380811530617,0.201813374029904,0.726172755495118,3.54358944914358,-2.26543311423404,0.115083578304395,-0.893274333751918,-0.811358043131231,1.27253664374943,-0.800827005447445,-0.838891826808356,-0.0654521195474263,0.0281137880668194,0.259543388537675,0.746028405238823,0.561657905669569,0.551928838042662,0.543089647312493,0.353242987609834,0.588687762606162,-0.954427130819579,-0.286904425214791,-0.226875569169311,-0.153813933172513,-2.53949685105058,-0.965250958519477,-0.630477696226598,-2.22745913446359,4.3374106980727,-0.851110337619796,-0.443933312379363,1.81396815759116,0.0446822618622457,0.283147870703906,0.649357240929522,2.6040760800047,-0.779598642789415,1.89418981387415,-0.152304562810898,-0.230075729421995,0.709023156311124,0.874849771726638,-1.12679008480058,-1.816725527091,-0.910109562980505,0.359432227001014,3.77733766313757,1.39481263340506,0.190658429492517,-0.390868007842976,-0.35472235350149,0.329221661157051,-0.391348688885798,-0.504578098615964,0.134929855663671,-1.72072966280731,-0.490150249577908,-1.02233236043192,0.108751861038678,1.18774596062892,-0.736908318327921,0.0302519800739321,-0.14265187121042,1.47828054418402,0.102796409725239,0.342857548364707,-1.49924105847212,-0.875509990372052,0.394542252695183,-0.90374574703244,0.660351242786569,0.682832724400303,-0.938525723657223,-1.13299769963178,-1.16782938256753,-0.00652810323800724,-0.266432822203958,-0.202875494043799,-0.193933566835524,-0.478351146053977,0.649747137552387,0.102933683049804,-0.307399221155361,-0.739004709724335,-0.574978601284565,-0.14865780744537,-0.9955116260173,2.23002808273785,3.1028076820837,-1.04427026387769,0.511987598838842,-0.494690868811617,-0.425247563702025,-1.04789614836431,1.03299019886025,-0.000739682945828393,0.303001138876892,1.2004776181429,0.0547099621982618,-0.277522937462631,-0.329263137039369,-0.35568405855027,-0.34476848053886,-0.739281849167541,0.0687247720866572,0.564407987550553,2.89860149608457,-0.352113179076581,-0.708757207400764,-0.760637999705362,-0.180122176360894,-0.652615808821794,-0.217427187171022,-0.419922423015838,0.105406250597248,0.477166715644901,-0.149937701058835,0.648228546406218,-0.363236207687417,1.66945772305492,-0.421455927079768,-0.44257322543477,-0.973391570411965,0.294245875850557,0.323129018580554,-1.34105073537663,-0.466477635900487,0.837139404775339,0.682832724400303,-0.241958561604024,-0.0387034149277808,-0.146888892646214,-0.423751167976071,-0.114805430650861,0.13653539481965,-0.343626531286471,-0.938572255698432,1.58543389941778,-0.620241068459545,-0.144305290106824,-0.79314444928836,1.70694283754184,-1.23321624918318,-0.114785955883911,0.038147655151735,0.324222120103087,0.119834542632727,0.747912516997469,-0.778386370841756,0.281514065900134,-0.4726301518147,0.0510141976217214,1.03022712427771,-0.328007702771107,-0.34476848053886,-1.01491959621532,-0.869747200724323,-0.432151904040676
comm.and.crime_point_1818,comm.and.crime,regression,0.5,0.00139793430565204,anomaly,0.507176249190595,1.56802290981872,0.0977671503200851,-1.05911706933298,1.89538829270449,-1.16258340860069,-0.592122486177232,-0.576459764357761,0.810475562834887,0.59996722821086,0.923315350074482,0.596228538295973,0.202156254750917,0.682832724400303,-1.00841063129797,-0.645960494718403,-0.350646997593453,-0.930457172865427,0.511849510519854,0.865330321151163,-0.174546969317801,-0.886108709818829,-0.576901296561691,-0.257216700834412,-0.705728072626956,-0.385406580997984,0.602028567618877,-0.798985963523397,0.425927152326122,1.25605429231962,0.0665195294718176,0.378602433862569,-0.199217935708095,0.0814626478570313,-0.523299893074292,-0.42682878901808,-0.117389421357558,0.14466129651896,-0.382942369747774,0.65086069045285,1.05762358214272,1.21272238136115,1.01154953192004,-0.955717093078561,-2.08399665971227,-1.94160517407096,-1.89272393096035,-1.84266734786902,0.347251694119508,0.36127260445787,0.402187462212296,1.91351363248702,-0.230075729421995,-0.229179716068034,-0.334821036824805,-0.243561843564225,-0.296859544818942,-0.641940381005198,-0.64369508486844,-0.653776320283739,-0.65103955906403,0.723312887149946,-0.548829847861638,-0.445688830173635,-0.586710071414878,-1.13299769963178,-1.29447257978519,-0.549903811549208,-1.1801776894025,-0.363236207687417,0.607591402654133,-1.23321624918318,0.486390707331399,-0.925393473242442,-1.12679008480058,-0.0207952440995638,-0.017646871584048,-0.0609873547032339,0.516875090109185,-0.69346899998653,-0.778386370841756,-0.662904928792817,-0.548100210488063,-0.804199687741353,-0.72849220634674,-0.736908318327921,-0.628395377288449,0.589231434646941,0.0547099621982618,0.655180777523025,0.200393210115953,-0.0276726255657857,-0.716257828742818,0.201187390066993,-0.524119794207697,-0.480867732371328,-0.209511353715802,0.134929855663671,-0.358722252432842,0.0799587915175297,1.52269989484892,0.957555521629844,0.455215483407476,1.59494025340284,0.823407774959287,-0.30513534303829,0.281459459960805,0.4183367341544,-0.230075729421995,0.115083578304395,-0.665881730079667,0.277067099578957,-1.28758474605954,0.413283929954837,1.00377984962083,0.330621066828893,0.559333928560141,0.481421648160263,0.675263793938761,-1.82965014748341,2.00816793314467,-0.391348688885798,-0.504578098615964,-0.504578098615964,-0.370866985519292,-0.61971625898909,-0.19033893009266,-1.90232190204804,-2.78083297615389,-0.253594384688952,0.173876856901124,-1.17435938780757,0.833861965998727,-0.226042158711328,-0.264029226104202,0.82897837806628,0.837417660326429,-0.261089604692552,0.423745243452043,0.525462353104163,0.682832724400303,0.815279974671134,1.16719024213992,-0.787899790914564,-0.179320641157294,0.133016085671751,-1.01519223123925,-0.64058805739383,-0.304397343978269,-0.739844610851231,-0.286904425214791,-0.525882217763377,0.706359316945435,-1.24024352283868,1.61861188602941,-0.419922423015838,-1.05012998614479,-0.366110705033174,1.33224721231561,1.2998229213479,-1.10745167520755,-0.366268385707879,-0.347866910099853,-0.802823042251458,-0.118733906464382,-0.634402585285642,-1.15535164718726,-0.372472278128058,-0.277522937462631,-0.490300835164584,-0.043039574199713,-0.34476848053886,-0.521839596572905,-0.533447461928133,0.0352672065190975,0.112378141086133,-0.697698254915155,-0.274732957383221,0.387066062068055,-0.919685446737523,0.0352672065190975,0.649357240929522,-1.1001642083812,0.620806112517094,-1.10564955550658,-0.333979422149212,0.943214105202603,0.303568683073544,-0.146888892646214,-1.34259197230855,-0.653776320283739,-0.973391570411965,1.00221121696188,0.390573463421757,2.24352760577905,-0.733827980135861,-0.40063011407534,0.682832724400303,-0.333979422149212,3.72591167609637,-0.78049817719312,0.0507121317750543,-1.020402605573,0.0242203876949048,-0.421595500720383,-0.889578484189684,1.28279602889901,0.550209117294346,1.14602990483939,2.75929032833465,-0.58964979375619,0.726172755495118,-0.901326148435522,0.484612361667126,0.263237410407251,-0.590386957395979,-1.51427955979694,0.647482131746904,1.84605701897113,-0.267933252874971,-1.57110082901876,0.627044535799378,-0.772702590882484,-0.34476848053886,0.831520535946791,-0.652304948129686,0.1226841919104
comm.and.crime_point_1827,comm.and.crime,regression,0.02,0.038281155154364,nominal,0.324222120103087,1.56802290981872,-0.453822940289352,-0.0818192824927953,-0.669300457399169,0.845289154649251,-0.304872732522849,-0.40441055463925,-0.800393493714657,-0.584177697663477,-0.638203521537374,0.149763831780583,-0.343626531286471,0.682832724400303,1.18873547410311,0.939494155858268,-0.399640769102202,0.978897948255237,-0.00652810323800724,-0.710275698132921,0.541598415084864,1.08103744855317,0.731255982987085,0.545763313982127,0.168431311655657,-1.23504806525446,1.52316461284766,1.11274025679674,-0.433845179637909,-1.15122030423583,-0.355303606889044,-0.21396683860365,0.0397956405866952,-0.907797521612643,0.913181366273366,0.709613702822105,-0.801317854336286,0.044119426439209,0.207529190044681,-0.8289128675117,-0.367386839226397,-0.671164351997201,-0.731307100708191,0.143936619326893,0.837139404775339,0.869105939717259,1.07871370914443,0.872638442876987,-0.30513534303829,-0.209368692507428,-0.333979422149212,-0.782770299686468,-0.230075729421995,-0.274823379056414,-0.571872999411319,-0.888729441037333,-0.758469577859468,-0.175426554321479,-0.262876465726585,-0.358091987495182,-0.310356477900488,0.0621384592701477,-0.275750193055373,-0.242196122550708,-0.167221968720685,0.223523394233582,0.478532181262003,-0.814033550969433,1.05233782929991,-0.696638653067897,-0.435837813808171,0.726172755495118,-0.510521925868227,0.981586015860986,0.871006677585685,-0.663674573317088,1.14646284668515,-0.491156386462159,-1.04789614836431,-1.17821175605928,1.04850764809996,0.848698514337638,0.557096293441894,1.52114245172891,1.56510799279336,1.5185567053206,1.62085586994536,1.00221121696188,1.17606334305485,1.27825480655887,-0.286904425214791,-0.226875569169311,0.0625106420468348,0.543772920206689,1.2955462585784,0.815751954374349,1.10215470377026,-0.504578098615964,0.330621066828893,0.0799587915175297,-0.391348688885798,0.272900576804145,-2.12579870714607,-0.138628602798245,-0.759408496192192,-1.01683029266498,-0.524905716995868,-0.780009989472726,0.114002523928599,0.0610890712128745,-1.97835671309985,0.0610890712128745,-0.864272121234376,0.964697885344563,-0.156045871094839,-0.555677486507623,0.298246833296102,0.529882184604888,0.287579502381766,-0.826699247575706,-0.510251474836759,-0.391348688885798,-0.504578098615964,0.134929855663671,-1.01880107061754,1.66928324060846,0.886358450346385,-0.00616663970913513,-0.822313500858473,-0.898012962874244,3.38149910604174,-0.749538645679329,-0.454975190371856,1.8566021080536,-0.264029226104202,-1.02301435554381,-2.19691132091088,0.435519243781917,-0.00294828920368394,0.682832724400303,0.592906797945366,-1.26736429209379,0.577398462198459,-0.407970199261594,3.0461400666694,-0.152304562810898,-0.489575518936313,-0.342818397021626,-0.391374245016123,0.699375414281087,-0.286904425214791,-0.96284821097941,1.02755132287205,-0.626152826019497,1.61861188602941,-0.786206461289495,-1.05012998614479,1.59656680346716,-2.13350744046629,-1.01991441715099,-0.757302642981302,-1.72278947957324,-0.389045100585998,-0.586845013885375,1.23819966399899,1.24040486303943,0.85572211589946,1.60324558338117,-0.277522937462631,0.100170724627871,-0.277522937462631,0.343388026162328,0.869790820032767,-0.275373647350366,0.723150221859989,-0.444866529913555,-0.179320641157294,-0.708757207400764,-0.760637999705362,1.35183031227641,1.62268954961346,-0.375024355916575,-0.838532752471447,0.620806112517094,0.0319996393835476,0.218145741121919,-0.649707912297875,0.494084366148104,-0.696016939253532,-0.01206212920031,2.21858576966224,0.201187390066993,-0.000739682945828393,0.682832724400303,-0.817460640601083,-0.377360854488696,-0.450140894829368,0.0308697576020081,-0.241958561604024,-0.852674245419489,-0.273610749555595,1.11825455621509,-0.050119918156423,0.13653539481965,-0.499564470154296,-0.399640769102202,-1.34006551559698,1.36052078435473,-0.193933566835524,-0.862800033163321,-1.01147293011705,-1.23321624918318,-0.586710071414878,1.04269324481136,1.48293160432397,3.23691779275872,-0.508860858999424,-0.912061542959443,-0.0503586817209869,1.21611926443806,-1.15249049956315,0.511849510519854,0.759024245945591,-0.230075729421995,-0.758469577859468,-1.0002125522811,-0.684350129472983
comm.and.crime_point_1310,comm.and.crime,regression,0.13,0.16919342803125,nominal,-1.0174414932053,0.524070428289996,0.334162903438415,-0.570468175912889,-0.629843707397574,0.886266145735984,-0.544247527234835,-0.318385949779994,-1.05813254276258,-1.35038912028805,-0.998554030370879,2.04723883447099,0.436063163052654,0.637869761172835,-0.196421853214959,-1.30201069495703,-0.546622083628446,0.641952926881002,1.83659230123439,-0.800310327806298,2.80939213235997,-0.381712258954214,-0.0536383847421805,-0.257216700834412,-0.0646778574863729,-0.385406580997984,-0.626152826019497,-0.362019970307365,-0.121200695287352,-0.713534013953022,-0.636519031129619,-0.362109156720205,-0.629442373038718,-0.611019470771741,-0.86805539531773,-1.36562910836432,-0.516347673928482,-0.5591317940393,-0.597659300581394,-0.390461442929611,-1.73539684374075,-0.614076875228766,-0.513450021629662,-1.40851568053963,0.540074720251176,0.529882184604888,0.621569456820622,0.611551347612948,0.643791256463961,0.817785642030109,-0.241958561604024,-0.869747200724323,-0.000690227188266011,-0.731260008940213,-0.714104176963228,-0.739844610851231,-0.861049585201808,-0.472298989483845,-0.432129185345187,-0.400332606464976,-0.395527248191373,0.326608230422067,-0.412290020458506,-0.903547422325221,-0.7440181099252,-0.366268385707879,-0.851221389523392,0.453789198247646,0.64642591680856,-0.553751890761977,-0.609742683218555,0.726172755495118,1.15099912946448,-1.54387330754626,0.925001184677206,-0.893274333751918,-0.970100277440667,1.65968877233247,-0.7596488149613,-0.887366102415632,-0.3328024637828,-0.317395570362999,-0.165532189896924,0.335673910038188,0.0360411933666282,0.0283387432671127,0.168214439440191,0.117254540572726,0.802278882769321,-0.798658623560617,-0.286904425214791,-0.226875569169311,-0.110549018128644,-2.7352600111304,-1.57180630944818,-1.57800746730998,-3.0346382467627,2.23617027686819,-0.851110337619796,-0.618564013678328,-0.391348688885798,-0.868190997905353,-0.405122580110374,-0.453822940289352,1.96105696984941,1.35548620609065,-0.467308204356106,0.703657382637049,-0.230075729421995,-0.694834028068417,0.190080215368281,-1.01880107061754,0.511493909447407,0.413283929954837,-0.800393493714657,0.084427024235416,0.872638442876987,0.481421648160263,0.77218486682801,-0.295725241742213,-0.21396683860365,1.0649926248254,-0.230503261067549,-0.504578098615964,0.00709456412135369,0.719132504926456,-1.51174026063149,-0.408381392326479,0.981586015860986,2.32407992805221,0.652626446325096,-1.05298203291378,0.99496661054505,0.322022122016284,-1.23504806525446,-0.758443965028085,-0.679746830292226,-1.44942234620782,1.04008034617698,0.682832724400303,-1.56531543697313,-0.445267871002372,2.34677380202284,-0.281327002043937,-0.0641256158777693,0.4183367341544,0.179391205812885,2.18822371614211,-0.304397343978269,1.6423126721264,-0.286904425214791,-0.143536973699349,-0.846068711699873,-0.421455927079768,-0.721826356680434,0.0510141976217214,-0.20666076843211,-1.46155861675429,0.143988474218959,-1.01991441715099,0.42445034078228,-0.897080987655194,-0.347866910099853,1.6809242839585,-0.531713688779321,-0.358695607590779,0.22367036178649,1.4430522432588,0.0351215468879261,-1.02709316224863,-0.35568405855027,-0.34476848053886,3.26165559857376,-0.533447461928133,0.723150221859989,-0.305555362163633,1.54860473803558,-0.669300457399169,0.00449804147691576,0.295311354595511,0.987720612375717,-0.375024355916575,-0.472248714197789,1.23928594682091,-0.907797521612643,0.218145741121919,1.7101765580732,-0.649009732299257,0.0220735832329614,-0.421455927079768,-0.44257322543477,0.886358450346385,1.06120832872116,0.682832724400303,-0.0924897401426294,-1.00117832437123,0.490563939497149,0.682832724400303,-0.333979422149212,2.19971636892442,-0.315851368525389,-0.423751167976071,0.596735206787962,-0.31272463367933,4.02263575701263,-1.03655979871593,1.73675283467717,-0.215085234929352,-1.68278186869654,-0.862800033163321,-1.19894987961077,-1.23321624918318,-0.639146084251652,-0.91058984619347,1.17800805584479,-0.590386957395979,-1.06184114443806,-0.555594417312278,0.613386813521254,0.192634769739419,-0.315269840651936,1.49100722539581,0.413150444081187,-0.34476848053886,-0.809759581530638,-0.956724101762177,1.93851141502301
comm.and.crime_point_0801,comm.and.crime,regression,0.02,0.011797990665498,nominal,0.812099797669774,-0.171897892729153,-0.453822940289352,0.590072945959833,-0.550930207394384,0.763335172475784,-0.256997773580451,-0.533447461928133,-0.091611108832858,0.0427225572111723,-0.217794594564951,-1.07801411113674,-0.343626531286471,0.368091981808023,1.09320738256394,1.65021520611678,-0.938572255698432,1.20352796250473,-1.21607586867302,-1.02539690198974,-1.30844382795535,0.929718513293784,0.417298235895379,0.224571308055511,1.74191820336436,-1.23504806525446,0.0391120955346223,0.730395012732716,-0.433845179637909,-1.15122030423583,-1.15208064223734,-1.1522015200085,0.326611932140444,-0.808871504665675,1.43031461963852,-0.0809549871536759,-0.573341710010043,-0.659673664119051,0.314887655461491,-0.774106439438939,-0.196385588662103,-0.842426782302506,-0.840235640247456,0.6614207192824,0.985671747037421,1.06294808549576,1.21585698484158,0.924855861929795,-0.245827430569399,0.0759519559752211,-0.333979422149212,-0.826258750205395,-0.34476848053886,-0.868190997905353,0.091872495830922,-0.342818397021626,-0.655889570517129,-0.59953003312486,-0.347502825535886,-0.44257322543477,-0.523283403627701,0.591078001573987,-0.639856399463727,-0.191322945644976,-0.0623499430471371,0.931273530163335,1.30171296317677,-0.0744702805928035,0.798642883992814,-0.696638653067897,-0.899584132235861,0.726172755495118,-0.444061083654919,0.311566195365187,0.655028649219603,-0.939194285838884,-0.70552988692494,0.842367611990508,-0.800827005447445,0.712284992624459,0.692040522452799,0.675943835122729,0.514588735598435,1.293167732173,0.800574593079997,0.551928838042662,1.10540245912095,0.412240099369111,0.802278882769321,0.135952419993153,-0.286904425214791,-0.226875569169311,-0.413403423435731,0.788476870306472,-0.082988629895916,-0.580607708274842,-0.00771657564102366,-0.230503261067549,-0.8018715291011,-0.181987260430917,-0.391348688885798,0.638049880711185,1.10046903104586,-0.453822940289352,-0.165852394510387,0.58448334399507,3.0461400666694,0.817785642030109,2.0637792929153,-1.12679008480058,-0.323496951900488,0.169078085395916,-1.7108973708847,-0.358695607590779,-0.284915395618803,-0.358722252432842,0.141594576137679,-0.536249617176849,1.25679023127425,-0.590710800538598,0.0823177976294598,-0.391348688885798,-0.321861540250354,-0.595936377798769,0.169078085395916,1.15101920296373,-1.07127315045188,0.510966613656022,-1.23463339039435,2.32407992805221,-0.496372568292438,-0.506783935891765,-0.0119374178694681,1.30853782732598,0.828366967939835,-0.0705609496871936,-1.16915473049179,0.886266145735984,0.565976421003951,-1.56531543697313,0.682832724400303,-0.554880727147895,-0.484226741696171,-1.04118618534988,0.742239561078903,-2.37780562097556,-1.30189225613177,-0.144305290106824,-0.739281849167541,-1.38501220832434,0.590231318380547,-0.798985963523397,1.61640333373751,2.08608108493191,-1.2949949059155,0.678929691805134,-0.862692382208638,-1.46155861675429,0.29252081648104,-0.582228126868179,0.249375824669157,0.223523394233582,-0.718470624475156,0.601034142128082,-0.649707912297875,0.0272941611820292,0.281129612160397,0.481892202524582,-0.35568405855027,2.30101926567248,-0.277522937462631,-0.230075729421995,1.69607137989238,-0.533447461928133,-0.652615808821794,-0.0965886105387498,0.108666922041517,-0.472016707391195,-0.0805170742100041,-0.919685446737523,-1.86963960519414,0.806954409675075,0.731255982987085,-0.152293680362675,0.477166715644901,-0.333979422149212,-0.94469347109426,-0.458494049224697,1.41601400923616,-0.114410578670175,-0.062407654706626,1.13106240044617,-1.18068191813137,-1.56531543697313,-0.736908318327921,-0.64471119872407,0.985671747037421,0.682832724400303,-0.149937701058835,-0.394815653267903,0.148795440142343,0.110020044243945,0.337993156810208,-0.0880946194298402,-0.187688592418646,0.874197290125252,3.14906289709809,0.325122543110906,-0.64058805739383,2.27170124120992,-1.33955759173106,0.726172755495118,-0.691582097088426,-0.18508469810596,1.17800805584479,-0.708757207400764,-0.358048053879797,-0.733827980135861,-0.714104176963228,-0.626152826019497,-0.105964675924132,-0.236918153797056,-1.0691658496234,-0.34476848053886,0.626360521262113,-0.869747200724323,-0.684350129472983
comm.and.crime_point_1795,comm.and.crime,regression,0.06,0.039732257495973,nominal,-1.38334975138032,1.22003874930914,0.0977671503200851,1.38412739776748,-0.629843707397574,0.148680306174783,2.23250009142421,0.111737074516285,0.101693177953087,-0.514522113788516,-0.458028267120621,-1.63609499428098,0.124187285317004,0.682832724400303,2.71718493872995,1.48620265605712,0.286272032020273,0.81042543756812,-1.8496485077104,-1.07041421682643,-0.950371135754022,2.39246822080117,1.88243438899001,1.88406333867636,1.39225444965131,0.282168870917816,0.550854342883945,2.15053449068482,-0.35568405855027,-1.19498893326411,-1.19894987961077,-1.44848615624161,1.13925809154273,-1.25403858092703,1.77507012188196,0.215508271587242,-0.459353637846922,-1.16238301451781,1.442151542338,-1.10294500787551,-0.65238892350022,-0.785339305534071,-0.94916417978672,1.11421930674347,1.38175799306964,1.30525076771888,1.12442813437682,0.872638442876987,0.169327956712836,0.190080215368281,-0.333979422149212,-0.869747200724323,0.114002523928599,-0.503041693998314,-0.42964182185941,-0.144305290106824,-0.0404095264630932,-0.00578516280012634,0.0756289735106192,0.275517297051724,0.328424299281152,-0.202331311881772,-0.139210365652241,0.113916115789414,0.40957417248383,1.69800284408723,1.55499935761209,1.24617841650832,1.45824974179125,-0.220349445381496,-1.8850450588947,0.726172755495118,-0.311139399228302,0.930046029669001,1.57293526977546,-0.617754621230122,-1.34049882416269,1.53063806280479,-1.04789614836431,-0.887366102415632,2.51893454139452,2.74899998570164,2.85250441698873,2.93458571297554,2.66412475488133,2.32407992805221,2.417465686674,0.353242987609834,2.13722338378907,-0.74673578780763,-0.286904425214791,-0.226875569169311,0.62495453761714,-0.483983670212399,-0.965250958519477,0.0178321471462401,0.395872980508533,-0.139144981884744,0.084427024235416,-0.618564013678328,-0.391348688885798,-1.46155861675429,1.10046903104586,-0.375024355916575,0.477166715644901,-0.30513534303829,1.14542214955724,0.760721512333579,-0.115382978305131,-0.0468999429701671,0.475400863850929,-0.20888346424473,-0.176389105893484,1.40582904965634,-0.478219682404748,-0.260244635395451,-1.37271057639375,0.820645403272635,0.287579502381766,0.471237211128387,0.0329370249239415,-0.391348688885798,-0.321861540250354,-0.413219819433159,-1.01880107061754,-0.792470938203999,0.299068970106906,-0.753136894569917,-0.873853487050458,-0.173042062415791,4.0517485312353,-0.567472613338656,2.32407992805221,1.47295711154427,-0.688849968232438,1.62268954961346,-0.581865250252313,0.804312163562517,-0.90374574703244,0.682832724400303,0.682832724400303,-0.0616228744930443,0.223523394233582,0.161924188217862,0.569447023159616,-0.266432822203958,-1.15854224368551,1.543056118669,-0.521839596572905,-0.64058805739383,-0.286904425214791,-0.198157722851353,-0.0966206978711041,0.499680118149013,-0.578534219371668,1.41149776835245,1.19912126108902,-1.46155861675429,-1.73742119443407,-0.538459497839898,-0.976145788122707,0.518419284204312,0.310984137678462,1.57293526977546,-1.18068191813137,0.799273698727645,-0.465840642700386,1.54984780334038,0.0351215468879261,-0.382942369747774,-0.199361816374992,-0.34476848053886,-0.13044354190256,2.17632759113842,0.82897837806628,-1.21107795253813,-2.36802612146826,-0.708757207400764,0.259543388537675,-0.285774072128984,-0.282217262099776,-0.217427187171022,1.3591714771705,0.156946236789233,-1.45189061482096,0.0341040200315418,-0.118733906464382,-0.0774626830755764,0.90912658159863,-0.933198174429091,-0.78049817719312,-1.2670363105317,1.65117944631393,0.682832724400303,-1.38132689651321,-0.778386370841756,-0.895737921615612,-1.56531543697313,-0.333979422149212,-0.343942476362171,0.444479772930899,-0.838906555258306,-0.891031580584123,0.978897948255237,-0.343626531286471,0.776209747107756,-0.785229419645906,-0.395154494276104,0.203092646994081,-0.375210946038594,1.98815826178241,-1.23321624918318,-0.429402032904556,-0.0734685214771128,0.324222120103087,3.23691779275872,-0.458589923959548,-0.466477635900487,-1.23561849465356,3.46778515277508,-0.105964675924132,-0.236918153797056,0.166097728463756,-0.34476848053886,-0.55330956317479,-0.782770299686468,-0.179953678608368
comm.and.crime_point_0966,comm.and.crime,regression,0.16,0.381582885055235,anomaly,1.17800805584479,-0.171897892729153,-0.217427187171022,1.13980295105744,-0.156362707378436,0.107703315088049,-0.44849760935004,0.498847796382936,0.294997464739033,-0.0269330266637888,-0.397969848981704,-1.63609499428098,-0.187688592418646,0.682832724400303,0.663330970637638,1.54087350607701,0.38425957503777,-0.649669655053565,-1.50406343187183,-0.620241068459545,-1.36812260998891,0.425322062429169,-0.158290967106083,-0.257216700834412,-0.181232442057388,0.160791516024035,-0.216759028140039,-0.307399221155361,-0.277522937462631,-0.363384981726775,-0.449042081635903,-0.411489929425723,-0.677245088297676,-0.314241419930838,0.970640616647273,0.759024245945591,-0.744323818254725,0.295474101638588,-0.543980067872989,0.760473546598372,-1.10839225833834,0.242235276297757,0.466906834223718,1.17890481923791,0.738117843267285,0.578342721049512,0.758712732517766,0.559333928560141,-0.36444325550718,-0.722945859776196,-0.241958561604024,-0.521839596572905,-0.230075729421995,-0.594329019975073,-0.619283391928622,-0.739844610851231,-0.55330956317479,-0.514709337364183,-0.516755545154489,-0.527054463374357,-0.480698018482259,0.0180601640781611,-0.275750193055373,0.317408823412342,0.514446198157378,1.4031069541165,1.23839136456794,1.40465626016046,0.494208949624305,0.494084366148104,-1.07348900164625,0.726172755495118,-0.244678557014993,-0.255373652746643,0.601034142128082,0.0710446600743682,0.934806534272571,1.10046903104586,0.105093185247738,0.421439338980806,-0.689269589429965,-0.749282268400272,-0.803145557548822,-0.257060360807173,-0.394008843972142,-0.374422868098694,-0.20666076843211,-1.3576732534092,-0.799654518454378,-0.0198160872658089,-0.286904425214791,-0.226875569169311,-0.370138508391861,0.10330581002708,-0.358695607590779,0.765881966422592,0.648116453102006,-0.139144981884744,-0.555677486507623,-0.70587936432781,-0.391348688885798,-0.868190997905353,0.283147870703906,-0.375024355916575,-0.957260530086126,-0.957522380196087,1.31821468747653,-1.06533063795537,-0.34476848053886,1.08698470595177,0.874849771726638,-0.694834028068417,0.564407987550553,-0.854968167441532,-0.478219682404748,-0.211005826876756,0.559333928560141,1.11140862194038,0.529882184604888,0.117254540572726,-0.0658245204870952,-0.391348688885798,0.500362972394892,-0.413219819433159,1.84290780523306,-0.0582635515406352,-1.6096218406714,0.108751861038678,-1.18309340420237,-0.0522135790060488,-0.639997445119629,0.160791516024035,1.43800438304744,0.102796409725239,-0.324717903551093,-1.39341290226583,0.690595290266559,0.312588270521716,1.65641544890192,0.682832724400303,0.682832724400303,-2.30868642547625,-0.366268385707879,0.0986025896090331,0.281459459960805,1.44549106869194,-1.2063255811676,-0.293190120292925,-0.347885794497196,-1.43464048505304,-0.286904425214791,0.675774263580712,-0.471344704785489,-0.216759028140039,-0.100893761675781,0.103340488803673,1.10540245912095,-0.320467042044794,1.1342040892995,-0.0132359495005283,0.336913082725718,0.459440106210166,0.434518709136896,-0.532850506793854,0.353242987609834,1.40582904965634,0.108751861038678,0.535289982565372,-0.043039574199713,0.207529190044681,-0.35568405855027,-0.34476848053886,0.304440963286713,-0.576459764357761,1.51686139340717,-0.0269330266637888,0.742239561078903,1.30353704268057,0.429573619911515,-0.602729759433253,0.0881812846222431,-0.453822940289352,0.103340488803673,-1.54387330754626,0.526629724118384,-0.241958561604024,-0.94469347109426,0.0654240792303436,-0.569295082344151,0.44850589341408,0.317757916021518,-1.16915473049179,-1.53466458868703,-1.56531543697313,1.63938518873034,0.246456615393843,-1.09378104463172,0.570425316331632,-0.333979422149212,-0.750927891608026,-0.189129511616007,1.47410203102843,-0.1794909431453,-0.0319371158674677,-0.343626531286471,-0.301653226084705,-0.684350129472983,-0.890344957479674,1.3445430117542,0.251689308836056,0.160258004218676,0.726172755495118,0.829062275178022,-0.0734685214771128,-1.38334975138032,-0.629843707397574,0.345745036678463,-0.733827980135861,0.234103673382831,-0.728501275489362,-0.105964675924132,-0.524905716995868,2.5378037983911,-0.34476848053886,-0.912339588872978,2.18096542220705e-05,-0.633910484386522
comm.and.crime_point_1026,comm.and.crime,regression,1,0.0088463733773685,anomaly,0.995053926757281,0.176086267780421,-0.296225771543798,-0.387224840880353,2.6056097927332,-1.73626128381495,-0.639997445119629,-0.576459764357761,0.874910325096869,0.59996722821086,0.863256931935564,0.652036626610397,-0.499564470154296,-1.56531543697313,-1.15170276860673,-1.0286564448576,-0.497628312119698,-1.43587470492678,0.972629611637952,1.00038226566123,-0.114868187284245,-1.1887465803376,-1.04783791719925,-0.631940707748796,-0.822282657197971,0.706989613046053,-0.779675500224294,-0.635123716067385,-0.121200695287352,1.34359155037618,1.61320436279498,1.86002561502812,-0.725047803556634,0.675018749538836,-0.925514645691636,2.19192999652669,-0.801317854336286,2.35658243827349,-1.02709316224863,0.979699258889417,0.601620247304602,0.413497706603062,0.684763913302247,-0.308861968134177,-1.93546431745018,-2.08698678340483,-2.44129703374892,-1.68601509071059,1.23687038115287,0.703657382637049,0.0341040200315418,2.34839813767629,-0.34476848053886,-0.503041693998314,0.091872495830922,0.252720923722782,0.164750488221586,-0.684350728885536,-0.64369508486844,-0.653776320283739,-0.65103955906403,0.767391182341933,-0.548829847861638,0.012169761977951,-0.114785955883911,-0.720143453672756,-1.42111577700285,0.242485406711466,-1.33239465658675,0.160681920767624,0.89743285167144,-1.23321624918318,-0.244678557014993,-0.203833666554659,-1.01880107061754,3.10176149781412,1.25229100289144,-0.405122580110374,2.740497376361,0.372965063373531,-0.867503152253548,-0.878848277811454,-0.888160673235742,-1.30574407076435,-1.30189225613177,-1.26049841310347,-1.1907081890969,-0.413719465260767,-1.33363231886228,-0.227507430277758,-0.189444898148642,-0.127274097367549,-0.802787658830557,1.27788477050604,-0.0278472343569434,0.416792050760294,0.648116453102006,-0.321861540250354,-0.457199869470233,-0.662221689003069,-0.391348688885798,-0.685616345951833,0.197114064352121,-0.296225771543798,2.45568705458425,1.53340994349732,0.0510694094017551,-0.837074119169256,-0.115382978305131,-0.20888346424473,-0.323496951900488,0.223072592487436,-0.758443965028085,-2.56435142914968,-0.284915395618803,-0.604916295026319,1.86476940488033,-0.197025862064479,0.481421648160263,1.00221121696188,1.02055247903431,1.60591939848956,-0.413219819433159,-0.413219819433159,0.925001184677206,2.36030195746809,0.494832130186732,-0.753136894569917,-0.66769354228252,-1.34105073537663,-0.592122486177232,-0.446095258444874,0.793585804862147,1.69218282383531,-0.203340548657311,-0.758443965028085,0.788476870306472,0.107703315088049,-0.192589859272896,-1.56531543697313,0.592906797945366,0.431634978161806,1.22616942013407,0.795140174306145,-1.67685596979111,-1.29358715674149,-0.967408893757168,-0.144305290106824,-0.782770299686468,0.00457954007927846,-0.286904425214791,-0.853606712675401,-0.36428070280995,0.65320279235381,-0.626298265141257,0.417298235895379,-0.581535976304412,-0.0922487271028942,1.03518252779145,0.336913082725718,-0.319616352698494,-0.130351673731295,-0.84200519593359,-0.316872478427771,1.82817078159176,-0.965250958519477,-0.753136894569917,0.481892202524582,-0.35568405855027,-0.436621602456179,-0.433845179637909,-0.34476848053886,-0.478351146053977,-0.576459764357761,0.670236143756844,-0.514522113788516,-0.236918153797056,-0.669300457399169,1.32223233462417,0.0840075630593312,-0.335131340202921,-0.217427187171022,-0.105964675924132,0.930046029669001,0.0814626478570313,-0.149937701058835,-0.531713688779321,1.25614709844634,2.34530762657162,-0.114410578670175,-0.315851368525389,1.18000319046612,0.0582574288134486,0.682832724400303,-0.253594384688952,-1.00117832437123,-1.2423133868938,0.682832724400303,-0.333979422149212,-0.394815653267903,0.23327667808193,-0.542366992913852,0.208622131821331,1.37200047319184,-0.0317506535508209,3.47086718008891,-0.280832968781291,-0.98037958715305,-0.243561843564225,0.112378141086133,0.394604191085821,-1.23321624918318,0.304702146810281,0.149763831780583,-0.651533235030286,-0.669300457399169,1.75333121779498,1.04850764809996,1.75123623393652,1.01142236549834,-0.00131209356022966,0.108666922041517,-1.01975530649992,-0.230075729421995,-0.45072955583245,-0.695793398648614,-1.28962587051052
comm.and.crime_point_0679,comm.and.crime,regression,1,0.00623463695278268,anomaly,-1.0174414932053,-0.519882053238727,-0.453822940289352,-1.42560373939805,1.69810454269652,-1.03965243534049,-0.592122486177232,-0.146336740061482,-1.31587159181051,-1.21107795253813,-0.878437194093044,1.76819839289887,-0.343626531286471,0.682832724400303,-0.817354448219611,-1.08332729487748,0.0413031744765323,-0.593512151491192,1.203019662197,-0.0800332904192877,-0.592298443552689,-0.93654835490529,-0.419922423015838,-0.0966206978711041,-0.647450780341448,0.282168870917816,-0.882023949694159,-0.689744465219389,-0.277522937462631,1.08097977620649,0.722688852699825,1.56374097879501,-0.916258664592466,1.12018582580019,-1.04043314643945,-1.26680802211735,-0.459353637846922,-0.257506183800045,-0.705017765998204,2.73350495721777,0.316618163030779,1.32689733489802,1.99190638777342,-1.34383016804519,-2.3315505634824,-2.4262105385172,-2.39558260851654,-3.04366798608359,0.287943781650617,-1.00826650825885,-0.149937701058835,1.91351363248702,-0.230075729421995,-0.229179716068034,-0.240000251790199,0.203092646994081,0.113460484550416,0.333497620242578,0.329508052938522,0.655682867779868,0.583936610153808,-0.422722787841705,0.08835601335298,-0.191322945644976,-0.48183804574133,-1.36891441160836,-2.18097496030879,-0.232948124244939,-0.825004765972568,1.01800249460314,2.52054496616836,-1.23321624918318,0.154086496264857,-3.70855272760961,-0.478855999702333,0.62208408511796,0.511493909447407,0.756333805638724,0.969835185456777,0.27601651215898,-0.466477635900487,-0.403772909970454,-0.293054863427304,-0.16587047298481,-0.202875494043799,-0.13276590127921,-0.112941966464035,0.648228546406218,1.71004114346275,-0.0198160872658089,-0.189444898148642,-0.226875569169311,0.841279112836488,-1.80538500075123,-0.193271420973861,0.317052074856781,-0.310408742753192,-0.504578098615964,-0.112528209839365,-0.138329585106176,-0.391348688885798,-0.639972682963453,-2.12579870714607,-0.375024355916575,-1.30350158940051,0.0507121317750543,0.799837073718665,0.190080215368281,2.86662855073335,-0.856817549342979,-0.0381763034178386,-1.39676262025819,-0.70552988692494,-2.01293747375996,2.48577938164641,-0.851110337619796,-0.954971223971284,-0.923933908733845,1.01448754905113,-0.177731018223659,1.06993325173982,-0.391348688885798,-0.413219819433159,0.591721251577697,-0.370866985519292,-0.792470938203999,0.10330581002708,-2.64929215690883,0.517726140133124,-0.374422868098694,-0.44849760935004,-1.23504806525446,-1.01884144628399,-0.500074299075133,-1.23504806525446,0.0881812846222431,0.984240030386299,-0.793790488820086,-0.666693784445925,0.682832724400303,0.210721610511883,0.157602837798,-0.484226741696171,-0.851221389523392,0.68464204843914,1.21723454990582,-0.919625556275082,-0.392446673750327,-0.91323565124325,0.15346437026538,-0.286904425214791,0.129566772060671,-0.578408706761027,-0.626152826019497,1.33202761141188,-0.52457500537974,0.636808449280568,-1.09640931284725,-1.39084572915588,-0.801071272009583,0.774599373008527,-1.01503934364349,-0.718470624475156,0.223072592487436,-1.00369058285354,-0.413837003129751,-0.925514645691636,0.428494422483792,-0.277522937462631,0.100170724627871,-0.35568405855027,-0.230075729421995,0.478394765362422,-0.490435159498505,-0.123475027790339,-0.0269330266637888,-2.08003855826945,2.76343679273958,0.0470055993203757,-0.549903811549208,0.564407987550553,-0.296225771543798,-0.733880170107544,0.672346098709078,0.279314681750966,-0.333979422149212,1.41519099927682,-0.696638653067897,-0.611535701313945,0.346157443944216,2.09186391275286,-0.581865250252313,0.766222769924772,0.682832724400303,-1.09939376855715,-0.243685682371009,-0.747205579353531,0.368091981808023,0.12612488057673,0.317408823412342,-0.696016939253532,0.525175431526179,0.467364181799085,-0.0319371158674677,-0.499564470154296,0.38425957503777,-0.58347083930006,-1.11543153166311,0.252720923722782,-0.235899778288672,-1.19894987961077,0.726172755495118,2.66432272446512,-1.41286264102328,0.629145668582266,-0.35364645738641,-0.307777118839921,-0.600152808018174,-0.287410644307502,-1.64963732071814,-0.681553878925593,-0.0641256158777693,-0.0315444440301896,0.343388026162328,-0.245569541147772,-0.652304948129686,-0.734789774559444
comm.and.crime_point_0909,comm.and.crime,regression,0.07,0.05374191794965,nominal,1.60490102371564,-0.171897892729153,-0.375024355916575,0.528991834282321,-0.708757207400764,0.927243136822718,-0.687872404062027,-0.576459764357761,1.58369270997867,1.08755631533559,1.22360744076907,-0.464125139678079,-0.265657561852559,0.682832724400303,0.0901624214025735,0.22877310559976,-0.350646997593453,1.20352796250473,-0.121723128517532,-0.710275698132921,-0.890692353720466,0.0722445468239389,-0.105964675924132,-0.310748701822181,-1.69644204148058,-0.264029226104202,3.46778515277508,0.0749460229086676,-0.35568405855027,-0.538459497839898,-0.308434369515615,-0.757155338364351,-0.0558097899312211,-1.00672353855961,0.568425864029928,0.363739900957701,0.338562867294928,0.49655784179809,-0.060866973497344,-1.32217072016655,0.601620247304602,-1.41330154998685,-1.38487833794378,0.143936619326893,0.886650185529367,1.06294808549576,0.850141582982528,0.768203604771372,0.881022906339523,1.04604216081623,-0.333979422149212,-0.869747200724323,-0.34476848053886,-0.822547334916973,-1.23561849465356,-1.18649910140954,-0.50201955950362,-0.726761076765874,-0.728321444677741,-0.738257558223326,-0.736210329354915,0.855547772725906,-0.639856399463727,-0.445688830173635,-0.272093994394233,0.164544216239436,0.668496977088488,-0.761207603085388,0.64642591680856,-0.601380811530617,-0.493806103611632,0.726172755495118,-0.444061083654919,1.03312600205297,0.331061606670478,-0.52591471705619,-0.70552988692494,0.670299999286939,-0.7596488149613,-1.17821175605928,-0.600152808018174,-0.662904928792817,-0.675622884018443,-0.530630024274263,-0.394008843972142,-0.495251351508437,-0.534676575320374,-1.47566747692775,-0.319074498087268,0.18787525574614,-0.286904425214791,-0.226875569169311,-0.846052573874427,1.32682556052599,-0.0278472343569434,0.267182086905024,0.698565147620701,-0.413219819433159,-0.309483443914147,-0.487590987704104,-0.391348688885798,-0.183536053079654,0.369181677055691,-0.296225771543798,-0.957260530086126,0.821714993870633,-2.3104286088285,1.04604216081623,-0.34476848053886,-2.206680226631,-0.152304562810898,0.871006677585685,-0.440959496409212,-0.413837003129751,-0.220480633356821,3.77733766313757,0.246029414243294,0.723724330383386,-1.02085498162309,1.06120832872116,0.477363979273606,-0.391348688885798,-0.230503261067549,-0.0477867027019386,-1.88271318408187,1.49652856139355,1.13106240044617,0.22367036178649,-2.36851308661801,1.5185567053206,0.0781269390163294,0.646300935599162,-0.938289124010825,-0.390461442929611,-0.446095258444874,-1.1288425117501,-0.435042880192443,0.886266145735984,0.945259561142375,-1.56531543697313,0.682832724400303,-2.25387999740349,-0.602185097684464,0.415210582653175,0.569447023159616,0.817785642030109,1.56510799279336,0.10383609353668,-0.782770299686468,-0.888729441037333,0.980069426645142,-0.96284821097941,-0.685472708736566,-0.114410578670175,1.90519616064694,0.364971944713428,0.261933241408267,-0.366110705033174,1.23322565080756,0.993442518149931,2.17519550191351,-0.366268385707879,-0.389045100585998,-1.01880107061754,-0.649707912297875,-1.35124072729229,-0.293462891578667,0.161505522279842,-0.35568405855027,2.99884929088174,0.0351215468879261,1.94908654179843,1.39165222625989,-0.533447461928133,2.3634866430575,-1.42004470416301,-0.640100742275393,1.54027754269014,-0.548100210488063,0.453789198247646,-0.440959496409212,-0.453822940289352,0.260319362349526,0.930046029669001,0.477166715644901,-0.333979422149212,0.176251652332003,-0.601380811530617,-0.400332606464976,-0.882023949694159,0.782404724689249,1.27788477050604,-0.35472235350149,0.682832724400303,0.753309643725566,-0.466477635900487,-0.747205579353531,0.682832724400303,-0.241958561604024,-0.903547422325221,-0.569295082344151,0.940330818808414,-1.34383016804519,-0.31272463367933,-0.499564470154296,1.95206026331771,-1.13830693525114,-0.350137179439416,0.649747137552387,-1.28073353641309,-0.167826657395328,-1.23321624918318,0.147394108299959,0.428804273352702,0.324222120103087,-0.472016707391195,-0.156964313720294,1.58320833657071,-0.666693784445925,0.0902863202695546,-0.419922423015838,-2.3104286088285,-0.0809549871536759,-0.34476848053886,0.267330495563925,-0.782770299686468,-0.0790743884354456
comm.and.crime_point_1730,comm.and.crime,regression,0.31,0.203921504080021,anomaly,1.17800805584479,1.22003874930914,-0.453822940289352,0.223586275894763,-0.393103207388005,-0.588905533386419,-0.687872404062027,1.57415535712363,0.423866989262996,-0.235899778288672,-0.217794594564951,0.0939557434661589,-0.499564470154296,-1.56531543697313,-0.769590402450023,-0.755302194758174,1.65809763426522,-0.818142165740683,0.223861947321042,-0.0350159755825995,-0.413262097452023,-0.835669064732367,-0.890859043653398,-0.739004709724335,-0.880559949483478,-0.628161290785547,-1.08672084863389,-0.96284821097941,-0.277522937462631,0.818368002036808,0.957035039566971,1.21807556985638,-0.964061379851424,0.72448175801232,-0.86805539531773,-1.46445019461129,-0.00340134919443606,0.14466129651896,-0.866055464123419,-0.664493583293417,-1.05139184148357,-0.614076875228766,-0.622378561168927,0.532049694293523,0.63909628175923,0.33604003882639,-0.109861346897478,0.0371597380320633,-1.01683029266498,-1.40771541613455,-0.333979422149212,-0.43486269553505,-0.34476848053886,0.0446822618622457,0.044462103313619,0.451234030637584,0.369910502906264,-0.514709337364183,-0.516755545154489,-0.484813844404564,-0.480698018482259,-0.819427444569584,0.315922392358201,0.317408823412342,0.357138159647056,0.282502572227728,-0.0913622062174521,0.770744885551916,0.392730971501469,0.636971128454024,0.375718243440288,-1.23321624918318,-0.244678557014993,-2.0592731694661,0.601034142128082,0.116964612161334,1.35811915909774,-0.405122580110374,1.25808251885979,0.566862165802633,-1.04573671507713,-1.00841428722264,-0.930668231079202,-1.07776935120844,-1.11075890620342,-0.978565285147405,-0.956411184176713,-1.53466458868703,-0.532665618250428,0.499412270264063,-0.286904425214791,-0.226875569169311,-0.586463083611209,1.32682556052599,0.0824355567210018,0.117572123049754,1.20305209280765,-0.413219819433159,-0.506438677988928,-0.618564013678328,-0.391348688885798,0.272900576804145,0.0250464516485512,0.0189685659473083,-0.808871504665675,0.465867519057289,0.857434586358428,-0.0381763034178386,-0.000690227188266011,-0.100894450061688,0.24714434506481,-2.206680226631,1.30520508099459,0.578708116571755,-0.800393493714657,2.05397936498323,-0.641666709654437,0.77218486682801,0.481421648160263,-0.885696359334983,-1.84353233788575,-0.391348688885798,-0.504578098615964,-0.504578098615964,-0.370866985519292,-0.274206900559272,-1.2670363105317,-0.00616663970913513,-1.3892533489703,0.390824193496339,-0.592122486177232,-1.23504806525446,0.793585804862147,0.212409265870761,3.49866877560303,0.617322065653698,1.27788477050604,-1.53137632838129,1.22972191624619,0.682832724400303,0.682832724400303,-0.0616228744930443,0.164544216239436,-0.534613396479251,-0.236918153797056,1.16017042020929,0.65722458063374,2.63487820670041,-0.695793398648614,-0.987985994494734,-0.286904425214791,-0.853606712675401,-0.899600712687643,0.192634769739419,-0.769590402450023,0.312645653531477,-0.675254778272487,0.820624532664704,1.18371487005353,1.34359155037618,0.468218969810561,-0.897080987655194,1.83457718566582,0.43905062085352,-0.826699247575706,0.799273698727645,-0.00616663970913513,-0.105483377924108,-0.433845179637909,1.65686847317162,-0.433845179637909,-0.34476848053886,2.30490968715737,-0.576459764357761,0.458579831344262,-2.39522287841246,1.03022712427771,-0.51147345739279,-0.845653115392282,-0.338600020013028,-1.23467066795639,-0.453822940289352,0.678929691805134,0.723886084901063,-0.314241419930838,-0.241958561604024,0.117254540572726,-0.410865128456057,2.04962329378306,-0.882023949694159,-0.315851368525389,0.152246600047036,-1.65265881220558,0.682832724400303,-0.454975190371856,1.13762442951176,0.342031597235068,-0.441241356286412,-0.333979422149212,3.72591167609637,-0.696016939253532,0.821714993870633,-0.696975043100807,-0.481197144366448,-0.343626531286471,0.580234661072763,-0.886108709818829,-0.98037958715305,-0.590959780665129,-1.28073353641309,-0.261565132142186,0.726172755495118,-0.429402032904556,-0.352508963049232,0.324222120103087,1.77701804269971,1.04953812723672,-0.867503152253548,-0.714104176963228,1.42081616337779,1.6731292242622,-1.27367338131278,-0.624470961512025,-0.000690227188266011,0.267330495563925,-0.739281849167541,0.627080642775015
comm.and.crime_point_0540,comm.and.crime,regression,0.91,0.00180724964635829,anomaly,0.507176249190595,-0.867866213748302,-0.375024355916575,-0.99803595765547,2.6450665427348,-1.77723827490169,-0.639997445119629,-0.576459764357761,-0.284915395618803,-0.235899778288672,-0.337911430842786,0.763652803239245,-0.499564470154296,-1.56531543697313,-1.05617467706755,-1.0286564448576,-0.98756602720718,-1.04277217999017,0.569447023159616,1.8557112475583,0.183525722883532,-1.03742764507821,-0.786206461289495,-0.36428070280995,-0.705728072626956,-0.749538645679329,-1.34259197230855,-0.198157722851353,-0.121200695287352,1.38736017940446,0.628950377952967,0.674887070095679,-0.58163965777976,-0.215315402983871,-0.695677644196011,-0.0809549871536759,0.110586722968685,0.597099711877842,-0.705017765998204,0.924892830816656,-0.0823847549525736,1.61233471874019,1.39279942030747,-0.632289530606369,-1.93546431745018,-1.89314463762633,-2.12129605712225,-2.10375444313305,-0.36444325550718,-0.323496951900488,-0.0579168405136468,1.82653673144917,-0.34476848053886,0.774980869676324,0.139282888348225,-0.243561843564225,-0.142989533805432,-0.514709337364183,-0.60138190496379,-0.653776320283739,-0.608454173918587,0.767391182341933,-0.548829847861638,-0.343942476362171,-0.429402032904556,-0.897080987655194,-0.977864586741049,-0.444251915781118,-0.875743755033986,-0.267978366150136,0.433686533243749,-1.23321624918318,-0.244678557014993,-0.564613569898551,-0.856817549342979,0.759843941378858,0.299837597034825,0.111080258000336,1.79339899517967,-0.305674795128326,-0.778386370841756,-0.749282268400272,-0.760637999705362,-1.30574407076435,-1.11075890620342,-0.978565285147405,-0.956411184176713,0.176251652332003,0.214903302320632,0.291720927252114,-0.286904425214791,-0.226875569169311,-0.716257828742818,0.592713710226646,-0.193271420973861,-0.0320378408055168,-0.360857437271886,-0.321861540250354,-0.457199869470233,-0.618564013678328,-0.391348688885798,-0.0922487271028942,1.27253664374943,0.491760072183968,-0.709945487718708,-0.245827430569399,-0.294515666436819,1.61668345778153,-0.115382978305131,1.84290780523306,-1.75010019431373,-0.424861492610813,-0.493873574512357,0.358142534415864,-0.864828255976639,-0.949587954657186,-0.380579614390398,-0.390868007842976,-0.10010478917523,-1.23967902989064,0.131698570334978,-0.391348688885798,-0.413219819433159,-0.595936377798769,0.763017663402644,1.84203791982337,1.18000319046612,0.108751861038678,0.414646167749156,-0.978565285147405,-0.256997773580451,-0.992293355466893,-0.777184479464502,0.0479899816524777,2.89178200113413,0.0881812846222431,1.86517425074552,0.558450217042117,0.850438776107769,-1.56531543697313,0.682832724400303,-0.554880727147895,-0.543205919690318,0.795140174306145,2.1245798644332,0.703657382637049,2.71190809236342,0.798631967738489,2.26142123663844,-1.43464048505304,-0.286904425214791,-0.143536973699349,-0.739004709724335,0.499680118149013,-0.483006127832491,-0.9955116260173,-0.862692382208638,1.00319918461822,-0.598673237091449,-0.888608530066145,0.511987598838842,1.63902366609309,0.0639149947615938,1.19497372013481,-0.531713688779321,-0.248412816512834,-0.00616663970913513,1.60324558338117,4.02133872235753,0.153849957336276,-0.043039574199713,-0.34476848053886,-0.304397343978269,-0.40441055463925,0.352751675137971,2.48066799283481,0.627044535799378,-0.708757207400764,0.302050946381135,1.08770057285619,0.987720612375717,-0.138628602798245,-1.04783791719925,0.569266126325109,-0.611019470771741,-0.149937701058835,-0.531713688779321,-0.0774626830755764,-0.273610749555595,0.806725466558606,0.148795440142343,0.00542422998716656,0.176251652332003,0.682832724400303,-1.05911760742057,-0.956619933665339,1.03518252779145,0.660351242786569,-0.241958561604024,-0.59830836089083,-0.569295082344151,0.525175431526179,-0.632289530606369,-0.705827158615937,0.592001101920479,-0.350646997593453,-1.34006551559698,0.865330321151163,0.699375414281087,2.68963474445969,-1.01147293011705,-1.23321624918318,0.0425220826264111,0.0939557434661589,1.3609621849323,-0.590386957395979,-0.458589923959548,-0.912061542959443,0.423745243452043,-0.319107477609904,-0.00131209356022966,0.569447023159616,-0.673881504635512,-0.34476848053886,-0.50201955950362,-0.347885794497196,0.929718513293784
comm.and.crime_point_1845,comm.and.crime,regression,0.06,0.00536165319125603,nominal,0.324222120103087,1.56802290981872,-0.0598300184254683,0.712235169314856,-0.550930207394384,0.271611279434983,1.94525033776982,-0.40441055463925,-0.220480633356821,-0.375210946038594,-0.337911430842786,-0.854781757879046,0.0462183158830917,0.682832724400303,2.00072425218612,1.21284840595769,-0.693603398154691,1.37200047319184,-0.812893280194679,-0.935362272316362,-0.234225751351356,1.83763212485009,1.62080293308025,1.56287133274974,1.68364091107885,0.889055645386725,0.550854342883945,2.15053449068482,-0.35568405855027,-1.15122030423583,-0.823995980623335,-1.00405920189194,1.47387709835544,-0.808871504665675,1.02809986702118,-0.0809549871536759,0.566539011621171,-0.961299274358306,1.4958307750464,-1.65100928860312,-0.310386422371632,-1.58456398029216,-1.65719968679194,0.596735206787962,1.53029033533172,1.40217184060813,1.26157141007396,1.13372553814103,-0.660982817851633,-0.152304562810898,-0.333979422149212,-0.869747200724323,0.114002523928599,-0.183536053079654,-0.0977690742382896,0.10383609353668,0.0621704808792462,0.375907968122917,0.456447592652474,0.57120162984028,0.583936610153808,-0.422722787841705,-0.0936970898511967,-0.29306929945644,-0.114785955883911,1.04923188615163,1.04842656874146,-0.180122176360894,1.55972771991409,-0.553751890761977,-1.01552071184278,0.726172755495118,-0.37760024144161,0.930046029669001,1.57293526977546,-0.571834669143156,0.141095362725389,0.455215483407476,-1.04789614836431,-0.0148291414846731,0.914832475982277,0.97826452374882,0.982171871876493,1.93149694692954,1.46954131782919,1.67966134986692,1.33969946404113,-0.118733906464382,0.428494422483792,0.810949284781987,-0.286904425214791,-0.226875569169311,0.841279112836488,-0.777628410332139,1.01983928088354,0.167442111001511,-0.411306131790581,-0.0477867027019386,-0.358722252432842,1.73895045385769,0.565675602981562,-1.00512198687049,0.756333805638724,-0.138628602798245,3.04924315626605,0.58448334399507,-0.00652810323800724,0.0759519559752211,-0.230075729421995,0.925001184677206,0.988978031119698,-1.01880107061754,0.352751675137971,1.18526346750045,-0.220480633356821,-0.900349146138491,-0.328362195337591,1.01448754905113,1.20832969482963,-0.177731018223659,0.724267842801197,-0.391348688885798,0.317646414029282,-0.139144981884744,0.223072592487436,-0.274206900559272,-0.337161300152529,-0.753136894569917,0.260026209173202,0.310271871223178,-0.400622650407643,-0.688849968232438,-0.777184479464502,-0.171235730638567,0.646300935599162,0.82897837806628,0.690595290266559,0.35356526160845,-0.192589859272896,0.682832724400303,-1.56531543697313,0.65086069045285,0.518419284204312,-0.534613396479251,0.454251997880092,-2.8343186585478,-0.29844216900797,0.15346437026538,-0.826258750205395,0.10383609353668,-0.286904425214791,-0.471261468611373,-0.471344704785489,-0.728501275489362,0.94991524525517,-0.786206461289495,-0.768973580240562,0.0903259248506256,-0.895737921615612,0.42445034078228,0.161838566612595,-0.779122631666902,3.02874470976401,0.871006677585685,-1.82965014748341,0.0824355567210018,-0.695677644196011,-1.06664341865833,-0.277522937462631,1.81790617129683,-0.277522937462631,-0.34476848053886,-0.739281849167541,0.197761679375541,-0.70552988692494,0.460656060460939,0.396654485240329,-0.4325599573896,-0.888160673235742,0.717918937667871,0.881892456169426,0.885752994047852,0.312645653531477,0.208486222981217,-1.30350158940051,-0.241958561604024,1.17920255223971,-0.839525415373817,2.68323257832997,0.243808994474351,-0.696016939253532,-1.36491789057162,0.23524876409128,0.682832724400303,-1.13966992969373,-0.377360854488696,1.23322565080756,0.682832724400303,-0.333979422149212,-0.59830836089083,-0.273610749555595,-0.127211605631618,-0.696975043100807,1.65278799100371,-0.499564470154296,2.73596060745768,-1.4409448057699,-0.125050605255976,0.649747137552387,0.530311644335899,-0.0272189452750407,0.726172755495118,-0.219657981557459,-1.35705455270886,0.324222120103087,-0.669300457399169,-0.106693378680418,-0.912061542959443,0.37633485093474,0.397331668679148,-0.890859043653398,0.68464204843914,-0.42682878901808,-0.34476848053886,1.08797055430264,0.478394765362422,0.274003127169785
comm.and.crime_point_1240,comm.and.crime,regression,0.18,0.126036873520782,anomaly,0.690130378278102,0.524070428289996,-0.217427187171022,-0.570468175912889,-0.4325599573896,-0.0562046492588845,-0.496372568292438,-0.490435159498505,0.617171276048942,0.182033724961094,0.502906423102059,0.819460891553668,-0.499564470154296,-1.56531543697313,-1.15170276860673,-1.4113523949968,0.188284489002777,-0.76198466217831,1.14542214955724,0.955364950824539,0.302883286950643,-1.03742764507821,-0.890859043653398,-0.953132713675412,-0.647450780341448,-0.628161290785547,-0.01206212920031,-0.853606712675401,-0.043039574199713,1.12474840523477,0.394604191085821,0.724267842801197,-0.725047803556634,1.21911184274716,-1.38518864868289,-0.377418245894594,0.224574795131807,0.295474101638588,-0.221904671622559,0.760473546598372,-0.481387672935926,0.413497706603062,0.630299643532615,-0.56760401811193,-0.351119333321313,-0.4393285442876,-0.521291173988909,-0.537231871548822,-0.127211605631618,-0.380561081597017,-0.241958561604024,-0.391374245016123,-0.34476848053886,0.272900576804145,-0.0503586817209869,-0.243561843564225,-0.245569541147772,-0.641940381005198,-0.686008264773091,-0.696016939253532,-0.693624944209472,0.723312887149946,-0.594343123662683,-0.29306929945644,-0.376966020067782,-0.720143453672756,-1.10450778395871,-0.0744702805928035,-0.0639199300512947,-0.315607286918777,0.433686533243749,-1.23321624918318,0.0211648118382402,-1.23463339039435,0.115083578304395,0.0251247079874021,1.51686139340717,-0.319088773758589,1.71104261420738,0.372965063373531,-1.00117832437123,-0.965225617418908,-0.888160673235742,-1.21455418294199,-1.11075890620342,-1.13966992969373,-1.05012998614479,0.648228546406218,-0.586063398291218,-0.0198160872658089,-0.286904425214791,-0.0276726255657857,-0.802787658830557,0.592713710226646,-0.193271420973861,-0.0819078287572736,0.496770369545922,0.500362972394892,-0.900349146138491,-0.662221689003069,-0.391348688885798,-0.00096140112613429,-1.13640993410055,-0.0598300184254683,0.0814626478570313,0.821714993870633,1.43340971275605,-0.722945859776196,0.114002523928599,-0.370866985519292,-1.57890780522414,-0.478855999702333,1.30520508099459,1.07498067642251,-0.413784920142767,0.330621066828893,-0.223927357231975,-2.18390785629408,-0.148565325619854,-2.8915981591504,-1.59662847435816,-0.391348688885798,-0.413219819433159,0.134929855663671,-0.424861492610813,0.935075853945092,0.25012818008695,0.683344364777741,0.826966057285032,0.672757321452404,0.221751815843521,0.221480193470925,0.592204999179243,-1.21255786402103,-1.23504806525446,1.30520508099459,1.03318082040625,0.59942720812885,-1.47267045724008,-1.38546358406325,-0.261389503376538,0.65086069045285,1.16719024213992,0.60517537847966,-1.3888684065923,0.703657382637049,0.943924605526253,1.09640162811069,0.82630236951384,1.19565818156809,-0.286904425214791,-1.01746896013141,-1.80964472947972,0.346157443944216,-0.0531297159061927,0.364971944713428,-0.440957773352299,3.1028076820837,-1.7869319751881,0.687062114951965,1.64997195357414,-0.484226741696171,1.01101337594292,1.41095174850089,-0.118733906464382,1.57125323627326,0.625885114403834,0.748881102728531,-0.35568405855027,1.97894386942205,-0.199361816374992,-0.000690227188266011,-0.391374245016123,-0.490435159498505,0.352751675137971,-0.723488865413399,1.83659230123439,-0.590386957395979,0.812141640502654,0.770744885551916,-0.758443965028085,0.176565734692862,-1.30946937310901,0.569266126325109,0.0814626478570313,-0.333979422149212,-0.531713688779321,1.73243630613274,-0.653776320283739,-0.574978601284565,-0.400332606464976,-0.386102090172486,-0.35472235350149,0.682832724400303,-0.978565285147405,-0.956619933665339,1.18371487005353,0.682832724400303,-0.333979422149212,-0.750927891608026,-0.400332606464976,-1.66921732982277,0.467364181799085,0.13653539481965,-0.265657561852559,1.65809763426522,-0.785229419645906,0.865330321151163,0.252720923722782,-0.0965886105387498,-1.10521140486391,0.726172755495118,-0.114785955883911,0.372996185038278,0.324222120103087,-0.235276207381626,-1.81590517003619,-0.956619933665339,0.423745243452043,0.499680118149013,0.103340488803673,0.396654485240329,0.660203159698619,-0.34476848053886,0.267330495563925,0.217464062248858,-0.23039332369483
comm.and.crime_point_0638,comm.and.crime,regression,0.54,0.006537010930137,anomaly,-0.224640267159436,-0.519882053238727,0.570558656556745,0.406829610927298,0.277661542639106,-0.220112613605818,-0.256997773580451,-0.103324437631854,-0.0271763465708762,0.251689308836056,0.0824974961296363,-0.240892786420384,0.669970071354392,0.682832724400303,-0.14865780744537,-0.0992519945195506,-0.791590941172187,-0.930457172865427,-0.121723128517532,1.76567661788493,-0.532619661519134,-0.0790743884354456,-0.367596131833887,-0.310748701822181,-0.239509734342896,-0.203340548657311,-0.421455927079768,-0.744365214371393,0.425927152326122,0.205607195640876,-0.261565132142186,0.279840888451533,-0.82065323407455,1.21911184274716,-0.121085140456948,-0.0315444440301896,-0.288371529602239,0.597099711877842,-0.866055464123419,0.0479899816524777,0.886622331578425,0.356410229834627,0.194585485375557,0.855477256765716,-0.846227140861585,-0.827012835844596,-1.25272197770701,-0.746101547760053,-0.186519518100509,-0.323496951900488,0.678250043847861,1.30467532522204,0.458080777279193,0.272900576804145,0.660797206038557,0.600118860823686,0.523780513919773,0.503139011763931,0.668013492175727,0.57120162984028,0.541351225008366,-0.378644492649718,0.315922392358201,0.673521061752464,0.619318223830926,0.518419284204312,1.17506976595912,0.0840075630593312,-0.469831842542641,-0.0298337623069365,0.259781663833366,0.726172755495118,0.353469022904782,0.00232627821327909,-0.694834028068417,0.759843941378858,-0.282217262099776,-0.792274708693406,0.105093185247738,1.48787340234087,0.38013178751153,0.244057137085456,0.00449804147691576,-0.0746805851624468,0.370524555741227,0.43110035463292,0.40251144436038,1.00221121696188,0.588687762606162,1.43402331381783,1.17498848077744,-0.0276726255657857,0.495159792485531,0.886358450346385,0.46842532549381,0.167442111001511,0.698565147620701,-0.0477867027019386,0.626053917941065,0.647508570739164,1.02338287300508,2.09864709633934,-2.12579870714607,-0.375024355916575,-0.215315402983871,-0.542366992913852,-0.58250322963563,0.133016085671751,-0.34476848053886,1.51894076268393,-0.152304562810898,1.6809242839585,-0.017646871584048,-1.07553374959742,-0.800393493714657,-0.0140505928019747,1.08150811908822,-0.390868007842976,-0.536249617176849,-0.35472235350149,-0.806536111069869,-0.391348688885798,-0.504578098615964,-0.321861540250354,0.925001184677206,1.71247191041218,0.788476870306472,-0.465840642700386,0.363106181557171,-0.495251351508437,-0.639997445119629,-0.506783935891765,0.914414288271889,0.102796409725239,-0.264029226104202,0.194009440828534,-0.924450780392009,-0.793790488820086,0.755617991073163,0.682832724400303,-1.56531543697313,-0.226042158711328,-1.13299769963178,-0.787899790914564,0.108666922041517,-0.323496951900488,-1.06297556872134,2.0889671626847,0.782813918994912,0.649747137552387,-0.286904425214791,-1.12671045843542,0.33163531003105,0.141460545004487,-0.960646585528377,0.364971944713428,-1.28442699106498,0.0446822618622457,-0.00454386804312309,0.161838566612595,2.26273275997008,-0.66116427567861,0.969835185456777,1.84290780523306,0.471237211128387,0.578708116571755,0.625885114403834,0.161505522279842,-0.35568405855027,-0.436621602456179,-0.199361816374992,-0.34476848053886,-0.391374245016123,-0.576459764357761,1.56977547151032,2.96825707995953,-0.236918153797056,0.00146429262794278,3.10754976404949,0.400963250363601,-1.816725527091,-0.296225771543798,-1.15249049956315,-0.10075369417069,0.378240698697934,-0.241958561604024,-0.295725241742213,-0.649009732299257,-0.231370130585801,-1.08672084863389,0.866885962628837,-1.41385868059157,0.117254540572726,0.682832724400303,0.833861965998727,0.781157303864591,1.57980111608575,0.682832724400303,-0.149937701058835,-0.343942476362171,-0.0201670357368324,-0.483059080444962,0.0145655943380156,0.0242203876949048,-0.187688592418646,-0.546622083628446,1.23235638381255,0.190070598600841,0.302349200451482,-0.0965886105387498,-0.58964979375619,0.726172755495118,-0.00991393021036301,2.04723883447099,-1.50531917077199,-0.393103207388005,-0.961299274358306,1.04850764809996,-0.145179466755593,-0.267933252874971,1.93476068017196,-0.179320641157294,0.462560987204673,1.37562278621411,-1.42523962558467,2.0439789840438,-1.39050516068344
comm.and.crime_point_1165,comm.and.crime,regression,0.19,0.0104689791753385,anomaly,1.3609621849323,0.176086267780421,1.12214874716618,-0.0207381708152835,2.28995579272044,-1.61333031055475,-0.209122814638054,-0.490435159498505,0.294997464739033,0.669622812085821,0.502906423102059,-0.687357492935775,1.13778388795787,0.682832724400303,-0.244185898984547,0.611469055738957,-0.693603398154691,-0.593512151491192,-0.812893280194679,-0.26010254976604,1.01902867135331,-0.381712258954214,-0.419922423015838,-0.257216700834412,-0.12295514977188,0.282168870917816,-0.267933252874971,0.129566772060671,0.582249394501401,-0.10077320755709,-0.402172844262473,-0.21396683860365,-0.294823366226011,-0.0669263775634199,0.396048112908209,0.116687185340269,-0.231377493520679,-0.257506183800045,-0.382942369747774,0.596054262380089,0.0316160787569558,0.356410229834627,0.466906834223718,-0.244176455639738,-0.301608552567286,-0.390868007842976,-0.384147898291766,-0.171709938179167,0.0507121317750543,0.30420847476134,0.494208322757484,0.521883215881349,-0.000690227188266011,-0.229179716068034,-0.00294828920368394,0.00457954007927846,0.0108804772080765,-0.557119685244521,-0.516755545154489,-0.527054463374357,-0.523283403627701,0.635156296765973,-0.503316572060594,-0.445688830173635,-0.429402032904556,-0.0713724957371486,-0.281327002043937,0.295311354595511,-0.317614875358386,-0.315607286918777,-0.319901234201248,0.726172755495118,0.885155760611249,-0.0492137079787055,-0.26287797133625,-0.52591471705619,-0.546787652615503,0.283147870703906,0.187449566220028,-0.402623346342877,-0.421919245194591,-0.446961579774181,-0.505592652644603,-0.16587047298481,-0.250658831525885,-0.293870545825533,-0.20666076843211,-0.0597367947051054,0.428494422483792,0.135952419993153,-0.189444898148642,-0.226875569169311,-0.586463083611209,-0.777628410332139,-0.524119794207697,-1.07930758779241,-1.47072871668317,0.774437809943307,-0.06328940132067,-0.138329585106176,3.39513872676332,0.957555521629844,-1.13640993410055,0.0189685659473083,0.477166715644901,-0.00859578069383644,-0.640100742275393,-1.97835671309985,-0.230075729421995,-0.802823042251458,0.874849771726638,-0.478855999702333,0.723150221859989,-0.138130025434889,0.617171276048942,-0.900349146138491,1.02929070003541,0.432961111715639,-0.148565325619854,0.117254540572726,-1.10282074730298,2.56294369035692,0.134929855663671,-0.413219819433159,0.655028649219603,-0.965225617418908,-0.239279720112616,-2.70675140728273,0.981586015860986,-0.414699029235275,2.75912463979058,-0.506783935891765,1.47828054418402,1.08931211503494,-0.567472613338656,-1.49924105847212,1.13106240044617,0.763335172475784,-0.666693784445925,0.637869761172835,0.682832724400303,1.08931211503494,-1.01503934364349,0.161924188217862,-0.697698254915155,0.817785642030109,1.56510799279336,0.500862307366285,-0.608816497610759,-0.64058805739383,-0.286904425214791,0.457291266972696,-0.739004709724335,-0.830849724959226,-0.817354448219611,-0.00131209356022966,1.48027766699325,0.272900576804145,1.33224721231561,0.511987598838842,0.161838566612595,-0.248310029719587,2.69931918587485,-1.12679008480058,3.0081130167773,-0.634402585285642,-1.32772939830898,0.0547099621982618,-0.277522937462631,0.261208422753086,0.582249394501401,11.1245066311476,2.26142123663844,-0.576459764357761,0.564407987550553,0.112378141086133,0.511849510519854,-0.393103207388005,-0.123024632053464,-0.232948124244939,-0.864272121234376,-0.296225771543798,-0.0536383847421805,0.826966057285032,-0.413167436877806,5.83141823437842,0.648228546406218,-0.0298337623069365,-0.189129511616007,-1.64963732071814,-0.10464827367642,0.494832130186732,-0.236728129982936,0.682832724400303,-0.213318223552372,1.89511707151198,-0.796716360107558,0.592906797945366,2.24260467311607,0.419155177223805,1.7961795799643,-0.00859578069383644,2.40792955663224,-1.21124469067729,-0.265657561852559,-0.301653226084705,-1.34006551559698,-0.890344957479674,1.29491473502549,0.530311644335899,-1.19894987961077,-1.23321624918318,-0.48183804574133,-0.240892786420384,0.324222120103087,-0.669300457399169,0.194932231558836,1.13762442951176,-0.619283391928622,-0.267933252874971,0.312645653531477,0.223861947321042,0.610792616575132,-0.230075729421995,0.882810539617961,0.869790820032767,-0.633910484386522
comm.and.crime_point_1737,comm.and.crime,regression,0.08,0.050508548183041,nominal,1.48293160432397,1.22003874930914,-0.217427187171022,-0.875873734300447,-0.629843707397574,0.640404199215584,0.461126610555507,-0.490435159498505,-0.735958731452675,-0.932455617038282,-0.638203521537374,0.317188096723854,-0.109719622984733,0.682832724400303,0.56780287909846,0.0647605555401046,-0.399640769102202,0.978897948255237,-0.0641256158777693,-0.845327642642986,0.481919633051309,0.677520287861476,0.992887438896841,0.866955319908742,0.692926942225224,0.221480193470925,0.806725466558606,0.23880827036468,-0.35568405855027,-0.844839901037864,-1.15208064223734,-1.20158229271402,0.66123093895315,-1.05618654703309,0.625885114403834,-0.525649875265053,0.338562867294928,-0.91102833931843,0.690642284420326,0.157602837798,-0.766389757209749,0.527672660139931,0.357978294684454,-1.08508811806744,0.342031597235068,0.529882184604888,0.53014060635586,0.559333928560141,1.0589466437462,1.10310629051276,-0.241958561604024,-0.695793398648614,-0.115382978305131,-0.457398031009934,-0.571872999411319,-0.739844610851231,-0.758469577859468,-0.260247250082155,-0.262876465726585,-0.315851368525389,-0.310356477900488,0.41476482080604,-0.321263468856418,-0.801801068513758,-0.7440181099252,-0.66116427567861,-0.534613396479251,-0.814033550969433,0.443469960562887,-0.458494049224697,-0.377869524004709,0.726172755495118,-0.37760024144161,1.08466598824495,0.331061606670478,-0.939194285838884,-1.02301435554381,0.455215483407476,-0.883183386419734,-0.354149070735601,0.469248568923321,0.589566495515274,0.812141640502654,0.563648629594096,0.274957880777056,0.229719548950016,0.168214439440191,0.117254540572726,-0.692858958372798,-1.36980981684348,-0.189444898148642,-0.226875569169311,0.105775557090704,-0.630806040272269,0.137576952259974,-0.530737720323085,0.14362950791506,-0.413219819433159,0.576815109422369,0.734823921388646,-0.391348688885798,-0.959478323882113,-0.405122580110374,0.334162903438415,0.823407774959287,-0.0679036931627271,-0.640100742275393,-0.0381763034178386,-0.34476848053886,-0.910812056434499,-1.35065128643802,0.655028649219603,-0.123475027790339,-0.524119794207697,0.423866989262996,-0.161767018358061,-0.954971223971284,-0.633170690066098,-0.681631226510723,-1.00369058285354,0.872410160917752,-0.391348688885798,0.134929855663671,-0.504578098615964,0.00709456412135369,-0.706093598596545,-0.337161300152529,-1.21281089756117,-0.822313500858473,1.67966134986692,-0.352747691465246,0.52492358070538,2.32407992805221,0.705667118525611,-0.203340548657311,-0.70552988692494,-0.826569200352095,-0.670859515559886,1.56159466386731,0.255684573739351,-1.56531543697313,-0.33565501485685,0.931273530163335,-0.471291797870422,-0.236918153797056,1.04604216081623,-0.202875494043799,2.98227614380132,-0.391374245016123,-0.987985994494734,1.07752895371129,-0.471261468611373,-0.792536710712104,0.243808994474351,-1.00841063129797,-0.158290967106083,-0.20666076843211,0.957555521629844,-0.00454386804312309,-0.888608530066145,-0.976145788122707,-0.0123933177430025,-0.800827005447445,0.385056113761999,-0.472716577020044,0.46842532549381,2.40712187599493,-1.01324563861754,-0.277522937462631,-0.651338533289799,-0.121200695287352,1.37562278621411,-0.652304948129686,-0.576459764357761,0.458579831344262,-0.653833281538438,-0.0641256158777693,-0.472016707391195,-0.208039747740384,0.136833510943376,-1.44632698036898,-0.453822940289352,-0.472248714197789,0.981586015860986,-0.709945487718708,-0.333979422149212,0.825219881684049,-0.696638653067897,0.740164105719455,1.36964193864286,2.51427010245079,1.66941109066569,-0.118733906464382,0.14327716567068,-1.05911760742057,-0.600152808018174,-1.34133494840186,0.682832724400303,-0.333979422149212,-0.852674245419489,-0.611535701313945,1.23687038115287,1.5023323817101,0.529637919756257,0.280125224184829,3.47086718008891,-0.179953678608368,-0.440171809112793,0.401605753908883,0.321344892711017,0.816427327446683,-1.23321624918318,-0.376966020067782,-0.519933227992503,-1.26138033198864,-0.708757207400764,0.044119426439209,-0.867503152253548,0.992669953659678,-0.626152826019497,0.103340488803673,-0.409710691716343,0.956666418439536,0.802159030629787,2.11377062772603,-0.565328047091832,0.1226841919104
comm.and.crime_point_0161,comm.and.crime,regression,0.07,0.074180149971957,nominal,0.0192985716239078,-1.56383453476745,-0.375024355916575,-0.142900394170307,-0.550930207394384,0.517473225955383,0.700501405267494,-0.533447461928133,2.67908366843236,2.61997916058473,3.44576891190902,-0.0176604331626889,-0.499564470154296,-1.56531543697313,-1.15170276860673,-0.427277094638862,-0.105678140049712,0.0803778912572774,-0.121723128517532,0.0550186540907768,0.123846940849976,-0.93654835490529,-0.943185334835349,-1.11372871663872,-0.647450780341448,-0.688849968232438,-0.267933252874971,-0.143536973699349,-0.277522937462631,1.25605429231962,0.44147342845925,0.0329370249239415,0.42221736265836,0.279314681750966,-1.55756639980461,-1.26680802211735,2.04838394974175,-0.709944599158927,0.368566888169896,-1.21255786402103,2.82463650464042,0.128060322760887,-0.622378561168927,-0.955717093078561,-0.103565429551178,0.0452768201586437,-0.338433473059384,0.246029414243294,-0.720290730320524,-0.380561081597017,-0.333979422149212,-0.652304948129686,-0.230075729421995,3.1028076820837,2.8890856543518,2.68450648342911,2.01119062038369,1.18170457784934,0.752639851985028,0.528961010870487,0.28583891413571,0.41476482080604,-0.503316572060594,-0.801801068513758,-0.848890135598748,-1.19197687762592,-0.977864586741049,-0.814033550969433,-0.977221733156823,-0.315607286918777,0.549623112850672,-1.23321624918318,-0.311139399228302,-0.513073583706566,-1.07279557770906,-0.801434429577986,-0.017646871584048,0.369181677055691,0.187449566220028,-0.354149070735601,-0.867503152253548,-0.835659608007726,-0.803145557548822,-1.12336429511962,-1.11075890620342,-1.05911760742057,-1.1907081890969,0.117254540572726,-1.49382565898465,-1.00634996657257,-0.286904425214791,-0.226875569169311,-0.197078848216383,-0.0924573500527467,-1.73723049606509,-2.37592727453809,-1.42028002216447,-0.413219819433159,-0.407961060951538,-0.662221689003069,-0.391348688885798,-0.00096140112613429,0.369181677055691,-0.217427187171022,-0.215315402983871,0.525175431526179,0.569447023159616,-0.0381763034178386,-0.34476848053886,-0.100894450061688,-0.951202378562316,0.385056113761999,-0.758443965028085,1.68153602735121,3.51673557783812,-0.949587954657186,1.29037779529945,0.869105939717259,0.723724330383386,-1.71165592396486,-0.806536111069869,-0.391348688885798,-0.139144981884744,-0.0477867027019386,1.30296273431785,1.71247191041218,-0.777628410332139,-0.0636258900830415,-0.66769354228252,-1.34105073537663,-0.639997445119629,-0.324717903551093,0.43110035463292,0.102796409725239,-0.324717903551093,-1.18175658985325,-1.75644421073127,0.927243136822718,-0.951156139549743,0.682832724400303,0.368091981808023,0.486441406234567,-0.425247563702025,-1.5477589742205,0.454251997880092,0.760721512333579,-0.107308819079628,-0.839101164308632,0.260952512767785,-0.0946770133781229,-0.286904425214791,-0.798985963523397,0.33163531003105,-0.01206212920031,-0.960646585528377,-0.786206461289495,2.46432508765804,-0.868190997905353,0.936160966283394,-0.976145788122707,1.12474840523477,-0.543205919690318,2.82285375733329,0.277067099578957,0.23524876409128,1.18526346750045,-1.32772939830898,-1.70741677914781,-0.199361816374992,0.690642284420326,-0.433845179637909,1.03154453286352,-0.217420442940414,-0.576459764357761,1.35811915909774,-0.235899778288672,-1.3888684065923,0.396031792643891,-0.930668231079202,-1.55359682134606,0.511493909447407,-0.453822940289352,-0.890859043653398,-0.564613569898551,-0.0174633690899362,-0.149937701058835,-0.649707912297875,-0.410865128456057,-0.78049817719312,-0.933198174429091,2.55651072142059,-0.0435165600327901,-0.413719465260767,0.682832724400303,-0.978565285147405,-0.110010510253322,-2.13350744046629,0.682832724400303,-0.333979422149212,-0.700054714702294,2.26082638863203,-0.838906555258306,-1.8613142680007,-0.0880946194298402,-0.499564470154296,-0.497628312119698,0.274003127169785,-0.800310327806298,0.302349200451482,-0.653833281538438,-0.214695894768757,0.726172755495118,-0.48183804574133,0.26138000840943,-1.50531917077199,-0.708757207400764,0.697641581957593,-0.64471119872407,0.945259561142375,0.755551241823674,-1.1001642083812,0.569447023159616,1.7966456515388,-0.34476848053886,-1.73297964761169,-0.0869550913836323,1.73675283467717
comm.and.crime_point_1333,comm.and.crime,regression,0.12,0.252307150550725,nominal,0.324222120103087,0.524070428289996,-0.375024355916575,-1.60884707443059,-0.314189707384816,0.640404199215584,-0.592122486177232,-0.533447461928133,-1.18700206728655,-0.653833281538438,-0.518086685259539,1.87981456952772,-0.343626531286471,0.682832724400303,-0.100893761675781,-1.08332729487748,-0.742597169663439,0.641952926881002,1.26061717483676,-0.710275698132921,1.73517405575597,-0.0286347433489841,0.888234856532939,0.866955319908742,-0.12295514977188,-1.05298203291378,-0.523804376549633,-0.143536973699349,-0.35568405855027,-0.62599675589646,-0.964603692743623,-0.806536111069869,0.278809216881485,-0.512093453824773,-0.350922141952573,-1.56327128085826,-0.174383457439118,-1.21265394955768,0.529604586295112,0.322022122016284,0.145616912466485,0.185147799529322,0.249049755145189,-1.47320119303407,-0.747205579353531,-0.487789080732225,-0.292719047827003,-0.328362195337591,0.940330818808414,0.703657382637049,-0.241958561604024,-0.260908893459341,-0.34476848053886,0.683693543699564,1.3245427012808,0.600118860823686,0.216040491892755,-0.429888641603507,-0.389816005440537,-0.484813844404564,-0.523283403627701,0.635156296765973,-0.45780329625955,-0.59830836089083,-0.691582097088426,-1.48687276759666,-1.73772377004699,-0.761207603085388,-0.723526787849732,-0.553751890761977,-0.783647552628939,0.726172755495118,3.6765111335702,-3.70855272760961,-0.640839520976896,-0.893274333751918,2.52222887736694,0.197114064352121,-0.471401481558287,0.421439338980806,0.647482131746904,0.805509844533911,1.19470966109379,0.746028405238823,0.609441243151654,0.511652676906082,0.730527251248644,0.117254540572726,1.60324558338117,1.84940599984173,-0.286904425214791,-0.226875569169311,-0.629727998655079,-1.46279947061153,-0.744685376363587,-1.27878753959944,-1.11758785505231,-0.413219819433159,-0.211005826876756,-0.00735655913195239,-0.391348688885798,0.409831565769285,0.197114064352121,0.334162903438415,-1.10564955550658,-0.186519518100509,0.16626443468128,-0.0381763034178386,-0.115382978305131,-0.100894450061688,2.18732475474682,0.385056113761999,1.1993769247883,0.523566721032782,-0.478219682404748,2.05397936498323,-3.04366798608359,0.33604003882639,-0.197025862064479,0.176251652332003,-0.855916883775387,-0.391348688885798,-0.321861540250354,-0.321861540250354,-0.316872478427771,-0.576527589185363,0.592713710226646,-0.523299893074292,0.672346098709078,-0.495251351508437,-0.687872404062027,0.889055645386725,-0.0119374178694681,0.65086069045285,-0.628161290785547,-0.0705609496871936,-0.826569200352095,0.47649623486865,-1.33043927968817,0.682832724400303,-1.56531543697313,-0.116429302565806,1.04923188615163,0.415210582653175,0.396654485240329,0.0759519559752211,-0.919625556275082,0.451234030637584,-0.956724101762177,-0.590959780665129,-0.286904425214791,-0.525882217763377,0.0104433041044344,0.602028567618877,-1.00841063129797,3.13826537735683,-1.09698938712883,0.455475228757665,1.08469330854548,1.78127784065899,-1.01991441715099,-0.95606016564934,-1.08907433885046,-0.694834028068417,-0.177731018223659,-0.524119794207697,0.798262865525553,-0.906450078535958,-0.277522937462631,1.65686847317162,-0.277522937462631,-0.34476848053886,-0.173931992421487,-0.447422857068877,0.141095362725389,-0.235899778288672,0.627044535799378,-0.472016707391195,-0.378069979114223,0.348137302479556,2.20474440874806,-0.375024355916575,3.39989683326659,0.0538662644052637,-0.462630445351289,-0.333979422149212,-1.06268769461281,1.6848073853641,3.44356371978626,-0.0632363539352424,-0.44257322543477,-0.337161300152529,0.117254540572726,0.682832724400303,-0.334146706962114,-0.822944761547652,-1.48986729066394,-0.059056168852929,0.218145741121919,0.826140592469659,0.0643142022027552,-1.07613820513387,0.984848281754593,0.248850401944395,-0.343626531286471,-0.595615855137194,-0.93654835490529,-0.395154494276104,-1.18649910140954,0.321344892711017,-1.33955759173106,0.726172755495118,-0.48183804574133,0.317188096723854,1.3609621849323,-0.472016707391195,-0.458589923959548,-0.377360854488696,-0.0977690742382896,0.243808994474351,-0.733880170107544,0.511849510519854,-0.575060418388539,-0.34476848053886,-1.2200796109,-0.739281849167541,-0.734789774559444
comm.and.crime_point_0103,comm.and.crime,regression,0.34,0.0216638321658799,anomaly,-1.0174414932053,-1.56383453476745,0.964551578420628,-1.24236040436552,-0.037992457373652,0.271611279434983,-0.352747691465246,0.326798586664425,-1.12256730502457,-1.14142236866316,-0.818378775954126,1.87981456952772,0.981845949090042,0.682832724400303,-0.483006127832491,-1.35668154497691,-0.791590941172187,-0.0319371158674677,1.54860473803558,-0.350137179439416,-0.353583315418467,-0.381712258954214,0.155666779985624,0.171039307067742,-0.589173488055941,0.342857548364707,-0.0632363539352424,-0.143536973699349,0.504088273413761,-0.10077320755709,-0.120957420021899,0.427983206568087,-0.58163965777976,0.0319996393835476,-0.753136894569917,-0.970344763376429,-0.516347673928482,-0.458589923959548,-0.382942369747774,1.1441185431077,-0.424387256081161,0.470585183371496,0.793692452841512,-0.955717093078561,-0.351119333321313,-0.390868007842976,-0.338433473059384,-0.276144776284783,0.703099168932851,0.36127260445787,0.218145741121919,-0.0869550913836323,1.26093003509725,-0.00096140112613429,-0.145179466755593,-0.0450487366494222,0.113460484550416,0.927242490567312,0.752639851985028,0.866885962628837,0.967205076462793,-0.687192558993624,0.270409116557157,-0.242196122550708,-0.376966020067782,-1.07401852163763,-1.16782938256753,-0.814033550969433,0.189775015255796,0.398826524610824,1.65102061911644,-1.23321624918318,3.14482439586373,-2.21389312804206,0.169078085395916,-0.342234908708326,-0.22930318399663,0.283147870703906,-0.100797767182985,-0.305674795128326,-0.421919245194591,-0.403772909970454,-0.335562421270764,0.244484022215825,0.0838245308487138,0.269995710086597,0.121355038456154,1.4741881110361,0.588687762606162,0.343643763005101,0.200393210115953,1.96435681046947,1.36045809336292,-2.19691132091088,-0.193271420973861,-0.181647804660787,-0.663549604384054,0.134929855663671,0.67529272645976,-0.225644935755658,3.7696264931462,-0.137892390091274,0.197114064352121,-0.217427187171022,2.10944599526986,-1.13544611760276,1.03022712427771,-1.52184367552761,-0.34476848053886,-1.39676262025819,-1.00826650825885,-0.26287797133625,0.0881812846222431,2.01238440058504,0.166127940215069,0.232143449791502,1.18594295719383,0.966027012606508,0.33604003882639,-0.0597367947051054,1.02055247903431,-0.391348688885798,-0.413219819433159,0.409004693212087,-1.01880107061754,-0.922036947615181,0.641654500246602,0.396048112908209,0.00232627821327909,-0.736908318327921,-0.496372568292438,-0.0819631937635291,1.80048983327666,-0.500074299075133,-1.05298203291378,-0.70552988692494,1.03318082040625,-2.80166305207002,1.22972191624619,-1.56531543697313,-1.56531543697313,-0.774106439438939,-0.0123933177430025,-0.407970199261594,-0.121723128517532,-0.494689340990077,0.322741218259141,2.98227614380132,0.0435102601731493,-0.193933566835524,0.00547415598365529,0.5119120161247,-1.16726071762649,-0.01206212920031,0.0423983756329848,-0.419922423015838,1.52713706797728,0.318544239792525,1.57980111608575,-0.275847723670213,1.03721114717821,0.0465858602511433,1.79339899517967,-0.640839520976896,0.943214105202603,0.303001138876892,-1.04043314643945,0.321698862402212,-0.199361816374992,0.690642284420326,0.113282667975565,-0.115382978305131,-0.782770299686468,-0.533447461928133,-0.758443965028085,-0.723488865413399,-0.00652810323800724,0.55385879265027,0.00449804147691576,-0.655555707317298,0.511493909447407,-0.217427187171022,-0.00131209356022966,0.0538662644052637,0.229851673277482,-0.333979422149212,-0.118733906464382,-0.410865128456057,-0.315851368525389,0.550854342883945,-0.484813844404564,-0.826569200352095,-0.531713688779321,0.345610500194289,2.32407992805221,-0.0208937288415306,-1.04427026387769,0.682832724400303,-0.333979422149212,-0.649181537796562,-0.738257558223326,0.169327956712836,1.30827584422678,0.81042543756812,-0.343626531286471,3.47086718008891,-0.58347083930006,0.505191802457658,0.203092646994081,-0.584177697663477,-0.449042081635903,0.726172755495118,-0.376966020067782,0.540420449981549,-0.651533235030286,-0.590386957395979,0.747912516997469,0.692040522452799,1.3245427012808,-0.421455927079768,-0.681553878925593,0.627044535799378,1.10489804781,0.114002523928599,1.24184056531615,1.00025617158955,-0.482591549127137
comm.and.crime_point_0228,comm.and.crime,regression,0.19,0.129731963928127,anomaly,0.934069217061446,-1.21585037425788,0.334162903438415,-0.814792622622935,-0.4325599573896,0.35356526160845,-0.544247527234835,-0.0603121352022264,-0.54265444466673,-0.0269330266637888,-0.217794594564951,0.652036626610397,0.358094193618742,0.682832724400303,-0.530770173602079,-0.372606244618977,-0.791590941172187,-0.481197144366448,0.569447023159616,0.46017448762097,-0.114868187284245,-0.432151904040676,-0.472248714197789,-0.524876705773258,-0.414341611199418,-0.264029226104202,-0.728501275489362,-0.471261468611373,0.113282667975565,-0.144541836585371,1.19138122643412,1.46497943338397,-0.82065323407455,0.773944766485803,0.166211111412584,2.04369836715624,-0.972299962580968,1.70306028275511,-1.08077239495704,0.267215693943522,0.259617746176014,0.128060322760887,0.194585485375557,-0.308861968134177,-0.499651675583395,-0.390868007842976,-0.521291173988909,-0.11949251912636,0.703099168932851,1.04604216081623,0.0341040200315418,0.173975611729931,0.687466279512922,-0.183536053079654,-0.0503586817209869,-0.0450487366494222,-0.0404095264630932,0.672780403285283,0.87957939169898,0.866885962628837,0.839448921026465,-1.21613210129746,1.49926756318535,-0.343942476362171,-0.429402032904556,-0.602185097684464,-0.218005403435109,-0.444251915781118,-1.07869971127966,-0.267978366150136,0.839464561867979,-1.23321624918318,0.154086496264857,0.260026209173202,-1.23477909898362,0.300644420509198,0.194009440828534,-1.9537310944425,0.146271375733883,0.954656370660837,0.0682230525702607,-0.0150748817369079,-0.165532189896924,-0.4394401364519,-0.29844216900797,-0.334146706962114,-0.394098372368261,-0.177731018223659,0.481892202524582,1.01864062779394,-0.286904425214791,-0.226875569169311,1.36045809336292,0.201187390066993,0.633849512110727,1.06510189413313,0.194078202433754,-0.413219819433159,2.30017340757671,0.0799587915175297,3.7696264931462,-0.457398031009934,-0.0609873547032339,-0.375024355916575,1.91159396137593,1.53340994349732,-0.352113179076581,0.30420847476134,-0.230075729421995,0.0610890712128745,0.817785642030109,1.08698470595177,-1.02301435554381,0.578708116571755,-0.091611108832858,-0.851110337619796,0.977073280982603,0.723724330383386,-2.32928946562795,-0.885696359334983,0.477363979273606,-0.391348688885798,0.134929855663671,0.683079530760502,0.115083578304395,0.632755165319001,0.348009760126863,1.54523312038634,0.00232627821327909,-1.22022225196689,-0.161247855695657,1.01043300028051,-0.898012962874244,0.102796409725239,0.403546225811598,-0.864272121234376,0.592713710226646,0.968220127909451,-0.477052214376713,-1.56531543697313,0.682832724400303,-0.226042158711328,-1.48687276759666,-0.661256593696907,-0.755295767554917,0.30420847476134,-0.0595254815975429,-1.58352531523914,0.695837017957058,2.73413476015781,-0.286904425214791,0.839636511036724,-1.11372871663872,-0.728501275489362,-1.24723086014591,0.626603400623183,0.0744956374721161,0.227256913815765,1.53029033533172,-0.363384981726775,2.13142687288523,0.813315174175043,0.599231471081475,-0.532850506793854,0.176251652332003,-0.193271420973861,-0.350922141952573,0.748881102728531,-0.199361816374992,-1.13445162766544,-0.35568405855027,-0.34476848053886,-0.0869550913836323,-0.490435159498505,-0.282217262099776,0.0427225572111723,0.108666922041517,-0.669300457399169,-0.590607768331523,-0.0744702805928035,0.246923518931679,-0.138628602798245,-0.105964675924132,-1.7500332523142,0.130925656330515,-0.241958561604024,-0.649707912297875,-0.0774626830755764,-0.527054463374357,-0.216759028140039,-0.653776320283739,-1.51174026063149,0.23524876409128,0.682832724400303,0.833861965998727,1.44953316445302,-0.202586991059232,-0.193945058535335,-0.241958561604024,-0.547435183985099,-0.44257322543477,0.347251694119508,2.99009916908218,-0.481197144366448,-0.109719622984733,-0.840584712680936,-0.734789774559444,-0.530206438786169,0.500862307366285,-0.375210946038594,-1.05834216749048,0.726172755495118,0.357138159647056,-0.18508469810596,0.324222120103087,-0.51147345739279,-1.46400862475706,-0.733827980135861,0.044462103313619,-0.4726301518147,-1.46644824665486,-1.56166094451159,0.314329357834215,-0.000690227188266011,-1.63039964026935,2.18096542220705e-05,0.0218049017374774
comm.and.crime_point_0429,comm.and.crime,regression,0.71,0.269203086826722,anomaly,1.17800805584479,-0.867866213748302,-0.217427187171022,0.10142405253974,-0.629843707397574,0.107703315088049,-0.639997445119629,2.17632759113842,-0.0271763465708762,-0.444866529913555,-0.337911430842786,0.875268979868092,-0.499564470154296,-1.56531543697313,-0.578534219371668,-0.755302194758174,1.56011009124773,0.0242203876949048,0.972629611637952,-0.26010254976604,0.362562068984198,-0.633910484386522,-0.629227587743642,-0.685472708736566,-0.181232442057388,0.100102838577144,-0.830849724959226,-0.853606712675401,-0.121200695287352,0.380681711753999,1.42572741330126,0.823029388212234,-0.342626081484969,-0.0174633690899362,-0.638218393822105,0.0672766422167828,-0.00340134919443606,0.345745036678463,-0.275583904330964,-0.280848586784089,-0.880390590919278,-0.214464537849722,-0.241128672781501,0.208622131821331,0.29252081648104,0.0937373566032682,0.575855031588241,0.298246833296102,0.406559606588398,0.475400863850929,-0.333979422149212,-0.782770299686468,-0.230075729421995,-0.411754368021554,0.139282888348225,0.252720923722782,0.421200506577434,-0.429888641603507,-0.262876465726585,-0.273610749555595,-0.225185707609603,-1.7450716436013,0.725541874567598,0.419155177223805,0.40957417248383,0.164544216239436,-0.15468380482628,0.612267041899781,-0.0639199300512947,0.732228969991304,0.607591402654133,-1.23321624918318,-0.111756872588377,-0.616153556090535,0.0610890712128745,-0.29631495662136,-0.335131340202921,0.756333805638724,0.928656994970632,0.760759268231735,-0.733827980135861,-0.61971625898909,-0.590607768331523,-0.485035080363082,-0.489575518936313,-0.616079834918179,-0.487817174336336,0.412240099369111,-0.0520855978833183,-0.279430266030745,-0.189444898148642,0.0719288462359772,-0.326873593347992,0.886358450346385,0.303001138876892,-0.13177781670903,1.05170600925156,0.0435715764808665,-0.70339391206371,-0.70587936432781,-0.391348688885798,-0.229179716068034,-1.22244374045233,0.0977671503200851,-0.561556462298257,-0.245827430569399,-0.121723128517532,-0.152304562810898,-0.115382978305131,0.655028649219603,-1.00826650825885,0.0610890712128745,-1.44632698036898,1.46097044519532,1.58369270997867,1.51235247127758,-0.223927357231975,-0.4393285442876,-1.26315766384622,0.530234322887664,-0.411489929425723,-0.391348688885798,-0.321861540250354,-0.504578098615964,1.73491879105002,0.632755165319001,-0.728687620312182,-0.178544390830854,0.620806112517094,-0.0119374178694681,0.365376692670713,-0.264029226104202,-1.01884144628399,-0.00681644642028318,-0.567472613338656,1.30520508099459,0.201187390066993,-0.302066595779285,-0.334821036824805,-1.56531543697313,0.682832724400303,0.541247834307328,-0.484226741696171,-1.48443737561168,-0.812893280194679,-0.494689340990077,0.0360411933666282,1.04677335138199,0.956767721070621,-0.64058805739383,0.200393210115953,0.0203252737566635,2.52644735052959,0.346157443944216,0.0901624214025735,0.626603400623183,-0.956411184176713,-1.23334030181239,0.391542377989094,1.21228566329134,-0.0132359495005283,0.577398462198459,-0.84200519593359,0.43905062085352,0.117254540572726,0.964697885344563,0.970640616647273,1.22946112309564,-0.35568405855027,2.89149082546493,1.12937724211488,-0.34476848053886,-0.608816497610759,-0.40441055463925,-1.55215513657527,0.808933979835743,0.857434586358428,3.23691779275872,-0.633115326174983,-1.07816329038966,-1.65798329278156,-0.375024355916575,-0.105964675924132,-0.203833666554659,1.02125980885322,-0.333979422149212,0.412240099369111,0.160681920767624,-0.653776320283739,-0.523804376549633,0.866885962628837,0.788476870306472,3.0081130167773,-1.56531543697313,0.310271871223178,0.692040522452799,0.243010035727013,0.682832724400303,-0.0579168405136468,-0.29306929945644,-0.484813844404564,-0.542366992913852,0.0792511068324541,-0.200409626554585,-0.343626531286471,1.46212254823023,-0.381712258954214,-0.75529301296961,-1.43464048505304,0.182033724961094,-1.01147293011705,-1.23321624918318,-0.167221968720685,-1.30124646439444,-1.38334975138032,-0.472016707391195,0.396015971718339,0.602923741041008,0.992669953659678,-0.267933252874971,2.03941326253586,-0.121723128517532,-0.525649875265053,-0.230075729421995,0.780230532275621,-0.0434666408647052,-1.03742764507821
comm.and.crime_point_1898,comm.and.crime,regression,0.15,0.01681192159477,nominal,-0.224640267159436,1.56802290981872,-0.138628602798245,0.406829610927298,-0.669300457399169,0.804312163562517,0.173876856901124,-0.533447461928133,-0.284915395618803,-0.305555362163633,-0.277853012703869,-0.743165581250199,-0.109719622984733,0.682832724400303,1.61861188602941,1.32219010599747,0.139290717494029,1.14737045894235,-0.755295767554917,-0.710275698132921,0.00448937678286525,1.48455460924486,1.14986631244269,1.02755132287205,1.50880903422233,-0.688849968232438,0.806725466558606,0.184187521212675,-0.35568405855027,-1.10745167520755,-1.10521140486391,-1.20158229271402,1.18706080680169,-0.264778411457355,1.31539611889071,1.15430859093348,0.0535926868871247,-1.06184114443806,1.442151542338,-1.26736429209379,-0.0823847549525736,-1.07077668937625,-1.22148552863488,0.337993156810208,1.08469330854548,1.06294808549576,0.89585600821491,0.872638442876987,-0.00859578069383644,0.874849771726638,-0.333979422149212,-0.869747200724323,-0.230075729421995,-0.320467042044794,-0.334821036824805,-0.193933566835524,-0.0916995301342629,-0.302657597962493,-0.305189645631236,-0.273610749555595,-0.267771092755045,0.370686525614054,-0.45780329625955,-0.343942476362171,-0.167221968720685,0.69535681818675,0.668496977088488,-0.285774072128984,1.45824974179125,-0.696638653067897,-0.957552422039323,0.726172755495118,-0.37760024144161,0.981586015860986,1.41095174850089,-0.0667151961865298,0.405665753241116,0.197114064352121,-1.04789614836431,-1.03278892923746,1.00394925739407,0.805509844533911,0.684618966972274,1.24757278826182,1.37397464286502,1.43800438304744,1.15226186010498,-0.885696359334983,-0.319074498087268,-0.175584594524771,-0.286904425214791,-0.226875569169311,-0.197078848216383,0.690595290266559,1.35068765411737,1.01523190618138,0.496770369545922,-0.0477867027019386,-0.555677486507623,-0.400275637054622,-0.391348688885798,0.455475228757665,-0.491156386462159,-0.375024355916575,-1.40242760634748,-0.00859578069383644,0.339056972600567,0.133016085671751,-0.34476848053886,1.24896822722633,0.703657382637049,0.00709456412135369,-1.44632698036898,0.413283929954837,1.58369270997867,-0.457199869470233,-0.746101547760053,1.25679023127425,0.77218486682801,1.12020544048043,0.823029388212234,-0.391348688885798,-0.321861540250354,-0.413219819433159,-0.316872478427771,0.114491127674274,-2.68631922111045,0.22367036178649,0.260026209173202,0.108891065540274,-0.639997445119629,0.646300935599162,0.753309643725566,0.705667118525611,0.464234903258489,-0.282217262099776,-0.679746830292226,0.722358181389051,-0.714104176963228,0.682832724400303,0.682832724400303,0.979699258889417,1.4031069541165,0.478532181262003,1.14542214955724,-0.0952404331143684,-0.107308819079628,0.10383609353668,0.913279270551694,-0.0946770133781229,-0.286904425214791,0.23880827036468,-1.38138872157757,-1.44494042177841,-0.626298265141257,-0.419922423015838,-1.14384878811286,-0.229179716068034,1.72833345834783,1.38736017940446,0.643293485923684,0.636377640192604,0.0227368042754491,0.223072592487436,0.530234322887664,0.303001138876892,1.31539611889071,1.28285890313643,1.44202172646543,-1.88596088558311,0.582249394501401,4.013556061902,-0.608816497610759,-0.619472066787389,0.881892456169426,-0.305555362163633,0.857434586358428,-0.393103207388005,0.174528272850755,0.0311816151752862,0.670236143756844,0.176565734692862,-0.681553878925593,0.260026209173202,-0.215315402983871,-0.241958561604024,1.4741881110361,-0.172720524612857,0.359998534991312,0.550854342883945,-0.738257558223326,-0.924450780392009,0.707225658165495,-1.56531543697313,-1.05911760742057,1.18218282021765,-0.598673237091449,0.682832724400303,-0.333979422149212,2.45408225345308,-0.358091987495182,1.77064159337288,-0.438232993123054,0.473480416193885,-0.187688592418646,-0.203665683067209,-0.179953678608368,-0.665258383296233,0.749003691009788,-0.723488865413399,0.535211903206109,-1.23321624918318,0.199830121136733,0.26138000840943,-1.20039562229281,-0.669300457399169,-0.00615150860066679,-0.822944761547652,1.08749073869428,1.01142236549834,-0.262943549469985,1.03022712427771,-0.624470961512025,1.83439379068157,-0.60459956684596,-0.869747200724323,-0.886108709818829
comm.and.crime_point_1608,comm.and.crime,regression,0.69,0.0179507209302228,anomaly,-1.38334975138032,1.22003874930914,-0.138628602798245,3.27764185977035,-0.4325599573896,-1.24453739077415,1.56225066623064,3.6817581761754,1.26151889866876,1.43583423471039,0.923315350074482,-1.41286264102328,-0.0317506535508209,0.682832724400303,-0.00536567013660394,0.884823305838383,-0.840584712680936,-2.05360724411288,-0.697698254915155,1.67564198821155,-0.950371135754022,-0.381712258954214,-1.15249049956315,-1.27432471960203,0.0518767270846419,-0.385406580997984,-0.523804376549633,-0.580502966915381,-0.043039574199713,0.249375824669157,2.26937368602299,2.45259488749434,-1.25087767140517,1.26857485122064,-0.23600364120476,1.30254022030394,-1.37125821515189,2.10522776307411,-1.67124395474949,-0.33565501485685,1.17162441585225,0.0709728459924523,-0.186664403011869,3.31352673155438,-0.153076210305205,-0.87547337228922,0.0729963540320473,0.0893771570848711,-1.4912935924161,-1.80716432401026,0.0341040200315418,0.782813918994912,0.687466279512922,0.592406217722805,0.613386813521254,0.550490584094985,0.677650524933283,3.4718633633876,3.46068336588266,3.44356371978626,3.47974280004391,-3.46412515608878,3.86595790483965,3.72591167609637,3.92278703254769,3.17248229394089,3.20136092144162,3.14791254033394,-0.165397908174131,3.87573774072154,0.0858767944229815,0.726172755495118,-0.444061083654919,0.981586015860986,-0.100894450061688,-0.29631495662136,-0.917186199337522,-0.319088773758589,-0.14197595766913,1.68177050476997,0.647482131746904,0.546377825711547,0.259543388537675,0.472458741771733,0.705007918115826,0.753309643725566,0.589949048296531,1.59218233455465,1.01587000293248,-0.954427130819579,-0.286904425214791,-0.226875569169311,3.39390910042479,-0.728687620312182,0.247859743337919,1.01523190618138,0.294975591471144,-0.504578098615964,3.23571076943192,0.560193220089682,-0.391348688885798,0.638049880711185,-0.706240902341621,-0.375024355916575,0.130925656330515,-0.30513534303829,-0.467308204356106,-1.63597193492067,-0.34476848053886,0.331061606670478,0.24714434506481,2.05888583359914,-0.282217262099776,-0.0278472343569434,-0.413784920142767,0.133665832754111,-0.171709938179167,-1.16623659095697,-0.536249617176849,-0.590710800538598,-1.20158229271402,-0.391348688885798,-0.413219819433159,-0.504578098615964,0.169078085395916,0.200868467281728,-1.2670363105317,-0.86805539531773,0.672346098709078,-0.414699029235275,-0.496372568292438,-0.203340548657311,-0.817460640601083,-0.8289128675117,-0.324717903551093,-0.176389105893484,0.152246600047036,0.271611279434983,0.613386813521254,0.682832724400303,-1.56531543697313,-1.8154285728214,0.282502572227728,-0.851221389523392,-0.928088305474204,0.0759519559752211,-0.824058881310911,0.649747137552387,1.39165222625989,-0.342818397021626,-0.286904425214791,0.948878009340733,-0.578408706761027,0.0391120955346223,1.57084784025982,-0.943185334835349,0.543089647312493,-0.548685356986693,-0.846227140861585,0.118069937584314,-0.450922239783337,0.164544216239436,-0.306688719613709,0.385056113761999,0.0582574288134486,0.578708116571755,0.85572211589946,1.06926778297327,-0.35568405855027,2.99884929088174,0.816732757764318,-0.000690227188266011,0.82630236951384,-0.576459764357761,1.25229100289144,1.29652306696047,-0.294515666436819,-0.669300457399169,-0.930668231079202,-0.285774072128984,-0.652615808821794,-0.138628602798245,-0.9955116260173,0.517726140133124,-0.858334513139159,-0.333979422149212,-0.0597367947051054,-0.601380811530617,2.59875134039038,0.192634769739419,-0.189129511616007,0.00542422998716656,0.412240099369111,0.682832724400303,1.7199375110035,-0.912061542959443,0.0944776934649314,0.682832724400303,-0.241958561604024,0.012169761977951,-0.569295082344151,-1.72852524229167,1.30827584422678,-0.0880946194298402,-0.187688592418646,0.38425957503777,0.324442772256246,-0.845327642642986,-0.243561843564225,-0.235899778288672,0.113388766845247,2.68556176017342,-0.272093994394233,1.15430942144021,-1.0174414932053,-0.629843707397574,0.295474101638588,-1.00117832437123,-0.192589859272896,-0.370281702344836,-0.315269840651936,-1.15847835603325,1.7966456515388,-0.000690227188266011,0.728940528604452,0.260952512767785,0.274003127169785
comm.and.crime_point_0206,comm.and.crime,regression,0.16,0.293093936132181,anomaly,0.751115087973938,-1.21585037425788,0.806954409675075,-0.875873734300447,-0.629843707397574,0.59942720812885,0.269626774785918,-0.40441055463925,0.874910325096869,0.808933979835743,1.16354902263015,-0.18508469810596,0.903876979656129,0.682832724400303,-0.626298265141257,-0.153922844539436,-0.056684368540964,0.529637919756257,-0.352113179076581,-0.26010254976604,-0.472940879485578,-0.381712258954214,-0.262943549469985,-0.36428070280995,-0.472618903484926,-0.14265187121042,-0.421455927079768,-0.580502966915381,0.894893878851958,0.643293485923684,-0.870865217996765,-1.05343997459746,0.948047230506899,0.180388664803999,-0.23600364120476,-0.624470961512025,1.30746148068146,-0.408318988919673,0.529604586295112,0.596054262380089,1.00062316528795,0.756022567213671,0.684763913302247,-1.020402605573,-0.351119333321313,-0.148565325619854,0.0729963540320473,-0.432797033443206,0.169327956712836,0.36127260445787,-0.0579168405136468,-0.43486269553505,0.114002523928599,2.00735977036258,1.75123623393652,1.3445430117542,0.9853905469603,0.375907968122917,0.202568513224571,0.0220735832329614,-0.0974295521732745,0.41476482080604,-0.45780329625955,-0.649181537796562,-0.7440181099252,-1.01503934364349,-0.597934995088079,-0.866859498853478,-0.672787798788313,-0.315607286918777,0.433686533243749,-1.23321624918318,0.0876256540515485,0.826966057285032,-0.856817549342979,-0.571834669143156,-1.49924105847212,0.283147870703906,-0.347866910099853,-0.402623346342877,-0.555594417312278,-0.533338919381635,-0.505592652644603,-0.302655304718355,-0.29844216900797,-0.253594384688952,-0.440957773352299,1.4741881110361,-0.265676718046478,0.0840295842401654,2.34450280557122,1.66555239506418,-0.283608678304122,-1.2670363105317,-1.35124072729229,-0.929697623937139,-1.21848524408969,0.409004693212087,0.084427024235416,0.167274142167012,3.7696264931462,-0.457398031009934,-0.706240902341621,-0.453822940289352,-0.512093453824773,0.0507121317750543,1.26061717483676,-0.722945859776196,-0.34476848053886,-1.93670769117339,-1.6930360646172,-0.316872478427771,0.299837597034825,-1.57180630944818,3.71003986462407,3.77733766313757,0.924855861929795,-0.00318371628598076,0.481421648160263,-0.0597367947051054,-0.806536111069869,-0.391348688885798,-0.321861540250354,-0.504578098615964,-2.31466924081404,-0.706093598596545,-0.386102090172486,0.396048112908209,0.363106181557171,-0.253594384688952,-0.161247855695657,-0.688849968232438,0.672757321452404,0.102796409725239,-1.23504806525446,-1.55215513657527,0.837417660326429,0.59942720812885,0.423745243452043,0.682832724400303,-1.56531543697313,-1.32217072016655,0.577398462198459,0.795140174306145,-0.697698254915155,-2.72019039915474,-1.15854224368551,0.451234030637584,3.26165559857376,-0.938357717766034,-0.189444898148642,0.129566772060671,-0.524876705773258,0.294983219209284,0.185690512941751,0.155666779985624,-0.675254778272487,1.00319918461822,0.936160966283394,-0.10077320755709,1.69374058260242,-1.25095605562007,0.846300613998343,0.00709456412135369,-0.000739682945828393,-1.07553374959742,0.281129612160397,0.695483322687741,-0.277522937462631,0.314887655461491,-0.277522937462631,-0.115382978305131,-0.260908893459341,-0.576459764357761,-1.02301435554381,-1.14142236866316,-0.985685818113966,-0.4325599573896,0.0470055993203757,-0.0744702805928035,-0.864272121234376,0.334162903438415,-0.629227587743642,-0.306913638938628,0.180388664803999,-0.333979422149212,-0.708705024057152,0.160681920767624,-0.484813844404564,-0.4726301518147,0.740164105719455,0.837417660326429,-0.531713688779321,0.682832724400303,-0.978565285147405,-0.822944761547652,0.490563939497149,0.682832724400303,-0.333979422149212,0.012169761977951,-0.315851368525389,0.347251694119508,-0.761660555595246,1.8774180052532,-0.499564470154296,0.923191061634,-0.280832968781291,-1.02539690198974,1.4934278419403,-1.55935587191293,-0.683388268503048,0.726172755495118,-0.639146084251652,0.484612361667126,-0.224640267159436,-0.708757207400764,-0.760215534198803,0.023664661864365,-1.42526006472277,-0.370281702344836,2.45802359199147,-0.00652810323800724,2.24134053965018,-0.34476848053886,-1.42523962558467,-0.956724101762177,-1.08786729016467
comm.and.crime_point_0745,comm.and.crime,regression,0.01,0.020495010597954,nominal,-1.38334975138032,-0.519882053238727,-0.217427187171022,0.406829610927298,-0.629843707397574,0.517473225955383,1.17925099469147,-0.318385949779994,-0.091611108832858,-1.21107795253813,-0.818378775954126,-0.966397934507894,-0.109719622984733,0.682832724400303,3.05153325911707,1.21284840595769,-0.595615855137194,1.93357550881557,-1.27367338131278,-1.1604488464998,-0.293904533384912,2.94730431675224,2.87663392144708,2.79410735546844,2.49952300307596,0.828366967939835,1.21611926443806,3.13370797542089,-0.35568405855027,-1.15122030423583,-1.33955759173106,-1.6953900197692,2.04750968146293,-1.40242760634748,1.14301836776899,-0.673881504635512,-0.231377493520679,-1.61482142987669,1.87158540400524,-0.883719295584461,-0.994391424628807,-0.728251828765636,-0.840235640247456,-0.114805430650861,1.28273643156158,1.3537113041635,1.26157141007396,0.82042102382418,-0.720290730320524,-0.608817600383137,-0.333979422149212,-0.91323565124325,-0.115382978305131,-1.00512198687049,-1.04597692458435,-0.590959780665129,-0.60459956684596,-0.514709337364183,-0.432129185345187,-0.189129511616007,-0.140014937318717,0.15029504965412,-0.503316572060594,-0.649181537796562,-0.376966020067782,0.69535681818675,0.415210582653175,0.506615146131691,1.66120569803692,-0.744267573836537,-2.40675966712586,2.68556176017342,-0.37760024144161,0.826966057285032,1.84290780523306,-0.75551447749102,-1.07592843364696,1.10046903104586,-1.08907433885046,-0.838891826808356,3.09819362057116,3.18088668373891,3.10754976404949,2.93458571297554,2.99860811725593,2.32407992805221,2.88605969651438,0.530234322887664,1.71004114346275,-1.21404130958451,-0.286904425214791,-0.226875569169311,0.235570302222313,-0.630806040272269,-0.138130025434889,-0.680347684178355,0.194078202433754,-0.139144981884744,-0.407961060951538,0.298247168141235,-0.391348688885798,-0.183536053079654,0.369181677055691,-0.375024355916575,0.229851673277482,-0.483059080444962,0.339056972600567,0.817785642030109,-0.230075729421995,0.169078085395916,0.703657382637049,0.169078085395916,-0.652615808821794,0.0824355567210018,-0.091611108832858,-0.211005826876756,0.246029414243294,-0.197025862064479,-0.536249617176849,-0.472716577020044,-0.559632247542278,-0.391348688885798,-0.321861540250354,-0.230503261067549,-0.586845013885375,-0.706093598596545,-1.31597710055166,1.2579368685168,-1.3892533489703,1.47828054418402,-0.639997445119629,0.889055645386725,-0.978565285147405,0.322022122016284,0.52492358070538,1.99308809633548,-1.80538500075123,0.968220127909451,-0.761514569480531,-0.193945058535335,0.682832724400303,0.65086069045285,0.0465858602511433,0.921783371523802,-0.409710691716343,0.817785642030109,0.0838245308487138,0.699375414281087,-0.521839596572905,-0.0450487366494222,-0.286904425214791,2.15053449068482,2.1517233436152,1.21611926443806,-0.960646585528377,0.155666779985624,0.355652043376342,3.1028076820837,-0.153076210305205,1.16851703426305,-0.582228126868179,1.46208613211065,0.0227368042754491,2.2208693548737,0.412240099369111,-0.468978398668724,1.66015162113415,0.0547099621982618,-0.433845179637909,0.314887655461491,0.504088273413761,0.114002523928599,-0.782770299686468,-0.619472066787389,-1.65798329278156,0.0427225572111723,0.223861947321042,-0.669300457399169,-0.463085094801143,-0.655555707317298,-0.811358043131231,0.412961487811192,-1.04783791719925,-1.54387330754626,1.56535290206154,-0.241958561604024,-0.94469347109426,1.73243630613274,-0.738257558223326,0.346157443944216,0.0220735832329614,0.348009760126863,1.65117944631393,-0.508685801127615,1.23662357736453,-0.956619933665339,0.29252081648104,0.682832724400303,-0.333979422149212,-0.750927891608026,-0.527054463374357,0.110020044243945,-0.696975043100807,1.03505545181761,0.825908010222217,-0.546622083628446,-0.533031194213599,-0.305119864602728,-0.888729441037333,0.321344892711017,0.582081140579538,0.726172755495118,-0.272093994394233,1.15430942144021,0.324222120103087,-0.550930207394384,-0.5591317940393,-0.733827980135861,-0.382231429342107,0.499680118149013,-0.629227587743642,-0.812893280194679,-0.624470961512025,-0.34476848053886,1.34442057265849,-0.0869550913836323,-0.58347083930006
comm.and.crime_point_1904,comm.and.crime,regression,0.22,0.127214640244521,anomaly,1.48293160432397,1.56802290981872,-0.138628602798245,-1.12019818101049,-0.4325599573896,0.35356526160845,0.556876528440302,-0.318385949779994,-0.349350157880785,1.22686748308551,0.502906423102059,-1.35705455270886,-0.0317506535508209,0.682832724400303,-0.100893761675781,1.21284840595769,-1.23253488475092,-0.31272463367933,-1.56166094451159,-0.26010254976604,-0.771334789653356,-0.129514033521907,0.103340488803673,0.0104433041044344,0.168431311655657,-0.0212745163166381,0.0902863202695546,0.730395012732716,-0.199361816374992,-0.363384981726775,-0.917734455370194,-0.855916883775387,-0.151415220449137,-0.660482479245224,1.54523312038634,1.50018239279789,-1.54224032339657,0.14466129651896,-0.275583904330964,2.1306342484174,0.544619830449837,2.01194705611924,2.04637065754305,-0.761660555595246,-0.796716360107558,-0.536249617176849,-0.475576748756528,-0.432797033443206,-0.30513534303829,0.0759519559752211,-0.149937701058835,-0.0434666408647052,-0.230075729421995,-0.229179716068034,-0.382231429342107,-0.293190120292925,0.0108804772080765,-0.387478293723169,-0.389816005440537,-0.400332606464976,-0.310356477900488,0.502921411190013,-0.366776744657462,-0.496562007079367,-0.639146084251652,-0.897080987655194,-0.597934995088079,-0.497077863665163,-1.83978454720093,0.113052999998984,1.59305232931298,-1.23321624918318,-0.111756872588377,0.00232627821327909,-1.93670769117339,-0.663674573317088,-2.08129591760672,1.35857045010122,-0.306688719613709,-0.111777692699224,-0.110010510253322,-0.101452221344363,-0.123024632053464,0.381268853949369,0.179391205812885,0.108891065540274,0.0744956374721161,-1.00369058285354,-0.425870058168848,-0.850581459313604,-0.286904425214791,1.36674797965889,-0.326873593347992,-0.924450780392009,-1.84751328714304,-0.929697623937139,-1.62207480023925,-0.139144981884744,-0.309483443914147,0.429220194115458,-0.391348688885798,-0.274823379056414,0.0250464516485512,-0.0598300184254683,-0.858334513139159,0.525175431526179,1.60620225067534,1.10310629051276,-0.34476848053886,1.19497372013481,0.817785642030109,-0.424861492610813,-1.34049882416269,-1.5166649139092,0.294997464739033,0.527576300903674,0.454899090454526,-1.74776302829246,0.723724330383386,-1.59366170044631,-1.1522015200085,2.1052364203334,1.41394576422294,-0.595936377798769,0.223072592487436,-0.274206900559272,1.27788477050604,0.568425864029928,-0.66769354228252,0.0686149044036935,-0.304872732522849,0.464234903258489,-0.898012962874244,0.65086069045285,-1.23504806525446,-1.65798329278156,0.886358450346385,0.763335172475784,-1.14079770961895,-1.56531543697313,0.682832724400303,-1.21255786402103,-0.130351673731295,-0.724578192305735,0.108666922041517,0.817785642030109,0.179391205812885,0.749003691009788,2.69630574182771,-1.28575565486694,-0.286904425214791,-0.0342954753953406,-0.150152698858873,-0.216759028140039,-0.817354448219611,-0.00131209356022966,-0.675254778272487,0.592406217722805,-1.04427026387769,-1.06368304617927,-0.757302642981302,-0.248310029719587,-0.924361576905879,2.05888583359914,-1.12168480637209,-1.90265468268201,0.740803615151647,0.214903302320632,2.69259966386766,-1.24181009308225,-0.199361816374992,-0.34476848053886,-0.782770299686468,0.62788470367182,-0.335131340202921,0.321344892711017,0.281459459960805,-0.629843707397574,-0.505592652644603,3.14791254033394,0.352751675137971,1.67373883777562,0.678929691805134,0.46618615394114,-0.611019470771741,-0.149937701058835,-0.236728129982936,0.208310841536264,1.88066081790389,1.88138418599218,3.44356371978626,0.886358450346385,3.0081130167773,0.682832724400303,0.793585804862147,-0.867503152253548,-3.02470149403878,0.682832724400303,-0.333979422149212,-0.649181537796562,2.472029483481,-0.483059080444962,-0.114805430650861,0.754267934005747,0.436063163052654,-0.301653226084705,-1.28962587051052,-0.935362272316362,0.649747137552387,0.0427225572111723,-0.730257505876477,-1.23321624918318,-0.796454122761974,0.372996185038278,1.60490102371564,2.28995579272044,-1.06184114443806,0.870274085276382,-0.42964182185941,-0.67732705075443,-0.681553878925593,0.454251997880092,-0.328007702771107,-0.34476848053886,0.780230532275621,0.82630236951384,0.980158158380245
comm.and.crime_point_0114,comm.and.crime,regression,0.2,0.190512116521327,anomaly,-1.38334975138032,-1.56383453476745,0.570558656556745,-0.448305952557865,-0.51147345739279,-0.629882524473152,4.0517485312353,0.584872401242192,-0.413784920142767,0.808933979835743,0.322731168685307,-0.631549404621351,0.669970071354392,0.682832724400303,0.854387153715993,0.884823305838383,-0.399640769102202,0.473480416193885,-0.985685818113966,-0.215085234929352,-0.592298443552689,0.727959932947938,0.783582274169036,0.920487320896512,0.751204234510732,0.464234903258489,0.141460545004487,0.566532765276704,-0.043039574199713,-0.669765384924741,-0.449042081635903,-0.559632247542278,0.613428223694192,-0.611019470771741,1.08555911739508,2.48839325526761,-1.14328207082565,-0.609402729079175,0.690642284420326,0.705667118525611,1.34262566641654,0.698935090445236,0.684763913302247,-0.308861968134177,-0.103565429551178,-0.148565325619854,0.392997330658716,-0.11949251912636,0.347251694119508,0.30420847476134,-0.0579168405136468,-0.260908893459341,1.26093003509725,0.546762554734425,0.70820759855586,0.997145074653291,1.19055056164498,2.19955292697745,2.27591432855245,2.472029483481,2.54286432684417,-1.34836698687342,0.862081701970731,0.26653564650661,-0.00991393021036301,-0.366268385707879,-0.281327002043937,-0.0744702805928035,-1.07869971127966,1.16088925690906,0.839464561867979,-1.23321624918318,-0.0452960303750682,0.826966057285032,-1.12679008480058,-0.29631495662136,-1.49924105847212,0.111080258000336,-0.924361576905879,-0.402623346342877,2.16246741574736,2.01479259903827,1.78981547090223,1.93149694692954,1.80402468020379,1.88104215554983,1.62085586994536,-0.177731018223659,0.428494422483792,-1.21404130958451,0.39531226424825,-0.226875569169311,2.00943181902097,-0.973391570411965,-0.634402585285642,-0.281387780564301,-0.613100909865359,-0.139144981884744,0.970725577571932,-0.0946719097814345,1.39787063938796,-1.46155861675429,0.197114064352121,-0.375024355916575,-0.561556462298257,-0.0679036931627271,-1.15847835603325,0.133016085671751,-0.34476848053886,0.277067099578957,-0.722945859776196,0.169078085395916,0.881892456169426,-0.799826771902559,-0.735958731452675,-0.260244635395451,0.715986185718564,0.869105939717259,-3.0077369758527,-0.94469347109426,0.971171706328788,-0.391348688885798,-0.413219819433159,0.134929855663671,0.709023156311124,-0.61971625898909,0.10330581002708,0.85572211589946,0.517726140133124,0.753309643725566,-0.11337289675326,-1.23504806525446,0.95469044940847,-1.65100928860312,-0.688849968232438,0.934806534272571,1.52258872060582,-0.302066595779285,3.0313168319037,-1.56531543697313,0.660351242786569,-0.445267871002372,-0.897080987655194,-0.407970199261594,1.54860473803558,1.10310629051276,-1.2063255811676,0.10383609353668,0.869790820032767,-0.739844610851231,-0.286904425214791,-0.744365214371393,0.0104433041044344,-0.779675500224294,-0.960646585528377,-0.629227587743642,-1.00327058516075,-0.959478323882113,0.0944776934649314,0.643293485923684,3.05056808247913,-0.307289207713733,0.475696899623041,-0.910812056434499,-1.41667036516848,0.523566721032782,0.166211111412584,-0.0520855978833183,-0.35568405855027,-0.543980067872989,-0.277522937462631,-0.34476848053886,-0.0434666408647052,-0.361398252209622,1.30520508099459,-0.166244194413711,-1.27367338131278,-0.629843707397574,-0.675622884018443,-0.497077863665163,-0.0705609496871936,-0.375024355916575,-0.733880170107544,-0.358453625130612,0.378240698697934,-0.149937701058835,0.294245875850557,-0.220349445381496,-0.484813844404564,-0.267933252874971,-0.10464827367642,0.494832130186732,1.23819966399899,-1.56531543697313,-0.817460640601083,-0.600152808018174,1.6788226775938,-1.56531543697313,-0.241958561604024,-0.140449768739244,-0.738257558223326,0.762407081401742,0.337993156810208,0.192692898382022,0.514032132486567,-0.840584712680936,1.13147709363963,2.03578050690505,-1.23612737813824,-0.166244194413711,0.160258004218676,0.726172755495118,-0.691582097088426,-0.352508963049232,1.3609621849323,1.8559315427029,0.0943903614790845,3.27642718339475,-0.0977690742382896,-0.4726301518147,-0.00131209356022966,1.08782463691748,-1.21739747899386,0.228695275045463,1.54958058734317,0.391417864324567,-1.13830693525114
comm.and.crime_point_0695,comm.and.crime,regression,0.38,0.0913938704927124,anomaly,1.11702334614895,-0.519882053238727,-0.375024355916575,-0.0818192824927953,0.751142542658244,-0.220112613605818,-0.687872404062027,-0.576459764357761,-0.091611108832858,-0.235899778288672,-0.277853012703869,0.038147655151735,-0.499564470154296,-1.56531543697313,-0.530770173602079,-0.0992519945195506,1.56011009124773,-1.15508718711492,0.108666922041517,0.415157172784282,-0.651977225586244,-0.533031194213599,-0.681553878925593,-0.631940707748796,-0.647450780341448,1.79938580709009,0.857899691293538,-0.853606712675401,-0.199361816374992,0.555756227867123,1.28511970118097,1.21807556985638,-0.916258664592466,0.229851673277482,-0.178544390830854,1.69782456529183,-0.630335746091604,1.85387308787473,-0.866055464123419,1.03450568696218,-0.766389757209749,0.813110043982106,0.957085262150409,-0.244176455639738,-0.450140894829368,-0.584710153621474,-0.109861346897478,0.246029414243294,0.881022906339523,0.4183367341544,-0.241958561604024,0.173975611729931,-0.34476848053886,1.7334977924323,0.755617991073163,0.798631967738489,0.267330495563925,-0.641940381005198,-0.686008264773091,-0.696016939253532,-0.693624944209472,0.855547772725906,-0.639856399463727,-0.445688830173635,-0.376966020067782,-0.0123933177430025,-0.281327002043937,0.348137302479556,-0.216136897235549,-0.220349445381496,-0.0880280749874027,0.726172755495118,-0.311139399228302,-0.203833666554659,-0.100894450061688,-0.250395004534394,-0.493873574512357,0.584266192935153,0.846300613998343,-0.596520448771979,-0.689269589429965,-0.662904928792817,-0.675622884018443,-0.940984519474898,-0.72849220634674,-0.777184479464502,-0.722114179256525,-0.826699247575706,-0.853052298495168,0.291720927252114,-0.286904425214791,-0.226875569169311,-0.846052573874427,0.837417660326429,-0.744685376363587,0.317052074856781,0.194078202433754,-0.0477867027019386,-0.8018715291011,-0.574906338353587,-0.391348688885798,0.957555521629844,-0.0609873547032339,-0.375024355916575,0.773944766485803,-0.483059080444962,-0.00652810323800724,0.931913901423168,0.802159030629787,0.817012170494165,-0.323496951900488,1.14097921304329,2.99845558029525,-0.082988629895916,0.294997464739033,1.46311366275889,-0.171709938179167,0.432961111715639,0.33604003882639,0.23524876409128,-0.757155338364351,-0.391348688885798,0.500362972394892,0.409004693212087,-1.55874614153275,0.244057137085456,-0.777628410332139,-0.580759143448198,-1.23463339039435,-1.26049841310347,-0.639997445119629,0.282168870917816,-1.42160305764979,-0.554880727147895,-0.688849968232438,-1.18175658985325,0.348009760126863,-1.53137632838129,0.37633485093474,-1.56531543697313,0.14327716567068,-0.390461442929611,-1.84074783556153,-0.851221389523392,-1.3888684065923,1.04604216081623,-1.25410891864968,-0.0946770133781229,1.82653673144917,-0.938357717766034,-0.286904425214791,-0.689744465219389,-0.739004709724335,-0.370281702344836,1.14097142833352,-0.838532752471447,1.99573107781766,0.272900576804145,-0.450140894829368,-0.0570045785288092,-0.932377159094426,-2.54849797149128,1.13454794740136,1.14097921304329,-0.295725241742213,0.0272941611820292,-1.15535164718726,-1.33363231886228,-0.277522937462631,-1.56388548933269,-0.277522937462631,0.572773528396057,0.0869987106920766,-0.576459764357761,0.511493909447407,-0.235899778288672,-1.56166094451159,-0.037992457373652,0.0470055993203757,-0.285774072128984,-1.18175658985325,-0.296225771543798,0.207993071167575,-1.23463339039435,-0.858334513139159,-0.333979422149212,0.648228546406218,-0.220349445381496,-0.527054463374357,0.294983219209284,1.66945772305492,1.08212161042621,-0.767702135816429,0.682832724400303,1.03524277168163,2.6971681042181,-1.83644275594213,-1.13816728631218,-0.333979422149212,-0.852674245419489,2.97891691111852,0.169327956712836,-1.020402605573,-1.21124469067729,-0.499564470154296,1.56011009124773,-0.432151904040676,-0.890344957479674,-0.888729441037333,-0.0269330266637888,-0.308434369515615,0.726172755495118,-0.586710071414878,0.931077068182516,-1.44433446107615,-0.0774492073752468,1.20035093235635,-0.243685682371009,1.2771323087635,-0.267933252874971,-0.890859043653398,0.799837073718665,0.215508271587242,-0.230075729421995,0.421200506577434,-0.782770299686468,-1.28962587051052
comm.and.crime_point_0724,comm.and.crime,regression,0.82,0.0296793318839029,anomaly,-1.38334975138032,-0.519882053238727,-0.217427187171022,0.834397392669879,-0.0774492073752468,-1.44942234620782,2.80699959873297,2.1333152887088,-0.091611108832858,1.22686748308551,0.382789586824224,-1.52447881765213,-0.187688592418646,0.682832724400303,0.0901624214025735,0.884823305838383,-0.840584712680936,-1.04277217999017,-1.44646591923207,0.68526106180441,-1.60683773812313,-0.23039332369483,-0.315269840651936,-0.150152698858873,-0.00640056520086566,-0.0819631937635291,-0.0632363539352424,-0.307399221155361,-0.199361816374992,0.161838566612595,0.722688852699825,0.724267842801197,-0.82065323407455,0.576092732591868,0.683344364777741,1.15430859093348,-1.99819261204906,0.245203166598712,-0.866055464123419,0.924892830816656,1.51362691698084,1.55524724197176,1.22940661099857,1.63170340669898,-0.648184017845477,-0.778552299399972,0.164425204496809,-0.171709938179167,-0.660982817851633,-1.17945889734843,-0.0579168405136468,1.26118687470311,0.228695275045463,0.409831565769285,0.565976421003951,0.649747137552387,1.19055056164498,2.79329779730219,2.91061202712221,2.93667629214873,3.43715741489847,-2.27401118590514,3.00120566461981,2.25058954583015,1.82534651907673,1.16719024213992,0.351888984044347,1.66878599958068,-2.55013039406079,3.44707745380378,2.11476693754413,-1.23321624918318,-0.311139399228302,0.363106181557171,-2.26067473372252,-0.571834669143156,-1.07592843364696,-0.0609873547032339,-0.265510529127564,2.21498753645,1.53864994586482,1.49652856139355,1.36473989246763,1.56673739564009,1.56510799279336,1.5185567053206,1.43341826600921,1.00221121696188,1.87023448358512,-0.487121609042694,-0.0919853710824933,-0.226875569169311,2.87473011989836,-0.973391570411965,-1.18581654067537,0.616272002567322,-0.0581652701597183,-0.595936377798769,3.77733766313757,0.210931817491753,-0.391348688885798,-1.18769663882401,-0.147021161055019,-0.375024355916575,-0.512093453824773,1.35548620609065,-1.15847835603325,-0.951202378562316,-0.34476848053886,-0.478855999702333,0.874849771726638,-1.61274064862427,-0.811358043131231,0.6889909076497,0.359432227001014,-0.260244635395451,0.193811995190487,-1.26315766384622,0.723724330383386,0.530234322887664,-0.609013020247796,-0.391348688885798,-0.139144981884744,0.317646414029282,-0.478855999702333,-0.792470938203999,1.42470714056591,0.108751861038678,0.878506043477017,0.713033482588985,-0.496372568292438,0.646300935599162,1.84076599441325,-0.554880727147895,-0.385406580997984,-0.758443965028085,0.592713710226646,0.763335172475784,-0.145179466755593,0.682832724400303,0.682832724400303,0.760473546598372,-0.897080987655194,-1.10450778395871,-1.15847835603325,2.35851714383641,-1.06297556872134,2.98227614380132,-0.695793398648614,-0.739844610851231,-0.286904425214791,0.293429019516684,-1.38138872157757,3.46778515277508,-1.15170276860673,-0.52457500537974,0.121355038456154,2.73765837817666,0.193499254972986,1.16851703426305,-1.10745167520755,2.34677380202284,-0.965539767392024,-1.34276811316667,1.59218233455465,-0.854968167441532,1.43031461963852,-1.2268367587807,-0.35568405855027,-0.651338533289799,-0.121200695287352,-0.34476848053886,0.0869987106920766,1.01499542553847,-0.758443965028085,-1.62901145578789,-1.10088084339349,-0.708757207400764,2.17238349149337,-0.180122176360894,-0.864272121234376,-0.375024355916575,-0.733880170107544,0.826966057285032,-0.462630445351289,-0.333979422149212,1.00221121696188,-0.458494049224697,-0.653776320283739,-0.67732705075443,0.106554821172549,1.42470714056591,-0.649707912297875,0.682832724400303,1.35745206077428,1.93967546221788,-0.00454386804312309,0.660351242786569,-0.241958561604024,0.470028354129537,0.148795440142343,-0.00859578069383644,0.143936619326893,0.0803778912572774,-0.343626531286471,-0.252659454575957,-0.0790743884354456,-0.98037958715305,-0.69021633412253,0.530311644335899,-0.683388268503048,0.726172755495118,0.147394108299959,-0.743165581250199,-0.224640267159436,0.198748042635917,1.70306028275511,-0.421919245194591,-1.47267045724008,0.909073916028471,-0.786206461289495,-2.19523358354898,0.264918814710728,-0.230075729421995,0.0108804772080765,-0.0434666408647052,0.47576170751563
comm.and.crime_point_0574,comm.and.crime,regression,0.15,0.200652763611735,nominal,0.446191539494759,-0.867866213748302,-0.217427187171022,1.20088406273495,-0.195819457380031,-0.0971816403456179,2.18462513248181,-0.318385949779994,3.71003986462407,3.52550175095922,3.98629467515928,-1.18963028776559,-0.109719622984733,0.682832724400303,-1.24723086014591,0.447456505679301,-0.301653226084705,0.641952926881002,-1.04328333075373,-0.305119864602728,-0.950371135754022,-0.633910484386522,-1.1001642083812,-1.11372871663872,-0.705728072626956,-0.688849968232438,-1.13789507336882,-1.18133120758743,0.191443789063205,3.05056808247913,-0.730257505876477,-0.855916883775387,2.19091782723981,-0.413167436877806,-1.67248490055242,-1.56327128085826,3.18826467137296,-1.36346675467731,1.22743461150438,-1.70581571667588,3.22363942262377,-1.24203911968155,-1.49380687748304,-1.27914465555075,-1.44035650990991,-1.21469712740159,-0.612720024453672,-1.94710218597463,-0.838906555258306,-0.380561081597017,-0.241958561604024,0.130487161211004,-0.115382978305131,2.14429075932772,1.98828819652304,1.8904540557699,1.70345059835668,1.94509083969543,1.55659027017339,1.33153277129657,1.13754661704456,-0.334566197457732,-0.45780329625955,-0.343942476362171,-0.219657981557459,-1.13299769963178,-1.10450778395871,-0.497077863665163,-2.44865241593795,-0.315607286918777,0.781496272064518,-1.23321624918318,-0.37760024144161,0.620806112517094,-2.42265825499708,-0.801434429577986,0.0881812846222431,-2.12579870714607,-0.0184413862106956,-0.887366102415632,-0.243685682371009,-0.231018230755544,-0.165532189896924,0.10769919048228,0.0838245308487138,0.390824193496339,-0.0660825654799971,3.0081130167773,0.321698862402212,0.55133510601705,-0.189444898148642,-0.226875569169311,0.538424707529401,-0.630806040272269,-2.84005840684454,-3.12397709381444,-3.28688171935617,-0.504578098615964,1.06920319460932,0.778481596713387,-0.391348688885798,0.0903259248506256,-0.620207095989836,0.0977671503200851,-1.30350158940051,-0.127211605631618,1.26061717483676,0.532464993547459,-0.34476848053886,-0.586845013885375,0.36127260445787,0.763017663402644,-1.44632698036898,-2.84005840684454,-1.05813254276258,1.2661584286841,0.141594576137679,1.69293505927587,0.190658429492517,-0.0597367947051054,-1.00405920189194,-0.391348688885798,-0.230503261067549,0.226288134846476,0.00709456412135369,1.53971723119727,0.152246600047036,-0.695677644196011,0.46618615394114,0.914414288271889,-0.687872404062027,-0.446095258444874,1.80048983327666,-2.03465428511244,0.464234903258489,-0.811358043131231,1.22894398048608,0.558450217042117,1.4193634863154,0.682832724400303,-1.18313024953964,1.58256996768979,-0.602185097684464,1.61832095622091,-0.640100742275393,1.78787584687111,-1.25410891864968,0.0542078168079789,0.782813918994912,0.0542078168079789,0.00547415598365529,-0.362019970307365,-0.578408706761027,-0.830849724959226,0.0901624214025735,-0.786206461289495,1.99573107781766,0.135969587839005,-1.14329182538575,-0.0132359495005283,-0.888608530066145,-2.25360208152055,-0.265510529127564,-0.424861492610813,-0.767702135816429,-1.68208910052612,0.568425864029928,0.161505522279842,-0.199361816374992,-0.758696998706609,-0.121200695287352,-0.230075729421995,-0.173931992421487,-0.361398252209622,0.881892456169426,-0.584177697663477,-0.697698254915155,-0.629843707397574,0.00449804147691576,-0.866859498853478,2.31057256495435,0.255364319065638,0.364971944713428,0.878506043477017,-1.10564955550658,-0.241958561604024,0.23524876409128,0.160681920767624,-0.189129511616007,-0.67732705075443,1.75393896099451,-0.337161300152529,0.412240099369111,0.233203092125617,-1.26049841310347,-0.3328024637828,-2.3315505634824,0.682832724400303,0.678250043847861,3.72591167609637,0.740164105719455,0.999638731277305,0.143936619326893,-0.0880946194298402,-0.499564470154296,0.531240889564015,1.33323567398548,2.21584976625181,-1.48426876178174,-1.14142236866316,-1.33955759173106,-1.23321624918318,3.92278703254769,-1.58028690596656,0.995053926757281,-0.669300457399169,-1.91644704011594,-0.600152808018174,1.89346741148843,-1.44494042177841,-0.367596131833887,2.1245798644332,2.14251945340321,-0.115382978305131,1.08797055430264,0.130487161211004,0.425322062429169
comm.and.crime_point_0874,comm.and.crime,regression,0.18,0.642577930826948,anomaly,1.17800805584479,-0.171897892729153,-0.375024355916575,1.26196517441246,-0.550930207394384,0.722358181389051,-0.44849760935004,-0.275373647350366,-0.220480633356821,-0.584177697663477,-0.938495612231962,-2.13836778911079,-0.343626531286471,0.682832724400303,1.57084784025982,2.14225285629574,1.26614746219524,0.754267934005747,-2.36802612146826,-1.29550079100987,-2.38266190455935,1.18191673872609,0.678929691805134,0.545763313982127,1.21742257279479,0.646300935599162,-0.0632363539352424,0.23880827036468,-0.433845179637909,-1.28252619132067,-1.33955759173106,-1.49786692894712,1.04365266102481,-0.957260530086126,2.00490712337759,-0.0315444440301896,-1.20027610690721,-1.41373768971719,1.28111384421278,-0.938525723657223,-1.45039475946692,-1.24203911968155,-1.11255698909562,0.984848281754593,1.62931189683977,1.547553449942,1.30728583530634,0.924855861929795,-1.01683029266498,-0.665881730079667,-0.333979422149212,-1.0002125522811,-0.34476848053886,-0.822547334916973,-0.951156139549743,-0.938357717766034,-0.963629592544147,-0.684350728885536,-0.686008264773091,-0.653776320283739,-0.65103955906403,0.546999706382,-0.45780329625955,-0.29306929945644,-0.00991393021036301,1.58004448809894,1.30171296317677,1.51030815592855,1.55972771991409,-0.506122969993337,-2.23285479771547,0.726172755495118,-0.37760024144161,0.156946236789233,1.73491879105002,-0.939194285838884,-0.017646871584048,1.91779019138782,-0.7596488149613,-1.17821175605928,-0.110010510253322,-0.187829560951817,-0.208039747740384,0.837218293061186,0.991707943008339,0.99496661054505,1.38655886502517,-0.885696359334983,1.06926778297327,-0.590967280548668,-0.286904425214791,-0.226875569169311,-0.629727998655079,-1.07127315045188,-1.35124072729229,-2.37592727453809,-1.72297218927664,0.226288134846476,-0.949587954657186,-0.618564013678328,-0.391348688885798,-0.548685356986693,0.928401418342293,2.38292609713061,-0.561556462298257,-1.31336985500943,-0.755295767554917,0.475400863850929,-0.115382978305131,1.35695724140937,1.16017042020929,-0.694834028068417,1.09354876858201,-1.62694770498715,-0.220480633356821,-0.949587954657186,0.35046425234891,-0.00318371628598076,1.3537113041635,-0.000739682945828393,0.823029388212234,-0.391348688885798,-0.504578098615964,-0.321861540250354,1.03299019886025,-0.360584240166726,1.13106240044617,-0.753136894569917,0.620806112517094,-0.616079834918179,-0.44849760935004,0.646300935599162,-0.898012962874244,0.212409265870761,1.13181035517429,0.352751675137971,0.886358450346385,-1.57235331946802,-0.856335354515137,0.682832724400303,0.682832724400303,0.431634978161806,0.0465858602511433,-0.218005403435109,0.223861947321042,0.475400863850929,0.848357930562082,-0.144305290106824,-0.782770299686468,-1.18649910140954,-0.286904425214791,-0.471261468611373,-0.471344704785489,-0.523804376549633,0.806623107946404,-0.210617258288034,0.730527251248644,-0.00096140112613429,-0.252097771813259,-0.232079094641932,-0.407153610755056,0.40046092821602,-0.883183386419734,-0.370866985519292,-0.590710800538598,1.46097044519532,-0.753136894569917,1.22946112309564,-0.433845179637909,-0.866055464123419,-0.277522937462631,-0.34476848053886,3.13119024701698,-0.576459764357761,0.352751675137971,-0.932455617038282,1.03022712427771,-0.472016707391195,-0.675622884018443,-0.127296228476849,-0.811358043131231,-0.453822940289352,-1.46644824665486,-1.18309340420237,0.378240698697934,0.494208322757484,-0.118733906464382,1.25614709844634,-0.653776320283739,1.21611926443806,-0.696016939253532,1.42470714056591,-0.649707912297875,-1.56531543697313,1.35745206077428,-1.04573671507713,1.18371487005353,0.682832724400303,-0.149937701058835,0.978760123186855,0.655682867779868,-1.96575689216723,-0.244176455639738,1.03505545181761,-0.499564470154296,-0.889578484189684,-0.179953678608368,1.45055541402811,0.302349200451482,1.36617865083543,-1.2458191169842,-1.23321624918318,0.0949580954631852,0.038147655151735,-0.651533235030286,0.593315542651865,0.747912516997469,3.27642718339475,1.18231152372889,-0.728501275489362,0.364971944713428,-0.697698254915155,-1.16798693587037,-0.230075729421995,0.780230532275621,2.18096542220705e-05,0.980158158380245
comm.and.crime_point_1313,comm.and.crime,regression,0.7,0.0671481792837691,anomaly,-1.38334975138032,0.524070428289996,-0.453822940289352,-1.36452262772054,-0.393103207388005,0.47649623486865,-0.44849760935004,-0.18934904249111,-0.92926301823862,-1.69866703966285,-1.11867086664871,2.66112780592966,-0.499564470154296,-1.56531543697313,-1.34275895168509,-3.05147789559335,-1.28152865625967,-1.32355969780203,2.87334752875011,3.07117874814888,1.79485283778953,-1.34006551559698,-1.04783791719925,-1.22079271861426,-0.530896195770433,-0.446095258444874,-0.574978601284565,-0.96284821097941,-0.277522937462631,1.25605429231962,0.207127241592105,1.46497943338397,-1.44208853244101,2.6040760800047,-2.87912915840445,-1.76091345335221,-0.459353637846922,0.194932231558836,-1.18813086037385,2.73350495721777,-1.50739517632169,1.89777210258237,2.31869200639122,-1.47320119303407,-1.7869319751881,-1.69930249184784,-2.80701243560797,0.507116509507333,-1.19475403007165,-1.97835671309985,-0.241958561604024,-0.260908893459341,-0.34476848053886,-1.27898396480077,-0.998566532067046,-0.888729441037333,-1.16878960722883,-0.726761076765874,-0.64369508486844,-0.611535701313945,-0.65103955906403,0.635156296765973,-0.639856399463727,-0.242196122550708,-0.376966020067782,-1.13299769963178,-1.9910101644823,0.295311354595511,-0.216136897235549,0.541713286916744,2.28867180695451,-1.23321624918318,0.220547338478165,-3.70855272760961,0.223072592487436,-0.479994764969224,1.56977547151032,0.756333805638724,1.46397347129051,0.179067960944429,-0.600152808018174,-0.576527589185363,-0.548100210488063,-0.530630024274263,-0.585142193900484,-0.65635599605476,-0.394098372368261,2.65413034622164,1.33625668317722,1.1744091350529,-0.286904425214791,0.370733261641266,-0.54319816856734,-0.141398140072703,-0.965250958519477,-1.07930758779241,0.79946253665809,-0.321861540250354,-0.70339391206371,-0.574906338353587,-0.391348688885798,1.59656680346716,0.0250464516485512,0.806954409675075,-0.561556462298257,0.0507121317750543,0.91503209899819,0.0188878262786913,-0.34476848053886,-0.316872478427771,0.703657382637049,-0.910812056434499,-1.60506921467841,0.303001138876892,0.617171276048942,-0.506438677988928,-2.52149379555552,0.723724330383386,-0.00318371628598076,-0.649707912297875,-1.1522015200085,-0.391348688885798,-0.413219819433159,-0.413219819433159,-0.478855999702333,-0.274206900559272,0.396950550146819,-2.87912915840445,0.930046029669001,0.0686149044036935,-0.544247527234835,1.37456506496185,-0.817460640601083,-1.54139643245759,-0.14265187121042,0.82897837806628,0.837417660326429,0.968220127909451,0.70820759855586,0.682832724400303,0.682832724400303,-1.21255786402103,0.459440106210166,-0.661256593696907,0.0510694094017551,-0.209368692507428,0.274957880777056,0.451234030637584,-0.13044354190256,-1.63315359196784,-0.189444898148642,-0.252778472003357,0.33163531003105,-0.523804376549633,-0.8651184939892,2.35337100962757,-0.628395377288449,-0.548685356986693,0.441053158743122,2.04388961482867,0.905905260093369,0.105565038245289,0.228627756706173,0.43905062085352,0.825219881684049,-0.0278472343569434,-1.09789239681336,0.962472222891692,-0.35568405855027,0.0464914919194661,-0.277522937462631,-0.230075729421995,0.217464062248858,-0.318385949779994,0.617322065653698,1.36617865083543,-0.640100742275393,0.396031792643891,0.217035830694215,-0.444251915781118,0.458579831344262,-0.453822940289352,-0.838532752471447,0.775426071093047,1.36750086816761,-0.333979422149212,2.65413034622164,-0.791896494605177,-0.611535701313945,-0.4726301518147,-0.527054463374357,0.886358450346385,-1.12168480637209,0.682832724400303,-0.857736801737663,2.34070097857094,0.589585501005203,0.682832724400303,-0.241958561604024,2.55582860726454,-0.738257558223326,1.47410203102843,-0.308861968134177,-0.76198466217831,-0.343626531286471,1.0211786046515,3.14906289709809,0.955364950824539,1.4437995652116,0.59996722821086,0.675819615326396,0.726172755495118,-0.272093994394233,-0.240892786420384,-1.38334975138032,-0.669300457399169,-1.26292488459756,-0.867503152253548,0.803028383590466,-0.523804376549633,-0.210617258288034,-1.61925845715135,0.561382073451646,-0.34476848053886,2.37022064608188,-0.260908893459341,0.173123836996862
comm.and.crime_point_0713,comm.and.crime,regression,0.08,0.044563199858241,nominal,-0.102670847767764,-0.519882053238727,-0.296225771543798,2.05601962622011,-0.629843707397574,0.804312163562517,-0.400622650407643,-0.490435159498505,0.488301751524978,-0.0269330266637888,-0.518086685259539,-2.19417587742522,-0.187688592418646,0.637869761172835,0.997679291024758,1.97824030623609,0.580234661072763,0.473480416193885,-2.02244104562969,-0.710275698132921,-1.54715895608958,0.576640997688553,-0.158290967106083,-0.310748701822181,-0.822282657197971,-0.81022732312622,-0.574978601284565,-0.198157722851353,-0.433845179637909,-1.10745167520755,-1.2458191169842,-1.39910538353609,-0.294823366226011,-0.660482479245224,2.00490712337759,0.90725587531605,-0.801317854336286,0.194932231558836,-0.543980067872989,-1.48659000438483,-0.880390590919278,-1.47038902675529,-1.54827114725268,1.76107443168785,1.33224721231561,1.25679023127425,0.850141582982528,1.34259521435226,1.17756246868398,1.50255519838847,-0.333979422149212,-0.739281849167541,-0.34476848053886,-1.05076564985887,-0.477052214376713,-0.789472887579932,-1.01491959621532,-0.726761076765874,-0.686008264773091,-0.696016939253532,-0.693624944209472,0.767391182341933,-0.548829847861638,0.0630429388836828,0.462010185320604,2.46473215801113,2.18821534370037,2.14421953053709,2.01637862146685,-0.601380811530617,-2.11691821810855,0.726172755495118,-0.444061083654919,0.878506043477017,2.2208693548737,-0.388154860795292,-1.65798329278156,0.928401418342293,-1.00671795787817,-1.17821175605928,-0.243685682371009,-0.360584240166726,-0.505592652644603,1.15638290043946,0.65722458063374,0.43110035463292,0.636808449280568,0.648228546406218,0.0547099621982618,-1.31788698109049,-0.286904425214791,-0.226875569169311,-0.759522743786688,0.739536080286516,0.90955648980559,-0.0320378408055168,0.79946253665809,0.317646414029282,-0.851110337619796,-0.269302611080399,-0.391348688885798,-0.868190997905353,-1.22244374045233,1.27974591591174,-1.10564955550658,0.881022906339523,1.83659230123439,1.67374758747806,-0.230075729421995,-0.748828535159937,1.21723454990582,-0.694834028068417,0.82897837806628,0.964697885344563,0.230562702477051,-0.8018715291011,-2.05153702408025,-0.342407471398352,-0.923933908733845,-0.885696359334983,-0.21396683860365,-0.391348688885798,-0.413219819433159,-0.321861540250354,0.169078085395916,-1.00841428722264,0.348009760126863,0.683344364777741,0.826966057285032,0.713033482588985,-0.639997445119629,-1.23504806525446,-1.05911760742057,0.0479899816524777,-0.749538645679329,-0.864272121234376,-0.386102090172486,0.435519243781917,0.091872495830922,0.682832724400303,0.682832724400303,-0.390461442929611,-0.366268385707879,0.0352809910002048,0.857434586358428,-0.0381763034178386,1.18284129293668,-0.888729441037333,-0.521839596572905,-0.144305290106824,-0.286904425214791,-0.908227461827405,-0.471344704785489,-0.728501275489362,-0.960646585528377,0.207993071167575,1.01168365715287,-1.05076564985887,0.985671747037421,1.2998229213479,-0.538459497839898,-0.543205919690318,3.02874470976401,-1.01880107061754,0.648228546406218,0.192718347798946,-1.32772939830898,0.962472222891692,-0.277522937462631,-0.705017765998204,-0.199361816374992,-0.230075729421995,-0.347885794497196,-0.275373647350366,0.352751675137971,0.59996722821086,-1.96484353298993,-0.393103207388005,1.87483058658915,-0.655555707317298,-0.176389105893484,-0.375024355916575,-0.262943549469985,0.672346098709078,-1.15511256398006,-0.149937701058835,1.41519099927682,-0.791896494605177,-0.653776320283739,-0.370281702344836,-0.738257558223326,-0.337161300152529,0.530234322887664,0.682832724400303,-0.616079834918179,-0.3328024637828,-0.499651675583395,0.682832724400303,0.12612488057673,-0.649181537796562,-0.062407654706626,0.999638731277305,3.05478468157662,0.13653539481965,-0.0317506535508209,-0.742597169663439,-0.58347083930006,0.100035968927465,2.98227614380132,-0.235899778288672,-0.823995980623335,0.726172755495118,-0.796454122761974,1.04269324481136,-0.407594396246943,-0.669300457399169,-0.20723524876017,-0.822944761547652,-0.571872999411319,-0.830849724959226,-0.733880170107544,0.108666922041517,-1.0691658496234,-0.230075729421995,1.90861061304135,-0.347885794497196,-0.0790743884354456
comm.and.crime_point_1936,comm.and.crime,regression,0.04,0.216637980922274,nominal,-0.590548525334451,1.56802290981872,-0.375024355916575,-1.05911706933298,-0.708757207400764,0.968220127909451,-0.544247527234835,-0.576459764357761,-0.413784920142767,-0.723488865413399,-0.698261939676291,0.819460891553668,-0.499564470154296,-1.56531543697313,-0.387478036293313,-0.591289644698518,2.49099174991394,0.58579542331863,0.742239561078903,-0.215085234929352,0.72063476118553,-0.331272613867753,-0.262943549469985,-0.41781270379772,-0.356064318913911,3.19522538836858,-1.13789507336882,0.402670517820692,-0.35568405855027,-0.494690868811617,-0.167826657395328,-0.164586065898132,-0.58163965777976,-0.759408496192192,-0.0636258900830415,2.09310891027972,-0.516347673928482,0.798183452037345,-0.758696998706609,-0.171235730638567,-1.27939350890263,-0.499901921691897,-0.350057212320766,-1.08508811806744,0.342031597235068,0.384500575271014,0.164425204496809,0.193811995190487,1.71133368090399,1.559619328085,-0.333979422149212,-0.695793398648614,-0.34476848053886,1.14013017358336,0.281514065900134,-0.0450487366494222,0.831520535946791,-0.557119685244521,-0.64369508486844,-0.653776320283739,-0.608454173918587,0.723312887149946,-0.503316572060594,-1.00529377613668,-0.901326148435522,-0.897080987655194,-0.724578192305735,-1.34229302980988,0.747903894931396,-0.696638653067897,0.143845084226443,0.726172755495118,-0.444061083654919,0.775426071093047,0.547039635036561,-0.801434429577986,0.352751675137971,-0.620207095989836,-0.430223291072143,-0.935840378022907,-0.867503152253548,-0.878848277811454,-0.845653115392282,-0.986579463386079,-0.967408893757168,-1.01884144628399,-1.1907081890969,-1.88864725924269,-2.02780345939255,-0.642890116301655,-0.286904425214791,-0.226875569169311,-0.802787658830557,1.13106240044617,0.413283929954837,0.616272002567322,0.849911231176784,-0.413219819433159,-0.457199869470233,-0.662221689003069,-0.391348688885798,-1.23334030181239,0.756333805638724,-0.375024355916575,-0.116389386036903,0.169327956712836,0.223861947321042,0.475400863850929,0.114002523928599,-0.640839520976896,-1.75010019431373,-1.1807845918921,-1.65798329278156,1.40582904965634,-0.0271763465708762,-0.604916295026319,0.298246833296102,-0.148565325619854,0.0452768201586437,-0.531713688779321,0.131698570334978,-0.391348688885798,0.134929855663671,-0.230503261067549,1.89690231232458,-0.231018230755544,0.788476870306472,-1.15535164718726,1.03312600205297,0.149167226676855,-0.496372568292438,-0.0212745163166381,-0.736908318327921,1.03450568696218,-0.567472613338656,-0.758443965028085,-1.12021394047183,0.640404199215584,0.139282888348225,0.682832724400303,0.682832724400303,0.815279974671134,-0.484226741696171,-0.534613396479251,-0.985685818113966,0.988978031119698,-0.72849220634674,-1.98055152906875,-1.08718945331896,1.24528645829679,-0.286904425214791,-0.362019970307365,-0.150152698858873,2.44430065807644,0.281218604480928,-0.786206461289495,-0.534676575320374,-0.229179716068034,-0.351119333321313,-1.15122030423583,-1.06368304617927,0.459440106210166,1.1757261378875,0.709023156311124,0.117254540572726,0.358142534415864,-0.00616663970913513,-0.479267838209638,-0.043039574199713,-0.275583904330964,-0.35568405855027,-0.115382978305131,-0.478351146053977,-0.619472066787389,0.299837597034825,0.251689308836056,-0.00652810323800724,-0.590386957395979,-0.505592652644603,-0.285774072128984,-0.282217262099776,-0.296225771543798,3.39989683326659,1.03312600205297,1.31803785969412,-0.241958561604024,-0.295725241742213,-0.696638653067897,-0.738257558223326,1.1137708149682,-0.569295082344151,-1.2670363105317,-0.885696359334983,0.682832724400303,-1.26049841310347,-0.154568900959218,-1.04427026387769,0.682832724400303,-0.149937701058835,-0.0895765918335127,0.23327667808193,0.406559606588398,3.31352673155438,-0.425039640804075,-0.499564470154296,0.874197290125252,-0.93654835490529,1.00038226566123,1.09640162811069,-0.444866529913555,2.26937368602299,0.726172755495118,1.09124233936189,-0.854781757879046,1.5439163140198,-0.550930207394384,1.75333121779498,-0.288244073076904,-0.666693784445925,0.44850589341408,-0.786206461289495,1.54860473803558,-0.723292047758998,-0.230075729421995,-0.60459956684596,0.565371666400276,-0.0790743884354456
comm.and.crime_point_0259,comm.and.crime,regression,0.03,0.237814157953987,nominal,1.5439163140198,-1.21585037425788,-0.375024355916575,-1.36452262772054,-0.4325599573896,0.763335172475784,-0.639997445119629,-0.533447461928133,-0.607089206928712,-1.0717667847882,-0.758320357815209,2.38208736435754,-0.499564470154296,-1.56531543697313,-1.24723086014591,-2.17674429527519,-0.98756602720718,-0.481197144366448,2.35496991499225,0.595226432131034,2.45131944015864,-1.13830693525114,-0.890859043653398,-1.00666471466318,-0.764005364912463,-0.81022732312622,-1.49611464651335,0.839636511036724,-0.199361816374992,0.643293485923684,0.253996478965534,0.576125524684642,-0.725047803556634,1.96105696984941,-2.13215890354367,-1.11857639274689,0.623533047702732,0.345745036678463,-0.490300835164584,0.596054262380089,-0.709389340354984,0.185147799529322,0.412442564454086,-1.020402605573,-0.499651675583395,-0.342407471398352,-0.338433473059384,0.298246833296102,0.703099168932851,0.0759519559752211,-0.241958561604024,-0.347885794497196,-0.34476848053886,-1.14205297583563,-1.47267045724008,-1.78203842215394,-2.04071966963871,-0.769171424646212,-0.770634624582392,-0.78049817719312,-0.778795714500358,0.591078001573987,-0.548829847861638,-0.750927891608026,-0.7440181099252,-1.25095605562007,-1.35779417839402,-0.866859498853478,0.0375580480715412,-0.696638653067897,0.433686533243749,-1.23321624918318,-0.0452960303750682,-1.64695327993023,0.00709456412135369,-0.0667151961865298,2.25765848685121,-2.12579870714607,0.805122423512198,2.06956470962817,-0.956619933665339,-0.922036947615181,-0.930668231079202,-1.16895923903081,-1.25410891864968,-1.30077457424005,-1.23756759008094,1.06120832872116,-0.319074498087268,-0.227507430277758,-0.189444898148642,-0.226875569169311,-0.802787658830557,1.42470714056591,1.01983928088354,1.16484187003665,0.900359925695479,-0.413219819433159,-0.211005826876756,-0.181987260430917,-0.391348688885798,0.364187902780905,-1.48054515950769,1.20094733153896,0.526629724118384,0.465867519057289,-1.67685596979111,0.817785642030109,-0.34476848053886,-0.100894450061688,-1.40771541613455,-1.55874614153275,0.0881812846222431,-0.579261189746669,1.39038842319272,1.16768081164671,0.0371597380320633,-0.00318371628598076,-1.65084195540321,1.76917366983248,-0.0658245204870952,-0.391348688885798,-0.595936377798769,-0.230503261067549,-0.694834028068417,-0.231018230755544,0.152246600047036,-0.350922141952573,-0.0492137079787055,-0.857736801737663,-0.0176229788684652,-1.23504806525446,-0.535527512645018,-0.993332151729983,-1.23504806525446,0.0352672065190975,0.592713710226646,-3.08850198967716,1.98828819652304,0.682832724400303,-1.56531543697313,1.08931211503494,0.813315174175043,1.99825054787388,-0.179320641157294,0.817785642030109,0.370524555741227,0.550490584094985,3.26165559857376,-0.0450487366494222,-0.286904425214791,-0.0889162245473447,-0.310748701822181,-0.216759028140039,2.14401638949489,-0.210617258288034,-0.534676575320374,-1.09640931284725,0.193499254972986,2.52534453413976,-0.582228126868179,-1.01503934364349,1.25808251885979,-1.61274064862427,0.176251652332003,0.413283929954837,1.54523312038634,-0.692858958372798,-0.35568405855027,0.153849957336276,-0.433845179637909,0.114002523928599,-0.565328047091832,-0.576459764357761,-0.70552988692494,0.948245147585665,0.569447023159616,0.277661542639106,-0.803145557548822,0.0311816151752862,-0.388045418306067,7.42603549698832,-1.1001642083812,0.156946236789233,-0.165852394510387,-0.333979422149212,-0.590710800538598,-0.315607286918777,-0.569295082344151,0.0902863202695546,-0.273610749555595,-2.09902974087097,0.589231434646941,0.210721610511883,-0.0119374178694681,-0.199127291665113,0.143988474218959,0.682832724400303,-0.241958561604024,-0.343942476362171,-0.696016939253532,-0.601674905382743,0.0145655943380156,0.922740444692865,-0.265657561852559,0.678222204090259,0.576640997688553,-0.98037958715305,0.997145074653291,-0.514522113788516,-0.917734455370194,-1.23321624918318,-0.0623499430471371,0.763652803239245,-1.0174414932053,-0.708757207400764,1.45170560755573,0.023664661864365,-0.145179466755593,-0.216759028140039,0.417298235895379,-0.121723128517532,-0.0315444440301896,0.458080777279193,2.11377062772603,0.173975611729931,-0.179953678608368
comm.and.crime_point_0763,comm.and.crime,regression,0.16,0.568238043346769,anomaly,0.324222120103087,-0.519882053238727,-0.375024355916575,1.01764072770241,-0.156362707378436,0.394542252695183,-0.0654979378108623,-0.533447461928133,0.488301751524978,-0.0269330266637888,0.022439077990719,-0.687357492935775,-0.343626531286471,0.637869761172835,1.04544333679435,1.10350670591792,0.727215975599007,0.58579542331863,-0.524905716995868,-1.02539690198974,-0.293904533384912,0.828839223120861,0.312645653531477,0.224571308055511,0.401540480797687,-0.0212745163166381,-0.216759028140039,0.0203252737566635,-0.433845179637909,-1.19498893326411,-0.730257505876477,-0.411489929425723,-0.00800707467226295,-0.611019470771741,0.913181366273366,-0.0315444440301896,-0.288371529602239,-0.458589923959548,0.314887655461491,-1.15775143594827,0.0316160787569558,-1.07077668937625,-1.16702125886525,1.04953379424903,0.837139404775339,0.77218486682801,0.210139629729191,0.611551347612948,-0.245827430569399,-0.0952404331143684,-0.241958561604024,-0.217420442940414,-0.34476848053886,-0.503041693998314,-0.714104176963228,-0.69021633412253,-0.861049585201808,-0.472298989483845,-0.516755545154489,-0.484813844404564,-0.523283403627701,0.370686525614054,-0.45780329625955,-0.0387034149277808,0.199830121136733,1.34412777612236,1.61832095622091,0.0311816151752862,1.15381580742274,-0.649009732299257,-1.18942558125317,0.726172755495118,-0.444061083654919,0.208486222981217,1.03299019886025,-0.709594525404054,-1.7108973708847,0.369181677055691,-0.718470624475156,-0.305674795128326,0.335573396805634,0.33043447669291,0.174528272850755,1.24757278826182,0.991707943008339,0.713033482588985,0.824246053216719,0.23524876409128,-0.586063398291218,0.291720927252114,-0.286904425214791,-0.226875569169311,-0.326873593347992,-0.777628410332139,2.06752579612401,1.06510189413313,0.698565147620701,-0.413219819433159,-0.309483443914147,0.0799587915175297,-0.391348688885798,-0.183536053079654,-1.30847754680412,-0.453822940289352,0.180388664803999,-0.127211605631618,0.223861947321042,-1.06533063795537,1.49031553733097,1.08698470595177,0.532464993547459,1.08698470595177,-0.440959496409212,1.62639463181223,-0.156045871094839,1.46311366275889,1.70811714772191,1.64447452283125,1.30525076771888,1.17920255223971,-1.34972461083057,-0.391348688885798,-0.0477867027019386,1.04851264749172,0.763017663402644,-0.792470938203999,-1.21809552051175,0.85572211589946,0.620806112517094,0.874138127135308,0.892001241037083,1.31387638751496,-0.736908318327921,-1.65100928860312,0.160791516024035,-0.017646871584048,-0.826569200352095,0.35356526160845,1.56159466386731,0.682832724400303,0.682832724400303,-1.70581571667588,-1.60483112358495,-2.30761815752644,1.08782463691748,-0.0381763034178386,1.32619130538294,-1.58352531523914,-0.869747200724323,-0.888729441037333,0.00547415598365529,-0.0342954753953406,-0.631940707748796,-1.49611464651335,0.0423983756329848,-0.367596131833887,-0.534676575320374,-1.18769663882401,-1.2423133868938,-0.0570045785288092,0.94967388912165,1.81596120007553,0.969835185456777,2.05888583359914,2.00516211686959,-1.35124072729229,-0.580759143448198,0.00131218215747174,-0.433845179637909,-1.18813086037385,6.05352787063615,-0.34476848053886,0.0435102601731493,2.9075367324421,-0.22930318399663,-1.42004470416301,0.339056972600567,1.50082079268855,-0.633115326174983,0.348137302479556,0.141095362725389,-0.453822940289352,0.94056114771489,-0.10075369417069,0.427703707171417,-0.149937701058835,-0.826699247575706,-0.220349445381496,-0.44257322543477,-0.626152826019497,-0.484813844404564,1.03318082040625,1.88716789335104,0.682832724400303,2.04214680009615,-0.154568900959218,0.837139404775339,0.682832724400303,5.09525135001691,-0.343942476362171,-0.10464827367642,-0.36444325550718,0.726106231776839,-1.6043472156139,-0.187688592418646,-0.252659454575957,0.526201352602092,-0.935362272316362,1.24528645829679,-1.55935587191293,0.675819615326396,0.726172755495118,-0.324530007231007,-0.631549404621351,0.324222120103087,-0.51147345739279,0.597099711877842,0.023664661864365,-1.42526006472277,2.08608108493191,0.678929691805134,-0.352113179076581,1.05548750468651,0.114002523928599,-0.758469577859468,-0.521839596572905,1.83763212485009
comm.and.crime_point_0936,comm.and.crime,regression,0.07,0.022698746855085,nominal,-0.224640267159436,-0.171897892729153,-0.296225771543798,0.590072945959833,-0.629843707397574,0.845289154649251,-0.161247855695657,-0.533447461928133,0.746040800572905,-0.0269330266637888,0.502906423102059,-0.240892786420384,-0.265657561852559,0.120795684056945,1.42755570295106,0.338114805639531,-0.252659454575957,0.866582941130492,-0.236918153797056,-0.845327642642986,-0.0551894052506902,1.63587354450424,1.3591714771705,1.13461532484759,1.80019549564987,-0.446095258444874,3.46778515277508,1.00349875849274,-0.433845179637909,-1.06368304617927,-0.870865217996765,-1.1522015200085,1.42607438309648,-0.611019470771741,0.338588862534303,0.51197153032816,0.794515155947413,-1.21265394955768,1.4958307750464,-1.26736429209379,0.316618163030779,-1.24203911968155,-1.27594979840451,0.467364181799085,1.03518252779145,1.15986915838501,0.804427157750147,1.02929070003541,-0.838906555258306,-0.323496951900488,-0.333979422149212,-0.695793398648614,-0.230075729421995,-0.731260008940213,-0.761514569480531,-0.293190120292925,0.0621704808792462,-0.472298989483845,-0.432129185345187,-0.273610749555595,-0.18260032246416,0.28252993523008,-0.321263468856418,-0.242196122550708,-0.167221968720685,0.341481750221874,0.858461772914973,-0.708381655201343,0.697164905869978,-0.744267573836537,-0.667710973022016,0.726172755495118,-0.37760024144161,0.620806112517094,0.385056113761999,-0.75551447749102,-0.0705609496871936,0.369181677055691,-1.00671795787817,-0.984314653630183,1.31585799233534,1.53971723119727,1.78981547090223,0.654838517416459,1.27840796790085,1.55883286645718,1.33969946404113,-0.295725241742213,0.588687762606162,0.862872120534973,-0.286904425214791,-0.226875569169311,-0.153813933172513,0.690595290266559,0.633849512110727,0.0178321471462401,0.14362950791506,0.134929855663671,-0.8018715291011,-0.181987260430917,-0.391348688885798,0.820624532664704,0.670299999286939,-0.375024355916575,0.378240698697934,1.0589466437462,-0.640100742275393,1.21723454990582,-0.34476848053886,1.57293526977546,-1.6930360646172,-0.532850506793854,-0.546787652615503,0.0272941611820292,-0.800393493714657,0.330621066828893,0.663768766665756,0.287579502381766,1.64447452283125,0.589231434646941,-1.49786692894712,-0.391348688885798,-0.230503261067549,-0.413219819433159,-0.100894450061688,-0.922036947615181,0.10330581002708,0.166211111412584,-0.0492137079787055,-0.938289124010825,4.0517485312353,-0.324717903551093,0.95469044940847,-1.48659000438483,-1.23504806525446,1.7814317839229,0.886358450346385,0.189657297261516,1.46677387883271,0.682832724400303,-1.56531543697313,0.486441406234567,0.223523394233582,-0.724578192305735,1.6637997633151,-0.266432822203958,0.466091230705398,-0.392446673750327,-0.869747200724323,-0.839101164308632,-0.189444898148642,-0.744365214371393,-0.257216700834412,2.23960375913671,-0.530770173602079,-1.1001642083812,0.871105454200756,0.0446822618622457,0.342031597235068,-0.932377159094426,0.599524856895403,-0.66116427567861,1.09336975691521,0.331061606670478,0.0582574288134486,-0.358695607590779,-1.44264789905679,0.00131218215747174,-0.35568405855027,-0.543980067872989,-0.121200695287352,-0.000690227188266011,-0.608816497610759,-0.619472066787389,1.67560362771661,-0.653833281538438,0.0510694094017551,-0.314189707384816,-0.633115326174983,2.40834926995731,1.56977547151032,1.43734308465729,-0.681553878925593,-0.409993611322597,-0.165852394510387,1.04633348602862,0.766222769924772,0.0177951584617036,0.402239153961105,-1.18906929810375,-0.400332606464976,0.886358450346385,-0.649707912297875,0.682832724400303,-0.0119374178694681,-0.600152808018174,-0.00454386804312309,0.682832724400303,0.402187462212296,-0.242196122550708,-0.062407654706626,0.643791256463961,-0.761660555595246,-0.76198466217831,-0.109719622984733,-0.105678140049712,-0.432151904040676,-0.935362272316362,1.29491473502549,-1.14142236866316,0.300865716338963,0.726172755495118,0.357138159647056,-0.129276609791536,-0.224640267159436,-0.590386957395979,-0.307777118839921,1.04850764809996,-0.619283391928622,0.0902863202695546,-0.00131209356022966,-0.640100742275393,-0.476239332141566,-0.230075729421995,1.60087059101434,-0.43486269553505,0.677520287861476
comm.and.crime_point_1728,comm.and.crime,regression,0.42,0.00309710798572008,anomaly,-1.44433446107615,1.22003874930914,0.176565734692862,-0.753711510945423,1.1062532926726,-0.506951551212952,-0.639997445119629,-0.576459764357761,-0.220480633356821,-0.444866529913555,-0.458028267120621,0.484612361667126,0.280125224184829,0.682832724400303,-0.769590402450023,-0.755302194758174,-0.693603398154691,-0.705827158615937,0.396654485240329,0.145053283764153,0.00448937678286525,-0.684350129472983,-0.52457500537974,-0.36428070280995,-0.822282657197971,-0.264029226104202,-0.267933252874971,-0.471261468611373,0.269604910150844,0.643293485923684,0.113388766845247,0.378602433862569,-0.438231512002885,-0.215315402983871,-0.408381392326479,-0.772702590882484,-0.174383457439118,-0.0564224436405426,-0.275583904330964,1.36334425539874,-0.65238892350022,1.21272238136115,1.33833515053783,-0.56760401811193,-1.04427026387769,-1.11777605451234,-0.841292150615578,-1.0594060620769,0.58448334399507,0.475400863850929,0.218145741121919,0.82630236951384,-0.34476848053886,-0.503041693998314,-0.90374574703244,-0.839101164308632,-0.912339588872978,-0.684350728885536,-0.728321444677741,-0.738257558223326,-0.736210329354915,0.811469477533919,-0.548829847861638,-0.242196122550708,-0.324530007231007,-0.602185097684464,-0.724578192305735,-0.232948124244939,-0.317614875358386,-0.220349445381496,0.0858767944229815,0.726172755495118,0.287008180691474,-0.306913638938628,-0.26287797133625,0.759843941378858,-0.123475027790339,0.197114064352121,0.55805328059533,-0.402623346342877,-0.778386370841756,-0.749282268400272,-0.718130441861903,-1.03217440729726,-0.919625556275082,-0.857736801737663,-0.768973580240562,0.176251652332003,-0.906450078535958,-0.0717389230187961,-0.0919853710824933,-0.0276726255657857,-0.802787658830557,0.788476870306472,0.137576952259974,0.616272002567322,0.345424285989838,0.409004693212087,-0.506438677988928,-0.31296028640514,3.72801674132588,0.546762554734425,0.111080258000336,1.91013459089395,1.02125980885322,0.643791256463961,-0.236918153797056,-1.00826650825885,2.40785754626589,-1.34276811316667,-0.266432822203958,-1.50475163444123,0.723150221859989,-1.68208910052612,3.71003986462407,-0.112528209839365,-0.11949251912636,0.0452768201586437,0.77218486682801,-0.708705024057152,-0.905297656480906,-0.391348688885798,-0.413219819433159,0.683079530760502,1.14097921304329,-0.706093598596545,-0.337161300152529,-0.638218393822105,-0.66769354228252,2.32407992805221,-0.544247527234835,-0.324717903551093,0.874138127135308,0.870086402743895,1.43525374240874,0.141095362725389,-0.630806040272269,-0.793790488820086,3.0313168319037,-0.0815376504666633,0.682832724400303,1.41815068347151,2.46473215801113,0.541853779870831,-1.79205099507064,-0.380561081597017,-0.29844216900797,-0.739844610851231,-0.695793398648614,0.94751679792459,0.200393210115953,0.5119120161247,-0.471344704785489,-0.370281702344836,0.997679291024758,0.626603400623183,1.48027766699325,2.23557808530448,0.936160966283394,1.16851703426305,0.118069937584314,1.10821106414577,-0.677292433989011,0.925001184677206,0.412240099369111,1.35068765411737,1.54523312038634,-0.0520855978833183,-0.433845179637909,0.0464914919194661,-0.121200695287352,0.572773528396057,1.78304828093024,0.799933913390331,0.776064299963135,0.251689308836056,0.742239561078903,-0.629843707397574,-0.845653115392282,0.136833510943376,0.299837597034825,-0.375024355916575,0.103340488803673,0.517726140133124,-0.314241419930838,-0.333979422149212,-0.295725241742213,-0.458494049224697,-0.146888892646214,0.397331668679148,-0.527054463374357,0.984240030386299,0.412240099369111,0.682832724400303,-1.30077457424005,-1.00117832437123,0.490563939497149,0.682832724400303,-0.149937701058835,2.91194084560466,0.697923486749661,0.0507121317750543,-0.114805430650861,0.473480416193885,-0.499564470154296,-0.056684368540964,-0.886108709818829,-0.665258383296233,1.7415692255838,-0.514522113788516,-0.683388268503048,-1.23321624918318,0.40957417248383,2.7727439825585,0.812099797669774,-0.116905957376842,1.90414402291461,3.05363522986527,0.803028383590466,0.294983219209284,0.417298235895379,0.627044535799378,-0.179776073400649,0.458080777279193,1.03668055063147,1.13072152314633,-0.633910484386522
comm.and.crime_point_0761,comm.and.crime,regression,0.19,0.126342989885492,anomaly,1.17800805584479,-0.519882053238727,-0.217427187171022,0.712235169314856,-0.314189707384816,-0.343043586866018,-0.496372568292438,2.34837680085693,3.71003986462407,3.52550175095922,3.98629467515928,-1.30124646439444,-0.499564470154296,-1.56531543697313,-1.48605108899385,0.830152455818498,0.825203518616504,-1.04277217999017,-1.44646591923207,-0.170067920092664,-1.72619530219024,-1.13830693525114,-1.30946937310901,-1.43492072256534,-0.181232442057388,1.43525374240874,-0.779675500224294,-1.01746896013141,0.191443789063205,3.05056808247913,1.80068131228869,0.872410160917752,0.374414647399402,1.56535290206154,-1.04043314643945,-1.0691658496234,1.64942569717082,-0.106693378680418,-0.114546206205749,-1.32217072016655,3.22363942262377,-1.35621407321842,-1.38487833794378,0.726106231776839,-0.549162456337422,-1.11777605451234,-0.56700559922129,-0.746101547760053,-0.186519518100509,-0.0381763034178386,-0.241958561604024,0.434906314843494,-0.230075729421995,0.364187902780905,0.281514065900134,0.15346437026538,0.113460484550416,-0.217836902201817,-0.262876465726585,-0.315851368525389,-0.310356477900488,-1.39244528206541,0.725541874567598,1.13137965390405,0.0949580954631852,-0.720143453672756,0.60517537847966,-0.549903811549208,-1.94126252532377,0.875115732297224,1.76695719872336,-1.23321624918318,-0.111756872588377,-0.66769354228252,-2.26067473372252,-0.29631495662136,-0.599701730718649,1.10046903104586,0.228627756706173,0.469913614588082,-0.778386370841756,-0.706093598596545,-0.633115326174983,-0.393845192540718,-0.537358856418398,-0.575803673781598,-0.628395377288449,3.0081130167773,-0.212278938005688,0.343643763005101,-0.189444898148642,-0.226875569169311,-0.370138508391861,0.641654500246602,-2.17836166037687,-2.8247571661039,0.749013842139396,-0.139144981884744,-0.457199869470233,-0.138329585106176,-0.391348688885798,1.23141749956012,0.584266192935153,-0.217427187171022,-0.264778411457355,-0.186519518100509,0.91503209899819,1.10310629051276,1.94908654179843,1.78891329814154,0.0759519559752211,-2.4766527620886,1.1993769247883,-0.0278472343569434,-0.284915395618803,-0.211005826876756,0.298246833296102,0.481421648160263,0.869105939717259,0.353242987609834,-0.707774565658833,-0.391348688885798,1.96209543931977,0.500362972394892,0.763017663402644,-0.446961579774181,-1.16915473049179,1.60269237076024,-0.152293680362675,1.84076599441325,-0.592122486177232,-0.264029226104202,-0.69663215719134,1.41815068347151,0.464234903258489,0.0352672065190975,1.57152951062578,0.517473225955383,3.0313168319037,0.682832724400303,0.682832724400303,1.63737639576255,1.04923188615163,-0.661256593696907,-2.36802612146826,-0.722945859776196,-0.919625556275082,1.4934278419403,-0.826258750205395,-0.987985994494734,0.882609899578993,-0.908227461827405,-0.953132713675412,-0.421455927079768,0.997679291024758,1.14986631244269,1.33969946404113,0.592406217722805,0.193499254972986,2.30650138899836,0.380681711753999,-0.602185097684464,-0.553757862530577,0.115083578304395,-0.885696359334983,0.46842532549381,-1.32772939830898,0.535289982565372,-0.35568405855027,-0.919734696831824,-0.433845179637909,0.114002523928599,-0.739281849167541,0.0687247720866572,-1.39341290226583,0.0427225572111723,0.223861947321042,-0.669300457399169,-0.420577536957683,-0.338600020013028,-0.546787652615503,0.0189685659473083,2.19639213608172,0.260026209173202,-1.10564955550658,0.0341040200315418,-0.649707912297875,-0.410865128456057,0.0643142022027552,-0.4726301518147,-0.231370130585801,1.13106240044617,0.117254540572726,0.682832724400303,0.713033482588985,-0.243685682371009,-0.40063011407534,0.682832724400303,-0.241958561604024,-0.954420599230953,-0.738257558223326,-0.186519518100509,-0.308861968134177,-0.425039640804075,1.52762873512743,-0.546622083628446,0.425322062429169,-0.710275698132921,-0.193933566835524,-0.235899778288672,-0.214695894768757,0.726172755495118,-0.219657981557459,0.763652803239245,-1.44433446107615,-0.550930207394384,0.345745036678463,1.44953316445302,-0.192589859272896,0.499680118149013,1.98708697135391,0.281459459960805,1.69782456529183,-0.230075729421995,0.728940528604452,-0.173931992421487,0.223563482083323
comm.and.crime_point_1376,comm.and.crime,regression,0.13,0.133961681562816,nominal,0.812099797669774,0.524070428289996,0.0977671503200851,-0.6315492875904,-0.590386957395979,0.886266145735984,-0.687872404062027,-0.619472066787389,-0.091611108832858,-0.514522113788516,-0.337911430842786,1.15430942144021,0.124187285317004,0.682832724400303,-1.00841063129797,-1.52069409503657,-0.497628312119698,-0.425039640804075,1.54860473803558,1.0904168953346,-0.0551894052506902,-0.93654835490529,-0.890859043653398,-1.06019671565095,-0.472618903484926,-0.749538645679329,-0.370281702344836,-1.07208970928342,0.191443789063205,0.730830743980246,0.0196502920983885,0.378602433862569,-1.1074695256283,0.823407774959287,-1.21281089756117,-0.229186616524135,0.0535926868871247,0.848454387077221,-1.02709316224863,-0.0616228744930443,-0.196385588662103,-0.157377061081287,-0.0777358634726045,-0.308861968134177,-0.40063011407534,-0.293946934953727,-0.658434449686053,0.141594576137679,-0.186519518100509,-0.608817600383137,-0.0579168405136468,0.0435102601731493,-0.34476848053886,-0.913834660893733,-1.09338731710165,-0.789472887579932,-1.16878960722883,-0.726761076765874,-0.728321444677741,-0.696016939253532,-0.736210329354915,0.723312887149946,-0.594343123662683,-0.343942476362171,-0.376966020067782,-0.484226741696171,-0.471291797870422,-0.338600020013028,0.291252993378632,-0.649009732299257,-0.609742683218555,0.726172755495118,0.220547338478165,-0.409993611322597,0.223072592487436,-0.29631495662136,1.35811915909774,-2.12579870714607,-0.14197595766913,0.760759268231735,-1.09029510578303,-1.05160295702636,-1.01568334676612,-1.16895923903081,-1.2063255811676,-1.22022225196689,-1.28442699106498,0.766222769924772,-1.60062121906623,0.499412270264063,0.00547415598365529,-0.226875569169311,-0.802787658830557,1.81623346072556,1.35068765411737,1.36432182184367,1.20305209280765,-0.321861540250354,1.01996438609063,-0.269302611080399,-0.391348688885798,1.9617161073742,1.18650283739765,-0.296225771543798,3.14816917321302,0.406559606588398,0.511849510519854,1.16017042020929,-0.34476848053886,-1.12679008480058,-1.52184367552761,-1.61274064862427,1.41103323720088,-1.24095793621434,-0.413784920142767,3.48190481202539,0.35046425234891,-0.584710153621474,1.15986915838501,-0.826699247575706,0.576125524684642,-0.391348688885798,1.23122920585733,-0.321861540250354,-0.20888346424473,0.157679797478001,0.984240030386299,0.683344364777741,-3.29623283807373,-0.777184479464502,0.173876856901124,-0.324717903551093,1.43800438304744,-0.938525723657223,4.83381967943463,-1.76381144898785,-1.36491789057162,-0.875744470993553,-1.42526006472277,-1.56531543697313,0.682832724400303,-1.43178357631207,1.16719024213992,-0.218005403435109,0.511849510519854,0.24714434506481,-0.776275543828826,0.15346437026538,0.782813918994912,-0.64058805739383,-0.189444898148642,3.35219097202891,0.813423318920973,-0.267933252874971,-0.578534219371668,-0.262943549469985,2.7923408945463,-0.00096140112613429,-1.44035650990991,0.643293485923684,-0.494690868811617,-0.720143453672756,0.228627756706173,1.73491879105002,0.589231434646941,-0.910109562980505,0.510966613656022,-0.959847858576748,-0.199361816374992,-0.651338533289799,-0.35568405855027,-0.000690227188266011,-0.391374245016123,-0.490435159498505,0.617322065653698,-1.69866703966285,0.454251997880092,-0.629843707397574,-0.378069979114223,-0.444251915781118,0.0352672065190975,0.649357240929522,0.0510141976217214,0.930046029669001,-0.858334513139159,-0.241958561604024,-0.295725241742213,1.01800249460314,-0.189129511616007,0.0902863202695546,0.148795440142343,-0.0924573500527467,-0.649707912297875,-1.56531543697313,-1.22022225196689,-1.00117832437123,-1.83644275594213,0.682832724400303,0.77027090439305,2.91194084560466,-0.611535701313945,1.47410203102843,-1.020402605573,0.36116540906914,-0.109719622984733,-0.595615855137194,1.88807176993655,-0.575223753622857,0.649747137552387,2.68963474445969,-0.636519031129619,0.726172755495118,0.304702146810281,-0.18508469810596,0.324222120103087,-0.590386957395979,0.14466129651896,-0.0208937288415306,-0.42964182185941,0.0391120955346223,0.678929691805134,1.203019662197,-0.377418245894594,-0.34476848053886,0.113460484550416,-0.91323565124325,-0.684350129472983
comm.and.crime_point_0268,comm.and.crime,regression,0.17,0.192643688887139,anomaly,0.0192985716239078,-1.21585037425788,-0.375024355916575,-0.6315492875904,-0.235276207381626,0.517473225955383,-0.352747691465246,-0.576459764357761,-0.993697780500602,-0.514522113788516,-0.758320357815209,0.596228538295973,-0.265657561852559,0.682832724400303,-0.387478036293313,-0.372606244618977,-0.15467191155846,0.0242203876949048,0.742239561078903,-0.215085234929352,0.780313543219086,-0.482591549127137,-0.419922423015838,-0.524876705773258,-0.239509734342896,-0.567472613338656,-0.728501275489362,-0.580502966915381,-0.35568405855027,-0.407153610755056,0.582081140579538,0.674887070095679,-0.964061379851424,0.130925656330515,0.108751861038678,0.561382073451646,-1.31426417907033,0.546828776837966,-1.08077239495704,0.65086069045285,-0.481387672935926,0.641847613676801,0.684763913302247,-0.56760401811193,-0.499651675583395,-0.342407471398352,-0.612720024453672,-0.11949251912636,2.3044128055929,1.78787584687111,-0.241958561604024,-0.173931992421487,-0.34476848053886,-0.274823379056414,0.044462103313619,0.749003691009788,0.728940528604452,-0.557119685244521,-0.516755545154489,-0.44257322543477,-0.480698018482259,0.767391182341933,-0.412290020458506,-0.343942476362171,-0.324530007231007,-0.366268385707879,-0.534613396479251,-0.180122176360894,0.747903894931396,-0.458494049224697,0.665559692457595,-1.23321624918318,-0.37760024144161,0.569266126325109,0.817012170494165,-0.434074812882258,-0.22930318399663,-1.05037612774876,-0.471401481558287,-0.741943275593805,-0.689269589429965,-0.792470938203999,-0.845653115392282,-0.393845192540718,-0.489575518936313,-0.65635599605476,-0.394098372368261,0.294245875850557,-1.49382565898465,-0.227507430277758,-0.286904425214791,-0.226875569169311,-0.629727998655079,0.984240030386299,1.13012207196148,0.566402014615565,1.00125731473287,-0.504578098615964,0.527576300903674,-0.400275637054622,-0.391348688885798,-1.05076564985887,0.197114064352121,-0.296225771543798,-0.116389386036903,0.0507121317750543,-0.121723128517532,0.874849771726638,-0.34476848053886,0.601034142128082,0.589529123243989,-2.4766527620886,-0.546787652615503,-1.07553374959742,-0.0271763465708762,-0.654155103545014,-0.380579614390398,1.11140862194038,-0.972394445178469,-0.472716577020044,0.526744751979124,1.39787063938796,-0.321861540250354,-0.321861540250354,-1.1807845918921,-0.101452221344363,-0.483983670212399,0.0512926106647712,-0.306913638938628,-0.293870545825533,0.126001897958727,-0.931604678020002,-0.978565285147405,0.541247834307328,-1.23504806525446,0.670236143756844,-0.141398140072703,-1.32649137294762,-0.477052214376713,0.682832724400303,-1.56531543697313,0.376828550089045,-0.189330851725441,-0.787899790914564,0.339056972600567,-1.46477954583108,-1.30189225613177,-0.491703227207728,-0.0434666408647052,0.550490584094985,-0.286904425214791,0.5119120161247,-0.792536710712104,-0.626152826019497,-0.435242082062902,-0.890859043653398,-1.09698938712883,0.227256913815765,-0.648184017845477,-0.669765384924741,1.64997195357414,0.40046092821602,-0.100797767182985,-1.23477909898362,-0.0597367947051054,-0.579261189746669,-0.350922141952573,1.12266556301406,-0.35568405855027,0.959038447962351,-0.121200695287352,-0.230075729421995,0.0869987106920766,-0.490435159498505,-0.335131340202921,0.321344892711017,0.569447023159616,-0.629843707397574,3.10754976404949,-0.708381655201343,0.881892456169426,-0.138628602798245,0.103340488803673,0.620806112517094,-0.314241419930838,-0.241958561604024,-0.118733906464382,0.398826524610824,-0.611535701313945,-0.01206212920031,-0.10464827367642,0.00542422998716656,-0.708705024057152,0.682832724400303,0.793585804862147,-0.421919245194591,-1.73742119443407,0.682832724400303,-0.333979422149212,-0.649181537796562,-0.484813844404564,-0.186519518100509,-0.373547480628615,-0.200409626554585,-0.187688592418646,0.139290717494029,-1.08786729016467,-0.800310327806298,-1.48426876178174,0.0427225572111723,-1.05834216749048,-1.23321624918318,0.0949580954631852,1.32173368638348,-1.38334975138032,-0.274732957383221,0.345745036678463,0.335573396805634,-0.571872999411319,-0.319107477609904,-1.15249049956315,1.83659230123439,0.51197153032816,-0.34476848053886,0.267330495563925,-0.13044354190256,-0.734789774559444
comm.and.crime_point_0500,comm.and.crime,regression,1,0.013605922004382,anomaly,-1.38334975138032,-0.867866213748302,1.51614166903007,0.956559616024903,0.514402042648675,-1.44942234620782,0.41325165161311,2.1333152887088,0.166127940215069,0.530311644335899,0.202614332407471,-0.687357492935775,1.52762873512743,0.682832724400303,-0.626298265141257,-0.591289644698518,-0.889578484189684,-1.21124469067729,-0.409710691716343,2.57598828494531,-0.0551894052506902,-0.785229419645906,-0.838532752471447,-0.578408706761027,-0.472618903484926,-0.324717903551093,-0.728501275489362,-0.689744465219389,2.14547181625419,1.2998229213479,0.535211903206109,0.872410160917752,-0.82065323407455,1.81266794442896,-0.925514645691636,-0.673881504635512,0.0535926868871247,0.295474101638588,-0.812376231415014,1.41815068347151,0.601620247304602,1.61233471874019,1.55619222961636,1.37296135672122,-1.2423133868938,-1.26315766384622,-1.38986525340415,-1.00718864302409,-1.78783315476056,-1.97835671309985,1.78250037039012,1.69607137989238,1.60500828844784,0.820624532664704,1.08749073869428,1.29491473502549,1.34442057265849,1.52098736089205,1.59890345007804,1.62721710408512,1.56340046849899,-1.26021039648945,1.77234721799161,1.99622366130149,1.77291050623996,0.990252708157481,0.351888984044347,1.61596005169664,-1.02796072221824,2.30398335535642,1.07133772108182,-1.23321624918318,1.01807744503787,-0.0492137079787055,-0.748828535159937,2.78032183320536,-0.652615808821794,0.0250464516485512,0.846300613998343,0.0336451341226025,-0.243685682371009,-0.231018230755544,-0.208039747740384,0.062104246571098,-0.0117421441154574,-0.0522135790060488,-0.112941966464035,2.00516211686959,0.588687762606162,-1.11019563807854,4.39115287396034,2.86077005668534,1.05760368805584,-0.483983670212399,-1.07553374959742,-0.480867732371328,0.042732118877671,0.865796089126112,0.084427024235416,-0.269302611080399,1.273041383927,-1.14205297583563,-0.405122580110374,0.649357240929522,-0.0174633690899362,-0.127211605631618,-0.870490792834442,-0.551753470686607,-0.34476848053886,1.35695724140937,-0.494689340990077,0.223072592487436,-1.60506921467841,-1.07553374959742,-0.671523969190694,-0.604916295026319,0.924855861929795,0.578342721049512,-0.681631226510723,1.23819966399899,1.95878716043915,-0.391348688885798,-0.139144981884744,-0.504578098615964,-1.72072966280731,2.18754727825318,-1.90326658079114,-0.638218393822105,0.363106181557171,-0.13276590127921,-0.639997445119629,-0.324717903551093,0.511652676906082,0.376828550089045,-0.749538645679329,0.405665753241116,0.543772920206689,0.681381190302317,-0.334821036824805,0.682832724400303,0.682832724400303,-0.280848586784089,0.931273530163335,-0.0913622062174521,-0.812893280194679,-0.0381763034178386,0.131607868330799,-0.293190120292925,0.260952512767785,1.09640162811069,-0.286904425214791,-0.416640719459369,0.706359316945435,-0.267933252874971,-0.960646585528377,0.521950818259281,0.121355038456154,0.409831565769285,1.33224721231561,0.599524856895403,-0.713534013953022,0.69535681818675,-0.594936053016721,-1.50475163444123,0.176251652332003,1.13012207196148,0.510966613656022,0.748881102728531,-0.35568405855027,-0.812376231415014,-0.433845179637909,-0.34476848053886,-0.521839596572905,-0.490435159498505,0.299837597034825,-0.653833281538438,-0.352113179076581,3.07909079275234,-0.0380095163665442,0.0311816151752862,-0.917186199337522,-0.296225771543798,-1.30946937310901,0.311566195365187,-1.10564955550658,-0.241958561604024,0.294245875850557,0.494084366148104,3.44356371978626,-0.0632363539352424,-0.696016939253532,-1.90326658079114,-0.708705024057152,-1.56531543697313,0.0283387432671127,-1.17941188719482,-0.351119333321313,0.682832724400303,0.0341040200315418,-0.700054714702294,-0.44257322543477,0.643791256463961,0.596735206787962,-0.0319371158674677,-0.265657561852559,-0.693603398154691,-0.129514033521907,1.63062467337486,-0.442074950479027,0.739278395960782,0.347734953712392,0.726172755495118,-0.376966020067782,-0.296700874734808,-1.0174414932053,-0.669300457399169,1.90414402291461,-0.867503152253548,0.328924458417437,-0.4726301518147,0.260319362349526,0.857434586358428,-0.229186616524135,-0.115382978305131,-0.50201955950362,-0.782770299686468,0.173123836996862
comm.and.crime_point_1671,comm.and.crime,regression,0.48,0.00751215739140181,anomaly,-1.0174414932053,1.22003874930914,0.0189685659473083,-1.12019818101049,2.25049904271885,-1.57235331946802,-0.304872732522849,-0.103324437631854,-1.05813254276258,-0.653833281538438,-0.638203521537374,1.71239030458445,0.124187285317004,0.682832724400303,-0.530770173602079,-0.919314744817829,-0.98756602720718,-0.31272463367933,0.972629611637952,-0.485189123949481,-0.890692353720466,-0.533031194213599,-0.0536383847421805,0.33163531003105,-0.12295514977188,-0.446095258444874,0.0391120955346223,0.129566772060671,-0.043039574199713,-0.188310465613652,-0.636519031129619,-0.164586065898132,-0.294823366226011,-0.165852394510387,-0.465840642700386,-0.920934220252943,-0.00340134919443606,-0.508860858999424,-0.275583904330964,0.596054262380089,-0.310386422371632,0.756022567213671,0.739228183071879,-0.955717093078561,-1.2423133868938,-1.21469712740159,-0.88700657584796,-1.63379767165778,1.11825455621509,0.931913901423168,0.218145741121919,1.43514067677882,0.458080777279193,0.409831565769285,0.37633485093474,0.749003691009788,0.882810539617961,1.73303910029374,1.59890345007804,1.88066081790389,1.94666893480797,-0.202331311881772,-0.0936970898511967,-0.191322945644976,-0.324530007231007,-0.897080987655194,-1.42111577700285,-0.0744702805928035,-0.571309820665477,0.684600049222664,2.11476693754413,-1.23321624918318,1.2839208138911,-2.93545293472984,-0.316872478427771,-0.709594525404054,-0.493873574512357,1.18650283739765,-0.265510529127564,-1.08126320484473,-0.288244073076904,-0.274206900559272,-0.165532189896924,0.791623349150004,0.370524555741227,0.189443387813436,0.40251144436038,2.00516211686959,0.855676662810112,-0.383275937536719,-0.286904425214791,-0.226875569169311,1.70657741371388,-2.05008895085101,-1.13067514513639,-0.530737720323085,-1.67252349475795,-0.413219819433159,1.66006889683367,0.0799587915175297,-0.391348688885798,0.0446822618622457,0.283147870703906,-0.296225771543798,0.180388664803999,-0.779598642789415,-0.467308204356106,-0.266432822203958,-0.230075729421995,1.24896822722633,-1.40771541613455,0.655028649219603,-0.335131340202921,-1.84751328714304,0.810475562834887,0.133665832754111,-1.94710218597463,-3.0077369758527,0.287579502381766,-0.118733906464382,-1.34972461083057,0.690504858442522,-0.413219819433159,-0.230503261067549,-0.20888346424473,-1.05160295702636,0.886358450346385,0.453507363282115,-1.54387330754626,0.874138127135308,0.0302519800739321,0.100102838577144,2.32407992805221,0.870086402743895,-0.992293355466893,-1.49924105847212,-0.288220510132573,0.0257493329145824,1.2771323087635,0.120795684056945,0.682832724400303,-0.226042158711328,-0.779122631666902,0.161924188217862,-0.236918153797056,-0.0952404331143684,-1.49302560606011,-0.0450487366494222,3.26165559857376,-0.0946770133781229,-0.286904425214791,-0.362019970307365,-0.846068711699873,-0.626152826019497,1.90519616064694,0.364971944713428,-1.09698938712883,0.683693543699564,-0.00454386804312309,-0.801071272009583,0.599524856895403,0.164544216239436,0.434518709136896,-1.01880107061754,-1.18068191813137,-0.854968167441532,-0.0636258900830415,0.748881102728531,-0.35568405855027,-0.168225438914154,-0.433845179637909,-0.34476848053886,1.91351363248702,-0.576459764357761,0.0881812846222431,-1.55935587191293,-0.870490792834442,0.711685792656649,-1.05819090460958,1.98574168688495,0.458579831344262,-0.453822940289352,-0.472248714197789,0.620806112517094,-0.264778411457355,-0.241958561604024,-1.53466458868703,1.06563141537178,2.09186391275286,-0.882023949694159,-0.189129511616007,-0.239279720112616,0.530234322887664,0.682832724400303,-0.978565285147405,-0.600152808018174,1.08469330854548,0.660351242786569,-0.333979422149212,0.927886946281123,2.68323257832997,0.110020044243945,0.143936619326893,0.58579542331863,-0.109719622984733,1.26614746219524,0.0218049017374774,-0.845327642642986,0.600118860823686,0.112378141086133,-1.29268835435763,0.726172755495118,-0.7440181099252,-0.519933227992503,1.60490102371564,0.238204792637512,-0.609402729079175,-0.377360854488696,-0.998566532067046,-0.165584803405107,-0.315269840651936,-0.697698254915155,0.116687185340269,1.03154453286352,-0.194279537476602,-0.652304948129686,-0.0790743884354456
comm.and.crime_point_0823,comm.and.crime,regression,0.02,0.307542828543478,nominal,0.0192985716239078,-0.171897892729153,-0.453822940289352,-0.0207381708152835,-0.116905957376842,0.47649623486865,-0.639997445119629,-0.533447461928133,0.810475562834887,0.321344892711017,0.562964841240977,0.540420449981549,-0.499564470154296,-1.56531543697313,-0.960646585528377,-0.536618794678632,3.47086718008891,-0.53735464792882,0.91503209899819,0.0550186540907768,0.0641681588164208,-0.986987999991752,-0.838532752471447,-0.953132713675412,-0.764005364912463,0.949744322833616,-1.34259197230855,-0.689744465219389,-0.35568405855027,0.205607195640876,1.28511970118097,1.02055247903431,-0.629442373038718,-0.215315402983871,-0.638218393822105,0.264918814710728,1.87740184149707,0.747912516997469,-0.973413929540229,0.486441406234567,0.658620664159367,0.470585183371496,0.466906834223718,-0.56760401811193,-0.499651675583395,-0.536249617176849,-1.20700755247463,0.0371597380320633,2.00787324324845,1.44549106869194,-0.241958561604024,2.18096542220705e-05,-0.34476848053886,-0.229179716068034,0.37633485093474,-0.193933566835524,0.267330495563925,-0.726761076765874,-0.728321444677741,-0.738257558223326,-0.736210329354915,0.811469477533919,-0.685369675264771,-0.343942476362171,-0.429402032904556,-0.720143453672756,-0.977864586741049,-0.180122176360894,0.0882970371329595,-0.506122969993337,0.259781663833366,0.726172755495118,-0.37760024144161,-0.358453625130612,0.223072592487436,-0.479994764969224,-0.017646871584048,0.197114064352121,0.805122423512198,-0.741943275593805,-0.956619933665339,-0.922036947615181,-0.888160673235742,-1.21455418294199,-1.25410891864968,-1.22022225196689,-1.00327058516075,-1.00369058285354,-0.425870058168848,-0.279430266030745,-0.286904425214791,-0.226875569169311,-0.932582403962166,0.984240030386299,-0.0278472343569434,0.217312098953267,0.547219064064617,-0.321861540250354,-0.604916295026319,-0.662221689003069,-0.391348688885798,-0.411754368021554,-0.405122580110374,0.0977671503200851,-1.30350158940051,0.169327956712836,-0.0641256158777693,0.874849771726638,3.55478505743454,0.601034142128082,0.817785642030109,1.51894076268393,2.31057256495435,-1.95779607822098,-0.349350157880785,0.232143449791502,1.02929070003541,-0.681631226510723,-2.03852624696021,0.589231434646941,0.329221661157051,-0.391348688885798,1.87073716013697,-0.321861540250354,0.763017663402644,-0.792470938203999,-0.288220510132573,-0.408381392326479,-2.11081315565809,-1.26049841310347,0.221751815843521,-0.506783935891765,-0.857736801737663,-1.48659000438483,-0.385406580997984,0.352751675137971,1.18000319046612,0.845289154649251,-0.571872999411319,0.682832724400303,-1.56531543697313,-0.0616228744930443,0.40046092821602,-1.23115098117636,-0.755295767554917,0.4183367341544,1.03949128049042,0.550490584094985,-0.391374245016123,0.500862307366285,-0.286904425214791,0.129566772060671,-0.953132713675412,0.0902863202695546,-0.769590402450023,0.260319362349526,-0.862692382208638,-1.46155861675429,-1.58888885217199,-0.713534013953022,0.249375824669157,-0.484226741696171,0.146271375733883,0.978995691768727,-0.118733906464382,1.35068765411737,-0.465840642700386,-1.70741677914781,-0.35568405855027,-0.329263137039369,-0.433845179637909,-0.230075729421995,-0.782770299686468,-0.576459764357761,-0.599701730718649,1.43583423471039,-0.236918153797056,1.22462354267738,0.259543388537675,3.14791254033394,0.0881812846222431,-0.296225771543798,-0.52457500537974,0.260026209173202,-0.413167436877806,-0.333979422149212,0.943214105202603,-0.649009732299257,-0.653776320283739,-0.421455927079768,0.275517297051724,0.445891340166776,1.00221121696188,-1.56531543697313,-0.535527512645018,0.291015006099739,0.243010035727013,0.682832724400303,-0.0579168405136468,-0.547435183985099,0.697923486749661,-0.00859578069383644,-0.891031580584123,0.866582941130492,-0.499564470154296,-0.693603398154691,-1.1887465803376,0.415157172784282,1.5926843953977,-0.375210946038594,-0.120957420021899,0.726172755495118,-0.324530007231007,-1.07801411113674,-0.651533235030286,-0.393103207388005,-1.11211207947793,-0.600152808018174,-1.33043927968817,1.1137708149682,-1.30946937310901,0.91503209899819,-0.624470961512025,-0.000690227188266011,1.13926055797381,-0.347885794497196,-0.633910484386522
comm.and.crime_point_1824,comm.and.crime,regression,0.41,0.267339884450691,anomaly,0.0192985716239078,1.56802290981872,-0.453822940289352,-0.753711510945423,-0.156362707378436,0.517473225955383,-0.592122486177232,-0.576459764357761,0.0372584156911057,-0.305555362163633,-0.217794594564951,1.15430942144021,-0.499564470154296,-1.56531543697313,-1.00841063129797,-1.24733984493714,2.09904157784396,-0.256567130116958,1.26061717483676,-0.0350159755825995,-0.890692353720466,-0.93654835490529,-0.890859043653398,-1.00666471466318,-0.764005364912463,0.282168870917816,-0.933198174429091,-0.908227461827405,-0.277522937462631,0.774599373008527,0.910165802193541,0.823029388212234,-0.725047803556634,0.971796800379738,-0.925514645691636,-0.179776073400649,0.395556903376489,0.747912516997469,-0.651338533289799,0.322022122016284,-0.880390590919278,0.0138853692240173,0.140121215605925,-0.56760401811193,-0.252097771813259,-0.245486398509103,-0.612720024453672,0.0371597380320633,1.6520257684351,1.10310629051276,-0.241958561604024,-0.217420442940414,-0.34476848053886,-0.137892390091274,0.281514065900134,-0.293190120292925,-0.707179574188299,-0.726761076765874,-0.686008264773091,-0.738257558223326,-0.736210329354915,0.855547772725906,-0.548829847861638,-0.496562007079367,-0.534274058578104,-0.779122631666902,-0.977864586741049,-0.444251915781118,0.189775015255796,-0.506122969993337,0.723527982261056,-1.23321624918318,-0.311139399228302,-0.822313500858473,0.223072592487436,-0.709594525404054,1.30520508099459,-0.792274708693406,1.50515166177666,0.421439338980806,-1.13485349648892,-1.05160295702636,-0.973175788922662,-1.35133901467553,-1.39745893109594,-1.42160305764979,-1.28442699106498,-0.35472235350149,-1.06664341865833,0.291720927252114,-0.286904425214791,-0.226875569169311,-0.846052573874427,0.886358450346385,-0.0278472343569434,0.0178321471462401,0.14362950791506,-0.321861540250354,-0.604916295026319,-0.574906338353587,-0.391348688885798,-1.46155861675429,-1.05037612774876,-0.375024355916575,-0.0174633690899362,0.406559606588398,-0.00652810323800724,0.817785642030109,-0.34476848053886,1.41095174850089,2.07319649535376,1.03299019886025,-1.07592843364696,0.358142534415864,0.874910325096869,0.232143449791502,1.49924747151068,0.578342721049512,-0.4393285442876,-0.118733906464382,-0.164586065898132,0.940163369364442,0.409004693212087,-0.321861540250354,-1.45075712734971,-0.662904928792817,1.57152951062578,-0.86805539531773,0.569266126325109,-0.898012962874244,-0.687872404062027,-1.23504806525446,-0.777184479464502,2.24024710456292,-0.446095258444874,0.141095362725389,-0.630806040272269,-0.0562046492588845,0.37633485093474,0.682832724400303,-1.56531543697313,0.979699258889417,-0.0123933177430025,-0.281327002043937,-0.640100742275393,0.24714434506481,0.896141268044168,-1.58352531523914,-1.0002125522811,0.00457954007927846,-0.189444898148642,1.22198175510075,0.974019321884281,-0.933198174429091,-0.483006127832491,3.39989683326659,-1.00327058516075,-0.776903671928593,-0.301608552567286,-0.932377159094426,-0.232079094641932,-0.0123933177430025,-0.883183386419734,0.223072592487436,-0.472716577020044,0.0272941611820292,-1.78740340130023,-1.44042787894386,-0.35568405855027,-0.866055464123419,1.28569948429015,-0.115382978305131,-0.91323565124325,2.52042601057545,0.246923518931679,0.182033724961094,1.03022712427771,-0.669300457399169,3.10754976404949,-0.127296228476849,1.83434586202605,3.17091194085838,-0.786206461289495,-0.10075369417069,-0.363704428404322,-0.241958561604024,0.23524876409128,-0.172720524612857,-0.569295082344151,0.243808994474351,-0.358091987495182,-0.679746830292226,-0.94469347109426,0.682832724400303,-0.978565285147405,-0.243685682371009,1.28273643156158,0.682832724400303,-0.333979422149212,-0.496562007079367,-0.569295082344151,0.110020044243945,-0.1794909431453,0.13653539481965,0.124187285317004,1.90306649180897,0.374882417342708,-0.620241068459545,0.0542078168079789,0.112378141086133,1.66007360016841,-1.23321624918318,-0.796454122761974,0.540420449981549,1.17800805584479,-0.629843707397574,-1.51427955979694,0.513806959629217,-0.0977690742382896,-0.370281702344836,-0.786206461289495,0.454251997880092,-1.71150291022872,11.1245066311476,-1.52781963292701,-0.91323565124325,-1.03742764507821
comm.and.crime_point_0119,comm.and.crime,regression,0.06,0.243361166545392,nominal,-1.0174414932053,-1.56383453476745,-0.217427187171022,-1.12019818101049,-0.4325599573896,0.722358181389051,-0.44849760935004,-0.490435159498505,-1.05813254276258,-1.62901145578789,-0.998554030370879,2.43789545267196,-0.109719622984733,0.682832724400303,-0.0531297159061927,-1.73937749511611,-0.644609626645943,0.866582941130492,1.83659230123439,-0.530206438786169,2.39164065812508,-0.129514033521907,0.626603400623183,0.492231312994358,-0.356064318913911,1.19249903262118,1.06259659023327,1.71356849746879,-0.277522937462631,-0.582228126868179,-0.730257505876477,-0.609013020247796,0.278809216881485,-0.709945487718708,-1.32772939830898,-1.11857639274689,0.45255093945805,-1.06184114443806,1.01271768067076,-0.280848586784089,-1.10839225833834,-0.100289584312853,-0.186664403011869,-1.66725773051738,0.243010035727013,0.33604003882639,0.392997330658716,0.35046425234891,0.228635869181726,0.24714434506481,-0.241958561604024,-0.652304948129686,-0.230075729421995,-0.731260008940213,-1.14079770961895,-1.28575565486694,-1.32265961824234,-0.472298989483845,-0.559068725059139,-0.569295082344151,-0.565868788773144,0.370686525614054,-0.503316572060594,-1.05616695304242,-0.953762161272296,-0.95606016564934,-1.23115098117636,-0.655555707317298,0.950859851177069,-0.649009732299257,-0.203964654594325,0.726172755495118,0.0211648118382402,-0.822313500858473,1.03299019886025,-0.663674573317088,-0.546787652615503,1.10046903104586,-0.677292433989011,-0.935840378022907,-0.288244073076904,-0.274206900559272,-0.208039747740384,0.062104246571098,0.131607868330799,0.229719548950016,0.261933241408267,0.648228546406218,0.214903302320632,-0.227507430277758,-0.286904425214791,-0.226875569169311,-0.153813933172513,-2.19691132091088,-0.413837003129751,-0.630477696226598,-1.52117741120186,0.0435715764808665,-0.654155103545014,-0.531248663028845,-0.391348688885798,-0.411754368021554,1.444604256453,2.69812043462171,-0.808871504665675,-1.19475403007165,-0.352113179076581,1.27429867960235,-0.230075729421995,0.709023156311124,-1.00826650825885,-0.856817549342979,-0.123475027790339,1.24040486303943,1.1326493741448,3.18647196091322,0.611551347612948,-0.4393285442876,0.33604003882639,3.0081130167773,-0.510251474836759,-0.391348688885798,-0.139144981884744,0.134929855663671,-0.748828535159937,1.15101920296373,0.348009760126863,0.970640616647273,-1.69849326612221,1.59910902759376,-0.544247527234835,-0.0212745163166381,-0.0119374178694681,-0.390461442929611,-0.506783935891765,-0.811358043131231,-1.21809552051175,-3.04752499859042,-1.04597692458435,0.682832724400303,0.660351242786569,-0.171235730638567,-0.779122631666902,3.20136092144162,-0.524905716995868,0.0759519559752211,-0.680708868864655,-0.0946770133781229,-0.739281849167541,-0.541331503936429,-0.286904425214791,-0.416640719459369,2.36585134756628,-0.216759028140039,1.33202761141188,1.09754002126074,0.121355038456154,-0.366110705033174,0.0449669127109041,-0.844839901037864,-0.713534013953022,-1.36891441160836,0.434518709136896,0.385056113761999,-0.94469347109426,0.137576952259974,0.683344364777741,1.87023448358512,-0.277522937462631,-0.705017765998204,0.269604910150844,-0.34476848053886,-0.260908893459341,1.14403233282735,-0.282217262099776,-0.862800033163321,-0.467308204356106,-0.629843707397574,2.51244395424105,-1.34229302980988,-1.86963960519414,-0.453822940289352,-0.472248714197789,-0.152293680362675,-0.264778411457355,-0.241958561604024,-0.531713688779321,0.160681920767624,2.38754824554141,0.960248140763403,2.17634515069244,-0.386102090172486,-1.12168480637209,-1.56531543697313,-0.0119374178694681,-0.733827980135861,-1.44035650990991,0.682832724400303,-0.333979422149212,3.47154579156771,-0.653776320283739,0.0507121317750543,-0.56760401811193,-0.425039640804075,-0.499564470154296,-0.497628312119698,0.7783995780344,0.910347635987851,0.351977477180183,3.3861905832093,-0.636519031129619,-1.23321624918318,-0.167221968720685,0.26138000840943,0.324222120103087,0.238204792637512,-0.709944599158927,-0.912061542959443,0.423745243452043,-0.4726301518147,-0.419922423015838,-0.352113179076581,1.15430859093348,-0.115382978305131,1.24184056531615,-0.782770299686468,-0.886108709818829
comm.and.crime_point_1323,comm.and.crime,regression,0.05,0.034376612709767,nominal,-0.346609686551107,0.524070428289996,-0.453822940289352,-0.203981505847819,-0.708757207400764,0.968220127909451,-0.544247527234835,-0.619472066787389,-0.478219682404748,-0.653833281538438,-0.638203521537374,-0.575741316306927,-0.421595500720383,-0.84590802533363,0.56780287909846,0.611469055738957,0.139290717494029,0.866582941130492,-0.524905716995868,-0.800310327806298,-0.234225751351356,0.526201352602092,0.46962452707733,0.278103309043281,-1.40505558005305,-1.23504806525446,0.243808994474351,0.129566772060671,-0.433845179637909,-1.10745167520755,-0.730257505876477,-1.00405920189194,0.470020077917318,-0.561556462298257,0.970640616647273,-0.723292047758998,-0.402359601765361,-0.458589923959548,0.314887655461491,-0.280848586784089,-0.709389340354984,-0.556989398460331,-0.45898575186003,-0.438232993123054,0.936160966283394,0.917566476161884,1.03299928391205,0.924855861929795,0.762407081401742,1.10310629051276,-0.333979422149212,-0.91323565124325,-0.34476848053886,-1.46155861675429,-0.856335354515137,-0.789472887579932,-1.16878960722883,-0.769171424646212,-0.686008264773091,-0.696016939253532,-0.693624944209472,0.591078001573987,-0.548829847861638,-0.852674245419489,-0.7440181099252,0.0465858602511433,-0.0280406076086237,-0.285774072128984,1.05233782929991,-0.791896494605177,-0.783647552628939,0.726172755495118,-0.311139399228302,-1.18309340420237,1.03299019886025,-0.204475052447428,2.83971334598581,0.670299999286939,-0.965539767392024,1.58482195355542,0.201898224687947,0.287245806889183,0.344558504224595,0.882813236972367,0.800574593079997,0.632481160315823,1.01168365715287,-0.531713688779321,0.428494422483792,-1.00634996657257,-0.286904425214791,-0.226875569169311,-0.716257828742818,0.299068970106906,-0.082988629895916,0.167442111001511,-0.259960048234497,0.683079530760502,-1.04806557169458,-0.618564013678328,-0.391348688885798,0.592406217722805,-1.13640993410055,0.0977671503200851,1.51588989358806,0.406559606588398,-0.352113179076581,-1.00826650825885,-0.34476848053886,0.115083578304395,2.13026062505029,0.817012170494165,0.352751675137971,-1.07553374959742,-0.54265444466673,-0.555677486507623,-1.32049315734094,-0.4393285442876,0.578342721049512,0.176251652332003,-0.411489929425723,3.7696264931462,-0.321861540250354,-0.413219819433159,-2.04469670535644,-0.403772909970454,-0.19033893009266,1.08555911739508,0.46618615394114,-0.777184479464502,0.987751158921877,-0.506783935891765,-1.50215537992296,-0.280848586784089,-0.628161290785547,-0.758443965028085,1.42470714056591,-3.00654800750369,-0.382231429342107,0.323129018580554,0.682832724400303,0.705667118525611,-1.19197687762592,-1.80104536865582,0.339056972600567,0.0759519559752211,-0.824058881310911,-0.293190120292925,1.0872330726274,-0.938357717766034,-0.189444898148642,-0.307399221155361,0.0104433041044344,-0.830849724959226,-0.483006127832491,-0.943185334835349,-0.8158329812246,1.0488428476066,-0.252097771813259,-0.582228126868179,1.43112880843274,-1.13299769963178,0.105093185247738,-1.50475163444123,-0.35472235350149,1.24040486303943,0.0512926106647712,-1.44042787894386,-0.277522937462631,0.261208422753086,0.191443789063205,-0.230075729421995,2.0439789840438,-0.576459764357761,-0.335131340202921,-0.514522113788516,-0.179320641157294,-0.669300457399169,-0.973175788922662,-0.180122176360894,0.617322065653698,-0.453822940289352,-0.838532752471447,0.517726140133124,0.180388664803999,-0.333979422149212,-1.12168480637209,-0.363236207687417,-0.696016939253532,-1.34259197230855,-0.44257322543477,0.837417660326429,-0.413719465260767,0.682832724400303,2.12269912236931,-0.733827980135861,0.490563939497149,0.682832724400303,-0.241958561604024,0.26653564650661,-0.696016939253532,0.0507121317750543,0.143936619326893,0.81042543756812,-0.109719622984733,-1.28152865625967,0.374882417342708,-0.75529301296961,-0.938357717766034,-1.00211120091324,1.14451198906069,-1.23321624918318,-0.48183804574133,0.372996185038278,1.17800805584479,-0.669300457399169,0.999267192196847,1.49409155515892,-0.145179466755593,2.75134600648603,-0.472248714197789,-1.3888684065923,0.314329357834215,-0.115382978305131,1.24184056531615,1.04374462210848,-0.432151904040676
comm.and.crime_point_1844,comm.and.crime,regression,0.44,0.0316097796281564,anomaly,-0.407594396246943,1.56802290981872,0.0977671503200851,0.223586275894763,0.672229042655054,-0.261089604692552,-0.304872732522849,-0.40441055463925,0.294997464739033,0.530311644335899,0.202614332407471,-0.854781757879046,0.124187285317004,0.682832724400303,-0.578534219371668,0.447456505679301,-0.252659454575957,-0.76198466217831,-0.755295767554917,-0.215085234929352,0.839992325252642,-0.734789774559444,-0.733880170107544,-0.631940707748796,-0.880559949483478,0.100102838577144,-0.882023949694159,-0.635123716067385,0.113282667975565,0.511987598838842,-0.58964979375619,-0.362109156720205,-0.58163965777976,0.477166715644901,0.22367036178649,-0.920934220252943,-0.117389421357558,-0.408318988919673,-0.490300835164584,0.486441406234567,-0.481387672935926,0.698935090445236,0.630299643532615,0.143936619326893,-0.202586991059232,-0.342407471398352,-0.704148874918434,-0.223927357231975,0.169327956712836,0.190080215368281,0.0341040200315418,0.565371666400276,-0.230075729421995,-0.822547334916973,-0.714104176963228,-0.64058805739383,-0.655889570517129,-0.684350728885536,-0.64369508486844,-0.611535701313945,-0.608454173918587,0.635156296765973,-0.594343123662683,-0.343942476362171,-0.219657981557459,0.223523394233582,-0.0913622062174521,0.665092989783826,-0.520570831604059,0.0654240792303436,-0.145996364790864,0.726172755495118,0.486390707331399,-1.33771336277832,-0.370866985519292,3.65280092285772,0.511493909447407,0.455215483407476,0.310984137678462,0.421439338980806,-0.733827980135861,-0.706093598596545,-0.718130441861903,-0.804199687741353,-0.776275543828826,-0.69663215719134,-0.722114179256525,0.117254540572726,-0.372472278128058,-0.74673578780763,-0.189444898148642,-0.226875569169311,-0.629727998655079,-0.581865250252313,-0.579261189746669,-1.02943759984065,-1.06713916053361,0.409004693212087,-0.555677486507623,-0.618564013678328,1.77235840577084,-0.913834660893733,-1.3945113531559,0.176565734692862,-1.352964597874,-1.60990941735388,0.16626443468128,-1.06533063795537,-0.34476848053886,0.871006677585685,-0.551753470686607,-1.01880107061754,-0.017646871584048,-0.524119794207697,-0.607089206928712,-0.998826763175882,-3.04366798608359,0.190658429492517,-0.87547337228922,1.41519099927682,1.41559866067845,-0.391348688885798,0.134929855663671,0.134929855663671,-0.96480656352602,0.33043447669291,-0.630806040272269,-1.21281089756117,-1.69849326612221,-0.69663215719134,-0.687872404062027,0.767678290492944,1.03524277168163,1.36334425539874,-0.0212745163166381,-0.335131340202921,-0.826569200352095,-0.261089604692552,0.37633485093474,0.682832724400303,0.682832724400303,0.102796409725239,1.81596120007553,-0.851221389523392,0.857434586358428,-0.437625211293547,-0.489575518936313,-0.888729441037333,-0.391374245016123,0.600118860823686,-0.286904425214791,2.42363823644484,-1.75611272849195,1.47199038811273,0.806623107946404,0.312645653531477,0.777386652232682,0.364187902780905,-1.53937807141797,-1.28252619132067,0.94967388912165,-0.307289207713733,-1.08907433885046,-0.856817549342979,0.117254540572726,0.247859743337919,-0.695677644196011,-0.105483377924108,-0.35568405855027,-0.490300835164584,-0.277522937462631,-0.230075729421995,-0.478351146053977,-0.533447461928133,1.56977547151032,1.7841121540852,0.799837073718665,-0.037992457373652,-0.123024632053464,0.823570833435961,0.564407987550553,-0.375024355916575,-0.419922423015838,-2.26543311423404,-0.363704428404322,-0.241958561604024,-0.708705024057152,-0.506122969993337,-0.696016939253532,-0.830849724959226,1.1203296764476,-0.532924460232356,-0.649707912297875,0.682832724400303,-0.777184479464502,-0.912061542959443,-0.0540546487971503,-1.56531543697313,-0.241958561604024,0.927886946281123,-0.062407654706626,1.0589466437462,-0.1794909431453,-1.82897722986339,-0.499564470154296,0.580234661072763,-0.381712258954214,-0.170067920092664,-0.69021633412253,-0.932455617038282,-0.636519031129619,0.726172755495118,3.60817095552705,0.484612361667126,-1.6882732998595,-0.629843707397574,0.49655784179809,0.023664661864365,0.803028383590466,-0.4726301518147,-0.838532752471447,-0.0641256158777693,-0.525649875265053,-0.34476848053886,0.318620499235095,0.304440963286713,1.48455460924486
comm.and.crime_point_0506,comm.and.crime,regression,0.7,0.0194596386506206,anomaly,1.11702334614895,-0.867866213748302,1.51614166903007,-1.05911706933298,0.514402042648675,-0.0562046492588845,-0.44849760935004,-0.576459764357761,0.55273651378696,0.948245147585665,1.10349060449123,0.428804273352702,1.52762873512743,0.682832724400303,-1.05617467706755,-0.755302194758174,-0.546622083628446,-0.705827158615937,0.511849510519854,0.68526106180441,-0.174546969317801,-0.986987999991752,-0.576901296561691,-0.578408706761027,-0.647450780341448,-0.324717903551093,-0.626152826019497,0.184187521212675,1.83282733190363,1.08097977620649,0.535211903206109,0.625506297390161,-0.103612505190179,0.427703707171417,-0.810596144943824,-0.624470961512025,0.737521119865853,0.0943903614790845,-0.060866973497344,1.08931211503494,0.886622331578425,1.09854742782428,1.12047807145931,-1.08508811806744,-1.14329182538575,-1.16623659095697,-0.521291173988909,-1.0594060620769,-0.127211605631618,-0.494689340990077,0.862291764938238,0.608860116919203,-0.115382978305131,2.418152737258,1.94087780400574,1.9400823324986,1.65216059468551,-0.260247250082155,-0.389816005440537,-0.400332606464976,-0.438112633336816,0.723312887149946,-0.548829847861638,-0.700054714702294,-0.7440181099252,-1.36891441160836,-1.16782938256753,-0.972511394621568,-0.825004765972568,-0.410865128456057,0.955401141474902,-1.23321624918318,1.74914670938426,-0.306913638938628,-0.910812056434499,1.54048312685728,-0.123475027790339,-0.233054967406804,0.475696899623041,-0.402623346342877,-0.867503152253548,-0.835659608007726,-0.803145557548822,-0.986579463386079,-0.967408893757168,-0.898012962874244,-1.00327058516075,0.0582574288134486,-0.265676718046478,0.447489434511076,1.75974564317433,2.76116858488357,-0.716257828742818,0.543772920206689,-0.303554212051806,0.0677021350979969,-0.00771657564102366,1.41394576422294,-0.260244635395451,-0.225644935755658,3.7696264931462,0.820624532664704,0.756333805638724,-0.296225771543798,1.96105696984941,1.11825455621509,1.14542214955724,0.646593252940519,-0.34476848053886,-0.640839520976896,-0.380561081597017,-0.370866985519292,-1.07592843364696,-0.468978398668724,-0.478219682404748,0.133665832754111,-0.0150576810207445,0.239118965937142,1.40217184060813,-0.531713688779321,-0.707774565658833,-0.391348688885798,-0.504578098615964,-0.504578098615964,0.169078085395916,-0.0150748817369079,1.7672926707056,1.54523312038634,1.03312600205297,-0.616079834918179,0.892001241037083,0.100102838577144,0.99496661054505,-0.938525723657223,-0.446095258444874,0.670236143756844,0.348009760126863,-1.69528429272822,3.0313168319037,-1.56531543697313,0.682832724400303,-1.32217072016655,-0.897080987655194,-1.80104536865582,2.52776245291154,-0.152304562810898,-0.632925531382569,-0.789472887579932,2.17444433560058,-0.0946770133781229,-0.286904425214791,-0.143536973699349,0.33163531003105,-0.267933252874971,-1.10393872283714,-0.158290967106083,0.777386652232682,-0.0466050641145143,1.03518252779145,-0.0132359495005283,0.818368002036808,0.164544216239436,-0.306688719613709,1.19497372013481,0.353242987609834,0.799273698727645,0.166211111412584,1.71004114346275,-0.043039574199713,-1.51020625662428,-0.121200695287352,0.458080777279193,-0.521839596572905,-0.447422857068877,2.20474440874806,-1.0717667847882,0.569447023159616,0.317118292640701,-0.760637999705362,-1.18381518615775,-0.440959496409212,-0.453822940289352,-0.158290967106083,0.620806112517094,-0.759408496192192,-0.0579168405136468,0.412240099369111,-0.553751890761977,-0.696016939253532,-0.67732705075443,-0.611535701313945,0.788476870306472,-0.295725241742213,0.525462353104163,-0.736908318327921,-0.912061542959443,-0.00454386804312309,0.682832724400303,0.494208322757484,-0.700054714702294,-0.358091987495182,0.110020044243945,0.596735206787962,0.248850401944395,-0.0317506535508209,-0.693603398154691,-0.633910484386522,0.46017448762097,-0.392446673750327,-1.14142236866316,1.3319889385544,0.726172755495118,-0.324530007231007,0.707844714924821,0.629145668582266,-0.629843707397574,-0.810486469238678,1.44953316445302,0.044462103313619,0.141460545004487,-0.681553878925593,0.511849510519854,0.264918814710728,-0.230075729421995,0.164750488221586,-0.565328047091832,-0.986987999991752
comm.and.crime_point_1194,comm.and.crime,regression,0.02,0.076020011931515,nominal,0.812099797669774,0.176086267780421,-0.375024355916575,-1.30344151604303,-0.669300457399169,0.886266145735984,-0.352747691465246,-0.576459764357761,-1.50917587859646,-0.723488865413399,-0.698261939676291,1.04269324481136,-0.265657561852559,0.682832724400303,0.0901624214025735,0.0647605555401046,-0.056684368540964,1.54047298387896,0.511849510519854,-0.98037958715305,1.01902867135331,0.223563482083323,0.521950818259281,0.278103309043281,0.284985896226672,-1.05298203291378,3.46778515277508,1.22198175510075,-0.35568405855027,-0.888608530066145,-0.495911319009332,-0.510251474836759,0.565625508435234,-1.15511256398006,0.281129612160397,-0.920934220252943,0.566539011621171,-1.01157020939818,0.851679982545541,-0.938525723657223,0.0886164956117204,-1.12786416614468,-1.00362844955635,-1.020402605573,0.886650185529367,0.966027012606508,1.03299928391205,0.35046425234891,0.703099168932851,0.475400863850929,-0.333979422149212,-0.826258750205395,-0.34476848053886,-0.776903671928593,-0.856335354515137,-0.590959780665129,-0.758469577859468,-0.641940381005198,-0.64369508486844,-0.569295082344151,-0.608454173918587,0.502921411190013,-0.548829847861638,-1.10704012994815,-1.05863418694584,-1.25095605562007,-0.914542988132221,-1.7120746649982,0.64642591680856,-0.744267573836537,0.259781663833366,0.726172755495118,-0.37760024144161,0.723886084901063,0.385056113761999,-0.847354381664952,-0.388045418306067,-0.405122580110374,-0.924361576905879,-0.790417551201081,-0.555594417312278,-0.576527589185363,-0.633115326174983,0.198889078304643,0.22717454329497,0.108891065540274,0.121355038456154,-1.59366170044631,-0.532665618250428,0.447489434511076,-0.286904425214791,-0.226875569169311,-0.54319816856734,1.42470714056591,0.90955648980559,1.11497188208489,0.950808620214174,-0.504578098615964,0.626053917941065,2.1755272071051,-0.391348688885798,-1.32462762778915,-0.319088773758589,-0.453822940289352,0.477166715644901,0.525175431526179,-1.56166094451159,0.475400863850929,-0.230075729421995,-0.0468999429701671,0.589529123243989,-0.856817549342979,0.776064299963135,-0.579261189746669,0.294997464739033,-0.260244635395451,1.08150811908822,0.190658429492517,1.45063237705275,-1.23967902989064,0.131698570334978,1.10660237664572,0.317646414029282,0.0435715764808665,-1.61274064862427,-1.00841428722264,-0.288220510132573,-1.44264789905679,-0.0492137079787055,-0.495251351508437,0.748376364209891,-0.688849968232438,-1.05911760742057,-0.390461442929611,0.0394141611302526,0.564407987550553,-1.6096218406714,0.722358181389051,-1.47267045724008,0.682832724400303,0.682832724400303,1.1441185431077,-0.838101809661048,0.541853779870831,-0.985685818113966,-0.323496951900488,-1.25410891864968,-0.243561843564225,2.17444433560058,1.7415692255838,-0.286904425214791,-0.362019970307365,-1.75611272849195,-0.728501275489362,-0.578534219371668,0.574277109441232,-0.0660825654799971,-0.229179716068034,-1.04427026387769,-0.582228126868179,-0.494690868811617,-0.189330851725441,-0.224332338641419,0.223072592487436,1.76917366983248,-0.0278472343569434,0.568425864029928,-0.425870058168848,-0.35568405855027,-0.382942369747774,-0.277522937462631,0.114002523928599,1.00025617158955,-0.275373647350366,0.0352672065190975,0.669622812085821,0.627044535799378,3.23691779275872,-0.633115326174983,2.9894346966818,-0.335131340202921,-0.375024355916575,-0.733880170107544,-0.925393473242442,-1.05618654703309,-0.333979422149212,-0.531713688779321,-0.696638653067897,-0.527054463374357,-0.370281702344836,1.03584843850801,1.47364793058586,-1.77065303572414,0.682832724400303,2.32407992805221,-0.912061542959443,1.23322565080756,0.682832724400303,-0.241958561604024,-0.343942476362171,-0.400332606464976,-0.483059080444962,0.467364181799085,-0.481197144366448,-0.187688592418646,-0.350646997593453,-0.734789774559444,0.820313006314475,0.600118860823686,-1.21107795253813,0.113388766845247,0.726172755495118,0.0949580954631852,-1.07801411113674,-1.0174414932053,-0.629843707397574,1.35116373747598,-0.956619933665339,-0.856335354515137,-0.626152826019497,-0.105964675924132,-0.640100742275393,-0.278597159647621,-0.34476848053886,0.0621704808792462,2.43537503871415,-0.633910484386522
comm.and.crime_point_1324,comm.and.crime,regression,0.03,0.03963360839922,nominal,1.17800805584479,0.524070428289996,-0.453822940289352,0.0403429408622278,-0.51147345739279,0.435519243781917,-0.209122814638054,0.111737074516285,2.80795319295632,2.48066799283481,2.90524314865876,-0.798973669564622,-0.499564470154296,-1.56531543697313,-0.817354448219611,0.447456505679301,3.47086718008891,-0.53735464792882,-0.58250322963563,-0.75529301296961,-0.472940879485578,-0.432151904040676,-0.838532752471447,-0.899600712687643,-1.23022370319652,-0.749538645679329,-1.13789507336882,-0.96284821097941,-0.277522937462631,0.643293485923684,-0.636519031129619,-0.757155338364351,1.33046895257856,-0.0669263775634199,0.338588862534303,-1.66209236710524,2.27636009406799,-0.810486469238678,0.475925353586706,-0.938525723657223,1.22862483270701,-0.328639491386592,-0.622378561168927,-0.308861968134177,-0.103565429551178,0.142197893047893,-0.0184324964327153,0.0371597380320633,1.6520257684351,1.559619328085,-0.333979422149212,-0.782770299686468,-0.34476848053886,2.55508372622314,1.75123623393652,1.6919409488551,1.39571057632966,-0.00578516280012634,-0.220563285821935,-0.273610749555595,-0.310356477900488,0.15029504965412,-0.321263468856418,-0.547435183985099,-0.586710071414878,-0.602185097684464,-0.407970199261594,-0.497077863665163,-0.469831842542641,-0.220349445381496,0.201813374029904,0.726172755495118,-0.311139399228302,-1.23463339039435,-0.586845013885375,-0.112635148273496,0.0352672065190975,0.584266192935153,0.352162328164607,1.53634767794814,-0.733827980135861,-0.749282268400272,-0.718130441861903,-0.849794631652535,-0.919625556275082,-0.898012962874244,-1.00327058516075,0.943214105202603,-0.0520855978833183,-0.487121609042694,-0.286904425214791,-0.226875569169311,-0.586463083611209,0.445891340166776,-1.29609933175331,-1.72761743116525,0.194078202433754,-0.504578098615964,-0.211005826876756,-0.70587936432781,-0.391348688885798,-0.320467042044794,0.455215483407476,-0.375024355916575,-1.40242760634748,-1.43198567994721,2.52776245291154,0.646593252940519,-0.34476848053886,0.763017663402644,0.532464993547459,-0.370866985519292,0.617322065653698,0.523566721032782,0.746040800572905,0.970725577571932,0.977073280982603,0.723724330383386,-0.148565325619854,0.117254540572726,-0.460870702131241,-0.391348688885798,-0.321861540250354,-0.413219819433159,-0.532850506793854,-0.706093598596545,-0.0435165600327901,1.08555911739508,-0.873853487050458,-0.0522135790060488,-0.209122814638054,-0.14265187121042,0.99496661054505,-0.0616228744930443,-0.446095258444874,1.56977547151032,0.152246600047036,0.107703315088049,-1.04597692458435,0.368091981808023,0.682832724400303,-0.664493583293417,0.577398462198459,-0.597934995088079,-0.870490792834442,-0.722945859776196,0.848357930562082,-0.342818397021626,2.18096542220705e-05,-0.392446673750327,0.785150372512844,-1.45443495334745,-0.0966206978711041,0.65320279235381,-0.483006127832491,2.24871842726367,-0.253520169416148,0.455475228757665,1.08469330854548,1.43112880843274,-0.494690868811617,-2.37156043750885,0.269805947192317,-0.20888346424473,-0.708705024057152,0.0272941611820292,-2.64929215690883,-0.0520855978833183,-0.35568405855027,0.475925353586706,-0.043039574199713,-0.34476848053886,-0.521839596572905,-0.533447461928133,0.246923518931679,-0.584177697663477,-0.0641256158777693,-0.35364645738641,-0.930668231079202,-1.28946708192584,-0.335131340202921,-0.217427187171022,0.155666779985624,0.981586015860986,-0.858334513139159,0.586229183302673,1.06120832872116,-0.696638653067897,-0.696016939253532,-0.421455927079768,0.486720391900693,0.592713710226646,0.294245875850557,0.682832724400303,0.229719548950016,-0.0654521195474263,-0.351119333321313,0.682832724400303,-0.149937701058835,-0.852674245419489,0.824645343659043,0.762407081401742,-0.761660555595246,1.42815797675422,-0.421595500720383,-0.44863454061095,-0.331272613867753,-0.215085234929352,0.00457954007927846,0.460656060460939,0.816427327446683,0.726172755495118,-0.534274058578104,-0.91058984619347,-1.38334975138032,-0.35364645738641,0.044119426439209,-0.822944761547652,-1.14079770961895,-0.626152826019497,-0.629227587743642,0.108666922041517,-1.31621856524083,-0.230075729421995,0.472490510248604,-0.695793398648614,-0.381712258954214
comm.and.crime_point_0959,comm.and.crime,regression,0.21,0.244526112641205,anomaly,0.812099797669774,-0.171897892729153,-0.217427187171022,-0.692630399267912,-0.0774492073752468,0.517473225955383,-0.687872404062027,-0.576459764357761,-0.671523969190694,-1.00211120091324,-0.638203521537374,1.87981456952772,-0.499564470154296,-1.56531543697313,-1.2949949059155,-2.45009854537462,-0.791590941172187,-0.481197144366448,2.1245798644332,2.08079782174174,1.31742258152108,-1.1887465803376,-1.1001642083812,-1.22079271861426,-0.880559949483478,-0.567472613338656,-0.319107477609904,-1.72753869910747,-0.043039574199713,0.94967388912165,0.44147342845925,0.872410160917752,-1.15527224088726,1.66427891900851,-2.24707740429148,0.363739900957701,-0.0603953852759968,1.15007999731647,-0.919734696831824,0.322022122016284,-0.253386005516867,0.128060322760887,0.249049755145189,-0.438232993123054,-0.895737921615612,-0.827012835844596,-0.841292150615578,-0.0672751000735523,-2.02506480463612,-2.09248497249291,-0.149937701058835,2.18096542220705e-05,-0.34476848053886,-1.09640931284725,-1.42526006472277,-1.58352531523914,-1.73297964761169,-0.726761076765874,-0.728321444677741,-0.738257558223326,-0.736210329354915,0.458843115998027,-0.503316572060594,-0.242196122550708,-0.324530007231007,-0.602185097684464,-0.534613396479251,-0.602729759433253,0.139036026194378,-0.601380811530617,-0.145996364790864,0.726172755495118,-0.111756872588377,-0.409993611322597,0.0610890712128745,2.22928240816177,1.1993769247883,-2.12579870714607,-0.389045100585998,-0.25720051952105,-1.09029510578303,-1.09479162683009,-1.10069846245304,-1.30574407076435,-1.30189225613177,-1.30077457424005,-1.33128639204901,0.884216993443326,-0.746256738413588,1.07056346354692,0.00547415598365529,-0.226875569169311,-0.716257828742818,1.52258872060582,1.46097044519532,1.36432182184367,1.05170600925156,-0.413219819433159,0.232143449791502,-0.138329585106176,-0.391348688885798,1.18577383657174,1.27253664374943,-0.375024355916575,-0.314241419930838,0.58448334399507,1.54860473803558,-0.665881730079667,-0.230075729421995,1.19497372013481,0.703657382637049,0.709023156311124,-0.864272121234376,-0.082988629895916,3.71003986462407,-0.8018715291011,0.35046425234891,-0.633170690066098,0.820645403272635,-1.59366170044631,2.45259488749434,-0.391348688885798,0.500362972394892,-0.139144981884744,0.817012170494165,1.28058521237491,0.690595290266559,-1.15535164718726,0.569266126325109,-0.253594384688952,-0.400622650407643,0.100102838577144,0.99496661054505,-0.171235730638567,1.92076316198387,-0.176389105893484,0.690595290266559,0.927243136822718,-1.09338731710165,-1.56531543697313,0.682832724400303,-1.43178357631207,-0.779122631666902,0.60517537847966,0.223861947321042,-0.494689340990077,-0.871842218792997,-0.64058805739383,1.52211757781668,-0.293190120292925,-0.286904425214791,-0.307399221155361,-0.578408706761027,-0.370281702344836,-1.00841063129797,-0.681553878925593,-0.862692382208638,0.0903259248506256,1.28273643156158,-1.10745167520755,0.862136631065088,0.223523394233582,-0.389045100585998,-0.316872478427771,0.117254540572726,0.358142534415864,-0.523299893074292,-0.158881157964898,-0.277522937462631,-1.13445162766544,-0.433845179637909,-0.230075729421995,1.04374462210848,-0.275373647350366,-0.917186199337522,-0.653833281538438,-1.33127089395254,-0.0774492073752468,-0.633115326174983,-1.1309892382737,-1.07592843364696,-0.0598300184254683,-0.838532752471447,-0.564613569898551,-1.05618654703309,-0.333979422149212,-0.94469347109426,-0.649009732299257,-0.189129511616007,-0.4726301518147,0.148795440142343,-0.777628410332139,0.530234322887664,0.682832724400303,-0.65635599605476,3.27642718339475,-1.09378104463172,0.682832724400303,-0.333979422149212,3.72591167609637,0.0220735832329614,-0.779598642789415,-0.502918505617492,-1.26740219423966,0.514032132486567,1.16815991917774,2.69510609131993,-0.0800332904192877,-0.243561843564225,0.321344892711017,-1.01147293011705,0.726172755495118,-0.167221968720685,0.98688515649694,0.385206829798923,-0.629843707397574,1.15007999731647,-0.689269589429965,0.565976421003951,1.77903573652232,-0.786206461289495,-1.3888684065923,0.0178660990932967,-0.34476848053886,-0.194279537476602,1.0872330726274,-0.280832968781291
comm.and.crime_point_1298,comm.and.crime,regression,0.02,0.022059314809039,nominal,-1.20039562229281,0.524070428289996,-0.375024355916575,0.528991834282321,-0.629843707397574,0.845289154649251,-0.304872732522849,-0.533447461928133,-0.349350157880785,-1.48970028803797,-0.818378775954126,-0.631549404621351,-0.421595500720383,-0.800945062106161,3.05153325911707,0.775481605798612,0.825203518616504,2.49515054443929,-0.755295767554917,-1.25048347617318,-0.592298443552689,3.14906289709809,3.39989683326659,3.3829593663339,1.21742257279479,-1.23504806525446,2.39312643334151,3.35219097202891,-0.433845179637909,-1.06368304617927,-1.15208064223734,-1.59662847435816,3.05136670190105,-0.808871504665675,0.453507363282115,-0.130365530277162,0.0535926868871247,-1.76563423499632,2.5157361965061,-1.65100928860312,-0.880390590919278,-1.58456398029216,-1.65719968679194,0.143936619326893,1.82735501985588,1.78985613216512,1.35300026053872,1.49924747151068,-2.7960676667317,-2.37780562097556,-0.333979422149212,-1.08718945331896,-0.230075729421995,-0.229179716068034,-0.571872999411319,-0.442074950479027,-0.50201955950362,-0.133016206441141,-0.262876465726585,-0.189129511616007,-0.18260032246416,0.370686525614054,-0.548829847861638,-0.394815653267903,-0.219657981557459,0.69535681818675,0.731818575697316,-0.814033550969433,1.76268367615976,-0.839525415373817,-2.00098163850163,2.68556176017342,-0.444061083654919,0.620806112517094,1.73491879105002,-0.663674573317088,0.0881812846222431,0.197114064352121,-1.04789614836431,-1.17821175605928,3.27642718339475,3.18088668373891,3.10754976404949,1.38435761999537,2.52077474243508,2.32407992805221,2.74548149356226,-0.118733906464382,0.268301082361422,0.291720927252114,-0.286904425214791,-0.226875569169311,0.105775557090704,-1.90326658079114,0.6889909076497,-0.13177781670903,-1.42028002216447,0.134929855663671,-0.900349146138491,1.9572388304814,-0.391348688885798,1.36834848852526,-0.0609873547032339,-0.375024355916575,-0.709945487718708,0.228635869181726,-0.755295767554917,0.24714434506481,-0.230075729421995,0.817012170494165,-0.780009989472726,0.223072592487436,-0.758443965028085,0.303001138876892,-0.671523969190694,3.33418838646931,0.402681671401718,0.239118965937142,-3.0077369758527,1.06120832872116,0.92179093362327,0.940163369364442,-0.139144981884744,0.409004693212087,1.08698470595177,2.36030195746809,-0.0435165600327901,1.43031461963852,-1.02847344562641,1.76021367214008,3.23787422921455,2.64902729134656,-0.0924897401426294,0.486441406234567,-0.14265187121042,1.67560362771661,-2.19691132091088,-0.834767479906819,-1.37784967220547,0.682832724400303,0.682832724400303,1.41815068347151,-0.0713724957371486,-0.977864586741049,-1.15847835603325,-0.323496951900488,-0.29844216900797,-0.64058805739383,-0.739281849167541,0.699375414281087,-0.286904425214791,-0.635123716067385,-0.36428070280995,0.294983219209284,-0.196421853214959,-1.2048167907451,-1.09698938712883,0.409831565769285,0.243010035727013,0.687062114951965,0.862136631065088,-0.543205919690318,-0.965539767392024,0.277067099578957,1.17920255223971,0.413283929954837,1.31539611889071,-0.425870058168848,-0.277522937462631,-0.866055464123419,0.582249394501401,-0.34476848053886,-0.869747200724323,-0.146336740061482,0.82897837806628,3.52550175095922,-0.294515666436819,-0.550930207394384,1.40724745031109,-0.444251915781118,0.564407987550553,-0.375024355916575,0.835908565350987,0.46618615394114,-0.215315402983871,1.1383543465738,-1.06268769461281,-0.125091603844216,-0.611535701313945,-0.0632363539352424,-0.146888892646214,0.837417660326429,-0.236728129982936,-1.56531543697313,-0.13276590127921,-0.421919245194591,-0.202586991059232,-1.56531543697313,-0.149937701058835,-0.750927891608026,-0.78049817719312,0.287943781650617,0.337993156810208,-1.54818971205152,-0.265657561852559,-0.595615855137194,0.0722445468239389,-0.305119864602728,-0.0450487366494222,-0.584177697663477,1.80068131228869,-1.23321624918318,-0.324530007231007,-0.129276609791536,-1.38334975138032,-0.314189707384816,-0.358048053879797,-0.867503152253548,0.044462103313619,0.755551241823674,-1.15249049956315,0.627044535799378,-0.624470961512025,-0.230075729421995,1.60087059101434,-0.260908893459341,-1.03742764507821
comm.and.crime_point_0906,comm.and.crime,regression,0.09,0.022671270267333,nominal,0.263237410407251,-0.171897892729153,-0.217427187171022,0.162505164217251,-0.629843707397574,0.886266145735984,-0.496372568292438,-0.533447461928133,-0.54265444466673,0.321344892711017,-0.458028267120621,-1.58028690596656,-0.499564470154296,-1.56531543697313,0.758859062176815,1.54087350607701,-0.546622083628446,-0.144252122992213,-1.61925845715135,-0.845327642642986,-2.08426799439157,0.627080642775015,0.312645653531477,0.117507306079973,2.0333046647919,0.403546225811598,0.346157443944216,0.293429019516684,-0.35568405855027,-0.932377159094426,-0.870865217996765,-0.806536111069869,0.18320378636357,-0.215315402983871,1.77507012188196,1.00607696156302,-1.08628803474409,-0.257506183800045,0.207529190044681,0.157602837798,-0.53838808979069,-0.385726968155027,-0.132200133242237,0.337993156810208,0.985671747037421,1.01448754905113,0.987284858679672,0.559333928560141,0.940330818808414,0.931913901423168,-0.333979422149212,-0.739281849167541,-0.230075729421995,-1.05076564985887,-0.951156139549743,-0.789472887579932,-0.707179574188299,-0.684350728885536,-0.60138190496379,-0.569295082344151,-0.565868788773144,0.546999706382,-0.503316572060594,-0.496562007079367,-0.429402032904556,0.40046092821602,0.98510497013263,-0.285774072128984,0.240514004317214,-0.506122969993337,0.723527982261056,-1.23321624918318,-0.111756872588377,-0.513073583706566,0.00709456412135369,0.530244180944028,-0.440959496409212,1.35857045010122,-0.553757862530577,1.05160492187539,0.424690178217426,0.287245806889183,0.174528272850755,1.01959806870591,0.800574593079997,0.672757321452404,0.777386652232682,-0.708705024057152,1.87023448358512,1.38210047806485,-0.286904425214791,-0.226875569169311,-0.49993325352347,-2.19691132091088,-0.744685376363587,-1.42839750345471,-2.93374085772531,0.317646414029282,-0.8018715291011,-0.574906338353587,-0.391348688885798,1.36834848852526,-1.13640993410055,-0.138628602798245,-1.10564955550658,0.703099168932851,-0.236918153797056,0.30420847476134,-0.34476848053886,0.0610890712128745,0.24714434506481,-1.72072966280731,0.458579831344262,0.744132303188673,-0.800393493714657,-0.260244635395451,-0.485014452496014,-0.487789080732225,-0.633170690066098,0.589231434646941,-1.64600924706368,-0.391348688885798,-0.230503261067549,0.226288134846476,0.169078085395916,0.416811816300365,-2.19691132091088,0.798262865525553,1.08466598824495,-1.01884144628399,-0.352747691465246,-0.446095258444874,1.03524277168163,-0.33565501485685,0.342857548364707,-0.546787652615503,1.08212161042621,-2.80166305207002,-0.666693784445925,-1.56531543697313,0.682832724400303,-0.883719295584461,1.69800284408723,-0.661256593696907,-1.10088084339349,-0.722945859776196,1.08727461797251,1.6919409488551,-0.565328047091832,0.500862307366285,-0.286904425214791,0.5119120161247,0.224571308055511,-0.882023949694159,1.37979165718147,-0.576901296561691,-0.159801367448073,-0.274823379056414,1.6788226775938,-0.888608530066145,0.0305326795277526,0.282502572227728,-1.04789614836431,-1.34276811316667,-0.708705024057152,0.6889909076497,-0.465840642700386,0.214903302320632,5.97536674954851,-0.114546206205749,1.36386060537779,0.114002523928599,-0.826258750205395,-0.275373647350366,0.0352672065190975,-0.375210946038594,0.68464204843914,-0.669300457399169,-0.803145557548822,3.14791254033394,-1.02301435554381,-0.296225771543798,-0.367596131833887,0.208486222981217,-0.363704428404322,-0.0579168405136468,-0.649707912297875,1.25614709844634,-0.189129511616007,0.294983219209284,-0.696016939253532,-0.728687620312182,0.589231434646941,0.682832724400303,0.672757321452404,1.00394925739407,-0.846227140861585,0.682832724400303,-0.241958561604024,1.64011142296137,-0.146888892646214,-0.00859578069383644,-0.114805430650861,-0.593512151491192,-0.265657561852559,0.0413031744765323,1.03059780346671,-0.620241068459545,-0.193933566835524,0.0427225572111723,-0.917734455370194,0.726172755495118,1.14367835219867,-1.35705455270886,-1.38334975138032,0.396031792643891,-1.71536329995644,-0.778386370841756,-0.571872999411319,-0.4726301518147,-0.838532752471447,-1.10088084339349,-0.377418245894594,0.458080777279193,-0.60459956684596,-0.869747200724323,-0.432151904040676
comm.and.crime_point_0111,comm.and.crime,regression,0.56,0.0325637063018115,anomaly,-1.0174414932053,-1.56383453476745,0.0189685659473083,-1.36452262772054,0.830056042661434,-0.384020577952752,-0.544247527234835,-0.103324437631854,-1.44474111633447,-1.42004470416301,-1.0586124485098,3.21920868907389,0.0462183158830917,0.682832724400303,-0.387478036293313,-2.17674429527519,-0.693603398154691,0.529637919756257,2.35496991499225,-0.575223753622857,1.49645892762175,-0.381712258954214,0.260319362349526,0.492231312994358,-0.530896195770433,0.100102838577144,0.192634769739419,-0.143536973699349,-0.121200695287352,-0.275847723670213,0.0665195294718176,0.378602433862569,-0.533836942520802,-0.264778411457355,-1.38518864868289,-1.26680802211735,-0.288371529602239,-0.810486469238678,-0.382942369747774,0.102796409725239,-0.880390590919278,-0.100289584312853,-0.0232715937029722,-1.66725773051738,-0.796716360107558,-1.02085498162309,-0.429862323524147,-0.746101547760053,0.643791256463961,0.817785642030109,0.0341040200315418,0.652348567438131,0.114002523928599,0.0903259248506256,0.37633485093474,0.302349200451482,0.523780513919773,0.460728663883593,0.668013492175727,0.57120162984028,0.669107380444694,-0.246409607073759,0.179382564955068,-0.0895765918335127,-0.219657981557459,-1.19197687762592,-1.92768856587347,0.242485406711466,0.595686927747142,0.160681920767624,1.94086206813374,-1.23321624918318,1.35038165610441,-3.19315286568976,0.978995691768727,-0.434074812882258,-0.758443965028085,1.18650283739765,-0.430223291072143,-0.25720051952105,-0.421919245194591,-0.446961579774181,-0.463085094801143,0.700433461327641,0.609441243151654,0.471376515769501,0.730527251248644,0.589231434646941,0.748881102728531,-0.798658623560617,-0.189444898148642,0.0719288462359772,0.668219452661009,-2.24585211093084,-0.303554212051806,-0.430997744419571,-1.21848524408969,-0.230503261067549,0.084427024235416,-0.443933312379363,-0.391348688885798,-1.14205297583563,-0.233054967406804,0.649357240929522,-0.165852394510387,-0.660982817851633,1.31821468747653,-1.86422845370679,-0.115382978305131,-0.26287797133625,-0.209368692507428,2.05888583359914,-0.388045418306067,-0.138130025434889,-2.73343636157411,3.28494957795061,-0.11949251912636,-0.00318371628598076,-0.487789080732225,0.117254540572726,-0.115205293192613,-0.391348688885798,0.134929855663671,-0.413219819433159,1.62692977686698,-0.14464089114809,-0.0435165600327901,1.31539611889071,-0.822313500858473,-0.454975190371856,-0.496372568292438,-0.749538645679329,0.229719548950016,-1.92504142896692,-0.264029226104202,2.09891625254177,-0.630806040272269,0.640404199215584,2.55721290673067,0.413054945035492,0.637869761172835,-0.171235730638567,0.754335996180896,-0.787899790914564,0.16626443468128,0.475400863850929,-0.202875494043799,0.203092646994081,-0.652304948129686,-0.193933566835524,-0.286904425214791,-1.39981420419544,0.652827315957665,0.602028567618877,0.758859062176815,-0.315269840651936,1.24598066207306,0.546762554734425,-0.153076210305205,1.34359155037618,-0.144541836585371,0.223523394233582,-0.0184413862106956,-0.424861492610813,2.00516211686959,0.303001138876892,-0.695677644196011,-0.372472278128058,-0.433845179637909,1.28111384421278,1.36386060537779,-0.34476848053886,-0.217420442940414,0.756921610960703,0.617322065653698,-0.723488865413399,0.223861947321042,-0.629843707397574,-1.05819090460958,1.29900436439237,-1.39341290226583,-0.138628602798245,0.626603400623183,0.517726140133124,-1.25403858092703,0.12612488057673,-1.53466458868703,-0.553751890761977,-0.10464827367642,-0.882023949694159,2.13410453172265,0.348009760126863,-0.177731018223659,0.682832724400303,-0.69663215719134,-1.13485349648892,0.886650185529367,0.682832724400303,-0.333979422149212,-1.10704012994815,-0.231370130585801,-0.186519518100509,-1.40851568053963,0.305007905506768,-0.499564470154296,0.433253346546518,1.03059780346671,0.415157172784282,0.10383609353668,0.391000476585978,-0.261565132142186,0.726172755495118,-0.324530007231007,1.87981456952772,1.23899276554062,-0.629843707397574,-0.106693378680418,-0.466477635900487,-0.240000251790199,0.346157443944216,-0.943185334835349,-0.928088305474204,-1.46445019461129,-0.115382978305131,-0.758469577859468,-0.565328047091832,0.0722445468239389
comm.and.crime_point_1766,comm.and.crime,regression,0.08,0.125234007553534,nominal,-1.20039562229281,1.22003874930914,-0.217427187171022,-0.753711510945423,-0.550930207394384,0.722358181389051,-0.161247855695657,-0.447422857068877,-0.607089206928712,0.182033724961094,-0.157736176426034,-0.296700874734808,-0.109719622984733,0.6153882795591,0.56780287909846,0.666139905758843,-0.98756602720718,0.81042543756812,-0.524905716995868,-0.620241068459545,-0.413262097452023,0.627080642775015,0.626603400623183,0.385167311018819,0.459817773083194,0.100102838577144,2.7001717817511,0.0749460229086676,-0.35568405855027,-0.757302642981302,-0.308434369515615,-0.362109156720205,0.231006501622527,-0.957260530086126,1.37285536926462,0.462560987204673,-0.630335746091604,-0.307777118839921,0.0464914919194661,0.102796409725239,0.0316160787569558,0.0138853692240173,0.0311926760666601,-0.56760401811193,0.0944776934649314,0.190658429492517,0.118710779264428,0.0893771570848711,0.940330818808414,1.38842693899541,-0.241958561604024,-0.173931992421487,-0.230075729421995,-0.731260008940213,-0.714104176963228,-0.739844610851231,-0.296859544818942,-0.514709337364183,-0.432129185345187,-0.44257322543477,-0.310356477900488,0.326608230422067,-0.321263468856418,-0.700054714702294,-0.691582097088426,-0.602185097684464,-0.0913622062174521,-0.866859498853478,-0.114658919112713,-0.601380811530617,0.491654823047211,-1.23321624918318,-0.311139399228302,0.569266126325109,-0.370866985519292,-0.617754621230122,-0.335131340202921,0.111080258000336,-0.347866910099853,-0.354149070735601,0.692040522452799,0.589566495515274,0.429573619911515,0.472458741771733,0.561657905669569,0.471376515769501,0.449370845344417,-0.649707912297875,0.161505522279842,-0.487121609042694,-0.189444898148642,-0.226875569169311,-0.197078848216383,-0.0924573500527467,0.358142534415864,-0.13177781670903,0.345424285989838,-0.139144981884744,-0.457199869470233,-0.0510142344566935,-0.391348688885798,-1.05076564985887,0.197114064352121,-0.453822940289352,-0.0174633690899362,0.110020044243945,0.972629611637952,0.0188878262786913,-0.34476848053886,0.871006677585685,-0.551753470686607,-0.640839520976896,0.0881812846222431,1.79181881842915,-0.413784920142767,1.61083008831497,-0.746101547760053,-0.00318371628598076,-1.84468410118171,-0.413719465260767,-0.559632247542278,-0.391348688885798,-0.413219819433159,-0.504578098615964,-0.26287797133625,1.06464186335627,0.445891340166776,-1.27027014793507,-3.50239278284167,-1.09939376855715,-0.0654979378108623,0.706989613046053,-0.173042062415791,0.760473546598372,-0.870916000573111,-0.758443965028085,-0.875509990372052,-0.302066595779285,1.89346741148843,0.682832724400303,-1.56531543697313,-0.33565501485685,0.223523394233582,-0.724578192305735,-2.36802612146826,0.0759519559752211,-0.107308819079628,-0.491703227207728,-0.695793398648614,2.28748026959951,-0.189444898148642,-0.635123716067385,0.545763313982127,-0.370281702344836,-0.530770173602079,3.39989683326659,0.121355038456154,-0.274823379056414,1.62931189683977,0.293144453697438,0.687062114951965,-0.0123933177430025,1.87575537615196,-0.20888346424473,-0.531713688779321,-0.082988629895916,0.338588862534303,2.72459896423776,0.113282667975565,-0.973413929540229,-0.433845179637909,-0.115382978305131,-0.173931992421487,-0.232361344920738,0.194009440828534,-0.444866529913555,0.569447023159616,-0.472016707391195,-0.845653115392282,-1.02533734250561,-0.282217262099776,-0.375024355916575,0.0510141976217214,-3.70855272760961,-0.462630445351289,0.0341040200315418,-0.472716577020044,0.303568683073544,0.0643142022027552,-0.574978601284565,-0.653776320283739,-0.386102090172486,-0.885696359334983,0.682832724400303,-0.69663215719134,-0.912061542959443,0.441053158743122,0.682832724400303,-0.0579168405136468,1.13137965390405,-0.696016939253532,0.110020044243945,-1.14977363056188,-0.705827158615937,1.76153564342917,-1.03655979871593,0.274003127169785,-0.530206438786169,-0.392446673750327,-0.0965886105387498,-0.730257505876477,0.726172755495118,-0.534274058578104,0.875268979868092,-1.20039562229281,-0.590386957395979,0.044119426439209,-0.912061542959443,1.3245427012808,0.397331668679148,-0.472248714197789,0.799837073718665,1.4507718496744,-0.34476848053886,0.318620499235095,-0.43486269553505,-0.331272613867753
comm.and.crime_point_0287,comm.and.crime,regression,0.51,0.0394018016440483,anomaly,0.324222120103087,-1.21585037425788,-0.217427187171022,-0.692630399267912,0.790599292659839,-0.629882524473152,-0.304872732522849,0.455835493953308,-0.735958731452675,-0.166244194413711,-0.337911430842786,0.428804273352702,-0.109719622984733,0.682832724400303,-0.244185898984547,-0.208593694559321,-0.252659454575957,-0.425039640804075,0.339056972600567,0.505191802457658,-0.651977225586244,-0.331272613867753,0.155666779985624,0.385167311018819,-0.239509734342896,1.31387638751496,-0.01206212920031,-0.744365214371393,-0.121200695287352,0.336913082725718,0.253996478965534,0.526744751979124,-0.247020650967053,0.971796800379738,-0.121085140456948,-0.920934220252943,0.224574795131807,-0.156964313720294,-0.114546206205749,0.596054262380089,0.943622748433189,0.870197520750541,0.739228183071879,0.0145655943380156,-1.39084572915588,-1.40853927318009,-0.88700657584796,-2.26040670029148,-0.0679036931627271,-0.0952404331143684,-0.0579168405136468,1.17420997366526,-0.115382978305131,0.729337206687944,0.850438776107769,0.500862307366285,0.421200506577434,0.757601099045959,0.710326672080377,0.486720391900693,0.413595069572038,-0.687192558993624,0.907594977771775,0.520901531035269,0.199830121136733,-0.543205919690318,-0.15468380482628,-0.338600020013028,-1.23091667846391,0.303568683073544,1.30321088029567,-1.23321624918318,0.220547338478165,-1.95619319708213,-1.34276811316667,-0.0207952440995638,1.41103323720088,-0.792274708693406,0.146271375733883,0.227542236551704,0.424690178217426,0.460000486104092,0.472081177754975,0.654838517416459,0.65722458063374,0.551928838042662,0.589949048296531,0.648228546406218,1.9770300436667,3.09555405791342,-0.286904425214791,-0.226875569169311,0.408629962397792,-0.19033893009266,0.303001138876892,0.716011978470835,0.244526896952449,-0.504578098615964,1.11844200312802,0.778481596713387,-0.391348688885798,-0.868190997905353,0.197114064352121,-0.296225771543798,-0.808871504665675,0.643791256463961,-2.54081865938755,-0.494689340990077,-0.230075729421995,1.78891329814154,1.61668345778153,-0.478855999702333,0.617322065653698,-0.0278472343569434,-0.54265444466673,0.133665832754111,1.23816037624664,0.578342721049512,-0.827012835844596,-0.94469347109426,-1.10282074730298,-0.391348688885798,0.0435715764808665,-0.504578098615964,-0.532850506793854,-0.533338919381635,-0.386102090172486,2.00490712337759,0.311566195365187,0.471376515769501,-0.544247527234835,-0.264029226104202,-1.01884144628399,-1.32217072016655,-0.0819631937635291,1.30520508099459,0.935299240366342,0.47649623486865,1.2771323087635,0.682832724400303,0.682832724400303,-0.171235730638567,-0.720143453672756,-0.344648600652765,1.37581220011629,-2.66312626945821,-1.49302560606011,-1.08724254795214,-0.739281849167541,0.600118860823686,0.785150372512844,-0.362019970307365,1.40227532978643,-0.779675500224294,-0.674062310910845,-1.2048167907451,-0.8158329812246,-0.274823379056414,-0.747205579353531,2.52534453413976,0.42445034078228,-1.07401852163763,-1.00671795787817,1.89690231232458,0.117254540572726,-1.57180630944818,-0.00616663970913513,0.108107742239052,-0.121200695287352,-0.060866973497344,-0.35568405855027,-0.34476848053886,-0.43486269553505,-0.146336740061482,0.511493909447407,-1.42004470416301,-0.697698254915155,0.830056042661434,0.429573619911515,-0.655555707317298,-0.388045418306067,-0.217427187171022,-0.472248714197789,0.620806112517094,0.0814626478570313,-0.241958561604024,-0.472716577020044,-0.601380811530617,0.0220735832329614,-1.24024352283868,0.106554821172549,0.543772920206689,-0.236728129982936,0.682832724400303,1.63938518873034,0.023664661864365,0.143988474218959,-1.56531543697313,-0.149937701058835,-0.394815653267903,-0.653776320283739,0.287943781650617,-1.08508811806744,0.36116540906914,-0.343626531286471,0.629228432581511,0.526201352602092,0.280105228274217,-0.193933566835524,-0.0965886105387498,-1.05834216749048,0.726172755495118,0.357138159647056,-0.296700874734808,-0.407594396246943,-0.4325599573896,-0.307777118839921,1.44953316445302,0.044462103313619,1.31846771390793,-1.15249049956315,1.31821468747653,-0.0315444440301896,0.802159030629787,-2.19458968065222,-0.739281849167541,-0.633910484386522
comm.and.crime_point_1692,comm.and.crime,regression,0.29,0.0713803420085896,anomaly,1.17800805584479,1.22003874930914,-0.375024355916575,0.590072945959833,-0.4325599573896,-0.875744470993553,-0.496372568292438,3.6817581761754,0.810475562834887,0.460656060460939,0.202614332407471,-0.352508963049232,-0.499564470154296,-1.56531543697313,-1.05617467706755,-0.864643894797944,1.36413500521273,-1.66050471917627,-0.00652810323800724,1.45055541402811,-1.30844382795535,-1.28962587051052,-1.30946937310901,-1.22079271861426,-0.705728072626956,-0.385406580997984,-1.64963732071814,-1.07208970928342,-0.121200695287352,2.21896413094179,2.4568506355167,1.56374097879501,-0.868455949333508,2.35676103763728,-1.15535164718726,-1.16798693587037,0.110586722968685,-0.508860858999424,-0.812376231415014,0.431634978161806,-0.196385588662103,0.584760136908366,0.52137110399335,1.5023323817101,-0.598673237091449,-0.633170690066098,0.53014060635586,-0.11949251912636,-1.25406194254054,-1.35065128643802,-0.241958561604024,-0.260908893459341,-0.34476848053886,-0.959478323882113,-1.04597692458435,-1.18649910140954,-0.912339588872978,-0.684350728885536,-0.686008264773091,-0.696016939253532,-0.65103955906403,-3.02334220416891,1.27170118418013,1.43661871533844,1.30098639070899,0.754335996180896,0.668496977088488,0.929222729204051,-0.368353864419804,1.2085181776777,0.317749953636827,-1.23321624918318,-0.244678557014993,-1.7500332523142,-0.316872478427771,1.03536365390065,2.31057256495435,0.111080258000336,2.82285375733329,1.24550202430449,-1.00117832437123,-1.00841428722264,-0.973175788922662,-1.35133901467553,-1.15854224368551,-1.05911760742057,-1.09698938712883,-0.0597367947051054,0.695483322687741,0.810949284781987,-0.286904425214791,-0.226875569169311,-0.672992913698949,1.27788477050604,0.247859743337919,0.217312098953267,0.900359925695479,-0.413219819433159,-0.260244635395451,-0.70587936432781,-0.391348688885798,0.455475228757665,2.00382399773961,4.03769636895892,-0.561556462298257,0.0507121317750543,0.68464204843914,-0.437625211293547,-0.000690227188266011,-1.61274064862427,-0.722945859776196,0.00709456412135369,1.14646284668515,0.247859743337919,0.0372584156911057,0.379859875347588,-0.328362195337591,0.287579502381766,-0.0516442527306052,1.06120832872116,-0.460870702131241,-0.391348688885798,-0.504578098615964,-0.413219819433159,0.223072592487436,-0.878848277811454,1.03318082040625,0.568425864029928,-1.18309340420237,-0.13276590127921,-0.735747363004424,-0.446095258444874,-1.50215537992296,-0.00681644642028318,0.767678290492944,-0.758443965028085,-0.875509990372052,0.763335172475784,0.328924458417437,-1.56531543697313,-1.56531543697313,0.815279974671134,0.754335996180896,-1.23115098117636,-0.409710691716343,-3.00551104763739,1.51732465531128,-0.0946770133781229,0.173975611729931,1.04677335138199,-0.286904425214791,-1.23595195673943,1.56287133274974,-0.574978601284565,0.328982650250517,-0.681553878925593,-0.956411184176713,-0.639972682963453,-0.202586991059232,0.774599373008527,2.35027001802664,-0.0123933177430025,0.887478804484488,-1.07279557770906,-0.236728129982936,-0.965250958519477,-0.293462891578667,1.17606334305485,0.894893878851958,-1.02709316224863,-0.433845179637909,-0.34476848053886,-0.91323565124325,-0.275373647350366,-1.1288425117501,-0.514522113788516,1.14542214955724,0.987883042667813,0.132020715007295,-0.497077863665163,0.0352672065190975,-0.138628602798245,1.20219260362464,0.569266126325109,-0.561556462298257,-0.333979422149212,0.23524876409128,-0.267978366150136,0.782404724689249,2.23960375913671,-0.189129511616007,-1.51174026063149,0.943214105202603,-1.56531543697313,-0.0119374178694681,-0.912061542959443,0.243010035727013,0.682832724400303,-0.333979422149212,-0.343942476362171,-0.189129511616007,-0.30513534303829,-0.761660555595246,-0.593512151491192,4.33451163474828,0.0413031744765323,0.173123836996862,-0.935362272316362,-1.98055152906875,-1.21107795253813,-1.19894987961077,0.726172755495118,-0.796454122761974,0.484612361667126,-1.0174414932053,-0.629843707397574,1.40143467251585,-0.0654521195474263,0.328924458417437,-0.779675500224294,1.14986631244269,0.799837073718665,1.05548750468651,-0.34476848053886,-0.707179574188299,0.0435102601731493,1.53499425433132
comm.and.crime_point_1925,comm.and.crime,regression,0.13,0.12537547224169,nominal,-1.38334975138032,1.56802290981872,0.728155825302298,0.528991834282321,-0.629843707397574,0.435519243781917,0.652626446325096,0.154749376945913,0.166127940215069,-0.235899778288672,-0.0976777582871161,-0.854781757879046,0.825908010222217,0.682832724400303,1.80966806910777,0.884823305838383,-0.105678140049712,0.866582941130492,-1.10088084339349,-0.75529301296961,-0.532619661519134,1.73675283467717,1.51615035071635,1.40227532978643,2.90746404907451,0.828366967939835,0.909073916028471,0.5119120161247,-0.121200695287352,-0.888608530066145,-0.964603692743623,-1.1522015200085,0.995849945765856,-0.808871504665675,1.08555911739508,-0.0315444440301896,-0.288371529602239,-1.21265394955768,1.12007614608757,-0.33565501485685,-0.0823847549525736,0.0138853692240173,-0.186664403011869,0.208622131821331,0.886650185529367,0.869105939717259,0.89585600821491,0.924855861929795,-0.542366992913852,-0.437625211293547,-0.149937701058835,-0.565328047091832,0.687466279512922,0.181613250827385,0.281514065900134,0.302349200451482,0.318620499235095,0.715190751165621,0.710326672080377,0.697923486749661,0.669107380444694,-0.158253016689785,0.179382564955068,-0.0387034149277808,0.0949580954631852,0.69535681818675,0.478532181262003,0.770744885551916,0.697164905869978,-0.0774626830755764,-1.13145729144971,0.726172755495118,-0.0452960303750682,0.878506043477017,0.817012170494165,-0.939194285838884,-1.07592843364696,1.01443522469408,-0.924361576905879,-0.838891826808356,2.34070097857094,2.36030195746809,2.38492128071067,2.43304132995254,2.37742472998882,2.32407992805221,2.27688748372189,1.12020544048043,1.92363226362591,-0.487121609042694,-0.286904425214791,-0.226875569169311,0.798014197792618,-1.02233236043192,-0.524119794207697,-0.929697623937139,-0.108613964678413,0.683079530760502,-0.260244635395451,-0.618564013678328,-0.391348688885798,-1.27898396480077,1.01443522469408,-0.217427187171022,-0.561556462298257,-0.36444325550718,-0.697698254915155,-0.494689340990077,-0.230075729421995,-1.72072966280731,1.73081171717458,-0.802823042251458,0.141095362725389,-1.29609933175331,0.810475562834887,-0.407961060951538,-1.42492799544655,-1.02085498162309,0.966027012606508,0.176251652332003,-0.312728384014686,-0.391348688885798,-0.139144981884744,-0.230503261067549,-1.61274064862427,0.632755165319001,-0.337161300152529,0.510966613656022,-0.152293680362675,0.713033482588985,-0.592122486177232,0.889055645386725,-1.13966992969373,-1.15775143594827,-1.23504806525446,-0.0705609496871936,-0.826569200352095,0.23063428834825,-0.571872999411319,0.682832724400303,0.682832724400303,-0.664493583293417,0.0465858602511433,-1.29447257978519,2.1245798644332,-0.152304562810898,-1.49302560606011,0.00457954007927846,-0.391374245016123,0.15346437026538,-0.189444898148642,0.566532765276704,0.759891317933204,-0.0632363539352424,0.902151199485581,1.98708697135391,1.05854305813691,-1.14205297583563,-0.450140894829368,-0.976145788122707,-0.0570045785288092,-0.484226741696171,-1.00671795787817,-1.23477909898362,-0.472716577020044,1.57125323627326,0.568425864029928,1.01587000293248,0.191443789063205,-1.7249231874579,-0.35568405855027,0.572773528396057,-0.826258750205395,1.14403233282735,-0.017646871584048,-0.444866529913555,2.41256742763201,-0.274732957383221,-0.293054863427304,1.66878599958068,0.617322065653698,-0.296225771543798,0.678929691805134,-1.02847344562641,-0.709945487718708,0.402187462212296,-1.23967902989064,-0.791896494605177,-0.10464827367642,0.243808994474351,-0.653776320283739,-0.679746830292226,0.117254540572726,0.682832724400303,-0.173042062415791,-0.243685682371009,-0.00454386804312309,0.682832724400303,2.97877155747757,-0.0387034149277808,-0.527054463374357,0.0507121317750543,-0.826346068089685,-1.26740219423966,0.124187285317004,-0.889578484189684,-0.331272613867753,-0.890344957479674,0.600118860823686,-0.514522113788516,-0.308434369515615,0.726172755495118,-0.48183804574133,-0.631549404621351,1.17800805584479,0.317118292640701,-0.156964313720294,0.602923741041008,0.281514065900134,0.141460545004487,-0.576901296561691,-0.985685818113966,0.561382073451646,-0.34476848053886,0.216040491892755,1.73955983041131,-0.331272613867753
comm.and.crime_point_0078,comm.and.crime,regression,0.68,0.0127433981916651,anomaly,1.17800805584479,-1.56383453476745,0.176565734692862,-0.203981505847819,2.52669629273001,-2.18700818576902,0.652626446325096,0.0257124696570293,-0.091611108832858,-0.444866529913555,-0.458028267120621,0.819460891553668,0.202156254750917,0.660351242786569,-1.19946681437632,-1.63003579507634,-0.546622083628446,-1.15508718711492,1.14542214955724,1.0904168953346,0.302883286950643,-1.1887465803376,-1.04783791719925,-0.631940707748796,-0.647450780341448,-0.567472613338656,-1.13789507336882,-0.853606712675401,0.738571636676679,1.95635235677211,1.19138122643412,1.11931402444534,-1.05966681036934,2.6040760800047,-1.78740340130023,-0.0315444440301896,-0.231377493520679,0.747912516997469,-1.18813086037385,1.1441185431077,-0.253386005516867,0.927284997518976,1.01154953192004,0.467364181799085,-1.2423133868938,-1.16623659095697,-1.34415082817177,-0.954971223971284,-0.127211605631618,-0.722945859776196,0.12612488057673,0.304440963286713,-0.000690227188266011,-0.0922487271028942,-0.240000251790199,0.00457954007927846,0.369910502906264,-0.175426554321479,-0.220563285821935,-0.146888892646214,-0.0122587818823892,-0.202331311881772,0.315922392358201,0.927886946281123,0.776626262341248,-0.0123933177430025,-0.281327002043937,0.348137302479556,0.0375580480715412,0.541713286916744,0.781496272064518,-1.23321624918318,0.685773233971324,-1.44079333516229,0.169078085395916,1.86192279146604,1.83434586202605,-0.620207095989836,1.21690432837365,1.00313064626811,-1.13485349648892,-1.09479162683009,-1.05819090460958,-1.35133901467553,-1.15854224368551,-1.13966992969373,-1.05012998614479,0.176251652332003,-1.06664341865833,0.343643763005101,-0.189444898148642,-0.226875569169311,-0.0672841030847741,0.201187390066993,0.964697885344563,1.16484187003665,0.950808620214174,1.41394576422294,-0.851110337619796,-0.443933312379363,1.98040716487244,0.0903259248506256,1.01443522469408,0.176565734692862,-0.314241419930838,-0.0679036931627271,-0.58250322963563,-1.17945889734843,-0.34476848053886,-0.0468999429701671,-2.72019039915474,-0.532850506793854,0.670236143756844,0.6889909076497,-0.220480633356821,-0.06328940132067,0.872638442876987,0.675263793938761,-1.02085498162309,-0.767702135816429,0.0823177976294598,-0.391348688885798,-0.230503261067549,0.683079530760502,-0.910812056434499,-0.792470938203999,-0.141398140072703,-1.04043314643945,0.723886084901063,0.793585804862147,-0.544247527234835,-0.203340548657311,1.5185567053206,0.102796409725239,-0.749538645679329,0.617322065653698,-0.288220510132573,-0.179135622519085,3.0313168319037,-1.56531543697313,0.30064753696682,-0.664493583293417,0.282502572227728,0.161924188217862,0.454251997880092,-0.209368692507428,-0.824058881310911,-0.442074950479027,1.04374462210848,-0.392446673750327,-0.286904425214791,2.15053449068482,-0.0966206978711041,-1.34259197230855,-0.912882539758789,0.103340488803673,0.543089647312493,-1.46155861675429,-0.94524870236964,0.118069937584314,-0.844839901037864,0.0465858602511433,-1.00671795787817,0.601034142128082,-0.000739682945828393,0.578708116571755,1.43031461963852,1.01587000293248,-0.277522937462631,0.959038447962351,1.05121612102724,1.37562278621411,-0.826258750205395,-0.490435159498505,-0.758443965028085,-0.584177697663477,-0.755295767554917,-0.393103207388005,1.57727768168493,-1.44794492557797,-0.970100277440667,-0.138628602798245,-0.576901296561691,0.363106181557171,-0.759408496192192,-0.333979422149212,0.471237211128387,-0.0298337623069365,-0.484813844404564,-1.64963732071814,-0.400332606464976,0.0543650200071232,-1.29867614164992,0.682832724400303,-0.898012962874244,1.13762442951176,-0.351119333321313,0.682832724400303,0.310166601667107,-0.191322945644976,-0.653776320283739,-1.13544611760276,1.63170340669898,1.31584296962947,-0.343626531286471,1.31514123370399,0.576640997688553,-0.350137179439416,-0.243561843564225,2.34135682508489,-0.308434369515615,-1.23321624918318,0.6717542366677,0.317188096723854,0.812099797669774,-0.51147345739279,-0.860757404278554,-0.511036026606383,0.091872495830922,-0.370281702344836,-0.681553878925593,0.742239561078903,0.759024245945591,-0.230075729421995,1.85732060937019,-0.782770299686468,-0.785229419645906
comm.and.crime_point_0122,comm.and.crime,regression,0.05,0.0283824884249479,nominal,0.324222120103087,-1.56383453476745,-0.296225771543798,0.284667387572275,0.159291292634322,0.0257493329145824,0.604751487382699,-0.40441055463925,-0.800393493714657,-0.723488865413399,-0.638203521537374,0.149763831780583,-0.265657561852559,0.682832724400303,1.95296020641653,0.884823305838383,1.46212254823023,1.70894549456608,-0.179320641157294,-1.02539690198974,0.00448937678286525,1.88807176993655,2.14406584489976,2.20525534460297,1.15914528050928,3.01315935602791,0.909073916028471,1.33122325340476,-0.433845179637909,-1.23875756229239,-0.777126743249906,-0.954678429186424,1.5216798136144,-0.858334513139159,0.740803615151647,-0.42682878901808,0.566539011621171,-1.21265394955768,1.4958307750464,-1.48659000438483,-0.424387256081161,-1.41330154998685,-1.49380687748304,0.0145655943380156,1.23322565080756,1.11140862194038,1.26157141007396,1.13372553814103,-0.601674905382743,-0.551753470686607,-0.333979422149212,-0.869747200724323,-0.115382978305131,-0.411754368021554,-0.524462606894016,-0.491703227207728,-0.0916995301342629,-0.00578516280012634,-0.0513105662033324,0.0220735832329614,0.200668143844824,-0.158253016689785,-0.230236917254329,-0.445688830173635,-0.219657981557459,0.518419284204312,0.60517537847966,-0.655555707317298,1.45824974179125,-0.696638653067897,-1.47926703027047,0.726172755495118,-0.444061083654919,1.08466598824495,1.35695724140937,-0.0667151961865298,0.82897837806628,-0.491156386462159,-1.00671795787817,-0.402623346342877,1.27129960162944,1.19420787276746,1.40724745031109,2.02268683475191,1.56510799279336,1.39772822191086,1.62085586994536,-0.94469347109426,-0.0520855978833183,1.43402331381783,-0.286904425214791,-0.226875569169311,0.451894877441661,-0.0924573500527467,1.84696021396812,0.416792050760294,0.446321675027228,-0.413219819433159,-0.211005826876756,1.12774299931132,-0.391348688885798,-0.366110705033174,0.369181677055691,-0.453822940289352,-0.314241419930838,1.11825455621509,-1.15847835603325,0.4183367341544,-0.230075729421995,0.223072592487436,0.817785642030109,-0.0468999429701671,-0.017646871584048,0.0824355567210018,-0.349350157880785,-1.04806557169458,0.715986185718564,-0.00318371628598076,-0.827012835844596,-0.708705024057152,-0.905297656480906,-0.391348688885798,-0.504578098615964,-0.0477867027019386,0.763017663402644,1.71247191041218,-0.777628410332139,1.08555911739508,0.672346098709078,-1.17994609083031,2.04100025565462,-0.931604678020002,-0.777184479464502,-1.04813857980274,1.13181035517429,0.141095362725389,-2.14797053089092,-0.752813497733353,0.471155635969346,0.682832724400303,-1.56531543697313,-1.8154285728214,-0.307289207713733,-0.914542988132221,-0.640100742275393,-0.837074119169256,0.848357930562082,-0.243561843564225,0.173975611729931,-1.18649910140954,-0.189444898148642,-0.471261468611373,-0.899600712687643,0.294983219209284,-1.00841063129797,0.0510141976217214,1.80829347388151,-0.639972682963453,-1.04427026387769,-0.319616352698494,-0.976145788122707,-1.07401852163763,1.91693356663811,-0.424861492610813,-0.826699247575706,-0.358695607590779,1.31539611889071,-0.692858958372798,-0.433845179637909,-0.114546206205749,-0.199361816374992,-0.34476848053886,-0.695793398648614,-0.533447461928133,-0.335131340202921,0.530311644335899,-0.58250322963563,-0.669300457399169,-0.803145557548822,-0.972511394621568,-0.758443965028085,-0.217427187171022,-1.15249049956315,-0.873853487050458,-1.10564955550658,-0.149937701058835,1.59218233455465,-0.601380811530617,-0.738257558223326,2.95604290542576,-0.062407654706626,-1.16915473049179,-1.65265881220558,-1.56531543697313,0.833861965998727,1.09306603880586,0.540074720251176,-1.56531543697313,-0.333979422149212,-0.140449768739244,-0.189129511616007,-0.720290730320524,-0.114805430650861,1.2596854660671,-0.499564470154296,-0.742597169663439,-1.03742764507821,-1.1604488464998,-0.293190120292925,-0.514522113788516,-0.120957420021899,0.726172755495118,3.24111886566963,-0.0734685214771128,0.324222120103087,-0.708757207400764,1.60251841267536,-0.466477635900487,2.50980251421337,1.36964193864286,-0.00131209356022966,1.49100722539581,0.561382073451646,-0.115382978305131,-0.861049585201808,-0.0434666408647052,-0.633910484386522
comm.and.crime_point_1939,comm.and.crime,regression,0.2,0.235347661728896,anomaly,0.385206829798923,1.56802290981872,-0.217427187171022,-0.203981505847819,-0.235276207381626,-0.0562046492588845,-0.209122814638054,1.35909384497549,-0.0271763465708762,0.251689308836056,-0.157736176426034,-0.408317051363656,-0.499564470154296,-1.56531543697313,-0.721826356680434,0.11943140555999,-0.252659454575957,-0.425039640804075,-0.697698254915155,-0.0800332904192877,1.61581649168886,-0.835669064732367,-0.733880170107544,-0.792536710712104,-0.297787026628403,-0.870916000573111,-0.984372399164023,-0.798985963523397,-0.199361816374992,0.205607195640876,-0.261565132142186,-0.411489929425723,-0.486034227261844,0.625555741065352,-0.293462891578667,-1.31621856524083,-0.0603953852759968,-0.408318988919673,-0.275583904330964,0.705667118525611,-1.05139184148357,0.299322753066192,0.466906834223718,-0.244176455639738,0.243010035727013,0.142197893047893,0.0729963540320473,0.298246833296102,-0.423751167976071,-0.437625211293547,-0.241958561604024,-0.304397343978269,-0.230075729421995,-0.685616345951833,-0.714104176963228,-0.789472887579932,-1.01491959621532,-0.472298989483845,-0.432129185345187,-0.44257322543477,-0.480698018482259,-0.599035968609651,-0.139210365652241,-0.191322945644976,-0.167221968720685,-0.0123933177430025,-0.15468380482628,0.242485406711466,0.0375580480715412,0.0177951584617036,-0.377869524004709,0.726172755495118,0.0211648118382402,-1.28617337658633,0.0610890712128745,-0.29631495662136,0.299837597034825,0.584266192935153,1.05219156642907,-0.305674795128326,-0.733827980135861,-0.706093598596545,-0.760637999705362,-0.667414856007808,-0.776275543828826,-0.736908318327921,-0.8158329812246,-0.35472235350149,0.00131218215747174,-1.11019563807854,-0.286904425214791,-0.226875569169311,-0.153813933172513,-1.70750342071131,-0.799826771902559,-1.22891755164768,-2.78239477416923,-0.139144981884744,-0.506438677988928,-0.662221689003069,-0.391348688885798,-1.00512198687049,0.756333805638724,-0.138628602798245,-0.561556462298257,0.643791256463961,0.396654485240329,-0.722945859776196,-0.34476848053886,-1.01880107061754,-1.35065128643802,0.169078085395916,1.30520508099459,0.578708116571755,-0.284915395618803,-0.260244635395451,1.86476940488033,-1.89314463762633,0.578342721049512,-0.708705024057152,0.674887070095679,-0.391348688885798,-0.321861540250354,-0.230503261067549,-0.640839520976896,0.632755165319001,-0.0924573500527467,-0.465840642700386,0.46618615394114,1.96159447782299,-0.496372568292438,1.79938580709009,-0.293870545825533,0.596054262380089,-0.446095258444874,-1.02301435554381,1.7672926707056,0.886266145735984,-0.477052214376713,-1.56531543697313,-0.576130245968818,0.322022122016284,1.04923188615163,0.795140174306145,0.511849510519854,0.24714434506481,0.561657905669569,-0.839101164308632,-0.608816497610759,-0.69021633412253,-0.286904425214791,-0.362019970307365,-0.685472708736566,-0.4726301518147,-0.14865780744537,-0.9955116260173,0.168214439440191,-0.503041693998314,0.540074720251176,-1.19498893326411,-0.713534013953022,-0.484226741696171,-1.04789614836431,-0.154888957153209,-0.649707912297875,-0.689543980824615,0.683344364777741,-0.265676718046478,-0.35568405855027,1.01271768067076,-0.433845179637909,-0.230075729421995,1.0872330726274,-0.318385949779994,-0.0705609496871936,0.460656060460939,0.108666922041517,1.89538829270449,0.514588735598435,-0.708381655201343,0.246923518931679,-0.296225771543798,-0.315269840651936,0.878506043477017,-0.264778411457355,-0.241958561604024,0.176251652332003,-0.791896494605177,-0.44257322543477,-0.0632363539352424,-0.273610749555595,-0.141398140072703,-1.12168480637209,0.14327716567068,-1.05911760742057,-0.199127291665113,0.886650185529367,0.682832724400303,-0.241958561604024,0.26653564650661,-0.569295082344151,-0.0679036931627271,-0.1794909431453,-0.0880946194298402,-0.499564470154296,-0.15467191155846,-0.533031194213599,-0.800310327806298,-1.13687082468084,2.13239007346,-0.214695894768757,0.726172755495118,-0.586710071414878,2.38208736435754,0.751115087973938,-0.51147345739279,0.295474101638588,0.112781443276156,-0.666693784445925,0.243808994474351,-0.890859043653398,0.511849510519854,-1.61268182398175,1.49031553733097,0.780230532275621,-0.13044354190256,-0.179953678608368
comm.and.crime_point_0449,comm.and.crime,regression,0.03,0.030316068797176,nominal,0.324222120103087,-0.867866213748302,-0.296225771543798,0.590072945959833,-0.550930207394384,0.435519243781917,1.37075083046105,-0.40441055463925,-0.156045871094839,-1.00211120091324,-0.638203521537374,-0.18508469810596,-0.187688592418646,0.682832724400303,3.05153325911707,0.666139905758843,-0.44863454061095,2.04589051594031,-0.121723128517532,-1.02539690198974,-0.0551894052506902,3.14906289709809,3.39989683326659,3.3829593663339,0.692926942225224,0.828366967939835,1.31846771390793,3.13370797542089,-0.433845179637909,-1.15122030423583,-1.10521140486391,-1.49786692894712,2.71674769508835,-1.10564955550658,0.338588862534303,-0.575060418388539,1.30746148068146,-1.56455049483681,2.78413236004812,-1.92504142896692,-0.481387672935926,-1.64165145706059,-1.7661282263312,0.596735206787962,1.53029033533172,1.547553449942,1.30728583530634,1.6036823096163,-2.97399140413837,-2.66312626945821,-0.241958561604024,-0.608816497610759,-0.115382978305131,0.592406217722805,0.613386813521254,0.798631967738489,0.677650524933283,1.05447353420833,0.96420575150828,1.03584843850801,0.882034306171907,-0.114174721497799,-0.139210365652241,-0.29306929945644,-0.167221968720685,0.872294352169189,1.11174816735029,-0.549903811549208,1.306032774607,-0.649009732299257,-1.71114018948432,0.726172755495118,-0.444061083654919,0.826966057285032,1.14097921304329,-0.158555100360462,-0.493873574512357,-1.56657896585947,-1.04789614836431,-0.25720051952105,2.29614258786504,2.40349062727182,2.80999685914527,2.38744638604136,2.52077474243508,2.32407992805221,2.37060628568996,-0.295725241742213,0.481892202524582,1.43402331381783,-0.286904425214791,-0.226875569169311,0.841279112836488,-1.31597710055166,1.18526346750045,0.366922062808537,-0.411306131790581,-0.504578098615964,0.576815109422369,2.74307698632674,-0.391348688885798,-0.594329019975073,0.369181677055691,-0.375024355916575,-1.352964597874,-1.60990941735388,-0.409710691716343,0.24714434506481,-0.230075729421995,-0.316872478427771,0.760721512333579,0.655028649219603,1.99308809633548,-0.579261189746669,-0.091611108832858,0.330621066828893,0.611551347612948,-1.31161820029084,0.287579502381766,0.117254540572726,-1.1522015200085,-0.391348688885798,-0.413219819433159,-0.139144981884744,-0.856817549342979,-0.922036947615181,0.984240030386299,-1.27027014793507,-0.255373652746643,-0.978565285147405,-0.352747691465246,0.221480193470925,2.32407992805221,0.705667118525611,0.706989613046053,-0.282217262099776,-1.51174026063149,0.845289154649251,-0.192589859272896,0.682832724400303,0.390573463421757,1.1441185431077,-0.720143453672756,-0.787899790914564,0.281459459960805,0.190080215368281,0.896141268044168,-0.193933566835524,-0.826258750205395,0.401605753908883,-0.0919853710824933,-0.416640719459369,-0.524876705773258,-0.114410578670175,0.56780287909846,-0.00131209356022966,0.730527251248644,0.135969587839005,-1.98497509820421,1.12474840523477,1.21228566329134,1.22616942013407,-0.965539767392024,1.73491879105002,-0.0597367947051054,-0.138130025434889,-0.695677644196011,-1.70741677914781,0.113282667975565,-1.29548932579066,-0.043039574199713,-0.34476848053886,-0.695793398648614,-0.576459764357761,-0.123475027790339,0.251689308836056,-0.467308204356106,-0.472016707391195,-0.803145557548822,-1.18381518615775,-0.970100277440667,0.0189685659473083,1.20219260362464,-0.976933459434427,-0.660482479245224,-0.0579168405136468,-0.94469347109426,-0.553751890761977,-0.696016939253532,-0.67732705075443,-0.696016939253532,0.935299240366342,1.94616500511031,-1.56531543697313,0.350548032359759,3.27642718339475,0.886650185529367,0.570425316331632,-0.241958561604024,0.673521061752464,0.697923486749661,1.47410203102843,-0.56760401811193,-0.76198466217831,-0.265657561852559,-0.399640769102202,0.0722445468239389,-0.890344957479674,0.0542078168079789,-0.305555362163633,-0.167826657395328,0.726172755495118,3.92278703254769,-1.58028690596656,1.17800805584479,-0.037992457373652,-1.16238301451781,-0.466477635900487,-0.192589859272896,-0.728501275489362,0.0510141976217214,0.0510694094017551,0.90725587531605,-0.115382978305131,0.0621704808792462,1.30467532522204,-0.835669064732367
comm.and.crime_point_1233,comm.and.crime,regression,0.37,0.0960735723312175,anomaly,-0.224640267159436,0.524070428289996,-0.453822940289352,0.162505164217251,-0.629843707397574,0.927243136822718,-0.544247527234835,-0.533447461928133,-0.478219682404748,0.112378141086133,-0.217794594564951,-0.464125139678079,-0.343626531286471,0.682832724400303,0.328982650250517,0.556798205719072,-1.18354111324217,-0.481197144366448,-0.352113179076581,0.100035968927465,-0.532619661519134,0.223563482083323,0.260319362349526,0.117507306079973,-0.297787026628403,1.49594241985563,-0.4726301518147,-0.798985963523397,-0.35568405855027,-0.450922239783337,-0.917734455370194,-0.757155338364351,-0.247020650967053,0.526629724118384,0.453507363282115,-0.772702590882484,-0.402359601765361,-0.358048053879797,0.153849957336276,0.486441406234567,0.82962191472366,0.527672660139931,0.466906834223718,0.532049694293523,-0.351119333321313,-0.293946934953727,0.667283882053004,-0.537231871548822,-1.25406194254054,-0.494689340990077,-0.333979422149212,-0.0869550913836323,-0.34476848053886,-1.05076564985887,-1.04597692458435,-0.888729441037333,-0.758469577859468,-0.641940381005198,-0.559068725059139,-0.484813844404564,-0.438112633336816,0.370686525614054,-0.366776744657462,0.571774707941,0.514446198157378,0.40046092821602,0.415210582653175,0.348137302479556,0.291252993378632,-0.649009732299257,-0.551774393415093,0.726172755495118,0.0211648118382402,-3.70855272760961,0.331061606670478,3.65280092285772,1.51686139340717,-1.56657896585947,-0.800827005447445,2.16651326084272,0.558365350335113,0.50318915590782,0.472081177754975,1.24757278826182,1.32619130538294,1.55883286645718,1.71457467191344,1.06120832872116,0.962472222891692,-0.0717389230187961,0.00547415598365529,-0.226875569169311,-0.240343763260253,1.03318082040625,0.744132303188673,-0.231517792612544,0.597667758583312,-0.504578098615964,0.281382258310197,1.38968905125976,-0.391348688885798,-0.366110705033174,0.670299999286939,-0.453822940289352,0.0319996393835476,1.23687038115287,-1.04328333075373,0.988978031119698,-0.230075729421995,-2.04469670535644,-0.494689340990077,0.925001184677206,0.0881812846222431,-1.24095793621434,-0.864828255976639,2.89103910980105,0.872638442876987,-0.633170690066098,-0.148565325619854,0.294245875850557,-0.806536111069869,-0.391348688885798,-0.230503261067549,-0.139144981884744,-1.23477909898362,-0.835659608007726,1.13106240044617,-0.465840642700386,-0.203833666554659,-0.69663215719134,-0.44849760935004,0.828366967939835,-0.857736801737663,1.52776353961703,0.100102838577144,1.25229100289144,-2.09902974087097,-0.916721462080286,-0.382231429342107,0.682832724400303,0.682832724400303,-0.33565501485685,1.04923188615163,-0.218005403435109,-1.21607586867302,-0.437625211293547,-0.72849220634674,0.94751679792459,-0.739281849167541,-0.342818397021626,0.590231318380547,-1.01746896013141,-0.150152698858873,-0.4726301518147,-0.530770173602079,0.207993071167575,0.496230246328455,-1.46155861675429,-1.2423133868938,-0.844839901037864,3.05056808247913,3.17248229394089,-0.800827005447445,0.385056113761999,0.589231434646941,-0.468978398668724,0.0512926106647712,-0.212278938005688,-0.121200695287352,0.583283819003517,-0.433845179637909,-0.34476848053886,-0.304397343978269,-0.0603121352022264,-0.123475027790339,-0.0965886105387498,-0.697698254915155,2.76343679273958,-0.123024632053464,-0.655555707317298,-1.23467066795639,-0.453822940289352,0.521950818259281,0.723886084901063,-1.40242760634748,0.0341040200315418,-0.295725241742213,-0.744267573836537,-0.696016939253532,-0.267933252874971,1.71169834202471,0.886358450346385,-0.413719465260767,0.682832724400303,1.67966134986692,0.914832475982277,-0.549162456337422,-1.56531543697313,3.25483413911314,-0.954420599230953,2.51427010245079,-0.483059080444962,-0.56760401811193,-0.818142165740683,-0.499564470154296,-1.08555357022468,-0.381712258954214,0.730278376641099,1.04677335138199,-1.00211120091324,0.722688852699825,0.726172755495118,-0.7440181099252,-0.464125139678079,-0.651533235030286,-0.629843707397574,0.49655784179809,-0.689269589429965,-0.192589859272896,0.141460545004487,-0.786206461289495,-0.985685818113966,0.314329357834215,-0.230075729421995,0.626360521262113,-0.43486269553505,0.727959932947938
comm.and.crime_point_1463,comm.and.crime,regression,0,0.121685340123325,nominal,-0.956456783509466,0.87205458879957,-0.375024355916575,1.13980295105744,-0.393103207388005,0.558450217042117,0.221751815843521,-0.447422857068877,0.359432227001014,-0.932455617038282,-0.818378775954126,-1.35705455270886,-0.499564470154296,-1.56531543697313,1.57084784025982,1.32219010599747,-0.056684368540964,0.922740444692865,-1.3888684065923,-1.29550079100987,-0.472940879485578,1.23235638381255,0.678929691805134,0.545763313982127,-0.00640056520086566,-1.23504806525446,0.550854342883945,0.457291266972696,-0.433845179637909,-1.15122030423583,-1.15208064223734,-1.54724770165264,1.23486352206065,-0.660482479245224,0.568425864029928,-0.328007702771107,-1.20027610690721,-1.36346675467731,1.01271768067076,-1.65100928860312,-1.39339434261216,-1.29912659644998,-1.49380687748304,0.855477256765716,1.38175799306964,1.45063237705275,1.1701425596092,0.82042102382418,-1.84714106722945,-1.23652302704496,-0.333979422149212,-0.739281849167541,-0.230075729421995,2.92023303013018,2.60462329924798,1.9897106092273,1.60087059101434,0.545549359644269,0.329508052938522,0.106554821172549,-0.0548441670278318,0.502921411190013,-0.45780329625955,-0.496562007079367,-0.272093994394233,1.46208613211065,1.3650345617856,0.876396781320006,1.35677176366841,-0.696638653067897,-2.17488650791201,0.726172755495118,-0.37760024144161,0.46618615394114,1.41095174850089,-0.939194285838884,-0.811358043131231,1.91779019138782,-1.00671795787817,-0.790417551201081,0.023664661864365,0.0713024578705468,0.0470055993203757,0.746028405238823,0.848357930562082,0.833861965998727,1.10540245912095,-0.35472235350149,0.588687762606162,-0.279430266030745,-0.286904425214791,-0.226875569169311,-0.370138508391861,-1.90326658079114,-1.84751328714304,-3.12397709381444,-3.28688171935617,0.0435715764808665,-0.8018715291011,-0.662221689003069,-0.391348688885798,-1.14205297583563,0.756333805638724,-0.217427187171022,0.823407774959287,-0.483059080444962,0.91503209899819,0.817785642030109,-0.34476848053886,-0.316872478427771,1.10310629051276,-0.316872478427771,-1.07592843364696,-1.29609933175331,3.71003986462407,-0.752632720582405,0.663768766665756,-0.293946934953727,1.11140862194038,2.06415922862887,1.46497943338397,-0.391348688885798,1.41394576422294,-0.413219819433159,0.00709456412135369,-0.922036947615181,0.543772920206689,-1.32772939830898,0.775426071093047,-0.736908318327921,-0.687872404062027,-0.0212745163166381,-0.575803673781598,2.07582782034464,0.767678290492944,-0.599701730718649,0.690595290266559,0.968220127909451,-0.90374574703244,-1.56531543697313,-1.56531543697313,-0.226042158711328,1.5210653101048,0.921783371523802,0.742239561078903,1.61668345778153,0.131607868330799,0.500862307366285,-0.0434666408647052,-1.53389703851044,-0.286904425214791,-0.362019970307365,-0.150152698858873,-1.08672084863389,-1.19946681437632,-0.419922423015838,-1.00327058516075,-0.548685356986693,-0.153076210305205,-0.363384981726775,-0.62599675589646,-0.720143453672756,-0.7596488149613,-0.424861492610813,-1.47566747692775,0.523566721032782,-0.00616663970913513,-0.105483377924108,-0.35568405855027,2.99884929088174,-0.35568405855027,-0.34476848053886,2.18096542220705e-05,0.756921610960703,-0.335131340202921,1.92342332183512,0.396654485240329,1.26408029267898,-0.420577536957683,-0.814033550969433,-0.864272121234376,-0.453822940289352,-0.315269840651936,0.775426071093047,-0.116389386036903,-0.333979422149212,0.353242987609834,-0.220349445381496,-0.146888892646214,-1.39376619704348,1.45825462820595,-0.483983670212399,0.23524876409128,0.682832724400303,1.84076599441325,2.07335063433556,1.38175799306964,0.682832724400303,-0.333979422149212,-0.242196122550708,-0.400332606464976,0.228635869181726,-0.438232993123054,0.248850401944395,-0.499564470154296,0.531240889564015,2.29158893062824,0.640243746967722,0.798631967738489,0.739278395960782,-0.120957420021899,0.726172755495118,-0.324530007231007,1.26592559806906,-0.346609686551107,-0.708757207400764,0.14466129651896,1.13762442951176,1.3719530937981,-0.421455927079768,-0.786206461289495,0.627044535799378,1.7966456515388,-0.230075729421995,1.44700058000083,0.739325468475985,-0.684350129472983
comm.and.crime_point_1829,comm.and.crime,regression,0.05,0.133901664314529,nominal,-1.38334975138032,1.56802290981872,0.806954409675075,0.10142405253974,-0.550930207394384,-0.343043586866018,4.0517485312353,-0.146336740061482,0.681606038310923,0.669622812085821,0.623023259379894,-1.52447881765213,0.825908010222217,0.682832724400303,1.80966806910777,1.37686095601735,-0.595615855137194,0.922740444692865,-1.96484353298993,-0.98037958715305,-1.96491043032446,1.88807176993655,1.77778180662611,2.09819134262743,0.57637235765421,0.464234903258489,0.294983219209284,1.27660250425276,0.0351215468879261,-0.62599675589646,-1.29268835435763,-1.64600924706368,2.4299314035346,-1.00672353855961,1.31539611889071,-0.0809549871536759,0.623533047702732,-1.56455049483681,2.08630233483886,-0.500074299075133,0.601620247304602,0.356410229834627,-0.0232715937029722,0.0145655943380156,0.688607062513258,0.869105939717259,0.850141582982528,0.35046425234891,-0.601674905382743,-0.494689340990077,-0.241958561604024,-0.739281849167541,1.49031553733097,0.227256913815765,0.423745243452043,0.749003691009788,0.882810539617961,1.6906287524134,1.85278252950594,2.13410453172265,2.15959586053519,-0.99574062533753,0.315922392358201,-0.445688830173635,-0.429402032904556,0.282502572227728,0.22524578682669,0.348137302479556,-0.0639199300512947,0.160681920767624,0.201813374029904,0.726172755495118,0.154086496264857,0.569266126325109,0.00709456412135369,-0.893274333751918,-1.55215513657527,1.53063806280479,-1.04789614836431,-0.741943275593805,2.20702580645325,2.36030195746809,2.38492128071067,2.98018065688672,2.80747476732759,2.32407992805221,2.46432508765804,1.00221121696188,1.81683670354433,-0.487121609042694,-0.189444898148642,-0.226875569169311,1.92290198893323,-1.2670363105317,-1.5166649139092,-1.12917757574417,-1.01669046601492,0.500362972394892,-0.06328940132067,-0.574906338353587,-0.391348688885798,-1.09640931284725,0.928401418342293,0.0977671503200851,-0.363704428404322,-1.07613820513387,-1.04328333075373,-1.75010019431373,-0.230075729421995,-1.12679008480058,-0.551753470686607,-0.100894450061688,-0.758443965028085,0.964697885344563,-0.349350157880785,-0.555677486507623,1.08150811908822,1.69293505927587,0.675263793938761,-0.177731018223659,-0.905297656480906,-0.391348688885798,0.226288134846476,-0.413219819433159,-0.0468999429701671,-0.403772909970454,-0.386102090172486,0.0512926106647712,-0.358453625130612,0.793585804862147,0.461126610555507,3.25591406581547,-1.17994609083031,-0.554880727147895,-1.23504806525446,0.141095362725389,1.27788477050604,-0.998675444253753,0.139282888348225,0.682832724400303,0.682832724400303,-0.0616228744930443,-1.48687276759666,-0.218005403435109,-0.121723128517532,0.0759519559752211,-1.34967559361385,0.0542078168079789,-0.91323565124325,-0.491703227207728,-0.286904425214791,0.894257260188728,-0.36428070280995,1.98373263546205,0.56780287909846,-0.105964675924132,-0.534676575320374,2.23557808530448,-0.351119333321313,-0.801071272009583,-0.976145788122707,-1.01503934364349,0.0227368042754491,-0.640839520976896,0.766222769924772,-2.17836166037687,-0.580759143448198,0.695483322687741,-0.35568405855027,1.54951000775481,-0.199361816374992,-0.34476848053886,-0.956724101762177,0.111737074516285,-0.440959496409212,0.530311644335899,-1.04328333075373,-0.669300457399169,-0.803145557548822,0.242485406711466,-0.123475027790339,0.0189685659473083,-0.838532752471447,1.29082593301289,-0.512093453824773,-0.0579168405136468,1.82817078159176,-0.601380811530617,0.317757916021518,-0.4726301518147,-0.696016939253532,-2.24585211093084,-1.12168480637209,0.682832724400303,1.67966134986692,-0.956619933665339,-0.648184017845477,-1.56531543697313,-0.333979422149212,-0.343942476362171,-0.527054463374357,1.17756246868398,-1.14977363056188,-0.649669655053565,0.825908010222217,-0.252659454575957,-0.533031194213599,1.81069393272161,0.451234030637584,2.06273448958504,1.51946588804812,0.726172755495118,-0.324530007231007,-0.798973669564622,0.751115087973938,-0.629843707397574,0.14466129651896,-0.110010510253322,0.423745243452043,1.31846771390793,0.731255982987085,0.223861947321042,0.857845332192564,-0.34476848053886,-1.27136961457117,-0.695793398648614,-0.93654835490529
comm.and.crime_point_0385,comm.and.crime,regression,0.54,0.020823577111919,anomaly,0.324222120103087,-1.21585037425788,0.806954409675075,0.345748499249786,0.830056042661434,-1.16258340860069,0.0781269390163294,2.52042601057545,-0.220480633356821,0.251689308836056,0.022439077990719,-0.240892786420384,0.825908010222217,0.682832724400303,-0.483006127832491,-0.0992519945195506,-0.791590941172187,-1.04277217999017,-0.236918153797056,1.04539958049792,-0.651977225586244,-0.58347083930006,-0.576901296561691,-0.524876705773258,-0.414341611199418,-0.14265187121042,0.0391120955346223,-0.0889162245473447,0.816732757764318,0.511987598838842,1.80068131228869,1.76126406961708,-0.916258664592466,1.51588989358806,-0.293462891578667,1.05548750468651,-1.20027610690721,2.45712430835324,-1.34916855849906,0.322022122016284,1.05762358214272,0.185147799529322,0.249049755145189,1.04953379424903,-0.994759483123667,-1.16623659095697,-0.932721001080341,-1.21605831923532,-0.127211605631618,-0.551753470686607,1.1383543465738,2.08746743456273,2.75193579961649,0.227256913815765,0.423745243452043,0.500862307366285,0.780230532275621,3.30222197186624,3.46068336588266,3.44356371978626,3.47974280004391,-3.46412515608878,3.86595790483965,1.13137965390405,0.881498288014796,0.518419284204312,1.55499935761209,0.506615146131691,-2.09347949250802,1.63717846459546,1.59305232931298,-1.23321624918318,0.287008180691474,0.414646167749156,-2.26067473372252,0.713923989291892,-0.017646871584048,-1.48054515950769,1.01101337594292,1.8271933315918,0.291015006099739,0.416811816300365,0.259543388537675,0.153294134393461,0.179391205812885,0.108891065540274,0.121355038456154,-0.0597367947051054,1.38965446321801,1.1744091350529,0.102933683049804,0.769139148848317,3.39390910042479,-1.02233236043192,0.358142534415864,0.267182086905024,-0.209511353715802,-0.321861540250354,2.54636745017018,1.86992347983191,2.77099244945852,-1.00512198687049,-2.12579870714607,-0.453822940289352,0.180388664803999,-0.838906555258306,0.281459459960805,-1.00826650825885,-0.34476848053886,0.331061606670478,-2.66312626945821,0.223072592487436,-0.282217262099776,0.303001138876892,0.423866989262996,-0.654155103545014,0.611551347612948,-0.148565325619854,-0.0516442527306052,-0.177731018223659,-0.707774565658833,-0.391348688885798,-0.504578098615964,-0.413219819433159,-0.424861492610813,1.84203791982337,0.739536080286516,0.970640616647273,0.981586015860986,-1.05911760742057,-0.639997445119629,0.403546225811598,-1.05911760742057,0.267215693943522,-0.749538645679329,-1.65798329278156,-0.0435165600327901,-1.73626128381495,1.08749073869428,0.682832724400303,0.682832724400303,-0.445267871002372,-0.189330851725441,-0.914542988132221,0.396654485240329,-0.665881730079667,-0.967408893757168,-1.03761427122343,-0.260908893459341,1.9897106092273,-0.286904425214791,-0.853606712675401,3.3829593663339,-0.165584803405107,-1.15170276860673,-0.890859043653398,-1.23756759008094,0.455475228757665,0.0944776934649314,-0.407153610755056,0.0743013085560334,-0.66116427567861,-0.471401481558287,-0.856817549342979,0.176251652332003,-0.854968167441532,0.85572211589946,-0.212278938005688,-0.121200695287352,-0.168225438914154,-0.199361816374992,-0.230075729421995,-0.695793398648614,0.283786284234797,1.04063469047886,0.112378141086133,2.1245798644332,-0.669300457399169,1.02467942971995,0.453789198247646,-0.388045418306067,-0.375024355916575,0.417298235895379,-1.33771336277832,0.180388664803999,1.32239606766418,0.0582574288134486,-0.553751890761977,-0.653776320283739,-1.44494042177841,-0.611535701313945,0.494832130186732,0.117254540572726,0.188240128898148,-0.293870545825533,-0.243685682371009,-2.3315505634824,-1.56531543697313,-0.149937701058835,-0.59830836089083,-0.653776320283739,-0.127211605631618,-0.438232993123054,-0.200409626554585,4.02263575701263,0.0413031744765323,-0.986987999991752,-0.395154494276104,0.749003691009788,0.251689308836056,-1.05834216749048,2.68556176017342,-0.0623499430471371,-1.30124646439444,-0.224640267159436,-0.629843707397574,-0.609402729079175,-0.956619933665339,0.281514065900134,0.294983219209284,-0.262943549469985,0.281459459960805,-0.0809549871536759,-0.230075729421995,2.06248062405486,0.130487161211004,-0.835669064732367
comm.and.crime_point_1412,comm.and.crime,regression,0.15,0.097887725269695,nominal,-0.102670847767764,0.87205458879957,-0.375024355916575,-0.936954845977958,-0.590386957395979,0.804312163562517,-0.400622650407643,-0.576459764357761,-1.38030635407249,-0.862800033163321,-0.998554030370879,1.43334986301233,-0.343626531286471,0.682832724400303,-0.0531297159061927,-0.755302194758174,-0.889578484189684,0.698110430443375,1.14542214955724,-0.710275698132921,1.19806501745397,0.0722445468239389,-0.00131209356022966,-0.150152698858873,0.0518767270846419,0.342857548364707,-0.216759028140039,0.293429019516684,-0.35568405855027,-0.801071272009583,-0.58964979375619,-0.658393792953314,-0.294823366226011,-0.561556462298257,0.108751861038678,-0.130365530277162,0.167580759050246,-0.307777118839921,-0.436621602456179,-0.171235730638567,-0.367386839226397,-0.499901921691897,-0.350057212320766,-1.020402605573,0.29252081648104,0.578342721049512,1.12442813437682,-0.0150576810207445,2.18579698065512,2.30145301413988,-0.333979422149212,-0.565328047091832,-0.34476848053886,-1.18769663882401,-1.28302888717086,-0.938357717766034,-0.0916995301342629,-0.726761076765874,-0.728321444677741,-0.653776320283739,-0.565868788773144,0.591078001573987,-0.548829847861638,-0.750927891608026,-0.7440181099252,-0.897080987655194,-0.724578192305735,-1.34229302980988,0.900120862115651,-0.649009732299257,0.259781663833366,0.726172755495118,-0.444061083654919,1.13620597443694,0.763017663402644,-0.939194285838884,-1.1288425117501,-0.878308515045191,-1.04789614836431,-0.935840378022907,-0.377360854488696,-0.490150249577908,-0.590607768331523,0.381268853949369,0.22717454329497,0.229719548950016,0.0276362364880784,0.707225658165495,0.108107742239052,-0.850581459313604,-0.286904425214791,-0.226875569169311,-0.672992913698949,0.935299240366342,0.6889909076497,0.865621942326106,0.849911231176784,-0.504578098615964,0.970725577571932,0.822139272038128,-0.391348688885798,-1.46155861675429,1.53063806280479,0.0977671503200851,-0.264778411457355,0.940330818808414,-1.56166094451159,-0.380561081597017,-0.34476848053886,-1.1807845918921,0.133016085671751,-0.478855999702333,1.30520508099459,1.73667742289018,-0.413784920142767,-0.358722252432842,-0.0672751000735523,1.15986915838501,1.01448754905113,0.589231434646941,0.526744751979124,1.31465113574732,-0.230503261067549,0.0435715764808665,0.43905062085352,3.18088668373891,-0.19033893009266,-1.38518864868289,0.723886084901063,-0.777184479464502,-0.304872732522849,1.01043300028051,0.310271871223178,-2.25387999740349,0.464234903258489,-0.388045418306067,-1.36491789057162,0.927243136822718,-0.856335354515137,0.682832724400303,0.682832724400303,0.705667118525611,-0.248310029719587,0.541853779870831,-0.294515666436819,0.475400863850929,1.27840796790085,-1.33538393159564,-0.869747200724323,-0.64058805739383,0.00547415598365529,-1.07208970928342,-0.739004709724335,-1.24024352283868,-1.10393872283714,0.626603400623183,-0.300379570400185,-0.868190997905353,0.243010035727013,-0.363384981726775,1.2998229213479,-0.307289207713733,1.13454794740136,1.6809242839585,0.943214105202603,-0.082988629895916,-1.5001071494307,1.12266556301406,0.347766031238483,-0.543980067872989,-0.199361816374992,-0.115382978305131,-0.956724101762177,-0.447422857068877,1.7814317839229,-0.653833281538438,-0.467308204356106,-0.669300457399169,0.00449804147691576,0.559441094015736,0.141095362725389,-0.375024355916575,-0.733880170107544,0.569266126325109,-0.957260530086126,-0.241958561604024,1.06120832872116,-0.601380811530617,-0.44257322543477,-0.728501275489362,-0.189129511616007,0.0543650200071232,-0.767702135816429,0.682832724400303,-0.0924897401426294,-0.0208937288415306,0.985671747037421,0.682832724400303,-0.333979422149212,0.368282000318073,1.37377339026636,0.465867519057289,-0.632289530606369,0.978897948255237,-0.499564470154296,-0.056684368540964,0.828839223120861,-0.26010254976604,0.252720923722782,0.112378141086133,-1.29268835435763,0.726172755495118,-0.691582097088426,-0.352508963049232,-0.224640267159436,-0.708757207400764,-1.11211207947793,0.558365350335113,0.186693280865528,-0.01206212920031,-0.210617258288034,-0.467308204356106,2.04369836715624,-0.230075729421995,0.369910502906264,0.130487161211004,-0.0790743884354456
comm.and.crime_point_1144,comm.and.crime,regression,0.07,0.150030449463195,nominal,-0.224640267159436,0.176086267780421,-0.296225771543798,2.78899296635025,-0.35364645738641,0.59942720812885,-0.496372568292438,-0.361398252209622,1.39038842319272,1.43583423471039,1.58395794960257,-1.07801411113674,-0.343626531286471,-0.441241356286412,0.663330970637638,0.830152455818498,-0.056684368540964,0.0242203876949048,-0.524905716995868,-0.395154494276104,-0.0551894052506902,0.7783995780344,-0.210617258288034,-0.310748701822181,-0.530896195770433,-0.688849968232438,-0.4726301518147,-1.45443495334745,-0.35568405855027,-0.844839901037864,-0.730257505876477,-0.510251474836759,-0.103612505190179,0.0814626478570313,-0.23600364120476,-0.476239332141566,0.50954497553961,-0.408318988919673,-0.00718774078893893,0.596054262380089,1.68462816754513,-1.24203911968155,-0.404521482090398,0.920162769260154,0.886650185529367,0.966027012606508,0.667283882053004,1.39481263340506,-0.0679036931627271,0.36127260445787,-0.333979422149212,-0.521839596572905,-0.230075729421995,-0.731260008940213,-0.998566532067046,-0.987985994494734,-0.912339588872978,-0.557119685244521,-0.60138190496379,-0.569295082344151,-0.565868788773144,0.41476482080604,-0.366776744657462,0.0630429388836828,0.147394108299959,0.872294352169189,1.49167775900326,-0.391425967897073,0.697164905869978,-0.553751890761977,-0.493806103611632,0.726172755495118,-0.444061083654919,0.620806112517094,0.43905062085352,-0.801434429577986,-0.546787652615503,0.670299999286939,-0.718470624475156,-0.596520448771979,0.736598913158695,0.632755165319001,0.472081177754975,1.06519301261709,1.27840796790085,1.11579509395479,1.10540245912095,0.648228546406218,0.588687762606162,0.914794956287961,-0.286904425214791,-0.226875569169311,-0.413403423435731,1.18000319046612,0.0272941611820292,-0.480867732371328,1.00125731473287,0.134929855663671,-0.851110337619796,-0.356617961729881,-0.391348688885798,-0.366110705033174,-1.05037612774876,-0.296225771543798,-1.05618654703309,0.110020044243945,1.54860473803558,0.532464993547459,-0.34476848053886,0.277067099578957,1.78787584687111,2.05888583359914,0.511493909447407,-0.303554212051806,-0.0271763465708762,-0.851110337619796,0.0893771570848711,0.190658429492517,1.30525076771888,-1.53466458868703,-0.0658245204870952,-0.391348688885798,-0.413219819433159,-0.413219819433159,-1.55874614153275,-0.403772909970454,0.641654500246602,1.08555911739508,0.878506043477017,0.592204999179243,1.37075083046105,-0.688849968232438,0.0283387432671127,1.36334425539874,0.160791516024035,-0.123475027790339,0.592713710226646,-1.94114623924862,-0.0503586817209869,0.682832724400303,0.682832724400303,1.08931211503494,-1.01503934364349,0.795140174306145,-0.467308204356106,-0.209368692507428,0.752791255597911,0.15346437026538,-0.0434666408647052,1.5926843953977,0.492771791314399,1.38584400255676,-0.953132713675412,-0.67732705075443,-0.578534219371668,-1.36179566429096,-0.628395377288449,-0.822547334916973,0.837139404775339,-0.669765384924741,0.0743013085560334,-1.89972701355568,-0.800827005447445,-0.100894450061688,0.176251652332003,0.90955648980559,1.43031461963852,1.33625668317722,-0.199361816374992,-0.436621602456179,0.973054999939597,-0.230075729421995,0.34792941380564,-0.146336740061482,0.670236143756844,0.59996722821086,0.972629611637952,-0.195819457380031,-0.845653115392282,-1.07816329038966,0.511493909447407,-0.217427187171022,-0.105964675924132,0.156946236789233,-0.0669263775634199,-0.149937701058835,0.412240099369111,-0.744267573836537,-0.527054463374357,-0.830849724959226,3.44356371978626,1.27788477050604,0.117254540572726,0.682832724400303,0.99496661054505,-0.689269589429965,0.63909628175923,0.682832724400303,-0.241958561604024,-0.496562007079367,-0.315851368525389,-0.838906555258306,-0.438232993123054,-0.705827158615937,-0.343626531286471,0.433253346546518,1.18191673872609,-1.07041421682643,0.848260244467189,0.878589563710704,-0.917734455370194,0.726172755495118,-0.376966020067782,-0.0734685214771128,0.751115087973938,-0.590386957395979,1.40143467251585,-0.733827980135861,0.945259561142375,-0.779675500224294,0.521950818259281,-0.985685818113966,0.956666418439536,-0.34476848053886,0.0621704808792462,-0.565328047091832,3.14906289709809
comm.and.crime_point_1739,comm.and.crime,regression,0.17,0.598952212489317,anomaly,0.324222120103087,1.22003874930914,-0.375024355916575,-0.99803595765547,-0.472016707391195,0.681381190302317,-0.256997773580451,-0.40441055463925,-0.607089206928712,-0.166244194413711,-0.337911430842786,0.540420449981549,-0.343626531286471,0.682832724400303,-0.0531297159061927,-0.0992519945195506,-0.546622083628446,0.754267934005747,0.511849510519854,-0.620241068459545,0.660955979151975,0.1226841919104,0.0510141976217214,-0.0966206978711041,0.226708603941165,0.889055645386725,-0.165584803405107,-0.362019970307365,-0.35568405855027,-0.669765384924741,-0.495911319009332,-0.460870702131241,0.278809216881485,-0.907797521612643,0.568425864029928,-0.525649875265053,0.794515155947413,-0.91102833931843,0.636963051711922,0.157602837798,0.601620247304602,0.413497706603062,0.303514024914822,-0.050119918156423,-0.00454386804312309,0.190658429492517,-0.384147898291766,0.715986185718564,0.287943781650617,0.475400863850929,-0.241958561604024,-0.260908893459341,-0.34476848053886,0.820624532664704,0.565976421003951,0.15346437026538,-0.0916995301342629,-0.0481955106804643,-0.178250105917284,-0.315851368525389,-0.352941863045931,0.458843115998027,-0.366776744657462,-0.0895765918335127,-0.324530007231007,-0.779122631666902,0.0986025896090331,-1.23664113404179,-0.216136897235549,-0.553751890761977,0.317749953636827,-1.23321624918318,-0.37760024144161,0.517726140133124,-0.640839520976896,-0.847354381664952,-0.123475027790339,-2.12579870714607,-0.553757862530577,0.372965063373531,-0.154568900959218,-0.231018230755544,-0.293054863427304,0.654838517416459,0.370524555741227,0.108891065540274,0.121355038456154,0.176251652332003,0.161505522279842,1.07056346354692,-0.286904425214791,-0.226875569169311,-0.326873593347992,-0.435042880192443,0.799273698727645,0.416792050760294,0.14362950791506,-0.595936377798769,2.30017340757671,2.83039233697622,-0.391348688885798,0.546762554734425,-0.0609873547032339,0.885752994047852,0.823407774959287,-0.00859578069383644,1.14542214955724,0.133016085671751,2.29316479514903,-0.316872478427771,-0.152304562810898,1.57293526977546,0.934806534272571,-0.0278472343569434,0.681606038310923,0.626053917941065,-1.52936283355217,0.869105939717259,1.49909291349738,-0.531713688779321,-0.510251474836759,1.43948039120828,-0.321861540250354,-0.321861540250354,0.655028649219603,-0.360584240166726,1.27788477050604,0.970640616647273,-2.78083297615389,0.43110035463292,-0.639997445119629,-0.688849968232438,-0.173042062415791,-1.48659000438483,-0.81022732312622,2.68097111167637,-0.581865250252313,0.722358181389051,0.660797206038557,0.682832724400303,0.682832724400303,-0.33565501485685,-0.720143453672756,-0.471291797870422,-0.524905716995868,0.133016085671751,-0.250658831525885,2.18822371614211,-0.739281849167541,1.09640162811069,-0.286904425214791,-0.198157722851353,3.3829593663339,-1.08672084863389,0.0901624214025735,0.312645653531477,-0.722114179256525,1.64221046645554,0.985671747037421,0.818368002036808,-1.06368304617927,1.22616942013407,0.146271375733883,0.0610890712128745,0.530234322887664,2.06752579612401,-1.27027014793507,0.481892202524582,0.191443789063205,2.24734003296407,0.113282667975565,-0.230075729421995,-0.43486269553505,-0.576459764357761,0.0352672065190975,0.0427225572111723,-0.870490792834442,-0.51147345739279,-0.293054863427304,-1.76490061288224,0.352751675137971,-0.375024355916575,1.62080293308025,0.930046029669001,-0.264778411457355,-0.241958561604024,0.412240099369111,0.255939762304904,0.106554821172549,-0.882023949694159,1.66945772305492,0.0543650200071232,1.53318522279537,-1.56531543697313,1.27689973850112,1.62776672727661,-0.94524870236964,-1.56531543697313,8.86810663236964,-0.649181537796562,-0.400332606464976,-0.483059080444962,-0.56760401811193,-0.144252122992213,-0.0317506535508209,0.0413031744765323,-0.381712258954214,-0.75529301296961,-1.98055152906875,-1.42004470416301,0.722688852699825,-1.23321624918318,-0.272093994394233,-0.296700874734808,0.324222120103087,-0.629843707397574,-0.659673664119051,-0.956619933665339,-1.28302888717086,-1.13789507336882,-0.0536383847421805,0.339056972600567,-1.21739747899386,-0.000690227188266011,0.780230532275621,-0.608816497610759,-0.785229419645906
comm.and.crime_point_1362,comm.and.crime,regression,0.12,0.372898491586287,nominal,1.17800805584479,0.524070428289996,-0.453822940289352,0.834397392669879,-0.037992457373652,-0.465974560126219,-0.496372568292438,1.14403233282735,0.93934508735885,0.669622812085821,0.562964841240977,-0.0734685214771128,-0.343626531286471,0.682832724400303,-1.19946681437632,-0.809973044778059,0.335265803529022,-1.37971720136441,0.108666922041517,0.640243746967722,0.243204504917087,-1.23918622542406,-1.1001642083812,-1.00666471466318,-0.880559949483478,-0.385406580997984,-1.24024352283868,-1.18133120758743,-0.199361816374992,1.69374058260242,1.61320436279498,1.36621788797293,-0.82065323407455,1.07072281732671,-1.27027014793507,0.0178660990932967,0.908503228110535,1.0998090622766,-0.812376231415014,0.102796409725239,-0.139385171807338,0.584760136908366,0.412442564454086,0.596735206787962,-0.351119333321313,-0.536249617176849,-0.749863300150816,0.141594576137679,-0.601674905382743,-0.551753470686607,-0.333979422149212,-0.521839596572905,-0.34476848053886,0.820624532664704,0.613386813521254,0.302349200451482,0.9853905469603,0.0790355329605499,-0.0513105662033324,-0.146888892646214,-0.0122587818823892,-0.510879378225678,0.179382564955068,0.470028354129537,0.40957417248383,0.282502572227728,-0.0913622062174521,0.876396781320006,-0.622048809726895,0.684600049222664,0.201813374029904,0.726172755495118,-0.37760024144161,-0.616153556090535,-0.424861492610813,0.1628845642483,0.0352672065190975,0.369181677055691,2.69931918587485,0.324490787766255,-0.956619933665339,-0.922036947615181,-0.803145557548822,-1.35133901467553,-1.2063255811676,-1.13966992969373,-1.28442699106498,0.0582574288134486,-0.158881157964898,0.0840295842401654,-0.286904425214791,-0.226875569169311,-0.240343763260253,0.592713710226646,-0.524119794207697,-0.331257768516057,0.547219064064617,-0.321861540250354,-0.654155103545014,-0.662221689003069,-0.391348688885798,0.546762554734425,0.584266192935153,0.176565734692862,1.91159396137593,1.41479411855954,-1.56166094451159,0.874849771726638,-0.34476848053886,0.49304512794504,1.21723454990582,-1.39676262025819,1.72851770581975,0.633849512110727,-0.735958731452675,-0.70339391206371,-1.94710218597463,-0.87547337228922,-0.730091762955347,-1.41667036516848,0.625506297390161,-0.391348688885798,0.409004693212087,-0.0477867027019386,-0.478855999702333,-0.965225617418908,0.152246600047036,0.108751861038678,-0.719233528474505,-1.26049841310347,0.652626446325096,-0.264029226104202,-0.414699029235275,-1.10294500787551,-1.23504806525446,0.246923518931679,0.690595290266559,0.35356526160845,1.08749073869428,0.637869761172835,0.30064753696682,0.870086402743895,0.577398462198459,-2.18097496030879,-0.236918153797056,-0.722945859776196,1.1350579554546,-0.0450487366494222,0.869790820032767,-0.64058805739383,-0.286904425214791,0.0203252737566635,2.09819134262743,0.141460545004487,-0.960646585528377,-0.681553878925593,-0.581535976304412,-0.685616345951833,1.08469330854548,1.2998229213479,1.38736017940446,-0.189330851725441,-1.08907433885046,0.00709456412135369,-0.531713688779321,0.799273698727645,0.913181366273366,-0.639461178332008,1.20753836320251,-0.866055464123419,-0.277522937462631,-0.34476848053886,-0.782770299686468,1.48813075226438,0.0352672065190975,-0.444866529913555,-1.96484353298993,-0.35364645738641,-0.548100210488063,-0.497077863665163,0.987720612375717,-0.453822940289352,-0.00131209356022966,0.517726140133124,-0.165852394510387,-0.333979422149212,-1.18068191813137,0.303568683073544,-0.231370130585801,-0.882023949694159,-0.146888892646214,-0.483983670212399,1.82817078159176,0.682832724400303,-1.05911760742057,-0.466477635900487,-0.549162456337422,0.682832724400303,-0.0579168405136468,-0.954420599230953,-0.653776320283739,1.82994950584177,3.1841557065655,0.866582941130492,-0.187688592418646,-1.03655979871593,-0.432151904040676,-0.0800332904192877,0.252720923722782,0.112378141086133,0.488342665832679,0.726172755495118,0.40957417248383,0.596228538295973,-0.224640267159436,-0.669300457399169,-1.56455049483681,-0.555594417312278,-0.240000251790199,-0.0632363539352424,-0.105964675924132,-0.409710691716343,-1.16798693587037,-0.34476848053886,0.626360521262113,-0.0434666408647052,1.98895106010947
comm.and.crime_point_0652,comm.and.crime,regression,0.15,0.108451728855727,nominal,-1.38334975138032,-0.519882053238727,-0.138628602798245,-0.0207381708152835,-0.629843707397574,0.189657297261516,1.08350107680667,0.62788470367182,-0.284915395618803,0.112378141086133,-0.0376193401481986,-0.743165581250199,-0.109719622984733,0.682832724400303,1.37979165718147,1.10350670591792,-0.840584712680936,0.473480416193885,-0.985685818113966,-0.75529301296961,-0.532619661519134,1.38367531907194,1.09754002126074,1.02755132287205,1.04259069593827,0.585612258152271,0.550854342883945,0.675774263580712,-0.35568405855027,-0.976145788122707,-0.777126743249906,-0.905297656480906,0.66123093895315,-1.05618654703309,1.37285536926462,0.462560987204673,-0.459353637846922,-0.760215534198803,0.959038447962351,-0.0616228744930443,0.0886164956117204,0.0709728459924523,-0.0232715937029722,0.143936619326893,0.837139404775339,0.723724330383386,0.758712732517766,0.82042102382418,-0.245827430569399,0.133016085671751,-0.241958561604024,-0.652304948129686,-0.000690227188266011,0.135969587839005,0.281514065900134,0.401605753908883,0.267330495563925,0.503139011763931,0.583387132366426,0.655682867779868,0.541351225008366,-0.290487902265745,0.315922392358201,0.113916115789414,0.147394108299959,0.223523394233582,0.60517537847966,-0.232948124244939,0.240514004317214,0.255939762304904,-0.0300597851839413,0.726172755495118,-0.37760024144161,0.878506043477017,0.0610890712128745,0.208804516335266,-1.34049882416269,1.01443522469408,-0.7596488149613,-0.596520448771979,1.85055868080609,1.92841525943082,1.91733814443261,1.88590200301836,1.56510799279336,1.67966134986692,1.43341826600921,0.176251652332003,0.802278882769321,-1.57750115985543,-0.286904425214791,-0.226875569169311,0.668219452661009,-0.679746830292226,-0.248412816512834,-0.13177781670903,0.345424285989838,-0.321861540250354,0.182904641272807,-0.531248663028845,-0.391348688885798,-0.868190997905353,-1.69562967538715,-0.0598300184254683,-0.561556462298257,-0.36444325550718,1.203019662197,0.988978031119698,-0.230075729421995,0.223072592487436,-0.494689340990077,1.6809242839585,-0.599701730718649,0.6889909076497,-0.800393493714657,-0.161767018358061,0.193811995190487,-0.0516442527306052,1.15986915838501,-0.826699247575706,1.46497943338397,-0.391348688885798,-0.230503261067549,-0.413219819433159,0.00709456412135369,1.84203791982337,0.788476870306472,-0.00616663970913513,0.620806112517094,-1.22022225196689,-0.44849760935004,-0.324717903551093,1.39772822191086,1.25373139925322,0.646300935599162,0.881892456169426,1.42470714056591,0.312588270521716,-1.42526006472277,0.682832724400303,-1.56531543697313,1.19892497118046,-0.543205919690318,0.22524578682669,0.339056972600567,-0.152304562810898,-0.585142193900484,-0.839101164308632,1.26118687470311,0.699375414281087,0.200393210115953,-0.853606712675401,0.706359316945435,0.44850589341408,0.424510741789694,0.626603400623183,-0.0660825654799971,0.409831565769285,0.985671747037421,-0.976145788122707,-0.801071272009583,-0.779122631666902,-0.7596488149613,-0.424861492610813,0.648228546406218,-0.358695607590779,-1.32772939830898,-0.319074498087268,-0.277522937462631,2.5157361965061,-0.199361816374992,0.572773528396057,0.217464062248858,-0.533447461928133,0.405665753241116,-0.0269330266637888,0.799837073718665,-0.629843707397574,-0.548100210488063,-0.285774072128984,0.776064299963135,0.0977671503200851,0.417298235895379,0.105406250597248,0.823407774959287,-0.241958561604024,-0.000739682945828393,-0.601380811530617,-0.527054463374357,1.57433883758259,2.68323257832997,-1.16915473049179,0.117254540572726,0.660351242786569,2.32407992805221,-0.778386370841756,-0.301608552567286,-1.56531543697313,-0.333979422149212,-0.191322945644976,0.148795440142343,0.762407081401742,-0.050119918156423,0.81042543756812,0.592001101920479,-0.350646997593453,-1.13830693525114,1.36052078435473,-0.0946770133781229,-0.514522113788516,-1.01147293011705,-1.23321624918318,-0.429402032904556,-0.798973669564622,-1.0174414932053,0.593315542651865,1.25062186739623,0.023664661864365,-1.70972241982659,1.67668728705245,0.626603400623183,-0.121723128517532,0.166097728463756,-0.230075729421995,-0.0916995301342629,-0.565328047091832,-0.986987999991752
comm.and.crime_point_0168,comm.and.crime,regression,0.15,0.369833703033996,nominal,1.17800805584479,-1.56383453476745,-0.375024355916575,-0.326143729202842,-0.51147345739279,0.558450217042117,-0.544247527234835,-0.103324437631854,0.0372584156911057,-0.444866529913555,-0.217794594564951,0.763652803239245,-0.499564470154296,-1.56531543697313,-0.674062310910845,-0.864643894797944,0.972184833142749,-0.368882137241703,0.799837073718665,0.280105228274217,-0.114868187284245,-0.533031194213599,-0.629227587743642,-0.739004709724335,-0.414341611199418,-0.870916000573111,-1.24024352283868,-0.689744465219389,-0.277522937462631,0.42445034078228,0.347734953712392,0.625506297390161,-0.58163965777976,-0.314241419930838,-0.695677644196011,0.0672766422167828,-0.687329782173164,-0.0564224436405426,-0.436621602456179,0.322022122016284,-1.05139184148357,0.527672660139931,0.466906834223718,-0.308861968134177,0.143988474218959,-0.0516442527306052,-0.247004622594622,0.193811995190487,-1.19475403007165,-0.951202378562316,-0.333979422149212,-0.608816497610759,-0.34476848053886,-0.731260008940213,0.660797206038557,0.252720923722782,0.9853905469603,-0.641940381005198,-0.347502825535886,-0.44257322543477,-0.352941863045931,0.458843115998027,-0.184723641453285,-0.191322945644976,-0.219657981557459,-0.366268385707879,-0.851221389523392,0.400963250363601,-0.165397908174131,-0.0298337623069365,0.259781663833366,0.726172755495118,-0.178217714801685,-1.54387330754626,0.0610890712128745,-0.250395004534394,-0.22930318399663,0.197114064352121,0.722766042539909,2.79667884373731,-0.822944761547652,-0.792470938203999,-0.760637999705362,-0.667414856007808,-0.680708868864655,-0.736908318327921,-0.628395377288449,0.471237211128387,-0.746256738413588,0.18787525574614,-0.189444898148642,-0.226875569169311,-0.54319816856734,0.837417660326429,-0.524119794207697,-0.580607708274842,1.00125731473287,-0.139144981884744,-0.752632720582405,-0.574906338353587,-0.391348688885798,0.683693543699564,-1.56657896585947,-0.375024355916575,-0.512093453824773,-1.07613820513387,0.108666922041517,0.0759519559752211,-0.34476848053886,-0.424861492610813,0.0188878262786913,-1.1807845918921,-0.123475027790339,-1.13067514513639,-0.220480633356821,-0.161767018358061,-2.83479830987236,0.0452768201586437,-0.10010478917523,1.00221121696188,0.773648615506715,-0.391348688885798,0.500362972394892,0.134929855663671,0.655028649219603,-0.835659608007726,-2.7352600111304,0.625885114403834,0.723886084901063,-0.857736801737663,4.0517485312353,-0.628161290785547,0.0283387432671127,-0.664493583293417,-1.23504806525446,-0.017646871584048,-0.679746830292226,0.722358181389051,0.518566028486648,0.682832724400303,0.682832724400303,-0.0616228744930443,-0.543205919690318,-1.23115098117636,-0.58250322963563,-0.665881730079667,-1.01519223123925,-1.08724254795214,2.34839813767629,-0.590959780665129,-0.286904425214791,0.566532765276704,0.0104433041044344,-0.165584803405107,-0.674062310910845,-0.210617258288034,-0.675254778272487,-0.868190997905353,0.985671747037421,1.69374058260242,0.293144453697438,-0.779122631666902,-0.800827005447445,-1.39676262025819,-0.708705024057152,-1.24095793621434,1.2004776181429,-0.906450078535958,-0.277522937462631,1.01271768067076,-0.043039574199713,-0.000690227188266011,-0.91323565124325,-0.576459764357761,-0.335131340202921,-0.444866529913555,-0.00652810323800724,-0.708757207400764,-0.888160673235742,-0.338600020013028,-0.70552988692494,-0.453822940289352,0.0510141976217214,0.826966057285032,-1.50135362329445,-0.241958561604024,0.530234322887664,0.351197603842184,-0.273610749555595,-0.216759028140039,-0.484813844404564,0.739536080286516,0.23524876409128,0.682832724400303,-0.0924897401426294,-0.466477635900487,-0.202586991059232,-1.56531543697313,-0.333979422149212,-0.496562007079367,0.148795440142343,-1.84714106722945,-0.114805430650861,1.42815797675422,-0.343626531286471,-0.889578484189684,-0.633910484386522,-1.20546616133649,-0.491703227207728,0.251689308836056,0.253996478965534,-1.23321624918318,-0.0623499430471371,0.372996185038278,1.60490102371564,-0.550930207394384,3.06037552883175,0.291015006099739,-0.382231429342107,-0.984372399164023,-1.1001642083812,0.16626443468128,1.4507718496744,-0.34476848053886,-1.47652962925584,0.739325468475985,-0.835669064732367
comm.and.crime_point_1502,comm.and.crime,regression,0.25,0.0845414198307204,anomaly,-1.38334975138032,0.87205458879957,-0.0598300184254683,1.07872183937993,-0.590386957395979,0.35356526160845,0.269626774785918,0.799933913390331,0.166127940215069,0.0427225572111723,-0.217794594564951,-1.02220602282232,-0.499564470154296,-1.56531543697313,0.137926467172162,0.22877310559976,-0.105678140049712,-1.09892968355255,-0.58250322963563,1.27048615468136,-0.174546969317801,-0.0790743884354456,-0.472248714197789,-0.631940707748796,0.110154019370149,0.0394141611302526,-0.319107477609904,-0.198157722851353,-0.121200695287352,-0.232079094641932,0.0196502920983885,0.230460115746014,-1.05966681036934,0.378240698697934,0.0512926106647712,0.166097728463756,-1.02929399866253,0.848454387077221,-0.973413929540229,0.705667118525611,-0.53838808979069,0.641847613676801,0.630299643532615,1.04953379424903,0.143988474218959,0.142197893047893,-0.0184324964327153,0.246029414243294,-1.19475403007165,-1.1223947676519,-0.149937701058835,0.0869987106920766,-0.115382978305131,-0.320467042044794,-0.145179466755593,-0.0450487366494222,-0.0916995301342629,-0.260247250082155,-0.178250105917284,-0.146888892646214,-0.140014937318717,-0.0700964263058121,0.0428427375519358,0.724394238658196,0.829062275178022,1.34412777612236,1.17506976595912,1.56313410381259,-0.419092853481222,0.732228969991304,-0.319901234201248,0.726172755495118,-0.311139399228302,0.775426071093047,-0.26287797133625,-0.434074812882258,-0.864272121234376,1.18650283739765,-0.14197595766913,0.179067960944429,0.38013178751153,0.33043447669291,0.217035830694215,0.518053685682914,0.274957880777056,0.269995710086597,0.215073840424229,-0.295725241742213,1.38965446321801,-0.642890116301655,-0.286904425214791,-0.226875569169311,-0.0240191880409045,0.10330581002708,-1.18581654067537,-0.929697623937139,0.547219064064617,-0.413219819433159,0.773770343497151,-0.70587936432781,-0.391348688885798,-1.14205297583563,0.842367611990508,0.0977671503200851,-0.512093453824773,1.82994950584177,-0.985685818113966,-0.152304562810898,0.114002523928599,-0.856817549342979,0.532464993547459,-0.586845013885375,0.987720612375717,-0.579261189746669,-0.156045871094839,-0.555677486507623,-0.693884128707245,0.481421648160263,-0.681631226510723,1.17920255223971,0.674887070095679,-0.391348688885798,-0.230503261067549,-0.504578098615964,0.00709456412135369,-0.446961579774181,1.22894398048608,-0.0636258900830415,0.826966057285032,-0.777184479464502,0.0302519800739321,1.31387638751496,-1.05911760742057,0.157602837798,-0.81022732312622,-0.22930318399663,0.690595290266559,0.517473225955383,0.044462103313619,0.682832724400303,0.682832724400303,0.924892830816656,-0.0713724957371486,-0.407970199261594,-1.61925845715135,1.27429867960235,-1.34967559361385,0.500862307366285,1.0872330726274,0.94751679792459,-0.189444898148642,0.839636511036724,-0.685472708736566,-0.01206212920031,-0.578534219371668,-0.158290967106083,1.33969946404113,-0.959478323882113,-2.3315505634824,1.64997195357414,-0.0132359495005283,0.40046092821602,-0.224332338641419,0.763017663402644,-0.767702135816429,-2.01293747375996,-2.01724040279586,0.909074442850902,-0.277522937462631,-0.00718774078893893,-0.433845179637909,0.114002523928599,-0.739281849167541,0.197761679375541,2.57514295547008,-0.0965886105387498,-1.04328333075373,-0.235276207381626,-0.378069979114223,0.136833510943376,-1.02301435554381,-0.453822940289352,-0.315269840651936,0.930046029669001,0.0814626478570313,-0.0579168405136468,-1.94764437100197,-0.744267573836537,-0.611535701313945,1.88138418599218,-0.527054463374357,0.396950550146819,-1.12168480637209,0.6153882795591,-0.978565285147405,-0.600152808018174,-1.29182416764783,-1.56531543697313,-0.333979422149212,0.26653564650661,-0.696016939253532,0.643791256463961,-1.8613142680007,-0.144252122992213,-0.109719622984733,-0.056684368540964,-0.129514033521907,-0.98037958715305,-0.739844610851231,2.20204565733496,-0.0740881826484698,-1.23321624918318,-0.219657981557459,-0.0176604331626889,-1.38334975138032,-0.669300457399169,-0.5591317940393,0.335573396805634,0.139282888348225,-0.626152826019497,3.39989683326659,-0.58250322963563,-0.328007702771107,-0.115382978305131,0.421200506577434,0.956767721070621,0.677520287861476
comm.and.crime_point_1248,comm.and.crime,regression,0.11,0.34982590986431,nominal,-1.20039562229281,0.524070428289996,0.255364319065638,0.0403429408622278,-0.195819457380031,0.189657297261516,0.41325165161311,-0.0172998327725985,-0.349350157880785,0.321344892711017,0.022439077990719,-0.408317051363656,0.280125224184829,0.682832724400303,0.806623107946404,0.720810755778727,-0.791590941172187,0.473480416193885,-0.352113179076581,-0.620241068459545,-0.413262097452023,0.879278868207322,0.731255982987085,0.706359316945435,0.284985896226672,0.403546225811598,-0.216759028140039,-0.0342954753953406,-0.199361816374992,-0.713534013953022,0.113388766845247,0.0823177976294598,0.326611932140444,-0.215315402983871,0.740803615151647,1.05548750468651,-0.516347673928482,-0.0564224436405426,0.261208422753086,-0.171235730638567,0.487619413595073,-0.442814444923462,-0.295592942551133,0.143936619326893,0.441053158743122,0.33604003882639,0.347282905426335,0.872638442876987,-0.00859578069383644,0.0188878262786913,-0.0579168405136468,-0.0434666408647052,0.458080777279193,0.455475228757665,0.803028383590466,0.699375414281087,0.780230532275621,1.09688388208866,1.30271119074548,1.16257029541739,1.13754661704456,-0.599035968609651,0.725541874567598,0.012169761977951,-0.0623499430471371,-0.0123933177430025,0.0352809910002048,0.0311816151752862,-0.165397908174131,0.0177951584617036,0.259781663833366,0.726172755495118,0.154086496264857,0.00232627821327909,-0.20888346424473,-0.52591471705619,0.141095362725389,0.111080258000336,-0.553757862530577,0.663810717017184,1.04850764809996,0.97826452374882,0.939664314033033,0.654838517416459,0.943924605526253,0.99496661054505,1.10540245912095,0.0582574288134486,0.962472222891692,1.07056346354692,0.102933683049804,0.669537677046554,0.971073857968097,-0.973391570411965,0.137576952259974,-0.0320378408055168,-1.21848524408969,0.500362972394892,-0.506438677988928,-0.138329585106176,3.7696264931462,-0.457398031009934,-0.147021161055019,-0.0598300184254683,0.180388664803999,0.762407081401742,0.223861947321042,1.67374758747806,-0.34476848053886,0.601034142128082,-1.17945889734843,1.41095174850089,1.41103323720088,1.62639463181223,-0.091611108832858,-0.900349146138491,-0.954971223971284,0.481421648160263,-2.08698678340483,-0.472716577020044,1.16869479715086,-0.391348688885798,0.226288134846476,0.226288134846476,0.43905062085352,-0.274206900559272,0.788476870306472,-0.695677644196011,0.569266126325109,-0.857736801737663,-0.639997445119629,-1.23504806525446,-0.454975190371856,0.267215693943522,-0.506783935891765,0.194009440828534,0.0543650200071232,-0.0562046492588845,-0.90374574703244,-1.56531543697313,0.682832724400303,0.705667118525611,-0.484226741696171,0.351888984044347,-0.179320641157294,-0.266432822203958,-0.680708868864655,-0.293190120292925,0.478394765362422,1.5926843953977,-0.286904425214791,1.33122325340476,-0.578408706761027,2.8536944559559,0.615566924868049,0.94056114771489,-0.862692382208638,-0.503041693998314,1.43126877382367,-0.363384981726775,-0.275847723670213,0.223523394233582,-0.965539767392024,-0.532850506793854,-0.94469347109426,-0.248412816512834,-1.90232190204804,-2.18799679951492,-0.277522937462631,-0.275583904330964,-0.277522937462631,-0.230075729421995,-0.739281849167541,-0.318385949779994,-1.23467066795639,0.321344892711017,1.77899478859462,-0.708757207400764,-0.378069979114223,0.929222729204051,0.82897837806628,-0.138628602798245,-0.105964675924132,0.826966057285032,-0.512093453824773,-0.241958561604024,-0.531713688779321,3.87573774072154,0.57120162984028,-0.4726301518147,-0.738257558223326,1.57152951062578,-0.708705024057152,0.682832724400303,-0.65635599605476,-0.377360854488696,1.48077955457769,-1.56531543697313,-0.149937701058835,-0.0387034149277808,-0.611535701313945,0.643791256463961,-1.92599978049514,0.192692898382022,-0.499564470154296,0.727215975599007,-0.835669064732367,1.00038226566123,0.798631967738489,-2.04694495903766,-1.43329606647791,-1.23321624918318,0.304702146810281,0.540420449981549,-0.224640267159436,3.07909079275234,-0.307777118839921,1.62776672727661,0.186693280865528,-0.0632363539352424,-0.52457500537974,0.454251997880092,2.14251945340321,-0.230075729421995,0.421200506577434,-0.0869550913836323,-0.785229419645906
comm.and.crime_point_0747,comm.and.crime,regression,0.02,0.064070181118945,nominal,0.56816095888643,-0.519882053238727,-0.375024355916575,-0.326143729202842,-0.708757207400764,0.927243136822718,-0.639997445119629,-0.576459764357761,0.166127940215069,-0.0269330266637888,-0.0976777582871161,0.038147655151735,-0.499564470154296,-1.56531543697313,-0.912882539758789,-0.263264544579206,3.47086718008891,0.13653539481965,0.281459459960805,0.0550186540907768,-1.7858740842238,-0.835669064732367,-0.943185334835349,-1.11372871663872,-1.63816474919508,-0.506783935891765,-1.44494042177841,-0.744365214371393,-0.277522937462631,0.336913082725718,1.37885817592783,0.230460115746014,-0.486034227261844,-0.413167436877806,0.108751861038678,-1.41503965148781,0.45255093945805,-0.00615150860066679,-0.436621602456179,-1.10294500787551,-0.139385171807338,-0.956601735839376,-1.00362844955635,0.143936619326893,0.540074720251176,0.77218486682801,0.804427157750147,0.35046425234891,1.23687038115287,0.475400863850929,-0.333979422149212,-0.652304948129686,-0.34476848053886,-0.822547334916973,-1.23561849465356,-1.28575565486694,-1.06620959988649,-0.726761076765874,-0.728321444677741,-0.738257558223326,-0.736210329354915,0.238451640038094,-0.503316572060594,-0.191322945644976,-0.272093994394233,-0.307289207713733,0.161924188217862,-0.814033550969433,0.291252993378632,-0.458494049224697,-0.203964654594325,0.726172755495118,-0.311139399228302,-0.564613569898551,0.00709456412135369,-0.709594525404054,1.41103323720088,0.928401418342293,-0.471401481558287,-0.305674795128326,-0.912061542959443,-0.922036947615181,-0.930668231079202,-1.16895923903081,-1.15854224368551,-1.17994609083031,-1.37814579303305,-0.767702135816429,0.108107742239052,0.55133510601705,-0.286904425214791,-0.226875569169311,-0.802787658830557,1.13106240044617,-0.193271420973861,0.516532026663808,0.749013842139396,-0.321861540250354,-0.506438677988928,-0.662221689003069,-0.391348688885798,-0.00096140112613429,-1.05037612774876,-0.453822940289352,0.971796800379738,-0.00859578069383644,0.339056972600567,0.0188878262786913,-0.34476848053886,0.817012170494165,0.589529123243989,0.547039635036561,0.82897837806628,-0.358695607590779,-0.54265444466673,-0.112528209839365,0.298246833296102,0.142197893047893,-1.74776302829246,0.353242987609834,-0.411489929425723,-0.391348688885798,0.0435715764808665,-0.139144981884744,0.763017663402644,-0.0150748817369079,-0.239279720112616,0.798262865525553,0.260026209173202,-1.26049841310347,-0.639997445119629,-0.0212745163166381,1.15607125509137,-0.00681644642028318,-1.23504806525446,0.987720612375717,-1.2670363105317,-0.343043586866018,0.091872495830922,-1.56531543697313,0.682832724400303,-1.26736429209379,-0.543205919690318,0.795140174306145,-0.640100742275393,-0.608817600383137,-1.11075890620342,-0.392446673750327,-0.608816497610759,0.401605753908883,-0.286904425214791,2.09591374153282,3.3829593663339,0.550854342883945,0.185690512941751,3.13826537735683,1.10540245912095,0.318544239792525,-0.549162456337422,-0.275847723670213,0.687062114951965,0.0465858602511433,0.0227368042754491,0.115083578304395,-1.12168480637209,-1.57180630944818,0.568425864029928,0.802278882769321,-0.433845179637909,0.529604586295112,-0.199361816374992,-0.115382978305131,-0.521839596572905,-0.533447461928133,0.82897837806628,0.0427225572111723,0.339056972600567,3.07909079275234,0.344558504224595,0.295311354595511,1.30520508099459,-0.375024355916575,-0.890859043653398,-0.66769354228252,-0.413167436877806,-0.333979422149212,0.353242987609834,-0.506122969993337,-0.484813844404564,0.346157443944216,-0.611535701313945,-1.12021394047183,-0.708705024057152,0.682832724400303,0.551928838042662,-1.00117832437123,1.53029033533172,0.682832724400303,-0.149937701058835,-0.191322945644976,-0.569295082344151,-0.00859578069383644,-0.955717093078561,-0.200409626554585,0.124187285317004,-0.00769059703221596,-1.54182409594283,-0.75529301296961,0.500862307366285,-0.305555362163633,0.535211903206109,0.726172755495118,-0.796454122761974,1.87981456952772,-1.38334975138032,1.8559315427029,0.044119426439209,0.825715694570486,1.22972191624619,-0.728501275489362,0.364971944713428,0.569447023159616,-1.46445019461129,0.458080777279193,0.421200506577434,-0.304397343978269,-1.08786729016467
comm.and.crime_point_1234,comm.and.crime,regression,0.15,0.297797954508605,nominal,0.934069217061446,0.524070428289996,-0.0598300184254683,-0.6315492875904,-0.51147345739279,0.59942720812885,0.126001897958727,-0.40441055463925,-0.284915395618803,0.112378141086133,-0.0376193401481986,0.540420449981549,0.0462183158830917,0.682832724400303,-0.626298265141257,-0.755302194758174,-0.742597169663439,-0.481197144366448,0.569447023159616,1.04539958049792,0.123846940849976,-0.58347083930006,-0.629227587743642,-0.739004709724335,-0.414341611199418,0.52492358070538,-0.574978601284565,-1.23595195673943,-0.043039574199713,0.249375824669157,1.75381207491527,1.95878716043915,-1.1074695256283,1.26857485122064,-0.523299893074292,1.4507718496744,-0.744323818254725,1.65278934771523,-1.24181009308225,0.157602837798,0.259617746176014,0.0138853692240173,0.0856569458362924,-0.308861968134177,-0.846227140861585,-0.633170690066098,-1.29843640293939,-0.537231871548822,-0.660982817851633,-0.437625211293547,0.0341040200315418,0.521883215881349,-0.115382978305131,-0.503041693998314,-0.571872999411319,-0.293190120292925,0.164750488221586,-0.345067945842831,-0.347502825535886,-0.231370130585801,-0.0548441670278318,-1.26021039648945,0.270409116557157,-0.445688830173635,-0.48183804574133,-0.543205919690318,0.288567385435518,-0.285774072128984,-1.78904555813951,-0.363236207687417,1.01336943127836,-1.23321624918318,-0.111756872588377,0.208486222981217,-1.93670769117339,-0.479994764969224,-0.546787652615503,-2.12579870714607,0.722766042539909,0.469913614588082,0.201898224687947,0.0713024578705468,-0.0805170742100041,-0.576224968185445,-0.346225506490056,-0.374422868098694,-0.347238971384223,0.117254540572726,0.108107742239052,1.84940599984173,0.00547415598365529,-0.226875569169311,-0.0672841030847741,0.543772920206689,0.46842532549381,1.01523190618138,-0.00771657564102366,-0.413219819433159,1.21691962016541,-0.400275637054622,-0.391348688885798,-0.366110705033174,-0.491156386462159,-0.217427187171022,-0.0174633690899362,0.465867519057289,0.0510694094017551,-0.323496951900488,0.228695275045463,-0.20888346424473,-2.03542084279638,0.277067099578957,0.194009440828534,-1.07553374959742,-0.92926301823862,-0.0140505928019747,-1.37271057639375,-1.84468410118171,-2.03852624696021,1.4741881110361,0.181079343040496,-0.391348688885798,-0.504578098615964,0.134929855663671,0.601034142128082,-0.14464089114809,0.0543650200071232,0.108751861038678,0.105406250597248,-0.454975190371856,-0.0654979378108623,0.949744322833616,-0.736908318327921,-1.48659000438483,-0.264029226104202,0.564407987550553,-0.777628410332139,0.845289154649251,0.186693280865528,0.682832724400303,0.390573463421757,-0.883719295584461,1.58004448809894,1.30171296317677,0.454251997880092,1.16017042020929,-1.06297556872134,0.500862307366285,-0.478351146053977,-0.888729441037333,-0.286904425214791,1.71356849746879,-0.578408706761027,-0.0632363539352424,1.28426356564229,-0.52457500537974,-0.394098372368261,-0.503041693998314,0.0449669127109041,0.249375824669157,2.74418767928116,-0.897080987655194,-0.800827005447445,0.49304512794504,0.648228546406218,0.799273698727645,0.625885114403834,0.00131218215747174,0.269604910150844,-0.919734696831824,-0.35568405855027,-0.230075729421995,-0.739281849167541,-0.275373647350366,2.68097111167637,0.112378141086133,0.91503209899819,-0.629843707397574,0.00449804147691576,-0.0216443327087585,0.723150221859989,-0.375024355916575,-0.629227587743642,-1.23463339039435,0.72448175801232,-0.149937701058835,0.353242987609834,-0.125091603844216,-0.696016939253532,1.47199038811273,-0.358091987495182,1.13106240044617,-0.708705024057152,-1.56531543697313,-0.454975190371856,-0.733827980135861,0.63909628175923,0.682832724400303,-0.241958561604024,0.113916115789414,0.23327667808193,-0.542366992913852,-0.114805430650861,-0.368882137241703,-0.187688592418646,-0.546622083628446,0.374882417342708,0.46017448762097,-1.53389703851044,0.878589563710704,-0.823995980623335,-1.23321624918318,-0.691582097088426,0.707844714924821,0.324222120103087,0.869512792663029,-0.860757404278554,0.246456615393843,-1.23561849465356,1.62551306231752,-0.733880170107544,0.569447023159616,1.10489804781,-0.34476848053886,-2.04071966963871,-0.347885794497196,1.33323567398548
comm.and.crime_point_0424,comm.and.crime,regression,0.66,0.0211594035942267,anomaly,-0.468579105942779,-0.867866213748302,-0.0598300184254683,-0.6315492875904,-0.116905957376842,0.47649623486865,-0.639997445119629,-0.576459764357761,-0.284915395618803,0.112378141086133,-0.157736176426034,0.149763831780583,0.0462183158830917,0.682832724400303,-0.960646585528377,-0.809973044778059,-0.889578484189684,-1.04277217999017,0.68464204843914,0.730278376641099,-0.413262097452023,-0.986987999991752,-0.943185334835349,-1.00666471466318,-0.764005364912463,-0.567472613338656,-1.18906929810375,0.184187521212675,0.191443789063205,0.94967388912165,1.3319889385544,1.36621788797293,-1.05966681036934,0.625555741065352,-0.638218393822105,-0.0809549871536759,-0.915305926499407,0.697641581957593,-1.02709316224863,2.24024710456292,0.259617746176014,1.44107228843489,1.82851357846452,0.27330764431577,-1.2423133868938,-1.21469712740159,-1.57272295433368,-1.0594060620769,-0.0679036931627271,-0.0952404331143684,0.12612488057673,1.13072152314633,-0.34476848053886,-0.137892390091274,-0.477052214376713,-0.739844610851231,-0.655889570517129,-0.726761076765874,-0.728321444677741,-0.738257558223326,-0.736210329354915,0.811469477533919,-0.594343123662683,0.368282000318073,0.0425220826264111,-0.602185097684464,-0.281327002043937,-0.444251915781118,-0.723526787849732,0.0654240792303436,1.41914745990259,-1.23321624918318,0.0876256540515485,-0.564613569898551,-0.856817549342979,2.96400164155323,0.881892456169426,-2.12579870714607,0.969835185456777,0.421439338980806,-0.956619933665339,-0.922036947615181,-0.930668231079202,-1.03217440729726,-1.06297556872134,-1.01884144628399,-1.14384878811286,-0.0597367947051054,-1.2268367587807,-0.227507430277758,0.00547415598365529,-0.226875569169311,-0.889317488918297,0.788476870306472,0.0824355567210018,0.416792050760294,0.244526896952449,-0.230503261067549,0.182904641272807,0.996769973337092,-0.391348688885798,1.36834848852526,-0.706240902341621,-0.296225771543798,-0.611019470771741,-1.4912935924161,1.31821468747653,-0.665881730079667,0.458080777279193,-0.370866985519292,0.0188878262786913,-1.12679008480058,0.0352672065190975,-1.46152351837023,1.32595366093074,3.77733766313757,-0.223927357231975,-0.293946934953727,-0.487789080732225,-0.649707912297875,2.20569102396674,-0.391348688885798,-0.321861540250354,-0.321861540250354,-1.66673515571579,-0.101452221344363,-1.46279947061153,0.85572211589946,0.517726140133124,2.32407992805221,-0.592122486177232,0.403546225811598,-1.26049841310347,-0.554880727147895,-0.324717903551093,-0.22930318399663,-2.49055606103062,0.435519243781917,1.4193634863154,0.6153882795591,-1.56531543697313,-0.00681644642028318,-0.602185097684464,-0.724578192305735,-0.409710691716343,-0.951202378562316,-0.29844216900797,-0.0450487366494222,-0.608816497610759,1.09640162811069,-0.286904425214791,2.42363823644484,0.545763313982127,-0.4726301518147,-1.05617467706755,-0.210617258288034,-1.1907081890969,-0.137892390091274,0.0944776934649314,1.16851703426305,-0.801071272009583,-0.130351673731295,-0.718470624475156,1.46494625559241,1.35619388751754,-1.07553374959742,0.625885114403834,0.802278882769321,-0.35568405855027,1.60318924046321,-0.277522937462631,-0.000690227188266011,-0.173931992421487,0.111737074516285,-0.493873574512357,-0.584177697663477,0.281459459960805,-0.116905957376842,-0.760637999705362,0.0311816151752862,-0.176389105893484,-0.453822940289352,2.40569730080952,-0.925393473242442,-1.05618654703309,-0.241958561604024,-1.12168480637209,0.351197603842184,1.71169834202471,1.47199038811273,-0.696016939253532,-0.141398140072703,0.353242987609834,-0.0365746872391946,2.32407992805221,-0.867503152253548,-3.02470149403878,-1.56531543697313,-0.149937701058835,0.775267415563927,-0.696016939253532,2.9567998427507,-0.438232993123054,0.36116540906914,-0.187688592418646,-1.42850997078591,-0.734789774559444,1.27048615468136,0.15346437026538,0.321344892711017,-0.214695894768757,0.726172755495118,-0.586710071414878,-1.35705455270886,1.48293160432397,-0.4325599573896,-0.358048053879797,-0.377360854488696,-0.998566532067046,-0.626152826019497,2.40569730080952,0.68464204843914,1.20371913405697,-0.34476848053886,1.03668055063147,1.52211757781668,0.324442772256246
comm.and.crime_point_0817,comm.and.crime,regression,0.12,0.163167236768911,nominal,0.324222120103087,-0.171897892729153,-0.375024355916575,-1.36452262772054,-0.274732957383221,0.47649623486865,-0.11337289675326,-0.447422857068877,-1.18700206728655,0.182033724961094,-0.337911430842786,0.652036626610397,-0.265657561852559,0.682832724400303,-0.0531297159061927,0.666139905758843,-0.791590941172187,0.0242203876949048,-0.0641256158777693,-0.935362272316362,0.123846940849976,0.0218049017374774,0.207993071167575,0.0639753050922037,0.751204234510732,2.95247067858102,-0.165584803405107,0.621153514428708,-0.433845179637909,-1.06368304617927,-0.261565132142186,0.329221661157051,-0.58163965777976,-0.413167436877806,0.798262865525553,-0.130365530277162,-0.630335746091604,-0.156964313720294,-0.275583904330964,0.815279974671134,0.202617329321249,0.299322753066192,0.52137110399335,-0.891031580584123,0.193499254972986,0.239118965937142,0.575855031588241,0.246029414243294,0.287943781650617,0.30420847476134,-0.333979422149212,-0.478351146053977,-0.230075729421995,0.0446822618622457,0.423745243452043,0.649747137552387,0.472490510248604,-0.345067945842831,-0.262876465726585,-0.273610749555595,-0.310356477900488,0.458843115998027,-0.45780329625955,-0.700054714702294,-0.796454122761974,-1.25095605562007,-0.281327002043937,-1.44794492557797,-0.469831842542641,-0.601380811530617,1.59305232931298,-1.23321624918318,-0.311139399228302,0.105406250597248,-0.910812056434499,0.116964612161334,-1.816725527091,0.111080258000336,-0.718470624475156,-0.887366102415632,-0.110010510253322,-0.231018230755544,-0.335562421270764,1.06519301261709,0.705007918115826,0.471376515769501,0.589949048296531,-0.649707912297875,0.695483322687741,1.43402331381783,-0.286904425214791,-0.226875569169311,-0.413403423435731,-0.973391570411965,0.247859743337919,-0.580607708274842,-0.411306131790581,-0.504578098615964,0.921486769053237,0.298247168141235,-0.391348688885798,0.683693543699564,0.455215483407476,-0.375024355916575,-0.0669263775634199,1.35548620609065,-1.15847835603325,0.817785642030109,1.14623728398038,0.00709456412135369,0.133016085671751,-0.100894450061688,0.194009440828534,-2.01293747375996,-0.220480633356821,-0.112528209839365,0.611551347612948,0.966027012606508,0.869105939717259,-0.531713688779321,-0.21396683860365,3.7696264931462,-0.230503261067549,-0.230503261067549,1.24896822722633,-0.317395570362999,-0.679746830292226,1.14301836776899,0.46618615394114,1.03524277168163,-0.544247527234835,1.55663109730253,-0.495251351508437,2.40466638878121,-0.385406580997984,1.1993769247883,-1.07127315045188,0.681381190302317,0.328924458417437,0.682832724400303,0.682832724400303,0.267215693943522,-0.307289207713733,-0.15468380482628,-0.58250322963563,0.24714434506481,-0.871842218792997,1.19565818156809,0.173975611729931,-0.789472887579932,-0.286904425214791,3.35219097202891,-0.0430886968833349,-1.64963732071814,-0.626298265141257,-0.733880170107544,-0.581535976304412,0.683693543699564,-0.351119333321313,-1.19498893326411,0.249375824669157,-0.0713724957371486,-0.224332338641419,0.601034142128082,-0.531713688779321,0.523566721032782,-1.15535164718726,1.17606334305485,1.36386060537779,-0.382942369747774,-0.199361816374992,-0.34476848053886,-0.217420442940414,-0.576459764357761,0.405665753241116,0.321344892711017,-0.00652810323800724,-0.669300457399169,1.78981547090223,-0.444251915781118,-1.76381144898785,-0.375024355916575,0.678929691805134,0.981586015860986,-0.709945487718708,-0.333979422149212,-0.826699247575706,-0.363236207687417,1.92290143687368,0.243808994474351,-0.653776320283739,0.886358450346385,1.4741881110361,0.682832724400303,-0.253594384688952,1.6723251179825,0.0944776934649314,-1.56531543697313,-0.333979422149212,0.978760123186855,-0.358091987495182,0.465867519057289,1.30827584422678,0.58579542331863,-0.265657561852559,-0.44863454061095,-0.734789774559444,-0.890344957479674,-1.68278186869654,0.182033724961094,-0.636519031129619,0.726172755495118,-0.324530007231007,0.763652803239245,1.17800805584479,1.02733979266941,-0.257506183800045,-0.956619933665339,-0.90374574703244,-0.216759028140039,-0.52457500537974,-1.10088084339349,-0.970344763376429,-0.230075729421995,0.523780513919773,-0.91323565124325,-0.734789774559444
comm.and.crime_point_0709,comm.and.crime,regression,0.36,0.0801754605103819,anomaly,-1.0174414932053,-0.519882053238727,-0.296225771543798,-0.936954845977958,0.317118292640701,0.107703315088049,-0.496372568292438,-0.447422857068877,-0.0271763465708762,-0.584177697663477,0.142555914268554,1.71239030458445,-0.187688592418646,0.682832724400303,0.281218604480928,-1.0286564448576,0.874197290125252,0.978897948255237,0.972629611637952,-0.620241068459545,1.55613770965531,0.627080642775015,1.77778180662611,2.1517233436152,-0.589173488055941,0.828366967939835,-0.523804376549633,0.5119120161247,-0.277522937462631,-0.232079094641932,-0.823995980623335,-1.00405920189194,1.66508795939127,-1.00672353855961,-1.09789239681336,-1.41503965148781,1.70641973325238,-1.21265394955768,1.76422693858843,0.0479899816524777,0.259617746176014,0.413497706603062,0.303514024914822,-1.47320119303407,-0.499651675583395,-0.536249617176849,0.484426181123479,-1.37271057639375,-0.720290730320524,-0.837074119169256,-0.149937701058835,0.434906314843494,-0.230075729421995,0.135969587839005,-0.240000251790199,-0.491703227207728,-0.55330956317479,-0.345067945842831,-0.432129185345187,-0.484813844404564,-0.480698018482259,0.546999706382,-0.503316572060594,-0.750927891608026,-0.796454122761974,-1.30993523361422,-1.48443737561168,-0.919685446737523,0.291252993378632,-0.410865128456057,0.0858767944229815,0.726172755495118,-0.244678557014993,-0.255373652746643,0.331061606670478,-0.250395004534394,-0.970100277440667,-0.147021161055019,-0.512579672044432,-0.741943275593805,0.023664661864365,0.33043447669291,0.897156756189573,0.10769919048228,0.0360411933666282,0.310271871223178,0.0744956374721161,1.00221121696188,-0.212278938005688,-0.850581459313604,-0.189444898148642,-0.127274097367549,-0.413403423435731,-1.9522073708111,-0.248412816512834,-0.580607708274842,-0.966241771496221,-0.413219819433159,0.182904641272807,-0.31296028640514,-0.391348688885798,0.592406217722805,-1.56657896585947,-0.375024355916575,-0.462630445351289,-1.01683029266498,-1.27367338131278,-0.209368692507428,-0.230075729421995,-1.39676262025819,-0.0381763034178386,-0.424861492610813,-1.02301435554381,0.413283929954837,-0.54265444466673,2.44788983313279,1.39481263340506,1.20832969482963,0.0937373566032682,-0.531713688779321,-0.115205293192613,-0.391348688885798,-0.321861540250354,-0.321861540250354,0.655028649219603,1.32377388217864,-1.12021394047183,-1.09789239681336,0.105406250597248,-0.0924897401426294,-0.592122486177232,-0.506783935891765,-1.17994609083031,0.0479899816524777,2.16351787177143,-0.176389105893484,0.152246600047036,-0.834767479906819,0.945259561142375,0.682832724400303,-1.56531543697313,0.322022122016284,-0.720143453672756,-0.787899790914564,-0.928088305474204,0.30420847476134,-0.394008843972142,-0.293190120292925,-0.260908893459341,0.550490584094985,0.687690845446696,-0.143536973699349,-0.631940707748796,-0.882023949694159,-1.2949949059155,0.155666779985624,-0.675254778272487,-0.503041693998314,0.985671747037421,-0.144541836585371,1.2998229213479,-0.425247563702025,-0.553757862530577,-0.910812056434499,2.06415922862887,-1.13067514513639,0.338588862534303,-0.692858958372798,-0.433845179637909,-0.543980067872989,-0.35568405855027,-0.34476848053886,-0.347885794497196,-0.318385949779994,-2.13420999570987,-0.79314444928836,0.0510694094017551,-0.629843707397574,3.10754976404949,-0.180122176360894,-0.123475027790339,-0.453822940289352,0.103340488803673,0.363106181557171,0.279314681750966,-0.333979422149212,-0.826699247575706,2.1610965930505,-0.315851368525389,0.0391120955346223,3.44356371978626,1.13106240044617,-1.3576732534092,0.682832724400303,-1.05911760742057,-0.956619933665339,1.28273643156158,0.682832724400303,1.23037520711899,-0.59830836089083,-0.696016939253532,0.287943781650617,0.27330764431577,-1.15508718711492,-0.187688592418646,0.923191061634,0.223563482083323,1.27048615468136,0.848260244467189,-0.584177697663477,-0.636519031129619,-1.23321624918318,-0.324530007231007,0.038147655151735,0.812099797669774,3.23691779275872,-1.26292488459756,0.023664661864365,-0.761514569480531,-1.18906929810375,-0.629227587743642,-1.10088084339349,-0.970344763376429,-0.34476848053886,0.0621704808792462,-0.173931992421487,-0.331272613867753
comm.and.crime_point_1360,comm.and.crime,regression,0.16,0.224128427318835,anomaly,1.5439163140198,0.524070428289996,-0.375024355916575,-1.181279292688,-0.037992457373652,0.394542252695183,-0.592122486177232,-0.533447461928133,-0.478219682404748,-0.514522113788516,-0.458028267120621,1.15430942144021,-0.499564470154296,-1.56531543697313,-0.912882539758789,-1.19266899491726,-0.15467191155846,-0.705827158615937,1.43340971275605,0.0100013392540886,1.19806501745397,-0.785229419645906,-0.681553878925593,-0.846068711699873,-0.414341611199418,-0.14265187121042,0.243808994474351,0.129566772060671,-0.277522937462631,0.511987598838842,0.863296564820112,0.872410160917752,-0.486034227261844,0.922333791906255,-1.04043314643945,0.314329357834215,0.680527083784293,1.0998090622766,-0.329263137039369,1.47295711154427,-0.367386839226397,0.584760136908366,1.01154953192004,-0.632289530606369,-0.648184017845477,-0.633170690066098,-0.384147898291766,-0.380579614390398,0.465867519057289,0.4183367341544,-0.241958561604024,0.260952512767785,-0.34476848053886,-0.594329019975073,-0.382231429342107,-0.193933566835524,-0.194279537476602,-0.684350728885536,-0.64369508486844,-0.653776320283739,-0.65103955906403,0.723312887149946,-0.548829847861638,-0.343942476362171,-0.48183804574133,-1.01503934364349,-1.04118618534988,-0.602729759433253,-0.723526787849732,-0.506122969993337,0.375718243440288,-1.23321624918318,-0.311139399228302,-0.564613569898551,-0.748828535159937,0.346564372596164,0.141095362725389,-0.964342321396976,1.50515166177666,0.954656370660837,-0.778386370841756,-0.749282268400272,-0.718130441861903,-0.940984519474898,-0.871842218792997,-0.777184479464502,-0.862692382208638,-0.236728129982936,-1.33363231886228,-0.383275937536719,-0.0919853710824933,-0.226875569169311,-0.716257828742818,0.152246600047036,0.0824355567210018,0.167442111001511,-0.310408742753192,-0.504578098615964,0.133665832754111,-0.225644935755658,-0.391348688885798,-0.594329019975073,-0.0609873547032339,-0.138628602798245,-0.561556462298257,0.0507121317750543,-1.67685596979111,0.0188878262786913,-0.230075729421995,-0.856817549342979,0.475400863850929,-1.39676262025819,0.511493909447407,0.0824355567210018,-0.220480633356821,-0.752632720582405,0.402681671401718,-0.197025862064479,-0.342407471398352,-0.413719465260767,1.06993325173982,-0.391348688885798,-0.0477867027019386,-0.0477867027019386,1.35695724140937,-1.05160295702636,0.494832130186732,2.06236637375149,0.260026209173202,-0.0924897401426294,-0.639997445119629,2.16351787177143,-0.898012962874244,0.760473546598372,-0.264029226104202,-0.864272121234376,0.25012818008695,0.845289154649251,-0.192589859272896,0.682832724400303,0.6153882795591,0.65086069045285,0.223523394233582,-0.281327002043937,0.396654485240329,1.559619328085,0.848357930562082,-0.491703227207728,-1.04370100280003,1.5926843953977,-0.0919853710824933,0.184187521212675,1.24167932682313,0.346157443944216,-0.483006127832491,3.39989683326659,-0.768973580240562,0.592406217722805,1.23322565080756,0.905905260093369,0.862136631065088,-1.07401852163763,0.393340518650751,-0.26287797133625,-0.767702135816429,-0.138130025434889,-0.695677644196011,2.61780340415618,0.894893878851958,0.690642284420326,-0.199361816374992,-0.230075729421995,2.18096542220705e-05,-0.576459764357761,-1.07592843364696,-0.0269330266637888,0.223861947321042,-0.235276207381626,0.642111409128814,-0.919685446737523,-1.65798329278156,0.0189685659473083,-0.629227587743642,-0.564613569898551,-0.165852394510387,2.33462553366125,-1.29867614164992,-0.410865128456057,-0.78049817719312,0.141460545004487,-0.696016939253532,-0.924450780392009,-1.47566747692775,0.682832724400303,0.108891065540274,-0.243685682371009,-1.53937807141797,0.6153882795591,-0.0579168405136468,0.571774707941,-0.44257322543477,-0.127211605631618,-0.761660555595246,-0.368882137241703,5.89389102342653,2.19702912086145,1.58543389941778,3.07117874814888,2.18822371614211,-0.0269330266637888,-0.917734455370194,-1.23321624918318,3.60817095552705,-2.02675161248195,-1.38334975138032,-0.037992457373652,-1.06184114443806,-0.3328024637828,-0.808924961997834,0.243808994474351,-0.681553878925593,-0.121723128517532,-1.16798693587037,-0.230075729421995,-1.47652962925584,-0.91323565124325,0.0722445468239389
comm.and.crime_point_1894,comm.and.crime,regression,0.3,0.393502509775139,anomaly,0.629145668582266,1.56802290981872,-0.217427187171022,-0.692630399267912,-0.314189707384816,0.640404199215584,-0.639997445119629,-0.619472066787389,-0.284915395618803,-0.375210946038594,-0.337911430842786,0.763652803239245,-0.187688592418646,0.682832724400303,-0.912882539758789,-1.4113523949968,-0.644609626645943,-0.53735464792882,1.14542214955724,1.27048615468136,1.91421040185664,-0.93654835490529,-0.890859043653398,-1.00666471466318,-0.938837241768986,-0.628161290785547,0.550854342883945,-0.198157722851353,-0.121200695287352,0.599524856895403,-0.120957420021899,0.773648615506715,-1.20307495614621,1.02125980885322,-1.27027014793507,1.40136130655091,-0.801317854336286,1.25062186739623,-1.40284779120747,0.760473546598372,-0.481387672935926,0.413497706603062,0.575835373762982,-0.438232993123054,-0.697694798599504,-0.536249617176849,-1.29843640293939,-0.485014452496014,-1.55060150488499,-1.1223947676519,-0.149937701058835,0.434906314843494,-0.34476848053886,-0.959478323882113,-1.33043927968817,-1.63315359196784,-1.63039964026935,-0.726761076765874,-0.728321444677741,-0.738257558223326,-0.736210329354915,0.679234591957959,-0.548829847861638,-0.394815653267903,-0.429402032904556,-0.484226741696171,-0.597934995088079,-0.127296228476849,0.0882970371329595,-0.601380811530617,-0.0880280749874027,0.726172755495118,-0.311139399228302,0.363106181557171,0.115083578304395,0.254724468422232,0.564407987550553,-1.22244374045233,0.146271375733883,0.179067960944429,-0.912061542959443,-0.922036947615181,-0.930668231079202,-1.03217440729726,-1.01519223123925,-1.05911760742057,-0.956411184176713,0.117254540572726,-1.44042787894386,0.0840295842401654,-0.286904425214791,-0.226875569169311,-0.759522743786688,1.08212161042621,0.799273698727645,1.41419180979543,1.20305209280765,-0.413219819433159,0.330621066828893,-0.225644935755658,-0.391348688885798,-0.229179716068034,-0.0609873547032339,-0.453822940289352,-0.413167436877806,-1.31336985500943,0.396654485240329,0.36127260445787,-0.230075729421995,1.08698470595177,2.01613236565723,-1.01880107061754,-0.282217262099776,1.01983928088354,-0.220480633356821,-0.457199869470233,0.454899090454526,0.142197893047893,0.287579502381766,0.412240099369111,0.0329370249239415,-0.391348688885798,-0.504578098615964,0.409004693212087,-0.694834028068417,-0.792470938203999,-1.46279947061153,0.913181366273366,0.260026209173202,1.63938518873034,-0.639997445119629,-0.870916000573111,0.0283387432671127,0.760473546598372,-0.0212745163166381,0.511493909447407,-0.483983670212399,0.394542252695183,-0.42964182185941,0.435536426649226,-1.56531543697313,-0.0616228744930443,-0.0713724957371486,-1.42111577700285,-0.409710691716343,1.73081171717458,-0.776275543828826,1.4437995652116,-0.91323565124325,-0.243561843564225,-0.286904425214791,0.129566772060671,1.08108332385982,-0.984372399164023,-0.530770173602079,-0.419922423015838,-1.14384878811286,-0.229179716068034,-0.598673237091449,-1.10745167520755,0.161838566612595,-0.838101809661048,-0.471401481558287,-1.55874614153275,-0.94469347109426,0.413283929954837,0.0512926106647712,1.33625668317722,-0.433845179637909,-0.436621602456179,0.0351215468879261,-0.230075729421995,-0.13044354190256,-0.533447461928133,1.51686139340717,-0.0269330266637888,-0.00652810323800724,-0.590386957395979,-0.378069979114223,0.717918937667871,-1.34049882416269,-0.296225771543798,-0.733880170107544,0.672346098709078,-1.10564955550658,-0.241958561604024,-0.118733906464382,0.446455445379464,0.697923486749661,-0.779675500224294,3.44356371978626,0.445891340166776,-0.885696359334983,0.660351242786569,-0.978565285147405,1.27129960162944,-0.94524870236964,0.682832724400303,-0.241958561604024,-0.394815653267903,1.33153277129657,-1.07613820513387,-0.56760401811193,0.192692898382022,-0.499564470154296,-0.840584712680936,0.526201352602092,0.235087913437529,-0.64058805739383,-0.444866529913555,-0.0740881826484698,-1.23321624918318,2.76919475013866,-0.519933227992503,-1.20039562229281,-0.669300457399169,1.5019765425956,-0.110010510253322,0.37633485093474,-0.67732705075443,-0.576901296561691,0.972629611637952,-0.130365530277162,0.114002523928599,0.318620499235095,-0.869747200724323,-0.835669064732367
comm.and.crime_point_0578,comm.and.crime,regression,0.04,0.0183575126991909,nominal,-0.224640267159436,-0.867866213748302,-0.296225771543798,0.46791072260481,-0.708757207400764,0.927243136822718,-0.44849760935004,-0.576459764357761,-0.413784920142767,-0.584177697663477,-0.397969848981704,-0.129276609791536,-0.187688592418646,0.682832724400303,1.52308379449023,0.556798205719072,-0.742597169663439,1.48431548031659,-0.121723128517532,-0.935362272316362,0.660955979151975,1.58543389941778,1.04521373007879,0.866955319908742,-0.12295514977188,0.52492358070538,0.44850589341408,-0.362019970307365,-0.433845179637909,-1.15122030423583,-1.10521140486391,-1.34972461083057,1.13925809154273,-0.314241419930838,0.85572211589946,-0.0809549871536759,0.794515155947413,-1.01157020939818,1.33479307692119,-1.59620286053036,-0.0253843380978089,-1.58456398029216,-1.60273541702231,0.596735206787962,1.33224721231561,1.3537113041635,1.44442911100348,1.18594295719383,0.347251694119508,0.475400863850929,-0.333979422149212,-0.91323565124325,-0.230075729421995,-1.14205297583563,-1.33043927968817,-1.43464048505304,-1.42523962558467,-0.684350728885536,-0.686008264773091,-0.653776320283739,-0.65103955906403,0.591078001573987,-0.594343123662683,-0.140449768739244,-0.00991393021036301,0.69535681818675,0.98510497013263,-1.18381518615775,1.55972771991409,-0.791896494605177,-1.18942558125317,0.726172755495118,-0.444061083654919,1.18774596062892,1.35695724140937,-0.75551447749102,0.0881812846222431,-0.792274708693406,-1.00671795787817,-0.1602519683065,1.36041638304123,1.15101920296373,1.02467942971995,0.426863797860551,1.08727461797251,1.19634741622795,1.19912126108902,-0.413719465260767,0.481892202524582,1.01864062779394,-0.286904425214791,-0.226875569169311,-0.413403423435731,1.22894398048608,1.68153602735121,1.36432182184367,1.20305209280765,-0.321861540250354,-0.211005826876756,0.4728778694402,-0.391348688885798,-0.0466050641145143,0.584266192935153,-0.138628602798245,0.0319996393835476,0.940330818808414,-0.755295767554917,2.70090192201559,-0.230075729421995,1.84290780523306,0.4183367341544,0.871006677585685,0.246923518931679,-1.46152351837023,0.166127940215069,0.281382258310197,1.23816037624664,0.287579502381766,-1.79622356473708,1.94616500511031,-1.1522015200085,-0.391348688885798,-0.139144981884744,-0.230503261067549,-0.370866985519292,-0.0150748817369079,1.22894398048608,-1.04043314643945,-2.62621301757793,-1.17994609083031,0.0302519800739321,0.0394141611302526,-1.09939376855715,-1.04813857980274,-1.23504806525446,-1.18175658985325,0.00542422998716656,0.59942720812885,0.234103673382831,0.120795684056945,-1.56531543697313,-0.0616228744930443,0.105565038245289,0.98510497013263,0.742239561078903,-0.266432822203958,-0.632925531382569,0.997145074653291,0.82630236951384,1.7415692255838,1.36990753490974,-0.853606712675401,0.599295314969896,-0.882023949694159,0.520038833328871,-0.786206461289495,1.38655886502517,-0.411754368021554,-0.598673237091449,0.336913082725718,-0.932377159094426,-0.95606016564934,-0.965539767392024,-0.154888957153209,0.353242987609834,1.07498067642251,-1.32772939830898,0.00131218215747174,0.191443789063205,-0.275583904330964,-0.35568405855027,-0.000690227188266011,-0.782770299686468,-0.490435159498505,2.25765848685121,-0.235899778288672,-1.90724602035016,2.88180704274436,-0.973175788922662,-1.50077087346202,0.0881812846222431,-0.375024355916575,-0.943185334835349,1.08466598824495,-0.611019470771741,-0.0579168405136468,0.294245875850557,-0.363236207687417,-0.78049817719312,-0.421455927079768,1.88066081790389,1.32682556052599,1.06120832872116,0.682832724400303,-0.535527512645018,1.00394925739407,-0.252097771813259,-1.56531543697313,-0.333979422149212,0.012169761977951,-0.527054463374357,-2.44022019191835,-1.34383016804519,0.192692898382022,-0.499564470154296,-0.252659454575957,0.223563482083323,-0.215085234929352,-1.58352531523914,-0.375210946038594,-0.777126743249906,-1.23321624918318,-0.7440181099252,0.652036626610397,-1.62728859016366,-0.472016707391195,0.245203166598712,-0.689269589429965,-0.571872999411319,-0.319107477609904,-0.838532752471447,-1.61925845715135,0.264918814710728,0.228695275045463,0.472490510248604,-0.695793398648614,-0.129514033521907
comm.and.crime_point_0561,comm.and.crime,regression,0.85,0.0211587408209481,anomaly,0.324222120103087,-0.867866213748302,-0.375024355916575,-0.814792622622935,3.23691779275872,-3.04752499859042,-0.544247527234835,0.111737074516285,-0.478219682404748,-0.0965886105387498,-0.277853012703869,0.484612361667126,-0.265657561852559,0.682832724400303,-1.00841063129797,-0.919314744817829,-0.938572255698432,-1.37971720136441,0.799837073718665,1.8557112475583,-0.532619661519134,-1.03742764507821,-0.733880170107544,0.0104433041044344,-0.414341611199418,-0.385406580997984,-0.4726301518147,-0.689744465219389,-0.199361816374992,1.38736017940446,0.300865716338963,0.773648615506715,-0.772850518815592,2.25783502069031,-0.465840642700386,-0.278597159647621,0.281568831213367,0.948996257156972,-0.973413929540229,2.34985996070845,1.96963025181895,1.7835971490455,2.10083492731269,0.726106231776839,-3.02470149403878,-3.0077369758527,-3.03558456176988,-3.04366798608359,-0.423751167976071,0.36127260445787,0.218145741121919,3.26165559857376,-0.230075729421995,0.181613250827385,0.897849168625072,0.699375414281087,0.831520535946791,0.418318316003255,0.837266211794329,0.655682867779868,0.669107380444694,-0.334566197457732,0.08835601335298,1.64011142296137,0.6717542366677,-0.779122631666902,0.60517537847966,-0.444251915781118,-2.65160837218362,1.30377601921498,2.05679864774067,-1.23321624918318,-0.244678557014993,-0.822313500858473,-2.85461431172925,1.03536365390065,-0.652615808821794,-0.706240902341621,1.29926070934593,-0.548046173164703,-0.154568900959218,-0.14464089114809,-0.123024632053464,0.10769919048228,0.418307893223313,0.350548032359759,0.215073840424229,1.88716789335104,2.24401894387065,1.84940599984173,-0.0919853710824933,-0.226875569169311,0.495159792485531,-0.386102090172486,-0.358695607590779,0.566402014615565,0.14362950791506,-0.595936377798769,3.67886004610018,1.38968905125976,-0.391348688885798,-1.23334030181239,0.756333805638724,-0.296225771543798,0.0814626478570313,0.999638731277305,0.742239561078903,1.04604216081623,-0.230075729421995,-1.07279557770906,-0.951202378562316,2.05888583359914,0.670236143756844,0.303001138876892,-0.800393493714657,-0.949587954657186,0.663768766665756,-1.16623659095697,-0.342407471398352,-0.413719465260767,-0.806536111069869,-0.391348688885798,-0.413219819433159,4.2460524188899,0.169078085395916,0.546377825711547,0.299068970106906,0.396048112908209,0.0538662644052637,-0.817460640601083,-0.304872732522849,-0.264029226104202,-0.0119374178694681,-2.30868642547625,0.160791516024035,-0.811358043131231,-0.0435165600327901,-0.302066595779285,0.565976421003951,0.682832724400303,-1.56531543697313,1.47295711154427,-1.01503934364349,-0.0913622062174521,1.14542214955724,-0.0952404331143684,1.08727461797251,-0.541331503936429,-0.695793398648614,0.749003691009788,-0.286904425214791,-0.143536973699349,1.88406333867636,-0.523804376549633,2.28730852680365,-0.838532752471447,-0.534676575320374,3.1028076820837,-0.94524870236964,-0.319616352698494,-1.01991441715099,0.0465858602511433,1.42279528080437,0.601034142128082,-1.29867614164992,-1.07553374959742,-1.32772939830898,1.06926778297327,-0.35568405855027,0.207529190044681,-0.043039574199713,-0.34476848053886,-0.739281849167541,-0.576459764357761,-0.123475027790339,-0.166244194413711,0.511849510519854,-0.274732957383221,-0.803145557548822,0.929222729204051,-0.758443965028085,-0.138628602798245,0.888234856532939,1.03312600205297,-1.30350158940051,-0.333979422149212,-1.59366170044631,-0.744267573836537,-0.653776320283739,-0.319107477609904,-0.653776320283739,-1.41385868059157,-1.12168480637209,-1.56531543697313,-0.69663215719134,1.44953316445302,0.0449669127109041,0.682832724400303,-0.241958561604024,3.36979943775625,-0.611535701313945,-2.49952810438724,-0.56760401811193,0.754267934005747,-0.499564470154296,-0.840584712680936,-0.381712258954214,1.45055541402811,0.600118860823686,-0.235899778288672,-1.19894987961077,0.726172755495118,1.09124233936189,0.149763831780583,0.629145668582266,-0.708757207400764,1.3008928024361,-0.733827980135861,-0.240000251790199,-1.39376619704348,-0.943185334835349,0.454251997880092,-0.179776073400649,-0.34476848053886,0.882810539617961,0.782813918994912,-1.64270338611575
comm.and.crime_point_0409,comm.and.crime,regression,0.53,0.00313422485886273,anomaly,0.507176249190595,-0.867866213748302,0.0189685659473083,-0.326143729202842,3.11854754275393,-2.14603119468229,-0.639997445119629,-0.576459764357761,0.101693177953087,-0.166244194413711,-0.277853012703869,-0.0176604331626889,0.124187285317004,0.682832724400303,-0.721826356680434,-0.208593694559321,-0.15467191155846,-1.21124469067729,0.108666922041517,1.04539958049792,-1.01004991778758,-0.734789774559444,-0.52457500537974,0.278103309043281,-0.589173488055941,-0.385406580997984,0.499680118149013,-0.471261468611373,0.191443789063205,0.774599373008527,0.722688852699825,0.971171706328788,-0.486034227261844,-0.116389386036903,0.108751861038678,1.35195076342743,-0.972299962580968,1.75333121779498,-0.436621602456179,0.486441406234567,0.0316160787569558,0.698935090445236,0.684763913302247,0.0145655943380156,-1.53937807141797,-1.55392088251396,-1.61843737956606,-1.16384090018251,0.940330818808414,0.532464993547459,0.586229183302673,2.34839813767629,-0.34476848053886,-0.00096140112613429,0.281514065900134,0.699375414281087,0.164750488221586,-0.684350728885536,-0.686008264773091,-0.696016939253532,-0.693624944209472,0.767391182341933,-0.503316572060594,0.012169761977951,-0.00991393021036301,-0.0713724957371486,-0.344648600652765,0.400963250363601,-0.825004765972568,0.0177951584617036,0.201813374029904,0.726172755495118,-0.0452960303750682,0.156946236789233,-0.748828535159937,-0.29631495662136,-0.546787652615503,0.369181677055691,1.05219156642907,0.615336441409908,-0.778386370841756,-0.706093598596545,-0.633115326174983,-1.21455418294199,-1.11075890620342,-0.978565285147405,-0.8158329812246,-0.295725241742213,-0.692858958372798,1.22633197080588,-0.189444898148642,-0.226875569169311,-0.846052573874427,1.22894398048608,0.0824355567210018,-0.0320378408055168,0.395872980508533,0.0435715764808665,-0.358722252432842,-0.574906338353587,1.10660237664572,-0.776903671928593,-1.3945113531559,-0.138628602798245,-0.215315402983871,-2.85537557920059,-0.812893280194679,-1.06533063795537,4.35763431525259,0.655028649219603,-0.152304562810898,-0.0468999429701671,-0.017646871584048,0.358142534415864,3.32343129105218,-0.407961060951538,1.02929070003541,-0.0516442527306052,0.0452768201586437,0.353242987609834,1.8106448423226,-0.391348688885798,1.13987092667453,-0.595936377798769,-0.640839520976896,0.0281137880668194,0.152246600047036,1.2004776181429,0.878506043477017,2.04214680009615,-0.304872732522849,-0.749538645679329,1.03524277168163,-0.500074299075133,0.52492358070538,-0.917186199337522,-2.09902974087097,-0.179135622519085,-0.666693784445925,-1.56531543697313,0.682832724400303,0.541247834307328,-0.248310029719587,0.478532181262003,0.742239561078903,0.874849771726638,-0.632925531382569,1.24528645829679,-0.826258750205395,-0.392446673750327,-0.286904425214791,-0.362019970307365,-0.685472708736566,-0.984372399164023,-0.387478036293313,0.103340488803673,-0.956411184176713,1.09448651059498,1.23322565080756,-0.801071272009583,0.118069937584314,-0.366268385707879,-0.924361576905879,1.51894076268393,0.23524876409128,-0.910109562980505,-1.09789239681336,0.962472222891692,0.738571636676679,0.851679982545541,-0.199361816374992,-0.000690227188266011,-0.347885794497196,-0.533447461928133,1.72851770581975,0.251689308836056,3.0461400666694,-0.51147345739279,-0.930668231079202,-0.285774072128984,0.299837597034825,-0.138628602798245,1.98708697135391,0.00232627821327909,-1.352964597874,-0.333979422149212,-1.3576732534092,-0.0298337623069365,-0.696016939253532,3.46778515277508,-0.527054463374357,0.201187390066993,0.648228546406218,-1.56531543697313,0.511652676906082,1.44953316445302,1.03518252779145,0.682832724400303,-0.149937701058835,0.26653564650661,-0.484813844404564,0.525175431526179,-0.438232993123054,-0.593512151491192,-0.499564470154296,-0.350646997593453,-1.13830693525114,-0.350137179439416,0.252720923722782,0.739278395960782,0.0196502920983885,0.726172755495118,-0.376966020067782,-1.9151354358531,-1.20039562229281,-0.51147345739279,0.948996257156972,0.424690178217426,0.281514065900134,0.0391120955346223,3.39989683326659,0.108666922041517,-0.575060418388539,-0.34476848053886,0.472490510248604,-0.782770299686468,-0.58347083930006
comm.and.crime_point_1332,comm.and.crime,regression,0.41,0.0506558901137044,anomaly,-1.0174414932053,0.524070428289996,-0.375024355916575,-0.875873734300447,-0.0774492073752468,0.435519243781917,-0.544247527234835,-0.490435159498505,-0.735958731452675,-1.21107795253813,-0.818378775954126,2.15885501109984,-0.265657561852559,0.682832724400303,-0.626298265141257,-1.73937749511611,-0.840584712680936,0.13653539481965,1.95178732651391,-0.350137179439416,1.79485283778953,-0.633910484386522,-0.315269840651936,-0.36428070280995,-0.997114534054493,-0.567472613338656,-1.08672084863389,0.129566772060671,-0.277522937462631,-0.10077320755709,-0.0740881826484698,0.279840888451533,-0.629442373038718,0.378240698697934,-1.61502565017851,-1.0691658496234,-0.288371529602239,-0.659673664119051,-0.275583904330964,0.596054262380089,-1.10839225833834,-0.100289584312853,0.194585485375557,-1.14977363056188,-0.252097771813259,-0.390868007842976,-0.475576748756528,0.141594576137679,-0.30513534303829,-0.437625211293547,-0.241958561604024,-0.173931992421487,-0.230075729421995,-0.731260008940213,-0.856335354515137,-1.13687082468084,-1.11749960355766,-0.260247250082155,-0.262876465726585,-0.358091987495182,-0.310356477900488,-0.378644492649718,-0.0936970898511967,-0.547435183985099,-0.534274058578104,-0.779122631666902,-1.16782938256753,-0.232948124244939,0.494208949624305,-0.315607286918777,1.18727430068875,-1.23321624918318,0.0876256540515485,-2.78083297615389,0.655028649219603,-0.75551447749102,-0.22930318399663,1.18650283739765,0.269805947192317,-0.354149070735601,-0.466477635900487,-0.446961579774181,-0.378069979114223,-0.530630024274263,-0.441792181454227,-0.334146706962114,-0.440957773352299,1.06120832872116,1.38965446321801,-0.227507430277758,-0.286904425214791,-0.226875569169311,0.408629962397792,-2.09902974087097,-0.303554212051806,-0.630477696226598,-1.42028002216447,-0.413219819433159,-0.309483443914147,-0.531248663028845,-0.391348688885798,1.9617161073742,0.111080258000336,-0.217427187171022,-0.264778411457355,-0.838906555258306,0.281459459960805,0.532464993547459,-0.230075729421995,0.00709456412135369,1.16017042020929,-1.72072966280731,-0.335131340202921,1.46097044519532,0.617171276048942,-0.309483443914147,0.0893771570848711,-0.730091762955347,-0.4393285442876,0.353242987609834,-0.806536111069869,-0.391348688885798,0.500362972394892,-0.504578098615964,0.115083578304395,-0.187829560951817,-0.679746830292226,-1.44264789905679,-0.358453625130612,-1.30077457424005,-0.0176229788684652,-0.567472613338656,-0.454975190371856,-1.26736429209379,-1.23504806525446,1.14646284668515,1.66941109066569,0.763335172475784,0.755617991073163,-1.56531543697313,-1.56531543697313,0.541247834307328,-0.779122631666902,0.858461772914973,0.16626443468128,0.190080215368281,-0.107308819079628,-0.243561843564225,-0.782770299686468,-0.789472887579932,-0.286904425214791,-0.416640719459369,-0.578408706761027,0.909073916028471,-0.8651184939892,-0.0536383847421805,2.88605969651438,-0.0922487271028942,1.28273643156158,-0.844839901037864,1.03721114717821,-0.366268385707879,-0.800827005447445,-0.424861492610813,-0.0597367947051054,-1.29609933175331,0.338588862534303,0.481892202524582,-0.277522937462631,0.261208422753086,-0.121200695287352,0.228695275045463,-0.826258750205395,0.154749376945913,-0.282217262099776,0.112378141086133,0.223861947321042,0.514402042648675,1.40724745031109,-0.708381655201343,-0.758443965028085,-0.375024355916575,0.521950818259281,0.672346098709078,-0.561556462298257,-0.241958561604024,-1.3576732534092,-0.744267573836537,-0.484813844404564,0.243808994474351,-0.400332606464976,-0.532924460232356,-1.53466458868703,0.682832724400303,0.632481160315823,-0.733827980135861,0.490563939497149,0.682832724400303,1.41441692820937,1.28399918462125,-0.527054463374357,0.406559606588398,0.0145655943380156,2.60746555156404,-0.499564470154296,0.874197290125252,0.828839223120861,0.0550186540907768,0.0542078168079789,-1.00211120091324,-0.355303606889044,0.726172755495118,-0.586710071414878,-0.0734685214771128,1.17800805584479,-0.274732957383221,0.446286906758215,-0.600152808018174,-0.192589859272896,-0.523804376549633,-1.51877453783681,1.72139727595486,-0.229186616524135,-0.34476848053886,2.26764063873954,-0.565328047091832,-0.381712258954214
comm.and.crime_point_1915,comm.and.crime,regression,0.54,0.0609199957400297,anomaly,-1.0174414932053,1.56802290981872,-0.453822940289352,-2.2196581912057,-0.472016707391195,0.722358181389051,-0.592122486177232,-0.447422857068877,-1.96021921443033,-2.04694495903766,-1.29884612106547,3.21920868907389,-0.343626531286471,0.682832724400303,-0.960646585528377,-3.05147789559335,-0.105678140049712,0.58579542331863,3.0461400666694,-0.530206438786169,2.45131944015864,-0.835669064732367,-0.262943549469985,-0.41781270379772,-0.705728072626956,0.100102838577144,-0.626152826019497,0.0749460229086676,-0.35568405855027,-0.188310465613652,-0.0740881826484698,0.477363979273606,-0.629442373038718,-0.0669263775634199,-2.13215890354367,-0.772702590882484,-0.288371529602239,0.14466129651896,-0.758696998706609,1.52776353961703,-1.05139184148357,0.698935090445236,1.06601380168967,-2.50816939294508,-1.04427026387769,-0.972394445178469,-0.56700559922129,-0.328362195337591,2.12648906818623,1.90200410626417,-0.333979422149212,-0.782770299686468,-0.230075729421995,-0.959478323882113,-1.04597692458435,-1.08724254795214,-1.2200796109,-0.472298989483845,-0.432129185345187,-0.358091987495182,-0.395527248191373,0.106216754462134,-0.139210365652241,-1.15791330685388,-1.11107019978262,-2.13564372553226,-2.68754774917941,-1.1309892382737,0.392730971501469,-0.553751890761977,2.23070351715105,-1.23321624918318,-0.111756872588377,-2.36851308661801,0.601034142128082,-0.75551447749102,-0.546787652615503,-0.233054967406804,-0.14197595766913,-0.887366102415632,-0.778386370841756,-0.835659608007726,-0.845653115392282,-0.302655304718355,-0.489575518936313,-0.616079834918179,-0.440957773352299,1.23819966399899,0.481892202524582,-0.590967280548668,-0.286904425214791,-0.226875569169311,0.278835217266183,-2.49055606103062,0.0824355567210018,-0.0819078287572736,-1.01669046601492,-0.504578098615964,0.576815109422369,-0.356617961729881,-0.391348688885798,3.1028076820837,-0.964342321396976,-0.375024355916575,0.576092732591868,0.525175431526179,-0.755295767554917,1.73081171717458,-0.34476848053886,-0.316872478427771,-0.266432822203958,2.00489132650762,1.30520508099459,1.01983928088354,0.166127940215069,-0.506438677988928,0.298246833296102,0.966027012606508,1.59601398638663,0.825219881684049,1.86002561502812,-0.391348688885798,-0.413219819433159,-0.413219819433159,-0.100894450061688,-0.749282268400272,1.03318082040625,0.281129612160397,-3.70855272760961,0.793585804862147,-0.592122486177232,-0.749538645679329,-1.05911760742057,-0.280848586784089,-0.870916000573111,-0.652615808821794,1.13106240044617,-0.138158631432351,-0.524462606894016,-1.56531543697313,0.682832724400303,-1.26736429209379,-0.720143453672756,-0.218005403435109,-1.50406343187183,-0.152304562810898,0.609441243151654,0.0542078168079789,-0.782770299686468,0.749003691009788,-0.0919853710824933,-0.0889162245473447,-0.685472708736566,0.602028567618877,-0.674062310910845,-0.210617258288034,-1.05012998614479,1.00319918461822,-0.351119333321313,0.993442518149931,0.599524856895403,0.223523394233582,-0.965539767392024,-0.910812056434499,-0.0597367947051054,0.46842532549381,-1.61502565017851,-0.425870058168848,0.113282667975565,-1.29548932579066,-0.043039574199713,0.802159030629787,0.652348567438131,0.154749376945913,-0.599701730718649,-0.235899778288672,-0.294515666436819,-0.195819457380031,1.57727768168493,0.453789198247646,-0.599701730718649,-0.296225771543798,-0.629227587743642,-3.70855272760961,0.229851673277482,-0.333979422149212,0.766222769924772,-0.744267573836537,0.148795440142343,-0.984372399164023,-0.569295082344151,0.396950550146819,-0.000739682945828393,0.682832724400303,0.592204999179243,-0.600152808018174,1.1342040892995,0.682832724400303,-0.333979422149212,1.18225283080978,-0.484813844404564,0.0507121317750543,-0.761660555595246,1.20352796250473,-0.343626531286471,-0.742597169663439,0.223563482083323,0.100035968927465,0.848260244467189,-0.0965886105387498,-0.777126743249906,0.726172755495118,0.357138159647056,-0.631549404621351,-1.38334975138032,-0.590386957395979,-0.609402729079175,1.13762442951176,-0.145179466755593,1.47199038811273,-0.52457500537974,-1.50406343187183,0.116687185340269,0.228695275045463,0.9853905469603,-0.91323565124325,2.54378715606055
comm.and.crime_point_0869,comm.and.crime,regression,0.17,0.0545712274051219,anomaly,1.17800805584479,-0.171897892729153,1.35854450028451,-0.814792622622935,-0.116905957376842,-0.302066595779285,0.604751487382699,0.670897006101448,-0.284915395618803,1.36617865083543,0.442848004963141,-1.58028690596656,1.44965976569352,0.682832724400303,-0.14865780744537,1.65021520611678,0.0902969459852806,-0.649669655053565,-1.96484353298993,-1.02539690198974,-1.84555286625735,-0.179953678608368,0.207993071167575,0.33163531003105,0.110154019370149,-0.203340548657311,-0.319107477609904,-0.471261468611373,0.738571636676679,-0.144541836585371,-0.308434369515615,-0.312728384014686,0.278809216881485,-0.264778411457355,1.71761087150805,-0.229186616524135,-1.37125821515189,-0.20723524876017,-0.168225438914154,1.19892497118046,0.430618996740308,1.49815976520332,1.33833515053783,-0.244176455639738,-0.153076210305205,-0.148565325619854,0.027281928799666,-0.11949251912636,1.17756246868398,0.931913901423168,0.12612488057673,-0.260908893459341,1.14623728398038,0.683693543699564,0.945259561142375,1.3941712884829,1.85732060937019,0.96965283844765,1.04883211131758,1.24705153335698,1.39305892791722,-0.554957673417664,0.725541874567598,0.012169761977951,-0.219657981557459,-0.543205919690318,-0.0280406076086237,-0.285774072128984,-1.68756758001668,0.875115732297224,1.36117917009913,-1.23321624918318,2.28083344709073,-0.925393473242442,-1.82871867699035,-0.571834669143156,-1.02301435554381,1.18650283739765,0.393340518650751,-0.208726243913775,-0.421919245194591,-0.446961579774181,-0.463085094801143,0.153294134393461,-0.0117421441154574,-0.0119374178694681,-0.112941966464035,-1.12168480637209,-0.425870058168848,-0.590967280548668,-0.286904425214791,-0.226875569169311,0.668219452661009,-0.483983670212399,-1.5166649139092,-0.929697623937139,-0.713998298902748,1.23122920585733,-0.211005826876756,-0.356617961729881,1.77235840577084,-0.320467042044794,1.53063806280479,-0.217427187171022,-0.561556462298257,-1.60990941735388,-0.409710691716343,0.24714434506481,0.114002523928599,-0.26287797133625,-1.00826650825885,-0.802823042251458,-0.70552988692494,0.413283929954837,-0.864828255976639,-0.112528209839365,-0.0150576810207445,-0.10010478917523,0.481421648160263,-2.1246357062798,-0.707774565658833,3.7696264931462,6.89544251519124,-0.321861540250354,0.817012170494165,-0.317395570362999,-0.141398140072703,-0.810596144943824,0.517726140133124,2.32407992805221,4.0517485312353,-0.506783935891765,-0.414699029235275,-1.76062214474864,1.31387638751496,0.299837597034825,0.396950550146819,-0.0971816403456179,-0.382231429342107,0.682832724400303,0.682832724400303,-0.993332151729983,2.05187791205211,-0.724578192305735,-0.352113179076581,0.36127260445787,-0.441792181454227,-0.243561843564225,2.43537503871415,0.699375414281087,-0.286904425214791,-0.908227461827405,0.171039307067742,-0.319107477609904,-0.530770173602079,-0.472248714197789,1.01168365715287,-0.822547334916973,0.787628624021312,0.293144453697438,0.730830743980246,1.93391955606382,1.66986442372124,0.223072592487436,0.117254540572726,-0.524119794207697,0.683344364777741,1.22946112309564,2.84892190604294,0.959038447962351,-0.35568405855027,-0.34476848053886,0.173975611729931,-0.533447461928133,-0.176389105893484,0.112378141086133,-0.294515666436819,-0.629843707397574,-0.888160673235742,0.295311354595511,-0.758443965028085,-0.453822940289352,-0.838532752471447,0.878506043477017,-0.759408496192192,-0.333979422149212,-1.59366170044631,-0.410865128456057,0.866885962628837,-0.165584803405107,-0.146888892646214,0.201187390066993,-0.708705024057152,-1.56531543697313,2.24352760577905,-1.00117832437123,-0.252097771813259,-1.56531543697313,-0.333979422149212,-0.750927891608026,-0.315851368525389,-0.00859578069383644,-0.955717093078561,0.978897948255237,-0.343626531286471,3.47086718008891,-0.280832968781291,-0.26010254976604,-0.491703227207728,-1.0717667847882,-0.308434369515615,0.726172755495118,-0.586710071414878,-1.02220602282232,0.507176249190595,-0.235276207381626,0.14466129651896,-0.822944761547652,-0.951156139549743,-1.18906929810375,-0.576901296561691,0.627044535799378,0.215508271587242,-0.34476848053886,-0.245569541147772,-0.782770299686468,1.83763212485009
comm.and.crime_point_1642,comm.and.crime,regression,0.28,0.0339236540730255,anomaly,1.17800805584479,1.22003874930914,-0.0598300184254683,-0.0207381708152835,1.22462354267738,-1.03965243534049,-0.400622650407643,0.62788470367182,0.294997464739033,-0.0965886105387498,-0.157736176426034,-0.352508963049232,-0.0317506535508209,0.660351242786569,-0.578534219371668,0.0100897055202199,-0.399640769102202,-1.04277217999017,-0.0641256158777693,-0.0350159755825995,0.0641681588164208,-0.633910484386522,-0.629227587743642,-0.524876705773258,-0.472618903484926,-0.0819631937635291,-0.216759028140039,-0.416640719459369,0.0351215468879261,0.599524856895403,0.347734953712392,0.526744751979124,-1.05966681036934,0.823407774959287,-0.465840642700386,0.363739900957701,0.110586722968685,0.194932231558836,-0.866055464123419,1.58256996768979,-0.65238892350022,1.26980985812958,1.39279942030747,0.27330764431577,-0.648184017845477,-0.730091762955347,-0.749863300150816,-0.171709938179167,-0.30513534303829,-0.608817600383137,-0.0579168405136468,0.130487161211004,-0.230075729421995,-0.320467042044794,0.281514065900134,0.15346437026538,0.267330495563925,-0.514709337364183,-0.389816005440537,-0.44257322543477,-0.438112633336816,0.0180601640781611,-0.184723641453285,0.164789292695146,0.199830121136733,0.223523394233582,0.22524578682669,0.295311354595511,-0.0639199300512947,0.351197603842184,0.143845084226443,0.726172755495118,0.0211648118382402,-0.564613569898551,-0.0468999429701671,2.91808168946626,1.1993769247883,0.0250464516485512,0.969835185456777,-0.208726243913775,-0.822944761547652,-0.835659608007726,-0.803145557548822,-0.621819912096626,-0.776275543828826,-0.817460640601083,-0.8158329812246,-0.531713688779321,-1.2268367587807,0.0840295842401654,-0.286904425214791,0.0719288462359772,-0.49993325352347,0.739536080286516,0.523566721032782,1.06510189413313,1.00125731473287,1.04851264749172,-0.900349146138491,-0.662221689003069,-0.391348688885798,-0.594329019975073,-0.405122580110374,-0.296225771543798,-1.40242760634748,1.0589466437462,-1.96484353298993,-1.00826650825885,-0.230075729421995,-0.478855999702333,-1.63597193492067,-1.01880107061754,1.25229100289144,1.2955462585784,3.71003986462407,-0.211005826876756,0.559333928560141,-1.79622356473708,-0.4393285442876,1.41519099927682,0.526744751979124,-0.391348688885798,-0.230503261067549,-0.504578098615964,0.00709456412135369,-0.922036947615181,0.0543650200071232,2.00490712337759,0.672346098709078,1.55883286645718,-0.496372568292438,-0.628161290785547,-0.0924897401426294,-0.774106439438939,-0.506783935891765,2.68097111167637,1.03318082040625,0.23063428834825,-0.192589859272896,0.14327716567068,0.682832724400303,-1.70581571667588,-2.13564372553226,-0.471291797870422,-0.121723128517532,-0.323496951900488,-1.15854224368551,-1.03761427122343,-1.0002125522811,1.9400823324986,-0.286904425214791,-0.580502966915381,2.6870433534929,0.294983219209284,1.33202761141188,-0.419922423015838,-0.956411184176713,-0.868190997905353,-2.3315505634824,-0.844839901037864,-1.10745167520755,-0.484226741696171,-0.7596488149613,-0.370866985519292,0.23524876409128,-0.358695607590779,1.88998862262977,-1.01324563861754,0.582249394501401,-0.221904671622559,0.0351215468879261,-0.34476848053886,0.608860116919203,-0.447422857068877,0.511493909447407,-0.514522113788516,0.0510694094017551,0.238204792637512,-0.590607768331523,-0.972511394621568,-1.28758474605954,-0.375024355916575,-1.1001642083812,-0.564613569898551,1.26857485122064,-0.241958561604024,-1.00369058285354,0.0177951584617036,-0.527054463374357,3.46778515277508,-0.696016939253532,-1.21809552051175,-0.177731018223659,-0.148982095307866,-1.70353618560586,-0.511036026606383,1.82735501985588,0.682832724400303,-0.241958561604024,0.113916115789414,2.21858576966224,1.0589466437462,-2.76691144292284,-0.425039640804075,-0.499564470154296,-0.399640769102202,-0.129514033521907,1.27048615468136,-0.491703227207728,-1.14142236866316,0.488342665832679,0.726172755495118,-0.848890135598748,3.21920868907389,-1.20039562229281,-0.590386957395979,1.75333121779498,-0.555594417312278,0.328924458417437,0.44850589341408,2.24871842726367,-0.870490792834442,-0.723292047758998,-0.34476848053886,1.85732060937019,-0.695793398648614,-1.13830693525114
comm.and.crime_point_0829,comm.and.crime,regression,1,0.0375853284902881,anomaly,0.812099797669774,-0.171897892729153,-0.296225771543798,-1.79209040946312,3.23691779275872,-2.35091615011596,-0.592122486177232,-0.576459764357761,-0.993697780500602,-0.584177697663477,-0.638203521537374,0.596228538295973,-0.265657561852559,0.682832724400303,-0.8651184939892,-0.700631344738288,-0.840584712680936,-0.649669655053565,0.223861947321042,1.0904168953346,0.541598415084864,-0.835669064732367,-0.419922423015838,-0.0430886968833349,-0.12295514977188,-0.567472613338656,1.93255841072712,-0.416640719459369,-0.199361816374992,0.643293485923684,-0.636519031129619,-0.312728384014686,-0.00800707467226295,1.07072281732671,-0.580759143448198,-1.0691658496234,1.93439587757863,-0.508860858999424,0.422246120878301,1.30853782732598,1.22862483270701,1.38398481166645,1.4472636900771,-0.891031580584123,-2.43057212499046,-2.13544731984946,-1.57272295433368,-2.10375444313305,-0.483059080444962,-0.437625211293547,-0.0579168405136468,1.78304828093024,-0.34476848053886,0.820624532664704,0.139282888348225,-0.392446673750327,-0.50201955950362,-0.472298989483845,-0.559068725059139,-0.611535701313945,-0.65103955906403,0.679234591957959,-0.503316572060594,-0.343942476362171,-0.639146084251652,-1.60483112358495,-0.977864586741049,-1.34229302980988,-1.23091667846391,-0.649009732299257,1.18727430068875,-1.23321624918318,0.0211648118382402,-1.49233332135427,-1.50475163444123,1.77008288729211,0.82897837806628,-1.9537310944425,-0.553757862530577,1.53634767794814,-0.956619933665339,-0.965225617418908,-0.888160673235742,-0.485035080363082,-0.585142193900484,-0.65635599605476,-0.628395377288449,0.23524876409128,-0.212278938005688,0.343643763005101,-0.286904425214791,-0.226875569169311,-0.672992913698949,1.22894398048608,0.358142534415864,1.2147118579884,0.849911231176784,-0.595936377798769,2.64484506720757,3.6598881681463,-0.391348688885798,0.318544239792525,1.01443522469408,-0.375024355916575,-1.30350158940051,-1.66921732982277,-0.467308204356106,-0.0381763034178386,-0.34476848053886,1.46494625559241,-0.722945859776196,-0.0468999429701671,0.617322065653698,0.303001138876892,0.617171276048942,-0.358722252432842,-0.11949251912636,-1.16623659095697,0.287579502381766,-1.3576732534092,-1.1522015200085,-0.391348688885798,-0.504578098615964,-0.321861540250354,2.11288034069066,-0.0150748817369079,-0.924450780392009,-0.178544390830854,0.260026209173202,0.471376515769501,-0.639997445119629,-0.14265187121042,1.88104215554983,0.870086402743895,-0.506783935891765,0.141095362725389,-0.924450780392009,-0.220112613605818,-1.52008084975738,-1.56531543697313,0.682832724400303,0.705667118525611,0.69535681818675,-0.724578192305735,-1.04328333075373,0.874849771726638,-0.72849220634674,-1.58352531523914,-1.0002125522811,-1.88129497561135,3.7089361844973,2.53287973474885,-0.685472708736566,-0.0632363539352424,-0.387478036293313,-0.786206461289495,0.589949048296531,-0.594329019975073,1.03518252779145,0.511987598838842,-0.0570045785288092,-0.0123933177430025,0.0639149947615938,-0.154888957153209,2.83112168149947,-0.634402585285642,-0.23600364120476,-0.0520855978833183,-0.277522937462631,0.0464914919194661,-0.433845179637909,1.37562278621411,0.217464062248858,1.48813075226438,-2.13420999570987,-0.79314444928836,-1.21607586867302,0.0409210426295376,-0.888160673235742,0.929222729204051,0.0881812846222431,0.649357240929522,-0.943185334835349,0.260026209173202,-1.352964597874,-0.241958561604024,-0.000739682945828393,1.25614709844634,-0.569295082344151,-0.4726301518147,-0.696016939253532,0.396950550146819,-1.06268769461281,-1.56531543697313,-0.938289124010825,-0.822944761547652,-0.499651675583395,0.682832724400303,-0.241958561604024,-1.00529377613668,-0.696016939253532,0.762407081401742,0.920162769260154,1.09121295537998,-0.265657561852559,0.727215975599007,-0.533031194213599,1.90072856239499,-1.28575565486694,-1.21107795253813,-0.58964979375619,-1.23321624918318,-0.219657981557459,0.540420449981549,0.812099797669774,-0.51147345739279,0.647370646917718,1.62776672727661,-1.70972241982659,-0.728501275489362,-0.367596131833887,0.742239561078903,2.19192999652669,-0.34476848053886,-0.142989533805432,-0.782770299686468,1.18191673872609
comm.and.crime_point_1053,comm.and.crime,regression,0.44,0.0156977534165288,anomaly,0.812099797669774,0.176086267780421,-0.453822940289352,0.0403429408622278,2.36886929272363,-1.65430730164149,-0.592122486177232,-0.232361344920738,0.0372584156911057,-0.0269330266637888,-0.157736176426034,0.484612361667126,-0.343626531286471,0.682832724400303,-0.674062310910845,-0.973985594837714,-1.42850997078591,-1.09892968355255,0.742239561078903,1.13543421017129,1.49645892762175,-0.785229419645906,-0.890859043653398,-0.631940707748796,-0.530896195770433,-0.567472613338656,-0.728501275489362,-0.689744465219389,-0.277522937462631,0.774599373008527,0.113388766845247,0.92179093362327,-1.05966681036934,0.32877769022445,-0.810596144943824,0.413150444081187,0.794515155947413,0.697641581957593,-1.45652702391587,0.431634978161806,1.34262566641654,0.756022567213671,0.684763913302247,0.726106231776839,-2.43057212499046,-2.37775000207258,-1.98415278142511,-2.78258089081955,-0.483059080444962,-0.152304562810898,-0.0579168405136468,3.26165559857376,-0.34476848053886,-0.913834660893733,0.091872495830922,1.09640162811069,0.831520535946791,-0.684350728885536,-0.474442365249838,-0.358091987495182,-0.395527248191373,0.28252993523008,0.0428427375519358,0.978760123186855,0.776626262341248,0.223523394233582,0.415210582653175,0.348137302479556,-0.825004765972568,-0.125091603844216,-0.493806103611632,0.726172755495118,-0.444061083654919,0.00232627821327909,-0.856817549342979,3.65280092285772,1.41103323720088,-2.12579870714607,0.475696899623041,-0.499571897557428,-0.64471119872407,-0.61971625898909,-0.633115326174983,-0.71300979991899,-0.394008843972142,-0.334146706962114,-0.394098372368261,0.589231434646941,0.695483322687741,1.07056346354692,0.102933683049804,-0.226875569169311,-0.586463083611209,1.27788477050604,0.744132303188673,1.36432182184367,1.05170600925156,-0.595936377798769,1.3153972372028,0.4728778694402,-0.391348688885798,-0.731260008940213,-2.12579870714607,-0.375024355916575,-1.352964597874,-0.00859578069383644,0.16626443468128,0.646593252940519,-0.230075729421995,0.331061606670478,0.190080215368281,-0.100894450061688,0.194009440828534,-2.17836166037687,1.32595366093074,2.3986510246141,0.193811995190487,0.917566476161884,-0.197025862064479,1.12020544048043,1.31683711526742,-0.391348688885798,0.500362972394892,-0.595936377798769,-0.100894450061688,-0.922036947615181,-1.16915473049179,-0.350922141952573,0.363106181557171,-1.05911760742057,-0.496372568292438,0.0394141611302526,-1.05911760742057,1.1441185431077,-0.203340548657311,2.09891625254177,0.788476870306472,0.927243136822718,0.328924458417437,-1.56531543697313,0.682832724400303,-1.87023500089416,1.4031069541165,3.20136092144162,-1.15847835603325,0.30420847476134,0.418307893223313,-0.0450487366494222,-0.739281849167541,-0.193933566835524,-0.286904425214791,-0.252778472003357,1.02755132287205,-0.984372399164023,-0.00536567013660394,0.312645653531477,-0.440957773352299,-0.0466050641145143,0.441053158743122,1.21228566329134,-0.713534013953022,-0.838101809661048,1.58750804274895,-1.34276811316667,-0.118733906464382,0.964697885344563,-1.5001071494307,1.12266556301406,-0.433845179637909,1.60318924046321,-0.433845179637909,-0.34476848053886,-0.478351146053977,-0.447422857068877,-1.23467066795639,1.08755631533559,-0.179320641157294,2.28995579272044,-0.675622884018443,-1.23664113404179,0.0352672065190975,0.570558656556745,0.103340488803673,1.23928594682091,-0.660482479245224,-0.241958561604024,0.23524876409128,0.208310841536264,2.89443567317894,-0.4726301518147,-0.653776320283739,0.10330581002708,-0.236728129982936,0.682832724400303,-0.616079834918179,-0.867503152253548,0.0449669127109041,0.682832724400303,0.402187462212296,-0.801801068513758,-0.696016939253532,0.228635869181726,-1.14977363056188,-0.0880946194298402,-0.187688592418646,2.78495437896643,-0.179953678608368,0.68526106180441,-1.58352531523914,-0.444866529913555,0.628950377952967,-1.23321624918318,-0.429402032904556,-0.129276609791536,-1.38334975138032,-0.708757207400764,0.446286906758215,1.09306603880586,-0.145179466755593,0.960248140763403,-0.890859043653398,1.31821468747653,1.30254022030394,0.114002523928599,-0.963629592544147,-0.217420442940414,-0.684350129472983
comm.and.crime_point_0983,comm.and.crime,regression,0.21,0.115992917993573,anomaly,-0.468579105942779,-0.171897892729153,-0.375024355916575,-0.448305952557865,0.0409210426295376,0.394542252695183,-0.687872404062027,-0.576459764357761,-0.156045871094839,-0.0965886105387498,-0.277853012703869,0.26138000840943,-0.499564470154296,-1.56531543697313,-0.960646585528377,-0.700631344738288,1.46212254823023,-1.04277217999017,0.511849510519854,0.865330321151163,0.183525722883532,-1.03742764507821,-0.838532752471447,-0.953132713675412,-0.297787026628403,0.221480193470925,-1.24024352283868,-1.45443495334745,-0.199361816374992,1.16851703426305,1.66007360016841,1.36621788797293,-0.916258664592466,0.0814626478570313,-0.580759143448198,0.660203159698619,-1.02929399866253,1.45170560755573,-1.02709316224863,0.760473546598372,-0.994391424628807,0.756022567213671,0.793692452841512,-0.373547480628615,-0.252097771813259,-0.390868007842976,-0.338433473059384,0.768203604771372,0.999638731277305,-0.0381763034178386,-0.241958561604024,0.217464062248858,-0.34476848053886,2.32686541128124,1.18231152372889,0.500862307366285,-0.0404095264630932,-0.726761076765874,-0.728321444677741,-0.738257558223326,-0.736210329354915,0.811469477533919,-0.548829847861638,-0.445688830173635,-0.429402032904556,-0.248310029719587,-0.471291797870422,0.242485406711466,-0.469831842542641,-0.220349445381496,0.317749953636827,-1.23321624918318,-0.37760024144161,0.260026209173202,-0.370866985519292,-0.388154860795292,-0.599701730718649,-0.0609873547032339,2.24635909052726,-0.644994724379254,-0.867503152253548,-0.835659608007726,-0.803145557548822,-1.21455418294199,-0.967408893757168,-0.898012962874244,-1.09698938712883,-0.35472235350149,-0.959847858576748,-0.383275937536719,-0.286904425214791,-0.226875569169311,-0.932582403962166,1.37576635054595,-0.0278472343569434,0.516532026663808,0.849911231176784,-0.504578098615964,-0.0140505928019747,-0.70587936432781,-0.391348688885798,1.00319918461822,0.369181677055691,7.42603549698832,0.0814626478570313,-1.25406194254054,-1.3888684065923,-0.209368692507428,-0.230075729421995,-0.20888346424473,1.16017042020929,-0.640839520976896,0.0352672065190975,0.303001138876892,-0.478219682404748,-0.06328940132067,0.246029414243294,-0.487789080732225,-0.342407471398352,0.648228546406218,-1.59662847435816,-0.391348688885798,-0.504578098615964,0.591721251577697,-0.20888346424473,-0.61971625898909,-0.435042880192443,-1.67248490055242,-0.461533597514582,-1.30077457424005,-0.256997773580451,-0.0819631937635291,0.269995710086597,0.924892830816656,-0.567472613338656,0.564407987550553,-0.777628410332139,0.722358181389051,0.992669953659678,0.188240128898148,0.682832724400303,-0.0616228744930443,-0.484226741696171,-0.218005403435109,0.972629611637952,-0.266432822203958,1.66067466775754,0.94751679792459,-0.0869550913836323,-0.392446673750327,-0.286904425214791,-0.471261468611373,0.385167311018819,0.960248140763403,-0.960646585528377,0.521950818259281,-1.70616159992132,-0.639972682963453,0.342031597235068,0.118069937584314,-0.144541836585371,-0.897080987655194,-0.7596488149613,-0.856817549342979,0.471237211128387,-1.5166649139092,-1.84486265167414,-0.959847858576748,0.582249394501401,1.12007614608757,4.64662769105864,-0.34476848053886,-0.478351146053977,-0.619472066787389,2.15183033064492,-0.444866529913555,3.0461400666694,-0.274732957383221,-0.930668231079202,0.665092989783826,-1.07592843364696,-0.375024355916575,-0.105964675924132,-0.358453625130612,-0.611019470771741,-0.241958561604024,0.176251652332003,0.827486811528584,-0.653776320283739,-0.267933252874971,-0.696016939253532,0.25012818008695,-0.000739682945828393,0.682832724400303,1.27689973850112,-0.956619933665339,0.985671747037421,0.682832724400303,-0.333979422149212,-0.547435183985099,0.148795440142343,0.228635869181726,-0.244176455639738,-0.0319371158674677,-0.343626531286471,-0.056684368540964,-0.23039332369483,0.955364950824539,-0.442074950479027,-0.444866529913555,1.98815826178241,0.726172755495118,1.35342240354576,0.149763831780583,-1.26138033198864,1.57973429269174,0.647370646917718,1.18218282021765,-1.47267045724008,1.06259659023327,0.260319362349526,-1.21607586867302,-0.377418245894594,0.687466279512922,-0.707179574188299,-0.478351146053977,0.929718513293784
comm.and.crime_point_1505,comm.and.crime,regression,0.14,0.614105050569325,nominal,0.446191539494759,0.87205458879957,-0.296225771543798,-0.875873734300447,0.0803777926311325,0.23063428834825,-0.352747691465246,-0.40441055463925,-0.92926301823862,-0.444866529913555,-0.458028267120621,0.931077068182516,-0.499564470154296,-1.56531543697313,-0.339713990523725,-0.591289644698518,-1.23253488475092,0.13653539481965,1.08782463691748,0.775295691477787,0.541598415084864,-0.331272613867753,-0.210617258288034,-0.257216700834412,-0.414341611199418,0.585612258152271,0.909073916028471,-0.307399221155361,-0.277522937462631,-0.0132359495005283,0.628950377952967,0.773648615506715,-0.342626081484969,-0.165852394510387,-0.350922141952573,0.413150444081187,0.395556903376489,-0.307777118839921,-0.329263137039369,0.541247834307328,0.715621081014131,0.584760136908366,0.630299643532615,-0.56760401811193,-1.19280260613978,-1.06931551806772,-1.0241498515451,-1.00718864302409,-0.483059080444962,-0.209368692507428,-0.149937701058835,0.521883215881349,-0.230075729421995,-0.411754368021554,-0.571872999411319,-0.69021633412253,-0.50201955950362,-0.429888641603507,-0.474442365249838,-0.484813844404564,-0.438112633336816,0.326608230422067,-0.45780329625955,-0.29306929945644,-0.429402032904556,-0.95606016564934,-0.597934995088079,-0.761207603085388,-0.77426577691115,-0.410865128456057,0.723527982261056,-1.23321624918318,-0.244678557014993,-0.203833666554659,-0.910812056434499,1.40272327059638,1.14646284668515,-2.12579870714607,0.187449566220028,0.518387890195357,-0.199127291665113,-0.274206900559272,-0.250547305583844,0.153294134393461,0.131607868330799,0.0686149044036935,0.0744956374721161,0.589231434646941,-0.105483377924108,0.810949284781987,0.492771791314399,-0.226875569169311,-0.326873593347992,1.08212161042621,0.358142534415864,0.915491930277863,0.749013842139396,-0.413219819433159,0.133665832754111,-0.31296028640514,-0.391348688885798,-0.822547334916973,-0.0609873547032339,0.0977671503200851,-0.0669263775634199,0.169327956712836,-0.467308204356106,0.760721512333579,-0.230075729421995,-0.26287797133625,-0.665881730079667,1.9508968194161,2.25765848685121,-0.0278472343569434,-1.18700206728655,-0.457199869470233,0.454899090454526,-0.0516442527306052,0.0937373566032682,1.17920255223971,-1.10282074730298,-0.391348688885798,-0.504578098615964,0.0435715764808665,0.223072592487436,-0.965225617418908,0.788476870306472,2.57949962711665,-0.66769354228252,0.592204999179243,-0.44849760935004,0.0394141611302526,0.511652676906082,-1.15775143594827,-0.264029226104202,1.7814317839229,0.445891340166776,-0.261089604692552,-1.09338731710165,0.682832724400303,-1.56531543697313,-0.33565501485685,-0.720143453672756,-0.851221389523392,0.799837073718665,-0.780009989472726,-0.919625556275082,0.401605753908883,-0.869747200724323,-0.193933566835524,-0.286904425214791,0.0203252737566635,-0.471344704785489,-0.523804376549633,-0.530770173602079,2.30104471844562,0.168214439440191,0.683693543699564,-0.994759483123667,-0.801071272009583,-1.06368304617927,-0.425247563702025,-0.553757862530577,0.601034142128082,-1.23967902989064,-2.01293747375996,0.108751861038678,1.06926778297327,-0.199361816374992,1.01271768067076,-0.35568405855027,-0.34476848053886,0.304440963286713,-0.533447461928133,-0.599701730718649,0.182033724961094,0.799837073718665,-0.708757207400764,-0.760637999705362,-0.127296228476849,-0.811358043131231,-0.296225771543798,-1.41412195547291,-0.564613569898551,-1.20457557245354,-0.0579168405136468,1.29719677575826,-0.267978366150136,-0.527054463374357,-0.574978601284565,0.0220735832329614,0.543772920206689,-0.94469347109426,-1.56531543697313,-0.13276590127921,1.13762442951176,-2.3315505634824,-1.56531543697313,0.0341040200315418,-0.496562007079367,-0.189129511616007,-1.25406194254054,-0.696975043100807,-0.425039640804075,-0.343626531286471,0.0413031744765323,0.828839223120861,3.07117874814888,0.649747137552387,1.01790073146063,-0.58964979375619,0.726172755495118,-0.376966020067782,-1.07801411113674,-0.041686138071928,-0.669300457399169,-0.91102833931843,-0.243685682371009,-1.33043927968817,-0.165584803405107,-0.681553878925593,1.49100722539581,1.00607696156302,-0.230075729421995,-0.50201955950362,0.0435102601731493,-0.58347083930006
comm.and.crime_point_0793,comm.and.crime,regression,0.03,0.028327642408402,nominal,1.60490102371564,-0.519882053238727,-0.375024355916575,0.0403429408622278,-0.708757207400764,0.886266145735984,-0.209122814638054,-0.533447461928133,-0.0271763465708762,-0.723488865413399,-0.337911430842786,-0.240892786420384,-0.343626531286471,0.682832724400303,0.902151199485581,0.447456505679301,0.0902969459852806,1.70894549456608,0.16626443468128,-1.07041421682643,0.660955979151975,0.929718513293784,0.678929691805134,0.492231312994358,-0.705728072626956,0.585612258152271,0.550854342883945,-0.362019970307365,-0.433845179637909,-1.10745167520755,-0.964603692743623,-1.10282074730298,0.517822793176276,-1.40242760634748,0.913181366273366,0.610792616575132,0.110586722968685,-0.760215534198803,1.01271768067076,-1.48659000438483,-0.595388506645455,-1.18495164291312,-1.33041406817415,0.0145655943380156,0.936160966283394,0.966027012606508,0.987284858679672,0.0893771570848711,0.643791256463961,1.16017042020929,-0.333979422149212,-0.869747200724323,-0.34476848053886,-1.00512198687049,-1.18820810213626,-1.53389703851044,-1.32265961824234,-0.684350728885536,-0.686008264773091,-0.696016939253532,-0.65103955906403,0.591078001573987,-0.503316572060594,-0.649181537796562,-0.534274058578104,0.341481750221874,0.668496977088488,-0.602729759433253,0.849381873054233,-0.744267573836537,-1.30536216086009,0.726172755495118,-0.444061083654919,0.981586015860986,0.655028649219603,-0.939194285838884,1.67560362771661,0.283147870703906,-1.08907433885046,-1.17821175605928,-0.199127291665113,-0.274206900559272,-0.293054863427304,0.244484022215825,0.22717454329497,0.108891065540274,0.0744956374721161,0.23524876409128,-1.28023453882149,-0.954427130819579,-0.286904425214791,-0.226875569169311,-0.586463083611209,1.08212161042621,1.2955462585784,1.36432182184367,1.20305209280765,-0.504578098615964,-0.0140505928019747,0.0363011161927887,-0.391348688885798,1.82478511840906,1.65968877233247,-0.296225771543798,0.130925656330515,-0.0679036931627271,-2.71361119730684,1.04604216081623,1.26093003509725,-0.478855999702333,-2.03542084279638,-1.66673515571579,2.68097111167637,1.2955462585784,3.71003986462407,-0.309483443914147,0.193811995190487,-0.148565325619854,-0.827012835844596,-0.708705024057152,1.86002561502812,0.940163369364442,-0.504578098615964,0.134929855663671,0.115083578304395,-1.00841428722264,-0.239279720112616,1.66015162113415,-3.60547275522564,0.713033482588985,0.269626774785918,-0.385406580997984,-0.414699029235275,-0.445267871002372,-0.567472613338656,0.881892456169426,1.22894398048608,0.35356526160845,-0.998566532067046,0.682832724400303,0.682832724400303,-0.00681644642028318,-1.01503934364349,0.858461772914973,0.972629611637952,0.475400863850929,-0.824058881310911,-0.789472887579932,-0.43486269553505,-0.293190120292925,-0.286904425214791,-0.853606712675401,-1.3278567205898,2.03490686019698,1.28426356564229,0.364971944713428,-0.159801367448073,1.82478511840906,0.589585501005203,-1.01991441715099,1.78127784065899,0.282502572227728,1.25808251885979,-0.370866985519292,0.23524876409128,0.303001138876892,0.913181366273366,-0.0520855978833183,-0.121200695287352,-0.275583904330964,0.191443789063205,-0.115382978305131,1.17420997366526,-0.447422857068877,-1.34049882416269,0.251689308836056,-0.467308204356106,-0.629843707397574,-1.01568334676612,-0.814033550969433,-0.652615808821794,-0.296225771543798,-1.30946937310901,-2.11081315565809,0.427703707171417,-0.333979422149212,0.589231434646941,-0.315607286918777,-0.738257558223326,-1.64963732071814,-0.738257558223326,-1.21809552051175,-0.295725241742213,-1.56531543697313,1.11579509395479,-0.912061542959443,1.1342040892995,-1.56531543697313,-0.149937701058835,-0.496562007079367,-0.696016939253532,1.35548620609065,2.14918750665448,-0.200409626554585,7.29733247323696,-0.350646997593453,-0.58347083930006,0.190070598600841,0.351977477180183,0.530311644335899,-0.58964979375619,0.726172755495118,-0.534274058578104,1.54496603964118,1.17800805584479,-0.156362707378436,-1.26292488459756,-0.867503152253548,-1.70972241982659,-0.319107477609904,-0.786206461289495,0.511849510519854,2.58721434151458,-0.34476848053886,-0.655889570517129,-0.739281849167541,-0.58347083930006
comm.and.crime_point_0882,comm.and.crime,regression,0.06,0.157252244539173,nominal,0.995053926757281,-0.171897892729153,-0.453822940289352,0.284667387572275,0.0803777926311325,0.312588270521716,-0.544247527234835,-0.490435159498505,-0.156045871094839,0.182033724961094,-0.458028267120621,-1.24543837608001,-0.343626531286471,0.682832724400303,0.137926467172162,1.54087350607701,-1.42850997078591,-0.481197144366448,-1.33127089395254,-0.665258383296233,-1.54715895608958,0.0722445468239389,-0.315269840651936,-0.41781270379772,-0.181232442057388,4.83381967943463,0.192634769739419,1.00349875849274,-0.433845179637909,-0.932377159094426,-0.214695894768757,-0.115205293192613,-0.103612505190179,-0.907797521612643,1.60269237076024,2.19192999652669,-1.14328207082565,0.999267192196847,-0.060866973497344,-0.0616228744930443,-1.05139184148357,0.185147799529322,0.0856569458362924,0.143936619326893,0.540074720251176,0.626803257494137,0.850141582982528,0.611551347612948,1.82994950584177,1.27429867960235,-0.333979422149212,-0.521839596572905,-0.34476848053886,-1.05076564985887,-0.192589859272896,-0.442074950479027,-0.296859544818942,-0.726761076765874,-0.559068725059139,-0.611535701313945,-0.608454173918587,0.767391182341933,-0.594343123662683,-0.852674245419489,-0.691582097088426,0.459440106210166,0.60517537847966,0.0311816151752862,0.494208949624305,-0.458494049224697,-0.609742683218555,0.726172755495118,-0.444061083654919,0.260026209173202,0.43905062085352,-0.801434429577986,-1.39341290226583,1.27253664374943,-0.389045100585998,0.179067960944429,-0.64471119872407,-0.706093598596545,-0.675622884018443,-0.211465416895992,-0.394008843972142,-0.374422868098694,-0.347238971384223,-2.59661260035402,-1.01324563861754,0.914794956287961,-0.286904425214791,-0.226875569169311,-0.672992913698949,0.0543650200071232,-0.0278472343569434,-0.181647804660787,-0.713998298902748,-0.504578098615964,-0.260244635395451,-0.662221689003069,-0.391348688885798,2.00735977036258,-1.86769728809072,0.412961487811192,1.66427891900851,0.0507121317750543,-0.179320641157294,1.16017042020929,-0.34476848053886,1.6809242839585,-0.551753470686607,-0.748828535159937,-0.493873574512357,-0.854968167441532,-1.96021921443033,-0.06328940132067,-1.7382325097634,0.0937373566032682,-1.16623659095697,-0.236728129982936,1.46497943338397,-0.391348688885798,-0.139144981884744,-0.230503261067549,-0.910812056434499,-0.101452221344363,0.396950550146819,-1.27027014793507,-0.873853487050458,1.11579509395479,-0.544247527234835,0.52492358070538,-1.05911760742057,-0.938525723657223,-0.506783935891765,-1.28758474605954,0.10330581002708,0.763335172475784,-0.240000251790199,0.682832724400303,-1.56531543697313,1.1441185431077,-0.602185097684464,-0.281327002043937,1.49100722539581,0.0188878262786913,1.08727461797251,0.500862307366285,1.52211757781668,0.15346437026538,0.492771791314399,2.69674198220486,1.18814732583536,-1.54728887124828,-1.00841063129797,-0.786206461289495,1.2928400630571,-0.548685356986693,0.0449669127109041,-0.888608530066145,1.86881509871555,0.990252708157481,0.310984137678462,-0.370866985519292,0.117254540572726,0.744132303188673,0.568425864029928,-0.105483377924108,-0.277522937462631,-0.382942369747774,6.05352787063615,0.572773528396057,-0.652304948129686,-0.490435159498505,2.3634866430575,0.460656060460939,-0.0641256158777693,0.317118292640701,-0.803145557548822,0.348137302479556,-0.017646871584048,-0.138628602798245,0.207993071167575,0.156946236789233,-0.512093453824773,-0.333979422149212,-0.649707912297875,-0.506122969993337,0.0220735832329614,0.346157443944216,-0.400332606464976,-0.239279720112616,0.353242987609834,0.682832724400303,-1.05911760742057,3.27642718339475,-1.48986729066394,0.682832724400303,-0.333979422149212,1.5383650691499,-0.358091987495182,1.47410203102843,-0.438232993123054,1.48431548031659,-0.499564470154296,0.38425957503777,0.0722445468239389,0.235087913437529,1.4437995652116,0.112378141086133,-0.542780556382761,-1.23321624918318,-0.219657981557459,-1.13382219945117,-0.224640267159436,-0.629843707397574,3.06037552883175,-0.466477635900487,-0.524462606894016,-1.03554662389896,-1.15249049956315,-0.697698254915155,2.24134053965018,-0.34476848053886,1.03668055063147,3.26165559857376,-0.129514033521907
comm.and.crime_point_1469,comm.and.crime,regression,0.04,0.045681517811815,nominal,-0.102670847767764,0.87205458879957,-0.375024355916575,2.78899296635025,-0.669300457399169,0.804312163562517,-0.11337289675326,-0.533447461928133,3.71003986462407,3.52550175095922,3.98629467515928,-0.966397934507894,-0.499564470154296,-1.56531543697313,-0.244185898984547,0.11943140555999,1.90306649180897,0.754267934005747,-0.00652810323800724,-0.75529301296961,-1.01004991778758,0.0218049017374774,-0.786206461289495,-0.953132713675412,-0.12295514977188,-0.931604678020002,-0.984372399164023,-1.07208970928342,-0.35568405855027,-0.10077320755709,-0.261565132142186,-0.658393792953314,1.04365266102481,-1.15511256398006,0.396048112908209,-0.772702590882484,3.18826467137296,-0.307777118839921,0.207529190044681,-1.76062214474864,3.16663900576901,-1.75582641059746,-1.7661282263312,-0.050119918156423,0.490563939497149,0.675263793938761,0.667283882053004,0.35046425234891,1.6520257684351,1.9590682359607,-0.241958561604024,2.18096542220705e-05,-0.34476848053886,0.911911858641464,0.945259561142375,0.798631967738489,1.29313056898732,-0.345067945842831,-0.347502825535886,-0.400332606464976,-0.352941863045931,0.591078001573987,-0.548829847861638,-0.547435183985099,-0.586710071414878,-0.425247563702025,0.22524578682669,-1.18381518615775,0.392730971501469,-0.506122969993337,0.201813374029904,0.726172755495118,-0.444061083654919,0.672346098709078,0.0610890712128745,-0.75551447749102,-1.65798329278156,0.756333805638724,-0.553757862530577,-0.790417551201081,-0.377360854488696,-0.403772909970454,-0.505592652644603,-0.4394401364519,-0.346225506490056,-0.334146706962114,-0.534676575320374,0.766222769924772,0.108107742239052,-1.16211847383153,-0.286904425214791,-0.226875569169311,-0.586463083611209,-0.0924573500527467,-1.57180630944818,-2.62527721429687,-1.77342088379534,-0.504578098615964,-0.112528209839365,-0.531248663028845,-0.391348688885798,0.957555521629844,-0.405122580110374,-0.0598300184254683,-1.55081663176793,0.110020044243945,-0.640100742275393,-1.23652302704496,0.802159030629787,0.978995691768727,0.4183367341544,-0.910812056434499,0.0881812846222431,-1.84751328714304,-0.735958731452675,-0.06328940132067,-0.276144776284783,0.239118965937142,1.59601398638663,-1.29867614164992,-0.115205293192613,-0.391348688885798,-0.413219819433159,-0.504578098615964,0.115083578304395,-0.0582635515406352,0.935299240366342,1.54523312038634,-0.719233528474505,0.793585804862147,-0.209122814638054,-0.931604678020002,1.84076599441325,1.47295711154427,0.646300935599162,-0.176389105893484,-1.6096218406714,0.435519243781917,1.3719530937981,0.682832724400303,-1.56531543697313,0.760473546598372,-0.130351673731295,1.49167775900326,0.972629611637952,-0.951202378562316,0.179391205812885,-1.63315359196784,0.130487161211004,-0.144305290106824,-0.286904425214791,-1.29057270589143,-1.00666471466318,-0.4726301518147,-0.769590402450023,-0.733880170107544,1.33969946404113,0.364187902780905,-1.73742119443407,-0.713534013953022,0.161838566612595,-1.13299769963178,0.763944233026054,0.385056113761999,-0.413719465260767,-0.579261189746669,0.281129612160397,0.481892202524582,-0.35568405855027,-0.275583904330964,-0.433845179637909,-0.230075729421995,0.478394765362422,-0.576459764357761,-0.917186199337522,-0.375210946038594,-1.3888684065923,0.00146429262794278,3.10754976404949,-0.232948124244939,1.04063469047886,-0.375024355916575,-0.105964675924132,0.723886084901063,-0.462630445351289,0.678250043847861,0.353242987609834,-0.696638653067897,1.41601400923616,-0.626152826019497,-0.062407654706626,0.494832130186732,1.06120832872116,-1.56531543697313,-0.535527512645018,-0.912061542959443,-0.994759483123667,0.682832724400303,-0.0579168405136468,-0.649181537796562,-0.484813844404564,-1.01683029266498,-1.66725773051738,0.0803778912572774,-0.265657561852559,-0.44863454061095,-0.835669064732367,-0.800310327806298,0.252720923722782,2.06273448958504,-1.10521140486391,-1.23321624918318,-0.639146084251652,-0.575741316306927,-1.38334975138032,-0.629843707397574,-0.709944599158927,-0.0208937288415306,0.281514065900134,-1.34259197230855,-1.2048167907451,0.223861947321042,-0.130365530277162,-0.230075729421995,-0.758469577859468,-0.782770299686468,-0.331272613867753
comm.and.crime_point_0138,comm.and.crime,regression,0.16,0.07435724274331,anomaly,-1.38334975138032,-1.56383453476745,-0.138628602798245,-1.05911706933298,-0.550930207394384,-0.015227658172151,2.04100025565462,0.240773981805169,-1.25143682954853,0.321344892711017,-0.337911430842786,-0.798973669564622,-0.0317506535508209,0.682832724400303,0.711095016407226,0.775481605798612,-0.693603398154691,0.192692898382022,-1.15847835603325,-0.170067920092664,-1.12940748185469,0.828839223120861,0.992887438896841,0.974019321884281,1.04259069593827,0.52492358070538,0.243808994474351,0.621153514428708,-0.277522937462631,-0.713534013953022,-0.964603692743623,-1.05343997459746,0.66123093895315,-1.00672353855961,1.54523312038634,1.40136130655091,-0.744323818254725,-0.961299274358306,0.636963051711922,1.63737639576255,0.943622748433189,2.01194705611924,1.82851357846452,-0.891031580584123,-0.499651675583395,-0.4393285442876,0.027281928799666,-0.798318966812861,0.58448334399507,0.475400863850929,-0.241958561604024,-0.260908893459341,-0.000690227188266011,0.135969587839005,0.518566028486648,0.699375414281087,0.934100543289131,0.503139011763931,0.752639851985028,0.824645343659043,0.882034306171907,-0.202331311881772,0.179382564955068,-0.343942476362171,-0.534274058578104,-0.838101809661048,-0.787899790914564,-0.497077863665163,-1.07869971127966,0.398826524610824,1.01336943127836,-1.23321624918318,-0.311139399228302,0.878506043477017,-1.12679008480058,0.62208408511796,-1.55215513657527,0.369181677055691,-0.924361576905879,-0.596520448771979,2.25158419715915,2.10116993864573,1.95984570227607,1.74911717128482,1.51732465531128,1.63938518873034,1.38655886502517,0.294245875850557,0.802278882769321,-0.798658623560617,-0.286904425214791,-0.226875569169311,0.668219452661009,-0.532924460232356,-0.910109562980505,0.217312098953267,0.14362950791506,-0.504578098615964,1.51235247127758,-0.138329585106176,-0.391348688885798,-0.776903671928593,0.369181677055691,-0.453822940289352,0.872870783432771,0.110020044243945,-0.352113179076581,-0.152304562810898,-0.34476848053886,0.169078085395916,-0.551753470686607,-1.01880107061754,0.617322065653698,2.01238440058504,0.681606038310923,-0.8018715291011,0.82042102382418,0.142197893047893,1.15986915838501,0.825219881684049,-0.0164437477815769,-0.391348688885798,-0.413219819433159,-0.139144981884744,0.0610890712128745,-0.274206900559272,0.543772920206689,0.396048112908209,0.260026209173202,-0.0522135790060488,-0.592122486177232,-0.203340548657311,1.39772822191086,-2.08946071318521,3.55935745304993,0.881892456169426,0.739536080286516,0.927243136822718,0.897849168625072,0.682832724400303,0.682832724400303,0.541247834307328,-0.602185097684464,-0.15468380482628,-0.236918153797056,-0.0952404331143684,-0.72849220634674,0.550490584094985,-0.391374245016123,1.8408257790412,-0.286904425214791,-0.96284821097941,-1.16726071762649,-0.319107477609904,-0.674062310910845,-0.158290967106083,-0.300379570400185,2.50944006323476,-1.2423133868938,-0.0132359495005283,0.468218969810561,0.459440106210166,-1.00671795787817,-0.154888957153209,0.825219881684049,0.0824355567210018,0.453507363282115,-0.425870058168848,-0.199361816374992,-0.329263137039369,-0.35568405855027,-0.230075729421995,-0.391374245016123,-0.576459764357761,0.82897837806628,0.112378141086133,-2.36802612146826,-0.195819457380031,0.174528272850755,-0.866859498853478,1.99308809633548,0.176565734692862,-0.838532752471447,0.00232627821327909,0.0814626478570313,-0.333979422149212,0.589231434646941,0.636971128454024,-0.400332606464976,-0.626152826019497,-0.315851368525389,-1.46279947061153,-0.708705024057152,-1.56531543697313,-0.414699029235275,-0.154568900959218,-1.39084572915588,0.682832724400303,-0.149937701058835,-0.343942476362171,0.697923486749661,0.228635869181726,-0.050119918156423,-0.481197144366448,-0.499564470154296,-0.056684368540964,1.83763212485009,-0.665258383296233,-0.590959780665129,-1.00211120091324,1.42572741330126,0.726172755495118,1.19611436503544,-1.35705455270886,-1.0174414932053,-0.472016707391195,-0.358048053879797,-0.867503152253548,1.98828819652304,0.499680118149013,0.94056114771489,0.223861947321042,-0.229186616524135,-0.230075729421995,-0.861049585201808,-0.217420442940414,1.68631318959071
comm.and.crime_point_1434,comm.and.crime,regression,0.05,0.060885875528249,nominal,-0.224640267159436,0.87205458879957,-0.453822940289352,1.07872183937993,-0.669300457399169,0.681381190302317,0.652626446325096,-0.490435159498505,0.681606038310923,-0.584177697663477,0.202614332407471,0.149763831780583,-0.421595500720383,0.480499389876695,3.05153325911707,0.11943140555999,0.531240889564015,2.66362305512641,-0.352113179076581,-1.11543153166311,-0.950371135754022,3.14906289709809,3.39989683326659,3.3829593663339,2.67435487993248,-1.23504806525446,3.31426247857029,-0.252778472003357,-0.433845179637909,-0.976145788122707,-1.29268835435763,-1.79415156518023,3.05136670190105,-0.907797521612643,-0.178544390830854,-0.723292047758998,2.50433623839423,-1.96671797515582,2.99884929088174,-1.87023500089416,-0.310386422371632,-2.04126379443964,-1.98398530540973,-0.244176455639738,1.57980111608575,1.59601398638663,1.35300026053872,1.55146489056349,-1.19475403007165,-1.52184367552761,-0.333979422149212,-0.91323565124325,-0.230075729421995,-0.639972682963453,-0.90374574703244,-0.69021633412253,-0.348149548490111,-0.302657597962493,-0.389816005440537,-0.273610749555595,-0.0974295521732745,0.28252993523008,-0.503316572060594,-0.445688830173635,-0.219657981557459,0.577398462198459,0.541853779870831,-0.602729759433253,1.71194468709834,-0.887154336142457,-2.40675966712586,2.68556176017342,-0.444061083654919,0.620806112517094,1.73491879105002,-0.709594525404054,1.30520508099459,-0.620207095989836,-1.08907433885046,-1.17821175605928,3.27642718339475,3.18088668373891,3.10754976404949,1.01959806870591,2.99860811725593,2.32407992805221,2.88605969651438,0.530234322887664,-0.372472278128058,0.291720927252114,-0.286904425214791,-0.226875569169311,0.149040472134574,-0.337161300152529,1.46097044519532,0.317052074856781,0.597667758583312,-0.139144981884744,-0.900349146138491,1.08408532398657,-0.391348688885798,0.272900576804145,0.928401418342293,-0.453822940289352,-0.561556462298257,0.169327956712836,-0.409710691716343,-0.780009989472726,-0.230075729421995,-0.0468999429701671,-0.780009989472726,0.925001184677206,-1.7108973708847,1.13012207196148,1.19708413640678,0.133665832754111,-0.693884128707245,-1.21469712740159,-0.197025862064479,-0.35472235350149,-0.21396683860365,1.73074865395052,1.13987092667453,0.500362972394892,-1.55874614153275,-0.101452221344363,0.201187390066993,0.338588862534303,0.46618615394114,-0.736908318327921,-0.687872404062027,-0.385406580997984,-1.22022225196689,-1.70581571667588,-0.81022732312622,-0.123475027790339,0.690595290266559,-0.629882524473152,0.281514065900134,-1.56531543697313,0.682832724400303,-0.0616228744930443,0.813315174175043,-2.18097496030879,-0.524905716995868,-1.00826650825885,1.08727461797251,-1.28575565486694,-0.565328047091832,-0.938357717766034,-0.286904425214791,0.0203252737566635,-0.257216700834412,-0.984372399164023,0.376746696020106,-0.838532752471447,-0.675254778272487,0.501118891746045,-1.04427026387769,-0.844839901037864,0.0305326795277526,-0.838101809661048,0.969835185456777,0.169078085395916,0.884216993443326,0.744132303188673,-1.21281089756117,1.12266556301406,-0.35568405855027,-0.812376231415014,-0.277522937462631,-0.34476848053886,-0.652304948129686,-0.0603121352022264,-0.123475027790339,-0.723488865413399,-0.352113179076581,-0.590386957395979,-0.803145557548822,-1.23664113404179,0.194009440828534,-0.453822940289352,1.3591714771705,-0.0492137079787055,0.477166715644901,2.7947298363872,1.59218233455465,0.0654240792303436,-0.484813844404564,-0.933198174429091,-0.484813844404564,-0.728687620312182,0.412240099369111,0.682832724400303,-0.213318223552372,-0.689269589429965,-0.499651675583395,0.682832724400303,-0.333979422149212,1.5383650691499,-0.653776320283739,-1.19475403007165,0.27330764431577,-1.9974497405505,-0.499564470154296,-1.08555357022468,0.576640997688553,-0.845327642642986,0.897888521195889,-1.21107795253813,-0.683388268503048,0.726172755495118,0.566882210994152,-0.18508469810596,0.507176249190595,2.68452329273639,2.25604056819374,-1.09029510578303,1.46677387883271,-0.67732705075443,3.39989683326659,-0.121723128517532,2.8836776002555,-0.230075729421995,-0.50201955950362,-0.43486269553505,0.0218049017374774
comm.and.crime_point_0911,comm.and.crime,regression,0.04,0.087621526794707,nominal,0.324222120103087,-0.171897892729153,-0.453822940289352,2.30034407293016,-0.669300457399169,0.271611279434983,2.56762480402099,-0.447422857068877,0.617171276048942,-0.723488865413399,-0.277853012703869,-1.02220602282232,-0.421595500720383,-0.0365746872391946,3.05153325911707,1.65021520611678,-0.497628312119698,2.04589051594031,-1.15847835603325,-0.935362272316362,-0.532619661519134,3.14906289709809,3.08593908617488,2.95470335843174,2.90746404907451,-1.23504806525446,1.88138418599218,3.35219097202891,-0.433845179637909,-1.19498893326411,-0.58964979375619,-0.954678429186424,1.95190425094502,-1.25403858092703,0.108751861038678,-0.871523677129457,0.50954497553961,-1.56455049483681,2.30101926567248,-2.30868642547625,-0.424387256081161,-2.26961370151338,-2.31077092402753,1.5023323817101,1.82735501985588,1.7413955957205,1.49014353623587,1.86476940488033,-1.90644897969834,-2.32074149127903,-0.333979422149212,-0.956724101762177,-0.230075729421995,-1.00512198687049,-1.33043927968817,-1.33538393159564,-1.32265961824234,-0.387478293723169,-0.516755545154489,-0.400332606464976,-0.310356477900488,-0.466801083033691,-0.139210365652241,0.164789292695146,0.566882210994152,2.28779462402869,2.06157214648271,1.24617841650832,2.11785659958969,-0.839525415373817,-2.69660111614316,2.68556176017342,-0.510521925868227,0.981586015860986,2.32885836905675,1.44864322268335,1.56977547151032,1.01443522469408,-1.00671795787817,-1.17821175605928,2.87540166704169,3.18088668373891,3.10754976404949,1.61233233955127,2.99860811725593,2.32407992805221,1.85515287486555,-0.649707912297875,1.17606334305485,0.0840295842401654,-0.286904425214791,-0.226875569169311,0.62495453761714,-0.728687620312182,1.18526346750045,0.167442111001511,0.14362950791506,-0.139144981884744,-0.900349146138491,1.86992347983191,-0.391348688885798,-0.0922487271028942,1.01443522469408,-0.453822940289352,0.576092732591868,-0.30513534303829,-0.294515666436819,1.38842693899541,-0.115382978305131,0.331061606670478,-0.323496951900488,0.817012170494165,-0.017646871584048,0.413283929954837,0.166127940215069,-0.407961060951538,-0.850536385865668,0.190658429492517,0.869105939717259,1.88716789335104,-1.44848615624161,1.93879741305212,-0.0477867027019386,-0.230503261067549,0.709023156311124,3.18088668373891,0.152246600047036,-1.90232190204804,0.826966057285032,0.511652676906082,-0.544247527234835,0.100102838577144,2.24352760577905,-1.32217072016655,0.585612258152271,0.194009440828534,-0.630806040272269,0.271611279434983,-0.90374574703244,-1.56531543697313,0.682832724400303,0.65086069045285,0.636377640192604,-1.16782938256753,-1.61925845715135,-0.323496951900488,2.99860811725593,-0.144305290106824,-1.0002125522811,-0.739844610851231,-0.286904425214791,0.0203252737566635,0.545763313982127,-0.728501275489362,1.33202761141188,-0.0536383847421805,0.121355038456154,1.55092314047878,0.243010035727013,-1.19498893326411,-0.713534013953022,3.17248229394089,-0.718470624475156,0.0610890712128745,0.117254540572726,0.90955648980559,0.798262865525553,0.695483322687741,-0.35568405855027,-0.543980067872989,0.347766031238483,-0.230075729421995,-0.782770299686468,-0.490435159498505,0.299837597034825,-0.723488865413399,0.454251997880092,-0.472016707391195,-0.803145557548822,-0.497077863665163,-0.0705609496871936,0.0189685659473083,-1.15249049956315,1.23928594682091,-1.45189061482096,-0.333979422149212,0.825219881684049,-0.363236207687417,-0.062407654706626,-0.830849724959226,-0.569295082344151,1.03318082040625,-0.767702135816429,0.682832724400303,0.672757321452404,0.647482131746904,-1.2423133868938,0.682832724400303,-0.241958561604024,-0.954420599230953,-0.10464827367642,-1.01683029266498,-0.308861968134177,-0.368882137241703,-0.0317506535508209,-0.056684368540964,-0.129514033521907,3.07117874814888,0.600118860823686,-0.514522113788516,-0.355303606889044,0.726172755495118,-0.376966020067782,1.71239030458445,-1.20039562229281,1.30353704268057,-1.21265394955768,-0.0208937288415306,-0.951156139549743,-0.165584803405107,-1.04783791719925,0.857434586358428,-0.130365530277162,-0.230075729421995,-0.707179574188299,-0.739281849167541,0.7783995780344
comm.and.crime_point_0973,comm.and.crime,regression,0.22,0.32569846562947,anomaly,-0.651533235030286,-0.171897892729153,-0.375024355916575,-0.936954845977958,-0.669300457399169,0.968220127909451,-0.639997445119629,-0.619472066787389,-0.478219682404748,-0.79314444928836,-0.578145103398456,1.43334986301233,-0.499564470154296,-1.56531543697313,-0.769590402450023,-1.46602324501668,-0.105678140049712,-0.200409626554585,1.37581220011629,-0.440171809112793,1.19806501745397,-0.785229419645906,-0.576901296561691,-0.739004709724335,-0.589173488055941,-1.05298203291378,-0.165584803405107,-1.12671045843542,-0.35568405855027,-0.0570045785288092,0.207127241592105,0.724267842801197,-0.964061379851424,-0.0174633690899362,-1.21281089756117,0.857845332192564,0.110586722968685,1.40143467251585,-0.543980067872989,0.486441406234567,-1.1653926751931,0.413497706603062,0.466906834223718,-1.020402605573,-0.00454386804312309,-0.0516442527306052,0.027281928799666,0.663768766665756,0.703099168932851,-0.380561081597017,-0.333979422149212,-0.869747200724323,-0.34476848053886,0.135969587839005,-0.477052214376713,0.302349200451482,0.934100543289131,-0.726761076765874,-0.728321444677741,-0.696016939253532,-0.693624944209472,0.855547772725906,-0.594343123662683,-0.852674245419489,-0.796454122761974,-1.01503934364349,-1.10450778395871,-0.761207603085388,0.494208949624305,-0.506122969993337,0.723527982261056,-1.23321624918318,-0.37760024144161,0.156946236789233,0.49304512794504,-0.158555100360462,0.881892456169426,-1.22244374045233,1.21690432837365,0.421439338980806,-1.00117832437123,-0.965225617418908,-0.930668231079202,-1.16895923903081,-1.11075890620342,-1.17994609083031,-1.1907081890969,-0.826699247575706,-1.54722343902544,-0.642890116301655,-0.286904425214791,-0.226875569169311,-0.889317488918297,1.22894398048608,0.413283929954837,0.716011978470835,0.849911231176784,-0.321861540250354,-0.654155103545014,-0.618564013678328,-0.391348688885798,-0.776903671928593,0.197114064352121,5.29847371892335,0.922333791906255,-1.19475403007165,-0.236918153797056,-0.380561081597017,-0.230075729421995,0.115083578304395,0.475400863850929,-0.640839520976896,-0.388045418306067,0.303001138876892,-0.284915395618803,0.970725577571932,0.246029414243294,1.30525076771888,-0.293946934953727,-0.35472235350149,0.526744751979124,-0.391348688885798,-0.504578098615964,0.774437809943307,0.331061606670478,1.23739654257118,0.396950550146819,-2.07469965316976,0.569266126325109,-0.414699029235275,-0.496372568292438,-0.264029226104202,-1.26049841310347,-1.8154285728214,0.342857548364707,-0.70552988692494,0.299068970106906,-1.77723827490169,-0.192589859272896,-1.56531543697313,-1.56531543697313,0.979699258889417,3.17248229394089,-0.15468380482628,-1.61925845715135,-2.03542084279638,1.23062463041877,0.203092646994081,-0.521839596572905,-0.442074950479027,5.75558625288642,-1.01746896013141,-1.11372871663872,-0.01206212920031,-1.34275895168509,-0.9955116260173,0.0744956374721161,2.60072738921152,-0.648184017845477,0.468218969810561,-0.275847723670213,0.459440106210166,0.969835185456777,0.277067099578957,-0.649707912297875,0.0824355567210018,-1.55756639980461,0.268301082361422,-0.35568405855027,-0.168225438914154,-0.199361816374992,-0.34476848053886,1.91351363248702,-0.576459764357761,-1.60506921467841,0.112378141086133,0.511849510519854,1.54027754269014,0.472081177754975,1.56313410381259,-1.02301435554381,1.12214874716618,0.417298235895379,-0.616153556090535,-0.264778411457355,0.402187462212296,0.23524876409128,0.160681920767624,0.191036059112137,-0.728501275489362,-0.653776320283739,-0.924450780392009,0.589231434646941,0.14327716567068,0.632481160315823,-0.867503152253548,-0.549162456337422,0.682832724400303,-0.333979422149212,-0.59830836089083,2.89443567317894,-0.898214467727196,-0.438232993123054,1.20352796250473,-0.499564470154296,0.0413031744765323,-0.0790743884354456,-0.215085234929352,0.451234030637584,1.50548981858535,-0.58964979375619,-1.23321624918318,3.92278703254769,0.652036626610397,-0.346609686551107,0.00146429262794278,-0.709944599158927,-1.00117832437123,-0.0503586817209869,0.346157443944216,-0.315269840651936,-2.13763607090921,-0.624470961512025,-0.34476848053886,-0.0916995301342629,0.869790820032767,-0.533031194213599
comm.and.crime_point_0355,comm.and.crime,regression,0.03,0.038313192279357,nominal,1.23899276554062,-1.21585037425788,0.255364319065638,3.27764185977035,-0.708757207400764,0.804312163562517,-0.304872732522849,-0.40441055463925,1.51925794771669,1.01790073146063,0.382789586824224,-1.46867072933771,0.358094193618742,0.682832724400303,-0.196421853214959,0.939494155858268,0.727215975599007,-0.144252122992213,-0.928088305474204,-0.350137179439416,-0.353583315418467,-0.432151904040676,-0.9955116260173,-1.16726071762649,-1.34677828776754,-0.81022732312622,-0.830849724959226,-0.96284821097941,-0.043039574199713,-0.319616352698494,-1.10521140486391,-1.1522015200085,0.613428223694192,-0.611019470771741,0.396048112908209,-0.179776073400649,1.13647937243678,-0.257506183800045,0.368566888169896,-1.87023500089416,-0.481387672935926,-1.47038902675529,-1.65719968679194,3.31352673155438,1.28273643156158,1.40217184060813,0.941570433447291,1.13372553814103,-1.31336985500943,-1.46477954583108,-0.333979422149212,-0.956724101762177,-0.230075729421995,0.866268195653084,0.660797206038557,0.848260244467189,0.728940528604452,-0.302657597962493,-0.389816005440537,-0.358091987495182,-0.395527248191373,0.502921411190013,-0.503316572060594,3.72591167609637,3.92278703254769,3.17248229394089,3.20136092144162,2.14421953053709,0.544947938685724,0.541713286916744,-1.07348900164625,0.726172755495118,-0.37760024144161,1.18774596062892,0.385056113761999,-0.388154860795292,-0.440959496409212,1.01443522469408,-0.677292433989011,-0.887366102415632,-0.466477635900487,-0.533338919381635,-0.548100210488063,-0.485035080363082,-0.776275543828826,-0.736908318327921,-0.8158329812246,-1.12168480637209,-0.105483377924108,-1.31788698109049,-0.286904425214791,-0.226875569169311,-0.586463083611209,0.299068970106906,-0.193271420973861,0.217312098953267,-0.209511353715802,-0.139144981884744,0.379859875347588,-0.181987260430917,-0.391348688885798,-0.00096140112613429,1.10046903104586,-0.138628602798245,-0.0669263775634199,-0.423751167976071,0.742239561078903,0.646593252940519,-0.34476848053886,-2.15268571953948,-0.0381763034178386,0.871006677585685,-0.440959496409212,0.358142534415864,-0.413784920142767,-0.70339391206371,-0.380579614390398,-0.148565325619854,0.675263793938761,-0.649707912297875,-0.362109156720205,-0.391348688885798,-0.230503261067549,-0.504578098615964,-0.478855999702333,-0.835659608007726,-1.07127315045188,0.798262865525553,0.105406250597248,-1.09939376855715,-0.639997445119629,0.585612258152271,-0.736908318327921,0.541247834307328,-1.23504806525446,0.670236143756844,0.494832130186732,0.722358181389051,0.945259561142375,0.682832724400303,0.502980871490429,-0.0616228744930443,0.636377640192604,0.22524578682669,-0.179320641157294,-0.152304562810898,0.561657905669569,-0.144305290106824,-0.91323565124325,-1.23612737813824,-0.286904425214791,1.65894774831678,3.3829593663339,-0.728501275489362,-0.626298265141257,1.3591714771705,-0.862692382208638,0.227256913815765,-0.450140894829368,-0.757302642981302,-1.01991441715099,-1.13299769963178,2.08164632858268,0.277067099578957,-0.0597367947051054,-0.082988629895916,-1.67248490055242,-1.2268367587807,-0.121200695287352,-0.168225438914154,6.05352787063615,1.26093003509725,3.26165559857376,-0.576459764357761,-1.55215513657527,0.112378141086133,-2.19523358354898,0.00146429262794278,-0.930668231079202,-0.338600020013028,0.934806534272571,0.255364319065638,2.14406584489976,-1.02847344562641,0.823407774959287,-0.333979422149212,-0.94469347109426,0.0177951584617036,-0.44257322543477,0.141460545004487,-0.44257322543477,-0.777628410332139,-0.000739682945828393,0.682832724400303,0.269995710086597,0.692040522452799,-0.202586991059232,0.682832724400303,-0.241958561604024,0.724394238658196,-0.653776320283739,1.29617829362176,-0.632289530606369,0.305007905506768,-0.499564470154296,1.31514123370399,-0.533031194213599,-1.07041421682643,0.451234030637584,0.669622812085821,-0.402172844262473,-1.23321624918318,0.514446198157378,-1.07801411113674,0.934069217061446,0.00146429262794278,-1.36346675467731,-0.689269589429965,0.613386813521254,-0.830849724959226,-0.105964675924132,0.91503209899819,-0.0315444440301896,0.802159030629787,0.934100543289131,-0.652304948129686,-0.331272613867753
comm.and.crime_point_1960,comm.and.crime,regression,0.1,0.140174380420782,nominal,0.995053926757281,1.56802290981872,-0.296225771543798,2.05601962622011,0.277661542639106,-0.0562046492588845,0.0302519800739321,-0.318385949779994,-0.091611108832858,0.59996722821086,-0.518086685259539,-2.30579205405407,-0.187688592418646,0.682832724400303,-0.291949944754136,2.14225285629574,-0.203665683067209,-0.930457172865427,-2.36802612146826,-0.845327642642986,-1.01004991778758,-0.684350129472983,-0.9955116260173,-1.06019671565095,-0.705728072626956,-0.203340548657311,-0.984372399164023,-0.689744465219389,-0.277522937462631,-0.319616352698494,-0.870865217996765,-0.905297656480906,-0.725047803556634,-1.20457557245354,1.2579368685168,-0.0809549871536759,-0.915305926499407,0.14466129651896,-0.651338533289799,-1.26736429209379,-1.73539684374075,-1.41330154998685,-1.38487833794378,2.53730058162112,1.43126877382367,1.3537113041635,0.667283882053004,0.872638442876987,-1.60990941735388,-1.92129258340332,-0.333979422149212,-0.695793398648614,-0.230075729421995,0.135969587839005,-0.00294828920368394,0.203092646994081,0.113460484550416,-0.387478293723169,-0.432129185345187,-0.400332606464976,-0.438112633336816,0.591078001573987,-0.548829847861638,0.724394238658196,1.03880632652512,2.46473215801113,1.23839136456794,3.14791254033394,-1.58608960189384,-0.0774626830755764,-1.71114018948432,0.726172755495118,-0.444061083654919,0.826966057285032,-1.1807845918921,-0.939194285838884,0.511493909447407,0.756333805638724,-0.512579672044432,-1.17821175605928,-0.555594417312278,-0.576527589185363,-0.590607768331523,0.198889078304643,-0.155092156561714,-0.414699029235275,-0.440957773352299,-1.47566747692775,0.588687762606162,-1.6813468313614,-0.286904425214791,-0.226875569169311,-0.49993325352347,-1.85432579077118,-2.23350305591585,-3.12397709381444,-3.28688171935617,0.226288134846476,-0.8018715291011,-0.618564013678328,-0.391348688885798,0.364187902780905,1.01443522469408,-0.375024355916575,0.427703707171417,0.821714993870633,0.223861947321042,-1.35065128643802,-0.34476848053886,-1.50475163444123,0.190080215368281,-0.316872478427771,-0.0705609496871936,-0.689543980824615,-0.220480633356821,-0.8018715291011,-0.171709938179167,0.675263793938761,1.15986915838501,-1.53466458868703,0.0329370249239415,-0.391348688885798,-0.504578098615964,-0.230503261067549,1.08698470595177,-0.706093598596545,0.445891340166776,-1.21281089756117,0.930046029669001,-0.293870545825533,-0.639997445119629,-0.688849968232438,0.350548032359759,0.376828550089045,-0.567472613338656,0.0881812846222431,-1.12021394047183,0.640404199215584,-0.0503586817209869,-1.56531543697313,0.0083882759882738,-0.774106439438939,0.459440106210166,0.731818575697316,-0.0641256158777693,0.133016085671751,1.23062463041877,0.00457954007927846,3.13119024701698,-0.590959780665129,-0.286904425214791,-0.143536973699349,-0.257216700834412,0.346157443944216,0.137926467172162,-0.890859043653398,0.496230246328455,-1.46155861675429,-1.88595353669616,-0.62599675589646,-0.669765384924741,-1.07401852163763,-1.04789614836431,-0.316872478427771,0.943214105202603,-2.34378584699379,-0.86805539531773,-0.212278938005688,-0.043039574199713,1.33479307692119,-0.121200695287352,-0.34476848053886,-0.565328047091832,-0.361398252209622,-0.70552988692494,3.52550175095922,0.972629611637952,-0.51147345739279,-0.335562421270764,0.295311354595511,-1.55215513657527,-0.375024355916575,-1.30946937310901,-0.203833666554659,-0.561556462298257,-0.333979422149212,-1.94764437100197,-0.506122969993337,-0.484813844404564,2.03490686019698,-0.358091987495182,0.445891340166776,-0.472716577020044,-1.56531543697313,0.793585804862147,-0.867503152253548,-1.73742119443407,0.682832724400303,0.0341040200315418,-0.700054714702294,0.23327667808193,-1.13544611760276,-0.56760401811193,0.978897948255237,-0.499564470154296,-0.301653226084705,-0.280832968781291,0.235087913437529,-1.33538393159564,-0.79314444928836,-0.58964979375619,-1.23321624918318,0.40957417248383,-0.687357492935775,0.751115087973938,-0.116905957376842,-0.458589923959548,-0.912061542959443,-0.666693784445925,-0.319107477609904,-0.838532752471447,0.281459459960805,1.54959293592137,-0.34476848053886,-0.0404095264630932,-0.173931992421487,0.980158158380245
comm.and.crime_point_1060,comm.and.crime,regression,0.31,0.123188665359477,anomaly,-1.38334975138032,0.176086267780421,-0.296225771543798,-1.60884707443059,-0.629843707397574,0.47649623486865,-0.209122814638054,0.455835493953308,-1.18700206728655,-1.28073353641309,-0.818378775954126,2.21466309941426,-0.187688592418646,0.682832724400303,0.281218604480928,-1.30201069495703,-0.791590941172187,0.529637919756257,1.37581220011629,-0.890344957479674,0.72063476118553,0.47576170751563,1.93476068017196,1.9911273406519,0.226708603941165,0.282168870917816,0.0902863202695546,-0.362019970307365,-0.35568405855027,-0.538459497839898,-0.870865217996765,-0.806536111069869,0.0397956405866952,-0.709945487718708,-0.350922141952573,-1.66209236710524,-0.801317854336286,-1.36346675467731,0.153849957336276,0.705667118525611,-0.367386839226397,1.15563490459271,0.957085262150409,-1.8613142680007,-0.0540546487971503,-0.00318371628598076,0.53014060635586,-0.432797033443206,0.169327956712836,0.646593252940519,-0.241958561604024,-0.478351146053977,-0.115382978305131,0.455475228757665,0.755617991073163,1.09640162811069,1.13926055797381,0.927242490567312,1.04883211131758,1.20481091438719,1.13754661704456,-0.334566197457732,0.497975495562377,-0.394815653267903,-0.534274058578104,-1.42789358960251,-1.92768856587347,-0.497077863665163,-0.114658919112713,0.0654240792303436,0.839464561867979,-1.23321624918318,2.21437260487742,-3.70855272760961,0.115083578304395,-0.617754621230122,-1.7108973708847,1.53063806280479,-0.924361576905879,-1.03278892923746,0.513806959629217,0.762321174730183,1.19470966109379,1.293167732173,1.08727461797251,0.99496661054505,1.10540245912095,2.2411505639067,1.87023448358512,0.291720927252114,-0.286904425214791,-0.226875569169311,0.798014197792618,-1.36491789057162,-1.46152351837023,-1.47826749140646,-0.411306131790581,-0.139144981884744,-0.654155103545014,-0.531248663028845,-0.391348688885798,1.23141749956012,0.756333805638724,-0.375024355916575,1.51588989358806,0.58448334399507,0.223861947321042,-0.0381763034178386,-0.230075729421995,0.655028649219603,-0.551753470686607,1.46494625559241,-0.335131340202921,1.79181881842915,-0.864828255976639,-0.407961060951538,1.34259521435226,-0.536249617176849,-1.40853927318009,0.884216993443326,-0.609013020247796,-0.391348688885798,-0.321861540250354,-0.321861540250354,-1.55874614153275,-0.274206900559272,0.494832130186732,0.166211111412584,0.620806112517094,-1.34105073537663,1.84950041988503,-0.0819631937635291,1.43800438304744,-0.719300011366178,-0.567472613338656,0.0881812846222431,-1.6096218406714,0.722358181389051,1.3719530937981,0.323129018580554,0.682832724400303,0.541247834307328,-0.366268385707879,1.61832095622091,-0.121723128517532,0.589529123243989,0.513874568187483,-0.69021633412253,-0.652304948129686,-0.193933566835524,0.297852737182101,-0.143536973699349,0.866955319908742,-0.370281702344836,-0.960646585528377,-0.943185334835349,-0.0192231644959594,0.318544239792525,0.0944776934649314,-0.538459497839898,-0.232079094641932,-0.307289207713733,-1.00671795787817,-1.99070219826491,-1.00369058285354,-1.84751328714304,0.453507363282115,1.28285890313643,-0.277522937462631,2.24734003296407,-0.35568405855027,-0.34476848053886,-0.173931992421487,3.6817581761754,-0.970100277440667,-0.0965886105387498,-1.04328333075373,-0.669300457399169,-0.930668231079202,-0.549903811549208,0.0352672065190975,-0.0598300184254683,-1.15249049956315,1.23928594682091,1.76320493595548,-0.333979422149212,1.00221121696188,-0.363236207687417,-0.696016939253532,0.294983219209284,3.44356371978626,-0.386102090172486,-1.41667036516848,0.682832724400303,-0.414699029235275,-0.778386370841756,-1.19280260613978,0.682832724400303,-0.241958561604024,-0.700054714702294,0.0643142022027552,-1.78783315476056,-1.020402605573,1.37200047319184,-0.265657561852559,1.31514123370399,-0.432151904040676,-0.485189123949481,0.10383609353668,-1.0717667847882,1.09764275168726,0.726172755495118,-0.796454122761974,0.652036626610397,-1.20039562229281,-0.629843707397574,-1.26292488459756,-0.912061542959443,-1.18820810213626,-1.18906929810375,-0.681553878925593,0.627044535799378,0.314329357834215,-0.34476848053886,-0.60459956684596,3.26165559857376,-0.331272613867753
comm.and.crime_point_1089,comm.and.crime,regression,0.1,0.180693080898436,nominal,1.60490102371564,0.176086267780421,0.255364319065638,-1.05911706933298,-0.669300457399169,0.927243136822718,-0.544247527234835,-0.533447461928133,-1.05813254276258,-0.375210946038594,-0.638203521537374,0.931077068182516,0.280125224184829,0.682832724400303,-0.291949944754136,-0.536618794678632,-0.938572255698432,0.922740444692865,0.857434586358428,-0.305119864602728,1.19806501745397,-0.23039332369483,-0.262943549469985,-0.41781270379772,-1.05539182634,-0.385406580997984,-0.421455927079768,-0.198157722851353,-0.199361816374992,-0.757302642981302,-0.308434369515615,-0.164586065898132,-0.868455949333508,-0.759408496192192,0.281129612160397,0.660203159698619,-0.516347673928482,0.446286906758215,-0.812376231415014,0.157602837798,-0.196385588662103,-0.271552014618157,-0.0777358634726045,-0.761660555595246,0.143988474218959,0.384500575271014,0.392997330658716,0.141594576137679,1.17756246868398,1.21723454990582,-0.149937701058835,-0.521839596572905,-0.230075729421995,-0.959478323882113,-0.856335354515137,-1.13687082468084,-1.3739496219135,-0.684350728885536,-0.64369508486844,-0.653776320283739,-0.693624944209472,0.591078001573987,-0.548829847861638,-0.649181537796562,-0.691582097088426,-0.95606016564934,-0.407970199261594,-1.28946708192584,0.0882970371329595,-0.601380811530617,0.665559692457595,-1.23321624918318,-0.244678557014993,1.08466598824495,-0.20888346424473,-0.801434429577986,-0.388045418306067,-1.05037612774876,-0.800827005447445,0.130593685337154,-0.555594417312278,-0.662904928792817,-0.760637999705362,-0.0290856412512651,-0.202875494043799,-0.293870545825533,-0.347238971384223,-0.94469347109426,0.108107742239052,1.38210047806485,-0.286904425214791,-0.226875569169311,-0.586463083611209,1.42470714056591,0.6889909076497,1.11497188208489,1.20305209280765,-0.321861540250354,1.16768081164671,0.298247168141235,3.7696264931462,-0.503041693998314,-1.22244374045233,-0.375024355916575,-0.858334513139159,-2.61814392932502,1.95178732651391,-0.494689340990077,-0.230075729421995,0.0610890712128745,-0.894138248865786,1.08698470595177,0.617322065653698,-1.07553374959742,-0.671523969190694,3.77733766313757,-3.04366798608359,0.0452768201586437,-0.390868007842976,-0.885696359334983,0.823029388212234,2.1052364203334,0.226288134846476,-0.504578098615964,-0.154888957153209,-0.533338919381635,0.543772920206689,-0.86805539531773,-3.70855272760961,1.63938518873034,-0.304872732522849,-0.688849968232438,0.350548032359759,0.924892830816656,-0.506783935891765,-0.388045418306067,-2.14797053089092,-1.28551438186089,0.613386813521254,0.682832724400303,0.210721610511883,-1.70581571667588,-0.0123933177430025,-0.407970199261594,0.799837073718665,0.817785642030109,-0.824058881310911,2.0889671626847,-0.260908893459341,-0.590959780665129,0.102933683049804,0.0749460229086676,-0.578408706761027,-0.984372399164023,0.806623107946404,-0.00131209356022966,0.168214439440191,0.318544239792525,-2.72763680951462,1.5186660664893,-0.62599675589646,-0.66116427567861,1.5463298522628,-0.532850506793854,-0.35472235350149,-0.910109562980505,-0.408381392326479,-1.06664341865833,-0.199361816374992,-0.060866973497344,0.816732757764318,1.03154453286352,0.0435102601731493,1.70319226441252,-0.335131340202921,-1.0717667847882,-0.812893280194679,1.18516679267579,0.00449804147691576,0.717918937667871,-0.70552988692494,-0.217427187171022,1.14986631244269,0.878506043477017,-0.611019470771741,-0.333979422149212,0.176251652332003,0.0177951584617036,-0.738257558223326,1.36964193864286,-0.611535701313945,-1.51174026063149,0.530234322887664,0.682832724400303,-1.13966992969373,-0.733827980135861,1.08469330854548,0.682832724400303,-0.241958561604024,-0.191322945644976,0.0643142022027552,-0.127211605631618,0.27330764431577,-0.53735464792882,-0.499564470154296,-0.252659454575957,-0.835669064732367,1.18045152500798,-1.28575565486694,0.391000476585978,0.957035039566971,-1.23321624918318,-0.376966020067782,0.98688515649694,-1.20039562229281,0.47494529264708,0.898725322117096,0.647482131746904,-1.66231202730929,-0.574978601284565,-0.105964675924132,-1.15847835603325,-1.0691658496234,-0.230075729421995,0.267330495563925,-0.826258750205395,1.83763212485009
comm.and.crime_point_0771,comm.and.crime,regression,0.52,0.0376898782981188,anomaly,-1.6882732998595,-0.519882053238727,0.0977671503200851,-0.326143729202842,1.38245054268376,-0.752813497733353,-0.496372568292438,-0.576459764357761,0.101693177953087,-0.235899778288672,-0.277853012703869,-0.0734685214771128,0.124187285317004,0.682832724400303,-0.626298265141257,-0.153922844539436,-0.203665683067209,-1.04277217999017,0.16626443468128,0.280105228274217,-0.472940879485578,-0.533031194213599,-0.419922423015838,-0.150152698858873,-0.764005364912463,-0.0212745163166381,-0.0632363539352424,-0.198157722851353,0.191443789063205,0.643293485923684,0.394604191085821,0.625506297390161,-0.294823366226011,-0.413167436877806,0.0512926106647712,0.0178660990932967,-0.0603953852759968,0.446286906758215,-0.221904671622559,0.815279974671134,-0.766389757209749,1.04145995105585,0.957085262150409,-0.114805430650861,-0.549162456337422,-0.730091762955347,-0.658434449686053,-0.537231871548822,1.0589466437462,0.817785642030109,0.12612488057673,0.521883215881349,-0.34476848053886,-0.366110705033174,0.234103673382831,-0.193933566835524,-0.0916995301342629,-0.684350728885536,-0.64369508486844,-0.696016939253532,-0.693624944209472,0.811469477533919,-0.594343123662683,-0.242196122550708,-0.272093994394233,-0.189330851725441,-0.281327002043937,0.0840075630593312,-0.165397908174131,-0.125091603844216,-0.493806103611632,0.726172755495118,0.0211648118382402,0.0538662644052637,-0.154888957153209,0.208804516335266,-0.123475027790339,0.756333805638724,1.29926070934593,0.227542236551704,-0.778386370841756,-0.706093598596545,-0.633115326174983,-1.30574407076435,-1.15854224368551,-1.09939376855715,-1.05012998614479,-0.94469347109426,-1.54722343902544,-0.227507430277758,-0.0919853710824933,-0.226875569169311,-0.802787658830557,0.445891340166776,-0.082988629895916,0.167442111001511,-0.0581652701597183,1.50530404340575,-0.851110337619796,-0.662221689003069,-0.391348688885798,0.318544239792525,0.369181677055691,-0.296225771543798,-0.759408496192192,-0.186519518100509,-2.08003855826945,-0.0952404331143684,-0.34476848053886,2.16687484778218,0.190080215368281,-0.748828535159937,0.0352672065190975,-0.910109562980505,0.810475562834887,0.0351882157167206,0.246029414243294,1.30525076771888,0.820645403272635,0.117254540572726,-1.1522015200085,3.68640698950556,-0.413219819433159,-0.230503261067549,-0.316872478427771,-0.835659608007726,1.22894398048608,0.453507363282115,0.723886084901063,-1.38132689651321,-0.639997445119629,-0.446095258444874,-1.01884144628399,-0.33565501485685,2.22420654921832,2.09891625254177,-2.34373369097075,0.189657297261516,-1.09338731710165,0.682832724400303,-1.56531543697313,-0.00681644642028318,-0.130351673731295,-1.16782938256753,-0.236918153797056,-0.380561081597017,0.513874568187483,0.94751679792459,2.21793278611951,0.848260244467189,-0.0919853710824933,-0.252778472003357,-0.203684699846642,-0.267933252874971,-0.721826356680434,0.992887438896841,-0.394098372368261,3.1028076820837,-2.08399665971227,-0.976145788122707,1.12474840523477,1.4031069541165,-0.0184413862106956,0.49304512794504,0.0582574288134486,0.137576952259974,-0.465840642700386,-1.38703009890307,-0.433845179637909,-1.29548932579066,-0.277522937462631,-0.115382978305131,0.304440963286713,0.283786284234797,-1.07592843364696,-0.444866529913555,-0.640100742275393,3.23691779275872,0.344558504224595,-0.127296228476849,2.57514295547008,1.51614166903007,-0.733880170107544,-0.409993611322597,-0.0669263775634199,-0.241958561604024,-0.708705024057152,-0.601380811530617,-0.696016939253532,0.909073916028471,-0.653776320283739,0.299068970106906,1.4741881110361,-1.56531543697313,-0.857736801737663,-1.00117832437123,0.29252081648104,-1.56531543697313,-0.241958561604024,2.35233589964161,-0.653776320283739,0.999638731277305,0.402678669304647,1.76510299812845,0.280125224184829,-0.497628312119698,-0.179953678608368,0.46017448762097,-0.293190120292925,-0.166244194413711,-1.05834216749048,0.726172755495118,-0.586710071414878,0.317188096723854,-1.38334975138032,-0.472016707391195,-0.659673664119051,-0.511036026606383,0.37633485093474,-0.523804376549633,-0.890859043653398,0.511849510519854,0.363739900957701,-0.34476848053886,-1.57910963659818,-0.173931992421487,-0.684350129472983
comm.and.crime_point_1149,comm.and.crime,regression,0.06,0.030978536932739,nominal,-1.20039562229281,0.176086267780421,-0.453822940289352,0.651154057637344,-0.629843707397574,0.804312163562517,-0.0654979378108623,-0.533447461928133,-0.54265444466673,-1.35038912028805,-0.818378775954126,0.763652803239245,-0.343626531286471,0.682832724400303,2.23954448103406,0.174102255579875,-0.15467191155846,2.10204801950269,0.799837073718665,-1.11543153166311,1.19806501745397,1.98895106010947,2.09173955371781,1.93759533966413,1.04259069593827,-1.23504806525446,0.806725466558606,1.54970625001278,-0.433845179637909,-1.10745167520755,-0.823995980623335,-1.05343997459746,1.61728524413231,-1.10564955550658,0.338588862534303,-0.278597159647621,1.13647937243678,-1.16238301451781,1.97894386942205,-1.87023500089416,-0.766389757209749,-2.21252622474494,-2.092913844949,0.0792511068324541,1.77784423910186,1.59601398638663,1.44442911100348,1.39481263340506,-0.898214467727196,-0.266432822203958,-0.333979422149212,-1.04370100280003,-0.230075729421995,-1.18769663882401,-1.14079770961895,-1.28575565486694,-1.32265961824234,-0.641940381005198,-0.559068725059139,-0.527054463374357,-0.523283403627701,0.194373344846107,-0.45780329625955,-0.649181537796562,-0.429402032904556,0.931273530163335,0.541853779870831,1.14052652074023,2.06711761052827,-0.839525415373817,-2.58066453653624,0.726172755495118,-0.510521925868227,1.03312600205297,2.27486386196523,0.759843941378858,1.09354876858201,-0.319088773758589,-1.04789614836431,-0.935840378022907,1.98423385292377,1.84203791982337,1.61978523952839,1.42995256390655,1.75624134272171,2.32407992805221,1.80829347388151,-1.82965014748341,0.214903302320632,0.291720927252114,-0.286904425214791,-0.226875569169311,-0.0240191880409045,0.445891340166776,2.34323277381888,1.46406179774719,1.15260339828895,-0.139144981884744,-0.851110337619796,-0.31296028640514,-0.391348688885798,0.729337206687944,0.928401418342293,-0.453822940289352,1.36750086816761,0.821714993870633,-0.409710691716343,-1.40771541613455,-0.34476848053886,1.35695724140937,0.646593252940519,0.00709456412135369,0.511493909447407,0.578708116571755,-0.349350157880785,0.626053917941065,0.977073280982603,1.11140862194038,-2.2323683927387,-0.94469347109426,-0.460870702131241,-0.391348688885798,-0.504578098615964,-0.230503261067549,0.43905062085352,-0.231018230755544,1.27788477050604,0.970640616647273,-0.409993611322597,-0.0119374178694681,-0.544247527234835,1.98145183943076,0.551928838042662,-2.25387999740349,0.52492358070538,-0.546787652615503,-0.777628410332139,0.394542252695183,1.65641544890192,0.682832724400303,0.660351242786569,0.541247834307328,-0.720143453672756,1.11174816735029,-1.56166094451159,-0.494689340990077,-1.2063255811676,-0.243561843564225,-0.869747200724323,-0.0450487366494222,-0.286904425214791,-1.29057270589143,-0.953132713675412,0.499680118149013,-1.00841063129797,0.103340488803673,-1.1907081890969,-0.776903671928593,-0.0540546487971503,0.0305326795277526,-0.844839901037864,0.223523394233582,0.887478804484488,1.57293526977546,0.353242987609834,-0.248412816512834,0.166211111412584,-0.586063398291218,-0.35568405855027,0.368566888169896,0.816732757764318,-0.230075729421995,-0.304397343978269,-0.576459764357761,0.405665753241116,-0.79314444928836,0.511849510519854,0.0803777926311325,-0.505592652644603,-0.497077863665163,-0.599701730718649,-0.375024355916575,-0.52457500537974,-0.306913638938628,-0.759408496192192,-0.0579168405136468,0.825219881684049,-0.220349445381496,2.30306700760182,1.36964193864286,0.106554821172549,-1.31597710055166,-0.649707912297875,0.682832724400303,0.108891065540274,-0.110010510253322,0.391542377989094,-0.84590802533363,-0.333979422149212,-0.903547422325221,-0.569295082344151,-0.245827430569399,0.0145655943380156,-0.76198466217831,-0.265657561852559,0.0902969459852806,-0.986987999991752,-0.575223753622857,-0.839101164308632,-0.0965886105387498,-0.917734455370194,0.726172755495118,-0.48183804574133,-0.966397934507894,1.11702334614895,-0.590386957395979,-0.5591317940393,-0.243685682371009,0.044462103313619,0.192634769739419,-0.733880170107544,0.627044535799378,-1.46445019461129,-0.230075729421995,0.113460484550416,0.391417864324567,-1.1887465803376
comm.and.crime_point_0666,comm.and.crime,regression,0.25,0.065704358340224,anomaly,-1.38334975138032,-0.519882053238727,0.176565734692862,-1.42560373939805,-0.590386957395979,0.23063428834825,1.27500091257626,0.283786284234797,-1.57361064085844,0.460656060460939,-0.518086685259539,-1.18963028776559,0.280125224184829,0.682832724400303,1.42755570295106,1.21284840595769,-0.644609626645943,0.473480416193885,-1.73445348243088,-0.75529301296961,-1.30844382795535,1.4341149641584,1.98708697135391,1.88406333867636,2.79090946450349,0.828366967939835,1.36964193864286,0.948878009340733,-0.199361816374992,-0.757302642981302,-1.05834216749048,-1.20158229271402,1.42607438309648,-1.00672353855961,2.06236637375149,0.90725587531605,-0.972299962580968,-1.31319581963744,1.54951000775481,1.58256996768979,1.5706273338356,1.66942219550863,1.610656499386,-1.34383016804519,-0.301608552567286,-0.148565325619854,0.438711755891097,-0.223927357231975,0.228635869181726,0.0188878262786913,-0.149937701058835,0.130487161211004,0.228695275045463,0.364187902780905,0.328924458417437,0.302349200451482,0.267330495563925,0.715190751165621,0.625700312271076,0.57120162984028,0.541351225008366,-0.246409607073759,0.08835601335298,-0.649181537796562,-0.796454122761974,-1.19197687762592,-1.16782938256753,-0.655555707317298,-1.1801776894025,0.0177951584617036,1.07133772108182,-1.23321624918318,0.0211648118382402,0.414646167749156,-1.1807845918921,-0.617754621230122,-1.49924105847212,0.283147870703906,-0.965539767392024,0.082119409729878,3.18731040198295,3.05132067432773,2.72498174345835,2.43304132995254,2.32964139250673,2.24352760577905,2.08944987978574,-0.295725241742213,2.08382560374828,-0.850581459313604,-0.286904425214791,0.470334733443029,0.668219452661009,-1.02233236043192,-1.13067514513639,0.0677021350979969,-0.562652215346664,-0.413219819433159,2.79256149276366,-0.356617961729881,-0.391348688885798,1.0488428476066,-2.12579870714607,0.0189685659473083,-0.709945487718708,2.60095236793735,-1.73445348243088,0.475400863850929,-0.230075729421995,0.223072592487436,0.874849771726638,-0.20888346424473,-1.39341290226583,-1.35124072729229,0.617171276048942,-0.555677486507623,1.08150811908822,-0.4393285442876,-0.148565325619854,0.530234322887664,-0.855916883775387,-0.391348688885798,2.96703651033063,-0.504578098615964,0.331061606670478,-0.965225617418908,-0.875509990372052,-0.121085140456948,0.208486222981217,0.793585804862147,-0.592122486177232,0.282168870917816,-1.22022225196689,0.541247834307328,0.100102838577144,-0.440959496409212,-0.826569200352095,0.927243136822718,-1.09338731710165,0.682832724400303,-1.56531543697313,-1.76062214474864,-1.48687276759666,-0.344648600652765,1.26061717483676,0.4183367341544,-1.25410891864968,0.897888521195889,0.782813918994912,1.19565818156809,9.45904828140007,0.0203252737566635,1.08108332385982,1.1137708149682,-0.339713990523725,-0.576901296561691,-1.09698938712883,-0.776903671928593,1.03518252779145,0.599524856895403,-1.19498893326411,-0.307289207713733,-0.718470624475156,0.709023156311124,-0.649707912297875,0.192718347798946,-0.925514645691636,0.268301082361422,-0.277522937462631,-0.382942369747774,-0.433845179637909,-0.34476848053886,-0.652304948129686,-0.447422857068877,0.246923518931679,2.06273448958504,0.281459459960805,-0.393103207388005,1.61978523952839,0.453789198247646,-0.811358043131231,-0.375024355916575,-0.733880170107544,0.414646167749156,1.36750086816761,-0.333979422149212,0.353242987609834,-0.315607286918777,-0.653776320283739,-0.0632363539352424,-0.44257322543477,1.22894398048608,-0.649707912297875,0.682832724400303,-0.817460640601083,-0.555594417312278,-2.13350744046629,-1.56531543697313,-0.333979422149212,-0.140449768739244,-0.569295082344151,0.703099168932851,-0.050119918156423,-0.593512151491192,-0.0317506535508209,-0.840584712680936,0.0218049017374774,-0.575223753622857,0.451234030637584,-0.0965886105387498,1.98815826178241,-1.23321624918318,-0.0623499430471371,0.763652803239245,-1.38334975138032,-0.669300457399169,0.295474101638588,0.959390866688173,0.139282888348225,-0.370281702344836,-0.681553878925593,-0.0641256158777693,-1.11857639274689,0.687466279512922,1.54958058734317,-0.91323565124325,-0.734789774559444
comm.and.crime_point_0051,comm.and.crime,regression,0.2,0.10424251484338,anomaly,-0.651533235030286,-1.56383453476745,0.0189685659473083,-0.936954845977958,-0.037992457373652,0.35356526160845,-0.544247527234835,-0.490435159498505,-0.156045871094839,-0.0965886105387498,-0.277853012703869,0.038147655151735,0.0462183158830917,0.682832724400303,-0.578534219371668,-0.481947944658748,-0.497628312119698,-0.425039640804075,0.281459459960805,0.280105228274217,1.31742258152108,-0.533031194213599,-0.472248714197789,-0.631940707748796,0.0518767270846419,-0.264029226104202,0.0391120955346223,-0.689744465219389,0.113282667975565,0.555756227867123,0.0196502920983885,0.329221661157051,-0.82065323407455,0.872870783432771,-0.523299893074292,1.89546673778578,-0.744323818254725,1.04953812723672,-0.866055464123419,1.47295711154427,-0.65238892350022,1.55524724197176,1.55619222961636,-0.632289530606369,-0.846227140861585,-0.730091762955347,-1.20700755247463,-0.693884128707245,-0.0679036931627271,-0.266432822203958,-0.0579168405136468,-0.0869550913836323,-0.34476848053886,-0.868190997905353,-1.09338731710165,-1.28575565486694,-1.06620959988649,-0.726761076765874,-0.728321444677741,-0.738257558223326,-0.693624944209472,0.723312887149946,-0.503316572060594,-0.547435183985099,-0.586710071414878,-0.779122631666902,-0.914542988132221,-0.444251915781118,-0.0131809409898764,-0.506122969993337,0.375718243440288,-1.23321624918318,0.0876256540515485,-0.255373652746643,0.00709456412135369,0.897603797639757,0.617322065653698,-0.792274708693406,0.805122423512198,-0.354149070735601,-0.912061542959443,-0.922036947615181,-0.930668231079202,-0.804199687741353,-0.871842218792997,-0.938289124010825,-0.862692382208638,-0.0597367947051054,-1.97440567935176,-0.227507430277758,0.102933683049804,-0.226875569169311,-0.759522743786688,0.837417660326429,0.247859743337919,0.865621942326106,0.79946253665809,-0.230503261067549,0.133665832754111,-0.662221689003069,3.02065096038044,0.409831565769285,-0.491156386462159,-0.375024355916575,0.130925656330515,0.287943781650617,-0.0641256158777693,2.01613236565723,0.458080777279193,-0.316872478427771,-0.266432822203958,-0.424861492610813,0.405665753241116,0.137576952259974,0.874910325096869,-0.0140505928019747,0.924855861929795,-0.245486398509103,-2.03852624696021,1.35619388751754,0.971171706328788,-0.391348688885798,-0.413219819433159,-0.504578098615964,-0.424861492610813,1.88522658962709,1.32682556052599,-0.465840642700386,-0.564613569898551,1.35745206077428,4.0517485312353,-0.14265187121042,0.511652676906082,0.979699258889417,-0.0212745163166381,0.458579831344262,-0.875509990372052,-1.03965243534049,1.13490113121159,-1.56531543697313,0.682832724400303,-1.21255786402103,0.0465858602511433,0.795140174306145,1.83659230123439,0.874849771726638,-1.06297556872134,-0.888729441037333,-0.91323565124325,-0.64058805739383,-0.286904425214791,-0.908227461827405,0.278103309043281,-1.24024352283868,-0.912882539758789,-0.9955116260173,-0.628395377288449,0.866268195653084,-0.153076210305205,1.08097977620649,1.86881509871555,-0.720143453672756,1.1757261378875,-0.640839520976896,1.12020544048043,-1.57180630944818,-0.178544390830854,-0.212278938005688,-0.199361816374992,-0.221904671622559,-0.433845179637909,-0.230075729421995,-0.826258750205395,-0.533447461928133,0.0352672065190975,0.59996722821086,0.742239561078903,-0.629843707397574,-0.888160673235742,-0.814033550969433,0.723150221859989,-0.453822940289352,-0.367596131833887,0.878506043477017,1.07072281732671,-0.241958561604024,0.589231434646941,-0.696638653067897,-0.189129511616007,2.08608108493191,-0.696016939253532,0.494832130186732,-0.413719465260767,0.682832724400303,-0.69663215719134,-0.511036026606383,0.0449669127109041,0.682832724400303,0.310166601667107,0.113916115789414,-0.738257558223326,1.47410203102843,1.95513096917117,0.978897948255237,-0.109719622984733,0.874197290125252,1.13147709363963,-0.845327642642986,-0.491703227207728,-0.79314444928836,-1.33955759173106,0.726172755495118,-0.114785955883911,1.04269324481136,0.56816095888643,-0.590386957395979,0.14466129651896,0.736598913158695,-0.571872999411319,-1.13789507336882,0.0510141976217214,-0.697698254915155,1.74723510841532,0.458080777279193,-0.245569541147772,-0.478351146053977,-0.482591549127137
comm.and.crime_point_0546,comm.and.crime,regression,0.86,0.0183909027624802,anomaly,-1.38334975138032,-0.867866213748302,-0.375024355916575,1.9949385145426,-0.550930207394384,-1.69528429272822,0.700501405267494,3.6817581761754,0.423866989262996,0.321344892711017,0.202614332407471,-0.18508469810596,-0.343626531286471,0.682832724400303,-0.00536567013660394,0.22877310559976,-1.13454734173342,-1.77281972630101,0.68464204843914,2.39591902559856,0.660955979151975,-0.179953678608368,-0.733880170107544,-0.739004709724335,-0.12295514977188,-0.14265187121042,-0.01206212920031,-0.252778472003357,-0.35568405855027,-0.144541836585371,0.816427327446683,1.66250252420604,-1.29868038666413,1.02125980885322,-0.465840642700386,1.30254022030394,-1.25727014298877,1.5019765425956,-1.45652702391587,-0.00681644642028318,0.430618996740308,0.698935090445236,0.412442564454086,2.79604263159887,-0.252097771813259,-0.87547337228922,-0.292719047827003,-0.954971223971284,-0.542366992913852,-1.1223947676519,-0.149937701058835,0.82630236951384,-0.115382978305131,0.364187902780905,0.328924458417437,0.0542078168079789,0.472490510248604,2.07232188333644,1.89509570941059,1.54273586614554,1.94666893480797,-3.11149879455289,2.36401980340519,3.52241896847344,3.7130429812006,2.40575298001699,2.50482333674451,1.98574168688495,0.139036026194378,3.25656177072922,0.549623112850672,-1.23321624918318,-0.444061083654919,0.878506043477017,0.169078085395916,-0.709594525404054,-1.49924105847212,-0.405122580110374,-0.430223291072143,-0.25720051952105,0.870274085276382,0.719132504926456,0.429573619911515,0.518053685682914,0.848357930562082,0.833861965998727,0.730527251248644,0.825219881684049,0.588687762606162,-1.31788698109049,-0.286904425214791,-0.226875569169311,2.13922656415258,-0.239279720112616,0.744132303188673,1.31445183389192,0.900359925695479,-0.413219819433159,-0.407961060951538,-0.0510142344566935,-0.391348688885798,0.364187902780905,-0.147021161055019,-0.375024355916575,-0.413167436877806,0.228635869181726,0.223861947321042,0.646593252940519,-0.34476848053886,1.19497372013481,-0.0381763034178386,-0.424861492610813,-1.18175658985325,-1.13067514513639,-0.284915395618803,0.724531534978455,0.0893771570848711,1.06294808549576,0.239118965937142,1.4741881110361,-1.05343997459746,-0.391348688885798,-0.504578098615964,-0.321861540250354,-1.55874614153275,1.49652856139355,0.935299240366342,0.0512926106647712,1.03312600205297,0.874138127135308,-0.44849760935004,0.464234903258489,0.43110035463292,-0.664493583293417,-0.385406580997984,0.0881812846222431,0.641654500246602,-1.20356039968742,-1.37784967220547,0.682832724400303,0.637869761172835,0.815279974671134,-0.484226741696171,-0.15468380482628,-2.42562363410802,2.47264540322947,-0.72849220634674,-1.08724254795214,-0.0869550913836323,-0.293190120292925,-0.189444898148642,-1.29057270589143,0.0104433041044344,-1.64963732071814,-0.626298265141257,-0.890859043653398,1.43341826600921,-0.137892390091274,-2.08399665971227,0.818368002036808,-0.62599675589646,3.17248229394089,-0.7596488149613,0.43905062085352,-0.118733906464382,1.07498067642251,-0.121085140456948,0.108107742239052,-0.199361816374992,-1.7249231874579,-0.277522937462631,-0.115382978305131,-1.0002125522811,-0.447422857068877,-1.02301435554381,0.460656060460939,0.511849510519854,-0.629843707397574,-0.803145557548822,1.08770057285619,-0.864272121234376,-0.217427187171022,0.207993071167575,-1.02847344562641,0.378240698697934,-0.333979422149212,0.589231434646941,0.255939762304904,2.76771381626956,-1.13789507336882,-0.696016939253532,-0.973391570411965,0.176251652332003,0.682832724400303,0.0686149044036935,-0.466477635900487,1.23322565080756,-1.56531543697313,-0.333979422149212,0.978760123186855,-0.611535701313945,-0.483059080444962,-0.244176455639738,-1.54818971205152,0.202156254750917,0.0902969459852806,0.324442772256246,-0.125050605255976,0.203092646994081,-1.14142236866316,-0.58964979375619,-1.23321624918318,-0.639146084251652,0.596228538295973,-1.20039562229281,-0.35364645738641,1.5019765425956,0.469248568923321,0.660797206038557,0.44850589341408,1.77778180662611,-0.812893280194679,2.58721434151458,-0.230075729421995,1.54958058734317,2.13095588508166,-1.08786729016467
comm.and.crime_point_0977,comm.and.crime,regression,0.77,0.0388883249444508,anomaly,-0.956456783509466,-0.171897892729153,-0.296225771543798,-0.509387064235377,3.23691779275872,-3.08850198967716,0.221751815843521,-0.490435159498505,0.423866989262996,1.43583423471039,0.803198513796647,-1.24543837608001,-0.265657561852559,0.682832724400303,-0.912882539758789,0.884823305838383,-0.497628312119698,-2.27823725836237,-1.3888684065923,0.505191802457658,-1.30844382795535,-1.13830693525114,-0.890859043653398,-0.0966206978711041,-0.297787026628403,-0.264029226104202,-0.984372399164023,-0.252778472003357,-0.121200695287352,1.38736017940446,-0.0272189452750407,0.230460115746014,-0.486034227261844,0.872870783432771,0.85572211589946,-0.970344763376429,-0.915305926499407,0.546828776837966,-1.02709316224863,2.34985996070845,2.02663066867372,2.75408425410889,2.64547762500901,0.27330764431577,-3.02470149403878,-2.66851322074032,-2.57844030944607,-3.04366798608359,2.00787324324845,1.33136280929888,0.12612488057673,3.26165559857376,-0.230075729421995,0.638049880711185,1.3245427012808,1.6919409488551,2.93441068646475,0.0790355329605499,0.287194873033872,0.317757916021518,0.626521995299251,0.238451640038094,0.0428427375519358,0.673521061752464,0.304702146810281,-0.307289207713733,-0.851221389523392,0.400963250363601,-2.8545643284293,1.01800249460314,1.99883035793721,-1.23321624918318,0.220547338478165,-3.03853290711381,-2.90860881882077,0.116964612161334,-0.546787652615503,0.455215483407476,1.25808251885979,-0.0148291414846731,-0.600152808018174,-0.533338919381635,-0.590607768331523,0.10769919048228,-0.155092156561714,-0.414699029235275,-0.159801367448073,0.176251652332003,0.855676662810112,-0.175584594524771,-0.286904425214791,-0.127274097367549,-0.110549018128644,-0.0435165600327901,-1.62694770498715,-1.12917757574417,-1.36983132764578,-0.321861540250354,-0.260244635395451,3.6598881681463,-0.391348688885798,-0.868190997905353,-0.620207095989836,-0.138628602798245,0.576092732591868,1.0589466437462,-0.985685818113966,-0.209368692507428,1.03154453286352,-0.370866985519292,1.84493997656764,-0.910812056434499,0.881892456169426,0.137576952259974,-0.735958731452675,-0.358722252432842,0.0371597380320633,0.239118965937142,-1.60238141895859,-0.531713688779321,0.427983206568087,-0.391348688885798,-0.504578098615964,-0.413219819433159,0.49304512794504,2.14435860844946,1.57152951062578,-2.87912915840445,-0.616153556090535,1.03524277168163,-0.639997445119629,0.464234903258489,-0.253594384688952,-1.65100928860312,-0.385406580997984,-0.282217262099776,1.27788477050604,0.189657297261516,-1.23561849465356,0.682832724400303,0.682832724400303,0.212409265870761,-0.838101809661048,2.12489374509154,-1.61925845715135,-0.722945859776196,-0.394008843972142,1.09640162811069,0.130487161211004,0.451234030637584,-0.0919853710824933,-0.525882217763377,-0.36428070280995,0.346157443944216,-1.34275895168509,-0.576901296561691,-0.394098372368261,-0.503041693998314,0.243010035727013,-0.844839901037864,-0.62599675589646,1.99289873405796,-0.594936053016721,2.00489132650762,-0.531713688779321,-0.303554212051806,0.798262865525553,0.695483322687741,-0.433845179637909,-1.18813086037385,-0.35568405855027,-0.115382978305131,-0.695793398648614,0.283786284234797,-1.816725527091,-0.444866529913555,0.799837073718665,2.01375854270928,-0.633115326174983,-0.127296228476849,0.776064299963135,-0.138628602798245,-1.1001642083812,0.569266126325109,-0.660482479245224,-0.333979422149212,-0.531713688779321,2.30398335535642,-0.696016939253532,-0.984372399164023,-0.231370130585801,-1.07127315045188,0.530234322887664,0.682832724400303,0.43110035463292,-0.733827980135861,0.589585501005203,-1.56531543697313,-0.149937701058835,-0.343942476362171,3.44356371978626,0.110020044243945,-0.696975043100807,0.641952926881002,-0.499564470154296,-0.840584712680936,-0.835669064732367,0.730278376641099,0.94751679792459,-0.166244194413711,-0.495911319009332,-1.23321624918318,0.40957417248383,-1.02220602282232,0.446191539494759,-0.235276207381626,-1.01157020939818,1.36041638304123,-0.334821036824805,-0.830849724959226,-0.262943549469985,-0.640100742275393,0.561382073451646,0.343388026162328,-0.655889570517129,-0.521839596572905,-0.23039332369483
comm.and.crime_point_1132,comm.and.crime,regression,0.06,0.120969167509578,nominal,-1.38334975138032,0.176086267780421,-0.453822940289352,-1.181279292688,-0.629843707397574,0.517473225955383,0.748376364209891,0.154749376945913,-1.57361064085844,-1.35038912028805,-1.11867086664871,0.372996185038278,-0.343626531286471,0.682832724400303,0.997679291024758,0.11943140555999,1.36413500521273,1.03505545181761,-0.236918153797056,-0.75529301296961,-0.353583315418467,1.28279602889901,1.72545551544416,1.56287133274974,1.45053174193682,0.464234903258489,2.08608108493191,0.730395012732716,-0.433845179637909,-0.757302642981302,-1.05834216749048,-1.34972461083057,1.37827166783752,-1.352964597874,0.683344364777741,-0.920934220252943,2.04838394974175,-1.41373768971719,2.03262310213045,0.65086069045285,-0.0253843380978089,0.813110043982106,0.739228183071879,-1.020402605573,0.0944776934649314,0.384500575271014,0.667283882053004,-0.537231871548822,-0.957522380196087,-0.780009989472726,-0.333979422149212,-0.782770299686468,-0.230075729421995,-0.320467042044794,-0.0977690742382896,-0.293190120292925,-0.55330956317479,-0.0906058585608025,0.0333157936059686,-0.062407654706626,-0.140014937318717,0.106216754462134,-0.321263468856418,-0.700054714702294,-0.7440181099252,-1.01503934364349,-0.724578192305735,-1.23664113404179,0.139036026194378,-0.363236207687417,0.433686533243749,-1.23321624918318,-0.444061083654919,0.517726140133124,-0.100894450061688,-0.342234908708326,0.352751675137971,-0.878308515045191,-0.84200519593359,0.227542236551704,2.78628488562989,3.13769801393518,3.10754976404949,1.20197784435064,1.23062463041877,1.3171758996377,1.10540245912095,-0.590710800538598,0.909074442850902,-1.16211847383153,-0.286904425214791,-0.226875569169311,0.192305387178444,-0.337161300152529,0.46842532549381,1.16484187003665,0.79946253665809,-0.504578098615964,0.330621066828893,-0.31296028640514,-0.391348688885798,0.911911858641464,1.27253664374943,-0.375024355916575,-0.907797521612643,0.465867519057289,-0.640100742275393,1.44549106869194,-0.34476848053886,0.871006677585685,-0.209368692507428,0.763017663402644,-0.440959496409212,-0.193271420973861,0.746040800572905,-1.04806557169458,-1.32049315734094,-1.94160517407096,-0.00318371628598076,-0.472716577020044,-1.59662847435816,-0.391348688885798,-0.230503261067549,-0.504578098615964,-0.96480656352602,-0.878848277811454,0.494832130186732,-2.07469965316976,0.569266126325109,2.32407992805221,-0.639997445119629,0.646300935599162,-0.736908318327921,-1.15775143594827,0.464234903258489,0.670236143756844,-1.90326658079114,0.804312163562517,-1.18820810213626,-1.56531543697313,0.660351242786569,1.69218282383531,3.17248229394089,0.415210582653175,1.26061717483676,0.30420847476134,0.466091230705398,-0.0946770133781229,2.69630574182771,-0.342818397021626,-0.286904425214791,0.566532765276704,-0.310748701822181,-0.779675500224294,-1.05617467706755,-1.41412195547291,1.05854305813691,-0.00096140112613429,-0.549162456337422,1.43112880843274,-1.01991441715099,-0.0123933177430025,3.02874470976401,0.547039635036561,0.648228546406218,0.90955648980559,0.913181366273366,0.535289982565372,-0.277522937462631,-0.436621602456179,-0.35568405855027,0.228695275045463,-0.478351146053977,-0.576459764357761,0.723150221859989,-0.375210946038594,0.742239561078903,-0.629843707397574,-0.675622884018443,0.559441094015736,-1.55215513657527,-0.375024355916575,-0.786206461289495,-0.770773514666489,1.46642688511458,-0.333979422149212,2.12315634038814,-0.506122969993337,0.57120162984028,-1.64963732071814,2.59875134039038,-2.24585211093084,0.23524876409128,-1.56531543697313,0.632481160315823,-0.3328024637828,-1.7869319751881,-1.56531543697313,-0.333979422149212,-0.191322945644976,-0.696016939253532,0.0507121317750543,0.143936619326893,-1.43587470492678,-0.0317506535508209,0.38425957503777,0.879278868207322,-0.485189123949481,-1.03761427122343,-1.14142236866316,3.11301995874471,0.726172755495118,0.0425220826264111,0.819460891553668,0.812099797669774,-0.629843707397574,0.345745036678463,-0.867503152253548,1.22972191624619,0.960248140763403,-0.158290967106083,0.396654485240329,-1.01975530649992,-0.230075729421995,1.34442057265849,-1.0002125522811,2.44290786588763
comm.and.crime_point_1822,comm.and.crime,regression,0.38,0.150981519157488,anomaly,-1.38334975138032,1.56802290981872,-0.296225771543798,-1.24236040436552,0.00146429262794278,-1.12160641751395,4.0517485312353,-0.103324437631854,-1.57361064085844,-1.35038912028805,-0.938495612231962,1.8240064812133,-0.187688592418646,0.682832724400303,0.472274787559283,-0.973985594837714,-0.056684368540964,1.42815797675422,0.742239561078903,-0.26010254976604,2.39164065812508,0.627080642775015,1.14986631244269,1.40227532978643,0.692926942225224,-0.203340548657311,0.499680118149013,0.839636511036724,-0.35568405855027,-0.801071272009583,-0.917734455370194,-1.10282074730298,1.90410153568606,-0.907797521612643,-0.350922141952573,-1.0691658496234,2.61832431055736,-1.31319581963744,2.19366080025567,-0.0616228744930443,0.0886164956117204,0.356410229834627,0.194585485375557,-1.47320119303407,0.0449669127109041,0.142197893047893,0.621569456820622,-0.223927357231975,0.762407081401742,0.703657382637049,-0.241958561604024,-0.43486269553505,-0.000690227188266011,0.181613250827385,0.139282888348225,0.451234030637584,0.523780513919773,1.35134596937069,1.21808483093618,1.50049524717574,1.52081508335355,-0.99574062533753,0.589002047164466,-0.700054714702294,-0.7440181099252,-1.07401852163763,-1.23115098117636,-0.602729759433253,-0.0131809409898764,-0.125091603844216,0.317749953636827,-1.23321624918318,-0.37760024144161,0.775426071093047,0.00709456412135369,-0.663674573317088,-0.22930318399663,-0.792274708693406,-0.883183386419734,-0.741943275593805,1.76144189939429,1.79884925001964,1.78981547090223,1.47554750781773,1.23062463041877,1.47828054418402,1.10540245912095,0.589231434646941,-0.0520855978833183,-1.31788698109049,0.102933683049804,0.0719288462359772,1.62004758362614,-0.924450780392009,0.6889909076497,-0.680347684178355,0.194078202433754,-0.504578098615964,1.46311366275889,3.6598881681463,-0.391348688885798,1.36834848852526,1.27253664374943,-0.375024355916575,1.81266794442896,0.465867519057289,-0.121723128517532,-0.266432822203958,-0.34476848053886,0.169078085395916,-0.494689340990077,-0.316872478427771,0.405665753241116,1.2955462585784,-0.0271763465708762,-0.309483443914147,-0.380579614390398,-0.0516442527306052,-0.681631226510723,0.589231434646941,0.378602433862569,1.10660237664572,-0.321861540250354,-0.0477867027019386,0.0610890712128745,-0.749282268400272,-0.973391570411965,-0.293462891578667,0.723886084901063,-0.938289124010825,-0.0654979378108623,-0.81022732312622,1.19634741622795,-0.609687155220656,-0.628161290785547,-1.02301435554381,-2.09902974087097,0.968220127909451,2.74685447679989,-1.56531543697313,0.570425316331632,-1.10294500787551,0.40046092821602,-0.281327002043937,-0.0641256158777693,0.646593252940519,-0.967408893757168,1.8904540557699,-0.478351146053977,0.500862307366285,0.687690845446696,-0.362019970307365,0.224571308055511,0.960248140763403,1.42755570295106,1.04521373007879,-0.394098372368261,-0.229179716068034,1.18371487005353,3.05056808247913,1.60620332454586,-0.779122631666902,-1.04789614836431,0.925001184677206,-0.590710800538598,-0.303554212051806,-0.86805539531773,2.45761006403381,3.78685535909461,-0.812376231415014,0.425927152326122,-0.115382978305131,0.782813918994912,1.18704463525698,0.299837597034825,0.251689308836056,0.281459459960805,-0.590386957395979,-0.803145557548822,0.348137302479556,-0.652615808821794,-0.453822940289352,-0.472248714197789,-0.616153556090535,-0.363704428404322,0.12612488057673,-0.649707912297875,-0.649009732299257,0.23327667808193,-0.267933252874971,1.41601400923616,0.641654500246602,-0.708705024057152,0.682832724400303,-0.69663215719134,-0.466477635900487,0.441053158743122,0.682832724400303,0.12612488057673,0.0630429388836828,-0.358091987495182,-1.90644897969834,-0.308861968134177,0.13653539481965,-0.343626531286471,-0.791590941172187,-0.482591549127137,0.0100013392540886,0.302349200451482,0.321344892711017,1.98815826178241,0.726172755495118,-0.48183804574133,0.931077068182516,-1.26138033198864,2.40832604272523,-0.458589923959548,-0.600152808018174,-1.23561849465356,-1.34259197230855,-0.9955116260173,0.339056972600567,1.89546673778578,-0.34476848053886,0.677650524933283,2.21793278611951,-0.58347083930006
comm.and.crime_point_1166,comm.and.crime,regression,0.38,0.0200924338306194,anomaly,-1.38334975138032,0.176086267780421,-0.217427187171022,-0.26506261752533,-0.51147345739279,-0.793790488820086,1.94525033776982,1.31608154254587,-0.349350157880785,-0.444866529913555,-0.458028267120621,0.038147655151735,-0.109719622984733,0.660351242786569,-0.817354448219611,-1.19266899491726,0.531240889564015,-1.26740219423966,0.223861947321042,2.80107485912875,0.302883286950643,-0.835669064732367,-0.681553878925593,-0.578408706761027,-0.472618903484926,-0.203340548657311,-0.830849724959226,-0.525882217763377,-0.043039574199713,0.818368002036808,0.769558090073254,1.02055247903431,-1.15527224088726,1.26857485122064,-1.04043314643945,-1.01975530649992,-1.08628803474409,0.948996257156972,-1.18813086037385,2.34985996070845,-0.0823847549525736,1.9548595793508,2.15529919708232,0.337993156810208,-1.09378104463172,-0.923933908733845,-0.795577725383197,-0.902753804918476,-1.25406194254054,-1.75010019431373,-0.0579168405136468,0.608860116919203,-0.000690227188266011,1.91607244438582,1.56159466386731,1.29491473502549,1.29313056898732,2.87811849306286,2.19128796874315,1.7961795799643,1.64857123878988,-0.951662330145544,1.59029411478744,1.02963330009259,0.724190249504474,-0.0713724957371486,-0.977864586741049,1.03487462497214,-0.926482744095404,1.58954954382682,1.12930601088529,-1.23321624918318,-0.311139399228302,0.46618615394114,-0.478855999702333,0.346564372596164,-0.440959496409212,-0.233054967406804,0.722766042539909,2.79667884373731,-0.3328024637828,-0.360584240166726,-0.335562421270764,-0.393845192540718,-0.346225506490056,-0.374422868098694,-0.440957773352299,1.59218233455465,0.00131218215747174,-1.00634996657257,-0.189444898148642,-0.226875569169311,1.18739843318744,-0.288220510132573,-0.248412816512834,-1.07930758779241,0.194078202433754,-0.0477867027019386,-0.604916295026319,-0.356617961729881,-0.391348688885798,-0.731260008940213,0.584266192935153,-0.375024355916575,-1.10564955550658,-0.483059080444962,1.26061717483676,0.703657382637049,-0.000690227188266011,-1.39676262025819,0.703657382637049,-0.154888957153209,1.46394731530403,-1.62694770498715,0.681606038310923,-0.8018715291011,0.663768766665756,-0.10010478917523,0.287579502381766,0.117254540572726,-1.05343997459746,-0.391348688885798,1.13987092667453,-0.230503261067549,-1.39676262025819,-0.0582635515406352,0.690595290266559,0.568425864029928,0.156946236789233,-0.65635599605476,-0.687872404062027,0.403546225811598,-0.69663215719134,0.102796409725239,1.67800845219631,-1.18175658985325,0.00542422998716656,0.23063428834825,-0.524462606894016,0.525462353104163,-1.56531543697313,-1.32217072016655,-0.897080987655194,-0.0913622062174521,-0.294515666436819,-1.06533063795537,1.27840796790085,0.401605753908883,-0.173931992421487,0.203092646994081,-0.286904425214791,-0.143536973699349,1.56287133274974,0.44850589341408,-0.483006127832491,-0.838532752471447,-0.534676575320374,1.14013017358336,-0.796716360107558,1.21228566329134,2.26273275997008,-0.779122631666902,0.599231471081475,-1.23477909898362,-0.177731018223659,-1.29609933175331,0.625885114403834,0.481892202524582,-0.433845179637909,0.905359215253946,2.14547181625419,-0.115382978305131,-0.695793398648614,-0.490435159498505,2.3634866430575,0.59996722821086,0.511849510519854,2.6450665427348,-0.633115326174983,0.770744885551916,-0.388045418306067,-0.453822940289352,-0.576901296561691,-0.616153556090535,1.91159396137593,-0.241958561604024,0.648228546406218,-0.744267573836537,-0.738257558223326,-0.779675500224294,-0.696016939253532,0.788476870306472,-0.413719465260767,0.480499389876695,-0.857736801737663,-1.09029510578303,-1.29182416764783,0.570425316331632,-0.241958561604024,0.826140592469659,2.30306700760182,0.169327956712836,0.726106231776839,1.31584296962947,-0.499564470154296,-0.301653226084705,-1.13830693525114,-0.440171809112793,-0.69021633412253,0.251689308836056,-0.964603692743623,-1.23321624918318,-0.586710071414878,-0.0734685214771128,0.324222120103087,1.18516679267579,0.345745036678463,-0.867503152253548,-0.571872999411319,-0.523804376549633,0.103340488803673,-0.121723128517532,-0.772702590882484,0.114002523928599,-0.50201955950362,-0.391374245016123,0.727959932947938
comm.and.crime_point_1441,comm.and.crime,regression,0.13,0.163389112458615,nominal,0.324222120103087,0.87205458879957,-0.453822940289352,-1.24236040436552,-0.590386957395979,0.722358181389051,-0.304872732522849,-0.18934904249111,-1.31587159181051,-0.79314444928836,-0.638203521537374,1.76819839289887,-0.343626531286471,0.682832724400303,-0.0531297159061927,-0.645960494718403,-0.546622083628446,0.473480416193885,1.43340971275605,-0.170067920092664,0.302883286950643,0.274003127169785,0.678929691805134,0.492231312994358,3.19885051050205,-0.324717903551093,0.44850589341408,-0.198157722851353,-0.35568405855027,-0.62599675589646,-0.58964979375619,-0.21396683860365,-0.629442373038718,-1.00672353855961,0.108751861038678,-1.76091345335221,-1.25727014298877,-1.31319581963744,-0.490300835164584,-0.116429302565806,0.430618996740308,-0.0432021075444176,-0.0777358634726045,-1.14977363056188,-0.351119333321313,-0.293946934953727,-0.247004622594622,-0.641666709654437,-2.49952810438724,-0.894138248865786,-0.333979422149212,-0.347885794497196,-0.230075729421995,-0.959478323882113,-0.714104176963228,-0.987985994494734,-1.01491959621532,-0.514709337364183,-0.347502825535886,-0.400332606464976,-0.352941863045931,-0.0700964263058121,-0.45780329625955,-0.547435183985099,-0.586710071414878,-1.01503934364349,-1.10450778395871,-0.708381655201343,-0.165397908174131,-0.410865128456057,-0.203964654594325,0.726172755495118,0.353469022904782,-3.70855272760961,-0.154888957153209,-0.75551447749102,1.99308809633548,-0.964342321396976,-0.7596488149613,-1.17821175605928,0.246456615393843,0.287245806889183,0.387066062068055,0.837218293061186,0.896141268044168,0.753309643725566,0.871105454200756,0.884216993443326,0.535289982565372,2.3686343573716,-0.286904425214791,-0.226875569169311,0.105775557090704,-0.875509990372052,0.964697885344563,0.765881966422592,0.345424285989838,-0.595936377798769,0.970725577571932,2.39381558372881,-0.391348688885798,0.181613250827385,-0.792274708693406,-0.375024355916575,0.477166715644901,-1.37267776747832,0.91503209899819,1.33136280929888,-0.230075729421995,-0.96480656352602,-1.92129258340332,0.169078085395916,-0.123475027790339,-0.358695607590779,-0.92926301823862,0.232143449791502,-1.32049315734094,-0.4393285442876,0.190658429492517,0.176251652332003,-1.39910538353609,-0.391348688885798,-0.230503261067549,-0.504578098615964,0.0610890712128745,0.935075853945092,0.299068970106906,1.08555911739508,-0.513073583706566,-0.65635599605476,-0.544247527234835,-0.446095258444874,-0.414699029235275,0.376828550089045,1.79938580709009,-0.22930318399663,-0.630806040272269,0.59942720812885,0.660797206038557,0.480499389876695,0.682832724400303,0.924892830816656,-2.25360208152055,-1.23115098117636,0.16626443468128,-0.494689340990077,0.179391205812885,0.302349200451482,-0.695793398648614,0.649747137552387,-0.286904425214791,-1.39981420419544,1.56287133274974,-0.626152826019497,-1.24723086014591,0.364971944713428,-0.628395377288449,-0.548685356986693,0.936160966283394,3.05056808247913,-1.10745167520755,-0.484226741696171,0.146271375733883,-0.154888957153209,-0.885696359334983,1.62639463181223,-1.38518864868289,0.748881102728531,-0.277522937462631,1.01271768067076,-0.433845179637909,-0.34476848053886,2.69630574182771,-0.533447461928133,1.72851770581975,-1.21107795253813,-0.236918153797056,-0.708757207400764,-0.973175788922662,0.770744885551916,-1.816725527091,-0.453822940289352,0.574277109441232,0.208486222981217,-1.05618654703309,-0.333979422149212,-0.35472235350149,-0.363236207687417,-0.0201670357368324,2.29077798387164,-0.738257558223326,0.886358450346385,-0.649707912297875,-0.216426540149069,0.0686149044036935,-1.00117832437123,-0.994759483123667,0.682832724400303,-0.333979422149212,-0.343942476362171,1.66945772305492,1.0589466437462,-1.27914465555075,2.04589051594031,0.436063163052654,-0.44863454061095,-0.280832968781291,-0.665258383296233,0.550490584094985,0.669622812085821,-0.120957420021899,0.726172755495118,-0.429402032904556,1.8240064812133,-1.6882732998595,2.48723954272842,-0.00615150860066679,0.291015006099739,-1.70972241982659,0.704377017088742,-0.838532752471447,3.0461400666694,-1.11857639274689,-0.230075729421995,-0.707179574188299,-0.43486269553505,2.14026999536886
comm.and.crime_point_0213,comm.and.crime,regression,0.66,0.0117925709561677,anomaly,-1.0174414932053,-1.21585037425788,-0.217427187171022,-1.6699281861081,0.277661542639106,-0.015227658172151,-0.256997773580451,0.326798586664425,-1.31587159181051,0.0427225572111723,-0.277853012703869,-0.0734685214771128,-0.187688592418646,0.682832724400303,-0.435242082062902,0.338114805639531,-0.350646997593453,-0.53735464792882,-0.467308204356106,-0.485189123949481,-1.01004991778758,-0.482591549127137,-0.00131209356022966,0.0639753050922037,-0.356064318913911,-0.385406580997984,-0.574978601284565,-0.307399221155361,-0.277522937462631,-0.144541836585371,-0.308434369515615,-0.0658245204870952,-0.438231512002885,-0.512093453824773,0.913181366273366,-0.772702590882484,-1.31426417907033,-0.508860858999424,-0.705017765998204,2.78831138529053,1.05762358214272,2.06903453288767,2.37315627616085,-1.47320119303407,-1.04427026387769,-0.923933908733845,-0.932721001080341,-1.89488476692182,0.940330818808414,0.817785642030109,-0.149937701058835,1.13072152314633,-0.000690227188266011,0.729337206687944,1.13490113121159,1.19565818156809,1.24184056531615,1.60580805665272,1.81046934960129,1.75393896099451,1.64857123878988,-0.599035968609651,0.680028598766554,-0.547435183985099,-0.7440181099252,-1.5458519455908,-1.9910101644823,-0.655555707317298,-1.12943870034108,0.494084366148104,2.34664009675797,-1.23321624918318,0.0876256540515485,-1.33771336277832,-0.96480656352602,-0.204475052447428,-0.811358043131231,0.756333805638724,0.310984137678462,-0.305674795128326,-0.288244073076904,-0.317395570362999,-0.378069979114223,0.563648629594096,0.22717454329497,0.0686149044036935,0.215073840424229,0.471237211128387,0.535289982565372,-0.0198160872658089,-0.286904425214791,-0.226875569169311,1.18739843318744,-2.24585211093084,-1.29609933175331,-0.530737720323085,-1.52117741120186,-0.413219819433159,0.576815109422369,-0.00735655913195239,-0.391348688885798,-1.46155861675429,1.65968877233247,0.176565734692862,-1.352964597874,0.0507121317750543,-1.10088084339349,0.874849771726638,-0.230075729421995,-0.802823042251458,-0.266432822203958,-0.478855999702333,-0.864272121234376,1.46097044519532,0.294997464739033,0.330621066828893,1.70811714772191,-0.148565325619854,-0.148565325619854,-0.649707912297875,2.15631025126123,-0.391348688885798,-0.413219819433159,-0.413219819433159,0.763017663402644,-0.576527589185363,-0.386102090172486,0.166211111412584,0.569266126325109,0.874138127135308,-0.639997445119629,-0.264029226104202,-0.898012962874244,1.19892497118046,-0.0212745163166381,-0.335131340202921,-0.0435165600327901,0.886266145735984,-0.240000251790199,-1.56531543697313,0.682832724400303,-1.54139643245759,-1.48687276759666,0.668496977088488,-1.15847835603325,-0.323496951900488,-0.680708868864655,1.543056118669,-1.0002125522811,-0.491703227207728,-0.286904425214791,-0.798985963523397,-0.471344704785489,-0.728501275489362,0.137926467172162,0.364971944713428,0.964824256168832,-0.457398031009934,0.243010035727013,-0.713534013953022,-0.757302642981302,0.0465858602511433,0.352162328164607,1.6809242839585,3.0081130167773,0.744132303188673,-0.580759143448198,1.22946112309564,-0.35568405855027,-0.758696998706609,-0.35568405855027,-0.34476848053886,-0.391374245016123,0.326798586664425,-0.652615808821794,-0.653833281538438,0.742239561078903,0.435488542645486,0.854649198346114,0.295311354595511,-0.388045418306067,-0.296225771543798,0.731255982987085,1.08466598824495,-0.512093453824773,-0.333979422149212,-1.06268769461281,0.875115732297224,-0.696016939253532,0.141460545004487,-0.273610749555595,-0.19033893009266,0.943214105202603,-1.56531543697313,0.43110035463292,0.469248568923321,0.63909628175923,0.682832724400303,-0.333979422149212,-0.750927891608026,-0.569295082344151,0.703099168932851,0.596735206787962,-1.32355969780203,0.592001101920479,-0.98756602720718,-0.432151904040676,-0.575223753622857,0.699375414281087,-0.0269330266637888,2.50371987289013,-1.23321624918318,-0.114785955883911,0.038147655151735,-1.0174414932053,-0.235276207381626,1.25062186739623,0.246456615393843,0.091872495830922,0.0902863202695546,-0.105964675924132,-0.928088305474204,-0.377418245894594,-0.34476848053886,1.44700058000083,-0.91323565124325,-1.28962587051052
comm.and.crime_point_1098,comm.and.crime,regression,0.09,0.072465112753516,nominal,1.48293160432397,0.176086267780421,-0.453822940289352,-0.6315492875904,-0.629843707397574,0.681381190302317,0.269626774785918,-0.490435159498505,-0.478219682404748,-0.584177697663477,-0.518086685259539,-0.129276609791536,-0.343626531286471,0.682832724400303,0.281218604480928,0.392785655659416,-0.44863454061095,0.698110430443375,-0.00652810323800724,-0.98037958715305,0.243204504917087,0.526201352602092,0.417298235895379,0.278103309043281,1.21742257279479,0.342857548364707,-0.0632363539352424,1.16736100594875,-0.433845179637909,-0.976145788122707,-1.10521140486391,-1.1522015200085,0.326611932140444,-1.05618654703309,0.970640616647273,0.0672766422167828,-0.288371529602239,-0.609402729079175,0.529604586295112,0.376828550089045,-0.53838808979069,0.641847613676801,0.52137110399335,-0.56760401811193,0.490563939497149,0.723724330383386,1.21585698484158,0.0893771570848711,-1.31336985500943,0.190080215368281,-0.333979422149212,-0.739281849167541,-0.230075729421995,-0.913834660893733,-1.04597692458435,-1.03761427122343,-0.912339588872978,-0.557119685244521,-0.559068725059139,-0.484813844404564,-0.438112633336816,0.502921411190013,-0.548829847861638,-0.496562007079367,-0.48183804574133,-0.425247563702025,-0.0913622062174521,-0.866859498853478,0.392730971501469,-0.458494049224697,0.201813374029904,0.726172755495118,-0.444061083654919,0.620806112517094,0.223072592487436,-0.617754621230122,-1.49924105847212,1.35857045010122,-0.84200519593359,-1.17821175605928,0.558365350335113,0.546377825711547,0.514588735598435,0.518053685682914,0.466091230705398,0.471376515769501,0.40251144436038,-0.531713688779321,0.214903302320632,-1.52557832410244,-0.286904425214791,-0.226875569169311,-0.110549018128644,-0.581865250252313,-0.799826771902559,-0.530737720323085,-0.159062659197108,-0.504578098615964,-0.211005826876756,0.953112298012351,-0.391348688885798,0.866268195653084,-1.78166348173893,-0.453822940289352,-0.561556462298257,1.11825455621509,2.70055499083082,0.646593252940519,-0.34476848053886,1.03299019886025,-0.323496951900488,-0.586845013885375,-1.34049882416269,1.68153602735121,-0.349350157880785,-0.457199869470233,-3.04366798608359,1.20832969482963,0.239118965937142,-0.413719465260767,0.823029388212234,-0.391348688885798,0.226288134846476,-0.504578098615964,1.24896822722633,-0.835659608007726,-0.386102090172486,0.453507363282115,0.363106181557171,0.149167226676855,-0.304872732522849,-0.0819631937635291,0.43110035463292,1.63737639576255,-0.0212745163166381,-0.758443965028085,1.13106240044617,0.804312163562517,0.139282888348225,-1.56531543697313,0.682832724400303,0.157602837798,0.813315174175043,-1.29447257978519,1.31821468747653,-0.722945859776196,-1.44524226857802,0.94751679792459,0.130487161211004,-0.590959780665129,-0.286904425214791,-0.525882217763377,-0.578408706761027,-0.0632363539352424,-1.19946681437632,-0.890859043653398,0.355652043376342,-0.229179716068034,-0.301608552567286,0.468218969810561,0.730830743980246,-0.897080987655194,-0.924361576905879,0.0610890712128745,0.294245875850557,-0.248412816512834,0.625885114403834,0.588687762606162,-0.199361816374992,0.261208422753086,-0.433845179637909,-0.34476848053886,2.18096542220705e-05,-0.576459764357761,-0.811358043131231,0.669622812085821,-0.409710691716343,0.00146429262794278,-0.675622884018443,-0.708381655201343,1.1993769247883,-0.453822940289352,-0.681553878925593,-1.23463339039435,0.279314681750966,-0.333979422149212,0.648228546406218,-0.220349445381496,-0.696016939253532,-0.216759028140039,1.71169834202471,0.837417660326429,0.176251652332003,-1.56531543697313,-1.34105073537663,-0.466477635900487,-0.153076210305205,0.682832724400303,-0.333979422149212,1.48749189224417,-0.653776320283739,1.35548620609065,0.855477256765716,0.36116540906914,-0.421595500720383,2.2460228923702,-0.734789774559444,0.415157172784282,0.550490584094985,-0.514522113788516,1.3319889385544,0.726172755495118,-0.901326148435522,-1.02220602282232,1.11702334614895,-0.156362707378436,1.70306028275511,-0.555594417312278,-0.0977690742382896,-0.165584803405107,-0.838532752471447,-0.409710691716343,-0.0315444440301896,-0.34476848053886,0.164750488221586,-0.217420442940414,-0.179953678608368
comm.and.crime_point_1084,comm.and.crime,regression,0.24,0.35793455314059,anomaly,-0.224640267159436,0.176086267780421,-0.375024355916575,-0.509387064235377,-0.590386957395979,0.886266145735984,-0.592122486177232,-0.533447461928133,1.19708413640678,0.878589563710704,1.28366585890799,0.707844714924821,-0.499564470154296,-1.56531543697313,-0.912882539758789,-1.13799814489737,0.139290717494029,-0.368882137241703,1.26061717483676,1.45055541402811,1.01902867135331,-0.633910484386522,-0.786206461289495,-0.953132713675412,-0.647450780341448,-0.0212745163166381,-0.933198174429091,-0.0342954753953406,-0.277522937462631,0.293144453697438,1.28511970118097,0.823029388212234,-0.868455949333508,1.46642688511458,-0.925514645691636,0.610792616575132,0.794515155947413,0.345745036678463,-0.758696998706609,-0.116429302565806,1.17162441585225,0.0709728459924523,0.0311926760666601,-0.696975043100807,-0.895737921615612,-0.681631226510723,-0.978435426312722,-1.52936283355217,0.643791256463961,0.817785642030109,-0.241958561604024,-0.13044354190256,-0.34476848053886,-1.18769663882401,-1.18820810213626,-1.28575565486694,-1.42523962558467,-0.726761076765874,-0.686008264773091,-0.653776320283739,-0.65103955906403,0.458843115998027,-0.503316572060594,-0.547435183985099,-0.586710071414878,-0.779122631666902,-0.534613396479251,-0.602729759433253,-0.77426577691115,-0.696638653067897,0.433686533243749,-1.23321624918318,-0.311139399228302,-0.306913638938628,-0.856817549342979,-0.112635148273496,0.82897837806628,-2.12579870714607,0.146271375733883,2.31193608766455,-0.3328024637828,-0.317395570362999,-0.335562421270764,-0.895389575563716,-0.776275543828826,-0.736908318327921,-0.8158329812246,0.353242987609834,-0.692858958372798,0.447489434511076,-0.286904425214791,-0.226875569169311,-0.49993325352347,1.18000319046612,0.247859743337919,0.666141990519079,0.698565147620701,-0.0477867027019386,-0.8018715291011,-0.269302611080399,-0.391348688885798,-0.0922487271028942,-0.233054967406804,-0.217427187171022,-0.314241419930838,-0.0679036931627271,0.68464204843914,-0.209368692507428,-0.34476848053886,0.00709456412135369,0.817785642030109,0.655028649219603,-0.917186199337522,1.13012207196148,-0.671523969190694,-0.211005826876756,0.872638442876987,0.287579502381766,0.33604003882639,0.117254540572726,-0.460870702131241,-0.391348688885798,-0.413219819433159,-0.0477867027019386,-0.154888957153209,-0.749282268400272,-0.630806040272269,1.2579368685168,0.46618615394114,-1.17994609083031,-0.304872732522849,0.646300935599162,0.672757321452404,-0.500074299075133,0.221480193470925,-0.335131340202921,0.445891340166776,-2.35091615011596,0.186693280865528,0.682832724400303,0.682832724400303,-1.32217072016655,-0.484226741696171,-0.724578192305735,1.60620225067534,0.532464993547459,0.0360411933666282,0.550490584094985,-0.521839596572905,-0.69021633412253,-0.286904425214791,0.402670517820692,0.492231312994358,0.294983219209284,-1.05617467706755,-0.52457500537974,0.215073840424229,0.592406217722805,-0.499651675583395,-1.10745167520755,-0.844839901037864,0.69535681818675,1.5463298522628,-0.478855999702333,-2.36062415331691,0.6889909076497,0.85572211589946,0.321698862402212,-0.277522937462631,1.87158540400524,-0.35568405855027,-0.230075729421995,0.217464062248858,-0.232361344920738,-1.18175658985325,1.15721189921055,0.281459459960805,-0.195819457380031,-0.930668231079202,-0.127296228476849,-0.0705609496871936,-0.217427187171022,-0.00131209356022966,0.981586015860986,0.279314681750966,-0.333979422149212,-1.12168480637209,-0.696638653067897,0.148795440142343,-0.01206212920031,1.07808905747781,-0.288220510132573,-1.06268769461281,0.682832724400303,2.32407992805221,-0.0654521195474263,-1.98497509820421,0.682832724400303,-0.241958561604024,0.419155177223805,-0.696016939253532,-0.483059080444962,0.467364181799085,0.36116540906914,-0.109719622984733,-0.350646997593453,-0.331272613867753,0.730278376641099,-1.98055152906875,1.57514540246031,0.253996478965534,0.726172755495118,-0.00991393021036301,-0.743165581250199,-1.0174414932053,-0.629843707397574,-0.307777118839921,-0.956619933665339,1.3719530937981,-0.779675500224294,1.14986631244269,-0.467308204356106,-0.0809549871536759,-0.34476848053886,0.0621704808792462,-0.956724101762177,-1.13830693525114
comm.and.crime_point_0672,comm.and.crime,regression,0.07,0.139008458592346,nominal,0.324222120103087,-0.519882053238727,-0.453822940289352,0.651154057637344,-0.590386957395979,0.886266145735984,-0.592122486177232,-0.533447461928133,-0.413784920142767,-0.375210946038594,-0.458028267120621,-0.464125139678079,-0.421595500720383,0.368091981808023,0.711095016407226,0.502127355699187,2.00105403482646,0.13653539481965,-0.179320641157294,-0.800310327806298,0.72063476118553,0.425322062429169,0.364971944713428,0.171039307067742,1.04259069593827,-0.628161290785547,0.346157443944216,1.71356849746879,-0.433845179637909,-1.01991441715099,-0.58964979375619,-0.0164437477815769,-0.390428796743927,-1.05618654703309,0.453507363282115,0.116687185340269,-0.231377493520679,-0.106693378680418,-0.060866973497344,-0.883719295584461,-0.53838808979069,-1.29912659644998,-1.16702125886525,0.532049694293523,1.23322565080756,0.966027012606508,0.941570433447291,0.977073280982603,-0.542366992913852,-0.551753470686607,-0.333979422149212,-0.695793398648614,-0.34476848053886,-1.18769663882401,-0.42964182185941,-0.888729441037333,-0.399439552161281,-0.726761076765874,-0.64369508486844,-0.696016939253532,-0.65103955906403,0.811469477533919,-0.548829847861638,0.113916115789414,0.304702146810281,0.990252708157481,0.668496977088488,0.876396781320006,1.81342266522118,-0.601380811530617,-1.42129874046701,0.726172755495118,-0.444061083654919,0.672346098709078,2.00489132650762,-0.0207952440995638,-0.388045418306067,-0.405122580110374,-0.883183386419734,-1.17821175605928,-0.154568900959218,-0.231018230755544,-0.165532189896924,0.0165093026599163,-0.0117421441154574,-0.0119374178694681,0.121355038456154,-0.413719465260767,0.268301082361422,0.447489434511076,-0.286904425214791,-0.226875569169311,-0.716257828742818,-0.19033893009266,1.35068765411737,0.466662038712051,0.496770369545922,-0.230503261067549,-0.900349146138491,-0.225644935755658,-0.391348688885798,0.318544239792525,-1.3945113531559,2.22532892838505,1.02125980885322,0.406559606588398,-1.15847835603325,1.16017042020929,0.572773528396057,1.35695724140937,-0.722945859776196,-0.20888346424473,-1.07592843364696,0.744132303188673,-0.220480633356821,0.921486769053237,-0.850536385865668,1.01448754905113,0.529882184604888,0.884216993443326,-1.44848615624161,-0.391348688885798,-0.595936377798769,-0.139144981884744,2.27486386196523,-0.61971625898909,-1.12021394047183,0.85572211589946,0.0538662644052637,-0.857736801737663,-0.687872404062027,-0.567472613338656,1.84076599441325,-0.0616228744930443,0.160791516024035,0.987720612375717,0.837417660326429,-1.24453739077415,-0.287410644307502,0.390573463421757,0.682832724400303,0.979699258889417,0.813315174175043,-0.534613396479251,0.16626443468128,-0.209368692507428,0.466091230705398,0.649747137552387,0.304440963286713,0.94751679792459,-0.286904425214791,-0.416640719459369,-0.739004709724335,-1.18906929810375,0.0901624214025735,-0.419922423015838,-0.487817174336336,-0.822547334916973,-1.7869319751881,-0.801071272009583,-1.01991441715099,-0.838101809661048,-0.553757862530577,-0.694834028068417,-0.295725241742213,1.2955462585784,-0.638218393822105,0.108107742239052,-0.35568405855027,-0.651338533289799,-0.277522937462631,1.14623728398038,-0.695793398648614,-0.576459764357761,0.0352672065190975,0.0427225572111723,0.742239561078903,-0.550930207394384,-0.505592652644603,-0.444251915781118,-0.599701730718649,-0.296225771543798,-0.9955116260173,-0.66769354228252,-1.79813167413535,3.62291758129389,0.707225658165495,0.541713286916744,-0.738257558223326,-0.67732705075443,-0.696016939253532,0.299068970106906,2.06415922862887,0.682832724400303,-0.13276590127921,-0.733827980135861,-0.796716360107558,-1.56531543697313,1.32239606766418,-0.59830836089083,-0.653776320283739,1.82994950584177,-1.08508811806744,-1.77281972630101,-0.499564470154296,-0.15467191155846,-1.49138445085637,2.21584976625181,0.500862307366285,-0.79314444928836,-0.58964979375619,0.726172755495118,-0.429402032904556,0.372996185038278,-1.50531917077199,-0.669300457399169,0.194932231558836,-0.956619933665339,1.56159466386731,-0.370281702344836,-0.576901296561691,-0.928088305474204,-0.179776073400649,-0.000690227188266011,-0.60459956684596,1.60909447885453,1.33323567398548
comm.and.crime_point_1640,comm.and.crime,regression,0.07,0.053449351530824,nominal,1.23899276554062,1.22003874930914,-0.453822940289352,0.406829610927298,-0.629843707397574,0.722358181389051,-0.209122814638054,-0.361398252209622,0.423866989262996,0.0427225572111723,-0.157736176426034,0.26138000840943,-0.343626531286471,0.682832724400303,-0.00536567013660394,0.447456505679301,1.26614746219524,0.13653539481965,-0.294515666436819,-0.530206438786169,0.899671107286197,-0.179953678608368,-0.262943549469985,-0.41781270379772,0.692926942225224,-0.81022732312622,-0.370281702344836,0.894257260188728,-0.35568405855027,-0.538459497839898,-1.05834216749048,-0.905297656480906,0.18320378636357,-0.512093453824773,0.166211111412584,-0.624470961512025,0.45255093945805,-0.810486469238678,0.851679982545541,-0.116429302565806,-0.766389757209749,-0.328639491386592,-0.241128672781501,0.467364181799085,0.441053158743122,0.723724330383386,0.575855031588241,0.193811995190487,1.17756246868398,0.988978031119698,-0.333979422149212,-0.782770299686468,-0.34476848053886,0.683693543699564,0.850438776107769,0.401605753908883,0.267330495563925,-0.387478293723169,-0.389816005440537,-0.44257322543477,-0.480698018482259,0.458843115998027,-0.321263468856418,1.02963330009259,1.09124233936189,0.577398462198459,0.478532181262003,0.453789198247646,0.697164905869978,-0.363236207687417,-0.8416158424324,0.726172755495118,-0.444061083654919,0.620806112517094,0.709023156311124,-0.939194285838884,0.141095362725389,0.197114064352121,-0.430223291072143,-1.17821175605928,-0.555594417312278,-0.576527589185363,-0.548100210488063,-0.4394401364519,-0.680708868864655,-0.777184479464502,-0.722114179256525,-1.29867614164992,-0.425870058168848,-1.21404130958451,-0.286904425214791,-0.226875569169311,-0.586463083611209,0.348009760126863,0.358142534415864,0.267182086905024,0.244526896952449,-0.504578098615964,0.429098683866283,-0.138329585106176,-0.391348688885798,-0.229179716068034,0.756333805638724,-0.0598300184254683,-0.709945487718708,0.0507121317750543,-1.8496485077104,2.13026062505029,-0.34476848053886,-1.23477909898362,-0.266432822203958,0.00709456412135369,-0.970100277440667,-2.1232202648379,0.101693177953087,-0.112528209839365,-0.0150576810207445,-0.584710153621474,0.287579502381766,-0.118733906464382,0.625506297390161,-0.391348688885798,-0.321861540250354,0.683079530760502,-0.26287797133625,-0.490150249577908,0.739536080286516,-0.00616663970913513,-0.203833666554659,-0.857736801737663,0.461126610555507,-0.870916000573111,1.67966134986692,-0.00681644642028318,0.100102838577144,-1.28758474605954,-0.630806040272269,0.886266145735984,0.328924458417437,0.682832724400303,0.682832724400303,-1.37697714823931,-0.366268385707879,2.56814493535334,-0.0641256158777693,0.760721512333579,-1.34967559361385,-0.0946770133781229,-0.695793398648614,0.848260244467189,-0.286904425214791,-0.689744465219389,0.706359316945435,-0.933198174429091,-1.48605108899385,-0.890859043653398,-1.5655833969692,1.00319918461822,-0.697694798599504,0.42445034078228,-1.01991441715099,0.40046092821602,1.34043889983208,-0.640839520976896,-0.590710800538598,-0.248412816512834,-0.753136894569917,-0.105483377924108,-0.277522937462631,1.442151542338,-0.277522937462631,-0.230075729421995,-0.173931992421487,-0.490435159498505,-0.282217262099776,0.391000476585978,0.16626443468128,-0.629843707397574,0.854649198346114,-0.232948124244939,0.723150221859989,-0.217427187171022,-0.52457500537974,0.517726140133124,-0.660482479245224,0.402187462212296,1.06120832872116,-0.744267573836537,-0.696016939253532,-0.984372399164023,0.866885962628837,1.03318082040625,-0.590710800538598,0.682832724400303,0.149167226676855,-0.600152808018174,0.540074720251176,0.682832724400303,0.77027090439305,0.317408823412342,-0.738257558223326,0.169327956712836,0.596735206787962,1.42815797675422,0.124187285317004,-0.644609626645943,0.223563482083323,0.730278376641099,-1.08724254795214,0.59996722821086,-0.0740881826484698,0.726172755495118,-0.796454122761974,0.317188096723854,0.324222120103087,-0.629843707397574,-1.86617610507607,-0.377360854488696,-1.70972241982659,-0.882023949694159,0.364971944713428,0.799837073718665,0.610792616575132,-0.230075729421995,-0.0404095264630932,1.13072152314633,-0.381712258954214
comm.and.crime_point_0657,comm.and.crime,regression,0.28,0.225380864557459,anomaly,1.11702334614895,-0.519882053238727,-0.453822940289352,-0.692630399267912,0.00146429262794278,0.394542252695183,-0.592122486177232,-0.576459764357761,0.166127940215069,-0.0965886105387498,0.0824974961296363,0.652036626610397,-0.499564470154296,-1.56531543697313,-1.10393872283714,-1.13799814489737,-0.644609626645943,-1.37971720136441,0.511849510519854,0.955364950824539,-0.950371135754022,-1.13830693525114,-0.943185334835349,-1.06019671565095,-0.530896195770433,-0.628161290785547,-0.523804376549633,-1.07208970928342,-0.277522937462631,1.38736017940446,2.22250444864956,1.61312175150053,-0.438231512002885,1.26857485122064,-1.27027014793507,2.29075108277367,-0.858311890417847,2.05495682803424,-0.597659300581394,0.267215693943522,-0.766389757209749,0.813110043982106,0.630299643532615,-0.891031580584123,-0.648184017845477,-0.633170690066098,-1.38986525340415,-0.328362195337591,-0.30513534303829,-0.209368692507428,-0.333979422149212,-0.521839596572905,-0.34476848053886,-0.274823379056414,0.897849168625072,0.252720923722782,-0.245569541147772,-0.726761076765874,-0.64369508486844,-0.696016939253532,-0.736210329354915,0.855547772725906,-0.594343123662683,-0.954420599230953,-0.901326148435522,-0.779122631666902,-0.914542988132221,-0.338600020013028,-0.0131809409898764,-0.553751890761977,0.0279085046195201,0.726172755495118,-0.37760024144161,0.105406250597248,0.00709456412135369,-0.52591471705619,-0.017646871584048,0.111080258000336,2.20518090004112,1.00313064626811,-0.912061542959443,-0.878848277811454,-0.845653115392282,-1.48812384640908,-1.34967559361385,-1.17994609083031,-1.47186459500113,0.117254540572726,-0.319074498087268,-0.0717389230187961,-0.286904425214791,-0.226875569169311,-0.846052573874427,1.03318082040625,0.0824355567210018,0.267182086905024,0.395872980508533,-0.321861540250354,-0.752632720582405,-0.70587936432781,-0.391348688885798,-0.685616345951833,1.444604256453,-0.375024355916575,-0.264778411457355,-1.19475403007165,0.16626443468128,-0.722945859776196,-0.34476848053886,0.169078085395916,-1.06533063795537,-0.26287797133625,0.458579831344262,-0.082988629895916,0.681606038310923,2.49712864165149,0.611551347612948,-0.633170690066098,-1.50546034606934,0.943214105202603,1.16869479715086,-0.391348688885798,-0.504578098615964,-0.230503261067549,-0.424861492610813,-0.317395570362999,0.152246600047036,0.970640616647273,0.00232627821327909,-1.38132689651321,-0.639997445119629,-0.264029226104202,-0.736908318327921,0.924892830816656,-0.749538645679329,-1.39341290226583,0.396950550146819,0.0257493329145824,0.565976421003951,0.682832724400303,0.660351242786569,0.870086402743895,-0.0713724957371486,-0.977864586741049,-0.985685818113966,-1.35065128643802,-1.39745893109594,0.699375414281087,-0.782770299686468,-1.23612737813824,0.00547415598365529,-0.0342954753953406,-0.631940707748796,-0.370281702344836,3.05153325911707,-0.472248714197789,-0.0192231644959594,-1.46155861675429,0.342031597235068,2.56911316316804,-0.538459497839898,-0.543205919690318,-1.08907433885046,-0.532850506793854,2.06415922862887,0.0824355567210018,-2.24707740429148,-1.28023453882149,-0.35568405855027,0.153849957336276,-0.199361816374992,-0.34476848053886,-0.565328047091832,-0.576459764357761,0.82897837806628,0.182033724961094,0.91503209899819,-0.629843707397574,-0.378069979114223,-0.391425967897073,-0.176389105893484,-0.453822940289352,-1.41412195547291,0.00232627821327909,1.02125980885322,-0.241958561604024,-0.0597367947051054,-0.696638653067897,0.0220735832329614,-1.03554662389896,-0.611535701313945,0.201187390066993,-1.12168480637209,-0.216426540149069,-0.454975190371856,-0.956619933665339,0.243010035727013,-1.56531543697313,4.72716790783616,1.43661871533844,-0.400332606464976,1.0589466437462,0.143936619326893,0.13653539481965,-0.109719622984733,0.0413031744765323,1.73675283467717,-0.75529301296961,-1.18649910140954,0.112378141086133,0.300865716338963,0.726172755495118,-0.586710071414878,0.540420449981549,1.17800805584479,3.23691779275872,-1.21265394955768,1.40497477374713,-1.42526006472277,0.346157443944216,-0.158290967106083,0.511849510519854,-0.0315444440301896,0.343388026162328,-0.861049585201808,1.73955983041131,0.274003127169785
comm.and.crime_point_1359,comm.and.crime,regression,0.15,0.327033509759735,nominal,0.812099797669774,0.524070428289996,-0.453822940289352,-0.6315492875904,3.23691779275872,-3.08850198967716,-0.400622650407643,-0.576459764357761,-0.92926301823862,-0.862800033163321,-0.818378775954126,0.540420449981549,-0.343626531286471,0.682832724400303,0.185690512941751,0.0100897055202199,-0.252659454575957,-0.705827158615937,0.454251997880092,0.100035968927465,1.01902867135331,0.223563482083323,-0.00131209356022966,-0.150152698858873,0.634649649939717,2.58833861389967,-0.114410578670175,0.23880827036468,-0.35568405855027,-0.757302642981302,-0.636519031129619,-0.263347611309168,0.18320378636357,-0.264778411457355,0.396048112908209,-0.772702590882484,1.36445551676302,-0.156964313720294,0.153849957336276,0.157602837798,0.259617746176014,0.299322753066192,0.249049755145189,-0.244176455639738,-0.747205579353531,-0.584710153621474,-0.155575772129859,-0.276144776284783,2.77887610534402,2.47264540322947,-0.241958561604024,0.652348567438131,-0.34476848053886,-0.274823379056414,0.565976421003951,0.451234030637584,0.369910502906264,-0.302657597962493,-0.00899738629868194,-0.062407654706626,-0.0974295521732745,0.458843115998027,-0.45780329625955,-0.140449768739244,-0.219657981557459,-0.484226741696171,0.0986025896090331,-1.1309892382737,0.443469960562887,-0.315607286918777,-0.493806103611632,0.726172755495118,-0.444061083654919,0.620806112517094,0.115083578304395,-0.29631495662136,-0.493873574512357,-1.3945113531559,-0.800827005447445,1.43939912673359,-0.377360854488696,-0.446961579774181,-0.548100210488063,0.563648629594096,0.0838245308487138,-0.13276590127921,0.121355038456154,-1.29867614164992,0.428494422483792,3.09555405791342,-0.286904425214791,-0.226875569169311,-0.153813933172513,0.886358450346385,1.13012207196148,-0.231517792612544,0.849911231176784,-0.595936377798769,1.90626293942714,3.6598881681463,-0.391348688885798,0.638049880711185,-1.22244374045233,-0.453822940289352,1.02125980885322,1.77064159337288,-0.179320641157294,1.21723454990582,-0.230075729421995,0.978995691768727,1.16017042020929,0.223072592487436,-0.0705609496871936,-0.303554212051806,-0.156045871094839,-0.506438677988928,1.08150811908822,0.917566476161884,-0.778552299399972,-0.767702135816429,-1.49786692894712,3.7696264931462,-0.139144981884744,-0.230503261067549,1.89690231232458,-0.576527589185363,1.37576635054595,0.166211111412584,-1.90465321089015,1.03524277168163,-0.687872404062027,-0.506783935891765,-0.173042062415791,1.03450568696218,0.282168870917816,1.88725994012919,0.00542422998716656,0.0667263240013159,0.281514065900134,0.682832724400303,-1.56531543697313,-1.54139643245759,0.40046092821602,0.60517537847966,0.281459459960805,-1.6930360646172,1.37397464286502,-1.18649910140954,-0.739281849167541,-0.839101164308632,0.200393210115953,-0.96284821097941,-0.257216700834412,-0.830849724959226,-1.10393872283714,-0.262943549469985,-1.47186459500113,-0.959478323882113,-0.450140894829368,-0.888608530066145,0.730830743980246,-0.543205919690318,-0.14197595766913,-0.802823042251458,1.7101765580732,-0.138130025434889,0.85572211589946,-1.01324563861754,-0.277522937462631,-1.56388548933269,-0.121200695287352,0.114002523928599,-0.869747200724323,2.04729068384954,0.352751675137971,-0.305555362163633,-1.33127089395254,-0.669300457399169,-0.760637999705362,-1.28946708192584,0.617322065653698,-0.296225771543798,-0.733880170107544,-0.822313500858473,0.72448175801232,-0.333979422149212,-0.885696359334983,-0.0298337623069365,-0.611535701313945,2.8536944559559,-0.696016939253532,0.299068970106906,0.884216993443326,0.30064753696682,0.592204999179243,-0.778386370841756,-0.00454386804312309,0.6153882795591,-0.333979422149212,-0.140449768739244,-0.738257558223326,-1.66921732982277,1.5023323817101,1.54047298387896,0.0462183158830917,-0.742597169663439,-0.432151904040676,0.0550186540907768,-1.98055152906875,-0.862800033163321,1.23825046380754,0.726172755495118,-0.272093994394233,0.317188096723854,0.812099797669774,-0.195819457380031,-0.709944599158927,-0.64471119872407,-0.382231429342107,0.550854342883945,0.46962452707733,-0.352113179076581,-1.16798693587037,0.228695275045463,1.70345059835668,-0.304397343978269,0.0218049017374774
comm.and.crime_point_0544,comm.and.crime,regression,0.05,0.097974064332862,nominal,-0.224640267159436,-0.867866213748302,-0.375024355916575,0.345748499249786,-0.629843707397574,0.845289154649251,-0.400622650407643,-0.576459764357761,-0.284915395618803,-0.166244194413711,-0.0976777582871161,0.149763831780583,-0.265657561852559,0.480499389876695,1.57084784025982,0.830152455818498,0.188284489002777,0.81042543756812,0.108666922041517,-0.710275698132921,0.60127719711842,1.68631318959071,1.20219260362464,1.02755132287205,1.56708632650784,-1.23504806525446,2.80252023122097,0.348049768668688,-0.433845179637909,-1.10745167520755,-0.964603692743623,-1.1522015200085,0.804639084730025,-0.363704428404322,0.568425864029928,-0.328007702771107,0.224574795131807,-1.31319581963744,0.959038447962351,-1.54139643245759,0.373618579885543,-1.58456398029216,-1.54827114725268,0.726106231776839,1.18371487005353,1.15986915838501,1.1701425596092,1.23816037624664,0.821714993870633,0.703657382637049,-0.333979422149212,-0.826258750205395,-0.230075729421995,-1.46155861675429,-1.28302888717086,-1.48426876178174,-1.57910963659818,-0.769171424646212,-0.64369508486844,-0.653776320283739,-0.65103955906403,0.546999706382,-0.45780329625955,0.215662469600878,0.252266133973507,0.518419284204312,0.98510497013263,-0.919685446737523,1.15381580742274,-0.744267573836537,-0.783647552628939,0.726172755495118,-0.444061083654919,1.03312600205297,0.871006677585685,0.943523749726722,0.0352672065190975,-0.0609873547032339,-1.08907433885046,-1.17821175605928,1.22674121092355,1.15101920296373,1.19470966109379,-0.16587047298481,1.08727461797251,1.03524277168163,1.10540245912095,-0.826699247575706,-0.319074498087268,-0.175584594524771,-0.286904425214791,-0.226875569169311,-0.283608678304122,1.27788477050604,1.73667742289018,0.865621942326106,1.10215470377026,-0.139144981884744,-0.752632720582405,1.52066207723399,-0.391348688885798,0.0446822618622457,1.01443522469408,-0.217427187171022,-0.709945487718708,-1.60990941735388,-0.409710691716343,0.0188878262786913,-0.34476848053886,2.05888583359914,0.760721512333579,-0.586845013885375,0.564407987550553,0.413283929954837,-0.220480633356821,-0.998826763175882,1.39481263340506,-1.50546034606934,0.0937373566032682,3.0081130167773,1.86002561502812,2.14684617215372,-0.321861540250354,0.134929855663671,2.16687484778218,-0.61971625898909,0.0543650200071232,0.338588862534303,0.208486222981217,-0.777184479464502,-0.592122486177232,-1.23504806525446,-1.26049841310347,2.1306342484174,0.221480193470925,0.194009440828534,0.00542422998716656,0.722358181389051,0.471155635969346,-1.56531543697313,0.682832724400303,0.0479899816524777,-0.543205919690318,0.541853779870831,-0.179320641157294,-0.0381763034178386,-0.0595254815975429,0.699375414281087,0.739325468475985,-1.38501220832434,0.00547415598365529,-0.362019970307365,-0.524876705773258,-1.03554662389896,-0.435242082062902,2.14406584489976,0.636808449280568,-1.09640931284725,0.243010035727013,0.293144453697438,-0.275847723670213,-1.78176865756739,-0.100797767182985,0.978995691768727,2.06415922862887,0.744132303188673,-2.07469965316976,-0.692858958372798,-0.433845179637909,0.261208422753086,-0.433845179637909,-0.34476848053886,2.18096542220705e-05,-0.533447461928133,0.0352672065190975,-0.166244194413711,0.799837073718665,0.908969542664623,-0.675622884018443,0.612267041899781,0.458579831344262,-0.217427187171022,-0.733880170107544,-0.513073583706566,-1.10564955550658,-0.241958561604024,2.12315634038814,-0.553751890761977,0.740164105719455,-0.523804376549633,-0.569295082344151,0.641654500246602,-0.531713688779321,0.682832724400303,-0.0522135790060488,1.98423385292377,-1.09378104463172,-1.56531543697313,-0.241958561604024,-0.343942476362171,0.275517297051724,2.60095236793735,-0.56760401811193,-0.818142165740683,-0.265657561852559,0.629228432581511,-0.986987999991752,-1.02539690198974,-0.491703227207728,0.460656060460939,-0.964603692743623,0.726172755495118,0.0949580954631852,1.8240064812133,1.5439163140198,-0.629843707397574,-0.91102833931843,-0.956619933665339,0.281514065900134,3.46778515277508,-0.733880170107544,-0.985685818113966,-0.970344763376429,-0.34476848053886,-1.63039964026935,1.13072152314633,-0.835669064732367
comm.and.crime_point_1043,comm.and.crime,regression,0.02,0.066476136331265,nominal,1.60490102371564,0.176086267780421,-0.453822940289352,-0.570468175912889,-0.708757207400764,0.886266145735984,-0.352747691465246,-0.576459764357761,-0.284915395618803,-0.653833281538438,-0.518086685259539,0.652036626610397,-0.499564470154296,-1.56531543697313,-0.626298265141257,-0.700631344738288,-0.693603398154691,0.978897948255237,0.68464204843914,0.100035968927465,-0.234225751351356,-0.58347083930006,-0.576901296561691,-0.685472708736566,0.867758819081747,-0.324717903551093,-1.13789507336882,-1.50905570249945,-0.35568405855027,-0.319616352698494,0.207127241592105,0.131698570334978,-0.964061379851424,-0.561556462298257,0.0512926106647712,2.98249868650247,-1.20027610690721,2.60793711347287,-1.24181009308225,-0.719300011366178,-0.65238892350022,-1.24203911968155,-1.05809271932599,-0.308861968134177,0.490563939497149,0.675263793938761,-0.201290197362241,0.507116509507333,0.110020044243945,0.4183367341544,-0.333979422149212,-0.652304948129686,-0.34476848053886,2.09864709633934,1.13490113121159,0.749003691009788,0.780230532275621,-0.472298989483845,-0.60138190496379,-0.611535701313945,-0.608454173918587,0.679234591957959,-0.503316572060594,-0.445688830173635,-0.429402032904556,-0.307289207713733,-0.407970199261594,-0.444251915781118,0.64642591680856,-0.553751890761977,-0.725679262825477,0.726172755495118,-0.444061083654919,0.569266126325109,0.655028649219603,-0.52591471705619,0.987720612375717,-1.13640993410055,-0.471401481558287,-0.1602519683065,-0.867503152253548,-0.922036947615181,-0.930668231079202,-1.07776935120844,-1.2063255811676,-1.22022225196689,-1.23756759008094,-1.3576732534092,-1.92100789931097,-0.279430266030745,-0.286904425214791,-0.226875569169311,-0.802787658830557,1.66941109066569,1.35068765411737,1.36432182184367,1.25350078732634,-0.504578098615964,-0.161767018358061,-0.356617961729881,-0.391348688885798,0.272900576804145,1.65968877233247,-0.217427187171022,0.427703707171417,1.23687038115287,-1.50406343187183,0.874849771726638,-0.115382978305131,0.547039635036561,0.874849771726638,-1.66673515571579,0.564407987550553,-1.46152351837023,0.423866989262996,1.51235247127758,1.08150811908822,0.0937373566032682,-2.37775000207258,-0.708705024057152,0.329221661157051,-0.391348688885798,0.226288134846476,-0.413219819433159,0.331061606670478,-0.662904928792817,0.543772920206689,-1.15535164718726,-0.719233528474505,-0.898012962874244,-0.209122814638054,0.221480193470925,0.713033482588985,0.979699258889417,-1.23504806525446,-0.176389105893484,0.201187390066993,0.59942720812885,0.328924458417437,0.210721610511883,0.682832724400303,0.267215693943522,-0.602185097684464,0.0986025896090331,-1.15847835603325,1.21723454990582,-0.250658831525885,0.600118860823686,0.478394765362422,0.94751679792459,-0.189444898148642,-0.853606712675401,0.0639753050922037,1.77903573652232,-0.483006127832491,-0.786206461289495,-1.14384878811286,-0.366110705033174,0.243010035727013,0.687062114951965,1.21228566329134,1.04923188615163,-1.00671795787817,1.78891329814154,0.471237211128387,-1.29609933175331,1.83252937225587,-0.532665618250428,-0.043039574199713,-0.973413929540229,-0.199361816374992,-0.34476848053886,-0.304397343978269,-0.40441055463925,-1.07592843364696,1.08755631533559,1.08782463691748,-0.669300457399169,-0.590607768331523,-0.232948124244939,-0.546787652615503,-0.375024355916575,-0.576901296561691,-1.02847344562641,-0.759408496192192,-0.333979422149212,-0.94469347109426,-0.506122969993337,0.90912658159863,-0.267933252874971,0.0643142022027552,-0.581865250252313,0.648228546406218,0.682832724400303,0.390824193496339,-0.288244073076904,-0.846227140861585,0.682832724400303,0.218145741121919,-0.29306929945644,-0.231370130585801,-0.245827430569399,-0.244176455639738,0.978897948255237,4.33451163474828,0.678222204090259,0.526201352602092,-0.665258383296233,-0.839101164308632,-0.375210946038594,1.05077351431383,0.726172755495118,1.09124233936189,-1.58028690596656,-1.0174414932053,1.89538829270449,-0.760215534198803,-0.600152808018174,-0.0977690742382896,-0.319107477609904,-0.9955116260173,0.742239561078903,1.15430859093348,0.228695275045463,-0.45072955583245,0.565371666400276,0.173123836996862
comm.and.crime_point_1203,comm.and.crime,regression,0.14,0.327172683745374,nominal,1.48293160432397,0.524070428289996,-0.217427187171022,-0.814792622622935,-0.669300457399169,0.681381190302317,-0.11337289675326,-0.447422857068877,-0.220480633356821,-0.584177697663477,-0.458028267120621,0.428804273352702,-0.109719622984733,0.682832724400303,-0.626298265141257,-1.0286564448576,-0.546622083628446,-0.0880946194298402,0.396654485240329,1.18045152500798,0.541598415084864,-0.533031194213599,-0.419922423015838,-0.578408706761027,-0.938837241768986,-0.385406580997984,-0.267933252874971,-1.23595195673943,-0.121200695287352,0.511987598838842,-0.308434369515615,-0.0658245204870952,-0.82065323407455,0.576092732591868,-0.810596144943824,1.30254022030394,-0.402359601765361,1.0998090622766,-0.705017765998204,1.47295711154427,-0.880390590919278,0.984372474287411,1.22940661099857,-0.761660555595246,-0.499651675583395,-0.4393285442876,-1.20700755247463,0.298246833296102,-1.55060150488499,-1.17945889734843,-0.241958561604024,-0.260908893459341,-0.230075729421995,-0.959478323882113,-0.666693784445925,-0.293190120292925,-0.245569541147772,-0.641940381005198,-0.559068725059139,-0.484813844404564,-0.480698018482259,0.591078001573987,-0.503316572060594,-0.547435183985099,-0.586710071414878,-0.720143453672756,-0.724578192305735,-0.444251915781118,-0.368353864419804,-0.172720524612857,0.433686533243749,-1.23321624918318,-0.311139399228302,0.672346098709078,-0.370866985519292,0.805763893465824,-0.493873574512357,-0.405122580110374,0.105093185247738,0.27601651215898,-0.689269589429965,-0.706093598596545,-0.718130441861903,-0.621819912096626,-0.680708868864655,-0.736908318327921,-0.862692382208638,-0.000739682945828393,-2.24139457955571,-1.52557832410244,0.39531226424825,-0.226875569169311,-0.49993325352347,-0.630806040272269,-0.138130025434889,0.267182086905024,-0.108613964678413,-0.321861540250354,-0.06328940132067,-0.618564013678328,-0.391348688885798,-0.731260008940213,0.369181677055691,-0.217427187171022,0.872870783432771,-0.0679036931627271,0.223861947321042,0.133016085671751,-0.230075729421995,-0.640839520976896,0.874849771726638,0.601034142128082,1.62268954961346,0.90955648980559,-0.800393493714657,-0.998826763175882,0.768203604771372,-3.0077369758527,-1.11777605451234,1.29719677575826,0.0329370249239415,-0.391348688885798,-0.321861540250354,-0.413219819433159,0.871006677585685,-0.576527589185363,-1.12021394047183,1.2004776181429,0.878506043477017,-0.898012962874244,-0.639997445119629,-0.0212745163166381,-0.857736801737663,-0.0616228744930443,0.0394141611302526,0.776064299963135,-0.924450780392009,-0.588905533386419,-1.09338731710165,0.682832724400303,0.547943834717897,-0.00681644642028318,-0.307289207713733,-1.48443737561168,-0.0641256158777693,0.703657382637049,-0.0595254815975429,0.500862307366285,0.869790820032767,0.94751679792459,-0.0919853710824933,-0.525882217763377,0.866955319908742,-0.370281702344836,-0.769590402450023,0.207993071167575,-0.862692382208638,0.135969587839005,0.0449669127109041,0.94967388912165,1.03721114717821,-0.189330851725441,1.05219156642907,-0.20888346424473,-0.000739682945828393,-1.46152351837023,0.568425864029928,-1.2268367587807,-0.121200695287352,1.06639691337916,1.28569948429015,-0.34476848053886,-0.782770299686468,0.62788470367182,-0.0705609496871936,0.182033724961094,-0.352113179076581,0.47494529264708,-0.760637999705362,-0.761207603085388,0.458579831344262,-0.296225771543798,-1.25714308192706,0.723886084901063,0.477166715644901,-0.149937701058835,-0.000739682945828393,-0.696638653067897,1.37377339026636,0.806725466558606,-0.231370130585801,-2.14797053089092,-0.649707912297875,0.660351242786569,0.0283387432671127,-0.778386370841756,-0.202586991059232,0.682832724400303,-0.0579168405136468,-0.394815653267903,-0.400332606464976,-1.19475403007165,-0.891031580584123,0.305007905506768,-0.109719622984733,0.0413031744765323,1.68631318959071,-0.215085234929352,-0.144305290106824,-0.444866529913555,-1.19894987961077,0.726172755495118,0.0949580954631852,-0.631549404621351,-1.0174414932053,-0.393103207388005,-1.31319581963744,-0.600152808018174,-0.808924961997834,-0.984372399164023,-0.472248714197789,-0.179320641157294,-1.11857639274689,0.228695275045463,-1.73297964761169,-1.0002125522811,0.526201352602092
comm.and.crime_point_0768,comm.and.crime,regression,0.23,0.0720969543811961,anomaly,-1.0174414932053,-0.519882053238727,-0.375024355916575,-1.91425263281814,-0.0774492073752468,0.47649623486865,-0.639997445119629,-0.533447461928133,-1.76691492764438,-2.18625612678758,-1.35890453920438,3.21920868907389,-0.265657561852559,0.682832724400303,-0.769590402450023,-3.05147789559335,0.237278260511525,0.641952926881002,3.0461400666694,0.145053283764153,3.10778604252775,-0.785229419645906,-0.158290967106083,-0.203684699846642,-0.822282657197971,-1.23504806525446,0.243808994474351,0.566532765276704,-0.277522937462631,0.249375824669157,-0.542780556382761,-0.164586065898132,-0.390428796743927,0.32877769022445,-2.70675140728273,-0.871523677129457,-0.744323818254725,-0.5591317940393,-0.275583904330964,0.705667118525611,-1.39339434261216,0.0709728459924523,0.357978294684454,-2.50816939294508,-0.895737921615612,-0.923933908733845,-0.338433473059384,-0.328362195337591,1.11825455621509,0.988978031119698,-0.241958561604024,-0.260908893459341,-0.230075729421995,0.0446822618622457,-0.382231429342107,-0.64058805739383,-0.707179574188299,-0.302657597962493,-0.389816005440537,-0.484813844404564,-0.480698018482259,0.591078001573987,-0.548829847861638,-1.00529377613668,-0.953762161272296,-1.78176865756739,-2.37093975613527,-0.655555707317298,0.240514004317214,-0.506122969993337,1.30321088029567,-1.23321624918318,0.752234076184632,-3.70855272760961,0.547039635036561,-0.801434429577986,-1.39341290226583,0.928401418342293,0.434518709136896,-0.548046173164703,-0.555594417312278,-0.533338919381635,-0.505592652644603,-0.530630024274263,-0.394008843972142,-0.253594384688952,-0.253520169416148,1.41519099927682,1.33625668317722,-0.227507430277758,-0.286904425214791,-0.226875569169311,-0.326873593347992,-2.29479290095079,-0.193271420973861,-0.530737720323085,-1.21848524408969,-0.230503261067549,-0.70339391206371,-0.70587936432781,-0.391348688885798,-1.46155861675429,-0.878308515045191,-0.217427187171022,1.41696387664109,0.940330818808414,-1.3888684065923,0.36127260445787,-0.34476848053886,0.385056113761999,-0.152304562810898,0.925001184677206,-0.70552988692494,1.73667742289018,-0.091611108832858,0.133665832754111,-1.16384090018251,-0.87547337228922,0.578342721049512,-0.295725241742213,-0.510251474836759,-0.391348688885798,0.409004693212087,-0.321861540250354,1.03299019886025,-0.792470938203999,0.886358450346385,-1.09789239681336,0.260026209173202,-0.293870545825533,0.604751487382699,-0.264029226104202,2.32407992805221,2.07582782034464,-0.0819631937635291,0.670236143756844,-0.0435165600327901,0.0667263240013159,1.13490113121159,0.682832724400303,-1.56531543697313,-0.8289128675117,-0.484226741696171,-0.407970199261594,0.511849510519854,0.646593252940519,2.13850804257839,0.649747137552387,0.913279270551694,0.798631967738489,0.00547415598365529,0.293429019516684,-0.150152698858873,-0.267933252874971,0.281218604480928,3.08593908617488,0.683667850264606,1.55092314047878,-0.598673237091449,-0.976145788122707,0.555756227867123,1.16719024213992,-0.347866910099853,1.46494625559241,-0.531713688779321,0.413283929954837,2.06236637375149,0.909074442850902,-0.433845179637909,0.0464914919194661,-0.35568405855027,-0.34476848053886,1.60909447885453,-0.576459764357761,0.0881812846222431,2.61997916058473,-1.3888684065923,-0.629843707397574,0.472081177754975,-0.866859498853478,0.617322065653698,-0.453822940289352,-0.838532752471447,0.620806112517094,-0.314241419930838,-0.241958561604024,1.59218233455465,-0.791896494605177,-0.611535701313945,0.397331668679148,-0.062407654706626,0.494832130186732,-1.65265881220558,0.682832724400303,1.84076599441325,1.22674121092355,-0.846227140861585,0.682832724400303,-0.333979422149212,-0.547435183985099,-0.611535701313945,0.406559606588398,0.27330764431577,0.0242203876949048,-0.499564470154296,0.580234661072763,-0.785229419645906,0.730278376641099,-0.342818397021626,-1.14142236866316,-1.19894987961077,0.726172755495118,0.829062275178022,-0.352508963049232,1.17800805584479,-0.235276207381626,0.044119426439209,0.335573396805634,-0.998566532067046,0.499680118149013,0.835908565350987,-0.524905716995868,-0.42682878901808,-0.230075729421995,-1.52781963292701,-0.695793398648614,0.526201352602092
comm.and.crime_point_0422,comm.and.crime,regression,0.69,0.190413181193449,anomaly,-0.224640267159436,-0.867866213748302,-0.138628602798245,-0.753711510945423,-0.472016707391195,0.640404199215584,-0.209122814638054,-0.318385949779994,-0.800393493714657,0.182033724961094,-0.0976777582871161,0.652036626610397,-0.0317506535508209,0.682832724400303,-0.196421853214959,-0.372606244618977,-1.13454734173342,-0.31272463367933,0.627044535799378,0.415157172784282,0.541598415084864,-0.129514033521907,-0.210617258288034,-0.36428070280995,0.401540480797687,1.31387638751496,-0.370281702344836,-0.525882217763377,-0.199361816374992,-0.275847723670213,0.0196502920983885,0.427983206568087,-0.964061379851424,0.625555741065352,-0.178544390830854,-0.624470961512025,-0.0603953852759968,-0.20723524876017,-0.812376231415014,-0.500074299075133,0.943622748433189,-0.328639491386592,-0.404521482090398,-0.308861968134177,-0.40063011407534,-0.148565325619854,-0.704148874918434,-0.537231871548822,-1.84714106722945,-1.46477954583108,-0.149937701058835,-0.0869550913836323,-0.000690227188266011,0.181613250827385,0.234103673382831,0.0542078168079789,-0.142989533805432,0.460728663883593,0.456447592652474,0.317757916021518,0.200668143844824,-0.202331311881772,0.224895840756112,-0.29306929945644,-0.376966020067782,-0.602185097684464,-0.15468380482628,-0.338600020013028,-1.43387263470959,-0.363236207687417,1.24524259049221,-1.23321624918318,-0.178217714801685,0.311566195365187,-1.55874614153275,-0.617754621230122,0.0881812846222431,-2.12579870714607,-0.677292433989011,0.227542236551704,0.647482131746904,0.546377825711547,0.302050946381135,0.381268853949369,0.513874568187483,0.511652676906082,0.636808449280568,-0.413719465260767,1.01587000293248,0.499412270264063,-0.286904425214791,-0.226875569169311,0.495159792485531,1.13106240044617,1.18526346750045,0.965361918229619,0.950808620214174,-0.504578098615964,3.18647196091322,3.57257281749682,-0.391348688885798,-0.320467042044794,-0.319088773758589,-0.453822940289352,0.32877769022445,-0.423751167976071,1.83659230123439,0.760721512333579,-0.000690227188266011,-0.856817549342979,-0.722945859776196,-0.586845013885375,0.352751675137971,-2.01293747375996,0.681606038310923,1.46311366275889,0.193811995190487,1.45063237705275,0.966027012606508,0.648228546406218,-0.855916883775387,-0.391348688885798,-0.0477867027019386,-0.595936377798769,-0.370866985519292,1.32377388217864,-1.02233236043192,1.31539611889071,-1.49233332135427,-0.978565285147405,-0.44849760935004,0.0394141611302526,0.99496661054505,0.760473546598372,-0.14265187121042,1.30520508099459,-0.630806040272269,-1.85919225707515,-1.14079770961895,0.368091981808023,0.682832724400303,0.870086402743895,-1.36891441160836,-0.471291797870422,-1.04328333075373,-0.209368692507428,-0.72849220634674,-1.03761427122343,2.18096542220705e-05,-0.392446673750327,-0.286904425214791,1.00349875849274,0.278103309043281,1.36964193864286,-0.8651184939892,3.08593908617488,2.88605969651438,-1.46155861675429,1.1342040892995,0.818368002036808,-0.538459497839898,-1.01503934364349,-0.430223291072143,-0.154888957153209,1.23819966399899,1.46097044519532,0.683344364777741,-0.479267838209638,-0.433845179637909,1.06639691337916,-0.433845179637909,0.687466279512922,-0.521839596572905,-0.40441055463925,1.41103323720088,1.01790073146063,1.203019662197,-0.629843707397574,-0.718130441861903,-0.655555707317298,-1.39341290226583,-0.453822940289352,-0.838532752471447,0.00232627821327909,0.526629724118384,-0.241958561604024,-1.47566747692775,0.113052999998984,-0.44257322543477,2.5466491075463,-0.696016939253532,-2.29479290095079,-0.531713688779321,0.6153882795591,-0.736908318327921,0.291015006099739,0.688607062513258,0.682832724400303,-0.333979422149212,-0.140449768739244,-0.738257558223326,1.11825455621509,0.0145655943380156,-0.53735464792882,-0.343626531286471,-0.644609626645943,0.828839223120861,-0.710275698132921,0.10383609353668,0.112378141086133,0.394604191085821,0.726172755495118,1.09124233936189,-0.408317051363656,1.23899276554062,-0.393103207388005,0.14466129651896,1.36041638304123,1.18231152372889,-0.779675500224294,-0.158290967106083,-0.294515666436819,-1.11857639274689,-0.34476848053886,-1.01491959621532,-0.521839596572905,0.324442772256246
comm.and.crime_point_0254,comm.and.crime,regression,0.09,0.339199794681121,nominal,0.324222120103087,-1.21585037425788,-0.453822940289352,-0.448305952557865,0.198748042635917,-0.179135622519085,0.365376692670713,0.0257124696570293,-1.05813254276258,0.112378141086133,-0.277853012703869,0.317188096723854,-0.343626531286471,0.682832724400303,0.472274787559283,0.22877310559976,-0.644609626645943,0.866582941130492,0.339056972600567,-0.485189123949481,0.780313543219086,0.677520287861476,0.417298235895379,0.492231312994358,0.168431311655657,0.342857548364707,-0.0632363539352424,-0.0889162245473447,-0.35568405855027,-0.713534013953022,0.0196502920983885,-0.0658245204870952,0.135401071104611,-0.215315402983871,0.510966613656022,0.116687185340269,0.224574795131807,-0.00615150860066679,0.207529190044681,0.102796409725239,0.82962191472366,-0.328639491386592,-0.132200133242237,-0.308861968134177,-0.103565429551178,-0.148565325619854,0.0729963540320473,-0.223927357231975,0.228635869181726,1.21723454990582,-0.241958561604024,0.391417864324567,-0.230075729421995,1.59656680346716,1.56159466386731,1.19565818156809,1.19055056164498,1.52098736089205,1.30271119074548,0.951367200568424,0.882034306171907,-0.290487902265745,0.406948943960289,0.113916115789414,-0.0623499430471371,-0.543205919690318,0.161924188217862,-0.655555707317298,-0.672787798788313,0.0177951584617036,0.781496272064518,-1.23321624918318,-0.444061083654919,0.208486222981217,-0.96480656352602,0.300644420509198,-0.70552988692494,-1.05037612774876,-0.183154148155274,-0.499571897557428,0.736598913158695,0.589566495515274,0.387066062068055,1.42995256390655,1.08727461797251,0.793585804862147,1.01168365715287,0.353242987609834,0.588687762606162,3.04363122216044,-0.189444898148642,0.669537677046554,0.538424707529401,-0.19033893009266,0.523566721032782,0.0178321471462401,-0.159062659197108,-0.595936377798769,0.872247960534541,0.0799587915175297,-0.391348688885798,-0.503041693998314,0.455215483407476,-0.375024355916575,0.477166715644901,0.821714993870633,0.511849510519854,-0.0381763034178386,-0.34476848053886,-0.0468999429701671,0.190080215368281,-1.77472416989883,-0.811358043131231,-1.46152351837023,0.101693177953087,-0.752632720582405,-0.0150576810207445,-0.0516442527306052,-0.923933908733845,-0.472716577020044,-0.0164437477815769,-0.391348688885798,0.409004693212087,-0.413219819433159,-0.532850506793854,-0.101452221344363,0.10330581002708,0.625885114403834,0.0538662644052637,1.3171758996377,-0.639997445119629,0.100102838577144,0.269995710086597,0.486441406234567,-0.203340548657311,0.141095362725389,0.348009760126863,-0.0971816403456179,-0.42964182185941,0.682832724400303,0.682832724400303,0.870086402743895,-0.484226741696171,-0.661256593696907,-1.15847835603325,0.24714434506481,0.22717454329497,-0.938357717766034,0.0869987106920766,0.302349200451482,-0.286904425214791,0.23880827036468,-0.899600712687643,1.06259659023327,-0.960646585528377,-0.0536383847421805,-0.0660825654799971,1.45963581450202,-0.846227140861585,2.35027001802664,1.38736017940446,0.459440106210166,1.21690432837365,2.00489132650762,0.117254540572726,-0.468978398668724,0.798262865525553,0.0547099621982618,-0.043039574199713,-0.382942369747774,-0.433845179637909,-0.230075729421995,-0.391374245016123,-0.576459764357761,-1.34049882416269,2.20204565733496,2.29737240235249,-0.669300457399169,-0.633115326174983,1.56313410381259,-0.599701730718649,-0.375024355916575,-0.315269840651936,-1.90465321089015,-0.512093453824773,-0.333979422149212,-0.531713688779321,-0.267978366150136,-0.189129511616007,0.243808994474351,-0.78049817719312,-2.19691132091088,0.0582574288134486,0.660351242786569,1.19634741622795,1.18218282021765,0.243010035727013,0.682832724400303,-0.241958561604024,-0.649181537796562,-0.611535701313945,0.703099168932851,-0.56760401811193,0.417322912631512,-0.343626531286471,-0.399640769102202,2.24114928554178,-0.26010254976604,1.24528645829679,-2.46487846228742,-1.2458191169842,0.726172755495118,-0.219657981557459,-0.0734685214771128,-1.0174414932053,-0.590386957395979,-1.21265394955768,0.023664661864365,0.660797206038557,-0.370281702344836,1.20219260362464,-0.409710691716343,0.116687185340269,-0.230075729421995,-0.296859544818942,2.30490968715737,-0.23039332369483
comm.and.crime_point_0403,comm.and.crime,regression,0.05,0.349784168101619,nominal,-0.407594396246943,-0.867866213748302,-0.453822940289352,-0.0818192824927953,0.908969542664623,-0.424997569039485,-0.304872732522849,-0.533447461928133,0.874910325096869,0.739278395960782,0.743140095657729,0.149763831780583,-0.343626531286471,0.682832724400303,-1.05617467706755,-0.427277094638862,-0.644609626645943,-0.818142165740683,0.108666922041517,0.46017448762097,0.481919633051309,-1.08786729016467,-0.9955116260173,-0.899600712687643,-0.822282657197971,-0.0819631937635291,-1.44494042177841,-1.18133120758743,-0.277522937462631,1.08097977620649,0.535211903206109,0.477363979273606,-0.294823366226011,0.72448175801232,-0.925514645691636,-1.21739747899386,1.99138991366019,-0.508860858999424,0.0464914919194661,0.596054262380089,-0.139385171807338,1.15563490459271,0.957085262150409,0.0145655943380156,-0.549162456337422,-0.633170690066098,-0.109861346897478,-0.171709938179167,0.465867519057289,-0.323496951900488,-0.241958561604024,-0.0434666408647052,-0.34476848053886,-1.14205297583563,1.98828819652304,2.63487820670041,2.47280065342422,-0.726761076765874,-0.305189645631236,-0.273610749555595,-0.310356477900488,0.458843115998027,-0.412290020458506,-0.0895765918335127,-0.167221968720685,-0.366268385707879,-0.534613396479251,0.0311816151752862,-0.672787798788313,-0.0298337623069365,0.607591402654133,-1.23321624918318,-0.311139399228302,-0.770773514666489,-0.586845013885375,0.668004037204926,0.776064299963135,0.283147870703906,0.763944233026054,-0.838891826808356,-0.912061542959443,-0.792470938203999,-0.760637999705362,-1.03217440729726,-1.06297556872134,-1.13966992969373,-1.00327058516075,-0.885696359334983,-1.33363231886228,1.01864062779394,-0.286904425214791,-0.226875569169311,-0.672992913698949,0.837417660326429,-0.193271420973861,0.167442111001511,0.749013842139396,-0.413219819433159,-0.407961060951538,-0.443933312379363,-0.391348688885798,0.272900576804145,-2.12579870714607,-0.296225771543798,-0.462630445351289,0.525175431526179,-0.00652810323800724,0.30420847476134,-0.230075729421995,-0.424861492610813,-0.266432822203958,2.16687484778218,-1.02301435554381,0.633849512110727,0.0372584156911057,0.281382258310197,-0.746101547760053,1.547553449942,-0.148565325619854,-0.649707912297875,-0.460870702131241,-0.391348688885798,-0.413219819433159,-0.321861540250354,-0.694834028068417,-0.662904928792817,0.788476870306472,1.31539611889071,-1.02847344562641,-1.17994609083031,-0.304872732522849,-0.506783935891765,-1.22022225196689,0.541247834307328,0.949744322833616,-1.55215513657527,1.47364793058586,-2.22798517685576,-0.90374574703244,0.682832724400303,-1.56531543697313,0.322022122016284,-0.0123933177430025,0.288567385435518,0.627044535799378,1.16017042020929,-1.06297556872134,0.302349200451482,-0.91323565124325,0.451234030637584,0.102933683049804,0.0203252737566635,2.1517233436152,0.294983219209284,0.520038833328871,-0.105964675924132,-0.8158329812246,1.45963581450202,0.441053158743122,-0.144541836585371,-0.407153610755056,-0.838101809661048,2.65814099538871,-2.206680226631,-0.0597367947051054,0.303001138876892,-0.465840642700386,0.214903302320632,-0.277522937462631,-0.00718774078893893,-0.35568405855027,-0.34476848053886,-0.0869550913836323,0.0257124696570293,0.299837597034825,-0.0965886105387498,-0.467308204356106,-0.35364645738641,-0.590607768331523,0.823570833435961,-0.282217262099776,-0.138628602798245,-0.838532752471447,-0.564613569898551,-0.709945487718708,8.86810663236964,-1.29867614164992,-0.0774626830755764,-0.611535701313945,-0.574978601284565,-0.696016939253532,-2.19691132091088,-1.06268769461281,0.682832724400303,0.0686149044036935,1.53864994586482,0.490563939497149,-1.56531543697313,1.23037520711899,-0.547435183985099,-0.189129511616007,-0.542366992913852,0.143936619326893,0.192692898382022,-0.187688592418646,-1.03655979871593,0.879278868207322,-0.98037958715305,0.15346437026538,-0.375210946038594,-0.777126743249906,0.726172755495118,-0.376966020067782,-1.74771117090983,-0.651533235030286,-0.708757207400764,0.446286906758215,0.157339833982052,-0.998566532067046,-0.830849724959226,-0.52457500537974,1.03022712427771,0.0672766422167828,-0.34476848053886,-0.45072955583245,0.652348567438131,-0.633910484386522
comm.and.crime_point_0997,comm.and.crime,regression,0.08,0.173034849380577,nominal,-1.44433446107615,-0.171897892729153,-0.296225771543798,-0.509387064235377,-0.708757207400764,0.886266145735984,-0.496372568292438,-0.490435159498505,-0.413784920142767,-0.305555362163633,-0.397969848981704,0.652036626610397,-0.499564470154296,-1.56531543697313,-0.578534219371668,-0.536618794678632,0.776209747107756,-0.0880946194298402,0.569447023159616,-0.665258383296233,0.00448937678286525,-0.633910484386522,-0.472248714197789,-0.631940707748796,-1.69644204148058,0.221480193470925,-0.216759028140039,-0.252778472003357,-0.277522937462631,-0.363384981726775,-0.167826657395328,-0.0164437477815769,-0.629442373038718,-1.05618654703309,0.166211111412584,1.20371913405697,-1.31426417907033,1.40143467251585,-0.705017765998204,0.102796409725239,-1.3363939257574,0.299322753066192,0.249049755145189,-0.761660555595246,0.490563939497149,0.481421648160263,0.575855031588241,1.02929070003541,1.11825455621509,1.04604216081623,-0.333979422149212,-0.782770299686468,-0.34476848053886,0.592406217722805,0.234103673382831,-0.0450487366494222,-0.348149548490111,-0.59953003312486,-0.60138190496379,-0.653776320283739,-0.65103955906403,0.679234591957959,-0.45780329625955,-0.59830836089083,-0.534274058578104,-0.307289207713733,-0.534613396479251,0.0311816151752862,-0.0131809409898764,-0.267978366150136,-0.319901234201248,0.726172755495118,-0.311139399228302,0.311566195365187,0.0610890712128745,-0.801434429577986,-0.599701730718649,1.18650283739765,0.887478804484488,-0.0633034170919484,-0.733827980135861,-0.706093598596545,-0.760637999705362,-0.530630024274263,-0.72849220634674,-0.777184479464502,-0.675254778272487,-0.531713688779321,-0.532665618250428,-0.954427130819579,-0.286904425214791,-0.226875569169311,-0.759522743786688,-1.16915473049179,-1.07553374959742,-0.680347684178355,-1.52117741120186,-0.0477867027019386,-0.70339391206371,-0.70587936432781,-0.391348688885798,0.546762554734425,0.670299999286939,-0.453822940289352,1.07072281732671,0.228635869181726,-0.121723128517532,0.475400863850929,-0.34476848053886,1.19497372013481,-0.665881730079667,-2.96260332591229,0.405665753241116,-0.524119794207697,-0.349350157880785,0.872247960534541,0.663768766665756,-0.487789080732225,0.33604003882639,0.117254540572726,-0.362109156720205,-0.391348688885798,1.59666232258855,-0.413219819433159,0.601034142128082,-0.835659608007726,-0.581865250252313,-0.121085140456948,0.311566195365187,-0.374422868098694,-0.544247527234835,0.403546225811598,-0.65635599605476,-0.500074299075133,1.19249903262118,0.0352672065190975,-0.0435165600327901,-0.179135622519085,1.04008034617698,0.682832724400303,0.682832724400303,0.431634978161806,-1.25095605562007,0.478532181262003,0.223861947321042,0.133016085671751,-0.776275543828826,-0.938357717766034,1.43514067677882,0.00457954007927846,-0.286904425214791,1.71356849746879,-0.899600712687643,-0.165584803405107,-0.912882539758789,-0.890859043653398,1.01168365715287,2.6463710521999,1.18371487005353,0.42445034078228,1.03721114717821,-0.130351673731295,-1.00671795787817,0.43905062085352,-1.06268769461281,-0.634402585285642,0.913181366273366,-0.319074498087268,-0.199361816374992,-0.758696998706609,0.269604910150844,-0.115382978305131,1.43514067677882,-0.576459764357761,-1.1288425117501,-0.514522113788516,-1.04328333075373,0.396031792643891,0.0895131571638354,0.136833510943376,1.99308809633548,1.0433501627934,-1.25714308192706,-0.873853487050458,-1.10564955550658,-0.333979422149212,-0.0597367947051054,-0.649009732299257,-0.44257322543477,1.36964193864286,-0.189129511616007,-0.0924573500527467,-1.53466458868703,-1.56531543697313,0.108891065540274,-0.377360854488696,0.441053158743122,-1.56531543697313,0.0341040200315418,-0.852674245419489,-0.569295082344151,-0.245827430569399,-1.27914465555075,-0.0319371158674677,-0.265657561852559,-1.28152865625967,-0.331272613867753,2.48595365527194,1.6919409488551,-1.48970028803797,-1.05834216749048,2.68556176017342,-0.0623499430471371,-1.41286264102328,0.324222120103087,-0.669300457399169,-0.358048053879797,1.00394925739407,1.22972191624619,1.21611926443806,-1.41412195547291,0.799837073718665,-0.476239332141566,-0.34476848053886,-0.758469577859468,-0.739281849167541,0.929718513293784
comm.and.crime_point_0059,comm.and.crime,regression,0.55,0.0236139422940509,anomaly,-1.6882732998595,-1.56383453476745,1.43734308465729,-0.570468175912889,1.18516679267579,-0.711836506646619,-0.11337289675326,-0.533447461928133,0.101693177953087,0.391000476585978,0.262672750546389,-0.631549404621351,1.44965976569352,0.660351242786569,-0.100893761675781,0.611469055738957,0.188284489002777,0.0803778912572774,-0.870490792834442,-0.485189123949481,0.60127719711842,0.0218049017374774,0.155666779985624,0.438699312006588,-0.414341611199418,-0.0819631937635291,0.141460545004487,0.621153514428708,0.816732757764318,-0.0132359495005283,-0.449042081635903,-0.411489929425723,0.852441799988983,-0.165852394510387,0.396048112908209,0.166097728463756,0.110586722968685,-0.810486469238678,1.17375537879597,0.322022122016284,0.0886164956117204,0.470585183371496,0.357978294684454,-0.438232993123054,-0.153076210305205,-0.197025862064479,0.027281928799666,-0.276144776284783,0.110020044243945,0.0759519559752211,0.494208322757484,0.130487161211004,0.114002523928599,0.409831565769285,0.423745243452043,0.649747137552387,0.472490510248604,-0.302657597962493,-0.305189645631236,-0.273610749555595,-0.352941863045931,0.591078001573987,-0.503316572060594,-0.496562007079367,-0.48183804574133,-0.484226741696171,-0.281327002043937,-0.444251915781118,-0.114658919112713,-0.315607286918777,-0.319901234201248,0.726172755495118,1.15099912946448,0.00232627821327909,-0.20888346424473,-0.479994764969224,-0.970100277440667,0.455215483407476,0.0639149947615938,-0.499571897557428,-0.511036026606383,-0.446961579774181,-0.378069979114223,-0.485035080363082,-0.585142193900484,-0.575803673781598,-0.581535976304412,-1.06268769461281,-1.60062121906623,-0.954427130819579,1.36990753490974,0.669537677046554,-0.456668338479601,-0.337161300152529,-0.138130025434889,-0.13177781670903,-0.814895687940138,3.78926102297587,-0.752632720582405,-0.70587936432781,1.73074865395052,-0.0466050641145143,-0.792274708693406,-0.217427187171022,1.16964883427367,1.47410203102843,-0.524905716995868,0.646593252940519,0.687466279512922,0.0610890712128745,-2.49193388036862,-1.50475163444123,-0.176389105893484,-0.524119794207697,1.39038842319272,-0.998826763175882,-0.693884128707245,-1.40853927318009,1.01448754905113,-1.41667036516848,-0.312728384014686,-0.391348688885798,-0.139144981884744,-0.504578098615964,-0.802823042251458,-0.403772909970454,1.62047030064573,1.77507012188196,0.414646167749156,-1.13966992969373,-0.209122814638054,0.0394141611302526,-0.575803673781598,0.870086402743895,-0.0212745163166381,0.564407987550553,-0.875509990372052,0.968220127909451,-0.90374574703244,0.682832724400303,0.637869761172835,0.322022122016284,-0.307289207713733,0.0986025896090331,-1.50406343187183,0.0759519559752211,1.23062463041877,0.302349200451482,-0.0869550913836323,0.500862307366285,-0.286904425214791,-0.0342954753953406,-0.631940707748796,-0.779675500224294,0.520038833328871,1.2545188948066,-0.0192231644959594,0.546762554734425,-2.3315505634824,-1.06368304617927,3.05056808247913,0.223523394233582,-0.0596195766968404,0.385056113761999,2.06415922862887,0.358142534415864,-0.695677644196011,-1.54722343902544,2.45811630060474,0.0464914919194661,-0.277522937462631,0.114002523928599,-0.478351146053977,0.326798586664425,-1.86963960519414,-0.653833281538438,-0.0641256158777693,-0.35364645738641,-0.760637999705362,1.93291573900091,0.0881812846222431,-0.296225771543798,0.94056114771489,0.260026209173202,-0.116389386036903,-0.333979422149212,-0.531713688779321,-0.601380811530617,3.44356371978626,-0.216759028140039,-0.400332606464976,-0.826569200352095,0.23524876409128,0.682832724400303,0.269995710086597,-0.243685682371009,0.589585501005203,0.682832724400303,-0.241958561604024,1.08050647699832,-0.569295082344151,-0.30513534303829,2.66667160660999,0.978897948255237,0.0462183158830917,-0.546622083628446,0.1226841919104,2.21584976625181,1.7911975023125,1.01790073146063,-0.120957420021899,-1.23321624918318,1.09124233936189,0.038147655151735,-1.38334975138032,0.356575042642296,1.65278934771523,-1.09029510578303,-0.951156139549743,1.21611926443806,-1.72807970256461,0.68464204843914,-0.0315444440301896,-0.230075729421995,-1.32265961824234,-0.43486269553505,0.879278868207322
comm.and.crime_point_0584,comm.and.crime,regression,0.13,0.171186463235921,nominal,0.446191539494759,-0.867866213748302,-0.375024355916575,-0.936954845977958,-0.590386957395979,0.845289154649251,-0.592122486177232,-0.576459764357761,-0.478219682404748,-0.444866529913555,-0.337911430842786,1.32173368638348,-0.499564470154296,-1.56531543697313,-1.00841063129797,-1.30201069495703,-1.03655979871593,-0.368882137241703,1.60620225067534,1.13543421017129,0.541598415084864,-0.93654835490529,-0.838532752471447,-1.00666471466318,-0.181232442057388,-0.688849968232438,-1.24024352283868,-1.23595195673943,-0.199361816374992,0.643293485923684,0.300865716338963,1.02055247903431,-0.964061379851424,1.46642688511458,-0.86805539531773,1.69782456529183,0.45255093945805,2.05495682803424,-0.597659300581394,0.65086069045285,-0.310386422371632,0.641847613676801,0.684763913302247,-0.632289530606369,-0.994759483123667,-0.730091762955347,-1.38986525340415,-0.798318966812861,-0.127211605631618,0.24714434506481,-0.241958561604024,0.260952512767785,-0.34476848053886,0.0446822618622457,-0.571872999411319,-0.888729441037333,-1.2200796109,-0.557119685244521,-0.64369508486844,-0.696016939253532,-0.693624944209472,0.635156296765973,-0.503316572060594,-0.445688830173635,-0.48183804574133,-0.779122631666902,-0.787899790914564,-0.497077863665163,-0.520570831604059,-0.649009732299257,-0.0300597851839413,0.726172755495118,-0.311139399228302,-0.409993611322597,-0.532850506793854,-0.0667151961865298,1.62268954961346,-2.12579870714607,0.640409661567619,1.24550202430449,-0.867503152253548,-0.835659608007726,-0.845653115392282,-0.895389575563716,-1.01519223123925,-1.05911760742057,-1.00327058516075,0.825219881684049,-0.212278938005688,1.07056346354692,-0.286904425214791,-0.226875569169311,-0.672992913698949,1.66941109066569,0.523566721032782,1.26458184594016,1.20305209280765,-0.504578098615964,0.232143449791502,0.0799587915175297,-0.391348688885798,3.1028076820837,0.928401418342293,-0.217427187171022,0.922333791906255,0.110020044243945,-0.697698254915155,-0.209368692507428,-0.230075729421995,-1.07279557770906,0.988978031119698,1.46494625559241,1.30520508099459,0.523566721032782,0.0372584156911057,-0.112528209839365,0.0371597380320633,0.723724330383386,1.45063237705275,-1.18068191813137,-1.00405920189194,1.10660237664572,-0.413219819433159,0.683079530760502,-0.640839520976896,1.84203791982337,1.7672926707056,0.85572211589946,-0.152293680362675,-0.898012962874244,0.700501405267494,0.282168870917816,1.63938518873034,0.65086069045285,-0.385406580997984,1.67560362771661,-1.6096218406714,-0.138158631432351,1.46677387883271,0.413054945035492,0.682832724400303,-0.00681644642028318,0.40046092821602,-0.787899790914564,0.91503209899819,0.24714434506481,-0.394008843972142,0.848260244467189,-0.521839596572905,-0.0450487366494222,-0.286904425214791,-0.0342954753953406,-0.685472708736566,-0.523804376549633,0.281218604480928,0.417298235895379,0.917964855184794,0.135969587839005,-0.846227140861585,-0.10077320755709,-0.62599675589646,0.459440106210166,-0.718470624475156,1.51894076268393,-0.236728129982936,0.0824355567210018,-0.753136894569917,-1.38703009890307,0.0351215468879261,1.442151542338,-0.277522937462631,-0.34476848053886,-0.304397343978269,-0.533447461928133,1.25229100289144,-0.932455617038282,-1.61925845715135,-0.550930207394384,-0.420577536957683,0.295311354595511,-1.60506921467841,-0.296225771543798,1.09754002126074,-3.70855272760961,1.86213095290244,-0.333979422149212,-0.35472235350149,-0.125091603844216,-0.78049817719312,-0.267933252874971,-0.696016939253532,0.935299240366342,-0.472716577020044,0.682832724400303,-0.293870545825533,0.825715694570486,0.0944776934649314,0.682832724400303,-0.149937701058835,0.724394238658196,-0.78049817719312,-1.13544611760276,-0.56760401811193,1.2596854660671,-0.187688592418646,1.31514123370399,2.54378715606055,-0.0800332904192877,-0.839101164308632,0.321344892711017,-0.0740881826484698,-1.23321624918318,-0.639146084251652,0.372996185038278,1.5439163140198,0.908969542664623,0.295474101638588,-0.689269589429965,-0.619283391928622,-1.13789507336882,-0.315269840651936,-0.236918153797056,-1.26680802211735,-0.34476848053886,-1.42523962558467,1.5656060283356,0.828839223120861
comm.and.crime_point_1661,comm.and.crime,regression,0.06,0.00589686695381897,nominal,0.324222120103087,1.22003874930914,-0.217427187171022,0.10142405253974,-0.235276207381626,0.0257493329145824,1.84950041988503,-0.318385949779994,-0.993697780500602,-0.444866529913555,-0.818378775954126,-1.35705455270886,-0.265657561852559,0.368091981808023,1.61861188602941,1.65021520611678,0.776209747107756,0.978897948255237,-1.56166094451159,-1.20546616133649,-1.30844382795535,1.48455460924486,1.20219260362464,1.13461532484759,1.39225444965131,1.25318771006807,0.397331668679148,1.22198175510075,-0.35568405855027,-1.06368304617927,-0.823995980623335,-1.1522015200085,1.37827166783752,-0.957260530086126,1.77507012188196,-0.0315444440301896,-0.0603953852759968,-1.06184114443806,1.33479307692119,-0.883719295584461,-0.481387672935926,-0.842426782302506,-0.894699910017088,0.27330764431577,1.33224721231561,1.30525076771888,1.07871370914443,0.768203604771372,-0.660982817851633,-0.323496951900488,-0.333979422149212,-0.652304948129686,-0.115382978305131,-0.183536053079654,-0.0503586817209869,-0.0450487366494222,0.113460484550416,0.163856228721226,0.287194873033872,0.275517297051724,0.328424299281152,-0.334566197457732,-0.184723641453285,-0.445688830173635,-0.376966020067782,0.459440106210166,0.60517537847966,-0.338600020013028,0.950859851177069,-0.553751890761977,-0.667710973022016,0.726172755495118,-0.311139399228302,0.363106181557171,0.871006677585685,-0.434074812882258,-0.0705609496871936,1.444604256453,-1.00671795787817,-0.69346899998653,1.00394925739407,0.891887184141365,0.897156756189573,1.88590200301836,1.70845800523962,1.76021367214008,1.99573107781766,-0.708705024057152,1.01587000293248,0.707103613276012,-0.286904425214791,-0.226875569169311,0.538424707529401,-0.630806040272269,-0.248412816512834,-0.630477696226598,-0.814895687940138,0.500362972394892,-0.900349146138491,0.865796947362869,-0.391348688885798,0.638049880711185,0.928401418342293,-0.375024355916575,-0.957260530086126,0.110020044243945,-0.121723128517532,0.24714434506481,-0.230075729421995,-1.72072966280731,0.30420847476134,1.57293526977546,-1.60506921467841,-1.84751328714304,0.166127940215069,0.823009152015846,-1.47714541449936,-0.827012835844596,0.384500575271014,0.117254540572726,-0.559632247542278,-0.391348688885798,0.865796089126112,0.226288134846476,0.978995691768727,-0.101452221344363,1.08212161042621,-1.84486265167414,0.569266126325109,1.5185567053206,-0.209122814638054,-1.23504806525446,-0.817460640601083,0.705667118525611,-0.567472613338656,-1.02301435554381,-0.924450780392009,-1.24453739077415,-0.856335354515137,0.682832724400303,-1.56531543697313,0.705667118525611,-0.543205919690318,-0.218005403435109,-1.3888684065923,-1.29358715674149,-0.680708868864655,-1.18649910140954,-0.608816497610759,1.09640162811069,-0.0919853710824933,0.730395012732716,0.224571308055511,-0.67732705075443,0.615566924868049,1.72545551544416,1.99573107781766,-0.229179716068034,-0.796716360107558,0.336913082725718,0.336913082725718,0.69535681818675,-1.00671795787817,0.978995691768727,0.353242987609834,1.62639463181223,-1.67248490055242,-0.425870058168848,-0.35568405855027,0.368566888169896,-0.199361816374992,0.572773528396057,-0.782770299686468,-0.18934904249111,2.3634866430575,-1.35038912028805,-1.61925845715135,-0.472016707391195,-0.888160673235742,-0.180122176360894,-1.92255368329729,-0.453822940289352,-0.158290967106083,0.981586015860986,0.279314681750966,-0.241958561604024,-0.531713688779321,0.351197603842184,-0.653776320283739,-0.626152826019497,3.44356371978626,1.42470714056591,0.471237211128387,-1.56531543697313,-0.978565285147405,-0.822944761547652,-1.14329182538575,0.682832724400303,-0.333979422149212,0.368282000318073,-0.527054463374357,-0.957522380196087,1.24359033173235,2.10204801950269,-0.343626531286471,0.531240889564015,-0.0790743884354456,0.0550186540907768,-0.789472887579932,-0.653833281538438,-1.38642682910448,0.726172755495118,-0.324530007231007,-0.743165581250199,-1.20039562229281,-0.629843707397574,0.49655784179809,0.736598913158695,0.423745243452043,0.909073916028471,-0.315269840651936,0.281459459960805,0.561382073451646,-0.230075729421995,0.728940528604452,2.73979419234664,-1.28962587051052
comm.and.crime_point_1474,comm.and.crime,regression,0.02,0.056772098840885,nominal,0.629145668582266,0.87205458879957,-0.453822940289352,-0.814792622622935,-0.669300457399169,0.968220127909451,-0.639997445119629,-0.576459764357761,-0.478219682404748,-0.653833281538438,-0.578145103398456,1.04269324481136,-0.499564470154296,-1.56531543697313,-0.769590402450023,-1.4113523949968,-0.497628312119698,-0.0319371158674677,1.14542214955724,0.190070598600841,0.899671107286197,-0.734789774559444,-0.681553878925593,-0.899600712687643,-0.297787026628403,1.92076316198387,3.46778515277508,0.348049768668688,-0.35568405855027,0.249375824669157,-0.355303606889044,0.329221661157051,-1.1074695256283,-0.314241419930838,-0.810596144943824,2.04369836715624,-0.801317854336286,2.05495682803424,-1.29548932579066,0.486441406234567,-1.05139184148357,0.128060322760887,0.303514024914822,-0.502918505617492,0.193499254972986,0.190658429492517,0.210139629729191,0.0893771570848711,-1.4912935924161,-1.35065128643802,-0.333979422149212,-0.826258750205395,-0.34476848053886,-0.0466050641145143,-0.619283391928622,-1.03761427122343,-1.3739496219135,-0.641940381005198,-0.686008264773091,-0.738257558223326,-0.736210329354915,0.723312887149946,-0.639856399463727,-0.496562007079367,-0.534274058578104,-0.602185097684464,-0.597934995088079,-0.549903811549208,0.189775015255796,-0.696638653067897,-0.261932944397787,0.726172755495118,-0.444061083654919,0.363106181557171,0.115083578304395,0.1628845642483,0.987720612375717,-1.48054515950769,0.516875090109185,0.130593685337154,-0.956619933665339,-0.922036947615181,-0.930668231079202,-0.986579463386079,-1.11075890620342,-1.17994609083031,-1.00327058516075,-0.649707912297875,-0.853052298495168,-0.487121609042694,-0.286904425214791,-0.226875569169311,-0.802787658830557,1.08212161042621,0.358142534415864,0.965361918229619,0.849911231176784,-0.504578098615964,-0.06328940132067,-0.662221689003069,-0.391348688885798,-0.959478323882113,0.842367611990508,-0.453822940289352,-1.05618654703309,0.228635869181726,0.68464204843914,-0.0952404331143684,0.114002523928599,-1.55874614153275,2.35851714383641,0.763017663402644,1.41103323720088,-0.358695607590779,-0.349350157880785,2.54636745017018,-1.47714541449936,-0.4393285442876,-1.89314463762633,1.82817078159176,1.31683711526742,-0.391348688885798,-0.321861540250354,-0.230503261067549,-1.66673515571579,-0.662904928792817,-0.532924460232356,-1.90232190204804,-2.26543311423404,-1.13966992969373,-0.687872404062027,0.646300935599162,-0.13276590127921,0.376828550089045,0.221480193470925,-0.599701730718649,1.42470714056591,0.435519243781917,-0.571872999411319,0.682832724400303,0.682832724400303,0.157602837798,-0.543205919690318,-0.407970199261594,0.857434586358428,0.817785642030109,-1.34967559361385,0.897888521195889,-0.347885794497196,-0.342818397021626,-0.286904425214791,-0.0342954753953406,-0.41781270379772,-0.574978601284565,1.71413997756859,-0.733880170107544,-0.768973580240562,0.592406217722805,-1.58888885217199,0.42445034078228,-1.10745167520755,-0.366268385707879,0.187449566220028,-0.478855999702333,-0.118733906464382,0.0824355567210018,0.22367036178649,1.12266556301406,-0.199361816374992,0.851679982545541,-0.433845179637909,0.114002523928599,-0.173931992421487,-0.18934904249111,-1.44632698036898,-0.514522113788516,-0.928088305474204,1.65864779269492,-0.0380095163665442,-0.444251915781118,1.67560362771661,-0.453822940289352,-0.943185334835349,1.08466598824495,-0.462630445351289,-0.241958561604024,0.117254540572726,-0.601380811530617,-0.653776320283739,-0.626152826019497,-0.738257558223326,-0.239279720112616,-0.708705024057152,0.682832724400303,0.95469044940847,-0.822944761547652,-0.351119333321313,-1.56531543697313,-0.241958561604024,-0.242196122550708,-0.400332606464976,1.82994950584177,0.143936619326893,-1.26740219423966,-0.343626531286471,-0.399640769102202,-1.4409448057699,0.0100013392540886,-0.243561843564225,0.321344892711017,-0.355303606889044,0.726172755495118,-0.219657981557459,0.707844714924821,0.324222120103087,-0.629843707397574,-1.51427955979694,-0.64471119872407,0.234103673382831,-0.882023949694159,0.0510141976217214,1.37581220011629,-0.130365530277162,-0.34476848053886,0.882810539617961,0.391417864324567,-0.331272613867753
comm.and.crime_point_1016,comm.and.crime,regression,0.23,0.0881886755012424,anomaly,0.507176249190595,0.176086267780421,-0.0598300184254683,-0.99803595765547,1.02733979266941,-0.465974560126219,-0.496372568292438,-0.576459764357761,-0.478219682404748,-0.444866529913555,-0.337911430842786,0.875268979868092,-0.0317506535508209,0.682832724400303,-0.530770173602079,0.0647605555401046,-0.644609626645943,-0.481197144366448,0.742239561078903,-0.215085234929352,-0.234225751351356,-0.482591549127137,-0.158290967106083,0.0639753050922037,-0.472618903484926,-0.0819631937635291,-0.523804376549633,0.0203252737566635,-0.199361816374992,-0.232079094641932,0.394604191085821,0.625506297390161,-0.294823366226011,-0.957260530086126,0.338588862534303,1.94487728090926,-0.516347673928482,1.25062186739623,-0.597659300581394,0.596054262380089,-0.53838808979069,0.527672660139931,0.575835373762982,-1.020402605573,-0.549162456337422,-0.584710153621474,-0.384147898291766,-0.58944929060163,1.11825455621509,1.38842693899541,-0.0579168405136468,0.304440963286713,-0.34476848053886,-0.959478323882113,-0.524462606894016,-0.64058805739383,-0.758469577859468,-0.726761076765874,-0.686008264773091,-0.696016939253532,-0.693624944209472,0.723312887149946,-0.548829847861638,-0.750927891608026,-0.691582097088426,-0.838101809661048,-1.10450778395871,-0.338600020013028,-0.114658919112713,-0.506122969993337,0.317749953636827,0.726172755495118,-0.111756872588377,0.260026209173202,-0.0468999429701671,-0.52591471705619,-0.0705609496871936,-0.233054967406804,0.105093185247738,-0.305674795128326,-0.689269589429965,-0.61971625898909,-0.548100210488063,-0.849794631652535,-0.776275543828826,-0.777184479464502,-0.628395377288449,-0.649707912297875,-0.532665618250428,-0.279430266030745,-0.189444898148642,-0.226875569169311,-0.802787658830557,0.837417660326429,0.578708116571755,0.616272002567322,0.446321675027228,-0.0477867027019386,-0.358722252432842,-0.662221689003069,-0.391348688885798,-1.05076564985887,0.369181677055691,-0.375024355916575,-0.0174633690899362,-0.838906555258306,0.281459459960805,1.27429867960235,-0.34476848053886,0.385056113761999,0.589529123243989,-1.1807845918921,-0.22930318399663,0.90955648980559,0.230562702477051,-0.506438677988928,1.70811714772191,0.723724330383386,-0.681631226510723,-0.0597367947051054,-0.806536111069869,-0.391348688885798,-0.321861540250354,-0.230503261067549,0.655028649219603,3.18088668373891,-2.29479290095079,-0.695677644196011,0.46618615394114,-0.736908318327921,-0.11337289675326,-0.264029226104202,-0.173042062415791,2.56908567299949,-1.23504806525446,0.82897837806628,1.13106240044617,0.0257493329145824,-0.856335354515137,0.660351242786569,0.682832724400303,0.0479899816524777,-0.484226741696171,-0.0280406076086237,0.511849510519854,0.0759519559752211,-1.2063255811676,0.848260244467189,0.217464062248858,-1.28575565486694,0.00547415598365529,-0.580502966915381,-0.0966206978711041,-0.626152826019497,-0.578534219371668,-0.419922423015838,-0.253520169416148,-0.731260008940213,1.23322565080756,-0.582228126868179,-0.801071272009583,0.223523394233582,1.13454794740136,0.115083578304395,0.117254540572726,1.51611184073429,-1.32772939830898,1.81683670354433,-0.35568405855027,-0.490300835164584,-0.35568405855027,-0.230075729421995,0.913279270551694,-0.576459764357761,-1.18175658985325,0.530311644335899,-1.15847835603325,2.28995579272044,-0.845653115392282,-0.338600020013028,-1.1288425117501,0.806954409675075,0.574277109441232,0.156946236789233,0.477166715644901,-0.149937701058835,-0.413719465260767,-0.839525415373817,-0.696016939253532,-0.728501275489362,-0.611535701313945,0.152246600047036,0.825219881684049,0.682832724400303,-0.65635599605476,1.49409155515892,0.985671747037421,0.682832724400303,-0.0579168405136468,0.0630429388836828,-0.400332606464976,-1.25406194254054,-1.66725773051738,0.529637919756257,-0.499564470154296,-0.742597169663439,0.1226841919104,0.415157172784282,-0.0946770133781229,0.321344892711017,-0.495911319009332,0.726172755495118,0.40957417248383,-1.02220602282232,0.934069217061446,-0.35364645738641,-0.91102833931843,-0.778386370841756,3.0313168319037,0.0902863202695546,-0.681553878925593,0.91503209899819,0.314329357834215,-0.115382978305131,0.882810539617961,1.78304828093024,0.7783995780344
comm.and.crime_point_1581,comm.and.crime,regression,0.45,0.022045831633029,anomaly,-1.0174414932053,0.87205458879957,-0.453822940289352,0.162505164217251,2.32941254272204,-1.61333031055475,-0.687872404062027,0.0257124696570293,-0.156045871094839,-0.305555362163633,-0.397969848981704,1.04269324481136,-0.499564470154296,-1.56531543697313,-1.05617467706755,-0.809973044778059,0.286272032020273,-1.43587470492678,1.49100722539581,0.280105228274217,0.0641681588164208,-1.28962587051052,-1.15249049956315,-0.953132713675412,-0.764005364912463,-1.23504806525446,-0.830849724959226,-1.34519345504344,-0.277522937462631,1.08097977620649,2.17563521127613,2.20569102396674,-1.20307495614621,2.80192811389864,-1.27027014793507,-1.36562910836432,-1.25727014298877,0.898725322117096,-1.51020625662428,0.979699258889417,-0.424387256081161,0.756022567213671,0.848156722611144,0.143936619326893,-1.68791041368005,-1.89314463762633,-1.48129410386892,-1.32049315734094,0.110020044243945,-0.0381763034178386,-0.149937701058835,1.65258292937346,-0.34476848053886,-0.366110705033174,0.234103673382831,0.500862307366285,0.780230532275621,-0.429888641603507,-0.305189645631236,-0.273610749555595,-0.225185707609603,0.370686525614054,-0.0936970898511967,0.877013769375391,0.881498288014796,0.40046092821602,-0.471291797870422,1.4574822080445,-0.571309820665477,0.875115732297224,0.781496272064518,-1.23321624918318,-0.244678557014993,-2.26543311423404,-0.154888957153209,-0.29631495662136,0.141095362725389,0.928401418342293,2.94638832879172,-0.838891826808356,-0.912061542959443,-0.922036947615181,-0.930668231079202,-1.16895923903081,-1.11075890620342,-1.05911760742057,-1.00327058516075,0.0582574288134486,-0.853052298495168,0.499412270264063,-0.286904425214791,-0.226875569169311,-0.370138508391861,-0.826569200352095,0.192718347798946,0.516532026663808,-0.0581652701597183,-0.413219819433159,-0.555677486507623,-0.269302611080399,-0.391348688885798,-1.00512198687049,0.455215483407476,0.728155825302298,0.477166715644901,0.821714993870633,-0.58250322963563,-0.894138248865786,-0.34476848053886,0.169078085395916,-1.06533063795537,0.0610890712128745,0.246923518931679,-1.68208910052612,-0.864828255976639,-0.358722252432842,0.663768766665756,-0.536249617176849,-0.633170690066098,-0.177731018223659,-0.312728384014686,0.773724362083162,-0.413219819433159,0.317646414029282,0.709023156311124,-0.922036947615181,1.03318082040625,0.740803615151647,0.414646167749156,0.390824193496339,0.41325165161311,-0.506783935891765,1.11579509395479,0.705667118525611,-0.567472613338656,-0.282217262099776,1.22894398048608,-1.08062942642722,-0.145179466755593,0.682832724400303,-1.56531543697313,-1.32217072016655,-1.07401852163763,-0.724578192305735,-1.61925845715135,0.4183367341544,0.561657905669569,-0.0946770133781229,-1.0002125522811,-0.392446673750327,-0.286904425214791,-0.307399221155361,-0.203684699846642,-0.01206212920031,0.806623107946404,-0.576901296561691,-1.23756759008094,0.0446822618622457,0.0449669127109041,-1.06368304617927,-0.538459497839898,0.577398462198459,1.95811175712425,-0.154888957153209,-1.53466458868703,1.51611184073429,0.166211111412584,1.01587000293248,-0.35568405855027,1.06639691337916,-0.043039574199713,-0.34476848053886,-0.173931992421487,-0.18934904249111,0.299837597034825,-0.305555362163633,0.799837073718665,1.38245054268376,1.78981547090223,2.14421953053709,-1.02301435554381,-0.138628602798245,1.04521373007879,-0.564613569898551,-0.363704428404322,-0.0579168405136468,1.4741881110361,-0.601380811530617,0.613442248810074,-1.08672084863389,2.30306700760182,0.00542422998716656,0.23524876409128,0.682832724400303,-1.13966992969373,-0.377360854488696,0.243010035727013,0.660351242786569,-0.333979422149212,-0.700054714702294,0.359998534991312,0.525175431526179,-1.60257221802295,0.978897948255237,-0.343626531286471,-1.18354111324217,0.576640997688553,0.595226432131034,-0.69021633412253,-0.0965886105387498,2.17563521127613,-1.23321624918318,-0.376966020067782,0.819460891553668,1.05603863645312,-0.708757207400764,3.06037552883175,1.09306603880586,0.897849168625072,-0.4726301518147,-1.15249049956315,0.799837073718665,-0.476239332141566,-0.34476848053886,0.472490510248604,-0.565328047091832,-0.129514033521907
comm.and.crime_point_1429,comm.and.crime,regression,0.51,0.0105955024141857,anomaly,0.507176249190595,0.87205458879957,-0.375024355916575,-0.570468175912889,1.97430179270768,-1.28551438186089,-0.592122486177232,-0.490435159498505,-0.156045871094839,-0.375210946038594,-0.458028267120621,0.372996185038278,-0.499564470154296,-1.56531543697313,-0.960646585528377,-0.645960494718403,-0.056684368540964,-1.09892968355255,0.569447023159616,0.550209117294346,-0.651977225586244,-0.986987999991752,-0.786206461289495,-0.524876705773258,-0.705728072626956,0.646300935599162,0.141460545004487,-0.798985963523397,-0.199361816374992,1.12474840523477,0.488342665832679,0.625506297390161,-0.677245088297676,0.378240698697934,-0.465840642700386,2.14251945340321,-0.687329782173164,1.65278934771523,-0.436621602456179,0.870086402743895,0.0316160787569558,1.15563490459271,1.06601380168967,-0.438232993123054,-1.53937807141797,-1.65084195540321,-2.16701048235463,-1.7382325097634,0.999638731277305,1.559619328085,-0.149937701058835,1.34816377574097,-0.34476848053886,0.592406217722805,0.328924458417437,1.24528645829679,1.08797055430264,-0.514709337364183,-0.559068725059139,-0.484813844404564,-0.523283403627701,0.723312887149946,-0.366776744657462,-0.140449768739244,-0.219657981557459,-0.484226741696171,-0.851221389523392,0.136833510943376,-0.469831842542641,-0.125091603844216,-0.0880280749874027,0.726172755495118,-0.37760024144161,-0.152293680362675,-0.316872478427771,-0.0667151961865298,-0.176389105893484,0.283147870703906,1.50515166177666,1.05160492187539,-0.822944761547652,-0.792470938203999,-0.760637999705362,-1.12336429511962,-1.06297556872134,-1.01884144628399,-0.862692382208638,0.117254540572726,0.428494422483792,0.447489434511076,-0.286904425214791,-0.226875569169311,-0.716257828742818,0.935299240366342,0.0824355567210018,0.167442111001511,0.345424285989838,-0.230503261067549,-0.70339391206371,-0.70587936432781,-0.391348688885798,0.0903259248506256,0.842367611990508,-0.0598300184254683,-0.808871504665675,0.999638731277305,0.68464204843914,0.874849771726638,-0.34476848053886,2.16687484778218,-0.951202378562316,1.57293526977546,-0.123475027790339,-0.082988629895916,0.230562702477051,2.3986510246141,0.0893771570848711,1.30525076771888,-0.390868007842976,0.471237211128387,-0.609013020247796,1.56430964666924,-0.504578098615964,0.0435715764808665,-1.45075712734971,1.92841525943082,0.152246600047036,-0.121085140456948,-0.255373652746643,0.350548032359759,0.41325165161311,-0.0819631937635291,-0.495251351508437,-1.87023500089416,-0.385406580997984,0.987720612375717,-0.728687620312182,-0.834767479906819,-0.808924961997834,0.682832724400303,0.682832724400303,-0.116429302565806,0.459440106210166,0.858461772914973,1.26061717483676,0.646593252940519,-1.25410891864968,-0.0946770133781229,2.21793278611951,-0.541331503936429,-0.286904425214791,-0.853606712675401,0.0639753050922037,-0.267933252874971,0.758859062176815,1.41149776835245,-0.534676575320374,-0.411754368021554,0.985671747037421,0.161838566612595,-1.19498893326411,-0.838101809661048,-0.677292433989011,1.24896822722633,-1.82965014748341,0.578708116571755,-1.38518864868289,1.60324558338117,-0.043039574199713,0.368566888169896,-0.433845179637909,0.114002523928599,-0.565328047091832,-0.576459764357761,1.88725994012919,0.112378141086133,-1.90724602035016,-0.35364645738641,-0.760637999705362,0.0311816151752862,-0.123475027790339,1.83133600652117,0.783582274169036,-0.616153556090535,-0.611019470771741,-0.333979422149212,0.353242987609834,-0.649009732299257,-0.653776320283739,-0.165584803405107,-0.653776320283739,1.13106240044617,-1.47566747692775,0.682832724400303,0.793585804862147,1.36041638304123,0.143988474218959,0.682832724400303,-0.149937701058835,-0.343942476362171,-0.569295082344151,-0.00859578069383644,-0.56760401811193,-0.368882137241703,0.903876979656129,-0.301653226084705,-0.23039332369483,0.640243746967722,-0.442074950479027,1.43583423471039,1.42572741330126,-1.23321624918318,1.56316645489286,1.26592559806906,0.324222120103087,1.65864779269492,1.04953812723672,0.914832475982277,0.803028383590466,0.0902863202695546,0.521950818259281,-1.44646591923207,-0.179776073400649,3.32539955520081,-1.06620959988649,-0.347885794497196,0.223563482083323
comm.and.crime_point_0041,comm.and.crime,regression,0.11,0.136028167450186,nominal,0.324222120103087,-1.56383453476745,-0.375024355916575,-0.0207381708152835,-0.669300457399169,0.927243136822718,-0.592122486177232,-0.447422857068877,-0.735958731452675,-0.79314444928836,-0.818378775954126,0.931077068182516,-0.499564470154296,-1.56531543697313,0.0423983756329848,-0.645960494718403,-0.644609626645943,-0.144252122992213,0.91503209899819,-0.75529301296961,1.55613770965531,-0.0790743884354456,-0.210617258288034,-0.36428070280995,0.867758819081747,0.828366967939835,-0.165584803405107,0.78501576188472,-0.433845179637909,-0.888608530066145,-0.495911319009332,0.279840888451533,-1.01186409511038,0.72448175801232,-0.86805539531773,-0.920934220252943,-0.801317854336286,-0.20723524876017,-0.919734696831824,-0.774106439438939,-0.994391424628807,-0.956601735839376,-0.894699910017088,-0.308861968134177,0.540074720251176,0.529882184604888,0.89585600821491,0.82042102382418,-1.13544611760276,-1.17945889734843,-0.333979422149212,-0.782770299686468,-0.34476848053886,-1.46155861675429,-1.70972241982659,-1.78203842215394,-1.93813966229637,-0.769171424646212,-0.770634624582392,-0.738257558223326,-0.736210329354915,0.546999706382,-0.412290020458506,-0.29306929945644,-0.219657981557459,0.164544216239436,-0.344648600652765,1.08770057285619,1.10307681836132,-0.506122969993337,-0.957552422039323,0.726172755495118,0.287008180691474,-3.70855272760961,1.35695724140937,-0.801434429577986,-1.23467066795639,1.10046903104586,-0.965539767392024,0.857707819446286,0.023664661864365,-0.0150748817369079,-0.0805170742100041,1.293167732173,0.943924605526253,0.551928838042662,1.19912126108902,-0.000739682945828393,2.08382560374828,2.47248002887758,-0.286904425214791,-0.226875569169311,-0.49993325352347,-0.0435165600327901,-0.082988629895916,-0.331257768516057,0.547219064064617,0.683079530760502,-1.04806557169458,-0.269302611080399,-0.391348688885798,-0.320467042044794,2.00382399773961,-0.296225771543798,-0.0669263775634199,0.762407081401742,-0.870490792834442,0.589529123243989,-0.34476848053886,-0.100894450061688,1.04604216081623,1.62692977686698,0.458579831344262,-0.854968167441532,1.39038842319272,-0.0140505928019747,-0.0150576810207445,-0.197025862064479,-0.536249617176849,0.589231434646941,0.625506297390161,-0.391348688885798,-0.321861540250354,-0.504578098615964,-0.532850506793854,-0.61971625898909,0.543772920206689,1.77507012188196,-2.62621301757793,1.47828054418402,-0.304872732522849,-0.992293355466893,-0.65635599605476,0.486441406234567,0.100102838577144,1.41103323720088,0.00542422998716656,0.59942720812885,0.281514065900134,0.682832724400303,0.210721610511883,-1.26736429209379,-0.897080987655194,0.60517537847966,0.68464204843914,-2.20661323188597,-1.2063255811676,0.897888521195889,-0.13044354190256,1.09640162811069,-0.286904425214791,-0.853606712675401,-0.739004709724335,0.602028567618877,-0.530770173602079,0.260319362349526,1.01168365715287,-0.822547334916973,0.391542377989094,-0.538459497839898,-0.757302642981302,-1.84074783556153,0.0227368042754491,2.05888583359914,1.00221121696188,1.2955462585784,0.970640616647273,-1.44042787894386,-0.433845179637909,-0.543980067872989,-0.121200695287352,-0.230075729421995,0.652348567438131,-0.490435159498505,2.89262742408896,-0.584177697663477,0.339056972600567,-0.669300457399169,1.23721721893725,-1.44794492557797,0.987720612375717,1.51614166903007,-0.838532752471447,0.311566195365187,-0.611019470771741,-0.241958561604024,-1.29867614164992,0.0177951584617036,-0.696016939253532,-0.779675500224294,0.528961010870487,-1.02233236043192,-0.531713688779321,-0.935833951788567,0.95469044940847,-0.466477635900487,-1.39084572915588,0.682832724400303,0.12612488057673,-0.496562007079367,-0.78049817719312,-1.01683029266498,2.99009916908218,-0.256567130116958,-0.0317506535508209,2.00105403482646,-0.633910484386522,-1.20546616133649,-0.839101164308632,0.321344892711017,-1.01147293011705,-1.23321624918318,-0.429402032904556,-0.18508469810596,0.629145668582266,-0.669300457399169,-1.51427955979694,1.6723251179825,0.37633485093474,-0.267933252874971,1.83010809780806,0.16626443468128,-1.71150291022872,-0.115382978305131,0.0108804772080765,-0.347885794497196,-1.08786729016467
comm.and.crime_point_0553,comm.and.crime,regression,0.52,0.0548193165161105,anomaly,-1.38334975138032,-0.867866213748302,0.491760072183968,2.66683074299523,1.30353704268057,-3.08850198967716,4.0517485312353,1.61716765955326,0.488301751524978,0.391000476585978,0.322731168685307,-1.02220602282232,0.514032132486567,0.682832724400303,0.806623107946404,1.15817755593781,-0.644609626645943,-0.874299669303055,-0.755295767554917,0.550209117294346,0.243204504917087,0.576640997688553,-0.315269840651936,-0.257216700834412,0.692926942225224,0.282168870917816,-0.165584803405107,-0.198157722851353,-0.043039574199713,-0.582228126868179,0.582081140579538,0.576125524684642,-0.486034227261844,0.477166715644901,0.396048112908209,1.20371913405697,-0.687329782173164,0.546828776837966,-0.758696998706609,-0.171235730638567,0.544619830449837,0.0709728459924523,-0.0777358634726045,3.31352673155438,0.243010035727013,-0.4393285442876,0.301568480193953,0.559333928560141,0.821714993870633,0.4183367341544,0.218145741121919,0.260952512767785,1.37562278621411,-0.274823379056414,-0.145179466755593,0.10383609353668,0.267330495563925,1.35134596937069,1.55659027017339,1.92290143687368,2.0744250902443,-2.27401118590514,1.36272773578222,3.72591167609637,3.92278703254769,2.99554475995845,2.63146653396217,3.14791254033394,0.900120862115651,3.63759313687834,-0.145996364790864,0.726172755495118,-0.311139399228302,1.08466598824495,1.19497372013481,0.208804516335266,-0.970100277440667,0.197114064352121,-0.594936053016721,-0.0148291414846731,1.04850764809996,0.97826452374882,0.812141640502654,1.06519301261709,1.27840796790085,1.47828054418402,1.24598066207306,0.589231434646941,0.642085542646951,-1.31788698109049,-0.286904425214791,-0.226875569169311,2.5286107995474,-0.973391570411965,0.799273698727645,1.26458184594016,0.698565147620701,-0.139144981884744,0.67529272645976,-0.0946719097814345,-0.391348688885798,-0.639972682963453,0.842367611990508,0.255364319065638,-0.709945487718708,0.287943781650617,0.396654485240329,0.4183367341544,-0.34476848053886,-0.96480656352602,0.24714434506481,0.655028649219603,1.41103323720088,0.0272941611820292,-0.413784920142767,-0.604916295026319,-0.850536385865668,-0.148565325619854,-0.390868007842976,-0.295725241742213,-1.39910538353609,2.14684617215372,-0.595936377798769,-0.413219819433159,0.817012170494165,-0.274206900559272,-1.6096218406714,0.453507363282115,0.156946236789233,0.713033482588985,-0.161247855695657,-0.567472613338656,-0.0924897401426294,-0.938525723657223,-0.324717903551093,0.458579831344262,-1.46279947061153,0.681381190302317,-0.761514569480531,0.6153882795591,0.682832724400303,-0.226042158711328,0.341481750221874,0.22524578682669,0.742239561078903,2.01613236565723,-0.250658831525885,-0.541331503936429,-0.782770299686468,-1.08724254795214,-0.286904425214791,-0.580502966915381,-0.792536710712104,0.192634769739419,-0.721826356680434,0.574277109441232,0.215073840424229,1.18577383657174,0.342031597235068,0.380681711753999,0.205607195640876,-0.0713724957371486,-0.183154148155274,-0.478855999702333,-1.47566747692775,1.84696021396812,-2.36199590503929,-0.479267838209638,-0.35568405855027,2.24734003296407,-0.35568405855027,-0.34476848053886,0.478394765362422,0.885958518249587,1.51686139340717,-0.723488865413399,0.972629611637952,2.25049904271885,-0.803145557548822,-0.814033550969433,0.617322065653698,-0.453822940289352,-0.52457500537974,0.46618615394114,0.427703707171417,1.1383543465738,0.648228546406218,1.16088925690906,-0.231370130585801,-1.24024352283868,-0.400332606464976,0.788476870306472,0.825219881684049,0.0308697576020081,-0.414699029235275,-0.243685682371009,0.0449669127109041,-1.56531543697313,-0.333979422149212,-1.10704012994815,0.90912658159863,-0.838906555258306,-1.47320119303407,-0.705827158615937,-0.499564470154296,-0.252659454575957,1.23235638381255,1.22546883984467,-1.28575565486694,-0.166244194413711,-1.05834216749048,0.726172755495118,0.776626262341248,-0.240892786420384,0.812099797669774,-0.669300457399169,-0.00615150860066679,0.246456615393843,-0.00294828920368394,-0.830849724959226,-0.52457500537974,0.108666922041517,0.709613702822105,0.228695275045463,0.626360521262113,-0.869747200724323,-0.482591549127137
comm.and.crime_point_0525,comm.and.crime,regression,0.08,0.361655584872402,nominal,0.446191539494759,-0.867866213748302,-0.217427187171022,-0.26506261752533,-0.195819457380031,0.517473225955383,-0.592122486177232,-0.447422857068877,-0.671523969190694,-0.235899778288672,-0.277853012703869,0.931077068182516,-0.499564470154296,-1.56531543697313,-0.8651184939892,-1.13799814489737,-1.08555357022468,-0.200409626554585,1.203019662197,0.730278376641099,1.55613770965531,-0.785229419645906,-0.838532752471447,-0.899600712687643,-1.23022370319652,-0.628161290785547,-0.626152826019497,-1.67291794995546,-0.121200695287352,0.249375824669157,0.207127241592105,0.823029388212234,-0.916258664592466,1.12018582580019,-1.32772939830898,0.264918814710728,0.395556903376489,0.597099711877842,-0.812376231415014,0.102796409725239,0.715621081014131,0.242235276297757,0.140121215605925,-0.244176455639738,-0.994759483123667,-0.681631226510723,-1.80129508049558,-0.746101547760053,0.347251694119508,0.589529123243989,-0.149937701058835,0.391417864324567,-0.230075729421995,-1.00512198687049,-1.33043927968817,-1.33538393159564,-1.2200796109,-0.641940381005198,-0.686008264773091,-0.653776320283739,-0.608454173918587,0.28252993523008,-0.321263468856418,-0.140449768739244,-0.324530007231007,-0.66116427567861,-0.281327002043937,-0.602729759433253,-0.622048809726895,-0.601380811530617,-0.0880280749874027,0.726172755495118,-0.244678557014993,0.311566195365187,-0.748828535159937,-0.0667151961865298,0.617322065653698,-2.12579870714607,0.55805328059533,-0.111777692699224,-0.778386370841756,-0.792470938203999,-0.803145557548822,-0.667414856007808,-0.680708868864655,-0.736908318327921,-0.675254778272487,0.825219881684049,-0.0520855978833183,2.16094301435965,-0.286904425214791,-0.226875569169311,-0.456668338479601,1.42470714056591,0.578708116571755,0.815751954374349,1.10215470377026,-0.413219819433159,0.379859875347588,0.0363011161927887,-0.391348688885798,0.364187902780905,0.756333805638724,-0.375024355916575,0.229851673277482,1.17756246868398,-1.61925845715135,-2.54899801006515,-0.230075729421995,1.73491879105002,-0.0952404331143684,0.871006677585685,-0.70552988692494,-0.413837003129751,-0.800393493714657,-0.457199869470233,1.39481263340506,-0.0516442527306052,-0.390868007842976,1.35619388751754,2.45259488749434,-0.391348688885798,-0.413219819433159,-0.230503261067549,-0.748828535159937,0.762321174730183,0.25012818008695,0.740803615151647,-1.02847344562641,-0.978565285147405,4.0517485312353,-0.0212745163166381,-0.293870545825533,-0.33565501485685,-0.14265187121042,-0.599701730718649,0.445891340166776,0.845289154649251,1.79864662645383,-1.56531543697313,-1.56531543697313,-1.37697714823931,3.17248229394089,0.288567385435518,0.454251997880092,0.817785642030109,0.705007918115826,0.600118860823686,2.18096542220705e-05,0.351977477180183,-0.286904425214791,-1.29057270589143,-1.06019671565095,-0.165584803405107,-1.34275895168509,-0.576901296561691,-1.00327058516075,-0.457398031009934,-2.13350744046629,-0.713534013953022,-0.10077320755709,1.46208613211065,0.187449566220028,-0.154888957153209,1.23819966399899,0.523566721032782,2.00490712337759,0.909074442850902,-0.277522937462631,0.368566888169896,-0.35568405855027,-0.115382978305131,-0.652304948129686,-0.533447461928133,-1.44632698036898,-0.584177697663477,-0.00652810323800724,-0.629843707397574,-0.718130441861903,0.453789198247646,0.352751675137971,-0.375024355916575,0.992887438896841,-1.18309340420237,1.02125980885322,-0.241958561604024,-0.118733906464382,-0.601380811530617,-0.78049817719312,-0.523804376549633,-0.696016939253532,-0.581865250252313,0.471237211128387,-0.126500613694132,1.27689973850112,-0.64471119872407,-0.351119333321313,0.682832724400303,-0.241958561604024,-0.29306929945644,-0.569295082344151,1.23687038115287,-0.438232993123054,1.48431548031659,0.202156254750917,-0.889578484189684,-0.93654835490529,0.415157172784282,-0.64058805739383,0.59996722821086,-0.0740881826484698,0.726172755495118,-0.48183804574133,1.32173368638348,0.324222120103087,-0.4325599573896,-0.659673664119051,-0.466477635900487,-1.70972241982659,0.44850589341408,-0.681553878925593,0.396654485240329,-0.0315444440301896,0.228695275045463,-1.78426965128286,1.43514067677882,-0.381712258954214
comm.and.crime_point_1751,comm.and.crime,regression,0.17,0.220063176691908,anomaly,0.690130378278102,1.22003874930914,-0.375024355916575,-0.875873734300447,-0.590386957395979,-0.179135622519085,-0.639997445119629,-0.533447461928133,1.1326493741448,0.0427225572111723,0.623023259379894,1.65658221627003,-0.499564470154296,-1.56531543697313,-1.2949949059155,-1.90339004517576,-0.301653226084705,-0.593512151491192,1.72139727595486,0.145053283764153,0.780313543219086,-1.28962587051052,-0.9955116260173,-1.00666471466318,-1.52161016462406,-0.567472613338656,0.0902863202695546,-0.635123716067385,-0.277522937462631,1.03721114717821,0.394604191085821,0.576125524684642,-0.725047803556634,1.16964883427367,-1.78740340130023,0.0672766422167828,0.680527083784293,0.295474101638588,-0.490300835164584,0.0479899816524777,-0.367386839226397,0.527672660139931,0.357978294684454,-1.34383016804519,-0.40063011407534,-0.293946934953727,-0.0184324964327153,0.193811995190487,-0.838906555258306,-0.665881730079667,-0.333979422149212,-0.782770299686468,-0.34476848053886,-1.46155861675429,-0.334821036824805,-0.789472887579932,-0.50201955950362,-0.769171424646212,-0.728321444677741,-0.738257558223326,-0.736210329354915,0.855547772725906,-0.594343123662683,-0.852674245419489,-0.848890135598748,-1.25095605562007,-1.5477589742205,-0.655555707317298,0.240514004317214,-0.601380811530617,0.201813374029904,0.726172755495118,-0.311139399228302,-0.66769354228252,0.385056113761999,-0.29631495662136,1.30520508099459,-0.620207095989836,1.29926070934593,0.082119409729878,-1.09029510578303,-1.05160295702636,-1.01568334676612,-1.30574407076435,-1.34967559361385,-1.38132689651321,-1.47186459500113,-0.000739682945828393,-1.44042787894386,-1.00634996657257,-0.0919853710824933,-0.226875569169311,-0.889317488918297,-0.19033893009266,0.192718347798946,0.117572123049754,0.244526896952449,-0.413219819433159,-0.555677486507623,-0.662221689003069,-0.391348688885798,-0.822547334916973,-0.233054967406804,-0.453822940289352,-1.20457557245354,-0.779598642789415,-0.755295767554917,0.24714434506481,-0.230075729421995,0.0610890712128745,0.874849771726638,0.223072592487436,-0.546787652615503,1.18526346750045,-0.091611108832858,-1.04806557169458,-0.0150576810207445,0.675263793938761,-1.60238141895859,1.35619388751754,-0.460870702131241,-0.391348688885798,-0.504578098615964,0.226288134846476,0.169078085395916,3.18088668373891,-2.14797053089092,0.510966613656022,-0.255373652746643,2.32407992805221,-0.304872732522849,2.46696125900589,-0.293870545825533,1.36334425539874,-0.385406580997984,-0.599701730718649,-0.386102090172486,-0.916721462080286,-0.998566532067046,-1.56531543697313,0.682832724400303,0.979699258889417,0.164544216239436,-0.977864586741049,0.91503209899819,0.0759519559752211,0.322741218259141,-1.43464048505304,-0.652304948129686,0.252720923722782,0.297852737182101,0.23880827036468,0.492231312994358,0.346157443944216,1.28426356564229,1.72545551544416,-1.37814579303305,-0.457398031009934,-0.153076210305205,-0.494690868811617,-0.407153610755056,0.223523394233582,0.105093185247738,-0.856817549342979,1.41519099927682,0.358142534415864,-1.95978115242195,-1.38703009890307,-0.277522937462631,0.583283819003517,-0.35568405855027,1.26093003509725,-0.869747200724323,0.541860098812564,1.51686139340717,0.0427225572111723,1.49100722539581,-0.629843707397574,0.174528272850755,-0.180122176360894,0.881892456169426,-0.217427187171022,-0.52457500537974,-1.49233332135427,-0.858334513139159,-0.149937701058835,2.06415922862887,-0.315607286918777,0.359998534991312,-1.18906929810375,-0.44257322543477,0.445891340166776,-1.77065303572414,-0.418759874672678,0.0686149044036935,2.51893454139452,-1.19280260613978,0.682832724400303,-0.149937701058835,0.0630429388836828,2.26082638863203,-0.36444325550718,0.143936619326893,0.978897948255237,-0.109719622984733,-0.44863454061095,-0.280832968781291,1.0904168953346,-1.98055152906875,0.112378141086133,-1.05834216749048,0.726172755495118,-0.953762161272296,-0.0734685214771128,-0.224640267159436,-0.274732957383221,0.044119426439209,0.335573396805634,0.139282888348225,0.243808994474351,-0.262943549469985,0.569447023159616,-1.16798693587037,-0.230075729421995,0.421200506577434,-0.347885794497196,0.374882417342708
comm.and.crime_point_1860,comm.and.crime,regression,0.34,0.0352926765401761,anomaly,1.60490102371564,1.56802290981872,0.491760072183968,-0.142900394170307,0.711685792656649,-0.465974560126219,-0.592122486177232,0.0257124696570293,-0.220480633356821,-0.0965886105387498,-0.337911430842786,-0.0734685214771128,0.514032132486567,0.682832724400303,-0.530770173602079,-0.427277094638862,-0.840584712680936,0.0242203876949048,0.396654485240329,1.13543421017129,0.72063476118553,-0.533031194213599,-0.629227587743642,-0.524876705773258,-0.705728072626956,-0.446095258444874,-0.421455927079768,-0.853606712675401,0.504088273413761,0.511987598838842,0.160258004218676,0.477363979273606,-0.677245088297676,0.625555741065352,-0.178544390830854,1.99428782403275,-0.573341710010043,1.20035093235635,-0.758696998706609,0.486441406234567,0.145616912466485,0.584760136908366,0.575835373762982,0.208622131821331,-1.19280260613978,-1.06931551806772,-1.48129410386892,-1.0594060620769,0.465867519057289,0.30420847476134,0.678250043847861,1.47862912729775,-0.115382978305131,-0.639972682963453,-0.524462606894016,-0.69021633412253,-0.861049585201808,-0.557119685244521,-0.516755545154489,-0.569295082344151,-0.565868788773144,0.326608230422067,-0.275750193055373,0.164789292695146,0.0949580954631852,0.0465858602511433,-0.0280406076086237,0.189659458827421,-0.216136897235549,-0.172720524612857,0.143845084226443,0.726172755495118,-0.0452960303750682,0.672346098709078,-0.20888346424473,1.26496341433548,0.246923518931679,-1.56657896585947,0.187449566220028,-0.354149070735601,-0.733827980135861,-0.792470938203999,-0.845653115392282,-0.576224968185445,-0.680708868864655,-0.777184479464502,-0.675254778272487,0.294245875850557,-1.01324563861754,0.0840295842401654,-0.189444898148642,-0.127274097367549,-0.456668338479601,0.641654500246602,0.523566721032782,1.16484187003665,0.698565147620701,-0.230503261067549,1.11844200312802,0.123616466842271,2.14684617215372,-0.0922487271028942,0.842367611990508,-0.453822940289352,-0.0669263775634199,0.228635869181726,0.108666922041517,0.4183367341544,0.114002523928599,1.41095174850089,-0.323496951900488,-0.640839520976896,0.405665753241116,1.84696021396812,0.55273651378696,-0.70339391206371,0.663768766665756,0.869105939717259,-1.94160517407096,0.294245875850557,-0.362109156720205,-0.391348688885798,-0.504578098615964,-0.139144981884744,0.709023156311124,-0.317395570362999,-0.483983670212399,-0.0636258900830415,-1.13155341801038,-0.817460640601083,-0.544247527234835,0.464234903258489,-1.26049841310347,0.815279974671134,1.55663109730253,1.25229100289144,1.08212161042621,-1.24453739077415,-1.47267045724008,0.682832724400303,0.682832724400303,1.03450568696218,-0.602185097684464,0.668496977088488,0.972629611637952,-0.266432822203958,1.08727461797251,-1.08724254795214,-0.826258750205395,-0.938357717766034,-0.286904425214791,-0.580502966915381,2.90117135744397,-0.01206212920031,1.14097142833352,0.312645653531477,0.730527251248644,0.957555521629844,0.143988474218959,0.993442518149931,-0.888608530066145,0.518419284204312,0.475696899623041,-1.07279557770906,1.82817078159176,0.578708116571755,0.740803615151647,0.642085542646951,-0.277522937462631,-0.758696998706609,-0.433845179637909,-0.230075729421995,-0.782770299686468,-0.447422857068877,1.72851770581975,-1.35038912028805,0.0510694094017551,-0.629843707397574,-0.718130441861903,-1.07816329038966,0.617322065653698,-0.453822940289352,0.992887438896841,0.414646167749156,-0.709945487718708,-0.333979422149212,0.117254540572726,0.351197603842184,-0.78049817719312,1.62551306231752,0.57120162984028,0.641654500246602,1.00221121696188,-1.56531543697313,-1.05911760742057,-0.912061542959443,0.391542377989094,0.682832724400303,8.86810663236964,-0.801801068513758,-0.78049817719312,0.940330818808414,0.0792511068324541,-0.53735464792882,7.29733247323696,1.46212254823023,-0.482591549127137,1.36052078435473,1.9400823324986,-1.69866703966285,-0.261565132142186,-1.23321624918318,3.92278703254769,0.0939557434661589,-1.38334975138032,2.56615304273161,0.697641581957593,0.825715694570486,-0.382231429342107,0.0391120955346223,0.417298235895379,1.08782463691748,-0.377418245894594,-0.34476848053886,-1.83555965495403,-0.956724101762177,0.980158158380245
comm.and.crime_point_1137,comm.and.crime,regression,0.29,0.167133927035193,anomaly,1.17800805584479,0.176086267780421,0.255364319065638,-0.387224840880353,0.0409210426295376,-0.0971816403456179,0.0781269390163294,0.0687247720866572,2.42134461938443,3.10756824770946,3.44576891190902,-1.13382219945117,0.280125224184829,0.682832724400303,-0.817354448219611,0.775481605798612,0.482247118055266,-0.256567130116958,-1.21607586867302,-0.75529301296961,-1.18908626388824,-0.280832968781291,-0.629227587743642,-0.578408706761027,-0.705728072626956,0.0394141611302526,-0.728501275489362,-0.798985963523397,0.425927152326122,1.08097977620649,-0.0740881826484698,-0.411489929425723,1.09145537628377,0.0319996393835476,0.166211111412584,-0.673881504635512,1.42144955284458,-0.609402729079175,0.261208422753086,-0.33565501485685,2.08363108552848,-0.556989398460331,-0.45898575186003,-0.308861968134177,0.0944776934649314,-0.0516442527306052,0.118710779264428,0.193811995190487,0.287943781650617,0.24714434506481,-0.149937701058835,-0.0434666408647052,-0.000690227188266011,1.23141749956012,1.4193634863154,1.9897106092273,2.01119062038369,0.460728663883593,0.456447592652474,0.57120162984028,0.498765839862923,0.106216754462134,-0.0936970898511967,-0.191322945644976,-0.48183804574133,-1.01503934364349,-0.218005403435109,-0.814033550969433,-1.43387263470959,0.0654240792303436,0.955401141474902,-1.23321624918318,0.552851549544707,-0.822313500858473,-1.72072966280731,-0.158555100360462,0.352751675137971,1.10046903104586,0.599231471081475,0.130593685337154,-0.511036026606383,-0.490150249577908,-0.463085094801143,-0.211465416895992,-0.394008843972142,-0.414699029235275,-0.440957773352299,2.53613612270308,0.535289982565372,-0.0717389230187961,-0.286904425214791,-0.226875569169311,-0.0240191880409045,-0.141398140072703,-1.84751328714304,-1.97696737092403,-0.310408742753192,0.774437809943307,-0.654155103545014,-0.662221689003069,-0.391348688885798,-1.05076564985887,-2.12579870714607,-0.217427187171022,-1.40242760634748,0.110020044243945,0.799837073718665,0.646593252940519,-0.34476848053886,-0.478855999702333,-0.894138248865786,-1.61274064862427,0.0352672065190975,0.358142534415864,-1.31587159181051,0.084427024235416,-3.04366798608359,-0.00318371628598076,-1.40853927318009,0.176251652332003,0.378602433862569,1.73074865395052,-0.230503261067549,-0.0477867027019386,0.763017663402644,-0.533338919381635,-1.41385868059157,0.453507363282115,0.46618615394114,-0.575803673781598,1.80162546094263,-0.14265187121042,1.84076599441325,0.760473546598372,0.464234903258489,-0.970100277440667,-0.875509990372052,0.640404199215584,0.897849168625072,0.682832724400303,0.682832724400303,1.47295711154427,0.813315174175043,2.63146653396217,1.37581220011629,0.4183367341544,0.0838245308487138,-1.38501220832434,-0.782770299686468,-0.739844610851231,-0.286904425214791,-1.45443495334745,-1.00666471466318,0.550854342883945,-1.48605108899385,-0.0536383847421805,1.10540245912095,0.455475228757665,-0.153076210305205,-0.62599675589646,1.95635235677211,0.459440106210166,1.5463298522628,-0.154888957153209,-1.82965014748341,-0.082988629895916,-1.09789239681336,-1.70741677914781,-0.433845179637909,-0.329263137039369,0.0351215468879261,-0.34476848053886,-0.956724101762177,0.111737074516285,-1.7108973708847,-0.653833281538438,-0.640100742275393,0.356575042642296,-0.675622884018443,-0.444251915781118,-1.02301435554381,-0.453822940289352,0.417298235895379,0.260026209173202,0.279314681750966,-0.333979422149212,0.589231434646941,0.494084366148104,-0.44257322543477,-0.830849724959226,-0.358091987495182,0.739536080286516,0.176251652332003,0.682832724400303,-0.777184479464502,0.558365350335113,0.490563939497149,0.682832724400303,-0.0579168405136468,-0.496562007079367,3.44356371978626,1.6520257684351,-0.114805430650861,0.473480416193885,-0.0317506535508209,0.237278260511525,-1.1887465803376,0.415157172784282,0.848260244467189,0.321344892711017,-0.308434369515615,-1.23321624918318,-0.376966020067782,0.0939557434661589,-0.651533235030286,-0.629843707397574,-0.91102833931843,-0.778386370841756,1.08749073869428,-0.4726301518147,-0.786206461289495,0.339056972600567,-0.0315444440301896,-0.230075729421995,-0.142989533805432,0.956767721070621,1.08103744855317
comm.and.crime_point_0729,comm.and.crime,regression,0.01,0.127735911483219,nominal,0.629145668582266,-0.519882053238727,-0.375024355916575,-0.326143729202842,-0.51147345739279,0.804312163562517,-0.639997445119629,-0.490435159498505,-0.156045871094839,-0.0965886105387498,-0.157736176426034,0.038147655151735,-0.499564470154296,-1.56531543697313,-0.626298265141257,-0.0992519945195506,-0.105678140049712,-0.31272463367933,0.108666922041517,0.190070598600841,0.302883286950643,-0.58347083930006,-0.576901296561691,-0.739004709724335,-0.530896195770433,-0.446095258444874,-1.08672084863389,-1.07208970928342,-0.35568405855027,-0.188310465613652,-0.0740881826484698,0.329221661157051,-0.916258664592466,0.675018749538836,-0.121085140456948,1.94487728090926,-0.915305926499407,1.95441495795449,-0.812376231415014,0.596054262380089,-0.880390590919278,0.413497706603062,0.52137110399335,-0.114805430650861,-0.0540546487971503,0.0452768201586437,0.0729963540320473,-1.0594060620769,0.0507121317750543,0.589529123243989,-0.241958561604024,-0.260908893459341,-0.34476848053886,-1.14205297583563,-0.998566532067046,-0.938357717766034,-1.06620959988649,-0.726761076765874,-0.728321444677741,-0.696016939253532,-0.736210329354915,0.767391182341933,-0.594343123662683,-0.242196122550708,-0.219657981557459,-0.189330851725441,-0.0913622062174521,-0.127296228476849,-0.114658919112713,-0.553751890761977,-0.145996364790864,0.726172755495118,-0.444061083654919,0.517726140133124,-0.154888957153209,-0.204475052447428,-0.22930318399663,-0.405122580110374,0.310984137678462,-0.0148291414846731,-0.689269589429965,-0.706093598596545,-0.718130441861903,-0.804199687741353,-0.919625556275082,-0.978565285147405,-0.8158329812246,-0.767702135816429,-1.2268367587807,-0.954427130819579,-0.286904425214791,-0.226875569169311,-0.802787658830557,1.08212161042621,0.0272941611820292,0.566402014615565,0.648116453102006,-0.413219819433159,-0.407961060951538,-0.662221689003069,-0.391348688885798,-0.137892390091274,1.18650283739765,-0.0598300184254683,1.96105696984941,-1.19475403007165,-0.00652810323800724,1.27429867960235,-0.34476848053886,-0.100894450061688,-1.35065128643802,-2.09869121244796,-0.652615808821794,0.90955648980559,-0.284915395618803,-0.654155103545014,-0.223927357231975,0.675263793938761,-1.16623659095697,0.176251652332003,0.230460115746014,1.56430964666924,0.683079530760502,-0.230503261067549,-0.316872478427771,0.589566495515274,0.396950550146819,0.22367036178649,0.0538662644052637,0.108891065540274,-0.0654979378108623,-0.0212745163166381,-0.253594384688952,0.596054262380089,0.221480193470925,-0.811358043131231,-0.483983670212399,0.59942720812885,-0.382231429342107,0.682832724400303,0.660351242786569,0.322022122016284,-0.130351673731295,1.30171296317677,-1.10088084339349,1.44549106869194,-1.06297556872134,-0.392446673750327,-0.43486269553505,0.302349200451482,-0.189444898148642,1.44046475170877,-0.846068711699873,-0.01206212920031,-1.05617467706755,-0.576901296561691,1.19912126108902,0.911911858641464,0.193499254972986,0.380681711753999,-1.15122030423583,-0.602185097684464,0.640409661567619,0.00709456412135369,1.53318522279537,0.0272941611820292,0.396048112908209,-1.60062121906623,-0.277522937462631,0.798000749837136,-0.277522937462631,-0.230075729421995,1.60909447885453,-0.576459764357761,-0.440959496409212,-3.02212313328711,-0.524905716995868,-0.669300457399169,3.10754976404949,-0.285774072128984,-1.34049882416269,-0.296225771543798,2.14406584489976,0.105406250597248,0.0814626478570313,-0.241958561604024,0.589231434646941,1.78006522690138,0.23327667808193,0.243808994474351,-0.738257558223326,-2.00114816083105,0.294245875850557,-1.56531543697313,1.88104215554983,0.692040522452799,-1.39084572915588,0.682832724400303,0.678250043847861,-0.0895765918335127,0.655682867779868,0.169327956712836,-0.761660555595246,1.54047298387896,-0.499564470154296,-0.44863454061095,-1.13830693525114,-0.350137179439416,1.8408257790412,0.669622812085821,-1.01147293011705,0.726172755495118,0.40957417248383,-0.408317051363656,0.507176249190595,-0.629843707397574,-1.06184114443806,0.38013178751153,0.518566028486648,-0.728501275489362,3.39989683326659,-1.3888684065923,-0.82211313400597,1.14623728398038,-1.06620959988649,0.260952512767785,-0.0790743884354456
comm.and.crime_point_1445,comm.and.crime,regression,0.54,0.111765137787369,anomaly,0.385206829798923,0.87205458879957,-0.217427187171022,0.46791072260481,-0.116905957376842,-0.302066595779285,-0.592122486177232,1.78921686927177,0.423866989262996,-0.0269330266637888,-0.277853012703869,-0.519933227992503,-0.499564470154296,-1.56531543697313,-0.8651184939892,-0.372606244618977,0.874197290125252,-0.818142165740683,-0.0641256158777693,0.595226432131034,-0.950371135754022,-0.986987999991752,-0.943185334835349,-0.899600712687643,-0.530896195770433,-0.324717903551093,-0.01206212920031,-1.18133120758743,0.0351215468879261,1.56243469551758,1.09764275168726,1.02055247903431,-0.772850518815592,0.625555741065352,-0.925514645691636,-1.46445019461129,-0.972299962580968,0.295474101638588,-0.597659300581394,0.267215693943522,-0.937391007774043,0.413497706603062,0.357978294684454,0.855477256765716,-0.103565429551178,-0.197025862064479,-0.338433473059384,0.141594576137679,-2.49952810438724,-3.00551104763739,-0.149937701058835,0.0869987106920766,-0.230075729421995,-0.594329019975073,-0.761514569480531,-0.293190120292925,0.0108804772080765,-0.429888641603507,-0.474442365249838,-0.273610749555595,-0.18260032246416,-0.99574062533753,0.406948943960289,0.622647884846732,0.6717542366677,0.69535681818675,0.415210582653175,0.982048677088096,0.0882970371329595,1.06563141537178,-0.0300597851839413,0.726172755495118,0.220547338478165,-2.31697310042603,0.223072592487436,1.26496341433548,2.15183033064492,0.111080258000336,2.82285375733329,0.566862165802633,-1.00117832437123,-0.922036947615181,-0.845653115392282,-1.03217440729726,-0.967408893757168,-0.978565285147405,-1.05012998614479,-0.413719465260767,-1.33363231886228,-0.74673578780763,-0.189444898148642,-0.226875569169311,-0.153813933172513,-1.31597710055166,-0.138130025434889,0.267182086905024,-0.663549604384054,-0.139144981884744,-0.506438677988928,-0.662221689003069,-0.391348688885798,-0.0466050641145143,-1.48054515950769,-0.217427187171022,0.0814626478570313,1.35548620609065,1.83659230123439,1.38842693899541,-0.000690227188266011,-0.370866985519292,1.38842693899541,-0.154888957153209,0.141095362725389,-0.854968167441532,-0.220480633356821,-0.949587954657186,-0.0672751000735523,0.432961111715639,1.3537113041635,0.176251652332003,0.773648615506715,-0.391348688885798,1.96209543931977,-0.504578098615964,-0.370866985519292,0.373623146496638,-1.07127315045188,0.338588862534303,0.672346098709078,-0.978565285147405,-0.496372568292438,-0.567472613338656,-1.30077457424005,-0.664493583293417,-0.688849968232438,-0.017646871584048,0.690595290266559,0.763335172475784,0.755617991073163,-1.56531543697313,0.682832724400303,1.08931211503494,-0.130351673731295,0.541853779870831,0.742239561078903,0.24714434506481,0.131607868330799,0.848260244467189,-0.173931992421487,0.10383609353668,-0.286904425214791,0.184187521212675,-0.739004709724335,-0.267933252874971,-1.10393872283714,-0.00131209356022966,-0.253520169416148,-0.776903671928593,0.589585501005203,-1.15122030423583,0.42445034078228,-0.779122631666902,1.01101337594292,-0.316872478427771,1.41519099927682,-1.46152351837023,-1.09789239681336,-0.853052298495168,-0.277522937462631,-0.221904671622559,-0.35568405855027,-0.230075729421995,-0.826258750205395,-0.576459764357761,-0.70552988692494,0.391000476585978,0.396654485240329,0.159291292634322,-0.803145557548822,0.295311354595511,2.99845558029525,-0.217427187171022,-1.2048167907451,0.363106181557171,-1.40242760634748,2.88675069693238,0.943214105202603,1.06563141537178,-0.696016939253532,2.8536944559559,-0.653776320283739,-0.679746830292226,0.825219881684049,0.682832724400303,0.833861965998727,-0.288244073076904,0.0449669127109041,-0.126500613694132,-0.241958561604024,-0.191322945644976,-0.696016939253532,1.71133368090399,-0.891031580584123,0.529637919756257,0.514032132486567,-0.203665683067209,-0.179953678608368,-0.935362272316362,2.28748026959951,-0.653833281538438,-1.29268835435763,-1.23321624918318,-0.429402032904556,-1.18963028776559,0.629145668582266,3.23691779275872,0.798183452037345,-0.600152808018174,0.044462103313619,-0.523804376549633,-0.472248714197789,-0.0641256158777693,0.0672766422167828,0.687466279512922,1.08797055430264,-0.869747200724323,-1.1887465803376
comm.and.crime_point_1863,comm.and.crime,regression,0.26,0.147687797354202,anomaly,0.507176249190595,1.56802290981872,-0.375024355916575,-0.692630399267912,0.63277229265346,-0.138158631432351,-0.544247527234835,-0.576459764357761,-0.091611108832858,-0.375210946038594,-0.397969848981704,0.428804273352702,-0.499564470154296,-1.56531543697313,-0.8651184939892,-0.755302194758174,0.580234661072763,-0.818142165740683,0.511849510519854,0.865330321151163,0.302883286950643,-0.886108709818829,-0.681553878925593,-0.578408706761027,-0.880559949483478,0.282168870917816,0.909073916028471,0.402670517820692,-0.199361816374992,0.818368002036808,0.722688852699825,1.06993325173982,-0.916258664592466,0.378240698697934,-0.408381392326479,0.610792616575132,-0.915305926499407,0.697641581957593,-0.758696998706609,0.212409265870761,-0.65238892350022,0.413497706603062,0.357978294684454,-0.502918505617492,-0.747205579353531,-0.827012835844596,-1.38986525340415,-0.276144776284783,0.169327956712836,0.4183367341544,-0.241958561604024,0.173975611729931,-0.34476848053886,-1.46155861675429,-0.856335354515137,-0.839101164308632,-0.55330956317479,-0.769171424646212,-0.728321444677741,-0.738257558223326,-0.736210329354915,0.811469477533919,-0.548829847861638,-0.649181537796562,-0.586710071414878,-0.484226741696171,-0.724578192305735,-0.0216443327087585,-0.114658919112713,-0.363236207687417,-0.0300597851839413,0.726172755495118,-0.37760024144161,0.208486222981217,-0.0468999429701671,-0.709594525404054,0.511493909447407,-0.0609873547032339,1.05219156642907,2.4088846388791,-0.867503152253548,-0.835659608007726,-0.760637999705362,-1.21455418294199,-1.15854224368551,-1.17994609083031,-1.09698938712883,-0.649707912297875,-1.44042787894386,0.707103613276012,-0.0919853710824933,-0.226875569169311,-0.846052573874427,0.837417660326429,0.137576952259974,0.566402014615565,0.395872980508533,-0.413219819433159,-0.309483443914147,-0.662221689003069,-0.391348688885798,1.59656680346716,1.35857045010122,0.412961487811192,0.823407774959287,-0.957522380196087,1.03022712427771,2.529709532926,0.687466279512922,0.0610890712128745,-1.1223947676519,2.05888583359914,-2.08129591760672,-0.082988629895916,0.746040800572905,-0.309483443914147,0.82042102382418,1.25679023127425,0.917566476161884,0.353242987609834,-0.0658245204870952,1.64752915030988,-0.413219819433159,-0.321861540250354,1.73491879105002,1.53971723119727,-1.36491789057162,-0.293462891578667,-0.616153556090535,1.92131831668641,-0.496372568292438,4.10555555007194,-0.736908318327921,0.65086069045285,0.282168870917816,-0.335131340202921,-0.337161300152529,-0.179135622519085,-0.145179466755593,-1.56531543697313,0.637869761172835,-0.883719295584461,0.931273530163335,-0.15468380482628,-0.00652810323800724,-1.75010019431373,1.23062463041877,-0.0946770133781229,-0.652304948129686,-1.28575565486694,-0.189444898148642,-0.416640719459369,0.545763313982127,-0.67732705075443,-0.626298265141257,-0.262943549469985,-0.8158329812246,0.0446822618622457,-0.598673237091449,0.511987598838842,-0.932377159094426,-0.779122631666902,-0.7596488149613,0.43905062085352,-0.472716577020044,-0.413837003129751,-0.580759143448198,0.535289982565372,-0.121200695287352,-0.00718774078893893,-0.199361816374992,-0.34476848053886,0.782813918994912,-0.0603121352022264,-0.123475027790339,-0.0965886105387498,1.49100722539581,-0.629843707397574,-0.675622884018443,1.98574168688495,-0.388045418306067,-0.138628602798245,-0.00131209356022966,0.46618615394114,-0.116389386036903,0.218145741121919,-0.177731018223659,1.4466627815209,0.0220735832329614,-0.626152826019497,-0.358091987495182,0.837417660326429,-1.3576732534092,0.682832724400303,-0.978565285147405,1.49409155515892,-1.19280260613978,-1.56531543697313,-0.333979422149212,0.0630429388836828,-0.653776320283739,1.35548620609065,-0.761660555595246,-1.77281972630101,0.124187285317004,-0.98756602720718,-0.331272613867753,0.46017448762097,-1.48426876178174,0.739278395960782,0.488342665832679,0.726172755495118,2.66432272446512,0.428804273352702,-0.651533235030286,-0.314189707384816,-1.11211207947793,-0.912061542959443,1.18231152372889,0.346157443944216,-0.0536383847421805,0.569447023159616,-0.525649875265053,0.228695275045463,0.164750488221586,-0.478351146053977,-0.684350129472983
comm.and.crime_point_1855,comm.and.crime,regression,0.16,0.380626750622508,anomaly,1.17800805584479,1.56802290981872,-0.453822940289352,-0.0207381708152835,-0.4325599573896,0.640404199215584,-0.544247527234835,-0.275373647350366,-0.156045871094839,-0.514522113788516,-0.518086685259539,-0.798973669564622,-0.343626531286471,0.682832724400303,0.854387153715993,0.994165005878154,1.16815991917774,0.473480416193885,-1.04328333075373,-1.11543153166311,-0.592298443552689,0.879278868207322,0.94056114771489,0.920487320896512,-0.822282657197971,0.221480193470925,-1.44494042177841,-0.307399221155361,-0.35568405855027,-0.494690868811617,-0.542780556382761,-0.806536111069869,1.13925809154273,-0.561556462298257,0.683344364777741,-0.179776073400649,-0.0603953852759968,-1.26292488459756,1.4958307750464,-0.390461442929611,-1.1653926751931,-0.499901921691897,-0.45898575186003,-0.308861968134177,0.936160966283394,0.869105939717259,0.89585600821491,1.18594295719383,-0.898214467727196,-0.722945859776196,-0.333979422149212,-0.826258750205395,-0.34476848053886,-1.32462762778915,-0.761514569480531,-0.144305290106824,0.421200506577434,-0.726761076765874,-0.64369508486844,-0.527054463374357,-0.480698018482259,0.546999706382,-0.412290020458506,-0.59830836089083,-0.48183804574133,0.105565038245289,0.0352809910002048,0.136833510943376,0.392730971501469,-0.220349445381496,-0.667710973022016,0.726172755495118,-0.37760024144161,-0.873853487050458,0.43905062085352,-0.479994764969224,0.881892456169426,1.53063806280479,0.0227368042754491,-0.741943275593805,-0.154568900959218,0.0713024578705468,0.0895131571638354,0.062104246571098,0.0838245308487138,0.310271871223178,0.215073840424229,-0.649707912297875,0.802278882769321,-0.383275937536719,-0.286904425214791,-0.226875569169311,-0.586463083611209,-0.239279720112616,-1.13067514513639,-2.17644732273106,-0.310408742753192,-0.230503261067549,-0.851110337619796,-0.574906338353587,-0.391348688885798,-0.274823379056414,-0.706240902341621,-0.453822940289352,0.823407774959287,0.940330818808414,-1.21607586867302,-0.951202378562316,-0.34476848053886,1.9508968194161,-0.0952404331143684,0.385056113761999,1.67560362771661,1.24040486303943,-0.349350157880785,0.67529272645976,-0.850536385865668,-0.00318371628598076,0.820645403272635,-0.118733906464382,-0.905297656480906,-0.391348688885798,0.865796089126112,0.134929855663671,0.223072592487436,0.632755165319001,0.984240030386299,1.43031461963852,0.46618615394114,-0.736908318327921,-0.352747691465246,1.13181035517429,-0.817460640601083,1.41815068347151,4.10555555007194,1.30520508099459,0.543772920206689,0.968220127909451,-0.382231429342107,-1.56531543697313,0.682832724400303,-1.48659000438483,-1.07401852163763,-0.218005403435109,0.91503209899819,1.67374758747806,2.4252080674709,-0.392446673750327,0.0869987106920766,-0.839101164308632,-0.286904425214791,-0.635123716067385,-0.846068711699873,-0.882023949694159,-0.483006127832491,-0.158290967106083,-0.300379570400185,0.135969587839005,1.03518252779145,1.16851703426305,-0.976145788122707,-0.484226741696171,-0.389045100585998,-1.23477909898362,0.23524876409128,1.35068765411737,0.740803615151647,2.29741672391144,-0.277522937462631,0.100170724627871,-0.35568405855027,-0.34476848053886,-0.608816497610759,-0.576459764357761,0.564407987550553,-0.0269330266637888,1.37581220011629,-0.235276207381626,0.812141640502654,1.35183031227641,0.194009440828534,-0.296225771543798,0.521950818259281,0.311566195365187,0.0319996393835476,-0.241958561604024,-0.118733906464382,-0.267978366150136,0.782404724689249,-0.165584803405107,-0.44257322543477,0.348009760126863,0.943214105202603,0.682832724400303,0.149167226676855,0.825715694570486,-0.549162456337422,0.14327716567068,-0.333979422149212,-0.191322945644976,0.444479772930899,0.643791256463961,2.66667160660999,2.15820552306506,-0.343626531286471,-0.350646997593453,-0.986987999991752,-0.215085234929352,0.15346437026538,-0.79314444928836,-1.19894987961077,-1.23321624918318,-0.114785955883911,-0.519933227992503,1.11702334614895,-0.51147345739279,-0.760215534198803,0.781157303864591,-0.571872999411319,1.98373263546205,0.103340488803673,-1.10088084339349,-0.0315444440301896,1.49031553733097,0.0108804772080765,-0.304397343978269,-0.633910484386522
comm.and.crime_point_0162,comm.and.crime,regression,0.03,0.042589056329309,nominal,-1.20039562229281,-1.56383453476745,-0.217427187171022,-1.05911706933298,-0.629843707397574,0.845289154649251,-0.352747691465246,-0.490435159498505,-1.25143682954853,-0.723488865413399,-0.758320357815209,0.428804273352702,-0.187688592418646,0.6153882795591,0.806623107946404,0.611469055738957,-0.840584712680936,1.09121295537998,-0.00652810323800724,-0.98037958715305,-0.0551894052506902,0.929718513293784,1.30684518598855,1.13461532484759,0.57637235765421,0.52492358070538,1.267293489173,1.33122325340476,-0.35568405855027,-0.976145788122707,-0.730257505876477,-0.806536111069869,0.804639084730025,-0.709945487718708,0.970640616647273,-0.229186616524135,0.908503228110535,-0.709944599158927,0.851679982545541,-0.00681644642028318,-0.139385171807338,-0.0432021075444176,-0.0232715937029722,-0.891031580584123,0.589585501005203,0.626803257494137,0.987284858679672,0.35046425234891,-0.186519518100509,0.133016085671751,-0.333979422149212,-0.956724101762177,-0.230075729421995,-0.548685356986693,-0.666693784445925,-0.938357717766034,-0.861049585201808,-0.514709337364183,-0.516755545154489,-0.569295082344151,-0.523283403627701,0.41476482080604,-0.503316572060594,-0.852674245419489,-0.848890135598748,-0.897080987655194,-0.914542988132221,-0.866859498853478,0.494208949624305,-0.696638653067897,0.549623112850672,-1.23321624918318,-0.0452960303750682,-0.822313500858473,0.43905062085352,-0.801434429577986,0.405665753241116,0.455215483407476,-1.00671795787817,-0.935840378022907,0.825715694570486,0.935075853945092,1.15220210325033,1.15638290043946,1.1350579554546,1.3171758996377,1.33969946404113,-0.118733906464382,0.535289982565372,1.07056346354692,0.297852737182101,0.569936205244792,-0.370138508391861,0.494832130186732,0.247859743337919,0.915491930277863,0.244526896952449,-0.0477867027019386,-0.654155103545014,-0.356617961729881,-0.391348688885798,0.455475228757665,1.65968877233247,-0.296225771543798,-0.363704428404322,0.0507121317750543,0.627044535799378,-0.437625211293547,-0.115382978305131,-0.316872478427771,0.874849771726638,-1.39676262025819,0.0881812846222431,-2.61949282468865,-0.413784920142767,-0.900349146138491,-0.0150576810207445,0.0937373566032682,0.239118965937142,-1.06268769461281,-0.312728384014686,-0.391348688885798,-0.230503261067549,0.134929855663671,0.169078085395916,-0.490150249577908,0.396950550146819,-1.90232190204804,-1.02847344562641,-0.736908318327921,-0.592122486177232,-0.203340548657311,1.19634741622795,0.212409265870761,2.10282919432454,0.299837597034825,0.788476870306472,0.23063428834825,-0.42964182185941,0.682832724400303,0.682832724400303,-0.0616228744930443,0.459440106210166,-0.787899790914564,-0.00652810323800724,0.874849771726638,-0.155092156561714,0.500862307366285,-0.43486269553505,0.798631967738489,-0.286904425214791,-0.96284821097941,-0.685472708736566,0.346157443944216,0.0901624214025735,-0.629227587743642,-0.347238971384223,0.592406217722805,1.33224721231561,0.336913082725718,-1.10745167520755,-0.779122631666902,-0.636114243502866,1.30296273431785,0.825219881684049,-0.138130025434889,1.31539611889071,-0.0520855978833183,-0.35568405855027,1.22743461150438,-0.35568405855027,-0.230075729421995,-0.869747200724323,-0.447422857068877,0.82897837806628,-0.166244194413711,-0.121723128517532,-0.590386957395979,-0.760637999705362,0.876396781320006,0.246923518931679,0.0189685659473083,-0.419922423015838,0.0538662644052637,0.0814626478570313,-0.241958561604024,-0.708705024057152,3.87573774072154,-0.696016939253532,-0.114410578670175,-0.611535701313945,1.08212161042621,-0.413719465260767,0.682832724400303,-0.616079834918179,2.34070097857094,-0.00454386804312309,-1.56531543697313,-0.241958561604024,0.368282000318073,-0.653776320283739,1.47410203102843,-1.21445914305632,-1.15508718711492,-0.265657561852559,-0.644609626645943,0.727959932947938,-0.800310327806298,0.15346437026538,-0.375210946038594,-0.0740881826484698,0.726172755495118,0.147394108299959,-0.519933227992503,1.17800805584479,-0.629843707397574,-1.81590517003619,0.38013178751153,-0.334821036824805,-0.4726301518147,1.93476068017196,0.91503209899819,-0.377418245894594,-0.115382978305131,-0.861049585201808,-0.826258750205395,0.627080642775015
comm.and.crime_point_1328,comm.and.crime,regression,0.11,0.318125445843866,nominal,0.202252700711415,0.524070428289996,0.255364319065638,0.284667387572275,-0.51147345739279,0.47649623486865,-0.161247855695657,0.0257124696570293,-0.284915395618803,-0.166244194413711,-0.518086685259539,-0.91058984619347,0.280125224184829,0.660351242786569,0.424510741789694,0.939494155858268,-0.938572255698432,-0.53735464792882,-0.985685818113966,-0.710275698132921,0.123846940849976,0.173123836996862,0.207993071167575,0.117507306079973,0.0518767270846419,-0.0819631937635291,-0.370281702344836,-0.0889162245473447,-0.121200695287352,-0.538459497839898,-0.823995980623335,-0.460870702131241,-0.438231512002885,-0.215315402983871,0.798262865525553,-1.16798693587037,-1.37125821515189,-0.508860858999424,-0.436621602456179,1.25373139925322,-0.880390590919278,0.984372474287411,1.06601380168967,0.208622131821331,0.342031597235068,0.239118965937142,0.118710779264428,0.298246833296102,-0.30513534303829,-0.0381763034178386,-0.149937701058835,-0.43486269553505,-0.115382978305131,0.272900576804145,0.139282888348225,0.15346437026538,0.267330495563925,-0.175426554321479,-0.220563285821935,-0.231370130585801,-0.225185707609603,0.28252993523008,-0.412290020458506,0.26653564650661,0.304702146810281,0.518419284204312,0.60517537847966,0.400963250363601,0.139036026194378,0.208310841536264,-0.319901234201248,0.726172755495118,0.220547338478165,-0.358453625130612,0.115083578304395,-0.663674573317088,-1.76381144898785,2.00382399773961,-0.594936053016721,-0.548046173164703,-0.199127291665113,-0.187829560951817,-0.165532189896924,0.700433461327641,0.65722458063374,0.511652676906082,0.636808449280568,-0.236728129982936,0.748881102728531,-0.954427130819579,-0.189444898148642,1.76515386686595,-0.240343763260253,-2.39267448099071,-2.34378584699379,-1.67774744321349,-3.28688171935617,1.32258748504014,-0.752632720582405,-0.574906338353587,-0.391348688885798,-1.00512198687049,0.283147870703906,-0.453822940289352,-0.611019470771741,-1.13544611760276,0.454251997880092,-1.86422845370679,-0.230075729421995,0.655028649219603,-0.494689340990077,-0.154888957153209,-1.65798329278156,0.413283929954837,3.71003986462407,-0.654155103545014,-1.16384090018251,-0.197025862064479,0.578342721049512,0.176251652332003,1.46497943338397,-0.391348688885798,-0.230503261067549,1.04851264749172,-2.15268571953948,0.97826452374882,-1.02233236043192,-0.695677644196011,0.311566195365187,1.96159447782299,0.173876856901124,0.221480193470925,-0.0522135790060488,-0.390461442929611,-0.446095258444874,-0.546787652615503,0.494832130186732,0.47649623486865,-1.04597692458435,0.682832724400303,0.682832724400303,0.815279974671134,-0.484226741696171,-0.407970199261594,-1.67685596979111,-1.06533063795537,-1.25410891864968,-0.64058805739383,-1.04370100280003,-0.839101164308632,0.00547415598365529,-0.798985963523397,-0.0430886968833349,-0.626152826019497,-1.15170276860673,-0.838532752471447,1.80829347388151,1.91607244438582,-0.895737921615612,-0.669765384924741,0.818368002036808,0.105565038245289,1.13454794740136,-0.26287797133625,-1.12168480637209,0.247859743337919,0.22367036178649,0.642085542646951,0.0351215468879261,-0.919734696831824,-0.35568405855027,-0.230075729421995,0.130487161211004,-0.576459764357761,-0.864272121234376,0.0427225572111723,-0.928088305474204,0.514402042648675,-0.760637999705362,0.0840075630593312,-1.02301435554381,-0.0598300184254683,-0.838532752471447,-0.925393473242442,-1.30350158940051,-0.333979422149212,1.7101765580732,-0.267978366150136,0.528961010870487,2.44430065807644,-0.569295082344151,1.22894398048608,0.0582574288134486,0.682832724400303,-0.616079834918179,0.0682230525702607,0.886650185529367,-1.56531543697313,-0.333979422149212,-0.59830836089083,-0.653776320283739,0.940330818808414,-0.632289530606369,0.305007905506768,0.202156254750917,-0.546622083628446,0.0722445468239389,-0.0800332904192877,-1.38501220832434,-0.79314444928836,-1.19894987961077,-1.23321624918318,-0.534274058578104,-0.0734685214771128,0.690130378278102,1.02733979266941,1.60251841267536,1.13762442951176,0.281514065900134,-0.421455927079768,-0.786206461289495,-0.524905716995868,-0.0315444440301896,-0.115382978305131,0.216040491892755,2.56584039027093,0.47576170751563
comm.and.crime_point_0647,comm.and.crime,regression,0.12,0.253236299548411,nominal,1.17800805584479,-0.519882053238727,-0.453822940289352,3.27764185977035,-0.708757207400764,-0.179135622519085,-0.687872404062027,3.6817581761754,1.51925794771669,0.808933979835743,0.502906423102059,-0.296700874734808,-0.343626531286471,0.682832724400303,-1.2949949059155,-0.755302194758174,1.41312877672148,-2.05360724411288,0.68464204843914,3.07117874814888,-0.890692353720466,-1.59226374102929,-1.78040599374657,-1.91670873145526,1.56708632650784,1.01043300028051,-1.54728887124828,-1.23595195673943,-0.121200695287352,3.05056808247913,3.20675843349157,3.04516415996056,-1.15527224088726,3.14816917321302,-2.4194551554132,-0.723292047758998,0.566539011621171,0.647370646917718,-0.919734696831824,-1.04813857980274,0.259617746176014,-0.499901921691897,-0.731307100708191,3.31352673155438,-0.351119333321313,-0.681631226510723,-0.932721001080341,-0.380579614390398,-1.43198567994721,-1.86422845370679,-0.241958561604024,0.130487161211004,-0.115382978305131,-0.731260008940213,-0.477052214376713,-0.0946770133781229,0.0108804772080765,0.121445880840888,0.456447592652474,0.866885962628837,0.92461969131735,-3.46412515608878,3.86595790483965,3.72591167609637,3.92278703254769,3.17248229394089,3.20136092144162,3.14791254033394,0.341991982440051,3.87573774072154,0.955401141474902,-1.23321624918318,-0.178217714801685,-3.60547275522564,0.655028649219603,1.40272327059638,-1.02301435554381,0.928401418342293,3.02874470976401,3.66921580466826,-1.13485349648892,-1.09479162683009,-1.05819090460958,-1.57931373423144,-1.58859228102428,-1.46187921878637,-1.70616159992132,1.23819966399899,0.214903302320632,-0.590967280548668,-0.286904425214791,-0.226875569169311,1.40372300840679,0.348009760126863,1.40582904965634,0.815751954374349,0.698565147620701,-0.504578098615964,0.0351882157167206,-0.574906338353587,-0.391348688885798,-0.137892390091274,-2.12579870714607,-0.138628602798245,3.14816917321302,0.228635869181726,0.91503209899819,0.133016085671751,-0.000690227188266011,1.57293526977546,-1.46477954583108,0.115083578304395,0.82897837806628,-0.634402585285642,-1.31587159181051,-0.654155103545014,0.454899090454526,-0.827012835844596,0.723724330383386,-0.826699247575706,-0.658393792953314,1.18982188028636,0.500362972394892,-0.504578098615964,-0.0468999429701671,-0.61971625898909,-0.630806040272269,-0.408381392326479,-1.80157323850618,2.32407992805221,-0.496372568292438,-0.264029226104202,-1.42160305764979,0.815279974671134,0.585612258152271,-0.864272121234376,-0.679746830292226,0.763335172475784,-1.18820810213626,-1.56531543697313,0.6153882795591,-1.32217072016655,-0.189330851725441,0.351888984044347,-0.58250322963563,-1.57890780522414,-1.44524226857802,1.24528645829679,-0.43486269553505,0.451234030637584,0.00547415598365529,-0.471261468611373,0.278103309043281,1.47199038811273,0.902151199485581,0.521950818259281,2.88605969651438,-0.639972682963453,0.143988474218959,-1.06368304617927,0.511987598838842,-0.838101809661048,0.763944233026054,-0.370866985519292,0.884216993443326,1.2955462585784,-2.18961815391758,-0.158881157964898,-0.277522937462631,-1.02709316224863,-0.199361816374992,1.49031553733097,2.18096542220705e-05,-0.490435159498505,0.934806534272571,0.182033724961094,0.627044535799378,-0.669300457399169,1.57727768168493,-0.708381655201343,1.7814317839229,-0.453822940289352,0.94056114771489,1.23928594682091,-0.462630445351289,-0.333979422149212,-0.531713688779321,-0.696638653067897,-0.696016939253532,0.857899691293538,-0.696016939253532,-1.80538500075123,-0.531713688779321,0.682832724400303,-1.17994609083031,2.51893454139452,1.48077955457769,0.682832724400303,-0.241958561604024,-0.700054714702294,-0.189129511616007,-0.30513534303829,1.5023323817101,-0.200409626554585,0.0462183158830917,0.580234661072763,0.627080642775015,0.190070598600841,0.500862307366285,-0.723488865413399,-0.777126743249906,-1.23321624918318,-0.00991393021036301,0.931077068182516,0.629145668582266,-0.669300457399169,-0.810486469238678,-0.0208937288415306,1.3719530937981,0.44850589341408,2.24871842726367,-1.33127089395254,1.15430859093348,0.114002523928599,-0.399439552161281,-0.695793398648614,-0.684350129472983
comm.and.crime_point_0419,comm.and.crime,regression,0.22,0.333794705326284,anomaly,-0.224640267159436,-0.867866213748302,-0.375024355916575,0.284667387572275,-0.669300457399169,0.927243136822718,-0.592122486177232,-0.576459764357761,-0.54265444466673,-1.14142236866316,-0.938495612231962,0.205571920095007,-0.499564470154296,-1.40794506567699,0.806623107946404,-0.263264544579206,0.923191061634,0.192692898382022,0.281459459960805,-0.98037958715305,1.31742258152108,0.627080642775015,0.364971944713428,0.224571308055511,0.518095065368702,0.100102838577144,-0.779675500224294,0.293429019516684,-0.35568405855027,-0.844839901037864,-1.2458191169842,-1.34972461083057,0.852441799988983,-0.611019470771741,0.338588862534303,-1.21739747899386,-0.117389421357558,-1.06184114443806,0.314887655461491,-1.04813857980274,-1.1653926751931,-0.956601735839376,-1.00362844955635,0.0145655943380156,1.08469330854548,1.15986915838501,1.03299928391205,1.23816037624664,-1.60990941735388,-0.608817600383137,-0.333979422149212,-0.869747200724323,-0.34476848053886,-0.822547334916973,-0.856335354515137,-1.08724254795214,-1.3739496219135,-0.641940381005198,-0.60138190496379,-0.653776320283739,-0.65103955906403,0.635156296765973,-0.594343123662683,-0.394815653267903,-0.272093994394233,0.459440106210166,0.22524578682669,0.136833510943376,1.40751075272983,-0.696638653067897,-0.8416158424324,0.726172755495118,0.0876256540515485,-3.70855272760961,1.51894076268393,-0.52591471705619,-1.1288425117501,1.35857045010122,-1.04789614836431,-0.69346899998653,0.692040522452799,0.589566495515274,0.557096293441894,0.928408180883549,1.18284129293668,1.15607125509137,1.52713706797728,0.766222769924772,1.22946112309564,1.84940599984173,-0.286904425214791,-0.226875569169311,-0.49993325352347,0.543772920206689,-0.413837003129751,-0.630477696226598,-0.0581652701597183,0.500362972394892,-0.998826763175882,-0.487590987704104,-0.391348688885798,-0.00096140112613429,0.670299999286939,-0.217427187171022,1.26857485122064,1.6520257684351,0.0510694094017551,0.589529123243989,-0.230075729421995,0.601034142128082,0.874849771726638,1.46494625559241,-0.70552988692494,0.303001138876892,-0.156045871094839,1.90626293942714,0.872638442876987,-2.86235536651882,1.64447452283125,0.766222769924772,-1.25096306541953,-0.391348688885798,-0.230503261067549,-0.504578098615964,0.0610890712128745,-0.187829560951817,-0.679746830292226,0.625885114403834,-1.54387330754626,0.108891065540274,-0.400622650407643,-0.324717903551093,0.511652676906082,-0.0616228744930443,-0.567472613338656,0.617322065653698,1.52258872060582,0.722358181389051,0.139282888348225,0.660351242786569,0.255684573739351,0.705667118525611,1.75698202208138,-0.597934995088079,-0.00652810323800724,-1.17945889734843,-0.585142193900484,1.6919409488551,-0.521839596572905,2.73413476015781,-0.286904425214791,-1.39981420419544,-0.631940707748796,-0.114410578670175,-0.291949944754136,-0.315269840651936,1.94887167683362,-1.00512198687049,-0.252097771813259,1.43112880843274,1.2998229213479,0.0465858602511433,-0.389045100585998,1.03299019886025,-0.413719465260767,0.6889909076497,-0.86805539531773,-0.372472278128058,0.0351215468879261,-0.490300835164584,-0.35568405855027,-0.230075729421995,2.18096542220705e-05,1.96126607899028,-1.44632698036898,-0.653833281538438,-0.352113179076581,-0.669300457399169,-0.548100210488063,0.770744885551916,-0.970100277440667,-0.296225771543798,-0.105964675924132,-0.822313500858473,-0.165852394510387,0.12612488057673,0.530234322887664,-0.220349445381496,-0.231370130585801,0.346157443944216,-0.738257558223326,-0.728687620312182,-0.118733906464382,0.345610500194289,0.390824193496339,-0.64471119872407,0.0449669127109041,0.682832724400303,-0.333979422149212,0.673521061752464,-0.273610749555595,1.82994950584177,-1.73194324301182,-0.705827158615937,7.29733247323696,1.70709140577397,-0.179953678608368,-0.575223753622857,1.4437995652116,-0.444866529913555,0.160258004218676,0.726172755495118,0.304702146810281,0.875268979868092,1.17800805584479,1.93484504270609,0.647370646917718,0.602923741041008,1.18231152372889,-0.370281702344836,-0.472248714197789,0.454251997880092,-0.0315444440301896,-0.34476848053886,-0.809759581530638,0.260952512767785,-0.533031194213599
comm.and.crime_point_0999,comm.and.crime,regression,1,0.017602495680893,anomaly,-1.38334975138032,-0.171897892729153,0.176565734692862,3.27764185977035,1.1062532926726,-3.08850198967716,-0.11337289675326,3.6817581761754,1.4548231854547,1.57514540246031,0.983373768213399,-1.6919030825954,0.280125224184829,0.682832724400303,-0.578534219371668,0.174102255579875,-0.98756602720718,-2.39055226548711,-1.27367338131278,2.26086708108849,-1.18908626388824,-0.93654835490529,-1.46644824665486,-1.59551672552864,-0.181232442057388,-0.628161290785547,-0.779675500224294,-0.908227461827405,0.504088273413761,1.21228566329134,3.20675843349157,3.04516415996056,-1.53769396295892,2.50515006305773,-0.982973896065542,2.19192999652669,-1.82721050380438,3.06037552883175,-1.88596088558311,-0.664493583293417,1.68462816754513,0.0138853692240173,-0.350057212320766,3.31352673155438,-0.697694798599504,-0.972394445178469,-0.56700559922129,-0.171709938179167,-1.90644897969834,-2.8343186585478,0.678250043847861,2.56584039027093,1.7197010395647,0.501118891746045,0.565976421003951,0.550490584094985,0.934100543289131,3.4718633633876,3.46068336588266,3.44356371978626,3.47974280004391,-3.46412515608878,3.86595790483965,3.72591167609637,3.92278703254769,3.17248229394089,3.20136092144162,3.14791254033394,-1.1801776894025,3.87573774072154,2.23070351715105,-1.23321624918318,-0.37760024144161,1.08466598824495,-1.01880107061754,0.897603797639757,-0.758443965028085,-0.792274708693406,0.681587852053764,2.16651326084272,0.291015006099739,0.287245806889183,0.132020715007295,0.609243573505277,0.418307893223313,0.390824193496339,0.308792642392304,2.06415922862887,2.72459896423776,-0.590967280548668,0.00547415598365529,-0.226875569169311,3.39390910042479,-1.16915473049179,-0.0278472343569434,1.11497188208489,0.345424285989838,-0.504578098615964,3.77733766313757,0.822139272038128,-0.391348688885798,-0.685616345951833,-2.12579870714607,-0.375024355916575,0.0814626478570313,-0.245827430569399,-1.04328333075373,-1.63597193492067,-0.34476848053886,1.51894076268393,-0.551753470686607,0.43905062085352,-0.493873574512357,0.799273698727645,0.166127940215069,-0.851110337619796,0.35046425234891,1.25679023127425,1.40217184060813,1.17920255223971,-0.164586065898132,1.4810901430286,-0.413219819433159,-0.504578098615964,-0.26287797133625,0.114491127674274,1.08212161042621,0.0512926106647712,-0.10075369417069,0.793585804862147,-0.687872404062027,0.221480193470925,0.108891065540274,0.322022122016284,0.52492358070538,-0.758443965028085,0.592713710226646,0.47649623486865,-0.334821036824805,-1.56531543697313,0.682832724400303,-2.14426714125797,1.81596120007553,-0.851221389523392,-1.10088084339349,1.21723454990582,-1.15854224368551,-0.541331503936429,-0.43486269553505,-1.38501220832434,-0.0919853710824933,0.457291266972696,0.117507306079973,0.909073916028471,0.711095016407226,0.417298235895379,1.2928400630571,-0.366110705033174,0.342031597235068,1.69374058260242,-1.01991441715099,0.0465858602511433,0.0227368042754491,-0.154888957153209,1.4741881110361,0.247859743337919,-0.178544390830854,0.962472222891692,-0.277522937462631,-0.114546206205749,-0.433845179637909,-0.34476848053886,-0.43486269553505,0.154749376945913,0.934806534272571,-0.0965886105387498,0.68464204843914,1.57973429269174,-0.973175788922662,-0.814033550969433,-1.44632698036898,-0.375024355916575,0.626603400623183,-0.822313500858473,0.477166715644901,-0.149937701058835,-2.1246357062798,-0.553751890761977,-0.146888892646214,0.550854342883945,0.275517297051724,0.886358450346385,0.117254540572726,0.345610500194289,-0.817460640601083,-0.555594417312278,1.08469330854548,-1.56531543697313,-0.333979422149212,0.113916115789414,-0.400332606464976,-1.13544611760276,-3.15502451788947,0.192692898382022,-0.499564470154296,3.47086718008891,1.58543389941778,0.820313006314475,0.401605753908883,-0.653833281538438,-0.355303606889044,0.726172755495118,-0.272093994394233,-0.575741316306927,0.324222120103087,0.790599292659839,0.194932231558836,-0.154568900959218,3.0313168319037,0.0902863202695546,0.364971944713428,0.569447023159616,0.215508271587242,-0.230075729421995,-1.27136961457117,1.60909447885453,-0.835669064732367
comm.and.crime_point_1672,comm.and.crime,regression,0.22,0.221460832699179,anomaly,0.690130378278102,1.22003874930914,-0.375024355916575,-1.05911706933298,-0.393103207388005,-0.138158631432351,-0.592122486177232,-0.533447461928133,1.19708413640678,0.59996722821086,1.28366585890799,1.37754177469791,-0.499564470154296,-1.56531543697313,-1.39052299745468,-2.06740259523542,0.874197290125252,-0.818142165740683,1.26061717483676,0.730278376641099,-0.0551894052506902,-1.1887465803376,-0.890859043653398,-0.899600712687643,-0.530896195770433,-0.446095258444874,-1.24024352283868,-1.07208970928342,-0.199361816374992,1.34359155037618,0.582081140579538,0.625506297390161,0.0397956405866952,0.922333791906255,-1.27027014793507,-0.525649875265053,1.30746148068146,0.044119426439209,-0.00718774078893893,0.376828550089045,-0.0823847549525736,0.299322753066192,0.412442564454086,-1.08508811806744,-0.747205579353531,-0.681631226510723,-0.0641469216650966,-1.11162348112971,0.347251694119508,0.0759519559752211,-0.333979422149212,-0.565328047091832,-0.34476848053886,2.23557808530448,2.13051937407495,2.28748026959951,1.90861061304135,-0.472298989483845,-0.516755545154489,-0.527054463374357,-0.565868788773144,0.635156296765973,-0.594343123662683,-0.649181537796562,-0.7440181099252,-1.30993523361422,-1.61108057282933,-0.602729759433253,-0.571309820665477,-0.410865128456057,0.723527982261056,-1.23321624918318,-0.178217714801685,-1.23463339039435,-0.478855999702333,0.438404276770096,0.405665753241116,-0.147021161055019,1.50515166177666,0.372965063373531,-1.00117832437123,-0.965225617418908,-0.888160673235742,-1.30574407076435,-1.30189225613177,-1.30077457424005,-1.28442699106498,0.176251652332003,-0.586063398291218,0.655180777523025,-0.189444898148642,-0.226875569169311,-0.802787658830557,0.690595290266559,-0.303554212051806,-0.181647804660787,0.849911231176784,-0.321861540250354,-0.654155103545014,-0.662221689003069,-0.391348688885798,0.0903259248506256,1.10046903104586,-0.375024355916575,-1.10564955550658,0.703099168932851,-1.15847835603325,-0.0952404331143684,-0.115382978305131,-1.01880107061754,0.24714434506481,-0.20888346424473,-1.34049882416269,-0.524119794207697,-0.156045871094839,0.970725577571932,1.55146489056349,0.723724330383386,1.06294808549576,-0.531713688779321,0.625506297390161,-0.391348688885798,-0.0477867027019386,-0.321861540250354,0.763017663402644,-0.749282268400272,0.543772920206689,1.2579368685168,-3.45085279664969,1.76021367214008,0.269626774785918,-0.688849968232438,-0.69663215719134,-0.33565501485685,-0.264029226104202,-1.28758474605954,-0.0924573500527467,0.845289154649251,-1.37784967220547,0.682832724400303,-1.56531543697313,0.815279974671134,0.223523394233582,-0.0913622062174521,1.31821468747653,-0.0952404331143684,0.22717454329497,-0.144305290106824,-0.695793398648614,-0.64058805739383,-0.286904425214791,1.54970625001278,-1.38138872157757,-0.319107477609904,-0.196421853214959,-0.419922423015838,-0.956411184176713,-0.959478323882113,0.0449669127109041,0.42445034078228,-0.0570045785288092,-0.0123933177430025,1.05219156642907,0.871006677585685,0.117254540572726,0.46842532549381,1.71761087150805,0.909074442850902,7.38226692912601,-0.758696998706609,-0.199361816374992,-0.34476848053886,-0.391374245016123,-0.533447461928133,-0.493873574512357,-0.0965886105387498,0.396654485240329,-0.51147345739279,-1.10069846245304,-0.497077863665163,0.564407987550553,0.491760072183968,-0.210617258288034,0.775426071093047,-0.116389386036903,-0.333979422149212,0.294245875850557,-0.267978366150136,-0.189129511616007,-0.319107477609904,-0.653776320283739,0.543772920206689,0.530234322887664,0.682832724400303,0.43110035463292,-1.13485349648892,-0.648184017845477,-0.576130245968818,-0.333979422149212,-0.59830836089083,-0.484813844404564,1.35548620609065,0.208622131821331,-1.71666222273864,-0.421595500720383,-0.98756602720718,-0.58347083930006,-0.440171809112793,-0.491703227207728,0.251689308836056,0.113388766845247,0.726172755495118,3.92278703254769,-0.464125139678079,0.324222120103087,-0.590386957395979,-0.609402729079175,-0.421919245194591,0.660797206038557,0.602028567618877,-0.262943549469985,1.43340971275605,0.808434789069078,-0.34476848053886,0.113460484550416,-0.91323565124325,-1.1887465803376
comm.and.crime_point_0725,comm.and.crime,regression,0.15,0.073527878078962,nominal,0.812099797669774,-0.519882053238727,-0.375024355916575,-0.509387064235377,-0.274732957383221,0.558450217042117,-0.304872732522849,-0.533447461928133,1.32595366093074,1.08755631533559,1.82419162215824,0.652036626610397,-0.499564470154296,-1.56531543697313,-0.578534219371668,-0.263264544579206,-0.791590941172187,0.641952926881002,0.339056972600567,-0.215085234929352,0.839992325252642,-0.381712258954214,-0.262943549469985,-0.36428070280995,-0.589173488055941,-0.324717903551093,-0.370281702344836,-1.01746896013141,-0.35568405855027,-0.232079094641932,0.160258004218676,0.181079343040496,0.374414647399402,-0.957260530086126,-0.178544390830854,-0.328007702771107,1.30746148068146,0.194932231558836,0.368566888169896,-0.226042158711328,1.05762358214272,-0.328639491386592,-0.295592942551133,-1.14977363056188,-0.549162456337422,-0.342407471398352,-0.521291173988909,-0.0672751000735523,1.71133368090399,1.559619328085,-0.241958561604024,-0.173931992421487,-0.34476848053886,-0.0922487271028942,-0.240000251790199,-0.739844610851231,-0.296859544818942,-0.472298989483845,-0.516755545154489,-0.569295082344151,-0.523283403627701,0.635156296765973,-0.548829847861638,-0.801801068513758,-0.848890135598748,-1.36891441160836,-1.10450778395871,-1.02533734250561,-0.77426577691115,-0.649009732299257,0.201813374029904,0.726172755495118,-0.37760024144161,0.363106181557171,-0.910812056434499,-0.204475052447428,-0.917186199337522,-1.3945113531559,-0.14197595766913,-0.111777692699224,-0.555594417312278,-0.490150249577908,-0.335562421270764,-0.530630024274263,-0.537358856418398,-0.575803673781598,-0.628395377288449,-0.649707912297875,-0.372472278128058,-0.435198773289707,0.102933683049804,-0.226875569169311,-0.49993325352347,0.445891340166776,-0.689543980824615,-0.630477696226598,-0.713998298902748,-0.504578098615964,0.232143449791502,-0.574906338353587,-0.391348688885798,-0.822547334916973,1.35857045010122,-0.138628602798245,0.427703707171417,0.406559606588398,-1.73445348243088,0.988978031119698,-0.115382978305131,-0.154888957153209,1.84493997656764,-0.586845013885375,-1.02301435554381,1.2955462585784,0.617171276048942,-0.506438677988928,-0.58944929060163,0.190658429492517,1.01448754905113,0.648228546406218,1.06993325173982,-0.391348688885798,-0.0477867027019386,-0.230503261067549,-1.82871867699035,1.582905901001,-0.0924573500527467,0.396048112908209,-0.409993611322597,-1.05911760742057,-0.639997445119629,2.46696125900589,-0.0924897401426294,-1.26736429209379,0.160791516024035,-1.76381144898785,-1.75644421073127,0.517473225955383,1.51418427135001,0.682832724400303,-1.56531543697313,0.596054262380089,-0.720143453672756,-1.48443737561168,1.14542214955724,0.0759519559752211,-0.346225506490056,0.897888521195889,2.87025954390342,-0.987985994494734,-0.286904425214791,-1.29057270589143,-0.0966206978711041,1.36964193864286,-0.0531297159061927,1.93476068017196,-0.768973580240562,-0.776903671928593,-1.2423133868938,0.94967388912165,-0.144541836585371,-0.602185097684464,1.13454794740136,0.655028649219603,-0.826699247575706,-0.358695607590779,-0.23600364120476,0.802278882769321,-0.35568405855027,-0.221904671622559,-0.277522937462631,-0.34476848053886,-0.565328047091832,-0.533447461928133,0.458579831344262,0.0427225572111723,0.281459459960805,-0.550930207394384,1.40724745031109,2.14421953053709,-0.017646871584048,0.334162903438415,0.364971944713428,-3.50239278284167,-0.907797521612643,-0.333979422149212,-1.00369058285354,-0.410865128456057,-0.78049817719312,-0.67732705075443,-0.611535701313945,-0.239279720112616,0.176251652332003,0.682832724400303,0.833861965998727,0.558365350335113,-2.62861524800656,0.682832724400303,-0.333979422149212,-0.649181537796562,0.951367200568424,0.703099168932851,0.402678669304647,-1.71666222273864,-0.343626531286471,0.972184833142749,0.0722445468239389,-0.800310327806298,-0.789472887579932,0.182033724961094,1.98815826178241,0.726172755495118,-0.639146084251652,0.317188096723854,0.690130378278102,-0.669300457399169,-1.41373768971719,-0.822944761547652,-0.382231429342107,0.346157443944216,-1.1001642083812,0.857434586358428,-0.42682878901808,-0.34476848053886,-0.0916995301342629,0.130487161211004,0.0218049017374774
comm.and.crime_point_1075,comm.and.crime,regression,0.17,0.359490559217726,anomaly,-1.0174414932053,0.176086267780421,-0.375024355916575,-0.448305952557865,-0.314189707384816,0.59942720812885,-0.44849760935004,-0.40441055463925,-0.671523969190694,-1.21107795253813,-0.938495612231962,0.596228538295973,-0.343626531286471,0.682832724400303,0.281218604480928,-0.0445811444996654,-0.693603398154691,0.81042543756812,0.339056972600567,-0.75529301296961,1.07870745338686,0.274003127169785,0.417298235895379,0.385167311018819,-0.880559949483478,0.828366967939835,-0.933198174429091,1.33122325340476,-0.35568405855027,-0.538459497839898,-0.777126743249906,-0.954678429186424,0.42221736265836,-0.561556462298257,0.281129612160397,-0.624470961512025,-0.00340134919443606,-1.01157020939818,0.744321517128731,0.0479899816524777,-1.1653926751931,-0.100289584312853,-0.0232715937029722,-0.891031580584123,0.837139404775339,0.675263793938761,0.758712732517766,0.35046425234891,0.228635869181726,0.475400863850929,-0.241958561604024,-0.304397343978269,-0.230075729421995,0.0446822618622457,-0.00294828920368394,-0.0946770133781229,-0.399439552161281,-0.133016206441141,-0.178250105917284,-0.189129511616007,-0.310356477900488,0.41476482080604,-0.366776744657462,-0.852674245419489,-0.7440181099252,-0.307289207713733,-0.597934995088079,-0.127296228476849,1.25529378554558,-0.601380811530617,0.0279085046195201,0.726172755495118,-0.37760024144161,-0.10075369417069,1.41095174850089,-0.801434429577986,0.246923518931679,1.65968877233247,-0.553757862530577,-1.17821175605928,-0.288244073076904,-0.187829560951817,-0.0380095163665442,0.244484022215825,0.0360411933666282,0.0686149044036935,0.121355038456154,0.23524876409128,0.695483322687741,-0.435198773289707,-0.286904425214791,-0.226875569169311,-0.110549018128644,-2.24585211093084,-0.689543980824615,-0.879827635985382,-1.87431827283272,-0.504578098615964,0.232143449791502,-0.574906338353587,-0.391348688885798,0.135969587839005,1.01443522469408,-0.375024355916575,-0.611019470771741,0.465867519057289,-0.524905716995868,-0.722945859776196,-0.000690227188266011,-0.856817549342979,-2.94844691794086,0.871006677585685,-1.28758474605954,-1.40638212283126,0.0372584156911057,0.921486769053237,0.768203604771372,-0.923933908733845,-0.730091762955347,0.825219881684049,-1.05343997459746,1.39787063938796,-0.504578098615964,-0.504578098615964,0.385056113761999,0.805509844533911,1.47364793058586,-1.61502565017851,-1.80157323850618,-0.173042062415791,-0.11337289675326,-0.264029226104202,-0.414699029235275,0.157602837798,2.10282919432454,-1.55215513657527,0.788476870306472,-0.95769845316702,1.60900505638462,-0.193945058535335,0.682832724400303,-0.883719295584461,2.40575298001699,0.98510497013263,2.1245798644332,-0.780009989472726,-0.632925531382569,1.9897106092273,-0.652304948129686,1.24528645829679,0.297852737182101,0.0203252737566635,0.0104433041044344,1.47199038811273,-0.483006127832491,0.731255982987085,0.449370845344417,0.364187902780905,-0.648184017845477,0.94967388912165,-1.01991441715099,-0.779122631666902,0.105093185247738,-0.748828535159937,3.0081130167773,-1.18581654067537,-1.90232190204804,0.321698862402212,-0.35568405855027,0.636963051711922,0.191443789063205,-0.000690227188266011,-0.0434666408647052,-0.576459764357761,0.299837597034825,0.878589563710704,-1.04328333075373,-0.590386957395979,-0.930668231079202,0.0311816151752862,-0.0705609496871936,1.27974591591174,-0.52457500537974,-1.33771336277832,0.72448175801232,-0.333979422149212,0.353242987609834,0.113052999998984,-0.358091987495182,-1.64963732071814,-0.696016939253532,-1.02233236043192,0.412240099369111,0.682832724400303,-1.26049841310347,-0.912061542959443,-0.351119333321313,0.682832724400303,0.0341040200315418,-0.29306929945644,3.44356371978626,0.228635869181726,0.337993156810208,-0.481197144366448,-0.343626531286471,-0.644609626645943,0.324442772256246,-0.98037958715305,-1.98055152906875,-0.375210946038594,-0.636519031129619,-1.23321624918318,3.92278703254769,-2.02675161248195,0.324222120103087,-0.669300457399169,-0.961299274358306,0.647482131746904,-0.524462606894016,-0.01206212920031,-0.210617258288034,1.83659230123439,0.0178660990932967,-0.115382978305131,-0.296859544818942,-0.608816497610759,0.173123836996862
comm.and.crime_point_1195,comm.and.crime,regression,0.1,0.233822182536173,nominal,0.324222120103087,0.176086267780421,-0.375024355916575,0.162505164217251,0.317118292640701,0.0667263240013159,-0.400622650407643,-0.490435159498505,-0.735958731452675,-0.862800033163321,-0.758320357815209,0.931077068182516,-0.499564470154296,-1.56531543697313,-0.244185898984547,-0.372606244618977,0.286272032020273,-0.200409626554585,0.91503209899819,-0.215085234929352,0.839992325252642,-0.381712258954214,-0.315269840651936,-0.36428070280995,-0.472618903484926,0.646300935599162,0.397331668679148,-1.12671045843542,-0.35568405855027,-0.450922239783337,0.300865716338963,0.674887070095679,-0.916258664592466,0.773944766485803,-0.695677644196011,-1.46445019461129,0.45255093945805,-0.00615150860066679,-1.08077239495704,0.102796409725239,-0.709389340354984,-0.499901921691897,-0.241128672781501,-0.050119918156423,0.243010035727013,0.0937373566032682,0.210139629729191,0.0893771570848711,0.762407081401742,0.817785642030109,-0.241958561604024,0.478394765362422,-0.34476848053886,-0.503041693998314,0.992669953659678,0.699375414281087,0.523780513919773,-0.59953003312486,-0.347502825535886,-0.400332606464976,-0.438112633336816,0.591078001573987,-0.548829847861638,0.0630429388836828,0.0949580954631852,0.0465858602511433,-0.407970199261594,0.717918937667871,1.15381580742274,-0.315607286918777,0.0858767944229815,0.726172755495118,0.0211648118382402,-3.70855272760961,1.41095174850089,0.1628845642483,1.72851770581975,0.455215483407476,-0.347866910099853,0.760759268231735,-0.3328024637828,-0.274206900559272,-0.165532189896924,0.290078966127006,0.22717454329497,0.149167226676855,0.261933241408267,-0.35472235350149,0.962472222891692,0.343643763005101,-0.0919853710824933,-0.226875569169311,-0.586463083611209,-0.288220510132573,0.46842532549381,0.666141990519079,0.345424285989838,1.32258748504014,-1.04806557169458,-0.400275637054622,-0.391348688885798,-1.46155861675429,0.111080258000336,-0.453822940289352,0.0814626478570313,1.71133368090399,0.454251997880092,0.190080215368281,0.114002523928599,0.00709456412135369,0.0759519559752211,0.0610890712128745,-0.546787652615503,0.0272941611820292,-0.349350157880785,-0.112528209839365,-0.171709938179167,1.11140862194038,1.11140862194038,-0.826699247575706,-0.0164437477815769,1.73074865395052,0.0435715764808665,-0.504578098615964,0.00709456412135369,-0.576527589185363,-1.21809552051175,0.740803615151647,-1.02847344562641,0.43110035463292,-0.304872732522849,-0.992293355466893,-0.535527512645018,0.431634978161806,-0.324717903551093,-0.335131340202921,-0.777628410332139,0.47649623486865,-0.287410644307502,0.682832724400303,0.682832724400303,-0.280848586784089,-0.602185097684464,0.288567385435518,1.26061717483676,-1.63597193492067,0.0838245308487138,1.543056118669,0.260952512767785,0.0542078168079789,0.200393210115953,2.69674198220486,-0.36428070280995,-0.114410578670175,-0.960646585528377,1.41149776835245,-1.28442699106498,-0.320467042044794,0.243010035727013,1.47489743746102,-0.801071272009583,-0.248310029719587,-1.08907433885046,0.385056113761999,0.589231434646941,-1.29609933175331,-0.00616663970913513,1.17606334305485,0.738571636676679,-0.168225438914154,0.113282667975565,0.114002523928599,-0.91323565124325,-0.576459764357761,-1.49924105847212,2.48066799283481,0.339056972600567,0.238204792637512,-0.165532189896924,-0.708381655201343,1.83434586202605,-0.375024355916575,-0.681553878925593,-3.70855272760961,1.21911184274716,-0.0579168405136468,-0.295725241742213,-0.601380811530617,3.44356371978626,0.0902863202695546,-0.146888892646214,0.445891340166776,-0.531713688779321,0.682832724400303,-0.65635599605476,-0.733827980135861,0.243010035727013,-1.56531543697313,3.99100102347465,-0.191322945644976,-0.358091987495182,0.762407081401742,0.0145655943380156,0.417322912631512,0.0462183158830917,-0.595615855137194,0.879278868207322,-1.02539690198974,-1.98055152906875,-1.21107795253813,-1.10521140486391,0.726172755495118,-0.324530007231007,-0.0176604331626889,-1.38334975138032,1.02733979266941,-1.01157020939818,-0.822944761547652,-0.90374574703244,-1.24024352283868,0.260319362349526,0.454251997880092,0.116687185340269,-0.34476848053886,0.626360521262113,-0.91323565124325,1.88807176993655
comm.and.crime_point_1370,comm.and.crime,regression,0.14,0.371194040304463,nominal,-1.38334975138032,0.524070428289996,0.0977671503200851,2.85007407802776,-0.274732957383221,-1.98212323033536,4.0517485312353,0.842946215819959,-0.284915395618803,0.391000476585978,-0.0976777582871161,-1.6919030825954,0.124187285317004,0.682832724400303,1.76190402333818,1.86889860619632,-0.15467191155846,0.0242203876949048,-1.90724602035016,0.0550186540907768,-0.771334789653356,1.33323567398548,0.364971944713428,0.492231312994358,0.634649649939717,-0.264029226104202,0.294983219209284,0.129566772060671,-0.277522937462631,-0.801071272009583,-0.308434369515615,-0.312728384014686,0.18320378636357,-0.413167436877806,0.798262865525553,2.93308814337899,-1.71322243164126,0.0943903614790845,0.153849957336276,0.596054262380089,0.658620664159367,0.185147799529322,0.303514024914822,2.27855853164336,0.589585501005203,0.190658429492517,0.667283882053004,0.507116509507333,1.17756246868398,0.931913901423168,-0.0579168405136468,0.217464062248858,0.802159030629787,0.181613250827385,0.328924458417437,0.649747137552387,1.03668055063147,2.49642536213982,2.69904612759895,3.06339814905811,3.43715741489847,-2.22993289071315,1.36272773578222,2.40320907654734,2.66432272446512,2.52371133600528,2.18821534370037,2.67247900937754,0.291252993378632,2.6373858007369,-0.609742683218555,0.726172755495118,-0.37760024144161,1.08466598824495,0.49304512794504,-0.479994764969224,-1.7108973708847,0.928401418342293,-0.965539767392024,-0.354149070735601,1.93967546221788,1.84203791982337,1.78981547090223,2.34185144213018,2.13850804257839,2.12269912236931,2.13630928076977,0.353242987609834,1.49645002329959,-1.36980981684348,-0.286904425214791,-0.226875569169311,3.04778978007384,-1.07127315045188,-0.854968167441532,0.0178321471462401,-0.209511353715802,-0.230503261067549,0.379859875347588,0.0363011161927887,-0.391348688885798,0.638049880711185,0.197114064352121,-0.296225771543798,-0.808871504665675,0.703099168932851,-0.812893280194679,-0.437625211293547,-0.115382978305131,1.46494625559241,0.190080215368281,0.223072592487436,2.68097111167637,0.799273698727645,-0.800393493714657,0.182904641272807,-0.171709938179167,0.529882184604888,-1.31161820029084,0.117254540572726,-1.6953900197692,-0.391348688885798,-0.139144981884744,8.53989154048173,-0.856817549342979,-0.403772909970454,-0.0924573500527467,0.453507363282115,-0.10075369417069,2.32407992805221,-0.592122486177232,-0.81022732312622,-0.575803673781598,-1.43178357631207,-0.264029226104202,-0.335131340202921,-0.239279720112616,0.886266145735984,1.98828819652304,0.480499389876695,0.6153882795591,-0.280848586784089,0.105565038245289,-0.0913622062174521,0.68464204843914,-1.75010019431373,0.0838245308487138,0.00457954007927846,-0.173931992421487,-1.18649910140954,-0.286904425214791,1.27660250425276,-0.150152698858873,-1.24024352283868,0.281218604480928,-0.419922423015838,-0.159801367448073,2.78330204116504,1.28273643156158,0.862136631065088,1.12474840523477,-0.779122631666902,-0.883183386419734,0.277067099578957,0.943214105202603,1.46097044519532,1.14301836776899,-0.799654518454378,-0.121200695287352,0.153849957336276,0.0351215468879261,-0.230075729421995,-0.43486269553505,-0.576459764357761,2.31057256495435,0.59996722821086,0.627044535799378,-0.629843707397574,2.72498174345835,-1.50077087346202,0.352751675137971,-0.0598300184254683,-0.472248714197789,0.620806112517094,-1.20457557245354,-0.333979422149212,0.648228546406218,0.208310841536264,-0.696016939253532,0.602028567618877,-0.527054463374357,-0.0924573500527467,-0.531713688779321,-1.56531543697313,-0.414699029235275,-0.511036026606383,-0.648184017845477,-1.18313024953964,-0.241958561604024,3.01368719941613,-0.738257558223326,0.110020044243945,0.467364181799085,-0.368882137241703,-0.343626531286471,-0.840584712680936,0.980158158380245,-1.07041421682643,-1.18649910140954,-1.14142236866316,1.94128902440898,0.726172755495118,-0.7440181099252,0.707844714924821,0.812099797669774,-0.472016707391195,-0.00615150860066679,-0.689269589429965,-0.192589859272896,-0.421455927079768,-1.41412195547291,-0.236918153797056,-1.61268182398175,0.802159030629787,1.75474060202785,0.565371666400276,-1.03742764507821
comm.and.crime_point_1231,comm.and.crime,regression,0,0.222978151519655,nominal,0.446191539494759,0.524070428289996,-0.375024355916575,1.26196517441246,-0.0774492073752468,0.271611279434983,-0.544247527234835,-0.18934904249111,-0.0271763465708762,0.460656060460939,0.202614332407471,0.26138000840943,-0.499564470154296,-1.56531543697313,-0.817354448219611,-1.0286564448576,-0.791590941172187,-0.705827158615937,0.91503209899819,0.820313006314475,1.55613770965531,-0.734789774559444,-0.733880170107544,-1.06019671565095,1.21742257279479,-0.567472613338656,2.29077798387164,-1.29057270589143,-0.35568405855027,0.249375824669157,0.253996478965534,0.872410160917752,-0.916258664592466,1.21911184274716,-2.13215890354367,-0.624470961512025,1.99138991366019,0.194932231558836,-0.543980067872989,-0.171235730638567,1.68462816754513,0.299322753066192,0.0311926760666601,0.208622131821331,-0.499651675583395,-0.293946934953727,0.392997330658716,0.559333928560141,1.71133368090399,0.931913901423168,-0.241958561604024,-0.0434666408647052,-0.34476848053886,-0.868190997905353,-0.998566532067046,-0.739844610851231,-0.55330956317479,-0.557119685244521,-0.559068725059139,-0.484813844404564,-0.438112633336816,0.28252993523008,-0.139210365652241,0.012169761977951,-0.0623499430471371,-0.130351673731295,0.22524578682669,-0.391425967897073,-0.0131809409898764,-0.649009732299257,-0.145996364790864,0.726172755495118,-0.444061083654919,0.414646167749156,-0.20888346424473,1.35680331850942,1.14646284668515,-2.12579870714607,0.352162328164607,0.469913614588082,-1.00117832437123,-0.965225617418908,-0.973175788922662,-0.849794631652535,-0.919625556275082,-1.01884144628399,-1.05012998614479,-0.708705024057152,-0.959847858576748,-0.0198160872658089,-0.286904425214791,-0.226875569169311,-0.283608678304122,1.47364793058586,0.303001138876892,0.217312098953267,1.10215470377026,-0.504578098615964,-0.06328940132067,-0.531248663028845,-0.391348688885798,0.227256913815765,0.0250464516485512,-0.375024355916575,0.0319996393835476,-1.01683029266498,-1.04328333075373,-0.894138248865786,-0.230075729421995,2.00489132650762,-0.494689340990077,1.03299019886025,-0.22930318399663,0.633849512110727,-0.284915395618803,0.970725577571932,0.559333928560141,-0.972394445178469,0.481421648160263,0.23524876409128,0.329221661157051,-0.391348688885798,0.591721251577697,-0.413219819433159,0.00709456412135369,-0.792470938203999,-2.14797053089092,1.14301836776899,-0.409993611322597,0.471376515769501,-0.592122486177232,1.0711216777274,-0.65635599605476,2.1306342484174,-0.446095258444874,0.617322065653698,1.57152951062578,-0.465974560126219,-0.571872999411319,0.682832724400303,-0.261389503376538,0.760473546598372,-0.248310029719587,0.478532181262003,-1.50406343187183,-1.00826650825885,-0.0117421441154574,0.10383609353668,-0.869747200724323,-0.590959780665129,0.297852737182101,-0.198157722851353,-1.91670873145526,-0.421455927079768,0.424510741789694,1.88243438899001,-0.20666076843211,1.59656680346716,0.0944776934649314,0.818368002036808,1.08097977620649,-1.01503934364349,0.0227368042754491,-0.370866985519292,-0.826699247575706,0.799273698727645,-0.121085140456948,-0.158881157964898,-0.277522937462631,-0.758696998706609,-0.35568405855027,-0.34476848053886,-1.04370100280003,-0.490435159498505,-0.758443965028085,0.182033724961094,-0.294515666436819,2.76343679273958,0.0895131571638354,0.982048677088096,-0.599701730718649,5.69246664078723,-0.0536383847421805,0.569266126325109,0.0814626478570313,-0.333979422149212,-0.472716577020044,2.49449903843098,-0.527054463374357,0.243808994474351,-0.527054463374357,0.0543650200071232,0.412240099369111,0.682832724400303,1.63938518873034,-0.956619933665339,0.490563939497149,0.682832724400303,-0.333979422149212,0.0630429388836828,-0.653776320283739,-1.43198567994721,-2.24942734296733,-0.593512151491192,0.124187285317004,1.65809763426522,-0.93654835490529,-0.0800332904192877,-0.193933566835524,-0.584177697663477,-0.355303606889044,0.726172755495118,-0.167221968720685,-1.9151354358531,0.629145668582266,-0.669300457399169,-1.11211207947793,-0.778386370841756,-0.90374574703244,3.46778515277508,1.62080293308025,-0.870490792834442,1.15430859093348,-0.230075729421995,-1.57910963659818,0.217464062248858,0.526201352602092
comm.and.crime_point_0930,comm.and.crime,regression,0.26,0.370124833123873,anomaly,-1.38334975138032,-0.171897892729153,-0.138628602798245,0.406829610927298,-0.314189707384816,-0.465974560126219,3.28574918815695,0.455835493953308,-0.54265444466673,-0.375210946038594,-0.518086685259539,-1.13382219945117,-0.0317506535508209,0.682832724400303,1.09320738256394,1.21284840595769,-0.595615855137194,0.192692898382022,-1.15847835603325,-0.350137179439416,-0.592298443552689,0.929718513293784,0.574277109441232,0.599295314969896,0.518095065368702,0.585612258152271,0.192634769739419,0.78501576188472,-0.35568405855027,-0.844839901037864,-0.964603692743623,-0.855916883775387,-0.00800707467226295,-1.00672353855961,1.43031461963852,-1.26680802211735,-0.402359601765361,-0.659673664119051,-0.00718774078893893,0.157602837798,0.0886164956117204,0.413497706603062,0.303514024914822,0.532049694293523,0.391542377989094,0.239118965937142,0.575855031588241,0.402681671401718,0.465867519057289,0.988978031119698,-0.241958561604024,-0.260908893459341,0.114002523928599,-0.548685356986693,-0.666693784445925,-0.342818397021626,-0.194279537476602,0.0790355329605499,0.0756289735106192,0.359998534991312,0.45618045471748,-0.510879378225678,-0.139210365652241,0.368282000318073,0.357138159647056,0.69535681818675,0.858461772914973,0.348137302479556,0.341991982440051,0.494084366148104,-0.609742683218555,0.726172755495118,-0.37760024144161,0.981586015860986,0.277067099578957,-0.479994764969224,-1.28758474605954,0.0250464516485512,-0.883183386419734,-0.451097621950152,2.11790902504146,1.97160392923455,1.70480035521531,2.15947166648545,1.85180801768588,1.96159447782299,1.94887167683362,0.648228546406218,1.38965446321801,-0.954427130819579,-0.286904425214791,-0.226875569169311,0.927808942924227,-0.0924573500527467,0.358142534415864,-0.0819078287572736,0.648116453102006,-0.321861540250354,0.084427024235416,1.38968905125976,-0.391348688885798,0.820624532664704,-0.405122580110374,-0.296225771543798,-0.116389386036903,-1.01683029266498,-0.755295767554917,0.133016085671751,-0.34476848053886,-0.910812056434499,-0.494689340990077,-0.316872478427771,-1.18175658985325,1.24040486303943,0.810475562834887,-0.555677486507623,0.141594576137679,1.06294808549576,0.481421648160263,-0.649707912297875,-1.05343997459746,-0.391348688885798,-0.595936377798769,-0.413219819433159,-0.0468999429701671,2.36030195746809,1.03318082040625,1.48777387001243,0.311566195365187,-0.817460640601083,-0.735747363004424,-1.05298203291378,-0.535527512645018,-0.500074299075133,-0.203340548657311,-0.440959496409212,0.152246600047036,0.189657297261516,-0.856335354515137,-1.56531543697313,0.682832724400303,-1.26736429209379,-0.0123933177430025,0.795140174306145,0.339056972600567,0.133016085671751,0.800574593079997,1.9897106092273,-0.826258750205395,-0.938357717766034,-0.286904425214791,-0.744365214371393,-0.631940707748796,3.46778515277508,-0.530770173602079,0.94056114771489,1.19912126108902,-0.913834660893733,0.936160966283394,-0.450922239783337,-0.801071272009583,-1.89972701355568,-0.553757862530577,-2.36866374790556,-0.94469347109426,0.192718347798946,0.510966613656022,-1.2268367587807,-0.35568405855027,0.690642284420326,-0.199361816374992,-0.230075729421995,-0.826258750205395,-0.533447461928133,-0.017646871584048,3.52550175095922,-1.73445348243088,3.23691779275872,-0.803145557548822,-1.55359682134606,-1.02301435554381,-0.138628602798245,-1.72807970256461,0.208486222981217,-0.709945487718708,-0.333979422149212,-0.826699247575706,0.732228969991304,-0.400332606464976,-0.165584803405107,2.26082638863203,0.690595290266559,-0.590710800538598,0.682832724400303,-0.69663215719134,-0.867503152253548,0.193499254972986,0.682832724400303,-0.0579168405136468,0.368282000318073,-0.358091987495182,-0.30513534303829,-0.438232993123054,1.2596854660671,0.592001101920479,0.727215975599007,1.28279602889901,-0.440171809112793,-0.69021633412253,-0.166244194413711,-0.402172844262473,-1.23321624918318,-0.324530007231007,0.372996185038278,0.690130378278102,0.47494529264708,3.06037552883175,0.246456615393843,1.04008034617698,0.0902863202695546,2.24871842726367,-1.50406343187183,0.759024245945591,-0.230075729421995,0.164750488221586,1.04374462210848,1.03059780346671
comm.and.crime_point_0777,comm.and.crime,regression,1,0.0282483926951724,anomaly,0.324222120103087,-0.519882053238727,0.334162903438415,-0.0207381708152835,3.23691779275872,-3.08850198967716,-0.544247527234835,-0.318385949779994,-0.0271763465708762,0.112378141086133,-0.0376193401481986,-0.408317051363656,0.436063163052654,0.682832724400303,-0.530770173602079,0.0100897055202199,-0.595615855137194,-1.71666222273864,-0.179320641157294,1.81069393272161,-0.890692353720466,-0.432151904040676,-0.52457500537974,-0.203684699846642,0.168431311655657,0.160791516024035,0.704377017088742,-0.198157722851353,0.504088273413761,0.730830743980246,0.113388766845247,0.724267842801197,-0.677245088297676,2.20837201221683,-0.23600364120476,-0.377418245894594,1.07948533635522,0.396015971718339,-0.758696998706609,2.07582782034464,1.96963025181895,1.9548595793508,2.04637065754305,1.30827584422678,-3.02470149403878,-3.0077369758527,-3.03558456176988,-2.93923314797798,0.58448334399507,0.475400863850929,1.69047950984493,3.26165559857376,0.343388026162328,0.227256913815765,0.518566028486648,0.94751679792459,1.19055056164498,0.630370055404945,0.837266211794329,0.993607819538218,1.09496123189912,0.15029504965412,-0.0936970898511967,2.19971636892442,1.45829442921931,0.0465858602511433,2.06157214648271,-0.0216443327087585,-2.19495747063086,1.4466627815209,1.88289377833028,-1.23321624918318,0.0876256540515485,0.208486222981217,-2.53064726918012,1.63232303103121,0.141095362725389,-1.22244374045233,1.1757261378875,1.63329622916269,-0.0654521195474263,0.0281137880668194,0.00449804147691576,0.290078966127006,0.274957880777056,0.229719548950016,0.168214439440191,0.648228546406218,0.855676662810112,1.84940599984173,1.66228611610818,0.271131789839503,0.711484367704879,-0.386102090172486,0.413283929954837,1.06510189413313,0.547219064064617,-0.504578098615964,3.77733766313757,3.6598881681463,2.9374314567398,-0.229179716068034,-1.30847754680412,-0.453822940289352,-1.25403858092703,-0.483059080444962,-0.0641256158777693,0.703657382637049,-0.230075729421995,-0.640839520976896,1.21723454990582,0.277067099578957,-0.652615808821794,-0.303554212051806,0.55273651378696,-0.260244635395451,-0.276144776284783,0.675263793938761,0.966027012606508,-0.000739682945828393,-0.411489929425723,-0.391348688885798,0.134929855663671,-0.413219819433159,0.978995691768727,-0.749282268400272,-0.777628410332139,1.2004776181429,-0.822313500858473,0.269995710086597,-0.496372568292438,0.221480193470925,-0.213318223552372,1.08931211503494,-1.23504806525446,0.194009440828534,-0.0924573500527467,-0.179135622519085,0.234103673382831,0.682832724400303,0.255684573739351,-0.883719295584461,0.40046092821602,-0.914542988132221,0.857434586358428,0.133016085671751,-1.30189225613177,0.500862307366285,0.217464062248858,-0.541331503936429,-0.286904425214791,1.76818924662079,-1.00666471466318,-0.370281702344836,2.19178043526448,-0.315269840651936,-0.909551783192675,0.364187902780905,0.193499254972986,0.818368002036808,-0.0570045785288092,-0.779122631666902,-0.347866910099853,-2.04469670535644,0.589231434646941,-0.138130025434889,0.338588862534303,-0.799654518454378,-0.433845179637909,0.0464914919194661,-0.277522937462631,-0.000690227188266011,0.956767721070621,-0.447422857068877,-0.864272121234376,-0.375210946038594,0.569447023159616,-0.314189707384816,-0.633115326174983,0.189659458827421,0.0352672065190975,-0.375024355916575,0.312645653531477,0.981586015860986,1.21911184274716,-0.333979422149212,-0.708705024057152,-0.410865128456057,0.740164105719455,-0.728501275489362,-0.78049817719312,-1.56068105065144,-0.236728129982936,0.682832724400303,0.189443387813436,0.959390866688173,1.48077955457769,0.682832724400303,-0.241958561604024,-0.445688830173635,-0.231370130585801,-1.31336985500943,-1.47320119303407,-0.53735464792882,-0.109719622984733,1.60910386275648,-0.179953678608368,-0.890344957479674,0.451234030637584,0.669622812085821,0.160258004218676,0.726172755495118,-0.586710071414878,-0.352508963049232,-0.041686138071928,-0.629843707397574,0.245203166598712,0.647482131746904,-0.240000251790199,0.141460545004487,1.51615035071635,0.108666922041517,-0.0315444440301896,0.458080777279193,0.318620499235095,-0.13044354190256,-0.986987999991752
comm.and.crime_point_1752,comm.and.crime,regression,0.35,0.00428513379159914,anomaly,1.3609621849323,1.22003874930914,1.59494025340284,-0.142900394170307,1.8559315427029,-1.32649137294762,-0.0654979378108623,-0.40441055463925,-0.091611108832858,0.739278395960782,0.262672750546389,-0.743165581250199,1.60559770456134,0.682832724400303,-0.483006127832491,0.611469055738957,-0.938572255698432,-0.818142165740683,-0.812893280194679,0.235087913437529,0.302883286950643,-0.58347083930006,-0.472248714197789,-0.203684699846642,-0.472618903484926,-0.0212745163166381,-0.626152826019497,-0.252778472003357,1.20753836320251,0.293144453697438,-0.402172844262473,-0.164586065898132,-0.342626081484969,-0.0174633690899362,0.510966613656022,0.314329357834215,-0.459353637846922,-0.106693378680418,-0.221904671622559,0.486441406234567,-0.0823847549525736,0.813110043982106,0.630299643532615,-0.1794909431453,-0.549162456337422,-0.536249617176849,-0.475576748756528,-0.641666709654437,-0.245827430569399,-0.323496951900488,1.23037520711899,1.17420997366526,0.228695275045463,-0.0466050641145143,0.044462103313619,0.203092646994081,0.216040491892755,-0.387478293723169,-0.389816005440537,-0.358091987495182,-0.352941863045931,0.458843115998027,-0.45780329625955,-0.445688830173635,-0.376966020067782,-0.0713724957371486,-0.15468380482628,0.295311354595511,-0.977221733156823,-0.125091603844216,0.143845084226443,0.726172755495118,1.54976418274433,-0.255373652746643,-0.910812056434499,0.39248432468313,-0.123475027790339,0.584266192935153,0.681587852053764,-0.305674795128326,-0.3328024637828,-0.360584240166726,-0.463085094801143,-0.302655304718355,-0.346225506490056,-0.374422868098694,-0.347238971384223,-0.0597367947051054,0.481892202524582,-0.0198160872658089,0.297852737182101,0.669537677046554,-0.413403423435731,-0.826569200352095,-0.910109562980505,-1.37852751550295,-1.82386957831403,1.23122920585733,-0.112528209839365,-0.00735655913195239,3.02065096038044,1.36834848852526,0.197114064352121,-0.453822940289352,0.576092732591868,-0.423751167976071,-0.640100742275393,-0.551753470686607,-0.115382978305131,0.115083578304395,0.0759519559752211,1.19497372013481,0.723150221859989,1.46097044519532,-0.220480633356821,-0.752632720582405,1.29037779529945,-2.13544731984946,-0.730091762955347,-0.35472235350149,-0.609013020247796,-0.391348688885798,-0.504578098615964,-0.321861540250354,-0.100894450061688,0.0281137880668194,0.837417660326429,-0.350922141952573,0.363106181557171,-0.616079834918179,-0.687872404062027,0.0394141611302526,-0.334146706962114,-0.883719295584461,-1.23504806525446,0.723150221859989,0.152246600047036,0.804312163562517,-0.00294828920368394,-1.56531543697313,0.682832724400303,-0.883719295584461,1.16719024213992,-1.16782938256753,-0.121723128517532,0.24714434506481,0.179391205812885,-0.392446673750327,-0.0434666408647052,-0.64058805739383,-0.286904425214791,-0.853606712675401,0.224571308055511,0.44850589341408,-1.05617467706755,-0.838532752471447,-0.534676575320374,-0.731260008940213,0.391542377989094,-0.582228126868179,-1.10745167520755,1.16719024213992,-0.100797767182985,-1.77472416989883,-0.531713688779321,0.90955648980559,1.2579368685168,0.428494422483792,-0.043039574199713,-0.651338533289799,-0.043039574199713,-0.230075729421995,2.30490968715737,-0.576459764357761,0.617322065653698,-0.653833281538438,-1.10088084339349,1.54027754269014,-0.633115326174983,3.14791254033394,-0.70552988692494,-0.453822940289352,1.88243438899001,0.826966057285032,-1.352964597874,-0.149937701058835,-0.649707912297875,-0.506122969993337,-0.0201670357368324,0.346157443944216,-0.738257558223326,-0.435042880192443,0.530234322887664,-1.56531543697313,0.350548032359759,0.602923741041008,-0.598673237091449,-1.56531543697313,-0.333979422149212,-0.496562007079367,-0.696016939253532,-1.43198567994721,-0.1794909431453,-2.27823725836237,-0.109719622984733,-0.203665683067209,0.173123836996862,-0.305119864602728,0.94751679792459,-1.0717667847882,0.0665195294718176,0.726172755495118,-0.48183804574133,1.71239030458445,0.812099797669774,0.435488542645486,0.14466129651896,-0.288244073076904,0.281514065900134,-1.08672084863389,-0.52457500537974,-1.21607586867302,0.0178660990932967,-0.000690227188266011,0.0621704808792462,-0.826258750205395,-0.533031194213599
comm.and.crime_point_1652,comm.and.crime,regression,0.23,0.300147492809401,anomaly,1.17800805584479,1.22003874930914,-0.375024355916575,0.590072945959833,0.0803777926311325,-0.384020577952752,-0.44849760935004,0.799933913390331,0.166127940215069,0.0427225572111723,-0.277853012703869,-0.966397934507894,-0.499564470154296,-1.56531543697313,-0.100893761675781,0.884823305838383,1.21715369068649,-0.76198466217831,-0.928088305474204,-0.440171809112793,-0.771334789653356,-0.129514033521907,-0.419922423015838,-0.36428070280995,-0.414341611199418,-0.567472613338656,0.0902863202695546,-0.471261468611373,-0.35568405855027,-0.232079094641932,-0.308434369515615,-0.263347611309168,-0.677245088297676,-0.314241419930838,0.453507363282115,0.660203159698619,-0.630335746091604,0.14466129651896,-0.597659300581394,0.431634978161806,-0.994391424628807,0.0709728459924523,0.249049755145189,0.726106231776839,0.441053158743122,0.287579502381766,0.347282905426335,1.34259521435226,0.465867519057289,0.36127260445787,-0.241958561604024,-0.347885794497196,-0.34476848053886,-0.366110705033174,-0.145179466755593,-0.442074950479027,0.267330495563925,-0.59953003312486,-0.559068725059139,-0.611535701313945,-0.523283403627701,-0.202331311881772,-0.0936970898511967,0.113916115789414,0.199830121136733,0.69535681818675,0.60517537847966,0.770744885551916,0.0375580480715412,0.589342207685384,-0.493806103611632,0.726172755495118,-0.244678557014993,-0.976933459434427,0.115083578304395,1.77008288729211,1.41103323720088,0.928401418342293,0.887478804484488,0.469913614588082,-0.778386370841756,-0.792470938203999,-0.845653115392282,-0.667414856007808,-0.776275543828826,-0.69663215719134,-0.768973580240562,-1.3576732534092,-1.17343897873991,0.447489434511076,-0.286904425214791,-0.226875569169311,-0.629727998655079,0.788476870306472,-0.082988629895916,0.716011978470835,1.10215470377026,-0.321861540250354,-0.407961060951538,-0.70587936432781,-0.391348688885798,2.32686541128124,0.455215483407476,-0.375024355916575,-1.25403858092703,1.71133368090399,-0.121723128517532,-0.0381763034178386,-0.34476848053886,0.871006677585685,0.4183367341544,1.6809242839585,-1.76381144898785,0.523566721032782,-0.413784920142767,0.133665832754111,0.559333928560141,-0.584710153621474,-0.10010478917523,0.648228546406218,-1.20158229271402,-0.391348688885798,-0.139144981884744,0.0435715764808665,-1.34276811316667,-0.878848277811454,-1.2670363105317,0.166211111412584,0.517726140133124,0.551928838042662,1.80162546094263,0.100102838577144,0.95469044940847,-1.21255786402103,-1.23504806525446,2.31057256495435,-2.29479290095079,0.804312163562517,0.803028383590466,0.682832724400303,0.637869761172835,0.212409265870761,0.282502572227728,-1.5477589742205,2.00938483915367,-0.665881730079667,-0.585142193900484,-0.392446673750327,-0.304397343978269,-1.58352531523914,-0.286904425214791,-0.798985963523397,-0.631940707748796,0.704377017088742,0.472274787559283,-0.00131209356022966,-0.394098372368261,-0.229179716068034,0.391542377989094,-0.275847723670213,0.293144453697438,0.40046092821602,-0.14197595766913,0.709023156311124,-1.59366170044631,-2.01293747375996,-1.38518864868289,-0.319074498087268,0.973054999939597,0.100170724627871,-0.277522937462631,-0.230075729421995,1.13072152314633,-0.619472066787389,-1.49924105847212,-1.28073353641309,0.0510694094017551,-0.629843707397574,0.259543388537675,0.0311816151752862,1.25229100289144,-0.375024355916575,1.77778180662611,-0.564613569898551,0.130925656330515,-0.241958561604024,1.35619388751754,0.0654240792303436,-0.400332606464976,-0.574978601284565,0.824645343659043,0.25012818008695,0.825219881684049,0.682832724400303,-1.13966992969373,0.335573396805634,1.03518252779145,0.682832724400303,-0.241958561604024,-0.59830836089083,-0.527054463374357,0.703099168932851,-0.826346068089685,-0.53735464792882,-0.499564470154296,-1.28152865625967,-0.179953678608368,0.595226432131034,-0.888729441037333,-0.653833281538438,0.347734953712392,0.726172755495118,-0.324530007231007,1.43334986301233,-1.0174414932053,-0.590386957395979,-0.810486469238678,-1.00117832437123,-0.477052214376713,-0.830849724959226,0.207993071167575,-1.67685596979111,2.19192999652669,-0.230075729421995,0.267330495563925,-0.13044354190256,0.223563482083323
comm.and.crime_point_0368,comm.and.crime,regression,0.14,0.242460932749015,nominal,1.17800805584479,-1.21585037425788,-0.375024355916575,1.445208509445,-0.669300457399169,-1.65430730164149,-0.639997445119629,3.6817581761754,1.19708413640678,0.460656060460939,0.322731168685307,-0.18508469810596,-0.499564470154296,-1.56531543697313,-1.2949949059155,-0.427277094638862,2.88294192198393,-1.43587470492678,0.511849510519854,1.94574587723168,-0.7116560076198,-1.4409448057699,-1.30946937310901,-1.22079271861426,4.13128718707017,-1.23504806525446,-1.13789507336882,-0.96284821097941,-0.121200695287352,2.61288179219632,3.20675843349157,2.40321411478882,-0.868455949333508,2.9008541308456,-1.55756639980461,-1.26680802211735,0.338562867294928,0.194932231558836,-0.651338533289799,-0.280848586784089,-0.481387672935926,-0.0432021075444176,-0.132200133242237,2.21387301914892,0.0449669127109041,-0.293946934953727,0.118710779264428,0.141594576137679,-0.720290730320524,-1.80716432401026,-0.333979422149212,-0.565328047091832,-0.230075729421995,-0.411754368021554,-0.477052214376713,-0.491703227207728,-0.348149548490111,0.121445880840888,0.0756289735106192,0.106554821172549,0.200668143844824,-3.46412515608878,3.0922322162219,2.35233589964161,2.40214266028124,1.69800284408723,1.17506976595912,2.14421953053709,-0.114658919112713,2.11346767228186,0.317749953636827,-1.23321624918318,-0.311139399228302,-0.925393473242442,0.169078085395916,1.86192279146604,1.72851770581975,0.111080258000336,3.02874470976401,3.66921580466826,-1.04573671507713,-1.00841428722264,-0.930668231079202,-1.30574407076435,-1.25410891864968,-1.17994609083031,-1.37814579303305,-0.177731018223659,-0.639461178332008,-0.279430266030745,-0.286904425214791,-0.226875569169311,0.668219452661009,0.935299240366342,0.799273698727645,0.566402014615565,1.00125731473287,-0.504578098615964,-0.06328940132067,-0.618564013678328,-0.391348688885798,-0.503041693998314,-2.12579870714607,-0.375024355916575,-0.413167436877806,-0.00859578069383644,-0.697698254915155,0.0759519559752211,-0.230075729421995,1.84290780523306,-1.00826650825885,-0.316872478427771,-1.07592843364696,-0.524119794207697,-0.864828255976639,0.478337492384979,-1.32049315734094,-0.0516442527306052,-1.02085498162309,-0.649707912297875,-1.00405920189194,2.77099244945852,-0.504578098615964,-0.321861540250354,2.05888583359914,0.675943835122729,-0.679746830292226,-0.00616663970913513,0.930046029669001,0.99496661054505,-0.592122486177232,-0.506783935891765,-0.777184479464502,0.541247834307328,-0.0819631937635291,1.30520508099459,0.690595290266559,0.435519243781917,0.565976421003951,0.682832724400303,-1.56531543697313,1.25373139925322,-0.602185097684464,-1.04118618534988,-0.179320641157294,-1.75010019431373,-0.441792181454227,1.24528645829679,2.34839813767629,1.543056118669,-0.189444898148642,3.35219097202891,-0.578408706761027,1.16494503970313,-0.721826356680434,-0.681553878925593,-0.768973580240562,0.227256913815765,-0.202586991059232,-1.10745167520755,-0.844839901037864,0.69535681818675,-0.924361576905879,-1.1807845918921,1.12020544048043,0.744132303188673,0.913181366273366,0.375096642443002,-0.043039574199713,-1.13445162766544,-0.433845179637909,-0.000690227188266011,-0.304397343978269,-0.533447461928133,-0.493873574512357,0.878589563710704,-0.524905716995868,-0.51147345739279,-0.590607768331523,-0.497077863665163,0.723150221859989,0.255364319065638,0.103340488803673,1.13620597443694,-1.05618654703309,-0.333979422149212,-0.531713688779321,0.827486811528584,0.444479772930899,-0.882023949694159,-0.738257558223326,-0.483983670212399,-1.18068191813137,0.682832724400303,-1.42160305764979,-0.555594417312278,-0.994759483123667,-1.56531543697313,-0.241958561604024,-0.496562007079367,-0.527054463374357,-0.423751167976071,-2.24942734296733,1.65278799100371,-0.187688592418646,-0.203665683067209,-1.39050516068344,-0.935362272316362,-1.33538393159564,-0.444866529913555,-0.449042081635903,-1.23321624918318,-0.00991393021036301,1.04269324481136,-0.956456783509466,1.1062532926726,0.14466129651896,0.424690178217426,-0.808924961997834,-0.67732705075443,-0.262943549469985,1.60620225067534,0.0178660990932967,0.114002523928599,-1.42523962558467,-0.739281849167541,-0.93654835490529
comm.and.crime_point_0676,comm.and.crime,regression,0.95,0.0253727886506385,anomaly,0.629145668582266,-0.519882053238727,0.649357240929522,-0.387224840880353,2.21104229271725,-1.53137632838129,-0.639997445119629,-0.318385949779994,-0.0271763465708762,-0.444866529913555,-0.277853012703869,1.09850133312579,0.669970071354392,0.682832724400303,-1.2949949059155,-2.45009854537462,-1.08555357022468,-1.43587470492678,1.43340971275605,3.07117874814888,1.85453161982308,-1.28962587051052,-1.25714308192706,-1.11372871663872,-0.764005364912463,-0.264029226104202,-1.18906929810375,-1.01746896013141,1.52018284755307,2.04388961482867,0.207127241592105,1.06993325173982,-1.20307495614621,3.14816917321302,-2.59183290653492,0.116687185340269,0.566539011621171,1.25062186739623,-1.18813086037385,1.08931211503494,0.601620247304602,0.870197520750541,1.01154953192004,0.0145655943380156,-2.13350744046629,-2.08698678340483,-2.44129703374892,-2.36484153839709,-1.66921732982277,-2.32074149127903,1.1383543465738,1.87002518196809,-0.115382978305131,-0.913834660893733,-0.951156139549743,-1.18649910140954,-1.3739496219135,-0.684350728885536,-0.64369508486844,-0.653776320283739,-0.693624944209472,0.238451640038094,-0.275750193055373,0.368282000318073,0.199830121136733,-0.307289207713733,-0.534613396479251,0.136833510943376,0.0375580480715412,-0.506122969993337,-0.319901234201248,0.726172755495118,0.818694918397941,-0.513073583706566,0.169078085395916,2.7344018811184,1.25229100289144,-1.78166348173893,0.722766042539909,0.80923354383901,-1.09029510578303,-1.09479162683009,-1.10069846245304,-1.30574407076435,-1.30189225613177,-1.26049841310347,-1.1907081890969,2.53613612270308,-0.799654518454378,1.07056346354692,0.39531226424825,-0.226875569169311,-0.586463083611209,0.739536080286516,1.24040486303943,1.36432182184367,1.05170600925156,0.317646414029282,0.0351882157167206,-0.0946719097814345,-0.391348688885798,0.0446822618622457,0.670299999286939,-0.453822940289352,-0.808871504665675,-0.720290730320524,-1.21607586867302,-0.152304562810898,-0.34476848053886,-0.154888957153209,0.30420847476134,0.00709456412135369,-0.493873574512357,-0.965250958519477,-0.220480633356821,-0.851110337619796,0.402681671401718,-0.00318371628598076,1.3537113041635,1.00221121696188,-0.658393792953314,-0.391348688885798,-0.230503261067549,-0.504578098615964,-0.154888957153209,-0.792470938203999,-1.6096218406714,0.338588862534303,-0.513073583706566,-0.938289124010825,-0.544247527234835,-0.446095258444874,0.713033482588985,0.65086069045285,-1.23504806525446,0.776064299963135,1.47364793058586,-1.12160641751395,-0.382231429342107,-1.56531543697313,0.682832724400303,0.102796409725239,1.58004448809894,-0.661256593696907,-0.985685818113966,-0.266432822203958,0.65722458063374,-0.839101164308632,0.391417864324567,0.0542078168079789,-0.286904425214791,-0.307399221155361,0.0104433041044344,-0.728501275489362,-1.00841063129797,0.678929691805134,-0.440957773352299,-0.959478323882113,1.23322565080756,2.83172493733773,-0.801071272009583,-0.366268385707879,0.269805947192317,-0.802823042251458,3.0081130167773,0.46842532549381,1.77507012188196,-1.12004119869912,-0.277522937462631,0.0464914919194661,2.06731069516655,-0.34476848053886,-0.695793398648614,-0.576459764357761,0.299837597034825,-0.514522113788516,0.0510694094017551,-0.590386957395979,-0.633115326174983,-0.444251915781118,0.0352672065190975,-0.453822940289352,-1.25714308192706,0.878506043477017,0.872870783432771,-0.241958561604024,0.412240099369111,-0.506122969993337,-0.696016939253532,-0.626152826019497,-0.696016939253532,0.935299240366342,-0.531713688779321,0.682832724400303,0.632481160315823,-1.09029510578303,0.29252081648104,0.682832724400303,-0.241958561604024,-0.700054714702294,-0.696016939253532,-1.55060150488499,1.43764686921566,0.529637919756257,-0.265657561852559,0.433253346546518,-0.835669064732367,0.145053283764153,-0.0450487366494222,0.321344892711017,0.957035039566971,0.726172755495118,0.40957417248383,-0.296700874734808,1.60490102371564,-0.550930207394384,-0.156964313720294,-0.466477635900487,-1.47267045724008,-0.01206212920031,0.417298235895379,0.339056972600567,-1.26680802211735,-0.34476848053886,-0.60459956684596,-0.347885794497196,-0.633910484386522
comm.and.crime_point_1726,comm.and.crime,regression,0.04,0.060726522927217,nominal,0.812099797669774,1.22003874930914,-0.375024355916575,0.651154057637344,-0.669300457399169,0.968220127909451,-0.639997445119629,-0.619472066787389,-0.0271763465708762,-0.932455617038282,-0.638203521537374,-0.129276609791536,-0.343626531286471,0.0083882759882738,-0.00536567013660394,0.0647605555401046,0.0902969459852806,0.866582941130492,0.339056972600567,-0.710275698132921,0.839992325252642,-0.179953678608368,-0.315269840651936,-0.471344704785489,-1.11366911862551,-1.23504806525446,0.0902863202695546,-1.34519345504344,-0.433845179637909,-0.976145788122707,-0.261565132142186,-0.460870702131241,-0.151415220449137,-0.0669263775634199,-0.178544390830854,0.314329357834215,0.0535926868871247,-0.106693378680418,0.100170724627871,-1.8154285728214,-0.937391007774043,-2.04126379443964,-1.98398530540973,0.467364181799085,1.62931189683977,1.547553449942,1.49014353623587,1.49924747151068,-1.43198567994721,-0.837074119169256,-0.333979422149212,-0.826258750205395,-0.34476848053886,-1.46155861675429,-1.70972241982659,-1.98055152906875,-2.19458968065222,-0.769171424646212,-0.770634624582392,-0.78049817719312,-0.778795714500358,0.811469477533919,-0.548829847861638,-0.59830836089083,-0.376966020067782,0.990252708157481,0.795140174306145,0.348137302479556,1.91490064334401,-0.744267573836537,-1.71114018948432,0.726172755495118,-0.444061083654919,1.03312600205297,2.05888583359914,-0.250395004534394,2.04600217443863,0.283147870703906,-1.04789614836431,-0.1602519683065,-0.600152808018174,-0.576527589185363,-0.548100210488063,-0.758604743830171,-0.824058881310911,-0.817460640601083,-0.722114179256525,-1.47566747692775,-0.586063398291218,-0.227507430277758,-0.286904425214791,-0.226875569169311,-0.802787658830557,1.66941109066569,2.06752579612401,0.865621942326106,1.35439817636373,0.226288134846476,-0.949587954657186,-0.574906338353587,-0.391348688885798,3.01152035610694,-0.491156386462159,1.67373883777562,0.130925656330515,-0.423751167976071,-1.61925845715135,-1.52184367552761,-0.115382978305131,0.601034142128082,1.61668345778153,1.46494625559241,-0.546787652615503,-0.689543980824615,-0.800393493714657,-0.161767018358061,0.141594576137679,1.45063237705275,1.69293505927587,-0.295725241742213,0.131698570334978,-0.391348688885798,0.0435715764808665,-0.0477867027019386,-1.12679008480058,-0.965225617418908,1.47364793058586,0.913181366273366,-0.976933459434427,-0.454975190371856,0.93987619997948,-0.506783935891765,-0.535527512645018,0.322022122016284,-0.567472613338656,-0.864272121234376,-0.435042880192443,-0.875744470993553,-0.287410644307502,-0.778463580492427,0.682832724400303,-1.43178357631207,1.34412777612236,0.668496977088488,0.108666922041517,0.703657382637049,1.56510799279336,0.848260244467189,2.34839813767629,-0.243561843564225,-0.286904425214791,-1.67291794995546,-0.36428070280995,-0.370281702344836,-0.530770173602079,1.09754002126074,1.10540245912095,0.181613250827385,1.43126877382367,1.21228566329134,0.380681711753999,0.282502572227728,0.146271375733883,-0.26287797133625,-1.18068191813137,-1.02039235405845,1.48777387001243,1.92363226362591,0.425927152326122,0.744321517128731,-0.199361816374992,1.49031553733097,-0.173931992421487,-0.447422857068877,0.82897837806628,0.391000476585978,-1.10088084339349,-0.472016707391195,0.642111409128814,-1.39511897769393,1.1993769247883,-0.453822940289352,-1.41412195547291,-0.358453625130612,-0.0174633690899362,-0.149937701058835,0.648228546406218,-0.506122969993337,0.317757916021518,-0.626152826019497,-0.484813844404564,-0.630806040272269,-0.236728129982936,0.682832724400303,-0.414699029235275,0.647482131746904,1.18371487005353,-1.56531543697313,-0.333979422149212,-0.750927891608026,-0.611535701313945,0.347251694119508,0.0792511068324541,0.13653539481965,-0.499564470154296,-0.546622083628446,-0.0790743884354456,-0.350137179439416,1.4934278419403,-0.0965886105387498,0.44147342845925,0.726172755495118,0.0949580954631852,0.372996185038278,1.11702334614895,0.0409210426295376,-0.156964313720294,-0.3328024637828,0.328924458417437,-0.421455927079768,0.103340488803673,-0.467308204356106,2.38957216902064,-0.34476848053886,0.9853905469603,-0.0869550913836323,0.677520287861476
comm.and.crime_point_0549,comm.and.crime,regression,0.06,0.064241648352008,nominal,-0.590548525334451,-0.867866213748302,-0.217427187171022,-0.814792622622935,-0.590386957395979,0.804312163562517,-0.304872732522849,-0.490435159498505,-0.735958731452675,0.112378141086133,-0.277853012703869,-0.631549404621351,-0.109719622984733,0.682832724400303,0.56780287909846,1.10350670591792,1.65809763426522,1.2596854660671,-1.04328333075373,-1.02539690198974,-1.01004991778758,0.7783995780344,1.09754002126074,0.974019321884281,0.226708603941165,0.0394141611302526,0.499680118149013,0.0203252737566635,-0.35568405855027,-1.01991441715099,-1.29268835435763,-1.59662847435816,1.5216798136144,-1.20457557245354,1.43031461963852,-1.21739747899386,0.281568831213367,-1.51427955979694,1.442151542338,-0.445267871002372,-0.53838808979069,-0.328639491386592,-0.350057212320766,-0.56760401811193,1.03518252779145,1.15986915838501,1.03299928391205,0.82042102382418,0.762407081401742,0.760721512333579,-0.333979422149212,-0.956724101762177,-0.34476848053886,-0.822547334916973,-0.714104176963228,0.550490584094985,0.267330495563925,-0.684350728885536,-0.686008264773091,-0.569295082344151,-0.608454173918587,0.679234591957959,-0.594343123662683,-0.801801068513758,-0.796454122761974,-0.66116427567861,-0.0280406076086237,-1.34229302980988,0.341991982440051,-0.744267573836537,0.0279085046195201,0.726172755495118,-0.244678557014993,0.46618615394114,-0.0468999429701671,0.0251247079874021,-1.39341290226583,1.18650283739765,-0.924361576905879,-0.644994724379254,-0.3328024637828,-0.317395570362999,-0.250547305583844,0.518053685682914,0.179391205812885,0.0686149044036935,0.121355038456154,-1.23967902989064,-0.532665618250428,-0.175584594524771,-0.286904425214791,-0.226875569169311,-0.716257828742818,0.25012818008695,-1.5166649139092,-0.979567611888896,-1.01669046601492,-0.139144981884744,-0.407961060951538,-0.31296028640514,-0.391348688885798,-0.411754368021554,1.65968877233247,2.93451618774004,-0.413167436877806,0.0507121317750543,-0.640100742275393,0.4183367341544,-0.34476848053886,1.41095174850089,0.0759519559752211,0.49304512794504,0.987720612375717,0.523566721032782,-0.284915395618803,-0.752632720582405,0.0371597380320633,1.25679023127425,-1.94160517407096,1.23819966399899,-0.460870702131241,-0.391348688885798,-0.321861540250354,-0.321861540250354,-1.23477909898362,-0.706093598596545,1.08212161042621,0.568425864029928,0.105406250597248,-0.616079834918179,-0.304872732522849,-0.567472613338656,0.0686149044036935,0.102796409725239,-0.385406580997984,-0.70552988692494,-0.532924460232356,0.722358181389051,-0.0977690742382896,0.682832724400303,0.682832724400303,0.65086069045285,0.813315174175043,-0.471291797870422,0.281459459960805,-0.722945859776196,1.75624134272171,0.0542078168079789,0.304440963286713,0.401605753908883,-0.286904425214791,0.293429019516684,-0.0966206978711041,0.857899691293538,2.38283661834283,0.521950818259281,0.355652043376342,1.2770611625485,-0.252097771813259,0.118069937584314,2.00012098580039,1.34412777612236,2.98756651927787,-0.100894450061688,-0.000739682945828393,0.90955648980559,0.913181366273366,1.33625668317722,0.504088273413761,-0.060866973497344,-0.277522937462631,0.228695275045463,-0.43486269553505,-0.533447461928133,-0.123475027790339,-1.21107795253813,-0.409710691716343,-0.669300457399169,3.10754976404949,-0.497077863665163,0.246923518931679,-0.375024355916575,0.888234856532939,-1.13155341801038,-0.808871504665675,-0.333979422149212,-0.708705024057152,-0.553751890761977,0.402239153961105,-1.44494042177841,-0.78049817719312,-0.924450780392009,0.589231434646941,0.682832724400303,2.24352760577905,-0.421919245194591,0.837139404775339,0.682832724400303,-0.333979422149212,-0.0387034149277808,-0.653776320283739,0.703099168932851,-0.308861968134177,0.0803778912572774,-0.265657561852559,-0.203665683067209,-0.0790743884354456,-0.125050605255976,-1.28575565486694,0.112378141086133,-0.120957420021899,0.726172755495118,-0.639146084251652,-0.352508963049232,0.934069217061446,2.56615304273161,0.49655784179809,0.602923741041008,-1.28302888717086,-1.18906929810375,-1.41412195547291,-0.640100742275393,1.30254022030394,-0.000690227188266011,-0.963629592544147,0.173975611729931,0.526201352602092
comm.and.crime_point_0927,comm.and.crime,regression,0.23,0.0637394105468971,anomaly,-1.38334975138032,-0.171897892729153,0.0189685659473083,-0.99803595765547,-0.472016707391195,-0.015227658172151,0.892001241037083,0.541860098812564,-1.05813254276258,-0.514522113788516,-0.397969848981704,0.0939557434661589,0.124187285317004,0.682832724400303,0.663330970637638,-0.0445811444996654,0.139290717494029,0.866582941130492,-0.294515666436819,-0.350137179439416,0.0641681588164208,1.08103744855317,1.62080293308025,1.83053133768859,0.692926942225224,0.342857548364707,0.346157443944216,-0.307399221155361,-0.199361816374992,-0.450922239783337,-0.542780556382761,-1.05343997459746,1.23486352206065,-0.462630445351289,0.453507363282115,-1.16798693587037,0.224574795131807,-0.961299274358306,1.06639691337916,0.815279974671134,0.772621497868896,1.26980985812958,1.06601380168967,-1.21445914305632,-0.252097771813259,-0.10010478917523,0.164425204496809,-0.223927357231975,0.406559606588398,0.190080215368281,-0.149937701058835,0.0435102601731493,0.458080777279193,1.14013017358336,1.2771323087635,1.29491473502549,1.19055056164498,2.87811849306286,2.7413593075036,2.55651072142059,2.32993740111696,-0.863505739761571,1.59029411478744,-0.191322945644976,-0.324530007231007,-1.01503934364349,-1.23115098117636,-0.338600020013028,-0.672787798788313,0.398826524610824,0.607591402654133,-1.23321624918318,-0.244678557014993,0.723886084901063,-0.586845013885375,-0.663674573317088,-1.39341290226583,0.0250464516485512,-0.7596488149613,-0.305674795128326,2.83084327633579,2.96494333472027,2.98002709051911,1.65792728346245,1.51732465531128,1.67966134986692,1.33969946404113,1.88716789335104,0.962472222891692,-0.74673578780763,0.687690845446696,0.17153031803774,1.83637215884549,-0.924450780392009,-0.579261189746669,-0.530737720323085,-0.310408742753192,-0.139144981884744,0.0351882157167206,2.26284255775458,-0.391348688885798,0.774980869676324,-0.319088773758589,-0.296225771543798,0.0319996393835476,-0.601674905382743,-0.985685818113966,-0.665881730079667,-0.230075729421995,0.925001184677206,-0.0952404331143684,0.601034142128082,-1.60506921467841,0.137576952259974,0.681606038310923,-0.0140505928019747,1.18594295719383,1.30525076771888,0.966027012606508,-0.94469347109426,0.773648615506715,-0.391348688885798,0.226288134846476,0.500362972394892,0.601034142128082,-0.922036947615181,0.886358450346385,-1.78740340130023,0.260026209173202,-0.857736801737663,-0.496372568292438,-1.23504806525446,0.108891065540274,-1.87023500089416,0.767678290492944,0.511493909447407,0.299068970106906,0.517473225955383,1.56159466386731,-1.56531543697313,0.682832724400303,0.541247834307328,-0.189330851725441,-1.10450778395871,0.742239561078903,-0.894138248865786,0.274957880777056,-0.0946770133781229,2.34839813767629,0.00457954007927846,-0.286904425214791,0.0203252737566635,0.117507306079973,-1.49611464651335,-0.721826356680434,3.08593908617488,-0.253520169416148,-0.913834660893733,0.29252081648104,-0.275847723670213,-0.538459497839898,0.0465858602511433,1.58750804274895,1.03299019886025,0.353242987609834,-1.07553374959742,1.02809986702118,-1.2268367587807,-0.277522937462631,-0.275583904330964,0.504088273413761,-0.34476848053886,-0.391374245016123,-0.533447461928133,-0.970100277440667,-0.0965886105387498,1.08782463691748,-0.629843707397574,2.21489104933683,0.0840075630593312,-1.18175658985325,-0.375024355916575,2.09173955371781,-1.33771336277832,0.180388664803999,-0.0579168405136468,0.648228546406218,-0.363236207687417,-0.738257558223326,-0.574978601284565,-0.315851368525389,0.494832130186732,-1.53466458868703,0.682832724400303,-0.777184479464502,1.09306603880586,-1.48986729066394,0.682832724400303,-0.149937701058835,-0.547435183985099,-0.146888892646214,-0.186519518100509,0.0792511068324541,-0.930457172865427,-0.265657561852559,2.63797306444019,-0.280832968781291,3.02616143331219,-0.342818397021626,1.36617865083543,-0.120957420021899,0.726172755495118,-0.796454122761974,-1.07801411113674,0.324222120103087,-0.629843707397574,0.0943903614790845,-0.689269589429965,0.565976421003951,-1.08672084863389,-0.315269840651936,-0.236918153797056,-0.723292047758998,-0.230075729421995,0.472490510248604,-0.956724101762177,-0.23039332369483
comm.and.crime_point_0457,comm.and.crime,regression,0.11,0.250033620183268,nominal,0.0192985716239078,-0.867866213748302,-0.217427187171022,-0.936954845977958,-0.472016707391195,0.722358181389051,-0.592122486177232,-0.533447461928133,-0.864828255976639,-0.932455617038282,-0.818378775954126,0.98688515649694,-0.109719622984733,0.682832724400303,-0.100893761675781,-0.263264544579206,-0.350646997593453,0.58579542331863,0.799837073718665,-0.75529301296961,1.07870745338686,-0.129514033521907,-0.105964675924132,-0.257216700834412,0.284985896226672,-0.0819631937635291,-0.728501275489362,0.23880827036468,-0.35568405855027,-0.844839901037864,-0.777126743249906,-0.707774565658833,-0.390428796743927,-0.808871504665675,0.22367036178649,-0.42682878901808,-0.288371529602239,-0.257506183800045,-0.221904671622559,0.212409265870761,-1.27939350890263,0.185147799529322,0.194585485375557,-1.14977363056188,0.243010035727013,0.287579502381766,0.347282905426335,0.298246833296102,1.23687038115287,1.38842693899541,-0.241958561604024,-0.652304948129686,-0.34476848053886,-0.868190997905353,-0.951156139549743,-1.33538393159564,-1.63039964026935,-0.726761076765874,-0.728321444677741,-0.738257558223326,-0.736210329354915,0.767391182341933,-0.594343123662683,-0.903547422325221,-0.796454122761974,-0.720143453672756,-0.787899790914564,-1.02533734250561,0.950859851177069,-0.744267573836537,-0.8416158424324,0.726172755495118,-0.311139399228302,0.775426071093047,0.871006677585685,-0.801434429577986,-0.811358043131231,-0.0609873547032339,-0.924361576905879,-0.741943275593805,-0.600152808018174,-0.662904928792817,-0.718130441861903,-0.257060360807173,-0.441792181454227,-0.535527512645018,-0.440957773352299,-1.12168480637209,-1.33363231886228,-1.16211847383153,-0.286904425214791,-0.226875569169311,-0.802787658830557,0.494832130186732,0.854415094266617,1.06510189413313,0.698565147620701,-0.321861540250354,0.133665832754111,-0.487590987704104,-0.391348688885798,-0.274823379056414,1.10046903104586,-0.453822940289352,0.427703707171417,1.71133368090399,1.14542214955724,0.703657382637049,-0.230075729421995,-1.55874614153275,0.589529123243989,-0.316872478427771,1.99308809633548,-1.02039235405845,-0.413784920142767,0.084427024235416,-0.850536385865668,-0.10010478917523,0.481421648160263,-0.413719465260767,-0.0658245204870952,-0.391348688885798,2.05345371850258,-0.504578098615964,0.223072592487436,0.719132504926456,-0.630806040272269,0.0512926106647712,1.08466598824495,-0.13276590127921,-0.304872732522849,0.0394141611302526,0.632481160315823,0.705667118525611,-0.324717903551093,-0.335131340202921,-0.826569200352095,-1.49039933729455,0.992669953659678,0.45801790826296,0.592906797945366,-1.21255786402103,1.69800284408723,0.351888984044347,2.81575001611035,0.646593252940519,0.131607868330799,-0.69021633412253,0.260952512767785,0.699375414281087,-0.189444898148642,0.402670517820692,0.278103309043281,1.67668728705245,0.185690512941751,-0.210617258288034,-0.581535976304412,-0.0466050641145143,0.837139404775339,-0.976145788122707,-0.407153610755056,0.40046092821602,0.0639149947615938,-0.20888346424473,0.648228546406218,-0.0278472343569434,1.54523312038634,-1.28023453882149,-0.35568405855027,-0.543980067872989,-0.35568405855027,-0.230075729421995,-0.782770299686468,0.154749376945913,0.246923518931679,-0.584177697663477,0.16626443468128,-0.669300457399169,-0.803145557548822,-0.232948124244939,-0.652615808821794,-0.296225771543798,-0.158290967106083,-0.770773514666489,2.20837201221683,2.7947298363872,0.23524876409128,-0.696638653067897,1.92290143687368,1.31846771390793,0.528961010870487,-1.90326658079114,-0.0597367947051054,-1.56531543697313,-0.535527512645018,-1.00117832437123,-0.202586991059232,0.660351242786569,0.310166601667107,-0.547435183985099,-0.44257322543477,0.287943781650617,0.790791744271277,-0.9866146764278,-0.109719622984733,-0.497628312119698,0.0722445468239389,-0.710275698132921,2.039338885956,0.321344892711017,-0.823995980623335,0.726172755495118,0.0949580954631852,-0.0176604331626889,-1.26138033198864,-0.472016707391195,0.546828776837966,-0.956619933665339,-0.90374574703244,-1.08672084863389,-1.04783791719925,0.454251997880092,0.363739900957701,-0.34476848053886,1.39571057632966,0.130487161211004,0.828839223120861
comm.and.crime_point_0690,comm.and.crime,regression,0.14,0.060613093650524,nominal,-1.38334975138032,-0.519882053238727,-0.0598300184254683,-0.26506261752533,-0.629843707397574,-0.588905533386419,4.0517485312353,-0.232361344920738,-0.864828255976639,-0.79314444928836,-0.758320357815209,-0.91058984619347,-0.0317506535508209,0.682832724400303,2.43060066411242,1.48620265605712,-0.00769059703221596,1.82126050169082,-1.50406343187183,-0.935362272316362,-0.950371135754022,2.29158893062824,2.51034988317342,2.63351135250513,1.33397715736581,1.0711216777274,1.16494503970313,1.71356849746879,-0.35568405855027,-1.01991441715099,-1.19894987961077,-1.59662847435816,2.38212868827564,-1.25403858092703,1.37285536926462,2.29075108277367,-0.459353637846922,-1.46400862475706,2.67677389463131,-0.00681644642028318,0.0316160787569558,0.0138853692240173,-0.0232715937029722,-0.438232993123054,0.886650185529367,0.966027012606508,1.1701425596092,0.559333928560141,0.0507121317750543,-0.209368692507428,-0.333979422149212,-0.91323565124325,0.343388026162328,0.683693543699564,0.660797206038557,0.94751679792459,0.728940528604452,2.36919431849881,2.10666160893385,2.30306700760182,1.98925431995342,-1.0838972157215,0.270409116557157,-0.649181537796562,-0.586710071414878,-0.0123933177430025,0.0986025896090331,-0.127296228476849,0.0882970371329595,-0.0774626830755764,-0.493806103611632,0.726172755495118,-0.244678557014993,0.672346098709078,0.00709456412135369,-0.801434429577986,-1.18175658985325,0.584266192935153,-1.04789614836431,-0.790417551201081,3.27642718339475,3.18088668373891,3.10754976404949,2.98018065688672,2.90304144229176,2.32407992805221,2.65176269159419,-0.767702135816429,0.802278882769321,-1.16211847383153,-0.286904425214791,-0.226875569169311,1.92290198893323,-1.21809552051175,-0.358695607590779,-0.281387780564301,-0.663549604384054,-0.321861540250354,0.478337492384979,-0.31296028640514,-0.391348688885798,-0.731260008940213,-0.319088773758589,-0.453822940289352,-0.413167436877806,2.9567998427507,-1.21607586867302,0.24714434506481,0.114002523928599,0.115083578304395,-0.0381763034178386,-1.93670769117339,-0.0705609496871936,-0.854968167441532,-0.607089206928712,-0.211005826876756,-2.88701572892517,0.529882184604888,-1.16623659095697,0.0582574288134486,2.55135643290537,-0.391348688885798,0.409004693212087,-0.0477867027019386,-0.154888957153209,1.32377388217864,0.494832130186732,-1.27027014793507,-0.925393473242442,-1.05911760742057,-0.592122486177232,4.83381967943463,-1.13966992969373,-0.171235730638567,0.342857548364707,-0.176389105893484,-0.777628410332139,-0.547928542299685,-0.287410644307502,0.682832724400303,0.682832724400303,-0.33565501485685,-1.13299769963178,-1.35779417839402,1.72139727595486,-3.00551104763739,-0.537358856418398,-0.0946770133781229,-0.478351146053977,0.550490584094985,-0.286904425214791,-0.416640719459369,0.599295314969896,-0.216759028140039,-0.244185898984547,0.0510141976217214,-1.00327058516075,1.23141749956012,-0.549162456337422,-0.10077320755709,0.249375824669157,0.164544216239436,-0.84200519593359,1.9508968194161,0.353242987609834,1.51611184073429,-0.293462891578667,0.748881102728531,-0.35568405855027,-0.705017765998204,-0.277522937462631,1.14623728398038,-0.260908893459341,-0.40441055463925,-0.758443965028085,0.669622812085821,0.0510694094017551,0.987883042667813,-1.01568334676612,-0.338600020013028,-0.599701730718649,-0.0598300184254683,0.364971944713428,0.723886084901063,0.130925656330515,-0.241958561604024,-0.531713688779321,-0.649009732299257,-0.189129511616007,-0.114410578670175,-0.611535701313945,-0.337161300152529,-0.649707912297875,0.682832724400303,-0.65635599605476,-1.09029510578303,0.837139404775339,0.682832724400303,-0.241958561604024,3.72591167609637,0.740164105719455,0.287943781650617,1.76107443168785,0.978897948255237,-0.109719622984733,-1.08555357022468,0.0722445468239389,1.40553809919142,-0.392446673750327,0.251689308836056,-1.10521140486391,0.726172755495118,-0.691582097088426,-1.02220602282232,0.629145668582266,-0.708757207400764,-0.810486469238678,-0.733827980135861,-1.47267045724008,-0.728501275489362,2.98128650381098,-0.121723128517532,2.24134053965018,-0.34476848053886,0.164750488221586,-0.956724101762177,-0.835669064732367
comm.and.crime_point_0028,comm.and.crime,regression,0.1,0.083835473289174,nominal,0.629145668582266,-1.56383453476745,-0.375024355916575,-0.570468175912889,-0.669300457399169,0.968220127909451,-0.639997445119629,-0.576459764357761,-0.478219682404748,-0.79314444928836,-0.638203521537374,0.931077068182516,-0.499564470154296,-1.56531543697313,-0.626298265141257,-0.973985594837714,0.482247118055266,0.0803778912572774,0.972629611637952,0.145053283764153,0.899671107286197,-0.684350129472983,-0.629227587743642,-0.792536710712104,-0.356064318913911,0.282168870917816,0.806725466558606,0.675774263580712,-0.277522937462631,0.0743013085560334,-0.0740881826484698,0.329221661157051,-0.964061379851424,-0.116389386036903,-0.753136894569917,1.89546673778578,-0.516347673928482,1.60251841267536,-1.02709316224863,0.267215693943522,-1.05139184148357,-0.100289584312853,0.0311926760666601,-0.56760401811193,0.193499254972986,0.287579502381766,0.438711755891097,0.0371597380320633,-1.37267776747832,-0.608817600383137,-0.333979422149212,-0.826258750205395,-0.34476848053886,-0.639972682963453,-1.09338731710165,-1.43464048505304,-1.73297964761169,-0.684350728885536,-0.728321444677741,-0.738257558223326,-0.736210329354915,0.723312887149946,-0.639856399463727,-0.700054714702294,-0.639146084251652,-0.484226741696171,-0.534613396479251,-0.444251915781118,0.494208949624305,-0.744267573836537,-0.551774393415093,0.726172755495118,-0.37760024144161,0.517726140133124,0.49304512794504,0.438404276770096,0.934806534272571,-0.964342321396976,0.269805947192317,0.372965063373531,-0.867503152253548,-0.878848277811454,-0.845653115392282,-0.986579463386079,-1.11075890620342,-1.17994609083031,-1.00327058516075,-0.413719465260767,-0.959847858576748,-0.74673578780763,-0.286904425214791,-0.226875569169311,-0.759522743786688,1.03318082040625,0.523566721032782,0.965361918229619,0.849911231176784,-0.230503261067549,-0.70339391206371,-0.70587936432781,-0.391348688885798,-1.05076564985887,0.111080258000336,0.491760072183968,-0.264778411457355,0.169327956712836,0.281459459960805,-1.00826650825885,-0.230075729421995,-0.20888346424473,-0.437625211293547,-0.154888957153209,1.56977547151032,-0.634402585285642,0.294997464739033,-0.949587954657186,0.0893771570848711,1.06294808549576,-0.148565325619854,0.943214105202603,0.773648615506715,-0.391348688885798,-0.321861540250354,-0.321861540250354,1.6809242839585,-0.274206900559272,0.837417660326429,-0.695677644196011,-0.152293680362675,1.11579509395479,-0.209122814638054,-0.506783935891765,2.32407992805221,-0.664493583293417,0.100102838577144,-0.017646871584048,-0.777628410332139,0.968220127909451,1.08749073869428,-1.56531543697313,0.682832724400303,0.157602837798,1.04923188615163,-0.534613396479251,1.49100722539581,0.36127260445787,-0.441792181454227,-1.43464048505304,-0.739281849167541,-0.193933566835524,-0.286904425214791,-0.525882217763377,0.171039307067742,2.5466491075463,-1.15170276860673,1.04521373007879,1.24598066207306,-0.229179716068034,-0.549162456337422,0.774599373008527,-0.713534013953022,0.518419284204312,3.02874470976401,0.331061606670478,0.23524876409128,-0.634402585285642,-0.465840642700386,0.802278882769321,-0.043039574199713,1.76422693858843,7.38226692912601,-0.230075729421995,-0.956724101762177,0.498847796382936,0.617322065653698,-0.79314444928836,-0.0641256158777693,0.908969542664623,-0.0805170742100041,0.453789198247646,0.141095362725389,0.334162903438415,-0.210617258288034,0.414646167749156,0.625555741065352,-0.333979422149212,0.589231434646941,-0.410865128456057,-0.738257558223326,1.77903573652232,-0.44257322543477,-1.6096218406714,0.825219881684049,0.682832724400303,0.390824193496339,-0.511036026606383,-1.04427026387769,0.682832724400303,-0.333979422149212,-0.191322945644976,-0.78049817719312,0.58448334399507,-0.632289530606369,0.0803778912572774,-0.343626531286471,-0.595615855137194,0.879278868207322,-0.935362272316362,-0.987985994494734,-0.514522113788516,0.488342665832679,0.726172755495118,-0.376966020067782,-0.0734685214771128,0.324222120103087,-0.393103207388005,0.295474101638588,1.76144189939429,1.75123623393652,0.909073916028471,-0.576901296561691,-0.179320641157294,-1.66209236710524,-0.34476848053886,0.934100543289131,-0.91323565124325,-0.835669064732367
comm.and.crime_point_0881,comm.and.crime,regression,0.1,0.275021234129051,nominal,-1.38334975138032,-0.171897892729153,-0.296225771543798,-1.24236040436552,-0.708757207400764,0.845289154649251,-0.44849760935004,-0.361398252209622,-1.25143682954853,-2.11660054291262,-1.4189629573433,3.21920868907389,-0.499564470154296,-1.56531543697313,-0.817354448219611,-3.05147789559335,-0.644609626645943,0.529637919756257,2.87334752875011,1.0904168953346,3.10778604252775,-0.785229419645906,-0.472248714197789,-0.631940707748796,-1.40505558005305,-0.0212745163166381,-0.574978601284565,-0.635123716067385,-0.277522937462631,-0.0570045785288092,-0.449042081635903,-0.0164437477815769,-0.629442373038718,0.576092732591868,-2.64929215690883,-1.16798693587037,0.623533047702732,-0.458589923959548,-0.382942369747774,0.376828550089045,-1.62139601003122,0.356410229834627,0.412442564454086,-1.73194324301182,-0.202586991059232,-0.148565325619854,-0.201290197362241,0.507116509507333,-1.25406194254054,-0.951202378562316,-0.333979422149212,-0.739281849167541,-0.230075729421995,-0.822547334916973,-1.14079770961895,-1.38501220832434,-1.52781963292701,-0.59953003312486,-0.64369508486844,-0.653776320283739,-0.65103955906403,0.591078001573987,-0.503316572060594,-0.750927891608026,-0.691582097088426,-1.13299769963178,-1.67440217143816,-0.232948124244939,0.494208949624305,-0.220349445381496,1.53508403950952,-1.23321624918318,-0.311139399228302,0.46618615394114,0.709023156311124,-0.112635148273496,0.0881812846222431,0.756333805638724,-0.636114243502866,-0.741943275593805,-0.199127291665113,-0.231018230755544,-0.123024632053464,-0.257060360807173,-0.346225506490056,-0.334146706962114,-0.300379570400185,0.884216993443326,0.962472222891692,-0.74673578780763,-0.286904425214791,-0.226875569169311,-0.413403423435731,-0.337161300152529,-0.579261189746669,-0.530737720323085,0.849911231176784,-0.139144981884744,-0.604916295026319,-0.574906338353587,-0.391348688885798,-1.46155861675429,0.369181677055691,-0.375024355916575,0.922333791906255,0.525175431526179,2.06698235179344,0.817785642030109,-0.34476848053886,-0.100894450061688,-0.0381763034178386,-0.478855999702333,-0.282217262099776,0.799273698727645,0.810475562834887,-1.04806557169458,-0.798318966812861,-0.681631226510723,1.40217184060813,0.176251652332003,-0.806536111069869,-0.391348688885798,-0.504578098615964,0.774437809943307,-0.478855999702333,0.891887184141365,-1.56068105065144,-0.293462891578667,0.878506043477017,-1.13966992969373,0.221751815843521,-0.0212745163166381,1.5185567053206,-1.43178357631207,0.221480193470925,0.511493909447407,0.348009760126863,0.558450217042117,-0.998566532067046,0.682832724400303,0.682832724400303,0.979699258889417,-0.366268385707879,-0.787899790914564,0.223861947321042,1.21723454990582,-0.155092156561714,0.451234030637584,0.0435102601731493,2.78376303688651,0.00547415598365529,-0.252778472003357,-0.739004709724335,-0.984372399164023,0.185690512941751,1.72545551544416,1.76143407289747,-0.00096140112613429,-1.68791041368005,-0.538459497839898,0.249375824669157,3.17248229394089,-0.965539767392024,2.00489132650762,-0.590710800538598,0.303001138876892,0.22367036178649,-0.372472278128058,-0.35568405855027,0.583283819003517,-0.433845179637909,-0.34476848053886,-0.521839596572905,1.66017996198289,0.299837597034825,-0.584177697663477,-0.985685818113966,-0.550930207394384,-0.420577536957683,2.19704547842113,-0.970100277440667,-0.296225771543798,0.155666779985624,-0.358453625130612,-0.413167436877806,-0.333979422149212,-0.531713688779321,-0.410865128456057,-0.146888892646214,1.47199038811273,0.444479772930899,-0.0924573500527467,-0.35472235350149,0.682832724400303,-0.374422868098694,-0.0654521195474263,-1.2423133868938,0.682832724400303,6.7516268398303,-0.59830836089083,-0.569295082344151,1.17756246868398,-0.438232993123054,-0.9866146764278,-0.109719622984733,-0.105678140049712,0.1226841919104,-0.440171809112793,1.3941712884829,-0.166244194413711,0.0665195294718176,0.726172755495118,-0.691582097088426,-1.52447881765213,1.60490102371564,-0.669300457399169,0.0943903614790845,-0.466477635900487,-0.524462606894016,-0.421455927079768,-0.9955116260173,0.742239561078903,1.00607696156302,-0.34476848053886,1.24184056531615,-0.478351146053977,0.47576170751563
comm.and.crime_point_0636,comm.and.crime,regression,0.09,0.109899585149147,nominal,0.751115087973938,-0.519882053238727,-0.217427187171022,-0.875873734300447,-0.669300457399169,0.681381190302317,0.269626774785918,-0.447422857068877,-0.800393493714657,-0.305555362163633,-0.578145103398456,-0.352508963049232,-0.109719622984733,0.682832724400303,0.185690512941751,0.502127355699187,0.433253346546518,0.978897948255237,-0.524905716995868,-0.890344957479674,-0.353583315418467,0.223563482083323,0.260319362349526,0.117507306079973,0.80948152679624,1.01043300028051,0.192634769739419,-0.471261468611373,-0.35568405855027,-0.844839901037864,-1.05834216749048,-1.25096306541953,0.565625508435234,-0.759408496192192,1.02809986702118,-0.229186616524135,-0.459353637846922,-0.760215534198803,0.475925353586706,0.322022122016284,-0.65238892350022,0.698935090445236,0.575835373762982,-0.761660555595246,0.441053158743122,0.675263793938761,0.89585600821491,0.0371597380320633,0.703099168932851,0.817785642030109,-0.333979422149212,-0.782770299686468,-0.230075729421995,0.318544239792525,0.281514065900134,0.302349200451482,0.0108804772080765,-0.175426554321479,-0.220563285821935,-0.231370130585801,-0.310356477900488,0.458843115998027,-0.366776744657462,-0.750927891608026,-0.691582097088426,-0.602185097684464,-0.15468380482628,-0.866859498853478,-0.114658919112713,-0.458494049224697,0.143845084226443,0.726172755495118,-0.311139399228302,0.672346098709078,-0.370866985519292,-0.617754621230122,-1.97546776140043,1.18650283739765,-0.718470624475156,-0.838891826808356,-0.243685682371009,-0.317395570362999,-0.378069979114223,0.290078966127006,-0.0117421441154574,-0.0522135790060488,-0.112941966464035,-0.767702135816429,0.161505522279842,-1.00634996657257,-0.189444898148642,-0.226875569169311,-0.326873593347992,-0.924450780392009,-1.40638212283126,-1.52813747935822,-0.713998298902748,-0.321861540250354,0.0351882157167206,0.341904843465976,-0.391348688885798,0.409831565769285,0.928401418342293,-0.375024355916575,1.81266794442896,-1.66921732982277,1.26061717483676,-0.494689340990077,-0.230075729421995,-1.99070219826491,1.04604216081623,0.871006677585685,-1.34049882416269,-0.0278472343569434,1.32595366093074,0.281382258310197,0.611551347612948,0.626803257494137,-2.47467107496183,1.06120832872116,0.329221661157051,-0.391348688885798,0.500362972394892,-0.0477867027019386,0.871006677585685,-0.446961579774181,0.739536080286516,0.0512926106647712,1.03312600205297,0.793585804862147,-0.352747691465246,0.282168870917816,1.03524277168163,0.541247834307328,-0.870916000573111,0.617322065653698,-0.0435165600327901,0.804312163562517,-0.856335354515137,0.368091981808023,0.682832724400303,-0.445267871002372,1.34412777612236,-0.914542988132221,-0.00652810323800724,0.190080215368281,0.0360411933666282,-0.193933566835524,-0.521839596572905,-0.243561843564225,-0.286904425214791,2.64212123305286,0.974019321884281,-0.728501275489362,-0.100893761675781,1.30684518598855,0.168214439440191,0.683693543699564,0.837139404775339,-0.363384981726775,-1.06368304617927,-0.838101809661048,-0.471401481558287,-0.424861492610813,-0.531713688779321,0.523566721032782,-0.638218393822105,0.481892202524582,-0.35568405855027,-0.060866973497344,-0.35568405855027,-0.34476848053886,-0.608816497610759,-0.490435159498505,0.987720612375717,-0.375210946038594,0.511849510519854,1.54027754269014,-0.633115326174983,0.0311816151752862,-0.864272121234376,0.255364319065638,0.155666779985624,-0.513073583706566,-0.907797521612643,-0.241958561604024,1.00221121696188,-0.696638653067897,0.23327667808193,0.346157443944216,-0.611535701313945,1.66941109066569,-0.885696359334983,0.682832724400303,-1.09939376855715,-1.04573671507713,0.143988474218959,0.682832724400303,0.12612488057673,-0.140449768739244,-0.484813844404564,-0.127211605631618,-0.761660555595246,1.20352796250473,-0.499564470154296,0.286272032020273,0.879278868207322,1.36052078435473,-0.243561843564225,-0.305555362163633,-0.167826657395328,0.726172755495118,-0.48183804574133,-1.30124646439444,-1.20039562229281,-0.037992457373652,-0.106693378680418,-0.912061542959443,1.65641544890192,-0.370281702344836,-1.25714308192706,0.511849510519854,-0.377418245894594,-0.230075729421995,-0.655889570517129,-0.217420442940414,1.03059780346671
comm.and.crime_point_1887,comm.and.crime,regression,0.29,0.236237599275821,anomaly,0.995053926757281,1.56802290981872,-0.296225771543798,0.284667387572275,0.672229042655054,-0.179135622519085,-0.544247527234835,-0.490435159498505,-0.156045871094839,0.460656060460939,-0.0376193401481986,-0.966397934507894,-0.187688592418646,0.682832724400303,-0.14865780744537,0.720810755778727,0.335265803529022,-0.481197144366448,-0.928088305474204,-0.395154494276104,0.362562068984198,-0.331272613867753,-0.52457500537974,-0.471344704785489,-0.472618903484926,-0.203340548657311,-0.67732705075443,-0.0342954753953406,-0.277522937462631,-0.232079094641932,-0.58964979375619,-0.559632247542278,0.231006501622527,-0.660482479245224,0.683344364777741,-0.328007702771107,-0.0603953852759968,-0.0564224436405426,0.100170724627871,-0.280848586784089,-0.766389757209749,0.128060322760887,-0.0232715937029722,0.143936619326893,0.342031597235068,0.33604003882639,-0.0184324964327153,0.141594576137679,0.110020044243945,-0.152304562810898,-0.241958561604024,-0.0869550913836323,-0.34476848053886,-0.685616345951833,-0.619283391928622,-0.839101164308632,-0.861049585201808,-0.684350728885536,-0.64369508486844,-0.653776320283739,-0.65103955906403,0.679234591957959,-0.503316572060594,-0.394815653267903,-0.324530007231007,0.40046092821602,0.858461772914973,-0.0744702805928035,-0.0131809409898764,-0.220349445381496,-0.435837813808171,0.726172755495118,-0.244678557014993,-0.255373652746643,-0.20888346424473,0.208804516335266,0.299837597034825,1.444604256453,0.55805328059533,0.857707819446286,-0.421919245194591,-0.446961579774181,-0.378069979114223,-0.393845192540718,-0.537358856418398,-0.575803673781598,-0.487817174336336,-0.531713688779321,0.321698862402212,-0.279430266030745,-0.286904425214791,-0.226875569169311,-0.716257828742818,-0.924450780392009,-1.5166649139092,-1.97696737092403,-2.42925391253836,-0.230503261067549,-0.506438677988928,-0.662221689003069,-0.391348688885798,-1.46155861675429,-0.319088773758589,-0.453822940289352,1.76320493595548,1.11825455621509,-0.0641256158777693,-0.608817600383137,-0.34476848053886,1.30296273431785,0.36127260445787,-0.370866985519292,-0.017646871584048,-0.413837003129751,0.166127940215069,1.16768081164671,0.246029414243294,0.239118965937142,-1.11777605451234,0.825219881684049,-0.954678429186424,-0.391348688885798,-0.595936377798769,-0.413219819433159,-1.61274064862427,-0.317395570362999,1.57152951062578,1.60269237076024,0.0538662644052637,-0.736908318327921,-0.496372568292438,-0.688849968232438,0.95469044940847,-0.445267871002372,-0.385406580997984,0.0881812846222431,0.25012818008695,0.845289154649251,-0.334821036824805,0.682832724400303,0.682832724400303,0.376828550089045,-0.189330851725441,-0.851221389523392,0.223861947321042,0.4183367341544,0.561657905669569,0.351977477180183,0.0869987106920766,-0.442074950479027,-0.286904425214791,0.948878009340733,-0.310748701822181,-0.216759028140039,1.666375931799,-0.0536383847421805,-0.8158329812246,-0.366110705033174,-0.103565429551178,-1.01991441715099,0.161838566612595,0.518419284204312,0.434518709136896,0.709023156311124,-0.885696359334983,0.0824355567210018,-0.00616663970913513,0.748881102728531,0.191443789063205,0.368566888169896,-0.199361816374992,-0.34476848053886,-0.695793398648614,-0.576459764357761,0.934806534272571,0.530311644335899,-0.870490792834442,-0.274732957383221,-0.463085094801143,0.770744885551916,-0.388045418306067,-0.375024355916575,-0.472248714197789,1.03312600205297,0.229851673277482,-0.333979422149212,-1.29867614164992,-0.601380811530617,-0.653776320283739,-0.114410578670175,-0.78049817719312,-0.875509990372052,1.41519099927682,-1.56531543697313,-0.616079834918179,0.023664661864365,0.490563939497149,0.682832724400303,-0.333979422149212,-0.445688830173635,3.44356371978626,0.762407081401742,0.596735206787962,2.38283553731455,-0.343626531286471,-0.595615855137194,-1.13830693525114,0.415157172784282,0.600118860823686,0.530311644335899,-0.355303606889044,-1.23321624918318,0.252266133973507,-0.0734685214771128,0.56816095888643,-0.669300457399169,-1.26292488459756,-0.822944761547652,0.613386813521254,1.06259659023327,-0.9955116260173,1.72139727595486,-0.229186616524135,-0.34476848053886,-0.399439552161281,-0.869747200724323,0.274003127169785
comm.and.crime_point_0846,comm.and.crime,regression,0.5,0.0076809302077509,anomaly,-1.38334975138032,-0.171897892729153,0.806954409675075,1.81169517951007,-0.472016707391195,-1.81821526598842,1.65800058411544,3.42368436159763,0.423866989262996,0.739278395960782,0.322731168685307,-1.02220602282232,0.825908010222217,0.682832724400303,-0.196421853214959,0.556798205719072,0.188284489002777,-1.09892968355255,-0.697698254915155,1.13543421017129,-0.174546969317801,-0.482591549127137,-0.733880170107544,-0.36428070280995,0.0518767270846419,-0.0212745163166381,-0.165584803405107,-0.798985963523397,0.738571636676679,0.468218969810561,2.31624292339641,1.36621788797293,-0.82065323407455,1.86213095290244,-0.00616663970913513,-0.970344763376429,-1.08628803474409,0.0943903614790845,-1.13445162766544,0.0479899816524777,0.316618163030779,0.756022567213671,0.412442564454086,2.47261506912668,-0.252097771813259,-0.390868007842976,-0.384147898291766,-0.171709938179167,0.228635869181726,-0.209368692507428,0.494208322757484,0.652348567438131,1.83439379068157,-0.0466050641145143,0.281514065900134,0.550490584094985,0.575070517590943,1.64821840453306,2.10666160893385,2.38754824554141,2.32993740111696,-2.71479413782501,3.86595790483965,3.26805308394478,3.18868285283286,1.99289873405796,1.3650345617856,2.40834926995731,-1.484611623771,3.87573774072154,0.955401141474902,-1.23321624918318,-0.111756872588377,0.826966057285032,-1.1807845918921,-0.571834669143156,-1.49924105847212,0.670299999286939,-0.100797767182985,0.857707819446286,0.692040522452799,0.632755165319001,0.472081177754975,0.746028405238823,0.561657905669569,0.592204999179243,0.449370845344417,0.648228546406218,1.06926778297327,-1.31788698109049,0.102933683049804,1.76515386686595,2.48534588450353,-0.630806040272269,-0.910109562980505,0.217312098953267,0.194078202433754,-0.139144981884744,1.2661584286841,-0.138329585106176,3.18708996766172,-0.229179716068034,0.584266192935153,0.0977671503200851,-0.957260530086126,0.465867519057289,0.511849510519854,-0.152304562810898,-0.115382978305131,0.331061606670478,0.30420847476134,-1.34276811316667,0.0352672065190975,0.192718347798946,-0.220480633356821,2.89103910980105,-1.16384090018251,0.239118965937142,-0.681631226510723,-0.885696359334983,-0.362109156720205,1.98040716487244,-0.413219819433159,1.23122920585733,-0.910812056434499,-0.878848277811454,-0.435042880192443,1.43031461963852,0.826966057285032,0.914414288271889,0.461126610555507,0.464234903258489,-0.978565285147405,1.08931211503494,-0.264029226104202,-0.282217262099776,-1.12021394047183,0.640404199215584,-0.334821036824805,0.323129018580554,-1.56531543697313,-0.500074299075133,-0.307289207713733,0.288567385435518,-1.15847835603325,1.16017042020929,0.179391205812885,0.252720923722782,0.478394765362422,0.351977477180183,-0.286904425214791,0.5119120161247,-1.00666471466318,-1.18906929810375,1.09320738256394,-0.419922423015838,-0.347238971384223,-0.548685356986693,0.63909628175923,-0.0132359495005283,-0.888608530066145,-0.0713724957371486,-0.594936053016721,0.655028649219603,-0.708705024057152,-0.468978398668724,-1.78740340130023,0.428494422483792,-0.199361816374992,-0.114546206205749,-0.121200695287352,-0.230075729421995,-0.739281849167541,-0.361398252209622,-0.123475027790339,-0.514522113788516,-0.640100742275393,0.119834542632727,-0.888160673235742,0.136833510943376,0.82897837806628,-0.217427187171022,-1.57110082901876,0.260026209173202,1.86213095290244,-0.241958561604024,0.412240099369111,-0.363236207687417,0.655682867779868,1.62551306231752,-0.231370130585801,-0.973391570411965,-0.590710800538598,0.682832724400303,-1.13966992969373,-0.822944761547652,1.72833345834783,-1.56531543697313,-0.333979422149212,-0.343942476362171,-0.189129511616007,-0.483059080444962,-0.438232993123054,2.49515054443929,1.13778388795787,-0.056684368540964,-0.58347083930006,0.550209117294346,2.68450648342911,-0.375210946038594,-0.167826657395328,0.726172755495118,1.82534651907673,-0.854781757879046,-1.38334975138032,2.48723954272842,-0.860757404278554,0.38013178751153,-1.70972241982659,-0.370281702344836,0.626603400623183,1.31821468747653,1.4507718496744,0.916851781746651,-0.245569541147772,-0.91323565124325,-0.129514033521907
comm.and.crime_point_0077,comm.and.crime,regression,0.12,0.355260727449297,nominal,0.690130378278102,-1.56383453476745,-0.296225771543798,-0.326143729202842,0.119834542632727,-0.138158631432351,-0.209122814638054,-0.40441055463925,0.230562702477051,-0.0965886105387498,-0.157736176426034,-0.240892786420384,-0.187688592418646,0.682832724400303,-0.626298265141257,-0.0445811444996654,-0.644609626645943,-0.53735464792882,-0.179320641157294,-0.215085234929352,1.91421040185664,-0.785229419645906,-0.786206461289495,-0.792536710712104,-0.822282657197971,-0.385406580997984,-0.728501275489362,-0.471261468611373,-0.199361816374992,0.380681711753999,-0.636519031129619,0.0329370249239415,-1.05966681036934,0.72448175801232,-0.178544390830854,-0.476239332141566,-1.14328207082565,0.597099711877842,-1.02709316224863,0.815279974671134,-0.880390590919278,1.09854742782428,1.01154953192004,-0.308861968134177,-0.40063011407534,-0.4393285442876,-0.521291173988909,-0.223927357231975,0.169327956712836,0.589529123243989,-0.149937701058835,0.260952512767785,-0.34476848053886,-0.913834660893733,-1.09338731710165,-1.13687082468084,-1.01491959621532,-0.684350728885536,-0.686008264773091,-0.653776320283739,-0.65103955906403,0.591078001573987,-0.412290020458506,-0.394815653267903,-0.324530007231007,-0.0713724957371486,-0.661256593696907,0.876396781320006,0.0882970371329595,-0.0298337623069365,-0.203964654594325,0.726172755495118,0.0211648118382402,-1.80157323850618,0.385056113761999,3.65280092285772,1.56977547151032,0.111080258000336,0.105093185247738,1.10007919748266,-0.912061542959443,-0.922036947615181,-0.973175788922662,-0.758604743830171,-0.824058881310911,-0.817460640601083,-0.722114179256525,0.353242987609834,-1.44042787894386,-0.850581459313604,-0.286904425214791,-0.226875569169311,-0.586463083611209,0.201187390066993,0.633849512110727,0.965361918229619,0.648116453102006,-0.413219819433159,0.133665832754111,-0.618564013678328,-0.391348688885798,-0.366110705033174,0.584266192935153,0.255364319065638,0.0814626478570313,-0.660982817851633,0.223861947321042,0.988978031119698,0.343388026162328,0.925001184677206,0.589529123243989,0.43905062085352,-0.970100277440667,-0.248412816512834,-0.091611108832858,-1.09730438021327,-1.11162348112971,-1.02085498162309,1.15986915838501,1.88716789335104,0.823029388212234,-0.391348688885798,-0.413219819433159,1.32258748504014,-0.532850506793854,1.06464186335627,-1.2670363105317,2.1772848744993,-1.13155341801038,2.08242296123273,0.221751815843521,-0.0819631937635291,-0.65635599605476,-0.171235730638567,-1.23504806525446,-1.02301435554381,0.494832130186732,-0.875744470993553,1.65641544890192,0.682832724400303,0.682832724400303,0.322022122016284,0.577398462198459,-0.15468380482628,0.972629611637952,-0.209368692507428,0.0838245308487138,-0.342818397021626,-0.869747200724323,0.997145074653291,1.07752895371129,0.621153514428708,2.09819134262743,-0.319107477609904,0.0901624214025735,-0.210617258288034,2.23002808273785,3.1028076820837,-0.103565429551178,-0.10077320755709,-0.669765384924741,-0.248310029719587,-0.800827005447445,-1.55874614153275,-1.06268769461281,0.633849512110727,-1.15535164718726,-0.425870058168848,2.69259966386766,-0.597659300581394,-0.121200695287352,-0.115382978305131,3.26165559857376,-0.576459764357761,2.83971334598581,-1.14142236866316,0.108666922041517,-0.550930207394384,-0.760637999705362,-0.127296228476849,-1.02301435554381,-0.0598300184254683,-0.472248714197789,0.981586015860986,-0.709945487718708,-0.241958561604024,-0.118733906464382,-0.410865128456057,-0.569295082344151,-0.267933252874971,2.21858576966224,-0.483983670212399,-0.236728129982936,0.682832724400303,0.108891065540274,-0.956619933665339,-0.351119333321313,0.682832724400303,-0.0579168405136468,-0.29306929945644,1.16257029541739,0.228635869181726,-0.438232993123054,1.03505545181761,-0.499564470154296,-0.00769059703221596,-0.381712258954214,-0.935362272316362,-0.938357717766034,0.530311644335899,1.0039042769404,2.68556176017342,-0.219657981557459,-1.80351925922425,0.324222120103087,-0.35364645738641,1.0998090622766,1.36041638304123,0.234103673382831,-0.01206212920031,-0.890859043653398,0.396654485240329,0.90725587531605,-0.34476848053886,-0.0404095264630932,2.18096542220705e-05,-0.58347083930006
comm.and.crime_point_0369,comm.and.crime,regression,0.09,0.145784568384369,nominal,1.17800805584479,-1.21585037425788,0.0977671503200851,0.712235169314856,-0.235276207381626,-0.0562046492588845,1.17925099469147,0.0687247720866572,3.71003986462407,3.52550175095922,3.98629467515928,-2.13836778911079,0.124187285317004,0.682832724400303,-1.48605108899385,1.70488605613666,2.39300420689645,0.192692898382022,-2.42562363410802,-1.11543153166311,-2.38266190455935,-0.533031194213599,-1.1001642083812,-1.16726071762649,-0.705728072626956,-0.324717903551093,-0.728501275489362,-1.12671045843542,0.66041051558904,3.05056808247913,-1.10521140486391,-1.49786692894712,2.90795855612418,-0.0174633690899362,-1.61502565017851,-1.71150291022872,3.18826467137296,-1.11211207947793,1.01271768067076,-2.25387999740349,3.22363942262377,-2.26961370151338,-2.36523519379716,-0.502918505617492,0.589585501005203,0.578342721049512,0.392997330658716,-0.11949251912636,-0.245827430569399,-0.209368692507428,-0.241958561604024,-0.0434666408647052,-0.000690227188266011,2.69201471518828,2.69944408428258,2.53562165324301,2.1650606313972,1.6906287524134,1.42965073045944,1.20481091438719,0.92461969131735,-0.0260181311138255,-0.366776744657462,-0.59830836089083,-0.901326148435522,-1.01503934364349,0.478532181262003,-0.655555707317298,-2.55013039406079,0.446455445379464,1.76695719872336,-1.23321624918318,0.154086496264857,-0.66769354228252,-2.80061980463773,-0.617754621230122,0.82897837806628,1.27253664374943,-0.389045100585998,-0.838891826808356,-0.421919245194591,-0.446961579774181,-0.420577536957683,-0.302655304718355,-0.394008843972142,-0.495251351508437,-0.440957773352299,3.0081130167773,0.00131218215747174,-0.850581459313604,-0.286904425214791,-0.226875569169311,0.235570302222313,-0.239279720112616,-2.95034119792249,-3.12397709381444,-0.562652215346664,0.134929855663671,-0.407961060951538,0.254589492816494,-0.391348688885798,-0.457398031009934,-0.878308515045191,-0.375024355916575,-1.10564955550658,0.999638731277305,1.03022712427771,-2.03542084279638,-0.34476848053886,-1.23477909898362,0.24714434506481,0.385056113761999,0.458579831344262,1.79181881842915,-0.478219682404748,0.182904641272807,1.13372553814103,0.966027012606508,-1.31161820029084,-0.649707912297875,-0.954678429186424,-0.391348688885798,-0.230503261067549,-0.413219819433159,-0.748828535159937,-0.922036947615181,0.690595290266559,-0.86805539531773,0.775426071093047,-0.938289124010825,0.269626774785918,-0.203340548657311,-1.09939376855715,1.58256996768979,-0.870916000573111,0.564407987550553,0.837417660326429,0.517473225955383,0.091872495830922,0.682832724400303,-1.56531543697313,-0.390461442929611,-0.0123933177430025,0.921783371523802,0.569447023159616,-0.437625211293547,-0.250658831525885,-0.789472887579932,-0.739281849167541,0.848260244467189,-0.286904425214791,-0.525882217763377,-0.257216700834412,0.0902863202695546,0.424510741789694,-0.629227587743642,-0.722114179256525,-1.05076564985887,-0.94524870236964,-0.144541836585371,0.0305326795277526,-2.72543550547372,0.887478804484488,0.49304512794504,0.412240099369111,-0.413837003129751,0.913181366273366,0.428494422483792,-0.199361816374992,1.01271768067076,-0.199361816374992,-0.34476848053886,-0.43486269553505,-0.576459764357761,1.09354876858201,0.739278395960782,-0.0641256158777693,-0.708757207400764,-0.845653115392282,-1.07816329038966,-1.39341290226583,0.0977671503200851,-1.15249049956315,0.775426071093047,0.922333791906255,-0.241958561604024,-0.472716577020044,0.589342207685384,-0.358091987495182,0.550854342883945,-0.696016939253532,1.13106240044617,1.41519099927682,-1.56531543697313,-0.857736801737663,-0.912061542959443,0.688607062513258,-1.56531543697313,-0.241958561604024,1.94535048439576,-0.358091987495182,-1.66921732982277,-0.050119918156423,-0.200409626554585,-0.343626531286471,0.237278260511525,-0.129514033521907,-0.665258383296233,-1.43464048505304,-0.932455617038282,-1.10521140486391,0.726172755495118,0.462010185320604,-0.854781757879046,-1.38334975138032,-0.590386957395979,3.06037552883175,-0.822944761547652,-0.998566532067046,0.0391120955346223,0.521950818259281,1.31821468747653,-0.624470961512025,-0.115382978305131,0.113460484550416,1.91351363248702,0.425322062429169
comm.and.crime_point_1704,comm.and.crime,regression,0.52,0.0182865525865415,anomaly,1.17800805584479,1.22003874930914,-0.296225771543798,-0.26506261752533,1.8559315427029,-1.20356039968742,-0.44849760935004,-0.447422857068877,0.0372584156911057,-0.444866529913555,-0.397969848981704,0.428804273352702,-0.499564470154296,-1.56531543697313,-0.8651184939892,-1.08332729487748,-0.056684368540964,-0.649669655053565,0.857434586358428,0.775295691477787,0.839992325252642,-0.886108709818829,-0.786206461289495,-0.471344704785489,-0.705728072626956,0.282168870917816,-0.984372399164023,-0.416640719459369,-0.121200695287352,1.2998229213479,0.160258004218676,0.576125524684642,-0.438231512002885,0.872870783432771,-1.44264789905679,0.759024245945591,0.395556903376489,0.345745036678463,-0.329263137039369,1.08931211503494,-0.823390174064514,0.756022567213671,0.902620992380776,-0.050119918156423,-1.04427026387769,-1.11777605451234,-1.25272197770701,-0.850536385865668,-0.838906555258306,-1.52184367552761,-0.149937701058835,0.869790820032767,-0.34476848053886,0.501118891746045,0.091872495830922,-0.193933566835524,-0.296859544818942,-0.59953003312486,-0.64369508486844,-0.653776320283739,-0.65103955906403,0.502921411190013,-0.321263468856418,-0.140449768739244,-0.0623499430471371,-0.0713724957371486,-0.407970199261594,0.453789198247646,-0.266875886296968,0.113052999998984,-0.203964654594325,0.726172755495118,-0.111756872588377,-1.49233332135427,-0.154888957153209,3.65280092285772,1.1993769247883,-0.319088773758589,0.763944233026054,-0.69346899998653,-0.956619933665339,-0.965225617418908,-0.888160673235742,-1.16895923903081,-0.967408893757168,-1.01884144628399,-0.956411184176713,-0.295725241742213,-1.38703009890307,0.291720927252114,-0.189444898148642,-0.226875569169311,-0.759522743786688,0.25012818008695,0.6889909076497,0.865621942326106,0.849911231176784,-0.0477867027019386,-0.8018715291011,-0.70587936432781,-0.391348688885798,-0.959478323882113,-0.0609873547032339,-0.296225771543798,-0.462630445351289,-2.97399140413837,-0.58250322963563,-0.780009989472726,1.7197010395647,0.223072592487436,2.18732475474682,0.115083578304395,0.670236143756844,0.523566721032782,0.230562702477051,2.94027791831975,0.35046425234891,1.40217184060813,1.20832969482963,-1.65265881220558,0.477363979273606,-0.391348688885798,-0.321861540250354,-0.413219819433159,2.05888583359914,0.33043447669291,-2.97996396123019,0.85572211589946,-0.203833666554659,-1.38132689651321,-0.304872732522849,-0.203340548657311,-0.736908318327921,1.19892497118046,-0.264029226104202,-0.493873574512357,0.543772920206689,-2.02310022142209,-1.66231202730929,-1.56531543697313,0.682832724400303,1.08931211503494,0.341481750221874,-1.04118618534988,-0.00652810323800724,-1.06533063795537,0.752791255597911,-1.18649910140954,-0.869747200724323,-0.243561843564225,-0.286904425214791,0.23880827036468,-0.257216700834412,1.31846771390793,-0.8651184939892,0.417298235895379,-1.1907081890969,-1.37027129077753,0.787628624021312,0.818368002036808,3.05056808247913,1.04923188615163,-0.265510529127564,0.331061606670478,2.06415922862887,-0.248412816512834,-0.350922141952573,-1.65401899910702,-0.121200695287352,1.76422693858843,-0.433845179637909,-0.230075729421995,-0.608816497610759,3.6817581761754,2.15183033064492,-0.0965886105387498,-1.33127089395254,-0.472016707391195,-0.803145557548822,-0.708381655201343,-0.282217262099776,-0.453822940289352,-0.890859043653398,-1.3892533489703,0.922333791906255,1.32239606766418,-1.3576732534092,-0.744267573836537,-0.569295082344151,-1.24024352283868,-0.569295082344151,-1.21809552051175,0.589231434646941,0.682832724400303,-0.69663215719134,-0.110010510253322,1.23322565080756,0.525462353104163,-0.333979422149212,-0.700054714702294,3.44356371978626,0.406559606588398,0.0145655943380156,0.866582941130492,-0.187688592418646,-0.889578484189684,0.324442772256246,-0.215085234929352,-0.442074950479027,0.251689308836056,3.20675843349157,-1.23321624918318,-0.848890135598748,0.26138000840943,0.629145668582266,-0.590386957395979,1.25062186739623,-0.778386370841756,-1.28302888717086,-0.984372399164023,0.521950818259281,0.627044535799378,0.660203159698619,-0.230075729421995,0.164750488221586,-0.869747200724323,-0.785229419645906
comm.and.crime_point_0873,comm.and.crime,regression,0.13,0.133489591807992,nominal,1.17800805584479,-0.171897892729153,-0.375024355916575,1.13980295105744,-0.669300457399169,0.886266145735984,-0.544247527234835,-0.40441055463925,-0.156045871094839,-0.723488865413399,-0.818378775954126,-1.74771117090983,-0.343626531286471,0.682832724400303,1.71413997756859,1.81422775617643,3.02992323651017,0.473480416193885,-2.02244104562969,-1.20546616133649,-1.54715895608958,1.28279602889901,0.888234856532939,0.706359316945435,1.97502737250639,0.221480193470925,0.0391120955346223,1.60432699916478,-0.433845179637909,-1.10745167520755,-0.964603692743623,-1.1522015200085,0.565625508435234,-1.20457557245354,1.48777387001243,-0.229186616524135,-1.08628803474409,-1.01157020939818,0.529604586295112,-1.21255786402103,-1.50739517632169,-1.35621407321842,-1.33041406817415,0.467364181799085,1.62931189683977,1.45063237705275,1.30728583530634,1.76033456677472,0.228635869181726,-0.494689340990077,-0.333979422149212,-1.04370100280003,-0.34476848053886,-1.46155861675429,-1.61490163479198,-1.38501220832434,-1.16878960722883,-0.769171424646212,-0.770634624582392,-0.696016939253532,-0.693624944209472,0.679234591957959,-0.548829847861638,-0.700054714702294,-0.429402032904556,1.34412777612236,1.04842656874146,1.35183031227641,1.61046670897551,-0.601380811530617,-2.23285479771547,0.726172755495118,-0.444061083654919,0.156946236789233,1.78891329814154,-0.342234908708326,0.670236143756844,1.83175638503604,-0.800827005447445,-1.08126320484473,-0.154568900959218,0.0281137880668194,0.132020715007295,0.335673910038188,0.131607868330799,0.229719548950016,0.449370845344417,-0.0597367947051054,0.642085542646951,-0.383275937536719,-0.286904425214791,-0.226875569169311,-0.672992913698949,-0.483983670212399,-1.40638212283126,-0.829957648033625,-0.915793076977527,-0.139144981884744,-0.851110337619796,-0.662221689003069,-0.391348688885798,-1.18769663882401,-0.878308515045191,-0.217427187171022,2.0105199783229,-0.720290730320524,1.14542214955724,0.532464993547459,-0.230075729421995,-0.856817549342979,0.703657382637049,0.43905062085352,0.0352672065190975,0.578708116571755,-0.0271763465708762,-0.112528209839365,0.872638442876987,1.11140862194038,0.287579502381766,-1.71165592396486,-0.954678429186424,-0.391348688885798,1.68802060177136,-0.139144981884744,0.655028649219603,-0.835659608007726,-0.728687620312182,-2.18961815391758,0.260026209173202,-1.30077457424005,-0.544247527234835,0.100102838577144,0.471376515769501,1.47295711154427,-0.324717903551093,-0.599701730718649,0.886358450346385,0.886266145735984,-1.23561849465356,-1.56531543697313,0.682832724400303,-1.37697714823931,-1.36891441160836,-0.597934995088079,-0.121723128517532,0.0759519559752211,-0.776275543828826,1.04677335138199,2.08746743456273,0.94751679792459,-0.286904425214791,0.0749460229086676,0.759891317933204,0.65320279235381,-0.0531297159061927,-0.419922423015838,0.121355038456154,0.683693543699564,1.77784423910186,-0.888608530066145,2.52534453413976,1.5210653101048,0.969835185456777,-0.20888346424473,0.648228546406218,1.24040486303943,0.740803615151647,0.481892202524582,0.347766031238483,0.690642284420326,0.738571636676679,-0.230075729421995,-0.608816497610759,0.0687247720866572,-1.816725527091,-0.166244194413711,0.799837073718665,-0.708757207400764,0.897156756189573,-1.07816329038966,-0.970100277440667,-0.296225771543798,1.83010809780806,-0.513073583706566,-0.907797521612643,-0.241958561604024,0.943214105202603,-0.696638653067897,-0.653776320283739,-0.01206212920031,-0.189129511616007,-2.34373369097075,0.412240099369111,0.682832724400303,-1.05911760742057,-0.689269589429965,-2.77714759026865,-1.56531543697313,-0.149937701058835,-0.649181537796562,2.68323257832997,-0.30513534303829,0.920162769260154,0.866582941130492,0.124187285317004,-0.15467191155846,-0.381712258954214,-0.170067920092664,-0.938357717766034,1.29652306696047,-1.33955759173106,-1.23321624918318,-0.429402032904556,-0.519933227992503,1.17800805584479,-0.669300457399169,-1.11211207947793,-0.421919245194591,0.281514065900134,-0.728501275489362,-0.629227587743642,0.569447023159616,-0.723292047758998,-0.34476848053886,2.42151064975305,-1.0002125522811,1.28279602889901
comm.and.crime_point_0056,comm.and.crime,regression,0.28,0.247251538095296,anomaly,1.17800805584479,-1.56383453476745,-0.375024355916575,0.10142405253974,-0.314189707384816,0.189657297261516,-0.44849760935004,0.369810889094052,0.0372584156911057,-0.235899778288672,-0.217794594564951,0.596228538295973,-0.499564470154296,-1.56531543697313,-1.10393872283714,-1.13799814489737,0.139290717494029,-1.09892968355255,1.14542214955724,0.955364950824539,0.0641681588164208,-1.23918622542406,-1.15249049956315,-1.27432471960203,-0.764005364912463,-0.446095258444874,1.06259659023327,-0.908227461827405,-0.199361816374992,1.34359155037618,1.0039042769404,1.36621788797293,-0.964061379851424,1.41696387664109,-1.5001071494307,1.15430859093348,-0.3453655656838,1.25062186739623,-0.866055464123419,1.69218282383531,-1.10839225833834,0.756022567213671,1.17494234122894,-0.050119918156423,-0.202586991059232,-0.536249617176849,-0.612720024453672,-0.0672751000735523,-1.43198567994721,-1.00826650825885,-0.241958561604024,-0.13044354190256,-0.34476848053886,-0.320467042044794,-0.145179466755593,-0.193933566835524,0.421200506577434,-0.472298989483845,-0.389816005440537,-0.400332606464976,-0.310356477900488,0.106216754462134,-0.275750193055373,0.215662469600878,0.147394108299959,-0.0713724957371486,-0.724578192305735,0.982048677088096,-0.114658919112713,0.351197603842184,0.0858767944229815,0.726172755495118,-0.244678557014993,-1.3892533489703,0.223072592487436,1.03536365390065,1.56977547151032,-0.0609873547032339,2.78167556684714,0.615336441409908,-1.09029510578303,-1.00841428722264,-0.930668231079202,-1.12336429511962,-1.15854224368551,-1.05911760742057,-1.00327058516075,-0.000739682945828393,-0.0520855978833183,0.862872120534973,-0.286904425214791,-0.226875569169311,-0.413403423435731,0.690595290266559,-0.193271420973861,0.167442111001511,0.79946253665809,-0.0477867027019386,-0.851110337619796,-0.531248663028845,-0.391348688885798,0.0446822618622457,0.283147870703906,-0.0598300184254683,-0.116389386036903,-1.25406194254054,0.627044535799378,1.38842693899541,-0.34476848053886,0.00709456412135369,-0.951202378562316,0.547039635036561,0.82897837806628,-0.138130025434889,-1.12256730502457,-0.407961060951538,-3.04366798608359,-0.4393285442876,-2.18390785629408,0.943214105202603,0.971171706328788,1.77235840577084,-0.504578098615964,-0.230503261067549,-1.66673515571579,-0.0150748817369079,0.152246600047036,-0.0636258900830415,1.29082593301289,-1.05911760742057,-0.639997445119629,-0.0819631937635291,-0.414699029235275,0.0479899816524777,-0.688849968232438,-0.70552988692494,0.984240030386299,-0.424997569039485,-0.998566532067046,0.660351242786569,-1.56531543697313,0.979699258889417,2.22881544603455,-1.42111577700285,0.742239561078903,0.931913901423168,1.51732465531128,-0.293190120292925,1.0872330726274,-0.789472887579932,-0.286904425214791,2.64212123305286,0.0639753050922037,-0.114410578670175,0.663330970637638,0.312645653531477,-0.394098372368261,0.683693543699564,0.243010035727013,0.336913082725718,-0.976145788122707,1.10821106414577,-0.471401481558287,1.41095174850089,-1.65265881220558,-0.910109562980505,0.22367036178649,0.535289982565372,-0.121200695287352,-0.00718774078893893,-0.043039574199713,-0.34476848053886,3.0007248954602,0.756921610960703,-1.34049882416269,3.52550175095922,-0.697698254915155,0.0409210426295376,-0.675622884018443,-0.549903811549208,0.987720612375717,-0.296225771543798,-0.419922423015838,-0.306913638938628,1.61481591053503,0.402187462212296,-0.531713688779321,-0.125091603844216,0.402239153961105,-0.216759028140039,-0.569295082344151,0.445891340166776,0.943214105202603,-1.56531543697313,-0.173042062415791,0.0682230525702607,-0.450140894829368,-1.56531543697313,-0.333979422149212,-1.10704012994815,-0.44257322543477,2.06718115571734,-1.92599978049514,0.866582941130492,0.280125224184829,-0.252659454575957,3.14906289709809,0.100035968927465,-0.144305290106824,-0.653833281538438,-0.730257505876477,0.726172755495118,-0.691582097088426,-1.18963028776559,-0.651533235030286,0.198748042635917,0.697641581957593,-0.956619933665339,-0.0977690742382896,0.44850589341408,-0.9955116260173,-0.812893280194679,0.166097728463756,1.37562278621411,-1.2200796109,2.56584039027093,-1.1887465803376
comm.and.crime_point_1658,comm.and.crime,regression,0.05,0.118163283501877,nominal,0.690130378278102,1.22003874930914,-0.296225771543798,0.528991834282321,-0.669300457399169,0.640404199215584,-0.256997773580451,-0.447422857068877,0.359432227001014,-0.235899778288672,-0.578145103398456,-1.24543837608001,-0.265657561852559,0.660351242786569,0.137926467172162,1.04883585589804,2.19702912086145,0.13653539481965,-1.10088084339349,-1.07041421682643,-0.771334789653356,-0.0286347433489841,-0.367596131833887,-0.471344704785489,-0.880559949483478,-0.264029226104202,-0.319107477609904,0.293429019516684,-0.35568405855027,-0.582228126868179,-0.58964979375619,-0.658393792953314,-0.294823366226011,-0.413167436877806,1.2579368685168,-0.130365530277162,-0.687329782173164,-0.0564224436405426,-0.436621602456179,-0.33565501485685,-1.22239309204787,0.0138853692240173,-0.132200133242237,0.467364181799085,0.787628624021312,0.869105939717259,0.941570433447291,0.715986185718564,0.703099168932851,1.10310629051276,-0.333979422149212,-0.782770299686468,-0.34476848053886,0.364187902780905,0.186693280865528,-0.0946770133781229,-0.55330956317479,-0.557119685244521,-0.60138190496379,-0.611535701313945,-0.65103955906403,0.679234591957959,-0.548829847861638,-0.547435183985099,-0.376966020067782,0.69535681818675,0.541853779870831,0.612267041899781,0.697164905869978,-0.315607286918777,-1.47926703027047,0.726172755495118,-0.37760024144161,0.311566195365187,0.817012170494165,-0.479994764969224,0.723150221859989,1.01443522469408,-0.183154148155274,-1.08126320484473,-0.689269589429965,-0.749282268400272,-0.760637999705362,-0.667414856007808,-0.585142193900484,-0.414699029235275,-0.300379570400185,-0.708705024057152,-0.586063398291218,-0.954427130819579,0.297852737182101,-0.226875569169311,-0.716257828742818,0.201187390066993,-0.303554212051806,-0.730217672130112,0.698565147620701,0.0435715764808665,-0.8018715291011,-0.618564013678328,-0.391348688885798,-1.46155861675429,-0.319088773758589,0.176565734692862,3.14816917321302,0.0507121317750543,-0.812893280194679,-0.152304562810898,-0.230075729421995,-0.424861492610813,-0.209368692507428,-1.01880107061754,0.194009440828534,-0.248412816512834,2.29247509486047,-0.8018715291011,0.768203604771372,0.432961111715639,0.723724330383386,1.4741881110361,0.576125524684642,-0.391348688885798,-0.230503261067549,0.0435715764808665,1.78891329814154,0.675943835122729,-0.532924460232356,0.0512926106647712,-0.719233528474505,0.0283387432671127,2.23250009142421,1.13181035517429,-1.05911760742057,-1.21255786402103,-0.264029226104202,-0.70552988692494,-0.288220510132573,0.845289154649251,-0.192589859272896,-1.56531543697313,0.682832724400303,0.322022122016284,0.40046092821602,-0.471291797870422,1.72139727595486,0.133016085671751,-0.824058881310911,0.897888521195889,-1.04370100280003,-0.888729441037333,-0.286904425214791,-0.307399221155361,-0.792536710712104,-0.523804376549633,-1.00841063129797,-1.1001642083812,-0.628395377288449,-1.18769663882401,-0.00454386804312309,-0.713534013953022,-0.757302642981302,-0.897080987655194,-0.7596488149613,-2.4766527620886,-1.00369058285354,-1.62694770498715,1.02809986702118,0.0547099621982618,0.504088273413761,-1.08077239495704,0.0351215468879261,-0.34476848053886,-0.347885794497196,-0.40441055463925,-1.07592843364696,-0.235899778288672,1.203019662197,-0.35364645738641,-0.590607768331523,-0.391425967897073,1.30520508099459,2.30412751275783,-1.04783791719925,0.105406250597248,-0.413167436877806,-0.333979422149212,-1.88864725924269,-0.744267573836537,-0.062407654706626,-0.830849724959226,0.444479772930899,-0.679746830292226,-0.000739682945828393,-1.56531543697313,0.914414288271889,-0.243685682371009,1.18371487005353,0.682832724400303,-0.241958561604024,-0.343942476362171,0.57120162984028,0.287943781650617,-0.114805430650861,1.65278799100371,1.52762873512743,-0.938572255698432,0.7783995780344,-0.0800332904192877,-0.491703227207728,0.112378141086133,-0.58964979375619,-1.23321624918318,-0.796454122761974,0.484612361667126,1.23899276554062,2.52669629273001,-0.0564224436405426,-0.689269589429965,-0.714104176963228,-0.216759028140039,-0.262943549469985,0.108666922041517,1.7966456515388,-0.230075729421995,-0.296859544818942,0.869790820032767,0.526201352602092
comm.and.crime_point_0074,comm.and.crime,regression,0.02,0.0148251122363841,nominal,-1.20039562229281,-1.56383453476745,-0.296225771543798,0.162505164217251,-0.669300457399169,0.927243136822718,-0.496372568292438,-0.490435159498505,-0.349350157880785,-1.21107795253813,-0.818378775954126,-0.687357492935775,-0.499564470154296,-1.36298210244952,1.76190402333818,1.15817755593781,-0.497628312119698,1.65278799100371,-0.870490792834442,-1.1604488464998,-0.7116560076198,1.63587354450424,1.6731292242622,1.50933933176197,2.32469112621943,1.43525374240874,0.397331668679148,2.20515523983683,-0.433845179637909,-1.06368304617927,-1.15208064223734,-1.30034383812505,1.66508795939127,-0.907797521612643,1.2579368685168,0.0178660990932967,1.02249130027366,-1.01157020939818,1.54951000775481,-0.774106439438939,-0.65238892350022,-0.785339305534071,-0.785771370477824,0.0145655943380156,1.23322565080756,1.30525076771888,1.03299928391205,1.18594295719383,0.58448334399507,0.30420847476134,-0.333979422149212,-0.91323565124325,-0.230075729421995,0.455475228757665,-0.192589859272896,-0.293190120292925,-0.60459956684596,-0.217836902201817,-0.432129185345187,-0.44257322543477,-0.480698018482259,0.635156296765973,-0.548829847861638,-0.59830836089083,-0.429402032904556,0.40046092821602,0.415210582653175,-0.708381655201343,1.61046670897551,-0.744267573836537,-1.18942558125317,0.726172755495118,-0.311139399228302,-0.10075369417069,1.57293526977546,-0.52591471705619,2.73388518977952,0.670299999286939,-1.00671795787817,-1.17821175605928,1.44953316445302,1.49652856139355,1.49226256599801,1.20197784435064,1.23062463041877,1.47828054418402,1.43341826600921,-0.000739682945828393,0.428494422483792,0.18787525574614,-0.286904425214791,-0.226875569169311,-0.413403423435731,0.152246600047036,1.13012207196148,0.915491930277863,0.395872980508533,0.683079530760502,-0.998826763175882,-0.443933312379363,-0.391348688885798,0.181613250827385,1.91779019138782,-0.375024355916575,-0.561556462298257,0.643791256463961,0.68464204843914,-1.29358715674149,-0.34476848053886,-0.802823042251458,1.90200410626417,-0.0468999429701671,-1.23467066795639,-1.02039235405845,-0.607089206928712,0.182904641272807,-0.276144776284783,-0.245486398509103,0.626803257494137,1.35619388751754,-0.115205293192613,-0.391348688885798,2.05345371850258,-0.413219819433159,0.277067099578957,-0.274206900559272,-0.777628410332139,-2.18961815391758,-0.822313500858473,-1.13966992969373,-0.304872732522849,-0.385406580997984,-1.01884144628399,0.815279974671134,-0.203340548657311,-1.02301435554381,-1.02233236043192,0.0667263240013159,0.186693280865528,0.682832724400303,0.682832724400303,-0.00681644642028318,-0.838101809661048,-0.15468380482628,0.281459459960805,-1.35065128643802,-0.585142193900484,0.451234030637584,2.522351939752,-0.442074950479027,0.00547415598365529,0.293429019516684,-1.16726071762649,-0.4726301518147,-0.578534219371668,3.39989683326659,-0.300379570400185,-0.822547334916973,-0.747205579353531,-0.844839901037864,0.249375824669157,-1.13299769963178,0.846300613998343,1.24896822722633,-1.00369058285354,0.90955648980559,-1.09789239681336,-0.906450078535958,-0.121200695287352,-0.382942369747774,-0.121200695287352,-0.230075729421995,-0.0434666408647052,3.6817581761754,2.20474440874806,-0.584177697663477,-0.524905716995868,-0.195819457380031,2.93751953267565,0.0311816151752862,0.776064299963135,0.176565734692862,0.364971944713428,-0.822313500858473,-0.116389386036903,-0.241958561604024,-0.590710800538598,-0.458494049224697,-0.527054463374357,-0.267933252874971,-0.0201670357368324,1.37576635054595,-0.826699247575706,0.682832724400303,-1.13966992969373,-0.154568900959218,-0.846227140861585,-1.56531543697313,-0.333979422149212,-0.242196122550708,-0.738257558223326,1.23687038115287,-0.050119918156423,-0.200409626554585,0.0462183158830917,2.83394815047518,-0.835669064732367,-0.215085234929352,0.94751679792459,-0.166244194413711,-1.29268835435763,0.726172755495118,-0.796454122761974,0.652036626610397,0.629145668582266,-0.629843707397574,1.25062186739623,-1.00117832437123,-1.56749124227468,0.550854342883945,-1.1001642083812,-0.00652810323800724,-0.920934220252943,-0.230075729421995,1.13926055797381,-0.869747200724323,-0.734789774559444
comm.and.crime_point_1064,comm.and.crime,regression,0.09,0.487767167379071,nominal,0.690130378278102,0.176086267780421,-0.375024355916575,-0.387224840880353,-0.51147345739279,-0.220112613605818,-0.544247527234835,-0.490435159498505,-0.091611108832858,-0.235899778288672,-0.277853012703869,0.372996185038278,-0.499564470154296,-1.56531543697313,-0.769590402450023,-0.536618794678632,0.531240889564015,-0.649669655053565,0.108666922041517,-0.215085234929352,-0.651977225586244,-0.734789774559444,-0.681553878925593,-0.739004709724335,-0.589173488055941,-0.264029226104202,-1.13789507336882,-1.23595195673943,-0.277522937462631,0.468218969810561,0.0196502920983885,0.230460115746014,-0.629442373038718,-0.264778411457355,-0.408381392326479,0.264918814710728,-0.0603953852759968,0.245203166598712,-0.543980067872989,0.979699258889417,-1.1653926751931,1.15563490459271,1.12047807145931,-0.373547480628615,-0.153076210305205,-0.0516442527306052,0.164425204496809,-0.798318966812861,-0.601674905382743,-0.837074119169256,-0.333979422149212,-0.652304948129686,-0.34476848053886,2.6463710521999,1.4193634863154,0.699375414281087,0.164750488221586,-0.429888641603507,-0.559068725059139,-0.611535701313945,-0.65103955906403,0.855547772725906,-0.639856399463727,-0.547435183985099,-0.48183804574133,-0.366268385707879,-0.597934995088079,0.0311816151752862,-0.0639199300512947,-0.315607286918777,0.201813374029904,0.726172755495118,-0.37760024144161,-0.10075369417069,0.0610890712128745,-0.204475052447428,1.30520508099459,0.842367611990508,0.887478804484488,1.58482195355542,-0.778386370841756,-0.792470938203999,-0.803145557548822,-0.849794631652535,-0.824058881310911,-0.817460640601083,-0.862692382208638,0.0582574288134486,-0.212278938005688,-0.279430266030745,-0.286904425214791,-0.226875569169311,-0.802787658830557,0.10330581002708,-0.413837003129751,-0.13177781670903,0.345424285989838,-0.413219819433159,-0.506438677988928,-0.70587936432781,-0.391348688885798,-0.0466050641145143,-1.9537310944425,-0.375024355916575,0.229851673277482,0.703099168932851,-0.524905716995868,-0.608817600383137,-0.230075729421995,0.00709456412135369,1.38842693899541,-0.0468999429701671,-0.017646871584048,-0.413837003129751,0.488301751524978,2.94027791831975,0.507116509507333,-3.0077369758527,1.49909291349738,1.4741881110361,-0.115205293192613,-0.391348688885798,-0.0477867027019386,-0.504578098615964,2.00489132650762,-0.878848277811454,-0.728687620312182,1.14301836776899,1.03312600205297,-0.374422868098694,-0.352747691465246,-0.324717903551093,-0.65635599605476,0.267215693943522,-0.203340548657311,-0.758443965028085,-1.07127315045188,0.886266145735984,-0.571872999411319,0.682832724400303,0.682832724400303,-1.54139643245759,-0.0123933177430025,0.60517537847966,-1.15847835603325,0.817785642030109,-0.967408893757168,0.749003691009788,0.391417864324567,-0.491703227207728,-0.286904425214791,0.0749460229086676,0.33163531003105,-0.421455927079768,1.33202761141188,-0.9955116260173,1.15226186010498,0.820624532664704,-0.747205579353531,-0.232079094641932,1.78127784065899,0.577398462198459,1.75222080469353,0.00709456412135369,-1.88864725924269,1.01983928088354,1.54523312038634,0.321698862402212,-0.35568405855027,-0.221904671622559,-0.043039574199713,-0.34476848053886,-0.260908893459341,-0.318385949779994,0.511493909447407,-0.79314444928836,-0.812893280194679,1.77701804269971,-0.633115326174983,-0.655555707317298,0.299837597034825,-0.375024355916575,-0.838532752471447,-3.70855272760961,0.0814626478570313,-0.241958561604024,-0.531713688779321,-0.458494049224697,-0.653776320283739,-0.574978601284565,0.0643142022027552,-0.924450780392009,-0.118733906464382,-1.56531543697313,-1.09939376855715,0.870274085276382,-0.202586991059232,-1.56531543697313,-0.333979422149212,-0.0387034149277808,-0.231370130585801,0.643791256463961,1.63170340669898,0.417322912631512,0.358094193618742,-0.497628312119698,-0.734789774559444,1.94574587723168,-0.987985994494734,-0.0965886105387498,-0.0272189452750407,-1.23321624918318,1.66803848056641,-1.24543837608001,-1.38334975138032,1.65864779269492,1.25062186739623,-0.912061542959443,0.281514065900134,-1.29141774757362,-0.52457500537974,-1.33127089395254,-0.377418245894594,-0.34476848053886,0.421200506577434,-0.826258750205395,0.374882417342708
comm.and.crime_point_0782,comm.and.crime,regression,0.7,0.0110777894697907,anomaly,1.11702334614895,-0.519882053238727,0.0189685659473083,-0.448305952557865,2.36886929272363,-1.53137632838129,-0.592122486177232,-0.576459764357761,0.488301751524978,0.251689308836056,0.382789586824224,0.372996185038278,0.124187285317004,0.682832724400303,-0.960646585528377,-0.536618794678632,-0.15467191155846,-1.04277217999017,0.569447023159616,1.13543421017129,-0.234225751351356,-0.93654835490529,-0.733880170107544,-0.310748701822181,-0.764005364912463,-0.0212745163166381,-0.267933252874971,-0.252778472003357,0.269604910150844,1.08097977620649,0.675819615326396,0.92179093362327,-0.486034227261844,0.32877769022445,-0.523299893074292,0.363739900957701,0.224574795131807,0.647370646917718,-0.436621602456179,0.705667118525611,0.145616912466485,0.870197520750541,0.848156722611144,-0.502918505617492,-1.63839963292602,-1.65084195540321,-1.61843737956606,-1.7382325097634,0.999638731277305,0.817785642030109,0.402187462212296,1.95700208300595,-0.34476848053886,3.1028076820837,2.55721290673067,1.7911975023125,1.39571057632966,-0.557119685244521,-0.60138190496379,-0.653776320283739,-0.693624944209472,0.855547772725906,-0.548829847861638,-0.394815653267903,-0.429402032904556,-0.602185097684464,-0.661256593696907,-0.232948124244939,-0.520570831604059,-0.363236207687417,0.143845084226443,0.726172755495118,0.0211648118382402,-0.0492137079787055,-0.478855999702333,-0.479994764969224,-0.599701730718649,0.197114064352121,0.640409661567619,-0.548046173164703,-0.867503152253548,-0.835659608007726,-0.803145557548822,-1.26014912685317,-1.06297556872134,-1.05911760742057,-0.956411184176713,-0.472716577020044,-0.212278938005688,0.135952419993153,-0.189444898148642,-0.226875569169311,-0.889317488918297,0.984240030386299,-0.303554212051806,0.267182086905024,0.496770369545922,0.500362972394892,-0.654155103545014,-0.31296028640514,-0.391348688885798,0.272900576804145,0.111080258000336,7.42603549698832,0.526629724118384,0.762407081401742,0.511849510519854,1.04604216081623,-0.34476848053886,-0.154888957153209,-2.54899801006515,1.08698470595177,-1.44632698036898,-1.02039235405845,0.488301751524978,0.0351882157167206,0.507116509507333,-0.584710153621474,-0.730091762955347,0.176251652332003,-1.44848615624161,-0.391348688885798,-0.230503261067549,0.409004693212087,-0.100894450061688,-0.61971625898909,0.886358450346385,-0.408381392326479,0.672346098709078,-0.978565285147405,0.700501405267494,-0.688849968232438,-0.857736801737663,0.486441406234567,3.37729142070925,0.511493909447407,-0.239279720112616,0.59942720812885,-0.287410644307502,0.682832724400303,0.682832724400303,-0.554880727147895,-0.484226741696171,-0.218005403435109,0.91503209899819,0.646593252940519,-0.72849220634674,0.848260244467189,1.21769842418418,-0.69021633412253,-0.286904425214791,2.09591374153282,0.813423318920973,-0.523804376549633,-0.912882539758789,0.207993071167575,-1.28442699106498,-0.822547334916973,-1.19280260613978,-1.06368304617927,-1.10745167520755,0.754335996180896,-0.677292433989011,-0.694834028068417,1.23819966399899,0.633849512110727,-0.86805539531773,0.214903302320632,-0.35568405855027,-0.866055464123419,-0.199361816374992,-0.34476848053886,3.13119024701698,-0.18934904249111,0.564407987550553,-0.375210946038594,0.627044535799378,0.869512792663029,0.387066062068055,0.348137302479556,-1.49924105847212,0.491760072183968,2.03941326253586,-0.925393473242442,-0.314241419930838,-0.0579168405136468,-1.12168480637209,-0.696638653067897,-0.189129511616007,0.602028567618877,-0.696016939253532,-0.679746830292226,-1.29867614164992,0.682832724400303,-0.0119374178694681,-0.555594417312278,-0.301608552567286,0.413054945035492,-0.333979422149212,-0.394815653267903,-0.738257558223326,0.999638731277305,-0.826346068089685,0.922740444692865,-0.109719622984733,0.237278260511525,1.63587354450424,0.505191802457658,-1.03761427122343,3.52550175095922,-0.683388268503048,0.726172755495118,-0.586710071414878,-0.0176604331626889,-1.0174414932053,-0.669300457399169,1.3008928024361,-0.822944761547652,0.328924458417437,-0.574978601284565,1.3591714771705,1.26061717483676,-0.476239332141566,-0.230075729421995,0.113460484550416,0.260952512767785,-0.331272613867753
comm.and.crime_point_1920,comm.and.crime,regression,0.27,0.0270550445861782,anomaly,0.446191539494759,1.56802290981872,-0.375024355916575,0.345748499249786,0.435488542645486,-0.302066595779285,-0.544247527234835,0.498847796382936,-0.54265444466673,-0.166244194413711,-0.397969848981704,-0.0176604331626889,-0.343626531286471,0.682832724400303,-0.0531297159061927,-0.372606244618977,-1.42850997078591,-0.481197144366448,0.339056972600567,0.0550186540907768,0.660955979151975,-0.0286347433489841,-0.315269840651936,-0.310748701822181,-0.239509734342896,0.949744322833616,-0.523804376549633,-0.307399221155361,-0.35568405855027,-0.0132359495005283,0.582081140579538,0.625506297390161,-0.58163965777976,0.477166715644901,-0.465840642700386,0.660203159698619,-0.630335746091604,0.194932231558836,-0.651338533289799,-0.171235730638567,0.772621497868896,-0.0432021075444176,-0.132200133242237,0.402678669304647,-0.499651675583395,-0.487789080732225,0.027281928799666,-0.902753804918476,0.0507121317750543,-0.209368692507428,-0.149937701058835,1.47862912729775,-0.230075729421995,-0.548685356986693,0.139282888348225,0.00457954007927846,-0.0916995301342629,-0.345067945842831,-0.0513105662033324,-0.10464827367642,-0.140014937318717,-0.290487902265745,0.08835601335298,0.26653564650661,0.199830121136733,0.223523394233582,0.288567385435518,0.295311354595511,-0.216136897235549,0.0177951584617036,0.0279085046195201,0.726172755495118,-0.37760024144161,0.208486222981217,-0.20888346424473,0.62208408511796,0.987720612375717,-1.78166348173893,0.640409661567619,-1.17821175605928,0.201898224687947,0.0713024578705468,-0.0805170742100041,-0.211465416895992,0.0838245308487138,0.108891065540274,-0.0192231644959594,0.23524876409128,1.22946112309564,1.64171465682978,0.00547415598365529,-0.226875569169311,-0.0672841030847741,0.984240030386299,0.413283929954837,0.167442111001511,0.749013842139396,-0.504578098615964,-0.0140505928019747,0.298247168141235,-0.391348688885798,2.82894570415342,0.842367611990508,-0.296225771543798,-0.413167436877806,0.703099168932851,0.454251997880092,1.33136280929888,2.40785754626589,-0.694834028068417,1.44549106869194,1.19497372013481,-0.017646871584048,-0.193271420973861,1.26151889866876,-0.851110337619796,1.13372553814103,-1.94160517407096,-1.79622356473708,1.35619388751754,-0.609013020247796,-0.391348688885798,0.683079530760502,0.957154368308917,0.655028649219603,-0.922036947615181,-0.875509990372052,-1.15535164718726,0.414646167749156,1.23662357736453,-0.496372568292438,-0.446095258444874,0.471376515769501,0.267215693943522,0.221480193470925,-1.07592843364696,-0.141398140072703,0.968220127909451,-0.856335354515137,0.682832724400303,-1.56531543697313,0.541247834307328,-0.720143453672756,-0.407970199261594,0.108666922041517,-0.0952404331143684,-0.107308819079628,0.0542078168079789,-0.695793398648614,-0.888729441037333,-0.189444898148642,0.0749460229086676,3.27589536435836,-1.59846309598321,-0.721826356680434,-0.105964675924132,0.121355038456154,-0.320467042044794,-0.00454386804312309,-1.06368304617927,1.21228566329134,-0.248310029719587,0.55805328059533,0.43905062085352,-0.531713688779321,0.46842532549381,-0.293462891578667,0.588687762606162,-0.121200695287352,0.851679982545541,-0.121200695287352,-0.34476848053886,-0.91323565124325,2.9075367324421,-0.493873574512357,-2.04694495903766,1.14542214955724,-0.590386957395979,-0.973175788922662,3.14791254033394,-0.176389105893484,-0.453822940289352,-0.629227587743642,-3.70855272760961,-0.0669263775634199,-0.241958561604024,-1.41667036516848,0.113052999998984,-0.400332606464976,0.346157443944216,-0.569295082344151,1.18000319046612,-2.36062415331691,0.0983142024432111,-0.65635599605476,-1.00117832437123,-0.301608552567286,-0.059056168852929,-0.333979422149212,-1.10704012994815,-0.696016939253532,0.228635869181726,0.143936619326893,0.81042543756812,0.124187285317004,-0.301653226084705,-0.129514033521907,-0.935362272316362,-1.33538393159564,-0.444866529913555,0.910165802193541,0.726172755495118,-0.376966020067782,1.93562265784215,0.446191539494759,0.00146429262794278,1.0998090622766,-0.689269589429965,-1.14079770961895,0.960248140763403,1.3591714771705,2.29737240235249,-0.42682878901808,-0.230075729421995,0.472490510248604,-0.0869550913836323,0.223563482083323
comm.and.crime_point_1072,comm.and.crime,regression,0.21,0.156204444578193,anomaly,0.751115087973938,0.176086267780421,0.0189685659473083,-0.448305952557865,-0.669300457399169,0.722358181389051,-0.304872732522849,-0.40441055463925,-0.0271763465708762,0.391000476585978,0.142555914268554,-0.464125139678079,0.0462183158830917,0.682832724400303,-0.912882539758789,0.174102255579875,-0.644609626645943,-0.818142165740683,-0.409710691716343,0.595226432131034,-0.592298443552689,-1.03742764507821,-0.943185334835349,-1.11372871663872,-0.647450780341448,-0.264029226104202,-0.626152826019497,-0.798985963523397,0.113282667975565,0.555756227867123,-0.355303606889044,-0.0164437477815769,-0.964061379851424,0.773944766485803,-0.121085140456948,0.215508271587242,-0.687329782173164,1.35116373747598,-1.40284779120747,1.69218282383531,-0.253386005516867,1.9548595793508,1.88297784823416,-0.373547480628615,-0.747205579353531,-0.584710153621474,-0.384147898291766,-0.432797033443206,-0.720290730320524,-0.494689340990077,-0.149937701058835,-0.0869550913836323,-0.230075729421995,0.227256913815765,0.471155635969346,0.15346437026538,0.267330495563925,-0.472298989483845,-0.432129185345187,-0.527054463374357,-0.480698018482259,0.635156296765973,-0.412290020458506,-0.242196122550708,-0.272093994394233,-0.248310029719587,-0.407970199261594,0.242485406711466,-1.07869971127966,0.208310841536264,0.89743285167144,-1.23321624918318,-0.311139399228302,0.826966057285032,-0.96480656352602,-0.158555100360462,-1.28758474605954,0.584266192935153,0.187449566220028,-0.354149070735601,-0.778386370841756,-0.835659608007726,-0.845653115392282,-0.257060360807173,-0.394008843972142,-0.495251351508437,-0.440957773352299,0.648228546406218,-0.319074498087268,0.291720927252114,0.00547415598365529,-0.127274097367549,-0.629727998655079,-0.630806040272269,-1.35124072729229,-0.231517792612544,-0.360857437271886,-0.230503261067549,0.232143449791502,0.298247168141235,-0.391348688885798,1.64221046645554,-1.22244374045233,0.0977671503200851,-0.0669263775634199,-0.720290730320524,0.223861947321042,0.475400863850929,-0.230075729421995,-1.1807845918921,-2.54899801006515,-0.0468999429701671,-0.335131340202921,1.73667742289018,0.55273651378696,-0.949587954657186,-1.0594060620769,0.869105939717259,1.06294808549576,-0.000739682945828393,0.625506297390161,-0.391348688885798,-0.139144981884744,1.59666232258855,0.817012170494165,-0.317395570362999,-1.41385868059157,0.913181366273366,0.105406250597248,2.32407992805221,-0.304872732522849,-0.203340548657311,-0.0924897401426294,0.705667118525611,0.0394141611302526,1.25229100289144,-1.21809552051175,0.59942720812885,-0.856335354515137,0.682832724400303,0.682832724400303,0.376828550089045,1.87494037806967,-0.281327002043937,-0.467308204356106,-0.0952404331143684,-1.06297556872134,-0.69021633412253,-0.0869550913836323,-1.53389703851044,-0.286904425214791,-0.471261468611373,1.4558073307742,-0.626152826019497,-0.960646585528377,3.39989683326659,2.88605969651438,-0.183536053079654,0.886650185529367,1.2998229213479,-1.06368304617927,0.518419284204312,1.46397347129051,-0.370866985519292,-1.00369058285354,-0.0278472343569434,-1.09789239681336,-1.44042787894386,-0.277522937462631,-0.705017765998204,-0.043039574199713,-0.34476848053886,-0.43486269553505,-0.490435159498505,-0.176389105893484,-0.0965886105387498,-0.0641256158777693,-0.669300457399169,-0.888160673235742,1.24617841650832,-1.76381144898785,-0.375024355916575,-0.00131209356022966,0.569266126325109,-0.413167436877806,-0.241958561604024,1.06120832872116,-0.649009732299257,-0.484813844404564,2.44430065807644,-0.611535701313945,-1.36491789057162,0.589231434646941,0.660351242786569,-0.173042062415791,-0.689269589429965,-0.00454386804312309,0.435536426649226,0.12612488057673,-0.191322945644976,-0.315851368525389,2.9567998427507,0.0145655943380156,-1.37971720136441,-0.499564470154296,-0.105678140049712,-0.633910484386522,1.00038226566123,-1.68278186869654,-0.235899778288672,1.56633512542155,0.726172755495118,-0.167221968720685,-0.966397934507894,-0.224640267159436,-0.51147345739279,-1.41373768971719,-0.733827980135861,0.897849168625072,-1.34259197230855,-1.04783791719925,1.49100722539581,-1.41503965148781,0.343388026162328,0.780230532275621,-0.91323565124325,0.0218049017374774
comm.and.crime_point_1118,comm.and.crime,regression,0.17,0.281580565822103,anomaly,0.324222120103087,0.176086267780421,-0.296225771543798,0.0403429408622278,0.00146429262794278,0.189657297261516,-0.0176229788684652,-0.40441055463925,0.0372584156911057,-0.166244194413711,-0.277853012703869,-0.743165581250199,-0.343626531286471,-0.216426540149069,0.328982650250517,0.939494155858268,-0.350646997593453,-0.649669655053565,-0.755295767554917,-0.935362272316362,-0.950371135754022,0.223563482083323,0.103340488803673,0.0104433041044344,0.226708603941165,0.100102838577144,-0.0632363539352424,0.5119120161247,-0.35568405855027,-0.844839901037864,-0.495911319009332,0.0329370249239415,-0.677245088297676,-0.561556462298257,1.2004776181429,-1.61268182398175,-1.14328207082565,-0.5591317940393,-0.543980067872989,0.376828550089045,-0.0823847549525736,0.527672660139931,0.466906834223718,0.402678669304647,0.342031597235068,0.287579502381766,0.53014060635586,0.454899090454526,0.821714993870633,0.760721512333579,-0.241958561604024,-0.304397343978269,-0.230075729421995,-0.639972682963453,-0.571872999411319,-0.69021633412253,-0.45072955583245,-0.557119685244521,-0.516755545154489,-0.569295082344151,-0.523283403627701,0.370686525614054,-0.366776744657462,-0.0895765918335127,-0.0623499430471371,0.282502572227728,0.0986025896090331,0.136833510943376,1.45824974179125,-0.410865128456057,0.0279085046195201,0.726172755495118,-0.178217714801685,-0.564613569898551,1.57293526977546,0.438404276770096,0.934806534272571,1.01443522469408,-0.718470624475156,-0.741943275593805,-0.110010510253322,-0.101452221344363,-0.0805170742100041,0.609243573505277,0.561657905669569,0.551928838042662,0.543089647312493,-0.000739682945828393,0.588687762606162,2.00517450710069,-0.286904425214791,-0.226875569169311,-0.456668338479601,0.152246600047036,0.6889909076497,0.815751954374349,0.849911231176784,1.13987092667453,-0.998826763175882,-0.269302611080399,-0.391348688885798,1.5052794774904,-0.792274708693406,0.570558656556745,-0.413167436877806,-1.13544611760276,0.627044535799378,-1.6930360646172,-0.34476848053886,0.655028649219603,1.10310629051276,0.925001184677206,0.194009440828534,0.192718347798946,0.166127940215069,-0.900349146138491,-1.7382325097634,0.0937373566032682,0.869105939717259,-0.94469347109426,-0.115205293192613,-0.391348688885798,-0.595936377798769,-0.0477867027019386,0.00709456412135369,-0.0150748817369079,1.22894398048608,0.453507363282115,1.18774596062892,-0.454975190371856,-0.496372568292438,-0.567472613338656,-1.13966992969373,0.815279974671134,-0.870916000573111,-0.017646871584048,-2.78420080115036,0.271611279434983,1.4193634863154,0.682832724400303,0.188240128898148,-0.609687155220656,-0.307289207713733,-0.597934995088079,0.223861947321042,0.24714434506481,0.991707943008339,0.252720923722782,-0.347885794497196,-1.08724254795214,-0.286904425214791,-0.635123716067385,-0.953132713675412,-0.0632363539352424,-0.769590402450023,-0.158290967106083,2.88605969651438,0.683693543699564,0.29252081648104,-0.407153610755056,-1.23875756229239,1.10821106414577,0.310984137678462,-1.28877360607514,-1.00369058285354,0.303001138876892,-0.753136894569917,-0.212278938005688,-0.35568405855027,-0.705017765998204,0.0351215468879261,0.228695275045463,-0.521839596572905,-0.576459764357761,-0.282217262099776,-0.514522113788516,0.281459459960805,-0.669300457399169,-0.0380095163665442,1.24617841650832,1.72851770581975,-0.296225771543798,-0.262943549469985,0.311566195365187,-0.462630445351289,0.494208322757484,-1.88864725924269,3.30419069149786,-0.569295082344151,0.909073916028471,-0.738257558223326,0.886358450346385,0.353242987609834,-1.56531543697313,1.63938518873034,-0.867503152253548,0.540074720251176,0.682832724400303,-0.241958561604024,0.368282000318073,0.57120162984028,-1.19475403007165,0.402678669304647,1.54047298387896,-0.187688592418646,-1.13454734173342,0.223563482083323,-1.02539690198974,1.3941712884829,-0.0269330266637888,1.23825046380754,0.726172755495118,-0.272093994394233,0.0939557434661589,0.0192985716239078,-0.35364645738641,-0.0564224436405426,0.513806959629217,0.234103673382831,-0.830849724959226,3.39989683326659,-1.10088084339349,0.314329357834215,-0.34476848053886,0.318620499235095,0.521883215881349,-0.381712258954214
comm.and.crime_point_0284,comm.and.crime,regression,0.32,0.130612287688793,anomaly,-1.26138033198864,-1.21585037425788,-0.217427187171022,-1.54776596275308,-0.629843707397574,0.640404199215584,-0.304872732522849,0.0257124696570293,-1.05813254276258,-0.235899778288672,-0.518086685259539,0.540420449981549,-0.109719622984733,0.682832724400303,-0.626298265141257,-0.0445811444996654,-0.742597169663439,-0.200409626554585,-0.00652810323800724,-0.26010254976604,0.00448937678286525,-0.684350129472983,-0.315269840651936,-0.471344704785489,-0.00640056520086566,-0.324717903551093,-0.574978601284565,-0.307399221155361,-0.199361816374992,-0.10077320755709,-0.58964979375619,-0.263347611309168,-0.294823366226011,-0.413167436877806,0.453507363282115,-0.476239332141566,-0.459353637846922,-0.106693378680418,-0.543980067872989,2.07582782034464,0.0316160787569558,1.84068462581393,1.99190638777342,-1.14977363056188,-0.796716360107558,-0.584710153621474,-0.0641469216650966,-0.746101547760053,1.23687038115287,1.21723454990582,-0.241958561604024,-0.304397343978269,-0.230075729421995,0.501118891746045,0.613386813521254,0.550490584094985,0.369910502906264,-0.302657597962493,-0.305189645631236,-0.315851368525389,-0.352941863045931,0.458843115998027,-0.321263468856418,-0.700054714702294,-0.796454122761974,-1.36891441160836,-1.29447257978519,-1.02533734250561,-0.672787798788313,-0.363236207687417,1.07133772108182,-1.23321624918318,0.0876256540515485,-0.925393473242442,-0.802823042251458,-0.617754621230122,-0.388045418306067,-0.491156386462159,-0.0184413862106956,-0.208726243913775,-0.466477635900487,-0.533338919381635,-0.590607768331523,-0.348250248629537,-0.346225506490056,-0.293870545825533,-0.440957773352299,-0.177731018223659,0.481892202524582,-0.279430266030745,-0.286904425214791,-0.226875569169311,-0.456668338479601,-0.728687620312182,-0.634402585285642,-0.829957648033625,0.042732118877671,-0.413219819433159,0.724531534978455,0.385562518790717,-0.391348688885798,1.0488428476066,-1.05037612774876,-0.375024355916575,-0.709945487718708,0.940330818808414,-0.00652810323800724,0.190080215368281,-0.34476848053886,-1.12679008480058,0.874849771726638,-0.100894450061688,-1.1288425117501,-0.358695607590779,-1.05813254276258,-0.851110337619796,0.715986185718564,1.25679023127425,0.723724330383386,-0.118733906464382,0.378602433862569,-0.391348688885798,0.226288134846476,-0.321861540250354,-0.0468999429701671,-0.231018230755544,-0.239279720112616,-0.695677644196011,0.311566195365187,-0.495251351508437,-0.544247527234835,0.282168870917816,0.833861965998727,-1.10294500787551,-0.385406580997984,-1.7108973708847,-2.09902974087097,0.394542252695183,-0.619283391928622,0.682832724400303,0.682832724400303,0.596054262380089,-0.248310029719587,3.20136092144162,-0.0641256158777693,-1.00826650825885,1.27840796790085,0.15346437026538,-0.43486269553505,1.6423126721264,-0.286904425214791,0.129566772060671,-0.41781270379772,-0.4726301518147,-0.721826356680434,1.30684518598855,-0.956411184176713,-0.503041693998314,0.63909628175923,-0.713534013953022,-1.23875756229239,-0.0123933177430025,2.45225004295799,-0.96480656352602,0.294245875850557,-0.193271420973861,-0.465840642700386,-0.746256738413588,0.0351215468879261,-1.56388548933269,1.59834396864071,-0.34476848053886,-0.0869550913836323,0.0257124696570293,-1.02301435554381,0.321344892711017,1.14542214955724,-0.550930207394384,0.387066062068055,2.88378280091371,0.511493909447407,-0.296225771543798,-1.67575341138266,-0.10075369417069,0.32877769022445,-0.149937701058835,-0.295725241742213,3.87573774072154,-0.569295082344151,-0.933198174429091,1.62721710408512,-2.05008895085101,1.23819966399899,-1.56531543697313,0.350548032359759,-0.956619933665339,1.03518252779145,-1.56531543697313,-0.241958561604024,-0.547435183985099,-0.0201670357368324,1.71133368090399,-0.761660555595246,-0.76198466217831,-0.499564470154296,-0.350646997593453,0.727959932947938,-0.350137179439416,-0.987985994494734,-1.21107795253813,-0.402172844262473,0.726172755495118,-1.00619817410907,0.98688515649694,0.263237410407251,0.514402042648675,0.14466129651896,-0.600152808018174,-0.334821036824805,-0.523804376549633,-0.943185334835349,-0.524905716995868,2.58721434151458,-0.34476848053886,-0.55330956317479,-0.695793398648614,0.7783995780344
comm.and.crime_point_1152,comm.and.crime,regression,0.59,0.0522242790503586,anomaly,-0.224640267159436,0.176086267780421,0.649357240929522,-0.387224840880353,-0.393103207388005,0.23063428834825,-0.639997445119629,-0.103324437631854,-0.156045871094839,-0.0965886105387498,-0.0976777582871161,0.819460891553668,0.747939040788304,0.682832724400303,-0.8651184939892,-1.30201069495703,-0.840584712680936,-0.76198466217831,1.03022712427771,2.35090171076187,0.302883286950643,-0.835669064732367,-0.786206461289495,-0.899600712687643,-0.356064318913911,-0.385406580997984,-0.728501275489362,-1.12671045843542,0.738571636676679,0.599524856895403,3.20675843349157,2.55135643290537,-1.05966681036934,2.35676103763728,-1.21281089756117,1.25312967718045,-0.573341710010043,1.95441495795449,-1.24181009308225,0.157602837798,0.259617746176014,0.356410229834627,0.303514024914822,-0.114805430650861,-1.09378104463172,-0.87547337228922,-1.25272197770701,-0.746101547760053,-0.245827430569399,-0.380561081597017,0.494208322757484,0.739325468475985,1.26093003509725,-0.685616345951833,-0.666693784445925,-0.69021633412253,-0.707179574188299,0.333497620242578,0.414134412747824,0.486720391900693,0.541351225008366,-2.09769800513719,2.36401980340519,-0.191322945644976,-0.219657981557459,-0.307289207713733,0.0352809910002048,-0.0744702805928035,-1.28165566752533,-0.267978366150136,0.201813374029904,0.726172755495118,0.552851549544707,0.00232627821327909,-1.34276811316667,1.99968264772694,0.564407987550553,-2.12579870714607,-0.14197595766913,0.27601651215898,0.023664661864365,0.0281137880668194,-0.0805170742100041,-0.940984519474898,-0.680708868864655,-0.535527512645018,-0.581535976304412,0.294245875850557,0.375096642443002,1.07056346354692,0.200393210115953,0.0719288462359772,1.74984232875775,0.445891340166776,0.90955648980559,1.36432182184367,0.79946253665809,-0.0477867027019386,0.872247960534541,0.123616466842271,2.14684617215372,0.638049880711185,1.27253664374943,-0.217427187171022,0.922333791906255,2.36372071806179,-0.985685818113966,-0.209368692507428,-0.000690227188266011,-0.20888346424473,0.874849771726638,-0.586845013885375,-0.70552988692494,-0.193271420973861,-0.349350157880785,1.80778532238975,0.454899090454526,0.578342721049512,1.59601398638663,-0.472716577020044,-0.460870702131241,-0.391348688885798,-0.413219819433159,-0.0477867027019386,-0.100894450061688,-0.922036947615181,1.03318082040625,-1.32772939830898,-0.513073583706566,0.229719548950016,-0.687872404062027,4.83381967943463,-0.736908318327921,0.102796409725239,-0.446095258444874,-1.07592843364696,-1.85432579077118,0.927243136822718,0.328924458417437,0.6153882795591,0.682832724400303,-1.76062214474864,-0.0123933177430025,0.415210582653175,-0.409710691716343,-0.380561081597017,-0.632925531382569,0.500862307366285,-0.956724101762177,0.848260244467189,0.00547415598365529,-0.853606712675401,-0.899600712687643,-0.4726301518147,2.38283661834283,-0.315269840651936,-0.581535976304412,-1.46155861675429,1.38175799306964,-1.15122030423583,-0.582228126868179,0.223523394233582,0.187449566220028,-0.370866985519292,-0.826699247575706,1.13012207196148,-0.0636258900830415,-0.105483377924108,-0.35568405855027,0.0464914919194661,-0.35568405855027,-0.230075729421995,0.304440963286713,1.0580077279681,0.0881812846222431,-0.723488865413399,0.396654485240329,1.54027754269014,1.78981547090223,-0.391425967897073,-0.0705609496871936,-0.217427187171022,-0.419922423015838,-1.49233332135427,-0.413167436877806,-0.149937701058835,-1.3576732534092,-0.649009732299257,-0.738257558223326,1.72786151178739,-0.146888892646214,-1.02233236043192,-0.531713688779321,0.682832724400303,-0.13276590127921,-0.3328024637828,0.0449669127109041,0.682832724400303,-0.241958561604024,-0.59830836089083,0.740164105719455,-1.37267776747832,-0.1794909431453,1.54047298387896,0.0462183158830917,0.874197290125252,-0.835669064732367,-0.98037958715305,0.351977477180183,-0.0269330266637888,-0.495911319009332,0.726172755495118,-0.534274058578104,-0.575741316306927,0.629145668582266,1.14571004267419,-1.51427955979694,-1.00117832437123,1.04008034617698,0.44850589341408,2.51034988317342,1.31821468747653,0.808434789069078,-0.34476848053886,-0.142989533805432,0.0435102601731493,0.0218049017374774
comm.and.crime_point_0091,comm.and.crime,regression,0.63,0.0504526045055047,anomaly,-1.0174414932053,-1.56383453476745,-0.296225771543798,-0.99803595765547,0.0803777926311325,0.148680306174783,-0.304872732522849,0.713909308531075,-1.31587159181051,-0.166244194413711,-0.458028267120621,-0.296700874734808,-0.499564470154296,-1.56531543697313,-0.435242082062902,0.338114805639531,-0.056684368540964,-0.425039640804075,-0.870490792834442,-0.350137179439416,-0.532619661519134,-0.58347083930006,0.0510141976217214,0.0104433041044344,-0.297787026628403,1.19249903262118,-0.01206212920031,0.5119120161247,-0.277522937462631,-0.144541836585371,0.0196502920983885,-0.21396683860365,-0.151415220449137,-1.20457557245354,1.2579368685168,-1.85973453959918,-1.25727014298877,-1.01157020939818,-0.490300835164584,2.07582782034464,0.886622331578425,1.38398481166645,1.66512076915563,-0.696975043100807,0.243010035727013,0.190658429492517,0.301568480193953,0.298246833296102,0.940330818808414,1.44549106869194,-0.241958561604024,-0.391374245016123,-0.115382978305131,-0.0922487271028942,-0.334821036824805,-0.342818397021626,-0.296859544818942,0.0790355329605499,-0.0513105662033324,-0.062407654706626,-0.0548441670278318,-0.643114263801638,0.361435668159245,-0.547435183985099,-0.691582097088426,-1.01503934364349,-1.61108057282933,-0.0744702805928035,-1.7383065690781,0.303568683073544,1.41914745990259,-1.23321624918318,0.0876256540515485,-1.80157323850618,-1.50475163444123,-0.29631495662136,-1.02301435554381,-0.491156386462159,1.01101337594292,2.21498753645,0.201898224687947,0.416811816300365,0.514588735598435,0.609243573505277,0.752791255597911,0.99496661054505,0.589949048296531,1.59218233455465,1.87023448358512,-0.175584594524771,-0.286904425214791,2.36276269767652,0.235570302222313,-1.6096218406714,-1.24095793621434,-1.92709738297228,-3.13553563580009,-0.504578098615964,0.724531534978455,-0.31296028640514,-0.391348688885798,-0.0922487271028942,1.65968877233247,-0.375024355916575,0.378240698697934,0.762407081401742,-0.409710691716343,-0.894138248865786,0.343388026162328,0.601034142128082,0.988978031119698,1.73491879105002,0.617322065653698,-0.524119794207697,-0.478219682404748,-1.04806557169458,0.0893771570848711,-0.4393285442876,-1.79622356473708,-0.177731018223659,-1.30034383812505,2.02201691669276,-0.139144981884744,-0.230503261067549,-1.77472416989883,0.287245806889183,0.152246600047036,-0.753136894569917,0.981586015860986,-0.414699029235275,-0.639997445119629,-0.0819631937635291,-0.777184479464502,0.870086402743895,0.221480193470925,-1.816725527091,0.641654500246602,-1.08062942642722,-0.761514569480531,0.682832724400303,-1.56531543697313,1.69218282383531,-0.366268385707879,-0.914542988132221,0.627044535799378,0.760721512333579,-0.441792181454227,-0.789472887579932,-0.608816497610759,0.451234030637584,0.00547415598365529,1.05811950764474,-0.685472708736566,-0.0632363539352424,-0.626298265141257,-0.367596131833887,-0.394098372368261,-0.183536053079654,-0.549162456337422,-0.757302642981302,-1.01991441715099,-0.307289207713733,-0.718470624475156,0.169078085395916,0.884216993443326,-0.0278472343569434,0.683344364777741,0.748881102728531,-0.433845179637909,-1.02709316224863,-0.043039574199713,-0.230075729421995,-0.347885794497196,-0.533447461928133,-0.017646871584048,0.321344892711017,-0.467308204356106,2.25049904271885,0.0895131571638354,0.136833510943376,1.35811915909774,-0.453822940289352,-0.733880170107544,0.775426071093047,-0.907797521612643,-0.241958561604024,0.943214105202603,1.25614709844634,-0.569295082344151,0.346157443944216,0.191036059112137,-0.581865250252313,-0.708705024057152,0.682832724400303,-0.414699029235275,1.27129960162944,0.342031597235068,-0.68853765403749,-0.241958561604024,-0.140449768739244,-0.738257558223326,-0.186519518100509,-0.050119918156423,1.31584296962947,-0.187688592418646,1.51111631973898,-1.13830693525114,1.99076319206837,1.19565818156809,1.15721189921055,3.11301995874471,0.726172755495118,0.357138159647056,0.205571920095007,0.324222120103087,-0.708757207400764,-0.156964313720294,-0.689269589429965,-0.0503586817209869,-0.267933252874971,-1.15249049956315,1.72139727595486,0.0672766422167828,-0.34476848053886,-0.245569541147772,-0.217420442940414,-0.785229419645906
comm.and.crime_point_1715,comm.and.crime,regression,0.11,0.278233426712843,nominal,-1.38334975138032,1.22003874930914,-0.217427187171022,-1.6699281861081,-0.629843707397574,0.23063428834825,1.84950041988503,0.197761679375541,-1.57361064085844,-0.862800033163321,-0.878437194093044,0.98688515649694,-0.187688592418646,0.682832724400303,0.711095016407226,-0.208593694559321,-0.056684368540964,1.03505545181761,-0.00652810323800724,-1.07041421682643,0.0641681588164208,1.18191673872609,1.72545551544416,1.66993533472528,1.39225444965131,1.67800845219631,0.857899691293538,0.894257260188728,-0.35568405855027,-0.844839901037864,-0.730257505876477,-1.00405920189194,0.852441799988983,-1.20457557245354,0.510966613656022,-1.0691658496234,-0.459353637846922,-1.06184114443806,0.744321517128731,0.705667118525611,0.202617329321249,0.584760136908366,0.684763913302247,-1.21445914305632,0.441053158743122,0.578342721049512,0.53014060635586,-0.0150576810207445,0.525175431526179,0.646593252940519,-0.333979422149212,-0.652304948129686,-0.000690227188266011,0.455475228757665,0.139282888348225,0.302349200451482,0.318620499235095,1.64821840453306,1.21808483093618,1.33153277129657,1.26530277248089,-0.687192558993624,0.315922392358201,-0.649181537796562,-0.796454122761974,-1.60483112358495,-0.851221389523392,-1.50077087346202,-0.723526787849732,0.0654240792303436,1.53508403950952,-1.23321624918318,-0.311139399228302,0.620806112517094,-1.07279557770906,-0.29631495662136,-1.39341290226583,-1.05037612774876,-0.883183386419734,-0.69346899998653,3.27642718339475,3.18088668373891,3.10754976404949,1.74911717128482,1.46954131782919,1.63938518873034,1.2928400630571,-0.413719465260767,1.12266556301406,-0.850581459313604,-0.286904425214791,-0.226875569169311,1.5335177535384,-0.581865250252313,0.0272941611820292,0.0178321471462401,0.294975591471144,-0.504578098615964,1.41387485424019,1.17140067463606,-0.391348688885798,3.1028076820837,0.455215483407476,-0.375024355916575,-0.808871504665675,-0.660982817851633,-0.0641256158777693,0.0759519559752211,-0.34476848053886,-0.802823042251458,-0.0381763034178386,0.331061606670478,-1.7108973708847,0.0824355567210018,1.90586652128858,-0.358722252432842,-0.902753804918476,-0.4393285442876,-0.342407471398352,0.412240099369111,0.329221661157051,-0.391348688885798,-0.504578098615964,-0.230503261067549,-0.532850506793854,-0.274206900559272,-0.141398140072703,0.396048112908209,-0.66769354228252,-0.65635599605476,-0.687872404062027,-1.23504806525446,0.0283387432671127,0.760473546598372,-0.203340548657311,-1.65798329278156,0.25012818008695,0.0257493329145824,-1.33043927968817,0.682832724400303,0.682832724400303,0.322022122016284,-0.366268385707879,-0.914542988132221,-0.640100742275393,0.4183367341544,-0.394008843972142,-0.0450487366494222,2.17444433560058,1.19565818156809,-0.286904425214791,-0.416640719459369,-0.899600712687643,-0.165584803405107,-0.721826356680434,-0.786206461289495,0.589949048296531,0.364187902780905,1.18371487005353,-0.932377159094426,-0.757302642981302,-1.78176865756739,-0.0184413862106956,-1.01880107061754,0.589231434646941,-1.5166649139092,-1.27027014793507,0.855676662810112,-0.35568405855027,-0.812376231415014,-0.199361816374992,-0.230075729421995,-0.43486269553505,-0.576459764357761,0.352751675137971,-0.235899778288672,3.0461400666694,-0.708757207400764,1.78981547090223,3.14791254033394,-0.493873574512357,-0.296225771543798,1.6731292242622,-0.976933459434427,-1.00672353855961,-0.0579168405136468,0.530234322887664,-0.601380811530617,2.93667629214873,-0.4726301518147,-0.146888892646214,-1.12021394047183,-0.885696359334983,0.682832724400303,-1.13966992969373,-0.0654521195474263,0.29252081648104,-1.56531543697313,0.586229183302673,-0.700054714702294,3.44356371978626,0.821714993870633,3.31352673155438,0.0242203876949048,-0.499564470154296,0.38425957503777,-1.03742764507821,1.94574587723168,-0.392446673750327,-0.514522113788516,-0.870865217996765,0.726172755495118,-1.16350621261939,-1.24543837608001,-1.62728859016366,3.23691779275872,-1.31319581963744,2.20702580645325,0.755617991073163,-1.34259197230855,-0.943185334835349,1.14542214955724,-0.328007702771107,-0.000690227188266011,-0.0916995301342629,2.08746743456273,3.14906289709809
comm.and.crime_point_0282,comm.and.crime,regression,0.12,0.232824098112094,nominal,-0.224640267159436,-1.21585037425788,-0.375024355916575,-1.48668485107556,-0.629843707397574,0.886266145735984,-0.639997445119629,-0.576459764357761,-1.50917587859646,-1.76832262353781,-1.17872928478763,3.21920868907389,-0.421595500720383,-0.193945058535335,-0.435242082062902,-2.17674429527519,-0.105678140049712,0.473480416193885,2.52776245291154,0.325122543110906,3.10778604252775,-0.432151904040676,-0.00131209356022966,-0.150152698858873,0.110154019370149,-0.870916000573111,0.550854342883945,0.0203252737566635,-0.35568405855027,-0.144541836585371,-1.15208064223734,-1.00405920189194,0.18320378636357,1.02125980885322,-1.72994415092632,-1.51386073773478,-0.402359601765361,-0.810486469238678,-0.275583904330964,-0.226042158711328,-1.10839225833834,-0.385726968155027,-0.295592942551133,-1.73194324301182,-0.598673237091449,-0.293946934953727,-1.20700755247463,-0.58944929060163,0.228635869181726,0.36127260445787,-0.241958561604024,-0.260908893459341,-0.34476848053886,-1.00512198687049,-1.28302888717086,-1.43464048505304,-1.63039964026935,-0.641940381005198,-0.686008264773091,-0.696016939253532,-0.693624944209472,0.591078001573987,-0.548829847861638,-0.954420599230953,-0.901326148435522,-1.30993523361422,-1.80104536865582,-0.444251915781118,0.443469960562887,-0.696638653067897,-0.145996364790864,0.726172755495118,2.41375513151734,-3.70855272760961,0.655028649219603,-0.709594525404054,2.83971334598581,0.455215483407476,-0.594936053016721,-1.17821175605928,0.692040522452799,0.632755165319001,0.727126524815734,0.10769919048228,0.65722458063374,0.632481160315823,0.730527251248644,0.825219881684049,0.855676662810112,0.18787525574614,-0.286904425214791,-0.226875569169311,-0.456668338479601,0.396950550146819,0.192718347798946,0.416792050760294,0.547219064064617,-0.0477867027019386,-0.851110337619796,-0.400275637054622,-0.391348688885798,0.135969587839005,-0.964342321396976,0.728155825302298,-1.55081663176793,0.465867519057289,-0.121723128517532,-0.665881730079667,-0.230075729421995,-0.154888957153209,0.988978031119698,-0.154888957153209,-0.335131340202921,-0.854968167441532,-0.864828255976639,3.77733766313757,-0.0672751000735523,0.190658429492517,0.820645403272635,-0.413719465260767,-0.510251474836759,-0.391348688885798,-0.413219819433159,-0.230503261067549,-0.20888346424473,-0.0150748817369079,1.57152951062578,0.338588862534303,0.981586015860986,-0.65635599605476,4.0517485312353,-0.749538645679329,2.00187063895957,0.322022122016284,-0.324717903551093,1.35811915909774,0.935299240366342,0.763335172475784,-1.28302888717086,0.682832724400303,0.682832724400303,0.102796409725239,2.28779462402869,-0.597934995088079,-0.409710691716343,0.589529123243989,-0.0117421441154574,0.94751679792459,-0.13044354190256,0.401605753908883,-0.286904425214791,-1.18133120758743,-0.685472708736566,-0.779675500224294,0.806623107946404,0.0510141976217214,-1.00327058516075,-0.137892390091274,0.936160966283394,0.42445034078228,-1.19498893326411,-0.425247563702025,-0.265510529127564,1.35695724140937,-1.06268769461281,1.13012207196148,0.568425864029928,-0.0520855978833183,-0.277522937462631,0.798000749837136,-0.433845179637909,2.52255029738276,-0.826258750205395,-0.447422857068877,0.881892456169426,0.0427225572111723,0.339056972600567,-0.116905957376842,-0.633115326174983,1.19335246862428,0.246923518931679,-0.375024355916575,0.521950818259281,0.569266126325109,-0.808871504665675,-0.333979422149212,-0.472716577020044,-0.791896494605177,-0.738257558223326,0.141460545004487,-0.358091987495182,1.08212161042621,-0.826699247575706,-1.56531543697313,-0.898012962874244,-0.600152808018174,-0.103565429551178,-1.56531543697313,0.0341040200315418,-0.750927891608026,-0.10464827367642,0.0507121317750543,-0.1794909431453,-1.26740219423966,-0.343626531286471,-0.203665683067209,-1.13830693525114,1.58560735853817,-1.98055152906875,0.530311644335899,-1.05834216749048,0.726172755495118,-0.0623499430471371,-0.519933227992503,1.17800805584479,-0.274732957383221,-0.709944599158927,0.201898224687947,2.50980251421337,-0.67732705075443,-0.52457500537974,0.223861947321042,0.0178660990932967,-0.34476848053886,0.780230532275621,-0.695793398648614,-1.39050516068344
comm.and.crime_point_1465,comm.and.crime,regression,0.03,0.024970766423275,nominal,0.324222120103087,0.87205458879957,-0.375024355916575,0.406829610927298,-0.669300457399169,0.927243136822718,-0.496372568292438,-0.447422857068877,-0.54265444466673,-0.444866529913555,-0.578145103398456,-1.02220602282232,-0.421595500720383,-0.576130245968818,1.18873547410311,1.37686095601735,-0.791590941172187,0.641952926881002,-1.10088084339349,-0.890344957479674,-0.472940879485578,0.980158158380245,0.783582274169036,0.652827315957665,0.518095065368702,2.04214051687765,0.0391120955346223,1.76818924662079,-0.433845179637909,-1.10745167520755,-0.683388268503048,-0.905297656480906,0.18320378636357,-1.15511256398006,1.54523312038634,-0.377418245894594,-0.459353637846922,-0.458589923959548,0.207529190044681,-0.445267871002372,-0.481387672935926,-0.956601735839376,-0.731307100708191,0.402678669304647,1.23322565080756,1.15986915838501,1.1701425596092,0.0371597380320633,-0.483059080444962,-0.0381763034178386,-0.333979422149212,-0.869747200724323,-0.230075729421995,-1.37027129077753,-1.42526006472277,-1.43464048505304,-1.63039964026935,-0.726761076765874,-0.686008264773091,-0.653776320283739,-0.693624944209472,0.41476482080604,-0.45780329625955,-0.445688830173635,-0.272093994394233,0.69535681818675,0.541853779870831,-0.180122176360894,1.61046670897551,-0.649009732299257,-0.667710973022016,0.726172755495118,-0.244678557014993,-0.925393473242442,1.6809242839585,-0.0667151961865298,2.89262742408896,-0.147021161055019,-0.800827005447445,1.63329622916269,0.647482131746904,0.589566495515274,0.472081177754975,1.293167732173,1.23062463041877,1.43800438304744,1.6677152709294,0.589231434646941,1.22946112309564,2.21286585011264,-0.286904425214791,-0.226875569169311,-0.370138508391861,0.543772920206689,1.13012207196148,0.267182086905024,0.849911231176784,0.500362972394892,-0.949587954657186,-0.181987260430917,-0.391348688885798,0.455475228757665,0.111080258000336,-0.453822940289352,-0.611019470771741,-0.779598642789415,1.26061717483676,0.703657382637049,-0.230075729421995,0.169078085395916,1.33136280929888,-0.424861492610813,-1.1288425117501,1.68153602735121,-0.478219682404748,2.54636745017018,0.924855861929795,-0.584710153621474,1.01448754905113,-1.29867614164992,-0.905297656480906,-0.391348688885798,-0.413219819433159,-0.230503261067549,-2.31466924081404,0.0281137880668194,0.886358450346385,0.798262865525553,-0.564613569898551,0.0283387432671127,-0.352747691465246,-0.446095258444874,1.07551893281821,-1.70581571667588,-1.23504806525446,-1.02301435554381,1.08212161042621,-1.03965243534049,-0.666693784445925,0.682832724400303,0.682832724400303,0.705667118525611,0.636377640192604,-0.471291797870422,0.627044535799378,-0.0381763034178386,0.418307893223313,-0.392446673750327,-0.347885794497196,0.649747137552387,-0.286904425214791,0.23880827036468,-0.471344704785489,-0.67732705075443,-0.100893761675781,-0.262943549469985,-1.28442699106498,0.774980869676324,1.53029033533172,0.205607195640876,2.35027001802664,-0.484226741696171,-0.553757862530577,-1.12679008480058,0.530234322887664,1.01983928088354,-0.982973896065542,0.642085542646951,-0.199361816374992,-0.543980067872989,-0.199361816374992,-0.34476848053886,-0.826258750205395,-0.533447461928133,-0.546787652615503,-0.653833281538438,0.339056972600567,-0.629843707397574,-0.675622884018443,0.453789198247646,-0.440959496409212,-0.217427187171022,0.626603400623183,0.363106181557171,-0.462630445351289,-0.333979422149212,-2.8915981591504,-0.172720524612857,-0.273610749555595,-0.574978601284565,-0.611535701313945,0.00542422998716656,0.825219881684049,0.682832724400303,-0.817460640601083,-0.867503152253548,0.540074720251176,0.682832724400303,-0.241958561604024,-0.140449768739244,0.148795440142343,-0.542366992913852,0.855477256765716,0.922740444692865,0.0462183158830917,-0.301653226084705,-0.58347083930006,1.72065930304824,0.649747137552387,0.112378141086133,-0.870865217996765,0.726172755495118,0.147394108299959,1.15430942144021,1.3609621849323,-0.669300457399169,-0.358048053879797,0.335573396805634,0.565976421003951,0.0391120955346223,-0.52457500537974,-0.294515666436819,-0.723292047758998,-0.230075729421995,-0.142989533805432,-0.956724101762177,1.03059780346671
comm.and.crime_point_0996,comm.and.crime,regression,0.36,0.0237536130372748,anomaly,0.507176249190595,-0.171897892729153,-0.375024355916575,-0.814792622622935,1.42190729268536,-0.793790488820086,-0.687872404062027,-0.576459764357761,0.0372584156911057,0.0427225572111723,0.0824974961296363,0.652036626610397,-0.265657561852559,0.682832724400303,-0.912882539758789,-0.317935394599092,-0.546622083628446,-1.6043472156139,0.454251997880092,0.145053283764153,-1.36812260998891,-0.93654835490529,-0.786206461289495,-0.739004709724335,-0.472618903484926,-0.506783935891765,0.44850589341408,-0.689744465219389,-0.277522937462631,0.161838566612595,1.66007360016841,1.86002561502812,-1.05966681036934,-0.512093453824773,0.453507363282115,2.98249868650247,-1.77021646772282,3.06037552883175,-1.34916855849906,1.52776353961703,-0.253386005516867,1.26980985812958,1.4472636900771,-0.826346068089685,-1.39084572915588,-1.50546034606934,-1.5270085291013,-0.850536385865668,1.77064159337288,1.90200410626417,-0.241958561604024,0.565371666400276,-0.34476848053886,-0.366110705033174,-0.90374574703244,-0.442074950479027,0.523780513919773,-0.769171424646212,-0.770634624582392,-0.738257558223326,-0.736210329354915,0.767391182341933,-0.503316572060594,-0.59830836089083,-0.586710071414878,-0.720143453672756,-1.29447257978519,0.0840075630593312,-1.1801776894025,-0.267978366150136,0.955401141474902,-1.23321624918318,-0.37760024144161,0.311566195365187,-0.96480656352602,1.08128360598762,0.0352672065190975,0.0250464516485512,1.21690432837365,1.77871905598452,-0.867503152253548,-0.878848277811454,-0.803145557548822,-1.12336429511962,-1.11075890620342,-1.13966992969373,-0.956411184176713,-1.06268769461281,-0.425870058168848,0.810949284781987,-0.286904425214791,-0.226875569169311,-0.932582403962166,0.886358450346385,0.192718347798946,0.366922062808537,0.698565147620701,-0.321861540250354,-0.506438677988928,-0.70587936432781,-0.391348688885798,-0.503041693998314,-0.405122580110374,4.11649495333169,-0.363704428404322,1.6520257684351,0.108666922041517,-0.0952404331143684,-0.34476848053886,0.601034142128082,-0.380561081597017,0.709023156311124,1.14646284668515,-0.910109562980505,0.617171276048942,-0.70339391206371,-1.63379767165778,-1.74776302829246,-1.06931551806772,0.884216993443326,0.0329370249239415,-0.391348688885798,-0.413219819433159,-0.504578098615964,-0.910812056434499,-0.965225617418908,1.27788477050604,0.625885114403834,-2.00773318327412,-0.857736801737663,-0.44849760935004,3.25591406581547,-1.38132689651321,0.65086069045285,-0.203340548657311,0.458579831344262,-0.0924573500527467,0.640404199215584,-0.524462606894016,0.682832724400303,0.682832724400303,-0.33565501485685,1.81596120007553,-0.218005403435109,-0.409710691716343,1.50255519838847,-1.34967559361385,1.04677335138199,-0.391374245016123,-0.888729441037333,-0.189444898148642,0.0203252737566635,-0.631940707748796,0.44850589341408,0.711095016407226,-0.943185334835349,-0.8158329812246,-0.137892390091274,0.0449669127109041,2.70041905025288,-0.538459497839898,-1.13299769963178,0.475696899623041,-2.04469670535644,-0.94469347109426,-0.579261189746669,1.02809986702118,-1.44042787894386,-0.199361816374992,0.583283819003517,0.0351215468879261,-0.34476848053886,-0.91323565124325,-0.533447461928133,2.52222887736694,1.22686748308551,-0.0641256158777693,3.23691779275872,-0.165532189896924,0.0311816151752862,0.564407987550553,-0.375024355916575,-1.46644824665486,-0.770773514666489,0.872870783432771,-0.333979422149212,0.23524876409128,0.494084366148104,-0.569295082344151,-0.370281702344836,-0.696016939253532,-1.21809552051175,1.00221121696188,0.682832724400303,1.63938518873034,-0.421919245194591,0.441053158743122,0.682832724400303,-0.333979422149212,3.72591167609637,-0.611535701313945,-1.72852524229167,-1.47320119303407,-0.425039640804075,-0.109719622984733,0.433253346546518,0.1226841919104,1.0904168953346,-0.342818397021626,-0.653833281538438,-1.29268835435763,0.726172755495118,-0.167221968720685,0.763652803239245,0.507176249190595,-0.629843707397574,0.948996257156972,0.201898224687947,1.79864662645383,-0.933198174429091,1.98708697135391,0.108666922041517,0.90725587531605,-0.34476848053886,0.472490510248604,-0.956724101762177,-0.785229419645906
comm.and.crime_point_0689,comm.and.crime,regression,0.5,0.0692451674460434,anomaly,1.48293160432397,-0.519882053238727,0.0977671503200851,-0.509387064235377,-0.51147345739279,-0.0562046492588845,-0.352747691465246,0.670897006101448,-0.156045871094839,-0.166244194413711,-0.0976777582871161,0.540420449981549,0.202156254750917,0.682832724400303,-0.912882539758789,-1.13799814489737,0.38425957503777,-0.425039640804075,0.742239561078903,1.0904168953346,0.0641681588164208,-0.886108709818829,-0.681553878925593,-0.631940707748796,-0.472618903484926,-0.446095258444874,-0.984372399164023,-1.18133120758743,0.347766031238483,0.993442518149931,0.769558090073254,0.576125524684642,-0.533836942520802,1.51588989358806,-1.04043314643945,-0.575060418388539,0.338562867294928,0.345745036678463,-0.329263137039369,1.03450568696218,-0.139385171807338,1.15563490459271,1.12047807145931,-0.114805430650861,-0.796716360107558,-0.681631226510723,-1.25272197770701,0.0371597380320633,-0.542366992913852,-0.380561081597017,0.0341040200315418,0.217464062248858,-0.000690227188266011,0.820624532664704,1.13490113121159,1.04677335138199,1.03668055063147,0.545549359644269,0.625700312271076,0.486720391900693,0.413595069572038,-0.202331311881772,0.725541874567598,0.419155177223805,0.199830121136733,-0.484226741696171,-0.724578192305735,0.0840075630593312,-0.77426577691115,0.589342207685384,0.781496272064518,-1.23321624918318,-0.0452960303750682,0.260026209173202,-0.694834028068417,0.943523749726722,-0.546787652615503,-0.405122580110374,0.763944233026054,1.87566760719907,-0.778386370841756,-0.749282268400272,-0.718130441861903,-0.758604743830171,-0.824058881310911,-0.857736801737663,-0.909551783192675,0.176251652332003,-1.2268367587807,-0.435198773289707,0.492771791314399,-0.0276726255657857,0.192305387178444,-0.386102090172486,-0.689543980824615,0.416792050760294,0.14362950791506,-0.230503261067549,0.379859875347588,-0.356617961729881,-0.391348688885798,0.318544239792525,-2.12579870714607,-0.296225771543798,0.378240698697934,-1.4912935924161,0.396654485240329,-0.323496951900488,-0.34476848053886,-0.26287797133625,-1.80716432401026,-0.424861492610813,-1.34049882416269,0.46842532549381,0.423866989262996,0.379859875347588,0.141594576137679,-0.342407471398352,1.01448754905113,0.589231434646941,1.16869479715086,-0.391348688885798,-0.139144981884744,-0.413219819433159,-1.34276811316667,-0.403772909970454,0.348009760126863,1.14301836776899,0.156946236789233,-1.22022225196689,-0.209122814638054,-0.324717903551093,0.592204999179243,-1.04813857980274,-0.446095258444874,-1.02301435554381,0.543772920206689,0.845289154649251,-0.571872999411319,0.682832724400303,0.682832724400303,0.102796409725239,2.34677380202284,-0.851221389523392,-0.467308204356106,-0.837074119169256,-0.919625556275082,-0.938357717766034,2.0439789840438,-0.293190120292925,-0.286904425214791,-1.12671045843542,-0.0966206978711041,-0.67732705075443,-0.960646585528377,-0.733880170107544,-1.09698938712883,1.09448651059498,-0.202586991059232,0.118069937584314,0.380681711753999,1.04923188615163,0.640409661567619,1.46494625559241,-0.649707912297875,0.0272941611820292,1.43031461963852,0.161505522279842,-0.433845179637909,-1.13445162766544,-0.121200695287352,-0.34476848053886,0.0435102601731493,-0.576459764357761,-0.864272121234376,-1.0717667847882,0.68464204843914,-0.669300457399169,-0.803145557548822,1.35183031227641,0.670236143756844,-0.296225771543798,-0.838532752471447,-3.50239278284167,0.427703707171417,-0.149937701058835,-0.767702135816429,-0.649009732299257,-0.78049817719312,0.755551241823674,1.88066081790389,1.03318082040625,-0.649707912297875,0.682832724400303,-0.817460640601083,-0.64471119872407,-0.0540546487971503,-1.56531543697313,-0.241958561604024,-0.954420599230953,3.44356371978626,-0.127211605631618,-1.14977363056188,0.754267934005747,-0.499564470154296,0.188284489002777,0.274003127169785,-0.800310327806298,0.0542078168079789,-0.0269330266637888,-1.38642682910448,-1.23321624918318,-1.00619817410907,0.0939557434661589,-1.26138033198864,0.63277229265346,1.95441495795449,0.513806959629217,-0.90374574703244,0.141460545004487,-0.158290967106083,0.223861947321042,0.215508271587242,-0.34476848053886,0.934100543289131,-0.13044354190256,1.88807176993655
comm.and.crime_point_0552,comm.and.crime,regression,0.05,0.077965133639851,nominal,0.751115087973938,-0.867866213748302,-0.375024355916575,0.10142405253974,-0.669300457399169,0.435519243781917,0.0781269390163294,0.154749376945913,0.681606038310923,0.530311644335899,0.683081677518812,0.038147655151735,-0.343626531286471,0.682832724400303,-0.721826356680434,-0.372606244618977,-0.840584712680936,-0.256567130116958,0.281459459960805,-0.26010254976604,0.123846940849976,-0.58347083930006,-0.838532752471447,-0.899600712687643,-0.0646778574863729,-0.567472613338656,-0.779675500224294,-1.12671045843542,-0.277522937462631,0.468218969810561,0.113388766845247,0.131698570334978,-0.199217935708095,0.0814626478570313,-0.465840642700386,1.15430859093348,0.281568831213367,0.999267192196847,-0.543980067872989,0.102796409725239,0.145616912466485,0.0138853692240173,0.0856569458362924,0.208622131821331,0.243010035727013,0.0937373566032682,0.392997330658716,0.298246833296102,-0.245827430569399,-0.0381763034178386,-0.333979422149212,-0.782770299686468,-0.230075729421995,1.36834848852526,1.13490113121159,1.04677335138199,1.29313056898732,0.375907968122917,0.202568513224571,0.148795440142343,0.158082758699382,0.194373344846107,0.0428427375519358,0.571774707941,0.357138159647056,-0.130351673731295,0.0986025896090331,0.0311816151752862,-0.825004765972568,0.255939762304904,0.317749953636827,-1.23321624918318,-0.444061083654919,0.981586015860986,-0.856817549342979,0.62208408511796,0.0881812846222431,0.670299999286939,0.187449566220028,0.179067960944429,-0.555594417312278,-0.61971625898909,-0.675622884018443,-0.485035080363082,-0.585142193900484,-0.65635599605476,-0.768973580240562,0.294245875850557,-0.853052298495168,-0.487121609042694,-0.286904425214791,-0.226875569169311,-0.110549018128644,-0.924450780392009,-0.965250958519477,-0.530737720323085,-0.764446993421443,-0.504578098615964,0.182904641272807,-0.181987260430917,-0.391348688885798,-0.366110705033174,2.00382399773961,-0.375024355916575,-1.352964597874,0.287943781650617,-1.67685596979111,0.30420847476134,-0.34476848053886,-1.28877360607514,-0.894138248865786,-0.0468999429701671,0.246923518931679,-0.303554212051806,-0.478219682404748,3.18647196091322,1.02929070003541,-0.342407471398352,-0.148565325619854,-0.413719465260767,0.279840888451533,1.73074865395052,-0.321861540250354,-0.230503261067549,0.709023156311124,0.97826452374882,0.935299240366342,0.396048112908209,0.620806112517094,-0.414699029235275,-0.209122814638054,2.52764993645278,-0.293870545825533,-0.938525723657223,-0.203340548657311,-0.176389105893484,1.22894398048608,0.968220127909451,-0.287410644307502,0.682832724400303,-1.56531543697313,0.924892830816656,3.17248229394089,-0.597934995088079,-0.121723128517532,0.874849771726638,-0.346225506490056,0.203092646994081,-0.521839596572905,-0.69021633412253,-0.286904425214791,-0.252778472003357,-0.0430886968833349,-0.523804376549633,0.137926467172162,-0.786206461289495,-1.47186459500113,-0.183536053079654,-0.549162456337422,1.60620332454586,0.336913082725718,1.16719024213992,0.146271375733883,0.978995691768727,-0.295725241742213,2.39837416935785,0.740803615151647,0.214903302320632,-0.277522937462631,-0.543980067872989,-0.043039574199713,-0.34476848053886,-0.826258750205395,-0.576459764357761,-0.864272121234376,-1.0717667847882,-0.179320641157294,-0.669300457399169,-0.463085094801143,0.0311816151752862,-0.22930318399663,-0.0598300184254683,1.20219260362464,0.414646167749156,0.0814626478570313,-0.333979422149212,-0.708705024057152,-0.363236207687417,1.96514205584347,-0.523804376549633,-0.696016939253532,-1.16915473049179,-1.3576732534092,0.682832724400303,-0.857736801737663,-0.778386370841756,1.03518252779145,-1.56531543697313,-0.333979422149212,-0.852674245419489,-0.653776320283739,-0.186519518100509,-0.308861968134177,0.36116540906914,-0.499564470154296,-0.350646997593453,0.425322062429169,-0.530206438786169,-1.18649910140954,-0.166244194413711,-0.58964979375619,-1.23321624918318,-0.272093994394233,0.819460891553668,-1.38334975138032,-0.4325599573896,2.10522776307411,1.00394925739407,3.0313168319037,-0.882023949694159,-0.367596131833887,-0.00652810323800724,0.215508271587242,-0.34476848053886,-1.2200796109,-0.956724101762177,-1.28962587051052
comm.and.crime_point_1127,comm.and.crime,regression,0.17,0.199570934534719,anomaly,-1.38334975138032,0.176086267780421,0.255364319065638,-1.42560373939805,-0.314189707384816,-0.670859515559886,3.62087390075373,0.670897006101448,-1.50917587859646,0.321344892711017,-0.458028267120621,-0.743165581250199,0.358094193618742,0.682832724400303,0.711095016407226,1.15817755593781,-0.693603398154691,0.754267934005747,-1.33127089395254,-0.620241068459545,-1.06972869982113,0.727959932947938,1.2545188948066,1.50933933176197,0.926036111367255,0.52492358070538,0.550854342883945,0.23880827036468,-0.121200695287352,-0.669765384924741,-0.449042081635903,-0.855916883775387,1.42607438309648,-1.10564955550658,1.77507012188196,1.84605619466229,-0.3453655656838,-0.961299274358306,1.38847230962959,1.25373139925322,1.34262566641654,1.44107228843489,1.33833515053783,-0.891031580584123,-0.103565429551178,-0.00318371628598076,0.392997330658716,-0.276144776284783,0.58448334399507,0.475400863850929,-0.149937701058835,-0.173931992421487,0.802159030629787,1.55092314047878,1.46677387883271,1.543056118669,1.60087059101434,3.4718633633876,3.20680428645476,3.10563876802791,2.92613279315316,-1.12797551091349,1.40824101158326,0.113916115789414,-0.324530007231007,-1.25095605562007,-1.61108057282933,-0.444251915781118,-1.94126252532377,0.970373573834504,1.76695719872336,-1.23321624918318,0.0211648118382402,0.569266126325109,-1.77472416989883,-0.663674573317088,-1.816725527091,0.283147870703906,-0.84200519593359,-0.644994724379254,2.87540166704169,3.008132004524,3.02253464836257,1.84030705910718,1.66067466775754,1.80048983327666,1.48027766699325,-0.118733906464382,1.33625668317722,-0.954427130819579,0.39531226424825,-0.127274097367549,2.05269673406484,-1.41385868059157,-1.5166649139092,-1.57800746730998,-1.42028002216447,-0.321861540250354,1.16768081164671,0.298247168141235,-0.391348688885798,-1.05076564985887,0.756333805638724,0.0189685659473083,1.36750086816761,-0.720290730320524,-1.73445348243088,0.4183367341544,-0.34476848053886,-0.586845013885375,1.10310629051276,0.43905062085352,-0.123475027790339,0.90955648980559,-0.156045871094839,-0.70339391206371,-1.32049315734094,-0.87547337228922,-0.633170690066098,-0.826699247575706,-0.164586065898132,-0.391348688885798,-0.504578098615964,0.0435715764808665,0.49304512794504,-0.61971625898909,0.690595290266559,0.0512926106647712,0.620806112517094,1.15607125509137,-0.639997445119629,-0.567472613338656,0.43110035463292,1.03450568696218,-1.23504806525446,2.15183033064492,0.592713710226646,-1.03965243534049,-0.00294828920368394,-1.56531543697313,-0.216426540149069,-0.280848586784089,-0.484226741696171,-0.851221389523392,-0.58250322963563,0.703657382637049,-0.29844216900797,-1.48426876178174,-0.695793398648614,1.04677335138199,-0.286904425214791,-0.744365214371393,-0.631940707748796,-0.728501275489362,0.376746696020106,-0.629227587743642,-0.581535976304412,0.272900576804145,1.48077955457769,-0.844839901037864,-0.450922239783337,-1.01503934364349,-0.924361576905879,1.41095174850089,-0.826699247575706,0.578708116571755,0.740803615151647,0.481892202524582,-0.199361816374992,-0.919734696831824,-0.35568405855027,-0.230075729421995,2.21793278611951,-0.40441055463925,-1.23467066795639,0.59996722821086,0.454251997880092,-0.669300457399169,0.387066062068055,1.03487462497214,0.299837597034825,0.0977671503200851,-0.681553878925593,0.878506043477017,-1.10564955550658,-0.333979422149212,-0.649707912297875,-0.553751890761977,-0.653776320283739,-1.24024352283868,-0.400332606464976,-0.875509990372052,-1.53466458868703,-1.56531543697313,0.833861965998727,0.959390866688173,0.143988474218959,0.210721610511883,-0.333979422149212,-0.59830836089083,1.7961795799643,0.287943781650617,0.596735206787962,2.38283553731455,-0.343626531286471,1.60910386275648,-0.482591549127137,-0.75529301296961,1.3445430117542,1.01790073146063,-0.917734455370194,0.726172755495118,0.199830121136733,-0.240892786420384,-1.38334975138032,-0.472016707391195,-1.11211207947793,1.36041638304123,0.091872495830922,0.44850589341408,-0.629227587743642,-1.21607586867302,-0.723292047758998,-0.115382978305131,1.95990061671252,-0.0434666408647052,1.23235638381255
comm.and.crime_point_1048,comm.and.crime,regression,0.08,0.033693559694311,nominal,-1.38334975138032,0.176086267780421,-0.217427187171022,-1.05911706933298,-0.629843707397574,0.47649623486865,1.03562611786427,-0.103324437631854,-1.44474111633447,-1.55935587191293,-1.17872928478763,0.540420449981549,-0.187688592418646,0.682832724400303,1.666375931799,-0.0445811444996654,-0.595615855137194,1.48431548031659,-0.121723128517532,-0.98037958715305,0.660955979151975,1.78719247976363,2.30104471844562,2.20525534460297,2.44124571079045,0.889055645386725,1.1137708149682,1.9320514940768,-0.35568405855027,-1.06368304617927,-1.10521140486391,-1.30034383812505,1.04365266102481,-1.352964597874,0.970640616647273,-0.179776073400649,-0.174383457439118,-1.16238301451781,1.17375537879597,0.102796409725239,-0.766389757209749,0.128060322760887,0.140121215605925,-1.34383016804519,0.837139404775339,0.869105939717259,0.850141582982528,0.246029414243294,0.287943781650617,0.36127260445787,-0.333979422149212,-0.869747200724323,-0.115382978305131,-0.776903671928593,-0.856335354515137,-0.739844610851231,-0.60459956684596,-0.217836902201817,-0.178250105917284,-0.062407654706626,0.0729119884084963,-0.246409607073759,-0.184723641453285,-1.00529377613668,-0.901326148435522,-0.838101809661048,-0.851221389523392,-0.866859498853478,0.747903894931396,-0.458494049224697,-0.0880280749874027,0.726172755495118,-0.444061083654919,1.08466598824495,0.709023156311124,-0.709594525404054,-1.02301435554381,-0.491156386462159,-0.965539767392024,-1.17821175605928,3.27642718339475,3.18088668373891,3.10754976404949,1.97709189084073,1.80402468020379,2.16297528350589,1.76143407289747,0.117254540572726,2.19062116382986,-0.798658623560617,-0.286904425214791,-0.226875569169311,0.668219452661009,-0.288220510132573,0.6889909076497,0.466662038712051,0.749013842139396,-0.504578098615964,0.773770343497151,0.254589492816494,-0.391348688885798,-0.229179716068034,1.65968877233247,-0.217427187171022,-1.25403858092703,-0.601674905382743,-1.61925845715135,-1.35065128643802,-0.115382978305131,-0.856817549342979,1.10310629051276,-0.316872478427771,0.0881812846222431,-0.910109562980505,-0.413784920142767,-0.949587954657186,0.246029414243294,-0.633170690066098,0.675263793938761,1.4741881110361,0.279840888451533,-0.391348688885798,-0.321861540250354,-0.595936377798769,0.331061606670478,0.546377825711547,0.837417660326429,0.108751861038678,0.517726140133124,1.5185567053206,-0.592122486177232,-0.567472613338656,2.32407992805221,-0.171235730638567,-0.324717903551093,-0.017646871584048,-1.12021394047183,0.189657297261516,-0.00294828920368394,0.682832724400303,0.682832724400303,-0.938525723657223,-1.01503934364349,-1.5477589742205,-0.179320641157294,-0.494689340990077,-0.250658831525885,0.500862307366285,-0.652304948129686,0.401605753908883,-0.286904425214791,2.69674198220486,1.13461532484759,-0.574978601284565,0.997679291024758,-0.681553878925593,0.449370845344417,-0.776903671928593,0.688607062513258,-0.932377159094426,2.78795630830944,-0.720143453672756,0.516875090109185,0.43905062085352,1.06120832872116,-1.35124072729229,-0.86805539531773,-1.54722343902544,-0.433845179637909,1.33479307692119,-0.277522937462631,-0.34476848053886,-0.13044354190256,-0.490435159498505,0.246923518931679,-0.79314444928836,-1.10088084339349,-0.393103207388005,-0.930668231079202,-1.02533734250561,-0.123475027790339,-0.375024355916575,-0.315269840651936,-0.10075369417069,0.130925656330515,-0.333979422149212,0.23524876409128,1.11326033614042,-0.738257558223326,-1.24024352283868,-0.696016939253532,0.690595290266559,-0.708705024057152,-1.56531543697313,-0.616079834918179,-0.199127291665113,0.787628624021312,0.45801790826296,-0.333979422149212,-0.547435183985099,-0.44257322543477,-2.97399140413837,0.0792511068324541,1.93357550881557,-0.499564470154296,1.75608517728272,-0.633910484386522,-0.665258383296233,-0.839101164308632,-0.723488865413399,-1.33955759173106,0.726172755495118,3.66060696836382,0.707844714924821,0.812099797669774,0.869512792663029,0.546828776837966,-0.421919245194591,-0.951156139549743,-0.523804376549633,-0.105964675924132,-2.19523358354898,0.759024245945591,-0.230075729421995,-1.01491959621532,-0.826258750205395,1.98895106010947
comm.and.crime_point_0667,comm.and.crime,regression,0.22,0.294388732349641,anomaly,-1.6882732998595,-0.519882053238727,-0.375024355916575,-0.142900394170307,0.317118292640701,0.189657297261516,-0.687872404062027,-0.619472066787389,-0.156045871094839,-0.584177697663477,-0.397969848981704,0.484612361667126,-0.343626531286471,0.682832724400303,-0.339713990523725,-0.208593694559321,-1.28152865625967,-0.9866146764278,0.799837073718665,-0.890344957479674,1.19806501745397,-0.432151904040676,-0.576901296561691,-0.685472708736566,-0.12295514977188,1.13181035517429,-0.933198174429091,-2.10988394317149,-0.35568405855027,-0.582228126868179,-0.214695894768757,0.181079343040496,-1.1074695256283,-0.264778411457355,-0.523299893074292,-0.525649875265053,-0.402359601765361,-0.257506183800045,-0.919734696831824,-0.226042158711328,-1.27939350890263,-0.556989398460331,-0.404521482090398,-0.502918505617492,0.589585501005203,0.432961111715639,0.667283882053004,0.402681671401718,0.881022906339523,0.703657382637049,-0.241958561604024,-0.173931992421487,-0.34476848053886,-1.46155861675429,-1.70972241982659,-1.98055152906875,0.164750488221586,-0.769171424646212,-0.770634624582392,-0.78049817719312,-0.736210329354915,0.855547772725906,-0.548829847861638,-0.852674245419489,-0.691582097088426,0.0465858602511433,-0.281327002043937,0.348137302479556,1.40751075272983,-0.601380811530617,-0.725679262825477,0.726172755495118,-0.444061083654919,0.826966057285032,1.57293526977546,-0.112635148273496,0.776064299963135,0.111080258000336,-0.636114243502866,0.227542236551704,-0.778386370841756,-0.792470938203999,-0.803145557548822,-0.576224968185445,-0.680708868864655,-0.898012962874244,-0.534676575320374,-1.53466458868703,-1.17343897873991,-0.0717389230187961,-0.286904425214791,-0.226875569169311,-0.889317488918297,1.57152951062578,1.51611184073429,1.5638017736507,1.25350078732634,-0.413219819433159,-0.407961060951538,-0.70587936432781,-0.391348688885798,1.0488428476066,0.584266192935153,-0.138628602798245,0.72448175801232,-1.90644897969834,-1.10088084339349,-2.60606213976168,-0.34476848053886,0.0610890712128745,-0.551753470686607,-0.370866985519292,0.458579831344262,-0.854968167441532,0.166127940215069,-0.555677486507623,-0.798318966812861,0.287579502381766,-2.28082892918333,0.530234322887664,-0.263347611309168,-0.391348688885798,-0.413219819433159,-0.413219819433159,0.169078085395916,-0.965225617418908,-0.141398140072703,1.54523312038634,0.311566195365187,0.753309643725566,0.748376364209891,-0.324717903551093,2.32407992805221,1.1441185431077,0.0394141611302526,-0.493873574512357,-0.630806040272269,0.0667263240013159,-0.477052214376713,-1.56531543697313,-1.56531543697313,0.541247834307328,-0.602185097684464,0.415210582653175,0.511849510519854,0.817785642030109,-0.0117421441154574,-0.590959780665129,2.00049053352487,0.15346437026538,-0.286904425214791,3.35219097202891,-0.36428070280995,-0.216759028140039,-0.626298265141257,0.260319362349526,-0.862692382208638,0.364187902780905,-1.48986729066394,0.249375824669157,0.687062114951965,-0.0713724957371486,-0.924361576905879,0.277067099578957,-1.65265881220558,-0.579261189746669,-0.523299893074292,2.93819008440092,0.347766031238483,-1.02709316224863,-0.199361816374992,-0.230075729421995,1.04374462210848,-0.576459764357761,-0.917186199337522,-0.514522113788516,-1.50406343187183,0.356575042642296,-0.930668231079202,0.348137302479556,-1.1288425117501,-0.375024355916575,-0.943185334835349,-0.925393473242442,-1.40242760634748,-0.333979422149212,1.29719677575826,-0.649009732299257,-0.484813844404564,-0.882023949694159,-0.738257558223326,-0.630806040272269,-0.708705024057152,-0.935833951788567,1.03524277168163,0.0682230525702607,0.688607062513258,0.682832724400303,-0.241958561604024,0.012169761977951,-0.0201670357368324,0.58448334399507,-0.438232993123054,-0.705827158615937,-0.187688592418646,-0.938572255698432,0.374882417342708,-1.07041421682643,-1.58352531523914,0.948245147585665,-1.2458191169842,-1.23321624918318,1.19611436503544,1.15430942144021,0.995053926757281,-0.669300457399169,1.35116373747598,1.09306603880586,-1.70972241982659,-0.728501275489362,-0.210617258288034,3.0461400666694,0.90725587531605,0.572773528396057,-2.19458968065222,-0.739281849167541,-1.03742764507821
comm.and.crime_point_0054,comm.and.crime,regression,0.05,0.015209127102766,nominal,0.324222120103087,-1.56383453476745,-0.296225771543798,0.956559616024903,-0.669300457399169,0.927243136822718,-0.400622650407643,-0.533447461928133,0.423866989262996,-0.653833281538438,-0.217794594564951,-0.91058984619347,-0.265657561852559,0.165758647284414,2.04848829795571,1.04883585589804,0.0413031744765323,1.31584296962947,-0.697698254915155,-1.20546616133649,-0.234225751351356,1.83763212485009,1.6731292242622,1.50933933176197,1.56708632650784,0.585612258152271,-0.0632363539352424,0.184187521212675,-0.433845179637909,-1.10745167520755,-0.964603692743623,-1.20158229271402,1.47387709835544,-0.611019470771741,0.510966613656022,-0.525649875265053,0.623533047702732,-1.26292488459756,1.71054770588002,-1.43178357631207,-0.481387672935926,-1.47038902675529,-1.49380687748304,0.855477256765716,1.43126877382367,1.45063237705275,0.89585600821491,0.872638442876987,-1.72852524229167,-0.951202378562316,-0.333979422149212,-0.869747200724323,-0.34476848053886,-1.14205297583563,-1.09338731710165,-1.28575565486694,-1.52781963292701,-0.684350728885536,-0.64369508486844,-0.653776320283739,-0.693624944209472,0.591078001573987,-0.548829847861638,-0.242196122550708,-0.0623499430471371,1.16719024213992,1.49167775900326,-0.866859498853478,1.55972771991409,-0.791896494605177,-1.82707676909124,0.726172755495118,-0.444061083654919,0.775426071093047,1.35695724140937,-0.434074812882258,0.564407987550553,1.01443522469408,-0.965539767392024,-1.17821175605928,1.04850764809996,1.10783053316,1.15220210325033,1.47554750781773,1.32619130538294,2.32407992805221,1.76143407289747,0.117254540572726,0.642085542646951,0.135952419993153,-0.286904425214791,-0.226875569169311,-0.49993325352347,-0.777628410332139,0.964697885344563,0.267182086905024,0.194078202433754,0.409004693212087,-0.949587954657186,-0.225644935755658,-0.391348688885798,0.0903259248506256,0.670299999286939,-0.0598300184254683,-0.907797521612643,1.6520257684351,-0.928088305474204,1.16017042020929,-0.230075729421995,1.08698470595177,1.16017042020929,-0.0468999429701671,1.7814317839229,0.633849512110727,-1.63804540312042,-1.04806557169458,-0.58944929060163,-0.342407471398352,0.287579502381766,0.0582574288134486,0.724267842801197,-0.391348688885798,-0.504578098615964,-0.504578098615964,-0.370866985519292,0.546377825711547,0.152246600047036,-0.0636258900830415,0.46618615394114,-1.22022225196689,-0.687872404062027,-0.506783935891765,0.874138127135308,1.03450568696218,-0.324717903551093,-0.388045418306067,-0.532924460232356,0.927243136822718,0.37633485093474,0.682832724400303,-0.441241356286412,0.924892830816656,-1.60483112358495,0.351888984044347,1.60620225067534,-0.722945859776196,0.800574593079997,2.63487820670041,-0.0869550913836323,-1.23612737813824,-0.286904425214791,-0.198157722851353,0.224571308055511,-1.64963732071814,0.137926467172162,-0.9955116260173,-0.722114179256525,-0.503041693998314,-0.103565429551178,-0.188310465613652,0.774599373008527,0.754335996180896,-1.00671795787817,0.601034142128082,0.412240099369111,-1.68208910052612,-0.753136894569917,-1.44042787894386,-0.121200695287352,1.01271768067076,-0.277522937462631,-0.115382978305131,1.26118687470311,-0.318385949779994,-0.0705609496871936,-0.514522113788516,0.454251997880092,-0.235276207381626,0.557096293441894,-0.444251915781118,0.352751675137971,1.12214874716618,-1.1001642083812,0.46618615394114,-1.45189061482096,-0.333979422149212,-0.649707912297875,0.541713286916744,-0.611535701313945,-0.4726301518147,-0.611535701313945,-0.0924573500527467,-0.000739682945828393,-1.56531543697313,-0.736908318327921,-0.600152808018174,-0.499651675583395,0.682832724400303,-0.0579168405136468,-0.59830836089083,-0.315851368525389,1.11825455621509,-0.891031580584123,0.866582941130492,-0.343626531286471,-0.595615855137194,-0.886108709818829,1.8557112475583,2.78376303688651,-0.514522113788516,-1.05834216749048,0.726172755495118,-0.7440181099252,-1.74771117090983,0.507176249190595,-0.629843707397574,0.446286906758215,-0.956619933665339,1.08749073869428,0.192634769739419,-0.472248714197789,-0.294515666436819,0.363739900957701,6.19271833312243,-0.758469577859468,-0.478351146053977,3.14906289709809
comm.and.crime_point_1208,comm.and.crime,regression,0.61,0.0728303341724883,anomaly,-0.407594396246943,0.524070428289996,-0.453822940289352,0.345748499249786,1.38245054268376,-0.711836506646619,-0.639997445119629,-0.576459764357761,0.359432227001014,-0.235899778288672,-0.397969848981704,0.205571920095007,-0.499564470154296,-1.56531543697313,-1.48605108899385,-2.01273174521553,-0.105678140049712,-1.77281972630101,0.857434586358428,2.75605754429206,-1.01004991778758,-1.49138445085637,-1.41412195547291,-1.3278567205898,-1.17194641091102,-0.567472613338656,2.95604290542576,-0.744365214371393,-0.121200695287352,3.05056808247913,2.40998139814327,2.05754870585019,-0.964061379851424,3.04924315626605,-2.36199590503929,-1.21739747899386,0.965497264192096,0.14466129651896,-0.490300835164584,-0.0616228744930443,-0.65238892350022,0.128060322760887,0.0856569458362924,0.855477256765716,-0.648184017845477,-0.730091762955347,-1.11557870200987,-0.850536385865668,-1.19475403007165,-2.72019039915474,-0.149937701058835,0.956767721070621,-0.34476848053886,-1.46155861675429,-1.70972241982659,-1.98055152906875,-0.45072955583245,-0.769171424646212,-0.770634624582392,-0.78049817719312,-0.778795714500358,-1.70099334840932,-0.00267053824910844,1.13137965390405,1.09124233936189,0.459440106210166,-0.15468380482628,1.29900436439237,-0.165397908174131,0.684600049222664,-0.377869524004709,0.726172755495118,-0.37760024144161,-0.513073583706566,0.115083578304395,1.63232303103121,0.881892456169426,0.0250464516485512,2.45225004295799,0.615336441409908,-1.04573671507713,-0.965225617418908,-0.930668231079202,-1.48812384640908,-1.54080894354219,-1.50215537992296,-1.37814579303305,0.766222769924772,0.588687762606162,1.64171465682978,-0.286904425214791,-0.226875569169311,-0.932582403962166,1.91411504076547,1.07498067642251,1.2147118579884,1.55619295443851,-0.504578098615964,-0.161767018358061,-0.531248663028845,-0.391348688885798,0.455475228757665,-2.12579870714607,0.0977671503200851,-0.462630445351289,0.0507121317750543,-1.61925845715135,-0.608817600383137,-0.230075729421995,0.277067099578957,0.475400863850929,1.41095174850089,-0.917186199337522,-0.524119794207697,-1.05813254276258,-0.211005826876756,1.70811714772191,-0.4393285442876,-1.11777605451234,-0.708705024057152,1.8106448423226,1.35626088756764,-0.504578098615964,-0.139144981884744,0.871006677585685,-0.61971625898909,-1.12021394047183,1.2004776181429,0.517726140133124,-0.857736801737663,-0.256997773580451,0.100102838577144,0.632481160315823,0.431634978161806,-0.203340548657311,0.458579831344262,0.788476870306472,-0.261089604692552,0.281514065900134,-1.56531543697313,0.592906797945366,-0.00681644642028318,0.105565038245289,1.68164255482974,-0.985685818113966,-0.0952404331143684,0.561657905669569,-0.491703227207728,-0.304397343978269,1.14602990483939,-0.286904425214791,0.5119120161247,2.6870433534929,0.294983219209284,-0.721826356680434,0.260319362349526,-0.20666076843211,-0.229179716068034,1.08469330854548,-0.407153610755056,1.08097977620649,-0.425247563702025,1.1757261378875,1.78891329814154,2.2411505639067,0.46842532549381,-0.86805539531773,-0.212278938005688,-0.35568405855027,0.636963051711922,1.20753836320251,-0.230075729421995,1.60909447885453,-0.576459764357761,-0.017646871584048,-0.0965886105387498,0.68464204843914,-0.156362707378436,-0.463085094801143,-0.549903811549208,-1.07592843364696,-0.217427187171022,1.6731292242622,0.156946236789233,0.427703707171417,-0.241958561604024,-1.41667036516848,-0.744267573836537,0.444479772930899,0.602028567618877,-0.611535701313945,-0.141398140072703,0.648228546406218,-1.56531543697313,-0.938289124010825,-0.466477635900487,0.143988474218959,0.682832724400303,8.22396060855332,-0.547435183985099,-0.78049817719312,-0.957522380196087,-0.761660555595246,-0.874299669303055,-0.265657561852559,1.51111631973898,-0.684350129472983,-0.710275698132921,-0.987985994494734,0.182033724961094,-0.0740881826484698,0.726172755495118,-0.114785955883911,1.76819839289887,-1.44433446107615,-0.708757207400764,0.044119426439209,0.825715694570486,-1.33043927968817,-0.114410578670175,0.626603400623183,0.511849510519854,0.660203159698619,1.60500828844784,1.34442057265849,-0.478351146053977,-0.93654835490529
comm.and.crime_point_0291,comm.and.crime,regression,0.1,0.075674152063313,nominal,0.324222120103087,-1.21585037425788,-0.296225771543798,-0.692630399267912,-0.629843707397574,0.886266145735984,-0.544247527234835,-0.533447461928133,-0.864828255976639,-1.14142236866316,-0.818378775954126,1.87981456952772,-0.499564470154296,-1.56531543697313,-0.530770173602079,-1.08332729487748,-0.742597169663439,-0.0880946194298402,1.83659230123439,-0.125050605255976,2.15292552999086,-0.58347083930006,-0.472248714197789,-0.631940707748796,-0.297787026628403,-0.506783935891765,-0.267933252874971,0.0203252737566635,-0.277522937462631,-0.363384981726775,0.160258004218676,1.11931402444534,-1.1074695256283,0.675018749538836,-1.09789239681336,-1.36562910836432,-0.288371529602239,-0.0564224436405426,-1.02709316224863,-0.445267871002372,-1.10839225833834,-0.842426782302506,-0.676842830938559,-0.826346068089685,0.243010035727013,0.239118965937142,0.118710779264428,-0.171709938179167,-0.423751167976071,0.24714434506481,-0.241958561604024,-0.260908893459341,-0.34476848053886,-1.18769663882401,-0.951156139549743,-1.33538393159564,-1.47652962925584,-0.726761076765874,-0.686008264773091,-0.738257558223326,-0.736210329354915,0.591078001573987,-0.503316572060594,-0.343942476362171,-0.324530007231007,-0.484226741696171,-1.04118618534988,0.612267041899781,1.10307681836132,-0.458494049224697,0.0858767944229815,0.726172755495118,1.01807744503787,-3.70855272760961,1.41095174850089,-0.847354381664952,1.88725994012919,0.283147870703906,-0.512579672044432,-1.17821175605928,-0.377360854488696,-0.403772909970454,-0.420577536957683,0.335673910038188,0.22717454329497,0.0686149044036935,0.40251144436038,2.06415922862887,0.695483322687741,2.68017137188953,-0.286904425214791,-0.226875569169311,-0.716257828742818,-1.02233236043192,0.578708116571755,0.167442111001511,-0.310408742753192,0.134929855663671,-0.851110337619796,-0.31296028640514,-0.391348688885798,-0.229179716068034,-0.491156386462159,-0.453822940289352,-0.808871504665675,-0.542366992913852,0.627044535799378,-0.894138248865786,0.572773528396057,0.0610890712128745,1.90200410626417,-0.532850506793854,-0.440959496409212,-0.193271420973861,-1.25143682954853,-0.70339391206371,1.34259521435226,-0.10010478917523,0.77218486682801,1.23819966399899,-0.362109156720205,-0.391348688885798,0.226288134846476,-0.139144981884744,1.46494625559241,0.416811816300365,0.396950550146819,1.77507012188196,0.0538662644052637,-0.0924897401426294,-0.161247855695657,3.43798009815614,-0.0522135790060488,-0.226042158711328,-1.23504806525446,1.04063469047886,-1.46279947061153,-0.0562046492588845,-0.951156139549743,0.682832724400303,-1.56531543697313,0.102796409725239,-0.779122631666902,0.0352809910002048,1.77899478859462,0.30420847476134,0.22717454329497,-0.243561843564225,3.21816714805484,-0.193933566835524,-0.286904425214791,-0.252778472003357,-0.257216700834412,-0.523804376549633,0.94991524525517,0.0510141976217214,1.38655886502517,0.0903259248506256,0.441053158743122,0.94967388912165,-0.363384981726775,-0.366268385707879,-0.965539767392024,-0.154888957153209,-0.708705024057152,-1.84751328714304,0.625885114403834,0.695483322687741,-0.35568405855027,-0.436621602456179,-0.35568405855027,-0.230075729421995,-0.652304948129686,0.0687247720866572,-1.1288425117501,0.112378141086133,-0.640100742275393,0.00146429262794278,-0.548100210488063,-0.232948124244939,-0.864272121234376,2.69812043462171,-0.158290967106083,0.208486222981217,0.72448175801232,-0.149937701058835,-0.000739682945828393,-0.696638653067897,-0.400332606464976,-0.421455927079768,-0.611535701313945,-0.630806040272269,0.0582574288134486,-1.56531543697313,1.55883286645718,-0.733827980135861,-0.153076210305205,0.682832724400303,-0.241958561604024,-0.750927891608026,-0.484813844404564,-2.97399140413837,-1.14977363056188,0.13653539481965,-0.187688592418646,-0.546622083628446,0.828839223120861,2.39591902559856,0.649747137552387,0.112378141086133,1.23825046380754,0.726172755495118,-0.114785955883911,-1.35705455270886,1.17800805584479,-0.51147345739279,1.45170560755573,-0.912061542959443,-0.334821036824805,-1.24024352283868,-0.786206461289495,0.569447023159616,2.19192999652669,-0.34476848053886,0.934100543289131,3.0007248954602,0.980158158380245
comm.and.crime_point_1479,comm.and.crime,regression,0.06,0.138427398676984,nominal,0.324222120103087,0.87205458879957,-0.296225771543798,0.284667387572275,-0.393103207388005,0.0257493329145824,1.94525033776982,0.111737074516285,-0.800393493714657,-0.653833281538438,-0.578145103398456,0.484612361667126,-0.187688592418646,0.682832724400303,0.94991524525517,0.502127355699187,-0.840584712680936,0.866582941130492,0.742239561078903,-0.710275698132921,0.72063476118553,0.879278868207322,0.626603400623183,0.492231312994358,0.751204234510732,0.100102838577144,0.346157443944216,0.566532765276704,-0.35568405855027,-1.01991441715099,-0.355303606889044,-0.460870702131241,0.0875983558456533,-0.363704428404322,0.625885114403834,0.0178660990932967,-0.402359601765361,-0.659673664119051,0.100170724627871,-1.32217072016655,-0.0823847549525736,-1.24203911968155,-1.27594979840451,0.402678669304647,0.936160966283394,0.917566476161884,0.987284858679672,1.34259521435226,-0.127211605631618,0.30420847476134,-0.333979422149212,-0.782770299686468,-0.000690227188266011,-0.320467042044794,-0.145179466755593,0.00457954007927846,0.164750488221586,0.800011446926297,1.00651893141293,1.16257029541739,1.26530277248089,-0.863505739761571,0.315922392358201,0.164789292695146,0.252266133973507,0.518419284204312,0.858461772914973,-0.180122176360894,0.747903894931396,-0.172720524612857,-0.435837813808171,0.726172755495118,-0.444061083654919,1.08466598824495,0.601034142128082,-0.939194285838884,-0.388045418306067,-1.22244374045233,-0.924361576905879,0.0336451341226025,1.13762442951176,0.891887184141365,0.642111409128814,1.33876267608418,1.27840796790085,1.19634741622795,1.10540245912095,1.12020544048043,1.17606334305485,1.38210047806485,-0.189444898148642,-0.226875569169311,1.70657741371388,-1.02233236043192,1.68153602735121,0.865621942326106,0.244526896952449,-0.504578098615964,2.3494122160954,2.13186953178036,-0.391348688885798,-0.913834660893733,0.111080258000336,-0.375024355916575,-0.611019470771741,-0.720290730320524,0.0510694094017551,0.817785642030109,-0.115382978305131,2.00489132650762,1.44549106869194,0.925001184677206,-1.28758474605954,0.744132303188673,0.101693177953087,-0.407961060951538,0.0893771570848711,0.142197893047893,1.25679023127425,-0.885696359334983,-0.658393792953314,-0.391348688885798,-0.0477867027019386,0.134929855663671,-1.45075712734971,0.200868467281728,-1.02233236043192,0.568425864029928,-0.152293680362675,-0.978565285147405,-0.544247527234835,-0.446095258444874,-0.736908318327921,-0.500074299075133,-0.385406580997984,1.30520508099459,-1.51174026063149,-1.08062942642722,1.08749073869428,0.682832724400303,0.682832724400303,-1.59620286053036,-0.248310029719587,0.351888984044347,-0.294515666436819,-2.03542084279638,0.513874568187483,0.351977477180183,0.260952512767785,-1.78203842215394,-0.286904425214791,-0.525882217763377,-0.846068711699873,-0.370281702344836,-0.674062310910845,-0.681553878925593,-0.862692382208638,0.227256913815765,-0.549162456337422,-1.06368304617927,-1.06368304617927,0.282502572227728,-0.183154148155274,-0.100894450061688,-0.000739682945828393,0.192718347798946,-1.04043314643945,0.268301082361422,-0.199361816374992,0.851679982545541,-0.35568405855027,-0.230075729421995,1.04374462210848,-0.447422857068877,-1.49924105847212,-0.584177697663477,0.569447023159616,-0.393103207388005,0.217035830694215,-1.1309892382737,-0.599701730718649,0.491760072183968,-1.62342712020071,-0.616153556090535,0.477166715644901,-0.0579168405136468,-0.35472235350149,-0.839525415373817,-0.696016939253532,-0.984372399164023,-0.315851368525389,1.08212161042621,0.766222769924772,0.682832724400303,0.592204999179243,1.62776672727661,-0.202586991059232,0.682832724400303,-0.241958561604024,-1.05616695304242,3.44356371978626,2.12648906818623,0.467364181799085,1.48431548031659,-0.265657561852559,-0.44863454061095,-0.684350129472983,-0.845327642642986,0.252720923722782,-0.932455617038282,-0.636519031129619,0.726172755495118,-0.953762161272296,0.428804273352702,-1.0174414932053,-0.550930207394384,-1.21265394955768,0.291015006099739,-0.145179466755593,0.0391120955346223,-0.210617258288034,-1.79205099507064,-1.11857639274689,1.49031553733097,1.13926055797381,-0.826258750205395,-0.129514033521907
comm.and.crime_point_1835,comm.and.crime,regression,0.15,0.091695175843289,nominal,-0.224640267159436,1.56802290981872,-0.453822940289352,0.0403429408622278,-0.590386957395979,0.845289154649251,-0.400622650407643,-0.533447461928133,-0.091611108832858,0.0427225572111723,-0.0976777582871161,-0.240892786420384,-0.343626531286471,0.0758327208294768,0.711095016407226,0.775481605798612,-0.44863454061095,0.13653539481965,-0.121723128517532,-0.620241068459545,0.123846940849976,0.576640997688553,0.364971944713428,0.224571308055511,-0.589173488055941,-0.931604678020002,0.0391120955346223,-0.853606712675401,-0.35568405855027,-0.801071272009583,-0.449042081635903,-0.460870702131241,0.135401071104611,0.0814626478570313,0.568425864029928,0.956666418439536,-0.0603953852759968,-0.358048053879797,0.314887655461491,-0.8289128675117,-0.0823847549525736,-0.899514259070941,-0.894699910017088,-0.114805430650861,0.985671747037421,0.869105939717259,0.850141582982528,1.08150811908822,-0.127211605631618,0.646593252940519,-0.333979422149212,-0.43486269553505,-0.34476848053886,-0.229179716068034,-0.382231429342107,-0.541331503936429,-0.55330956317479,-0.387478293723169,-0.389816005440537,-0.44257322543477,-0.438112633336816,0.502921411190013,-0.548829847861638,-0.496562007079367,-0.429402032904556,0.105565038245289,0.478532181262003,-0.655555707317298,0.64642591680856,-0.696638653067897,-0.493806103611632,0.726172755495118,-0.444061083654919,0.569266126325109,0.43905062085352,-0.939194285838884,0.299837597034825,0.0250464516485512,-0.924361576905879,-0.790417551201081,0.647482131746904,0.50318915590782,0.429573619911515,0.10769919048228,0.370524555741227,0.390824193496339,0.355652043376342,-1.3576732534092,0.428494422483792,0.55133510601705,-0.286904425214791,-0.226875569169311,-0.326873593347992,1.03318082040625,0.964697885344563,0.815751954374349,0.648116453102006,-0.0477867027019386,-0.900349146138491,-0.618564013678328,-0.391348688885798,-1.46155861675429,0.842367611990508,-0.296225771543798,1.51588989358806,1.41479411855954,0.799837073718665,-0.551753470686607,-0.34476848053886,0.223072592487436,0.0759519559752211,-1.23477909898362,0.299837597034825,0.633849512110727,1.58369270997867,-0.506438677988928,0.611551347612948,1.49909291349738,0.723724330383386,0.648228546406218,0.230460115746014,-0.391348688885798,0.226288134846476,-0.413219819433159,0.43905062085352,0.114491127674274,0.984240030386299,0.625885114403834,0.775426071093047,-1.17994609083031,1.03562611786427,-0.749538645679329,-1.01884144628399,0.102796409725239,0.342857548364707,-1.18175658985325,-0.239279720112616,0.312588270521716,-1.14079770961895,0.682832724400303,-1.56531543697313,0.760473546598372,0.459440106210166,0.921783371523802,1.37581220011629,-0.608817600383137,1.03949128049042,1.5926843953977,0.869790820032767,-0.442074950479027,-0.286904425214791,-0.252778472003357,0.0639753050922037,-1.13789507336882,-0.817354448219611,0.312645653531477,1.80829347388151,-0.776903671928593,-0.301608552567286,1.60620332454586,-0.0570045785288092,2.05187791205211,1.1757261378875,0.871006677585685,0.412240099369111,1.13012207196148,-0.00616663970913513,2.5110078440746,-0.277522937462631,0.475925353586706,-0.433845179637909,-0.34476848053886,-0.0869550913836323,0.0687247720866572,-0.176389105893484,0.391000476585978,1.14542214955724,0.0409210426295376,-0.633115326174983,0.242485406711466,-1.28758474605954,-0.217427187171022,2.24871842726367,-3.70855272760961,-1.50135362329445,-0.241958561604024,0.943214105202603,-0.649009732299257,1.07808905747781,-0.933198174429091,3.44356371978626,0.739536080286516,-0.826699247575706,-1.56531543697313,-0.938289124010825,-0.0654521195474263,-0.450140894829368,0.682832724400303,-0.149937701058835,-0.649181537796562,-0.10464827367642,0.762407081401742,-0.1794909431453,-0.818142165740683,2.22934946003264,0.531240889564015,-1.23918622542406,-0.125050605255976,0.848260244467189,-1.21107795253813,-0.261565132142186,0.726172755495118,-0.796454122761974,-0.743165581250199,0.324222120103087,-0.669300457399169,0.0943903614790845,-0.733827980135861,0.803028383590466,0.44850589341408,-0.105964675924132,-0.00652810323800724,1.7966456515388,-0.230075729421995,-0.194279537476602,-0.652304948129686,-0.23039332369483
comm.and.crime_point_1690,comm.and.crime,regression,0.34,0.286368058839351,anomaly,1.17800805584479,1.22003874930914,-0.453822940289352,0.223586275894763,0.0803777926311325,-0.0562046492588845,0.221751815843521,0.111737074516285,0.55273651378696,1.29652306696047,0.923315350074482,-1.80351925922425,-0.343626531286471,0.682832724400303,-0.578534219371668,1.21284840595769,0.433253346546518,-0.76198466217831,-1.90724602035016,-0.440171809112793,0.123846940849976,-0.835669064732367,-0.576901296561691,-0.631940707748796,-0.12295514977188,1.13181035517429,-0.67732705075443,-0.252778472003357,-0.35568405855027,-0.0570045785288092,-0.917734455370194,-0.954678429186424,0.326611932140444,-0.611019470771741,0.913181366273366,-1.26680802211735,1.13647937243678,-0.458589923959548,0.475925353586706,-0.280848586784089,-1.22239309204787,0.128060322760887,-0.0777358634726045,-0.050119918156423,0.441053158743122,0.287579502381766,0.0729963540320473,0.611551347612948,-0.483059080444962,-0.665881730079667,-0.333979422149212,-0.347885794497196,-0.230075729421995,-0.868190997905353,-0.761514569480531,-0.144305290106824,0.164750488221586,-0.514709337364183,-0.432129185345187,-0.189129511616007,-0.0974295521732745,0.0621384592701477,-0.412290020458506,-0.343942476362171,-0.219657981557459,0.518419284204312,0.415210582653175,0.770744885551916,-0.723526787849732,0.160681920767624,-0.145996364790864,0.726172755495118,-0.311139399228302,-0.822313500858473,-0.640839520976896,-0.75551447749102,-0.388045418306067,1.444604256453,0.681587852053764,-0.887366102415632,-0.466477635900487,-0.360584240166726,-0.378069979114223,-0.530630024274263,-0.680708868864655,-0.65635599605476,-0.581535976304412,-0.649707912297875,0.535289982565372,-1.16211847383153,-0.286904425214791,-0.226875569169311,-0.110549018128644,-1.6096218406714,-1.5166649139092,-2.1265773347793,-3.28688171935617,-0.321861540250354,-0.70339391206371,-0.662221689003069,-0.391348688885798,-1.05076564985887,-0.491156386462159,-0.217427187171022,0.922333791906255,1.0589466437462,0.223861947321042,-3.00551104763739,-0.230075729421995,-0.100894450061688,-0.209368692507428,0.223072592487436,0.0352672065190975,0.523566721032782,1.19708413640678,0.330621066828893,0.924855861929795,0.384500575271014,1.3537113041635,0.530234322887664,-0.312728384014686,1.77235840577084,-0.413219819433159,-0.413219819433159,-0.640839520976896,-0.749282268400272,-0.141398140072703,-0.121085140456948,-1.69849326612221,0.269995710086597,1.22712595363386,-0.264029226104202,1.23662357736453,-0.883719295584461,-0.506783935891765,-0.70552988692494,0.445891340166776,-0.670859515559886,1.13490113121159,0.682832724400303,0.682832724400303,1.1441185431077,0.990252708157481,-0.281327002043937,-0.294515666436819,-0.152304562810898,1.42175798034711,1.19565818156809,-0.521839596572905,0.0542078168079789,-0.286904425214791,-1.07208970928342,-0.524876705773258,-0.216759028140039,-0.769590402450023,3.29524425090269,-0.956411184176713,1.59656680346716,1.18371487005353,1.16851703426305,-1.19498893326411,-0.66116427567861,-0.0184413862106956,-0.478855999702333,-0.472716577020044,0.137576952259974,-0.408381392326479,0.428494422483792,-0.433845179637909,-1.08077239495704,0.425927152326122,1.14623728398038,-0.478351146053977,-0.447422857068877,-1.7108973708847,-1.48970028803797,0.108666922041517,0.159291292634322,-0.335562421270764,-0.866859498853478,0.564407987550553,-0.296225771543798,-0.315269840651936,0.311566195365187,-1.352964597874,-0.241958561604024,0.176251652332003,-0.458494049224697,-0.315851368525389,-0.267933252874971,-0.569295082344151,-2.00114816083105,0.766222769924772,0.682832724400303,2.28380376691563,1.09306603880586,0.342031597235068,0.682832724400303,0.402187462212296,-0.29306929945644,1.75393896099451,0.762407081401742,1.37296135672122,-0.930457172865427,-0.0317506535508209,-1.03655979871593,-1.08786729016467,-1.1604488464998,0.351977477180183,-0.444866529913555,-0.683388268503048,-1.23321624918318,-0.586710071414878,1.37754177469791,-1.50531917077199,-0.669300457399169,1.5019765425956,-0.778386370841756,-0.856335354515137,1.67668728705245,0.155666779985624,1.203019662197,0.709613702822105,-0.34476848053886,0.267330495563925,3.08770179649806,-1.13830693525114
comm.and.crime_point_1593,comm.and.crime,regression,0.11,0.060681415169059,nominal,1.60490102371564,0.87205458879957,-0.375024355916575,-0.875873734300447,-0.708757207400764,0.845289154649251,-0.256997773580451,-0.576459764357761,-0.800393493714657,-0.584177697663477,-0.518086685259539,1.04269324481136,-0.499564470154296,-1.56531543697313,-0.626298265141257,-0.973985594837714,-0.98756602720718,0.754267934005747,1.14542214955724,0.415157172784282,0.72063476118553,-0.58347083930006,-0.419922423015838,-0.578408706761027,-0.356064318913911,-0.688849968232438,-0.984372399164023,-1.18133120758743,-0.277522937462631,-0.0570045785288092,0.300865716338963,-0.115205293192613,-0.868455949333508,0.427703707171417,-0.925514645691636,1.89546673778578,-0.801317854336286,1.20035093235635,-1.13445162766544,-0.0616228744930443,-0.65238892350022,-0.214464537849722,-0.132200133242237,-0.696975043100807,-0.153076210305205,0.190658429492517,-0.0184324964327153,-0.0150576810207445,-0.779598642789415,-0.837074119169256,-0.241958561604024,-0.217420442940414,-0.34476848053886,-0.229179716068034,0.423745243452043,0.550490584094985,0.369910502906264,-0.641940381005198,-0.60138190496379,-0.611535701313945,-0.608454173918587,0.723312887149946,-0.412290020458506,-0.547435183985099,-0.586710071414878,-0.779122631666902,-0.851221389523392,-0.549903811549208,0.139036026194378,-0.553751890761977,0.143845084226443,0.726172755495118,-0.444061083654919,0.826966057285032,0.169078085395916,-0.801434429577986,-0.176389105893484,-0.620207095989836,-0.430223291072143,-0.1602519683065,-0.867503152253548,-0.922036947615181,-0.930668231079202,-0.804199687741353,-0.824058881310911,-0.857736801737663,-0.862692382208638,-0.649707912297875,-1.81421233922939,0.18787525574614,-0.286904425214791,-0.226875569169311,-0.759522743786688,1.52258872060582,0.523566721032782,0.915491930277863,1.05170600925156,-0.321861540250354,-0.506438677988928,-0.70587936432781,-0.391348688885798,-0.822547334916973,0.584266192935153,-0.0598300184254683,0.971796800379738,0.287943781650617,-0.294515666436819,-0.837074119169256,-0.230075729421995,-0.424861492610813,1.21723454990582,-0.154888957153209,2.68097111167637,0.358142534415864,-0.091611108832858,-0.949587954657186,1.34259521435226,1.25679023127425,1.11140862194038,1.00221121696188,-0.510251474836759,-0.391348688885798,-0.321861540250354,0.226288134846476,0.709023156311124,0.33043447669291,-2.49055606103062,-0.408381392326479,-0.358453625130612,-1.38132689651321,-0.687872404062027,-0.446095258444874,-1.50215537992296,0.102796409725239,-0.0819631937635291,-0.282217262099776,0.641654500246602,-2.10505420359556,0.423745243452043,-1.56531543697313,0.682832724400303,-1.21255786402103,-0.543205919690318,0.60517537847966,0.68464204843914,-1.17945889734843,0.513874568187483,0.649747137552387,-0.478351146053977,-1.63315359196784,-0.286904425214791,2.20515523983683,-0.792536710712104,-1.39376619704348,-1.10393872283714,-0.472248714197789,0.730527251248644,0.227256913815765,0.589585501005203,-0.363384981726775,-0.10077320755709,1.34412777612236,-1.04789614836431,-1.23477909898362,0.884216993443326,0.854415094266617,0.281129612160397,1.33625668317722,-0.35568405855027,-0.812376231415014,0.0351215468879261,-0.000690227188266011,-0.43486269553505,-0.447422857068877,-0.0705609496871936,0.182033724961094,1.203019662197,-0.51147345739279,3.10754976404949,2.14421953053709,-1.02301435554381,-0.0598300184254683,-1.04783791719925,0.00232627821327909,0.427703707171417,-0.241958561604024,-0.295725241742213,-0.506122969993337,0.275517297051724,0.550854342883945,-0.611535701313945,0.10330581002708,-1.06268769461281,0.682832724400303,-0.65635599605476,0.870274085276382,-0.697694798599504,0.637869761172835,-0.333979422149212,0.26653564650661,-0.527054463374357,-1.66921732982277,-0.826346068089685,0.529637919756257,7.29733247323696,1.36413500521273,-0.381712258954214,0.0550186540907768,0.649747137552387,-0.723488865413399,-0.449042081635903,0.726172755495118,-0.901326148435522,0.372996185038278,-1.0174414932053,-0.669300457399169,-1.36346675467731,-0.733827980135861,-1.04597692458435,-0.882023949694159,-0.105964675924132,-0.179320641157294,0.0672766422167828,-0.34476848053886,0.472490510248604,1.0872330726274,0.0218049017374774
comm.and.crime_point_0362,comm.and.crime,regression,0.22,0.143123699801197,anomaly,0.0192985716239078,-1.21585037425788,-0.296225771543798,-0.448305952557865,1.22462354267738,-0.629882524473152,-0.544247527234835,-0.533447461928133,-0.864828255976639,-0.584177697663477,-0.758320357815209,0.484612361667126,-0.187688592418646,0.682832724400303,-0.339713990523725,-0.0992519945195506,-0.791590941172187,0.13653539481965,0.511849510519854,-0.350137179439416,1.19806501745397,-0.432151904040676,-0.315269840651936,-0.310748701822181,-0.12295514977188,-0.14265187121042,-0.523804376549633,0.675774263580712,-0.35568405855027,-0.62599675589646,-0.0272189452750407,0.0329370249239415,-0.486034227261844,0.229851673277482,-0.00616663970913513,0.264918814710728,-0.402359601765361,0.044119426439209,-0.221904671622559,0.486441406234567,-0.367386839226397,0.527672660139931,0.52137110399335,-0.308861968134177,-0.648184017845477,-0.487789080732225,-0.0184324964327153,-0.380579614390398,1.23687038115287,1.10310629051276,-0.241958561604024,0.130487161211004,-0.34476848053886,-1.18769663882401,-1.33043927968817,-0.144305290106824,-0.0916995301342629,-0.769171424646212,-0.728321444677741,-0.653776320283739,-0.65103955906403,0.811469477533919,-0.594343123662683,-0.242196122550708,-0.219657981557459,-0.307289207713733,-0.407970199261594,-0.285774072128984,0.443469960562887,-0.410865128456057,0.317749953636827,-1.23321624918318,-0.311139399228302,0.156946236789233,0.43905062085352,0.346564372596164,0.246923518931679,-0.620207095989836,-0.84200519593359,-0.402623346342877,-0.689269589429965,-0.749282268400272,-0.760637999705362,-0.0290856412512651,-0.346225506490056,-0.65635599605476,-0.253520169416148,0.353242987609834,-1.06664341865833,-0.850581459313604,-0.286904425214791,-0.226875569169311,-0.802787658830557,0.886358450346385,0.964697885344563,0.566402014615565,1.00125731473287,-0.413219819433159,0.330621066828893,-0.225644935755658,-0.391348688885798,2.23557808530448,-0.792274708693406,-0.375024355916575,1.21911184274716,-0.0679036931627271,0.0510694094017551,-0.608817600383137,-0.34476848053886,-0.802823042251458,0.931913901423168,1.24896822722633,-0.599701730718649,0.854415094266617,3.71003986462407,-1.04806557169458,1.29037779529945,-0.342407471398352,0.966027012606508,0.23524876409128,-0.954678429186424,-0.391348688885798,-0.321861540250354,-0.321861540250354,-1.28877360607514,0.33043447669291,1.18000319046612,0.166211111412584,0.620806112517094,2.04214680009615,-0.496372568292438,-1.23504806525446,2.32407992805221,-0.0616228744930443,-0.385406580997984,-0.493873574512357,1.42470714056591,-0.424997569039485,-1.04597692458435,0.682832724400303,0.682832724400303,0.212409265870761,-0.484226741696171,-0.724578192305735,0.569447023159616,2.24438888444335,0.0838245308487138,0.302349200451482,0.521883215881349,2.98227614380132,-0.286904425214791,-0.853606712675401,0.171039307067742,3.41661092804015,0.328982650250517,2.40569730080952,0.730527251248644,1.87042878139744,-0.103565429551178,3.05056808247913,0.818368002036808,0.0465858602511433,-0.636114243502866,-1.99070219826491,-0.000739682945828393,0.247859743337919,-0.925514645691636,1.92363226362591,-0.043039574199713,-0.436621602456179,-0.35568405855027,2.0637792929153,-0.956724101762177,-0.490435159498505,-2.29295223001931,-0.862800033163321,-0.352113179076581,-0.550930207394384,-0.335562421270764,1.72161194746473,-0.811358043131231,1.0433501627934,-0.158290967106083,-0.66769354228252,-0.264778411457355,-0.333979422149212,0.353242987609834,-0.220349445381496,-0.146888892646214,-1.44494042177841,-0.400332606464976,0.299068970106906,-0.885696359334983,0.682832724400303,-1.05911760742057,-0.377360854488696,-0.202586991059232,0.682832724400303,-0.333979422149212,2.35233589964161,2.59875134039038,0.58448334399507,-0.1794909431453,-0.425039640804075,0.747939040788304,-0.00769059703221596,0.980158158380245,-0.800310327806298,1.4934278419403,0.391000476585978,1.09764275168726,0.726172755495118,0.619318223830926,-0.91058984619347,-0.224640267159436,-0.708757207400764,-0.307777118839921,-0.466477635900487,-0.477052214376713,0.65320279235381,-0.472248714197789,0.108666922041517,0.90725587531605,-0.34476848053886,1.498290583672,-0.695793398648614,1.03059780346671
comm.and.crime_point_1366,comm.and.crime,regression,0.06,0.109408456558905,nominal,1.17800805584479,0.524070428289996,-0.375024355916575,-0.26506261752533,-0.669300457399169,0.845289154649251,-0.496372568292438,-0.275373647350366,-0.156045871094839,-0.444866529913555,-0.518086685259539,-0.408317051363656,-0.265657561852559,0.682832724400303,-0.00536567013660394,0.338114805639531,0.580234661072763,0.0803778912572774,-0.179320641157294,-0.890344957479674,0.183525722883532,-0.129514033521907,-0.210617258288034,-0.36428070280995,-1.28850099548203,0.282168870917816,-0.523804376549633,-0.0342954753953406,-0.35568405855027,-0.62599675589646,-0.683388268503048,-0.658393792953314,-0.725047803556634,-0.808871504665675,0.108751861038678,0.660203159698619,-0.174383457439118,-0.106693378680418,-0.597659300581394,0.0479899816524777,-1.22239309204787,-0.214464537849722,-0.0777358634726045,-0.308861968134177,0.738117843267285,0.675263793938761,0.53014060635586,1.39481263340506,-0.601674905382743,-1.35065128643802,-0.333979422149212,-0.956724101762177,-0.34476848053886,-1.46155861675429,-1.04597692458435,-0.69021633412253,-0.963629592544147,-0.769171424646212,-0.728321444677741,-0.696016939253532,-0.693624944209472,0.546999706382,-0.548829847861638,-0.649181537796562,-0.534274058578104,-0.0123933177430025,-0.0913622062174521,-0.180122176360894,0.747903894931396,-0.363236207687417,-0.435837813808171,0.726172755495118,-0.444061083654919,0.620806112517094,0.763017663402644,0.668004037204926,0.776064299963135,0.111080258000336,-0.471401481558287,-0.1602519683065,-0.867503152253548,-0.878848277811454,-0.888160673235742,-0.530630024274263,-0.72849220634674,-0.817460640601083,-0.675254778272487,-1.71165592396486,-1.70741677914781,-0.590967280548668,-0.286904425214791,-0.226875569169311,-0.802787658830557,0.739536080286516,1.13012207196148,1.11497188208489,1.00125731473287,-0.504578098615964,0.182904641272807,-0.70587936432781,-0.391348688885798,-0.274823379056414,0.455215483407476,-0.217427187171022,-0.660482479245224,0.821714993870633,0.569447023159616,0.931913901423168,-0.230075729421995,-0.26287797133625,0.36127260445787,0.223072592487436,0.617322065653698,0.964697885344563,0.617171276048942,-0.260244635395451,0.611551347612948,0.966027012606508,-0.148565325619854,0.176251652332003,1.21807556985638,-0.391348688885798,0.0435715764808665,-0.0477867027019386,-0.370866985519292,-0.317395570362999,1.57152951062578,-1.21281089756117,0.672346098709078,-0.69663215719134,-0.0654979378108623,-1.23504806525446,1.03524277168163,0.431634978161806,-0.264029226104202,2.04600217443863,-0.337161300152529,0.0257493329145824,0.37633485093474,0.682832724400303,-1.56531543697313,1.1441185431077,3.05452393795259,-0.407970199261594,-0.0641256158777693,0.589529123243989,-0.202875494043799,-0.243561843564225,-0.43486269553505,-0.938357717766034,-0.286904425214791,-0.471261468611373,-0.524876705773258,-0.4726301518147,-1.10393872283714,0.731255982987085,1.99573107781766,0.0446822618622457,-0.40063011407534,-1.28252619132067,-1.15122030423583,-2.48951879349714,0.55805328059533,1.57293526977546,2.00516211686959,0.303001138876892,-2.13215890354367,2.13722338378907,-0.433845179637909,-1.18813086037385,-0.433845179637909,-0.000690227188266011,-0.13044354190256,-0.40441055463925,-0.599701730718649,3.52550175095922,0.742239561078903,-0.4325599573896,-0.930668231079202,-0.972511394621568,-0.388045418306067,-0.375024355916575,-0.315269840651936,1.13620597443694,0.773944766485803,-0.333979422149212,-0.295725241742213,0.541713286916744,-0.653776320283739,3.46778515277508,-0.358091987495182,-0.924450780392009,-0.94469347109426,0.682832724400303,-0.0119374178694681,1.00394925739407,1.18371487005353,0.682832724400303,-0.149937701058835,-0.140449768739244,-0.273610749555595,0.347251694119508,-0.761660555595246,-0.144252122992213,-0.499564470154296,2.09904157784396,-0.129514033521907,-1.20546616133649,-0.938357717766034,-1.00211120091324,-0.402172844262473,-1.23321624918318,-0.0623499430471371,-0.575741316306927,1.17800805584479,-0.669300457399169,2.50739524339312,-0.778386370841756,0.803028383590466,-0.370281702344836,0.521950818259281,-0.0641256158777693,0.462560987204673,-0.34476848053886,-1.42523962558467,1.34816377574097,-0.280832968781291
comm.and.crime_point_1857,comm.and.crime,regression,0.17,0.127559413640414,anomaly,1.11702334614895,1.56802290981872,-0.375024355916575,-0.875873734300447,-0.235276207381626,0.59942720812885,-0.687872404062027,-0.619472066787389,-0.349350157880785,-0.723488865413399,-0.458028267120621,1.21011750975464,-0.499564470154296,-1.56531543697313,-1.05617467706755,-0.919314744817829,3.47086718008891,-0.425039640804075,1.37581220011629,1.00038226566123,-0.0551894052506902,-0.93654835490529,-0.733880170107544,-0.846068711699873,-0.589173488055941,-1.05298203291378,-0.114410578670175,-0.635123716067385,-0.277522937462631,0.555756227867123,2.08189673652927,1.41559866067845,-0.486034227261844,1.16964883427367,-1.04043314643945,1.64841402216834,-0.231377493520679,1.0998090622766,-0.168225438914154,1.03450568696218,-0.823390174064514,1.09854742782428,1.12047807145931,-1.27914465555075,-0.747205579353531,-0.730091762955347,-0.0184324964327153,-0.432797033443206,0.287943781650617,0.874849771726638,-0.241958561604024,-0.391374245016123,-0.34476848053886,-0.913834660893733,-1.28302888717086,-1.63315359196784,-1.57910963659818,-0.769171424646212,-0.770634624582392,-0.78049817719312,-0.778795714500358,0.855547772725906,-0.503316572060594,-1.00529377613668,-0.901326148435522,-1.01503934364349,-1.29447257978519,-0.497077863665163,-0.0639199300512947,-0.601380811530617,0.201813374029904,0.726172755495118,-0.37760024144161,-0.203833666554659,0.0610890712128745,-0.479994764969224,0.246923518931679,0.0250464516485512,1.50515166177666,0.27601651215898,-0.912061542959443,-0.878848277811454,-0.803145557548822,-1.39693395858671,-1.30189225613177,-1.30077457424005,-1.37814579303305,-0.531713688779321,-1.33363231886228,-0.487121609042694,-0.286904425214791,-0.226875569169311,-0.889317488918297,0.886358450346385,0.413283929954837,0.915491930277863,0.648116453102006,-0.321861540250354,-0.654155103545014,-0.662221689003069,-0.391348688885798,1.09448651059498,0.584266192935153,-0.138628602798245,-1.40242760634748,1.35548620609065,1.26061717483676,0.4183367341544,-0.230075729421995,0.0610890712128745,0.30420847476134,-0.748828535159937,1.09354876858201,1.35068765411737,-0.54265444466673,-0.407961060951538,1.23816037624664,-0.4393285442876,-0.293946934953727,-0.118733906464382,-1.1522015200085,-0.391348688885798,0.500362972394892,-0.595936377798769,-0.154888957153209,-0.965225617418908,-1.75644421073127,-1.04043314643945,-0.255373652746643,-0.69663215719134,-0.592122486177232,-0.628161290785547,-1.38132689651321,0.596054262380089,-0.324717903551093,-1.76381144898785,0.299068970106906,0.845289154649251,0.992669953659678,0.682832724400303,-1.56531543697313,0.541247834307328,0.69535681818675,1.68164255482974,0.339056972600567,0.190080215368281,-1.30189225613177,0.451234030637584,0.652348567438131,0.798631967738489,-0.189444898148642,-0.0889162245473447,0.0639753050922037,0.294983219209284,-0.0531297159061927,-1.25714308192706,-1.09698938712883,0.135969587839005,1.57980111608575,-1.01991441715099,-0.494690868811617,-1.01503934364349,-1.04789614836431,-1.12679008480058,-0.590710800538598,0.247859743337919,-0.178544390830854,0.375096642443002,-0.35568405855027,0.583283819003517,4.1776609645328,-0.34476848053886,-0.173931992421487,0.885958518249587,1.88725994012919,-0.375210946038594,-0.640100742275393,-0.629843707397574,-0.378069979114223,-0.127296228476849,-1.18175658985325,-0.375024355916575,0.364971944713428,0.620806112517094,-0.413167436877806,0.402187462212296,0.471237211128387,-0.410865128456057,-0.400332606464976,0.346157443944216,-0.400332606464976,1.22894398048608,-1.06268769461281,0.682832724400303,1.03524277168163,-0.555594417312278,1.23322565080756,-1.56531543697313,-0.333979422149212,-0.394815653267903,0.993607819538218,0.762407081401742,-0.373547480628615,-0.144252122992213,-0.343626531286471,0.776209747107756,0.425322062429169,-0.125050605255976,2.98227614380132,-0.375210946038594,-0.355303606889044,0.726172755495118,-0.534274058578104,-0.129276609791536,1.66588573341148,-0.235276207381626,-0.508860858999424,-0.0654521195474263,-1.09338731710165,-1.13789507336882,0.103340488803673,0.511849510519854,0.215508271587242,-0.34476848053886,0.216040491892755,-0.0434666408647052,0.274003127169785
comm.and.crime_point_0245,comm.and.crime,regression,0.18,0.470128613411323,anomaly,0.629145668582266,-1.21585037425788,-0.296225771543798,0.10142405253974,0.356575042642296,0.107703315088049,-0.592122486177232,-0.576459764357761,0.166127940215069,-0.0269330266637888,-0.157736176426034,-0.352508963049232,-0.499564470154296,-1.56531543697313,-0.626298265141257,-0.372606244618977,-0.595615855137194,-0.705827158615937,-0.294515666436819,0.910347635987851,0.60127719711842,-0.633910484386522,-0.786206461289495,-0.899600712687643,-0.530896195770433,-0.81022732312622,0.602028567618877,-1.23595195673943,-0.199361816374992,0.42445034078228,-0.308434369515615,0.230460115746014,-0.916258664592466,0.576092732591868,-0.580759143448198,0.660203159698619,0.110586722968685,0.999267192196847,-0.973413929540229,0.541247834307328,-0.709389340354984,0.756022567213671,0.684763913302247,0.208622131821331,-0.351119333321313,-0.390868007842976,-0.109861346897478,-0.798318966812861,-0.542366992913852,-0.551753470686607,-0.241958561604024,-0.173931992421487,-0.34476848053886,-0.457398031009934,-0.761514569480531,-1.03761427122343,-0.655889570517129,-0.684350728885536,-0.728321444677741,-0.738257558223326,-0.693624944209472,0.811469477533919,-0.639856399463727,-0.0387034149277808,-0.00991393021036301,0.164544216239436,-0.0280406076086237,0.453789198247646,-0.0131809409898764,-0.410865128456057,-0.8416158424324,0.726172755495118,-0.444061083654919,0.981586015860986,0.115083578304395,-0.0667151961865298,-0.017646871584048,-0.0609873547032339,0.393340518650751,-0.644994724379254,-0.733827980135861,-0.792470938203999,-0.845653115392282,-0.849794631652535,-0.72849220634674,-0.777184479464502,-0.628395377288449,0.412240099369111,-1.2268367587807,-0.850581459313604,-0.189444898148642,-0.226875569169311,-0.802787658830557,0.935299240366342,0.0272941611820292,0.666141990519079,0.749013842139396,-0.413219819433159,-0.0140505928019747,-0.618564013678328,-0.391348688885798,-0.548685356986693,1.01443522469408,-0.375024355916575,2.85139112237212,-1.37267776747832,-0.236918153797056,0.190080215368281,-0.34476848053886,-0.532850506793854,0.24714434506481,-0.532850506793854,-0.017646871584048,-0.138130025434889,-0.349350157880785,-0.06328940132067,-0.537231871548822,0.626803257494137,-0.10010478917523,1.23819966399899,-0.0658245204870952,-0.391348688885798,-0.413219819433159,-0.413219819433159,-0.910812056434499,3.05132067432773,-0.679746830292226,0.740803615151647,0.414646167749156,-1.22022225196689,2.71124968084818,1.01043300028051,-0.69663215719134,-0.280848586784089,-0.264029226104202,0.299837597034825,1.08212161042621,0.23063428834825,-1.23561849465356,-1.56531543697313,0.682832724400303,0.705667118525611,1.16719024213992,-0.851221389523392,0.511849510519854,-0.837074119169256,-1.15854224368551,-0.0450487366494222,2.13095588508166,-0.541331503936429,0.00547415598365529,0.730395012732716,-0.953132713675412,0.192634769739419,-0.817354448219611,-0.838532752471447,1.2928400630571,2.14429075932772,-0.252097771813259,1.86881509871555,0.643293485923684,-0.66116427567861,-0.471401481558287,1.46494625559241,0.176251652332003,-2.06807886929893,-1.04043314643945,0.909074442850902,-0.433845179637909,1.01271768067076,0.269604910150844,-0.34476848053886,0.0435102601731493,1.57415535712363,0.246923518931679,-0.375210946038594,-0.524905716995868,0.751142542658244,-0.208039747740384,-0.0744702805928035,0.0881812846222431,3.17091194085838,0.731255982987085,0.0538662644052637,-1.20457557245354,0.402187462212296,0.530234322887664,-0.410865128456057,-0.653776320283739,-1.08672084863389,-0.231370130585801,-1.9522073708111,-0.649707912297875,0.682832724400303,-0.616079834918179,0.201898224687947,-0.0540546487971503,0.682832724400303,-0.0579168405136468,1.02963330009259,-0.696016939253532,0.0507121317750543,-0.114805430650861,-0.818142165740683,-0.499564470154296,0.286272032020273,-0.432151904040676,-1.11543153166311,1.6919409488551,0.391000476585978,-0.0272189452750407,2.68556176017342,-0.324530007231007,0.149763831780583,-1.6882732998595,-0.629843707397574,0.647370646917718,1.09306603880586,-0.145179466755593,-0.574978601284565,-0.52457500537974,2.18217737707296,0.116687185340269,1.94908654179843,0.882810539617961,-0.391374245016123,-0.886108709818829
comm.and.crime_point_1069,comm.and.crime,regression,0.07,0.285240981589731,nominal,0.629145668582266,0.176086267780421,-0.453822940289352,-0.99803595765547,-0.550930207394384,0.804312163562517,-0.304872732522849,-0.576459764357761,-0.800393493714657,-0.166244194413711,-0.337911430842786,-0.296700874734808,-0.343626531286471,0.682832724400303,0.233454558711339,0.447456505679301,-0.399640769102202,0.81042543756812,-0.467308204356106,-0.890344957479674,0.183525722883532,0.223563482083323,0.312645653531477,0.117507306079973,0.867758819081747,-1.23504806525446,0.346157443944216,1.60432699916478,-0.433845179637909,-0.757302642981302,-0.402172844262473,-0.263347611309168,-0.103612505190179,-1.45189061482096,0.798262865525553,1.25312967718045,-0.858311890417847,-0.257506183800045,0.422246120878301,0.596054262380089,-0.253386005516867,0.185147799529322,0.357978294684454,-0.761660555595246,0.589585501005203,0.675263793938761,0.941570433447291,0.193811995190487,0.228635869181726,1.04604216081623,-0.333979422149212,-0.652304948129686,-0.34476848053886,-0.229179716068034,-0.382231429342107,-0.0450487366494222,-0.0916995301342629,-0.514709337364183,-0.516755545154489,-0.484813844404564,-0.480698018482259,0.723312887149946,-0.639856399463727,-0.700054714702294,-0.691582097088426,-0.838101809661048,-0.344648600652765,-1.28946708192584,0.240514004317214,-0.744267573836537,0.0858767944229815,0.726172755495118,-0.37760024144161,0.105406250597248,-0.0468999429701671,-0.709594525404054,-1.28758474605954,0.369181677055691,-0.800827005447445,-0.935840378022907,-0.377360854488696,-0.403772909970454,-0.420577536957683,0.290078966127006,0.0360411933666282,-0.173042062415791,-0.159801367448073,-1.53466458868703,-1.06664341865833,-0.850581459313604,-0.286904425214791,-0.226875569169311,-0.54319816856734,0.25012818008695,-0.358695607590779,-0.0320378408055168,-0.259960048234497,-0.413219819433159,-0.654155103545014,-0.531248663028845,-0.391348688885798,0.820624532664704,1.444604256453,-0.453822940289352,-0.907797521612643,-0.542366992913852,0.454251997880092,-0.894138248865786,-0.115382978305131,1.30296273431785,-0.323496951900488,1.57293526977546,0.564407987550553,0.358142534415864,0.101693177953087,-0.555677486507623,-0.485014452496014,-2.91081590296345,0.578342721049512,0.884216993443326,-0.609013020247796,-0.391348688885798,0.409004693212087,-0.230503261067549,0.0610890712128745,-0.576527589185363,-0.337161300152529,1.43031461963852,-0.255373652746643,0.672757321452404,1.08350107680667,-0.628161290785547,0.471376515769501,0.541247834307328,0.0394141611302526,-1.18175658985325,-0.0924573500527467,-0.670859515559886,-0.90374574703244,0.682832724400303,0.345610500194289,-0.226042158711328,1.58004448809894,-0.661256593696907,-0.812893280194679,-0.551753470686607,-1.25410891864968,-0.193933566835524,0.0869987106920766,-1.03761427122343,-0.286904425214791,-1.12671045843542,-0.0966206978711041,-0.984372399164023,0.233454558711339,-0.00131209356022966,-1.00327058516075,-0.594329019975073,0.0449669127109041,1.25605429231962,0.993442518149931,1.58004448809894,1.99928994761039,-0.802823042251458,-0.885696359334983,-0.634402585285642,1.31539611889071,-1.38703009890307,0.504088273413761,-0.114546206205749,-0.433845179637909,-0.34476848053886,2.18096542220705e-05,-0.490435159498505,1.99308809633548,-0.653833281538438,-1.33127089395254,1.93484504270609,-1.05819090460958,1.88008979111686,0.458579831344262,-0.375024355916575,-1.1001642083812,0.208486222981217,-1.20457557245354,-0.333979422149212,-0.413719465260767,-0.649009732299257,3.44356371978626,-0.319107477609904,-0.653776320283739,-0.630806040272269,-0.649707912297875,-1.56531543697313,-0.0119374178694681,-0.421919245194591,0.787628624021312,0.682832724400303,-0.149937701058835,-0.801801068513758,-0.527054463374357,-0.838906555258306,0.143936619326893,-0.9866146764278,-0.265657561852559,-0.644609626645943,-0.482591549127137,-0.350137179439416,-1.23612737813824,-0.862800033163321,0.769558090073254,-1.23321624918318,0.357138159647056,1.76819839289887,1.11702334614895,-0.4325599573896,0.697641581957593,1.49409155515892,-0.192589859272896,1.83020996125725,-1.41412195547291,1.26061717483676,1.10489804781,-0.230075729421995,-0.348149548490111,-0.521839596572905,-0.179953678608368
comm.and.crime_point_0871,comm.and.crime,regression,0.54,0.0457499364225825,anomaly,-1.0174414932053,-0.171897892729153,-0.217427187171022,-1.30344151604303,2.80289354274117,-2.02310022142209,-0.352747691465246,-0.146336740061482,-1.05813254276258,-1.00211120091324,-0.818378775954126,3.21920868907389,-0.187688592418646,0.682832724400303,-1.00841063129797,-2.34075684533485,-0.595615855137194,-0.593512151491192,2.47016494027177,-0.440171809112793,0.0641681588164208,-1.03742764507821,-0.733880170107544,-0.631940707748796,-0.239509734342896,0.100102838577144,-0.626152826019497,-0.416640719459369,-0.199361816374992,0.293144453697438,0.347734953712392,0.872410160917752,-1.05966681036934,0.576092732591868,-1.55756639980461,-1.01975530649992,-0.00340134919443606,-0.20723524876017,-1.24181009308225,0.322022122016284,-0.481387672935926,0.299322753066192,0.357978294684454,-1.14977363056188,-1.7869319751881,-1.60238141895859,-1.38986525340415,-1.63379767165778,1.41479411855954,1.33136280929888,0.0341040200315418,1.47862912729775,0.343388026162328,0.0446822618622457,0.234103673382831,0.451234030637584,0.780230532275621,2.36919431849881,2.7413593075036,2.93667629214873,3.30940125946214,-0.599035968609651,0.315922392358201,0.0630429388836828,-0.167221968720685,-1.13299769963178,-2.05433176309113,0.295311354595511,-0.216136897235549,0.636971128454024,2.52054496616836,-1.23321624918318,0.154086496264857,-1.64695327993023,0.223072592487436,-0.617754621230122,0.0881812846222431,1.01443522469408,-0.512579672044432,-0.499571897557428,-0.377360854488696,-0.446961579774181,-0.590607768331523,0.381268853949369,0.274957880777056,0.0283387432671127,0.261933241408267,1.7101765580732,1.33625668317722,-0.0717389230187961,-0.286904425214791,-0.226875569169311,3.26411435529319,-2.34373369097075,-0.358695607590779,-0.580607708274842,-1.67252349475795,-0.504578098615964,2.00474055646453,0.4728778694402,-0.391348688885798,2.23557808530448,0.584266192935153,0.334162903438415,-0.0669263775634199,1.71133368090399,1.03022712427771,0.874849771726638,-0.230075729421995,-0.0468999429701671,0.0188878262786913,-0.694834028068417,-0.493873574512357,1.2955462585784,-0.156045871094839,-0.900349146138491,1.29037779529945,-0.148565325619854,0.529882184604888,0.23524876409128,-0.0658245204870952,-0.391348688885798,-0.413219819433159,-0.139144981884744,0.49304512794504,0.200868467281728,0.25012818008695,1.54523312038634,0.878506043477017,-0.0119374178694681,-0.496372568292438,1.67800845219631,1.07551893281821,-0.33565501485685,1.37456506496185,2.46931479926379,-0.532924460232356,0.640404199215584,0.234103673382831,-1.56531543697313,-1.56531543697313,-0.609687155220656,-0.130351673731295,0.351888984044347,-1.67685596979111,0.0759519559752211,0.179391205812885,-0.491703227207728,0.913279270551694,0.897888521195889,-0.286904425214791,-0.198157722851353,-0.685472708736566,0.550854342883945,0.520038833328871,-0.315269840651936,0.824246053216719,1.0488428476066,0.985671747037421,-0.801071272009583,-0.976145788122707,-0.897080987655194,-0.7596488149613,0.169078085395916,-1.18068191813137,1.24040486303943,0.281129612160397,-0.692858958372798,0.0351215468879261,-0.705017765998204,-0.35568405855027,-0.115382978305131,-0.652304948129686,-0.490435159498505,-0.0705609496871936,0.251689308836056,0.857434586358428,-0.629843707397574,-0.335562421270764,-0.814033550969433,-0.546787652615503,-0.453822940289352,0.312645653531477,0.414646167749156,-0.858334513139159,-0.149937701058835,-0.35472235350149,0.0654240792303436,-0.611535701313945,-0.626152826019497,-0.696016939253532,1.13106240044617,-1.29867614164992,0.682832724400303,-0.0522135790060488,-0.822944761547652,0.29252081648104,0.682832724400303,-0.241958561604024,-0.903547422325221,0.106554821172549,0.940330818808414,-1.020402605573,0.641952926881002,-0.265657561852559,-1.08555357022468,0.7783995780344,-1.1604488464998,0.203092646994081,-0.514522113788516,0.253996478965534,0.726172755495118,-0.272093994394233,-2.02675161248195,-1.0174414932053,-0.669300457399169,-1.66509236491657,-0.377360854488696,1.89346741148843,-0.319107477609904,-0.105964675924132,0.511849510519854,1.20371913405697,-0.34476848053886,-0.0916995301342629,0.652348567438131,-1.03742764507821
comm.and.crime_point_0039,comm.and.crime,regression,0.13,0.393817653391682,nominal,0.690130378278102,-1.56383453476745,-0.296225771543798,0.223586275894763,0.238204792637512,-0.424997569039485,-0.256997773580451,0.326798586664425,0.359432227001014,0.739278395960782,0.442848004963141,-0.464125139678079,-0.499564470154296,-1.56531543697313,-0.912882539758789,-0.317935394599092,2.88294192198393,-0.76198466217831,-0.236918153797056,0.730278376641099,0.183525722883532,-1.08786729016467,-0.890859043653398,-0.899600712687643,-0.647450780341448,-0.324717903551093,-0.01206212920031,-1.01746896013141,-0.199361816374992,0.774599373008527,0.207127241592105,0.181079343040496,-0.438231512002885,0.675018749538836,-0.293462891578667,-1.46445019461129,0.566539011621171,-0.508860858999424,-0.275583904330964,0.0479899816524777,-0.766389757209749,0.128060322760887,0.0856569458362924,0.0145655943380156,0.193499254972986,0.0452768201586437,0.027281928799666,0.402681671401718,-0.601674905382743,-0.837074119169256,-0.241958561604024,-0.0869550913836323,-0.34476848053886,0.227256913815765,0.234103673382831,0.203092646994081,0.575070517590943,-0.429888641603507,-0.432129185345187,-0.44257322543477,-0.395527248191373,0.15029504965412,-0.366776744657462,-0.242196122550708,-0.167221968720685,0.105565038245289,-0.534613396479251,0.929222729204051,-0.875743755033986,0.113052999998984,0.0279085046195201,0.726172755495118,-0.111756872588377,-1.44079333516229,-0.586845013885375,0.254724468422232,1.62268954961346,-0.233054967406804,1.58750804274895,0.712284992624459,-0.912061542959443,-0.878848277811454,-0.803145557548822,-0.895389575563716,-0.776275543828826,-0.777184479464502,-0.8158329812246,-0.885696359334983,-0.319074498087268,-0.435198773289707,-0.189444898148642,-0.226875569169311,-0.54319816856734,-1.12021394047183,-1.13067514513639,-1.42839750345471,-2.88329216320662,-0.230503261067549,-0.457199869470233,-0.70587936432781,-0.391348688885798,-0.822547334916973,0.455215483407476,-0.453822940289352,0.526629724118384,-1.4912935924161,-0.294515666436819,0.475400863850929,-0.000690227188266011,-1.01880107061754,0.817785642030109,0.49304512794504,0.723150221859989,0.633849512110727,-0.993697780500602,-0.8018715291011,-2.88701572892517,1.25679023127425,0.917566476161884,-0.472716577020044,2.50197566019985,-0.391348688885798,-0.230503261067549,-0.504578098615964,0.0610890712128745,-0.533338919381635,1.42470714056591,-0.86805539531773,-0.255373652746643,1.35745206077428,-0.304872732522849,0.160791516024035,-0.575803673781598,0.431634978161806,-0.749538645679329,2.99845558029525,0.152246600047036,-0.588905533386419,-1.23561849465356,-1.56531543697313,-1.13816728631218,-0.8289128675117,-0.484226741696171,-2.37093975613527,-1.15847835603325,1.10310629051276,0.274957880777056,-1.43464048505304,-0.608816497610759,-1.33538393159564,-0.286904425214791,0.293429019516684,-0.899600712687643,0.294983219209284,0.376746696020106,0.783582274169036,0.261933241408267,-0.959478323882113,-0.202586991059232,-0.363384981726775,-1.10745167520755,0.636377640192604,-0.924361576905879,-0.694834028068417,3.0081130167773,-1.29609933175331,-0.121085140456948,-0.906450078535958,-0.433845179637909,0.100170724627871,-0.199361816374992,-0.34476848053886,-1.0002125522811,-0.490435159498505,0.511493909447407,-0.584177697663477,-0.409710691716343,3.23691779275872,-0.888160673235742,-0.761207603085388,0.352751675137971,-0.453822940289352,-0.838532752471447,-0.152293680362675,0.823407774959287,-0.241958561604024,-1.18068191813137,0.446455445379464,-0.189129511616007,-0.01206212920031,-0.569295082344151,-0.728687620312182,2.00516211686959,0.682832724400303,-1.13966992969373,-1.00117832437123,1.03518252779145,-1.56531543697313,-0.149937701058835,-0.700054714702294,-0.653776320283739,1.17756246868398,-1.47320119303407,-0.31272463367933,0.202156254750917,1.0211786046515,-0.734789774559444,-0.710275698132921,0.749003691009788,-1.28073353641309,0.253996478965534,0.726172755495118,-0.429402032904556,0.428804273352702,1.48293160432397,0.238204792637512,-0.408318988919673,-0.778386370841756,-0.00294828920368394,-0.4726301518147,1.09754002126074,0.396654485240329,0.264918814710728,-0.115382978305131,2.72925067178007,-0.695793398648614,-0.0790743884354456
comm.and.crime_point_0828,comm.and.crime,regression,0.26,0.191841262033076,anomaly,-1.0174414932053,-0.171897892729153,-0.453822940289352,-2.2196581912057,-0.669300457399169,0.927243136822718,-0.496372568292438,-0.40441055463925,-1.76691492764438,-1.90763379128774,-1.23878770292655,3.21920868907389,-0.343626531286471,0.682832724400303,0.185690512941751,-1.95806089519565,-1.03655979871593,1.48431548031659,1.83659230123439,-0.800310327806298,3.10778604252775,0.324442772256246,1.4638240595344,1.2952113278109,0.284985896226672,-0.203340548657311,-0.267933252874971,0.0203252737566635,-0.35568405855027,-0.757302642981302,-1.05834216749048,-1.20158229271402,0.948047230506899,-0.858334513139159,-1.61502565017851,-0.278597159647621,-0.573341710010043,-0.961299274358306,1.28111384421278,1.41815068347151,-0.766389757209749,0.356410229834627,0.793692452841512,-2.76691144292284,-0.351119333321313,-0.342407471398352,-0.0184324964327153,0.559333928560141,-0.779598642789415,-0.209368692507428,-0.333979422149212,-0.826258750205395,-0.230075729421995,-0.776903671928593,-0.761514569480531,-0.987985994494734,-1.11749960355766,-0.429888641603507,-0.389816005440537,-0.400332606464976,-0.438112633336816,0.458843115998027,-0.412290020458506,-1.25965966066534,-1.16350621261939,-2.01768536954397,-2.4342613547441,-1.07816329038966,0.240514004317214,-0.601380811530617,1.18727430068875,-1.23321624918318,0.287008180691474,-3.70855272760961,0.385056113761999,-0.893274333751918,-1.34049882416269,0.756333805638724,-0.553757862530577,-1.17821175605928,0.023664661864365,0.157679797478001,0.259543388537675,0.335673910038188,0.274957880777056,0.471376515769501,0.261933241408267,-0.295725241742213,-0.692858958372798,-0.0717389230187961,-0.286904425214791,-0.127274097367549,0.0192457270029651,-2.7352600111304,-0.193271420973861,-0.730217672130112,-1.72297218927664,-0.504578098615964,-0.112528209839365,-0.662221689003069,-0.391348688885798,0.546762554734425,0.928401418342293,-0.375024355916575,-0.264778411457355,0.643791256463961,0.627044535799378,-0.266432822203958,-0.34476848053886,-1.01880107061754,-1.86422845370679,0.763017663402644,0.934806534272571,-0.744685376363587,1.51925794771669,-0.358722252432842,-0.223927357231975,0.481421648160263,0.578342721049512,-0.649707912297875,-0.954678429186424,-0.391348688885798,0.317646414029282,1.04851264749172,1.19497372013481,3.18088668373891,1.18000319046612,-0.86805539531773,-3.70855272760961,0.390824193496339,-0.639997445119629,-0.203340548657311,0.229719548950016,-1.65100928860312,0.0394141611302526,-0.864272121234376,0.886358450346385,0.681381190302317,-1.28302888717086,0.682832724400303,0.682832724400303,2.02102139227188,-0.366268385707879,-0.851221389523392,-0.524905716995868,0.703657382637049,-0.585142193900484,-0.888729441037333,0.173975611729931,0.649747137552387,-0.286904425214791,0.184187521212675,0.0639753050922037,1.47199038811273,0.854387153715993,-1.25714308192706,-0.440957773352299,-1.14205297583563,-0.648184017845477,-0.801071272009583,-0.976145788122707,0.518419284204312,0.475696899623041,0.169078085395916,-1.53466458868703,0.799273698727645,0.683344364777741,0.214903302320632,-0.433845179637909,-0.490300835164584,0.894893878851958,-0.34476848053886,0.565371666400276,-0.576459764357761,-0.70552988692494,0.251689308836056,-0.812893280194679,-0.708757207400764,-0.718130441861903,0.453789198247646,-1.23467066795639,0.412961487811192,-1.15249049956315,-1.54387330754626,1.91159396137593,-0.241958561604024,-1.59366170044631,-0.744267573836537,0.106554821172549,0.857899691293538,-0.738257558223326,1.47364793058586,-1.06268769461281,0.682832724400303,0.350548032359759,-0.199127291665113,-0.450140894829368,0.682832724400303,-0.333979422149212,-0.140449768739244,1.54273586614554,0.228635869181726,2.53730058162112,1.37200047319184,-0.265657561852559,0.0902969459852806,-1.08786729016467,-0.26010254976604,0.798631967738489,-0.584177697663477,0.347734953712392,-1.23321624918318,0.6717542366677,-1.80351925922425,0.751115087973938,0.908969542664623,-0.659673664119051,2.34070097857094,-0.145179466755593,-1.64963732071814,-0.890859043653398,-1.21607586867302,0.660203159698619,-0.34476848053886,-1.73297964761169,-0.565328047091832,1.23235638381255
comm.and.crime_point_0417,comm.and.crime,regression,0.01,0.161952611369469,nominal,-0.651533235030286,-0.867866213748302,-0.453822940289352,0.10142405253974,-0.708757207400764,0.968220127909451,-0.592122486177232,-0.533447461928133,-0.0271763465708762,-0.0269330266637888,-0.217794594564951,0.038147655151735,-0.499564470154296,-1.56531543697313,-0.339713990523725,0.283443955619646,1.16815991917774,-0.368882137241703,0.339056972600567,-0.440171809112793,0.72063476118553,-0.381712258954214,-0.52457500537974,-0.685472708736566,-0.705728072626956,0.828366967939835,-0.984372399164023,0.293429019516684,-0.35568405855027,-0.494690868811617,0.0196502920983885,0.181079343040496,-0.82065323407455,-0.611019470771741,0.108751861038678,0.314329357834215,-0.516347673928482,0.848454387077221,-0.705017765998204,0.376828550089045,-1.05139184148357,0.185147799529322,0.303514024914822,0.0792511068324541,0.540074720251176,0.432961111715639,0.850141582982528,0.663768766665756,1.53340994349732,1.04604216081623,-0.333979422149212,-0.739281849167541,-0.34476848053886,-0.411754368021554,-0.90374574703244,-0.938357717766034,-1.27136961457117,-0.684350728885536,-0.728321444677741,-0.696016939253532,-0.736210329354915,0.767391182341933,-0.548829847861638,-0.29306929945644,-0.167221968720685,0.105565038245289,0.0352809910002048,0.189659458827421,0.291252993378632,-0.458494049224697,-0.261932944397787,0.726172755495118,-0.444061083654919,0.723886084901063,0.331061606670478,-0.52591471705619,0.564407987550553,-0.319088773758589,0.0227368042754491,0.566862165802633,-0.733827980135861,-0.749282268400272,-0.718130441861903,-0.530630024274263,-0.585142193900484,-0.736908318327921,-0.581535976304412,-1.41667036516848,-1.70741677914781,-0.642890116301655,-0.286904425214791,-0.226875569169311,-0.759522743786688,0.935299240366342,-0.0278472343569434,0.267182086905024,0.698565147620701,-0.413219819433159,-0.358722252432842,-0.70587936432781,-0.391348688885798,0.729337206687944,0.842367611990508,-0.217427187171022,-0.314241419930838,-0.542366992913852,1.54860473803558,0.589529123243989,-0.34476848053886,-0.154888957153209,0.931913901423168,-1.12679008480058,-0.599701730718649,-1.02039235405845,0.93934508735885,0.330621066828893,0.872638442876987,-0.681631226510723,-0.390868007842976,-0.826699247575706,0.674887070095679,1.77235840577084,-0.139144981884744,0.0435715764808665,0.0610890712128745,-0.317395570362999,0.690595290266559,-2.87912915840445,-0.10075369417069,-0.173042062415791,-0.544247527234835,-0.264029226104202,-0.777184479464502,-1.04813857980274,-0.567472613338656,-0.970100277440667,-0.532924460232356,0.845289154649251,-0.666693784445925,0.682832724400303,0.682832724400303,-0.390461442929611,0.69535681818675,2.56814493535334,-2.19523358354898,0.817785642030109,0.705007918115826,0.302349200451482,1.5656060283356,-1.68278186869654,-0.286904425214791,1.54970625001278,-0.739004709724335,0.909073916028471,-0.960646585528377,-1.1001642083812,2.88605969651438,0.135969587839005,-0.351119333321313,-0.932377159094426,-0.801071272009583,-1.36891441160836,-0.924361576905879,0.0610890712128745,-0.0597367947051054,1.35068765411737,1.77507012188196,0.642085542646951,-0.043039574199713,-1.13445162766544,-0.433845179637909,0.114002523928599,-0.91323565124325,-0.576459764357761,-1.76381144898785,-0.584177697663477,1.26061717483676,0.908969542664623,-0.633115326174983,-1.81772656076629,-1.02301435554381,-0.453822940289352,-0.9955116260173,-1.59541329373824,-0.759408496192192,-0.333979422149212,0.766222769924772,-0.744267573836537,1.20481091438719,1.52316461284766,-0.0201670357368324,-0.581865250252313,-1.41667036516848,-1.56531543697313,0.95469044940847,-0.511036026606383,1.57980111608575,0.682832724400303,-0.333979422149212,-0.496562007079367,0.275517297051724,0.643791256463961,1.76107443168785,1.70894549456608,-0.343626531286471,-0.546622083628446,2.59422680114701,-0.665258383296233,-0.739844610851231,-0.862800033163321,-0.0272189452750407,0.726172755495118,-0.7440181099252,-0.0176604331626889,0.324222120103087,0.238204792637512,0.597099711877842,0.424690178217426,0.139282888348225,-1.34259197230855,-0.262943549469985,-0.00652810323800724,-0.82211313400597,-0.34476848053886,0.677650524933283,1.91351363248702,1.28279602889901
comm.and.crime_point_1647,comm.and.crime,regression,0.08,0.053727540043919,nominal,-0.224640267159436,1.22003874930914,-0.375024355916575,0.46791072260481,-0.629843707397574,0.763335172475784,-0.0176229788684652,-0.533447461928133,1.58369270997867,0.808933979835743,1.52389953146366,0.484612361667126,-0.265657561852559,0.6153882795591,0.424510741789694,-0.0992519945195506,-1.28152865625967,0.978897948255237,0.91503209899819,-0.575223753622857,1.79485283778953,0.47576170751563,0.155666779985624,0.0639753050922037,0.984313403652762,-1.23504806525446,-1.08672084863389,-0.744365214371393,-0.35568405855027,-0.888608530066145,-0.683388268503048,-0.559632247542278,0.231006501622527,-1.00672353855961,0.338588862534303,-0.0809549871536759,1.42144955284458,-0.458589923959548,0.207529190044681,-0.445267871002372,-0.424387256081161,-1.47038902675529,-1.05809271932599,-0.502918505617492,0.63909628175923,0.626803257494137,0.804427157750147,0.559333928560141,1.29617829362176,0.988978031119698,-0.333979422149212,-0.782770299686468,-0.230075729421995,1.36834848852526,0.803028383590466,0.302349200451482,-0.0916995301342629,0.206266576601564,-0.0513105662033324,-0.189129511616007,-0.310356477900488,0.15029504965412,-0.45780329625955,-0.649181537796562,-0.586710071414878,-0.366268385707879,-0.218005403435109,-0.814033550969433,0.798642883992814,-0.649009732299257,-0.203964654594325,0.726172755495118,-0.37760024144161,0.363106181557171,0.655028649219603,-0.52591471705619,1.1993769247883,-0.706240902341621,-0.924361576905879,-0.548046173164703,0.291015006099739,0.244057137085456,0.174528272850755,0.153294134393461,0.22717454329497,0.229719548950016,0.215073840424229,-1.3576732534092,-0.479267838209638,0.707103613276012,-0.286904425214791,-0.226875569169311,-0.283608678304122,0.592713710226646,0.413283929954837,-0.879827635985382,-0.461754826309275,-0.139144981884744,-0.752632720582405,-0.487590987704104,-0.391348688885798,-0.0466050641145143,-0.620207095989836,1.12214874716618,-0.363704428404322,0.347251694119508,0.569447023159616,-1.29358715674149,0.687466279512922,-0.370866985519292,-1.00826650825885,-1.66673515571579,-0.493873574512357,-0.965250958519477,-0.735958731452675,0.626053917941065,0.768203604771372,1.20832969482963,-0.827012835844596,0.943214105202603,-0.510251474836759,-0.391348688885798,-0.0477867027019386,-0.0477867027019386,-1.50475163444123,1.02145319355255,-0.826569200352095,-0.638218393822105,1.13620597443694,2.32407992805221,-0.544247527234835,-0.506783935891765,-0.334146706962114,-0.0616228744930443,-0.567472613338656,-0.388045418306067,1.08212161042621,0.0667263240013159,-0.00294828920368394,0.682832724400303,-1.56531543697313,-0.719300011366178,0.990252708157481,-0.851221389523392,-0.928088305474204,-0.894138248865786,-1.15854224368551,-1.58352531523914,-0.521839596572905,0.351977477180183,-0.286904425214791,0.23880827036468,-0.899600712687643,-0.267933252874971,-0.674062310910845,-0.733880170107544,-1.1907081890969,-0.959478323882113,1.77784423910186,-0.888608530066145,-1.10745167520755,0.754335996180896,0.352162328164607,-1.39676262025819,-1.18068191813137,-1.40638212283126,-2.64929215690883,-0.692858958372798,-0.35568405855027,1.12007614608757,-0.433845179637909,-0.34476848053886,1.26118687470311,-0.576459764357761,-1.18175658985325,-1.14142236866316,1.49100722539581,-0.51147345739279,0.982171871876493,-0.444251915781118,1.25229100289144,0.0977671503200851,0.312645653531477,0.0538662644052637,-0.0669263775634199,-0.149937701058835,-0.413719465260767,-0.506122969993337,-0.696016939253532,-0.574978601284565,-0.696016939253532,-0.483983670212399,0.766222769924772,0.682832724400303,1.63938518873034,-0.555594417312278,-0.648184017845477,0.660351242786569,-0.333979422149212,-0.954420599230953,0.402239153961105,2.00787324324845,-3.15502451788947,0.192692898382022,-0.499564470154296,-0.595615855137194,-0.785229419645906,-1.20546616133649,-1.98055152906875,1.29652306696047,-1.19894987961077,0.726172755495118,-0.586710071414878,-0.464125139678079,-1.44433446107615,2.92126379274596,-1.01157020939818,-0.733827980135861,-1.09338731710165,-1.03554662389896,-0.105964675924132,2.06698235179344,0.808434789069078,-0.230075729421995,-0.296859544818942,-0.43486269553505,1.28279602889901
comm.and.crime_point_1005,comm.and.crime,regression,0.48,0.0150432149306916,anomaly,0.507176249190595,0.176086267780421,1.12214874716618,-0.814792622622935,2.80289354274117,-2.02310022142209,-0.161247855695657,-0.533447461928133,0.423866989262996,1.08755631533559,0.863256931935564,-0.408317051363656,1.21575285739178,0.682832724400303,-0.483006127832491,0.502127355699187,-0.497628312119698,-0.53735464792882,-0.58250322963563,0.100035968927465,-0.651977225586244,-0.331272613867753,-0.158290967106083,0.385167311018819,-0.181232442057388,0.0394141611302526,-0.267933252874971,-0.0889162245473447,0.894893878851958,0.380681711753999,-0.0740881826484698,-0.115205293192613,0.995849945765856,-0.512093453824773,0.453507363282115,-0.624470961512025,2.78930641880204,-0.659673664119051,0.636963051711922,0.486441406234567,1.39962608327131,0.641847613676801,0.630299643532615,-0.761660555595246,-1.44035650990991,-1.31161820029084,-1.11557870200987,-1.68601509071059,1.35548620609065,1.44549106869194,1.32239606766418,2.21793278611951,-0.000690227188266011,1.91607244438582,1.89346741148843,1.7415692255838,1.60087059101434,0.0790355329605499,-0.00899738629868194,-0.10464827367642,-0.140014937318717,0.546999706382,-0.45780329625955,-0.445688830173635,-0.534274058578104,-1.01503934364349,-0.851221389523392,-0.655555707317298,-1.28165566752533,-0.220349445381496,0.89743285167144,-1.23321624918318,1.08453828725117,-0.10075369417069,-1.34276811316667,0.484324228857062,-0.0705609496871936,0.670299999286939,0.475696899623041,-0.0633034170919484,-0.466477635900487,-0.446961579774181,-0.335562421270764,-0.485035080363082,-0.441792181454227,-0.414699029235275,-0.347238971384223,-0.531713688779321,0.428494422483792,0.55133510601705,0.39531226424825,-0.226875569169311,-0.456668338479601,0.0543650200071232,-1.13067514513639,-0.979567611888896,-1.52117741120186,1.23122920585733,-0.358722252432842,0.0363011161927887,-0.391348688885798,0.683693543699564,-0.620207095989836,-0.217427187171022,0.823407774959287,0.940330818808414,-1.50406343187183,-0.494689340990077,0.572773528396057,1.6809242839585,-0.551753470686607,-0.478855999702333,-1.28758474605954,1.13012207196148,-0.800393493714657,-0.457199869470233,-0.223927357231975,-0.778552299399972,-1.79622356473708,-0.413719465260767,0.279840888451533,0.524065851161242,-0.595936377798769,0.957154368308917,-0.694834028068417,-0.835659608007726,0.396950550146819,-0.0636258900830415,0.363106181557171,2.12269912236931,-0.639997445119629,1.0711216777274,-0.978565285147405,0.376828550089045,0.403546225811598,-1.18175658985325,-0.581865250252313,-0.302066595779285,-0.145179466755593,0.682832724400303,-1.56531543697313,-1.37697714823931,-0.602185097684464,0.921783371523802,0.91503209899819,0.817785642030109,-1.39745893109594,-0.888729441037333,-0.521839596572905,0.00457954007927846,0.492771791314399,-0.96284821097941,-0.41781270379772,-0.165584803405107,-0.530770173602079,-0.733880170107544,-0.8158329812246,3.1028076820837,-1.04427026387769,1.12474840523477,0.336913082725718,-1.01503934364349,1.79339899517967,-0.154888957153209,-0.94469347109426,0.90955648980559,-1.32772939830898,0.962472222891692,-0.277522937462631,-0.973413929540229,-0.043039574199713,-0.000690227188266011,-0.739281849167541,-0.576459764357761,-0.0705609496871936,0.251689308836056,-0.870490792834442,-0.629843707397574,-0.505592652644603,0.453789198247646,-0.0705609496871936,-0.296225771543798,2.03941326253586,1.18774596062892,0.32877769022445,-0.0579168405136468,-1.23967902989064,-0.0774626830755764,2.09186391275286,2.5466491075463,-0.358091987495182,-1.21809552051175,-0.649707912297875,-0.216426540149069,-0.253594384688952,0.023664661864365,1.08469330854548,0.682832724400303,-0.241958561604024,-0.649181537796562,2.72547319729976,-0.0679036931627271,-0.696975043100807,-1.04277217999017,-0.187688592418646,0.188284489002777,0.1226841919104,-1.29550079100987,-1.98055152906875,-0.235899778288672,-0.964603692743623,0.726172755495118,-0.324530007231007,0.540420449981549,-0.224640267159436,-0.629843707397574,0.446286906758215,-0.511036026606383,1.89346741148843,0.857899691293538,0.417298235895379,1.03022712427771,-0.575060418388539,2.86662855073335,-0.245569541147772,-0.565328047091832,-0.331272613867753
comm.and.crime_point_0867,comm.and.crime,regression,0.85,0.00907414672961677,anomaly,0.995053926757281,-0.171897892729153,-0.0598300184254683,0.46791072260481,2.21104229271725,-1.44942234620782,-0.496372568292438,-0.576459764357761,1.19708413640678,1.29652306696047,1.40378269518582,-0.18508469810596,0.0462183158830917,0.682832724400303,-0.530770173602079,0.338114805639531,-0.840584712680936,-1.21124469067729,-0.00652810323800724,0.190070598600841,-0.413262097452023,-0.58347083930006,-0.681553878925593,-0.41781270379772,-0.589173488055941,-0.628161290785547,-0.830849724959226,0.23880827036468,0.0351215468879261,0.555756227867123,1.19138122643412,1.31683711526742,-0.438231512002885,0.378240698697934,0.0512926106647712,1.10489804781,-0.687329782173164,1.35116373747598,-0.705017765998204,0.431634978161806,0.82962191472366,0.0709728459924523,0.249049755145189,0.27330764431577,-1.2423133868938,-1.45699980962471,-1.16129312724225,-1.0594060620769,1.6520257684351,1.10310629051276,0.218145741121919,2.0439789840438,-0.34476848053886,-0.229179716068034,-0.761514569480531,-0.144305290106824,0.575070517590943,-0.684350728885536,-0.686008264773091,-0.653776320283739,-0.608454173918587,0.723312887149946,-0.548829847861638,0.368282000318073,0.304702146810281,0.105565038245289,-0.218005403435109,0.612267041899781,-0.77426577691115,0.303568683073544,0.433686533243749,-1.23321624918318,-0.178217714801685,0.156946236789233,-0.640839520976896,0.346564372596164,-0.0705609496871936,0.197114064352121,1.1757261378875,0.954656370660837,-0.778386370841756,-0.749282268400272,-0.675622884018443,-0.758604743830171,-0.680708868864655,-0.65635599605476,-0.394098372368261,-0.413719465260767,-0.532665618250428,0.655180777523025,0.00547415598365529,-0.226875569169311,-0.802787658830557,0.494832130186732,-0.138130025434889,0.0178321471462401,-0.108613964678413,0.0435715764808665,-0.407961060951538,-0.662221689003069,-0.391348688885798,1.91607244438582,-2.12579870714607,-0.453822940289352,-0.709945487718708,1.11825455621509,-0.121723128517532,-0.0952404331143684,-0.230075729421995,0.43905062085352,0.24714434506481,1.19497372013481,-0.811358043131231,0.964697885344563,0.101693177953087,-0.900349146138491,1.49924747151068,0.0452768201586437,-1.65084195540321,0.471237211128387,-1.1522015200085,-0.391348688885798,0.500362972394892,-0.413219819433159,-0.478855999702333,0.200868467281728,1.42470714056591,-1.61502565017851,-1.02847344562641,-1.26049841310347,1.03562611786427,-0.446095258444874,0.753309643725566,0.102796409725239,-0.688849968232438,-1.60506921467841,-2.29479290095079,-1.03965243534049,1.13490113121159,-1.56531543697313,-1.56531543697313,-1.54139643245759,0.577398462198459,0.60517537847966,0.108666922041517,1.50255519838847,0.0838245308487138,-0.590959780665129,-0.739281849167541,-0.491703227207728,0.102933683049804,-1.01746896013141,0.813423318920973,3.46778515277508,-0.14865780744537,1.62080293308025,-1.14384878811286,1.0488428476066,-0.351119333321313,-0.188310465613652,-0.494690868811617,-1.48687276759666,-1.04789614836431,1.14097921304329,-0.531713688779321,-0.799826771902559,1.08555911739508,1.4430522432588,0.738571636676679,1.76422693858843,0.0351215468879261,-0.34476848053886,1.04374462210848,1.31608154254587,0.0352672065190975,-0.235899778288672,-0.0641256158777693,-0.116905957376842,-0.760637999705362,-0.866859498853478,0.458579831344262,0.0189685659473083,-0.681553878925593,0.826966057285032,-0.165852394510387,-0.241958561604024,-0.000739682945828393,1.2085181776777,-0.696016939253532,-0.984372399164023,-0.358091987495182,-1.2670363105317,-0.531713688779321,0.682832724400303,-0.495251351508437,2.65260971351221,0.936160966283394,0.210721610511883,1.50643778875456,3.72591167609637,-0.527054463374357,-1.78783315476056,-0.114805430650861,0.641952926881002,0.358094193618742,-0.595615855137194,0.526201352602092,1.40553809919142,2.53562165324301,1.29652306696047,-1.19894987961077,-1.23321624918318,-0.376966020067782,-0.18508469810596,1.11702334614895,2.28995579272044,0.798183452037345,1.40497477374713,-0.619283391928622,-0.728501275489362,-0.367596131833887,0.454251997880092,-0.179776073400649,-0.34476848053886,-0.60459956684596,-0.91323565124325,0.173123836996862
comm.and.crime_point_1501,comm.and.crime,regression,0.04,0.0893867577531891,nominal,-1.38334975138032,0.87205458879957,-0.375024355916575,0.10142405253974,-0.629843707397574,0.0667263240013159,3.28574918815695,-0.40441055463925,-0.349350157880785,-1.62901145578789,-0.818378775954126,0.428804273352702,-0.343626531286471,0.682832724400303,3.05153325911707,0.174102255579875,1.31514123370399,2.49515054443929,-0.352113179076581,-1.11543153166311,0.60127719711842,3.14906289709809,3.39989683326659,3.3829593663339,4.13128718707017,4.83381967943463,3.46778515277508,1.8228099957728,-0.433845179637909,-1.15122030423583,-1.19894987961077,-1.6953900197692,3.05136670190105,-0.957260530086126,-0.178544390830854,-0.377418245894594,1.13647937243678,-1.91644704011594,2.99884929088174,-1.92504142896692,-1.10839225833834,-1.69873893382903,-1.87505676587047,-0.761660555595246,1.6788226775938,1.64447452283125,1.44442911100348,1.81255198582753,-2.61814392932502,-2.94844691794086,-0.333979422149212,-1.08718945331896,-0.230075729421995,0.592406217722805,0.044462103313619,0.351977477180183,0.216040491892755,1.47857701301171,0.837266211794329,1.07808905747781,0.92461969131735,-0.510879378225678,0.179382564955068,-0.547435183985099,-0.324530007231007,0.40046092821602,0.161924188217862,-0.0216443327087585,1.91490064334401,-0.696638653067897,-2.17488650791201,2.68556176017342,-0.444061083654919,0.826966057285032,2.05888583359914,-0.388154860795292,-1.07592843364696,-0.233054967406804,-1.08907433885046,-0.548046173164703,3.27642718339475,3.18088668373891,3.10754976404949,2.98018065688672,2.99860811725593,2.32407992805221,2.88605969651438,-2.36062415331691,0.962472222891692,-1.73326966711439,-0.286904425214791,-0.226875569169311,1.18739843318744,-1.2670363105317,1.40582904965634,1.11497188208489,0.547219064064617,-0.504578098615964,-0.0140505928019747,-0.487590987704104,-0.391348688885798,-0.594329019975073,1.27253664374943,-0.453822940289352,0.773944766485803,1.41479411855954,-0.121723128517532,0.589529123243989,-0.34476848053886,-0.478855999702333,-0.608817600383137,1.14097921304329,0.299837597034825,1.18526346750045,-0.54265444466673,0.0351882157167206,0.402681671401718,0.578342721049512,-0.827012835844596,0.117254540572726,-0.115205293192613,-0.391348688885798,-0.413219819433159,-0.504578098615964,-0.154888957153209,2.36030195746809,1.18000319046612,0.970640616647273,0.517726140133124,-1.13966992969373,-0.496372568292438,-1.23504806525446,0.99496661054505,1.19892497118046,0.52492358070538,-1.23467066795639,1.03318082040625,-1.16258340860069,0.565976421003951,0.682832724400303,0.682832724400303,-0.609687155220656,-0.484226741696171,0.795140174306145,-1.10088084339349,1.21723454990582,0.561657905669569,-0.64058805739383,-0.391374245016123,1.19565818156809,-0.0919853710824933,-0.580502966915381,-0.899600712687643,-1.64963732071814,0.94991524525517,0.103340488803673,0.730527251248644,-1.00512198687049,0.490563939497149,-0.407153610755056,-1.06368304617927,-0.0713724957371486,1.05219156642907,0.655028649219603,0.353242987609834,-0.358695607590779,0.683344364777741,-0.212278938005688,-0.35568405855027,0.314887655461491,-0.433845179637909,-0.34476848053886,-0.956724101762177,-0.533447461928133,-0.017646871584048,-0.862800033163321,0.0510694094017551,-0.629843707397574,-0.760637999705362,0.189659458827421,-0.0705609496871936,-0.296225771543798,-0.472248714197789,0.517726140133124,-0.363704428404322,-0.333979422149212,-1.00369058285354,2.3992411968937,2.38754824554141,-0.370281702344836,-0.400332606464976,-0.924450780392009,-0.000739682945828393,-1.56531543697313,-1.09939376855715,-0.956619933665339,1.82735501985588,-1.56531543697313,-0.333979422149212,-0.547435183985099,-0.484813844404564,0.821714993870633,0.596735206787962,-0.593512151491192,-0.343626531286471,-0.252659454575957,-0.93654835490529,0.235087913437529,0.649747137552387,0.0427225572111723,-0.214695894768757,0.726172755495118,0.252266133973507,0.707844714924821,-0.224640267159436,3.07909079275234,0.245203166598712,-0.778386370841756,3.0313168319037,1.62551306231752,-0.419922423015838,0.339056972600567,1.50018239279789,0.687466279512922,-1.16878960722883,2.17444433560058,-0.533031194213599
comm.and.crime_point_1527,comm.and.crime,regression,0.26,0.19454500453862,anomaly,0.263237410407251,0.87205458879957,-0.375024355916575,-0.448305952557865,-0.708757207400764,0.968220127909451,-0.496372568292438,-0.576459764357761,-0.284915395618803,-0.375210946038594,-0.397969848981704,0.317188096723854,-0.499564470154296,-1.56531543697313,-0.339713990523725,-0.0445811444996654,-1.18354111324217,-0.0880946194298402,0.223861947321042,-0.0800332904192877,0.183525722883532,-0.280832968781291,-0.105964675924132,-0.257216700834412,-1.69644204148058,-0.567472613338656,-0.267933252874971,1.22198175510075,-0.35568405855027,-0.407153610755056,-0.120957420021899,0.0329370249239415,-0.438231512002885,0.675018749538836,-0.0636258900830415,0.314329357834215,-0.3453655656838,0.044119426439209,-0.490300835164584,0.924892830816656,-0.310386422371632,0.698935090445236,0.793692452841512,-0.308861968134177,-0.202586991059232,-0.0516442527306052,-0.612720024453672,0.663768766665756,0.821714993870633,0.988978031119698,-0.241958561604024,-0.173931992421487,-0.34476848053886,-1.27898396480077,-1.52008084975738,-1.63315359196784,-1.52781963292701,-0.726761076765874,-0.728321444677741,-0.738257558223326,-0.693624944209472,0.326608230422067,-0.548829847861638,-0.29306929945644,-0.324530007231007,-0.425247563702025,-0.281327002043937,-0.338600020013028,-0.368353864419804,-0.506122969993337,0.259781663833366,0.726172755495118,0.220547338478165,-3.70855272760961,-0.424861492610813,-0.801434429577986,0.776064299963135,-1.05037612774876,0.805122423512198,-0.111777692699224,-0.0654521195474263,-0.0582635515406352,0.00449804147691576,0.062104246571098,0.0360411933666282,-0.0119374178694681,-0.0192231644959594,0.589231434646941,0.535289982565372,1.22633197080588,-0.286904425214791,-0.226875569169311,-0.54319816856734,-0.0435165600327901,0.137576952259974,0.317052074856781,0.042732118877671,-0.0477867027019386,-0.851110337619796,-0.618564013678328,-0.391348688885798,-1.46155861675429,1.27253664374943,-0.217427187171022,0.0814626478570313,-0.898214467727196,-2.13763607090921,-0.608817600383137,-0.230075729421995,-0.26287797133625,-1.06533063795537,0.00709456412135369,-1.02301435554381,1.01983928088354,-0.671523969190694,-0.555677486507623,-1.7382325097634,-1.69930249184784,-0.487789080732225,-0.295725241742213,0.279840888451533,-0.391348688885798,-0.0477867027019386,-0.321861540250354,-0.370866985519292,-0.187829560951817,0.201187390066993,-1.32772939830898,0.878506043477017,0.833861965998727,-0.592122486177232,-0.688849968232438,-1.13966992969373,-1.43178357631207,-0.688849968232438,-0.70552988692494,1.91411504076547,0.189657297261516,-1.42526006472277,0.682832724400303,0.682832724400303,0.376828550089045,-0.602185097684464,0.22524578682669,-1.27367338131278,0.133016085671751,1.61289133027545,1.9400823324986,0.304440963286713,-0.193933566835524,-0.286904425214791,0.675774263580712,-0.471344704785489,-0.165584803405107,-1.34275895168509,-0.158290967106083,-0.20666076843211,-1.27898396480077,0.243010035727013,-1.19498893326411,-1.23875756229239,-0.779122631666902,-0.883183386419734,0.871006677585685,0.825219881684049,0.137576952259974,0.85572211589946,-0.425870058168848,0.347766031238483,-0.329263137039369,-0.121200695287352,-0.230075729421995,-0.91323565124325,3.6817581761754,-0.176389105893484,2.89860149608457,1.26061717483676,-0.590386957395979,-0.803145557548822,-0.338600020013028,-0.493873574512357,0.0189685659473083,-0.629227587743642,-0.564613569898551,-1.6497426487149,-0.241958561604024,0.412240099369111,-0.744267573836537,1.07808905747781,-0.882023949694159,-0.696016939253532,-0.679746830292226,-0.885696359334983,-1.56531543697313,-1.26049841310347,0.023664661864365,1.33224721231561,0.682832724400303,-0.241958561604024,2.45408225345308,-0.231370130585801,-0.660982817851633,-0.56760401811193,-1.37971720136441,-0.499564470154296,-0.00769059703221596,-0.381712258954214,0.145053283764153,0.401605753908883,0.0427225572111723,0.488342665832679,0.726172755495118,2.82163076297544,1.65658221627003,0.629145668582266,-0.629843707397574,0.194932231558836,-0.867503152253548,-0.524462606894016,0.0391120955346223,-0.105964675924132,3.0461400666694,0.0672766422167828,-0.34476848053886,-1.3739496219135,-0.826258750205395,0.526201352602092
comm.and.crime_point_0117,comm.and.crime,regression,0.86,0.028180683011434,anomaly,-1.38334975138032,-1.56383453476745,0.806954409675075,1.07872183937993,3.23691779275872,-3.08850198967716,-0.0176229788684652,2.47741370814582,0.359432227001014,0.878589563710704,0.382789586824224,-1.35705455270886,0.825908010222217,0.682832724400303,-0.291949944754136,0.720810755778727,-0.44863454061095,-1.88513473342576,-1.33127089395254,1.04539958049792,-1.2487650459218,-0.533031194213599,-0.629227587743642,-0.578408706761027,0.518095065368702,0.949744322833616,0.0391120955346223,-0.853606712675401,0.816732757764318,0.555756227867123,1.28511970118097,1.06993325173982,-0.629442373038718,1.56535290206154,0.108751861038678,-0.0315444440301896,-0.3453655656838,0.345745036678463,-0.812376231415014,0.924892830816656,1.5706273338356,1.9548595793508,1.50172795984673,2.21387301914892,-1.63839963292602,-1.40853927318009,-1.11557870200987,-1.16384090018251,-0.186519518100509,-0.209368692507428,1.50643778875456,3.13119024701698,2.0637792929153,0.866268195653084,0.945259561142375,0.997145074653291,1.29313056898732,3.4718633633876,3.46068336588266,3.35908248184667,3.47974280004391,-2.14177630032918,3.4108251468292,3.42067261466198,2.82163076297544,1.28514859812821,1.3650345617856,1.4574822080445,-1.99200151438519,3.87573774072154,2.34664009675797,-1.23321624918318,0.419929865118091,0.105406250597248,-1.88271318408187,0.1628845642483,-1.07592843364696,-0.405122580110374,-0.0184413862106956,1.39092485112632,0.736598913158695,0.719132504926456,0.642111409128814,0.974003124794731,0.752791255597911,0.713033482588985,0.683667850264606,1.65117944631393,1.71004114346275,-0.175584594524771,-0.189444898148642,1.96435681046947,2.78820028981062,-1.21809552051175,-0.579261189746669,0.815751954374349,-0.0581652701597183,-0.413219819433159,3.77733766313757,1.12774299931132,2.1052364203334,-0.274823379056414,0.584266192935153,-0.375024355916575,-0.808871504665675,0.228635869181726,-1.15847835603325,-0.266432822203958,-0.34476848053886,-0.424861492610813,-1.00826650825885,-1.66673515571579,-1.07592843364696,-1.46152351837023,0.230562702477051,0.330621066828893,0.82042102382418,0.432961111715639,0.966027012606508,-0.472716577020044,-0.658393792953314,-0.391348688885798,-0.230503261067549,0.500362972394892,-0.0468999429701671,0.200868467281728,0.935299240366342,0.338588862534303,-1.90465321089015,0.108891065540274,1.41862578940345,0.282168870917816,0.592204999179243,1.03450568696218,-0.506783935891765,0.194009440828534,0.984240030386299,0.927243136822718,-0.998566532067046,0.682832724400303,0.682832724400303,1.03450568696218,-0.897080987655194,-0.914542988132221,0.857434586358428,0.0188878262786913,-1.2063255811676,1.19565818156809,0.0869987106920766,0.600118860823686,2.14958375143893,-0.96284821097941,-0.257216700834412,-0.319107477609904,-0.100893761675781,0.364971944713428,2.88605969651438,-0.457398031009934,0.886650185529367,1.21228566329134,0.94967388912165,-0.307289207713733,0.55805328059533,0.385056113761999,-0.708705024057152,0.247859743337919,-1.90232190204804,0.321698862402212,-0.35568405855027,-0.168225438914154,1.36386060537779,-0.230075729421995,-0.13044354190256,-0.533447461928133,-0.176389105893484,-0.0965886105387498,0.972629611637952,-0.590386957395979,-0.803145557548822,-0.866859498853478,-0.388045418306067,-0.375024355916575,-0.733880170107544,-0.66769354228252,0.72448175801232,-0.333979422149212,-0.649707912297875,-0.506122969993337,2.89443567317894,-0.779675500224294,0.0220735832329614,0.396950550146819,-0.590710800538598,-1.56531543697313,-1.17994609083031,0.201898224687947,0.143988474218959,-1.56531543697313,0.12612488057673,0.012169761977951,-0.146888892646214,-0.720290730320524,0.0145655943380156,0.36116540906914,1.76153564342917,-0.301653226084705,0.727959932947938,0.640243746967722,-0.888729441037333,-0.514522113788516,0.44147342845925,0.726172755495118,-0.7440181099252,-1.13382219945117,0.324222120103087,-0.0774492073752468,-0.00615150860066679,0.112781443276156,2.46239212169607,-0.626152826019497,-0.733880170107544,-0.755295767554917,-0.575060418388539,-0.230075729421995,0.0621704808792462,-0.652304948129686,1.53499425433132
comm.and.crime_point_1889,comm.and.crime,regression,0.09,0.081179263823817,nominal,0.629145668582266,1.56802290981872,-0.296225771543798,-0.142900394170307,-0.4325599573896,0.722358181389051,-0.592122486177232,-0.576459764357761,0.101693177953087,-0.0269330266637888,-0.0976777582871161,0.038147655151735,-0.499564470154296,-1.56531543697313,-0.674062310910845,-0.481947944658748,-0.693603398154691,-0.481197144366448,0.511849510519854,0.68526106180441,0.481919633051309,-0.785229419645906,-0.681553878925593,-0.899600712687643,-0.530896195770433,-0.324717903551093,3.46778515277508,-0.744365214371393,-0.199361816374992,0.293144453697438,-0.261565132142186,0.724267842801197,-1.1074695256283,0.526629724118384,-0.23600364120476,2.5378037983911,-1.14328207082565,2.557666178433,-1.29548932579066,0.322022122016284,-0.937391007774043,0.185147799529322,0.249049755145189,0.0145655943380156,-0.00454386804312309,0.0452768201586437,-0.338433473059384,0.193811995190487,-0.127211605631618,0.0759519559752211,-0.241958561604024,-0.260908893459341,-0.34476848053886,0.501118891746045,1.08749073869428,0.699375414281087,0.164750488221586,-0.641940381005198,-0.60138190496379,-0.653776320283739,-0.693624944209472,0.811469477533919,-0.548829847861638,-0.0895765918335127,-0.0623499430471371,0.0465858602511433,-0.281327002043937,0.559441094015736,0.0882970371329595,-0.553751890761977,-0.319901234201248,0.726172755495118,-0.444061083654919,0.878506043477017,0.223072592487436,-0.434074812882258,-0.123475027790339,-1.30847754680412,0.928656994970632,-0.644994724379254,-0.867503152253548,-0.878848277811454,-0.888160673235742,-0.758604743830171,-0.871842218792997,-0.978565285147405,-0.768973580240562,-0.767702135816429,-1.65401899910702,0.0840295842401654,-0.286904425214791,-0.226875569169311,-0.846052573874427,1.37576635054595,0.413283929954837,1.06510189413313,0.900359925695479,-0.413219819433159,-0.0140505928019747,-0.618564013678328,-0.391348688885798,-0.913834660893733,0.197114064352121,0.0977671503200851,0.0814626478570313,1.0589466437462,0.339056972600567,0.4183367341544,-0.34476848053886,-0.478855999702333,-0.380561081597017,0.385056113761999,1.56977547151032,-1.07553374959742,-0.92926301823862,0.773770343497151,0.507116509507333,-1.02085498162309,1.3537113041635,0.412240099369111,-1.00405920189194,-0.391348688885798,0.134929855663671,-0.321861540250354,0.871006677585685,-0.965225617418908,1.18000319046612,1.14301836776899,0.00232627821327909,-1.34105073537663,-0.687872404062027,-1.23504806525446,-0.616079834918179,-0.883719295584461,0.160791516024035,-1.49924105847212,0.445891340166776,0.968220127909451,-0.951156139549743,-1.56531543697313,0.682832724400303,0.376828550089045,-0.602185097684464,-2.05433176309113,1.03022712427771,1.9590682359607,-1.15854224368551,1.19565818156809,-0.608816497610759,0.798631967738489,-0.286904425214791,-0.798985963523397,-0.150152698858873,-0.523804376549633,0.376746696020106,-0.472248714197789,-1.37814579303305,-1.18769663882401,0.540074720251176,-0.713534013953022,-0.713534013953022,-1.01503934364349,-0.800827005447445,-0.910812056434499,0.589231434646941,-0.303554212051806,-2.18961815391758,2.5110078440746,-0.277522937462631,-0.436621602456179,-0.043039574199713,0.114002523928599,-0.0869550913836323,-0.361398252209622,1.30520508099459,-0.584177697663477,-0.352113179076581,-0.629843707397574,-0.548100210488063,0.612267041899781,-0.282217262099776,-0.296225771543798,-0.0536383847421805,0.311566195365187,0.72448175801232,-0.241958561604024,-0.590710800538598,-0.839525415373817,-0.44257322543477,3.46778515277508,-0.738257558223326,1.42470714056591,1.4741881110361,0.413054945035492,0.471376515769501,-0.822944761547652,-1.93546431745018,0.682832724400303,-0.149937701058835,0.622647884846732,-0.696016939253532,0.110020044243945,1.04953379424903,0.248850401944395,0.124187285317004,0.972184833142749,-0.0790743884354456,1.81069393272161,-1.78203842215394,-0.514522113788516,-0.964603692743623,-1.23321624918318,-0.639146084251652,2.32627927604311,-0.224640267159436,-0.314189707384816,-0.408318988919673,-0.243685682371009,-0.619283391928622,0.141460545004487,0.103340488803673,-0.640100742275393,0.363739900957701,-0.34476848053886,1.13926055797381,0.217464062248858,-0.129514033521907
comm.and.crime_point_0913,comm.and.crime,regression,0.13,0.062154814492329,nominal,0.812099797669774,-0.171897892729153,-0.375024355916575,-0.875873734300447,-0.629843707397574,0.845289154649251,-0.304872732522849,-0.533447461928133,-0.993697780500602,-1.0717667847882,-0.818378775954126,0.763652803239245,-0.343626531286471,0.14327716567068,0.281218604480928,0.0100897055202199,-0.938572255698432,1.37200047319184,0.16626443468128,-0.845327642642986,-0.174546969317801,0.324442772256246,0.678929691805134,0.492231312994358,0.226708603941165,-1.23504806525446,0.704377017088742,2.47825898559685,-0.433845179637909,-0.976145788122707,-0.308434369515615,-0.0658245204870952,0.0875983558456533,-1.40242760634748,0.510966613656022,0.660203159698619,0.281568831213367,0.044119426439209,0.368566888169896,-0.00681644642028318,-0.994391424628807,-0.499901921691897,-0.295592942551133,-1.020402605573,0.936160966283394,0.869105939717259,1.12442813437682,0.977073280982603,0.465867519057289,1.04604216081623,-0.333979422149212,-0.91323565124325,-0.34476848053886,-0.594329019975073,-0.42964182185941,-0.64058805739383,-0.758469577859468,-0.557119685244521,-0.474442365249838,-0.527054463374357,-0.523283403627701,0.546999706382,-0.548829847861638,-0.852674245419489,-0.796454122761974,-0.720143453672756,-0.407970199261594,-1.34229302980988,0.747903894931396,-0.791896494605177,-0.261932944397787,0.726172755495118,-0.444061083654919,0.569266126325109,0.49304512794504,-0.663674573317088,-0.70552988692494,0.842367611990508,-1.04789614836431,-0.790417551201081,-0.243685682371009,-0.231018230755544,-0.165532189896924,0.563648629594096,0.274957880777056,-0.0119374178694681,0.168214439440191,-0.708705024057152,-0.799654518454378,-0.850581459313604,-0.286904425214791,-0.226875569169311,-0.456668338479601,1.08212161042621,0.358142534415864,0.366922062808537,0.294975591471144,-0.0477867027019386,-0.900349146138491,-0.443933312379363,-0.391348688885798,-0.913834660893733,-1.05037612774876,-0.453822940289352,0.625555741065352,0.110020044243945,-0.812893280194679,-0.0952404331143684,-0.34476848053886,-0.100894450061688,-0.665881730079667,0.0610890712128745,0.776064299963135,-1.68208910052612,0.0372584156911057,-0.949587954657186,-0.0672751000735523,-0.148565325619854,0.287579502381766,-0.000739682945828393,0.724267842801197,-0.391348688885798,1.32258748504014,-0.321861540250354,2.05888583359914,-0.706093598596545,-0.630806040272269,0.625885114403834,0.311566195365187,0.269995710086597,-0.496372568292438,-0.0819631937635291,-1.13966992969373,1.1441185431077,-1.23504806525446,-0.335131340202921,-0.924450780392009,-2.06407721250882,-0.477052214376713,0.6153882795591,0.682832724400303,-0.33565501485685,-0.720143453672756,0.288567385435518,-0.179320641157294,-0.0381763034178386,-0.776275543828826,-0.144305290106824,-0.391374245016123,-0.987985994494734,-0.286904425214791,0.0203252737566635,1.66993533472528,-0.830849724959226,0.997679291024758,-1.72807970256461,1.2928400630571,-0.503041693998314,1.08469330854548,0.774599373008527,-1.32629482034895,-1.84074783556153,2.24635909052726,-0.370866985519292,3.0081130167773,-0.138130025434889,0.338588862534303,1.92363226362591,-0.277522937462631,-0.490300835164584,0.191443789063205,-0.230075729421995,-0.0869550913836323,-0.146336740061482,-0.0705609496871936,-0.584177697663477,-0.294515666436819,1.69810454269652,0.217035830694215,0.770744885551916,0.194009440828534,-0.217427187171022,-0.943185334835349,-0.152293680362675,-0.907797521612643,-0.241958561604024,-0.826699247575706,-0.791896494605177,0.444479772930899,-0.626152826019497,-0.611535701313945,0.886358450346385,2.06415922862887,-1.56531543697313,-0.293870545825533,-0.778386370841756,0.143988474218959,0.682832724400303,-0.333979422149212,-0.343942476362171,-0.44257322543477,-0.957522380196087,2.08450199416005,0.473480416193885,-0.499564470154296,-0.15467191155846,0.425322062429169,-0.800310327806298,-0.69021633412253,-0.305555362163633,-0.214695894768757,0.726172755495118,-0.324530007231007,-0.129276609791536,0.446191539494759,3.23691779275872,-0.961299274358306,-0.912061542959443,-0.90374574703244,-0.370281702344836,-0.733880170107544,0.569447023159616,-0.82211313400597,-0.230075729421995,0.472490510248604,-0.347885794497196,-1.8444619664616
comm.and.crime_point_1011,comm.and.crime,regression,0.02,0.037620514874745,nominal,1.17800805584479,0.176086267780421,-0.375024355916575,0.345748499249786,-0.550930207394384,0.35356526160845,0.844126282094685,-0.146336740061482,-1.18700206728655,-0.514522113788516,-1.29884612106547,-2.36160014236849,-0.499564470154296,-1.56531543697313,2.00072425218612,2.41560710639517,1.26614746219524,0.698110430443375,-2.71361119730684,-1.38553542068324,-2.38266190455935,1.68631318959071,1.30684518598855,1.2952113278109,0.692926942225224,-0.14265187121042,0.141460545004487,0.948878009340733,-0.433845179637909,-1.10745167520755,-1.19894987961077,-1.59662847435816,1.95190425094502,-1.45189061482096,2.57949962711665,-0.278597159647621,-1.02929399866253,-1.36346675467731,1.81790617129683,-0.664493583293417,-1.62139601003122,-0.442814444923462,-0.567914291399295,0.0792511068324541,1.33224721231561,1.3537113041635,1.21585698484158,0.715986185718564,0.287943781650617,0.30420847476134,-0.333979422149212,-0.782770299686468,-0.230075729421995,0.272900576804145,0.37633485093474,0.649747137552387,1.13926055797381,0.0790355329605499,0.0756289735106192,0.148795440142343,0.28583891413571,0.0180601640781611,-0.275750193055373,-0.750927891608026,-0.534274058578104,0.69535681818675,0.668496977088488,0.242485406711466,1.00159884023849,-0.363236207687417,-1.36333045066355,0.726172755495118,-0.37760024144161,0.156946236789233,0.978995691768727,-0.663674573317088,0.564407987550553,2.00382399773961,-0.924361576905879,-0.305674795128326,0.023664661864365,-0.0150748817369079,-0.0380095163665442,0.609243573505277,0.609441243151654,0.753309643725566,0.636808449280568,-1.71165592396486,0.695483322687741,0.0840295842401654,-0.286904425214791,-0.226875569169311,0.0192457270029651,-0.826569200352095,-2.1232202648379,-1.87722739502052,-1.31938263312708,-0.230503261067549,-0.654155103545014,-0.531248663028845,-0.391348688885798,-0.0922487271028942,-0.319088773758589,-0.0598300184254683,-0.165852394510387,-1.01683029266498,-0.697698254915155,-2.37780562097556,-0.000690227188266011,-1.12679008480058,2.70090192201559,0.763017663402644,-0.22930318399663,-0.524119794207697,-1.05813254276258,0.330621066828893,-0.850536385865668,0.142197893047893,0.0937373566032682,1.41519099927682,-0.609013020247796,-0.391348688885798,-0.413219819433159,0.226288134846476,0.43905062085352,-0.662904928792817,0.348009760126863,-2.30453665466539,-2.47159305900198,-0.65635599605476,-0.161247855695657,-0.870916000573111,1.55883286645718,-0.500074299075133,0.403546225811598,0.194009440828534,1.03318082040625,-1.61333031055475,-0.619283391928622,0.592906797945366,0.682832724400303,-0.116429302565806,-0.425247563702025,-0.787899790914564,-0.294515666436819,1.44549106869194,-0.919625556275082,-1.48426876178174,-0.956724101762177,0.94751679792459,1.95466469730663,0.894257260188728,0.652827315957665,-0.216759028140039,-1.62934322630262,0.364971944713428,1.43341826600921,1.09448651059498,-0.301608552567286,-0.0132359495005283,-0.450922239783337,0.0465858602511433,1.91693356663811,-0.802823042251458,1.94616500511031,1.68153602735121,0.396048112908209,0.268301082361422,-0.121200695287352,-0.329263137039369,1.12937724211488,-0.34476848053886,1.52211757781668,-0.619472066787389,0.405665753241116,-0.305555362163633,-0.121723128517532,0.0409210426295376,-0.803145557548822,1.14052652074023,-1.07592843364696,-0.453822940289352,0.103340488803673,-1.28617337658633,0.0814626478570313,-0.149937701058835,0.117254540572726,-0.410865128456057,1.20481091438719,-0.882023949694159,-0.738257558223326,0.25012818008695,-0.826699247575706,0.682832724400303,-0.616079834918179,-0.956619933665339,-0.796716360107558,0.682832724400303,0.494208322757484,-0.852674245419489,-0.738257558223326,-0.720290730320524,0.467364181799085,-0.144252122992213,-0.343626531286471,2.00105403482646,-1.03742764507821,2.03578050690505,-0.392446673750327,-0.0965886105387498,0.253996478965534,2.68556176017342,0.881498288014796,-0.966397934507894,0.324222120103087,1.54027754269014,-1.61482142987669,-1.09029510578303,0.044462103313619,-0.4726301518147,-0.576901296561691,-1.04328333075373,-0.673881504635512,0.343388026162328,-1.83555965495403,1.0872330726274,-0.331272613867753
comm.and.crime_point_0454,comm.and.crime,regression,0.07,0.544216029214638,nominal,-0.651533235030286,-0.867866213748302,-0.0598300184254683,-0.692630399267912,0.00146429262794278,0.394542252695183,-0.544247527234835,-0.576459764357761,0.294997464739033,0.0427225572111723,0.262672750546389,0.652036626610397,-0.499564470154296,-1.56531543697313,-1.00841063129797,-0.591289644698518,-0.595615855137194,-0.53735464792882,0.857434586358428,0.865330321151163,0.362562068984198,-1.08786729016467,-0.786206461289495,-0.899600712687643,-0.472618903484926,-0.0819631937635291,0.294983219209284,-0.744365214371393,0.113282667975565,1.03721114717821,0.207127241592105,0.872410160917752,-0.82065323407455,0.971796800379738,-0.753136894569917,1.15430859093348,0.338562867294928,1.15007999731647,-0.543980067872989,1.08931211503494,-0.367386839226397,0.984372474287411,1.06601380168967,-0.761660555595246,-0.895737921615612,-0.87547337228922,-1.29843640293939,-0.432797033443206,-0.127211605631618,-0.0952404331143684,-0.0579168405136468,0.130487161211004,-0.34476848053886,0.135969587839005,0.234103673382831,0.252720923722782,0.318620499235095,-0.684350728885536,-0.686008264773091,-0.696016939253532,-0.693624944209472,0.767391182341933,-0.548829847861638,-0.59830836089083,-0.586710071414878,-0.779122631666902,-0.977864586741049,-0.232948124244939,-0.368353864419804,-0.553751890761977,0.433686533243749,-1.23321624918318,-0.0452960303750682,-0.203833666554659,-0.26287797133625,0.897603797639757,0.82897837806628,-1.22244374045233,1.95811175712425,1.53634767794814,-1.00117832437123,-0.965225617418908,-0.930668231079202,-1.07776935120844,-1.11075890620342,-1.13966992969373,-1.1907081890969,-0.413719465260767,-1.65401899910702,0.0840295842401654,-0.189444898148642,-0.226875569169311,-0.846052573874427,0.348009760126863,-0.248412816512834,0.466662038712051,-0.159062659197108,-0.139144981884744,-0.260244635395451,-0.400275637054622,-0.391348688885798,-0.822547334916973,-1.69562967538715,-0.453822940289352,-0.660482479245224,-1.07613820513387,0.742239561078903,1.21723454990582,-0.34476848053886,-0.424861492610813,0.190080215368281,-0.26287797133625,-1.18175658985325,0.0824355567210018,-1.12256730502457,-0.8018715291011,1.29037779529945,1.40217184060813,-1.31161820029084,0.117254540572726,-0.707774565658833,3.18708996766172,-0.321861540250354,3.60654446461026,0.331061606670478,-0.749282268400272,-0.0435165600327901,-0.638218393822105,0.517726140133124,1.3171758996377,-0.0176229788684652,-0.688849968232438,0.189443387813436,1.41815068347151,-1.23504806525446,-1.60506921467841,1.27788477050604,0.886266145735984,0.803028383590466,0.682832724400303,0.660351242786569,0.541247834307328,-0.366268385707879,0.351888984044347,0.281459459960805,1.33136280929888,0.0360411933666282,-1.98055152906875,-1.08718945331896,0.550490584094985,-0.286904425214791,1.44046475170877,-0.41781270379772,-0.165584803405107,-0.530770173602079,1.4638240595344,-1.00327058516075,-1.46155861675429,1.43126877382367,-0.713534013953022,0.687062114951965,-0.779122631666902,-0.7596488149613,-0.316872478427771,0.707225658165495,-1.90265468268201,-1.04043314643945,-0.372472278128058,-0.433845179637909,0.153849957336276,-0.199361816374992,-0.34476848053886,1.0872330726274,0.197761679375541,0.881892456169426,-0.166244194413711,-0.58250322963563,-0.629843707397574,1.23721721893725,0.453789198247646,0.776064299963135,-0.138628602798245,-0.00131209356022966,0.311566195365187,-0.363704428404322,-0.333979422149212,-0.295725241742213,1.2085181776777,-0.611535701313945,-1.59846309598321,-0.738257558223326,-1.21809552051175,-1.53466458868703,-1.56531543697313,-0.65635599605476,-0.199127291665113,0.688607062513258,0.682832724400303,-0.241958561604024,2.55582860726454,-0.611535701313945,-1.4912935924161,-1.14977363056188,-0.425039640804075,-0.0317506535508209,-0.497628312119698,-0.482591549127137,0.235087913437529,-0.69021633412253,3.3861905832093,-0.683388268503048,-1.23321624918318,-0.639146084251652,0.98688515649694,1.60490102371564,0.908969542664623,0.597099711877842,1.53864994586482,0.423745243452043,-0.01206212920031,0.731255982987085,-2.02244104562969,-0.772702590882484,-0.34476848053886,-1.32265961824234,-0.608816497610759,0.980158158380245
comm.and.crime_point_0007,comm.and.crime,regression,0.03,0.201907912435985,nominal,0.934069217061446,-1.56383453476745,-0.375024355916575,-0.448305952557865,-0.708757207400764,0.927243136822718,-0.44849760935004,-0.533447461928133,-0.800393493714657,-0.862800033163321,-0.638203521537374,0.98688515649694,-0.343626531286471,0.255684573739351,0.281218604480928,-0.317935394599092,-0.301653226084705,1.03505545181761,0.799837073718665,-0.485189123949481,0.362562068984198,0.274003127169785,0.626603400623183,0.385167311018819,0.634649649939717,0.221480193470925,2.75134600648603,-0.143536973699349,-0.35568405855027,-0.844839901037864,-0.120957420021899,0.131698570334978,-0.00800707467226295,-0.413167436877806,0.22367036178649,0.215508271587242,0.50954497553961,-0.307777118839921,0.261208422753086,-1.15775143594827,-0.53838808979069,-1.18495164291312,-1.16702125886525,-0.438232993123054,0.787628624021312,0.917566476161884,0.575855031588241,0.82042102382418,0.406559606588398,0.532464993547459,-0.333979422149212,-0.521839596572905,-0.230075729421995,-1.46155861675429,-1.61490163479198,-1.88129497561135,-1.68168964394052,-0.769171424646212,-0.728321444677741,-0.738257558223326,-0.65103955906403,-0.246409607073759,-0.45780329625955,-0.750927891608026,-0.639146084251652,-0.248310029719587,0.288567385435518,-0.866859498853478,0.443469960562887,-0.744267573836537,-0.203964654594325,0.726172755495118,-0.444061083654919,0.878506043477017,0.115083578304395,-0.52591471705619,0.299837597034825,-0.491156386462159,-0.883183386419734,-0.935840378022907,0.469248568923321,0.50318915590782,0.514588735598435,-0.393845192540718,-0.107308819079628,-0.0119374178694681,-0.159801367448073,-0.177731018223659,-0.0520855978833183,-0.487121609042694,-0.286904425214791,-0.226875569169311,-0.283608678304122,0.984240030386299,1.2955462585784,1.41419180979543,0.950808620214174,-0.139144981884744,-0.752632720582405,-0.443933312379363,-0.391348688885798,-0.731260008940213,-0.0609873547032339,-0.375024355916575,-1.25403858092703,0.0507121317750543,-1.04328333075373,-1.29358715674149,-0.34476848053886,-0.424861492610813,-0.494689340990077,1.08698470595177,0.617322065653698,-0.689543980824615,1.97030128355056,-0.555677486507623,-0.693884128707245,0.432961111715639,0.432961111715639,0.23524876409128,-0.164586065898132,-0.391348688885798,0.134929855663671,-0.0477867027019386,-1.1807845918921,0.50318915590782,-1.2670363105317,0.166211111412584,-1.13155341801038,-0.817460640601083,2.90274951661777,0.889055645386725,-0.374422868098694,1.63737639576255,-0.688849968232438,0.246923518931679,1.71835188068565,-0.670859515559886,0.328924458417437,-1.56531543697313,0.682832724400303,-0.8289128675117,-0.0713724957371486,-0.407970199261594,0.857434586358428,-1.00826650825885,-0.585142193900484,0.351977477180183,1.73955983041131,1.9897106092273,1.46736706197588,-0.0342954753953406,0.385167311018819,-0.574978601284565,0.376746696020106,-0.733880170107544,-0.909551783192675,-0.366110705033174,-0.648184017845477,0.0305326795277526,-0.801071272009583,0.0465858602511433,1.71104261420738,0.763017663402644,-0.649707912297875,-0.854968167441532,0.0512926106647712,1.06926778297327,-0.277522937462631,0.153849957336276,-0.199361816374992,5.27517632418751,-0.391374245016123,-0.576459764357761,0.194009440828534,-0.514522113788516,-1.8496485077104,-0.51147345739279,-0.973175788922662,-1.39511897769393,0.511493909447407,-0.375024355916575,-1.41412195547291,0.723886084901063,1.07072281732671,-0.241958561604024,-1.18068191813137,-0.839525415373817,1.7961795799643,0.499680118149013,-0.738257558223326,-0.924450780392009,1.17920255223971,-1.56531543697313,-0.736908318327921,-0.0654521195474263,1.28273643156158,-1.56531543697313,0.12612488057673,-0.750927891608026,-0.062407654706626,-0.720290730320524,0.596735206787962,-0.649669655053565,-0.187688592418646,0.0413031744765323,1.88807176993655,-0.350137179439416,-0.987985994494734,-0.444866529913555,-0.636519031129619,0.726172755495118,-0.796454122761974,-0.0734685214771128,0.812099797669774,0.593315542651865,0.044119426439209,-0.822944761547652,-0.90374574703244,-0.728501275489362,-0.629227587743642,0.454251997880092,-1.46445019461129,-0.230075729421995,-0.912339588872978,0.260952512767785,2.14026999536886
comm.and.crime_point_1337,comm.and.crime,regression,0.12,0.121579890485973,nominal,0.812099797669774,0.524070428289996,-0.375024355916575,0.345748499249786,-0.116905957376842,0.47649623486865,-0.544247527234835,-0.533447461928133,-0.091611108832858,-0.0269330266637888,-0.157736176426034,-0.352508963049232,-0.343626531286471,0.682832724400303,0.520038833328871,0.666139905758843,-0.644609626645943,0.248850401944395,0.108666922041517,-0.575223753622857,0.183525722883532,0.425322062429169,-0.0536383847421805,-0.257216700834412,0.634649649939717,0.342857548364707,-1.24024352283868,0.839636511036724,-0.433845179637909,-0.888608530066145,-0.402172844262473,-0.115205293192613,-0.725047803556634,-1.20457557245354,0.798262865525553,0.759024245945591,-0.402359601765361,0.446286906758215,-0.543980067872989,-0.00681644642028318,-0.253386005516867,-0.785339305534071,-0.45898575186003,0.726106231776839,0.688607062513258,0.481421648160263,1.03299928391205,1.18594295719383,0.525175431526179,0.24714434506481,-0.333979422149212,-0.521839596572905,-0.34476848053886,-1.23334030181239,-0.808924961997834,-1.18649910140954,-1.42523962558467,-0.726761076765874,-0.686008264773091,-0.696016939253532,-0.736210329354915,0.679234591957959,-0.548829847861638,0.215662469600878,0.252266133973507,0.636377640192604,1.17506976595912,-0.761207603085388,0.950859851177069,-0.601380811530617,-0.551774393415093,0.726172755495118,-0.37760024144161,0.0538662644052637,0.655028649219603,-0.0667151961865298,0.0352672065190975,0.283147870703906,-0.800827005447445,-1.17821175605928,-0.0208937288415306,0.0713024578705468,0.00449804147691576,0.563648629594096,0.418307893223313,0.189443387813436,0.355652043376342,-0.35472235350149,0.321698862402212,1.1744091350529,-0.286904425214791,-0.226875569169311,-0.716257828742818,1.32682556052599,1.2955462585784,1.36432182184367,1.05170600925156,-0.413219819433159,-0.211005826876756,-0.356617961729881,-0.391348688885798,-0.274823379056414,0.670299999286939,-0.375024355916575,-0.808871504665675,-1.31336985500943,-1.67685596979111,-1.80716432401026,0.343388026162328,0.223072592487436,-0.380561081597017,1.30296273431785,0.881892456169426,0.247859743337919,-0.607089206928712,-0.900349146138491,-0.380579614390398,-0.10010478917523,-0.197025862064479,0.353242987609834,-1.30034383812505,-0.391348688885798,-0.595936377798769,0.134929855663671,-1.07279557770906,-0.360584240166726,-0.483983670212399,1.2579368685168,0.414646167749156,-1.13966992969373,-0.496372568292438,1.67800845219631,0.99496661054505,-0.8289128675117,0.828366967939835,0.0881812846222431,-0.337161300152529,-1.49039933729455,-0.0977690742382896,-0.148982095307866,0.682832724400303,0.924892830816656,1.99289873405796,0.351888984044347,-0.0641256158777693,-1.46477954583108,-0.537358856418398,-1.43464048505304,-0.608816497610759,0.798631967738489,-0.189444898148642,-0.471261468611373,-0.899600712687643,0.44850589341408,-0.14865780744537,0.678929691805134,2.37060628568996,0.546762554734425,-0.40063011407534,-1.10745167520755,-0.713534013953022,-0.897080987655194,1.01101337594292,-0.748828535159937,-0.472716577020044,0.247859743337919,0.568425864029928,0.0547099621982618,-0.277522937462631,-0.812376231415014,-0.35568405855027,-0.230075729421995,-0.347885794497196,-0.576459764357761,0.723150221859989,0.251689308836056,-0.121723128517532,-0.4325599573896,0.174528272850755,-0.391425967897073,-0.917186199337522,-0.296225771543798,2.09173955371781,0.930046029669001,0.378240698697934,-0.241958561604024,-0.118733906464382,-0.267978366150136,1.16257029541739,0.294983219209284,-0.44257322543477,-0.728687620312182,-1.53466458868703,-1.56531543697313,-0.414699029235275,-1.00117832437123,-0.00454386804312309,0.682832724400303,-0.241958561604024,0.978760123186855,1.1203296764476,-0.0679036931627271,-0.373547480628615,0.0242203876949048,-0.265657561852559,-0.595615855137194,0.0722445468239389,-0.98037958715305,-0.293190120292925,-1.28073353641309,1.61320436279498,0.726172755495118,-0.429402032904556,-1.63609499428098,0.812099797669774,-0.629843707397574,0.999267192196847,0.602923741041008,-0.524462606894016,-0.01206212920031,0.94056114771489,-0.294515666436819,-0.0809549871536759,-0.34476848053886,0.216040491892755,-0.869747200724323,-0.835669064732367
comm.and.crime_point_1107,comm.and.crime,regression,0.05,0.277906122134763,nominal,-1.50531917077199,0.176086267780421,-0.138628602798245,0.406829610927298,0.198748042635917,-0.384020577952752,0.796251323152288,0.326798586664425,0.423866989262996,0.948245147585665,0.623023259379894,-1.18963028776559,-0.499564470154296,-1.56531543697313,-0.291949944754136,0.830152455818498,0.629228432581511,0.248850401944395,-1.33127089395254,-0.485189123949481,1.9738891838902,-0.482591549127137,-0.367596131833887,-0.310748701822181,-0.12295514977188,-0.385406580997984,-0.728501275489362,-0.471261468611373,-0.199361816374992,-0.10077320755709,-1.01147293011705,-1.20158229271402,0.0875983558456533,-0.215315402983871,0.913181366273366,-1.51386073773478,-0.3453655656838,-0.860757404278554,0.529604586295112,-0.33565501485685,-0.424387256081161,-0.157377061081287,-0.241128672781501,0.0145655943380156,0.589585501005203,0.626803257494137,0.53014060635586,0.507116509507333,0.228635869181726,-0.209368692507428,-0.241958561604024,-0.521839596572905,-0.115382978305131,-0.503041693998314,-0.287410644307502,-0.64058805739383,-0.45072955583245,-0.302657597962493,-0.220563285821935,-0.315851368525389,-0.267771092755045,-0.0260181311138255,-0.412290020458506,-0.29306929945644,-0.219657981557459,0.164544216239436,-0.281327002043937,0.717918937667871,-1.38313364564817,-0.0774626830755764,-0.145996364790864,0.726172755495118,-0.0452960303750682,-0.616153556090535,-1.1807845918921,-0.75551447749102,-0.22930318399663,1.27253664374943,0.0639149947615938,-0.887366102415632,-0.421919245194591,-0.490150249577908,-0.548100210488063,-0.348250248629537,-0.441792181454227,-0.495251351508437,-0.487817174336336,-0.531713688779321,-0.212278938005688,-1.6813468313614,-0.286904425214791,-0.226875569169311,-0.0240191880409045,-2.53949685105058,-2.23350305591585,-2.8247571661039,-3.28688171935617,3.14975306869624,-1.04806557169458,-0.0510142344566935,-0.391348688885798,0.318544239792525,0.584266192935153,1.27974591591174,-1.20457557245354,-0.838906555258306,-0.121723128517532,0.133016085671751,0.228695275045463,1.51894076268393,0.24714434506481,0.00709456412135369,0.0352672065190975,-0.579261189746669,-0.349350157880785,-0.457199869470233,0.402681671401718,-0.487789080732225,-0.681631226510723,-0.413719465260767,-1.1522015200085,-0.391348688885798,-0.321861540250354,2.96703651033063,0.601034142128082,-0.360584240166726,-1.31597710055166,-0.465840642700386,0.363106181557171,0.592204999179243,-0.639997445119629,-0.567472613338656,-0.938289124010825,-0.609687155220656,-0.870916000573111,1.72851770581975,-0.875509990372052,0.394542252695183,-1.28302888717086,0.682832724400303,0.682832724400303,0.157602837798,0.636377640192604,-0.15468380482628,1.72139727595486,0.190080215368281,-0.967408893757168,0.798631967738489,0.521883215881349,0.15346437026538,-0.286904425214791,-0.96284821097941,-0.203684699846642,-0.370281702344836,-1.39052299745468,-0.262943549469985,1.90201227584959,0.0446822618622457,1.23322565080756,0.249375824669157,0.205607195640876,-0.0123933177430025,-0.800827005447445,-0.0468999429701671,-1.41667036516848,-1.13067514513639,0.913181366273366,0.855676662810112,-0.277522937462631,0.261208422753086,0.0351215468879261,-0.34476848053886,-0.826258750205395,-0.490435159498505,-1.28758474605954,-0.584177697663477,-1.3888684065923,1.93484504270609,-0.675622884018443,-1.65924871711415,1.56977547151032,-0.217427187171022,-0.629227587743642,0.775426071093047,-0.858334513139159,-0.0579168405136468,-1.23967902989064,3.87573774072154,-0.484813844404564,-0.370281702344836,-0.696016939253532,-0.728687620312182,-0.826699247575706,-1.56531543697313,0.0686149044036935,-0.956619933665339,0.985671747037421,-1.56531543697313,6.84364770037549,0.26653564650661,-0.78049817719312,-1.4912935924161,-0.308861968134177,-0.930457172865427,-0.187688592418646,-0.497628312119698,0.374882417342708,-0.98037958715305,0.451234030637584,-0.305555362163633,0.535211903206109,0.726172755495118,-0.586710071414878,0.205571920095007,1.48293160432397,-0.669300457399169,-1.26292488459756,0.602923741041008,1.22972191624619,-1.64963732071814,-0.262943549469985,3.0461400666694,-1.21739747899386,2.29316479514903,-0.245569541147772,-0.608816497610759,-0.835669064732367
comm.and.crime_point_1971,comm.and.crime,regression,0.53,0.123411204396369,anomaly,0.995053926757281,1.56802290981872,-0.453822940289352,-0.570468175912889,0.790599292659839,-0.261089604692552,-0.544247527234835,-0.533447461928133,-0.54265444466673,-0.0965886105387498,-0.217794594564951,0.26138000840943,-0.343626531286471,0.682832724400303,-0.530770173602079,0.0100897055202199,-0.252659454575957,-0.53735464792882,0.454251997880092,0.0550186540907768,0.362562068984198,-0.533031194213599,-0.262943549469985,-0.0966206978711041,-0.764005364912463,-0.446095258444874,-0.830849724959226,-0.853606712675401,-0.35568405855027,-0.275847723670213,0.160258004218676,0.378602433862569,-0.533836942520802,-0.413167436877806,0.396048112908209,-0.673881504635512,-0.459353637846922,0.0943903614790845,-0.919734696831824,0.267215693943522,-0.481387672935926,0.0138853692240173,0.140121215605925,-0.632289530606369,-0.301608552567286,-0.584710153621474,0.438711755891097,-0.954971223971284,2.12648906818623,1.38842693899541,-0.241958561604024,0.434906314843494,-0.34476848053886,0.501118891746045,0.186693280865528,-0.0946770133781229,1.29313056898732,-0.59953003312486,-0.64369508486844,-0.653776320283739,-0.565868788773144,0.723312887149946,-0.548829847861638,-0.59830836089083,-0.534274058578104,-0.366268385707879,-0.787899790914564,0.189659458827421,0.189775015255796,-0.315607286918777,-0.319901234201248,0.726172755495118,-0.444061083654919,0.260026209173202,0.331061606670478,-0.0667151961865298,-0.123475027790339,0.0250464516485512,0.310984137678462,-0.838891826808356,-0.689269589429965,-0.749282268400272,-0.760637999705362,-0.621819912096626,-0.632925531382569,-0.65635599605476,-0.440957773352299,-0.767702135816429,-0.906450078535958,0.291720927252114,-0.286904425214791,-0.226875569169311,-0.802787658830557,0.788476870306472,0.413283929954837,0.167442111001511,0.547219064064617,-0.413219819433159,-0.654155103545014,-0.356617961729881,-0.391348688885798,1.14013017358336,1.01443522469408,-0.375024355916575,0.477166715644901,-1.84714106722945,1.37581220011629,0.703657382637049,2.17847204403216,0.00709456412135369,-0.380561081597017,1.9508968194161,0.352751675137971,0.0824355567210018,-0.0271763465708762,-0.752632720582405,-0.850536385865668,-0.00318371628598076,0.239118965937142,0.294245875850557,0.378602433862569,-0.391348688885798,-0.413219819433159,-0.413219819433159,0.115083578304395,-0.835659608007726,0.152246600047036,0.281129612160397,0.363106181557171,0.713033482588985,-0.400622650407643,-0.264029226104202,-0.253594384688952,0.924892830816656,0.100102838577144,0.0352672065190975,0.837417660326429,-1.36746836403435,0.613386813521254,-0.238908021762804,0.682832724400303,1.30853782732598,0.282502572227728,-0.787899790914564,2.47016494027177,-0.722945859776196,1.80402468020379,-0.491703227207728,-0.91323565124325,-1.58352531523914,0.980069426645142,-1.12671045843542,-0.203684699846642,-0.523804376549633,-0.817354448219611,-0.576901296561691,-0.534676575320374,-0.366110705033174,0.589585501005203,-0.62599675589646,0.0305326795277526,2.22881544603455,-0.306688719613709,0.169078085395916,1.23819966399899,1.95724300504607,-0.810596144943824,-1.92100789931097,-0.35568405855027,-0.382942369747774,0.973054999939597,-0.230075729421995,1.52211757781668,-0.576459764357761,0.934806534272571,-0.166244194413711,1.49100722539581,-0.669300457399169,-0.335562421270764,-0.180122176360894,-0.493873574512357,0.649357240929522,-0.210617258288034,0.0538662644052637,1.21911184274716,0.310166601667107,-0.413719465260767,-0.506122969993337,-0.653776320283739,-0.421455927079768,-0.189129511616007,-0.630806040272269,1.17920255223971,-1.56531543697313,0.511652676906082,-0.154568900959218,-1.68791041368005,-1.56531543697313,-0.149937701058835,0.317408823412342,-0.653776320283739,0.465867519057289,-0.891031580584123,0.754267934005747,-0.265657561852559,-0.840584712680936,-0.734789774559444,-0.395154494276104,-0.144305290106824,-0.0269330266637888,-0.355303606889044,0.726172755495118,-0.796454122761974,0.707844714924821,1.17800805584479,-0.629843707397574,0.798183452037345,-0.689269589429965,-0.0977690742382896,2.75134600648603,-0.367596131833887,0.223861947321042,2.98249868650247,-0.115382978305131,2.6779606681089,-0.956724101762177,0.274003127169785
comm.and.crime_point_1630,comm.and.crime,regression,0.01,0.111749364034521,nominal,-0.346609686551107,1.22003874930914,-0.453822940289352,3.27764185977035,-0.669300457399169,0.804312163562517,-0.209122814638054,-0.533447461928133,3.71003986462407,3.52550175095922,3.98629467515928,-1.41286264102328,-0.343626531286471,0.525462353104163,-0.435242082062902,0.338114805639531,-0.44863454061095,0.866582941130492,-0.467308204356106,-0.170067920092664,-0.174546969317801,0.173123836996862,-0.943185334835349,-1.11372871663872,-0.938837241768986,-0.0819631937635291,-0.523804376549633,-0.198157722851353,-0.35568405855027,1.12474840523477,-0.777126743249906,-1.05343997459746,2.28652325775772,-0.413167436877806,-1.61502565017851,-1.46445019461129,3.18826467137296,-1.36346675467731,0.798000749837136,-2.08946071318521,3.22363942262377,-1.92708884090277,-2.092913844949,-0.891031580584123,-0.202586991059232,-0.10010478917523,0.210139629729191,0.246029414243294,1.11825455621509,1.38842693899541,-0.333979422149212,0.391417864324567,-0.34476848053886,2.73765837817666,2.36757133666146,2.039338885956,1.44700058000083,0.503139011763931,0.287194873033872,0.106554821172549,-0.0548441670278318,0.41476482080604,-0.548829847861638,-0.801801068513758,-0.324530007231007,-0.366268385707879,-0.15468380482628,-0.180122176360894,-0.77426577691115,-0.220349445381496,0.317749953636827,-1.23321624918318,-0.444061083654919,-0.358453625130612,-0.856817549342979,-0.801434429577986,0.776064299963135,-0.491156386462159,-0.636114243502866,0.469913614588082,-0.377360854488696,-0.317395570362999,-0.250547305583844,-0.16587047298481,-0.250658831525885,-0.213318223552372,-0.394098372368261,2.00516211686959,-0.532665618250428,-0.954427130819579,-0.286904425214791,-0.226875569169311,-0.326873593347992,-0.630806040272269,-2.56435142914968,-3.12397709381444,-2.22745913446359,-0.139144981884744,-0.900349146138491,-0.443933312379363,-0.391348688885798,-0.913834660893733,-0.491156386462159,0.491760072183968,-0.808871504665675,-0.36444325550718,-0.409710691716343,0.30420847476134,-0.34476848053886,-1.34276811316667,-0.722945859776196,-0.154888957153209,-0.546787652615503,1.62639463181223,0.0372584156911057,-0.8018715291011,-0.850536385865668,0.0937373566032682,1.3537113041635,-0.35472235350149,-0.312728384014686,-0.391348688885798,0.0435715764808665,-0.230503261067549,-1.1807845918921,0.373623146496638,-1.07127315045188,0.85572211589946,-0.564613569898551,1.47828054418402,0.126001897958727,0.160791516024035,-1.17994609083031,-0.00681644642028318,0.403546225811598,0.405665753241116,-0.973391570411965,0.640404199215584,-1.52008084975738,-1.56531543697313,-1.56531543697313,0.924892830816656,-1.07401852163763,-0.597934995088079,0.68464204843914,0.874849771726638,0.0360411933666282,-0.987985994494734,0.82630236951384,-0.938357717766034,-0.286904425214791,-1.01746896013141,-0.792536710712104,0.397331668679148,2.43060066411242,-0.681553878925593,-1.47186459500113,-0.731260008940213,-0.895737921615612,-0.932377159094426,3.05056808247913,2.58269051399943,0.722766042539909,-0.316872478427771,-0.531713688779321,-1.07553374959742,-0.638218393822105,0.375096642443002,7.38226692912601,0.583283819003517,0.113282667975565,-0.230075729421995,-0.565328047091832,-0.40441055463925,-0.388045418306067,-0.0269330266637888,-1.33127089395254,0.0409210426295376,-0.548100210488063,-1.44794492557797,-1.55215513657527,-0.217427187171022,1.83010809780806,-1.13155341801038,0.0814626478570313,-0.241958561604024,-0.000739682945828393,0.160681920767624,-0.062407654706626,1.21611926443806,-0.696016939253532,-0.337161300152529,0.412240099369111,0.682832724400303,-0.898012962874244,1.13762442951176,0.787628624021312,-1.56531543697313,-0.333979422149212,-0.445688830173635,1.88066081790389,0.110020044243945,0.402678669304647,-0.0880946194298402,0.124187285317004,-0.252659454575957,-0.835669064732367,0.68526106180441,-0.243561843564225,-0.235899778288672,-0.449042081635903,0.726172755495118,2.87406677581221,0.652036626610397,0.629145668582266,1.65864779269492,-0.458589923959548,-0.3328024637828,0.660797206038557,-0.523804376549633,0.888234856532939,-0.812893280194679,0.956666418439536,-0.34476848053886,0.267330495563925,-0.521839596572905,-1.03742764507821
comm.and.crime_point_0155,comm.and.crime,regression,0.87,0.0222256415434599,anomaly,-1.0174414932053,-1.56383453476745,-0.453822940289352,-0.448305952557865,2.25049904271885,-1.49039933729455,-0.496372568292438,-0.533447461928133,-0.284915395618803,-0.584177697663477,-0.458028267120621,1.48915795132675,-0.499564470154296,-1.56531543697313,-1.15170276860673,-1.19266899491726,-1.18354111324217,-1.15508718711492,1.203019662197,1.67564198821155,0.959349889319753,-1.13830693525114,-0.943185334835349,-0.578408706761027,-0.880559949483478,1.55663109730253,-1.64963732071814,0.0203252737566635,-0.277522937462631,1.56243469551758,0.675819615326396,0.971171706328788,-0.677245088297676,0.823407774959287,-1.55756639980461,-1.0691658496234,0.395556903376489,0.245203166598712,-0.382942369747774,2.02102139227188,-0.196385588662103,1.61233471874019,1.82851357846452,-0.050119918156423,-2.08399665971227,-2.13544731984946,-2.16701048235463,-1.52936283355217,-0.601674905382743,0.0188878262786913,-0.241958561604024,0.913279270551694,-0.34476848053886,-0.0922487271028942,0.091872495830922,-0.442074950479027,0.0108804772080765,-0.641940381005198,-0.60138190496379,-0.653776320283739,-0.608454173918587,0.767391182341933,-0.594343123662683,0.470028354129537,0.199830121136733,-0.602185097684464,-0.977864586741049,0.0840075630593312,-0.622048809726895,0.351197603842184,0.143845084226443,0.726172755495118,-0.311139399228302,-1.44079333516229,-0.478855999702333,0.116964612161334,-0.282217262099776,-0.147021161055019,2.53460642393028,3.66921580466826,-1.00117832437123,-0.965225617418908,-0.888160673235742,-1.26014912685317,-1.2063255811676,-1.17994609083031,-1.09698938712883,0.943214105202603,-0.692858958372798,0.343643763005101,-0.286904425214791,0.569936205244792,-0.759522743786688,0.396950550146819,0.0272941611820292,-0.331257768516057,0.345424285989838,-0.321861540250354,-0.752632720582405,-0.662221689003069,-0.391348688885798,-1.18769663882401,0.197114064352121,-0.453822940289352,0.229851673277482,-0.601674905382743,1.31821468747653,-2.09248497249291,-0.230075729421995,-0.694834028068417,-0.152304562810898,-1.61274064862427,-0.440959496409212,-1.35124072729229,-1.89578445216835,1.56159127979628,1.02929070003541,0.77218486682801,0.578342721049512,0.589231434646941,0.279840888451533,-0.391348688885798,-0.504578098615964,0.317646414029282,0.277067099578957,-0.965225617418908,-1.46279947061153,-0.925514645691636,0.826966057285032,-0.454975190371856,-0.11337289675326,-0.324717903551093,-0.736908318327921,-1.21255786402103,-0.203340548657311,0.987720612375717,1.18000319046612,-1.77723827490169,0.281514065900134,0.682832724400303,0.682832724400303,0.924892830816656,-0.779122631666902,-0.0280406076086237,-0.352113179076581,-0.152304562810898,-0.441792181454227,-1.13687082468084,-0.217420442940414,0.94751679792459,-0.286904425214791,-0.744365214371393,2.47291534954182,-0.0632363539352424,0.94991524525517,-0.472248714197789,-0.0660825654799971,-1.46155861675429,0.0944776934649314,0.118069937584314,-0.582228126868179,1.16719024213992,-1.08907433885046,-0.532850506793854,-0.767702135816429,0.523566721032782,-0.523299893074292,-0.692858958372798,0.191443789063205,0.314887655461491,-0.35568405855027,-0.230075729421995,2.18096542220705e-05,0.197761679375541,1.25229100289144,0.112378141086133,-0.409710691716343,0.00146429262794278,-0.0805170742100041,-0.919685446737523,-0.176389105893484,-0.0598300184254683,0.678929691805134,-0.564613569898551,1.51588989358806,-0.149937701058835,0.648228546406218,-0.744267573836537,0.57120162984028,-0.830849724959226,2.21858576966224,-0.777628410332139,0.176251652332003,0.682832724400303,0.390824193496339,1.98423385292377,1.03518252779145,0.682832724400303,0.678250043847861,0.622647884846732,2.80995443523935,0.525175431526179,-1.27914465555075,0.698110430443375,0.358094193618742,-0.00769059703221596,-0.23039332369483,2.53097097010862,-0.0946770133781229,-1.00211120091324,-1.01147293011705,0.726172755495118,-0.534274058578104,0.205571920095007,0.812099797669774,-0.669300457399169,-0.0564224436405426,-0.689269589429965,1.60900505638462,-1.64963732071814,0.992887438896841,-0.00652810323800724,-0.0315444440301896,-0.230075729421995,0.164750488221586,-0.565328047091832,-0.835669064732367
comm.and.crime_point_1663,comm.and.crime,regression,0.33,0.0431865986519892,anomaly,-0.407594396246943,1.22003874930914,-0.375024355916575,1.32304628608997,3.11854754275393,-2.22798517685576,-0.544247527234835,-0.533447461928133,3.19456176652821,1.85376773796016,2.54489263982525,-0.0734685214771128,-0.499564470154296,-1.56531543697313,-1.48605108899385,-1.57536494505645,1.26614746219524,-1.43587470492678,0.223861947321042,2.44093634043525,-0.293904533384912,-1.69314303120221,-1.46644824665486,-1.00666471466318,-1.11366911862551,0.342857548364707,-0.933198174429091,-0.908227461827405,-0.043039574199713,3.05056808247913,1.28511970118097,0.92179093362327,-0.0558097899312211,3.14816917321302,-1.90232190204804,-0.871523677129457,2.10537798582331,-0.0564224436405426,-0.329263137039369,-0.445267871002372,2.31163275294754,0.356410229834627,0.0311926760666601,0.855477256765716,-2.23252900197435,-2.47467107496183,-3.03558456176988,-2.31262411934429,0.525175431526179,0.30420847476134,0.0341040200315418,3.26165559857376,-0.34476848053886,-0.137892390091274,-0.0503586817209869,0.252720923722782,0.0621704808792462,-0.684350728885536,-0.686008264773091,-0.696016939253532,-0.693624944209472,0.811469477533919,-0.594343123662683,0.927886946281123,0.724190249504474,0.164544216239436,-0.218005403435109,0.665092989783826,-0.77426577691115,0.351197603842184,-0.0880280749874027,0.726172755495118,-0.244678557014993,-1.23463339039435,-0.640839520976896,1.12720355807459,2.09891625254177,0.369181677055691,1.87575537615196,0.27601651215898,-0.912061542959443,-0.835659608007726,-0.803145557548822,-1.4425289024979,-1.25410891864968,-1.26049841310347,-1.14384878811286,3.0081130167773,0.321698862402212,2.00517450710069,-0.286904425214791,-0.226875569169311,-0.846052573874427,1.27788477050604,-0.248412816512834,-0.13177781670903,0.749013842139396,-0.321861540250354,-0.457199869470233,-0.70587936432781,-0.391348688885798,-1.05076564985887,-0.706240902341621,0.176565734692862,2.40622404611077,-1.19475403007165,-1.33127089395254,-0.209368692507428,1.49031553733097,-0.910812056434499,-0.266432822203958,0.547039635036561,-0.440959496409212,-0.358695607590779,0.617171276048942,-0.06328940132067,-0.432797033443206,-0.390868007842976,0.239118965937142,0.648228546406218,1.21807556985638,-0.391348688885798,1.87073716013697,-0.504578098615964,-1.12679008480058,3.05132067432773,0.494832130186732,-0.121085140456948,-3.70855272760961,-0.69663215719134,-0.496372568292438,0.464234903258489,-0.575803673781598,0.870086402743895,0.221480193470925,-0.388045418306067,0.592713710226646,-0.261089604692552,0.471155635969346,0.547943834717897,0.682832724400303,-0.8289128675117,0.40046092821602,0.98510497013263,0.223861947321042,0.646593252940519,0.131607868330799,0.0542078168079789,-0.391374245016123,0.500862307366285,-0.189444898148642,-1.61829720080346,-1.70258072750418,0.0902863202695546,0.281218604480928,0.103340488803673,0.0276362364880784,-0.00096140112613429,0.936160966283394,0.0743013085560334,0.468218969810561,-1.01503934364349,-0.7596488149613,-0.370866985519292,-1.65265881220558,0.744132303188673,0.740803615151647,0.642085542646951,-0.277522937462631,0.0464914919194661,-0.199361816374992,-0.230075729421995,-0.826258750205395,-0.576459764357761,0.723150221859989,-0.0269330266637888,0.281459459960805,-0.708757207400764,-0.973175788922662,-0.0216443327087585,0.0352672065190975,-0.296225771543798,-0.576901296561691,-0.306913638938628,0.229851673277482,-0.241958561604024,-0.94469347109426,-0.315607286918777,0.486720391900693,0.960248140763403,-0.653776320283739,0.201187390066993,-1.12168480637209,0.682832724400303,-1.26049841310347,1.00394925739407,-2.28203978272837,-1.56531543697313,-0.333979422149212,-0.547435183985099,-0.146888892646214,-0.483059080444962,-0.696975043100807,2.04589051594031,-0.499564470154296,-0.00769059703221596,-0.734789774559444,-0.395154494276104,-0.590959780665129,-0.235899778288672,0.582081140579538,0.726172755495118,-0.0623499430471371,-1.30124646439444,1.23899276554062,-0.550930207394384,0.245203166598712,-0.154568900959218,0.613386813521254,1.88138418599218,0.46962452707733,-0.640100742275393,-0.673881504635512,0.572773528396057,-0.50201955950362,0.173975611729931,0.526201352602092
comm.and.crime_point_1833,comm.and.crime,regression,0.04,0.064337983792133,nominal,0.324222120103087,1.56802290981872,-0.453822940289352,1.07872183937993,-0.629843707397574,0.558450217042117,1.08350107680667,-0.447422857068877,-0.220480633356821,-0.723488865413399,-0.277853012703869,0.205571920095007,-0.343626531286471,0.682832724400303,2.14401638949489,0.994165005878154,-0.44863454061095,2.10204801950269,0.223861947321042,-0.935362272316362,0.839992325252642,1.83763212485009,1.30684518598855,1.18814732583536,1.85847278793537,2.64902729134656,0.44850589341408,1.33122325340476,-0.433845179637909,-1.23875756229239,-0.495911319009332,-0.658393792953314,0.948047230506899,-1.15511256398006,0.740803615151647,0.0672766422167828,-0.231377493520679,-1.06184114443806,0.905359215253946,-1.8154285728214,-0.0823847549525736,-2.04126379443964,-1.98398530540973,0.855477256765716,1.53029033533172,1.547553449942,1.26157141007396,1.70811714772191,-2.20298854204279,-1.35065128643802,-0.333979422149212,-1.04370100280003,-0.230075729421995,-0.868190997905353,-0.714104176963228,-0.69021633412253,-0.60459956684596,-0.302657597962493,-0.135936926012634,-0.062407654706626,0.0303266032630535,-0.246409607073759,-0.230236917254329,-0.140449768739244,0.147394108299959,1.4031069541165,1.17506976595912,0.823570833435961,1.8641616542826,-0.744267573836537,-2.34879137732239,0.726172755495118,-0.510521925868227,1.13620597443694,2.00489132650762,1.72416293520514,2.3634866430575,-0.319088773758589,-0.965539767392024,-1.17821175605928,1.6723251179825,1.582905901001,1.44975500815455,1.93149694692954,2.32964139250673,2.32407992805221,2.7923408945463,-1.94764437100197,-0.319074498087268,-0.279430266030745,-0.286904425214791,-0.226875569169311,0.538424707529401,0.396950550146819,1.9021016095071,0.666141990519079,0.849911231176784,-0.321861540250354,-0.70339391206371,-0.443933312379363,-0.391348688885798,-0.548685356986693,-2.12579870714607,-0.375024355916575,-0.413167436877806,-0.127211605631618,-0.409710691716343,-0.551753470686607,-0.230075729421995,-0.100894450061688,0.646593252940519,-0.96480656352602,-1.86963960519414,0.90955648980559,0.230562702477051,-0.851110337619796,-0.171709938179167,0.239118965937142,-0.148565325619854,-1.00369058285354,0.0329370249239415,-0.391348688885798,1.32258748504014,-0.413219819433159,-0.20888346424473,0.848698514337638,-2.09902974087097,0.683344364777741,-0.925393473242442,-0.495251351508437,1.41862578940345,-0.385406580997984,-0.454975190371856,-0.445267871002372,-0.0212745163166381,0.82897837806628,-0.483983670212399,-0.465974560126219,1.08749073869428,-1.56531543697313,0.682832724400303,-0.8289128675117,0.69535681818675,-0.15468380482628,-0.409710691716343,0.817785642030109,1.46954131782919,-0.491703227207728,2.0439789840438,-0.987985994494734,-0.286904425214791,0.730395012732716,-0.36428070280995,-0.67732705075443,-1.05617467706755,0.992887438896841,0.917964855184794,-1.32462762778915,0.143988474218959,-0.363384981726775,-0.319616352698494,-0.307289207713733,-0.965539767392024,-0.532850506793854,-0.649707912297875,0.523566721032782,1.66015162113415,0.588687762606162,-0.433845179637909,-0.543980067872989,-0.35568405855027,-0.34476848053886,-0.695793398648614,-0.576459764357761,0.458579831344262,0.59996722821086,0.91503209899819,-0.629843707397574,1.83232302874569,2.19704547842113,0.0352672065190975,-0.296225771543798,0.94056114771489,0.105406250597248,1.86213095290244,-0.333979422149212,1.17920255223971,0.541713286916744,0.317757916021518,-0.267933252874971,0.0220735832329614,0.739536080286516,-0.000739682945828393,0.682832724400303,-1.05911760742057,-0.466477635900487,-0.499651675583395,0.682832724400303,0.402187462212296,0.012169761977951,-0.484813844404564,-1.78783315476056,-0.891031580584123,-0.0880946194298402,-0.499564470154296,3.47086718008891,-0.93654835490529,0.68526106180441,0.351977477180183,0.0427225572111723,2.17563521127613,0.726172755495118,0.881498288014796,-1.85932734753867,1.48293160432397,-0.708757207400764,-0.358048053879797,-0.466477635900487,-0.382231429342107,1.93255841072712,-0.315269840651936,2.00938483915367,0.51197153032816,-0.34476848053886,-0.45072955583245,3.26165559857376,-0.432151904040676
comm.and.crime_point_0459,comm.and.crime,regression,0.07,0.329697999573308,nominal,1.3609621849323,-0.867866213748302,-0.453822940289352,-0.570468175912889,-0.0774492073752468,0.435519243781917,-0.639997445119629,-0.533447461928133,-0.413784920142767,-0.305555362163633,-0.277853012703869,0.652036626610397,-0.499564470154296,-1.56531543697313,-0.530770173602079,-0.317935394599092,-0.252659454575957,-0.930457172865427,0.799837073718665,-0.0350159755825995,0.60127719711842,-0.58347083930006,-0.576901296561691,-0.739004709724335,-0.181232442057388,-0.81022732312622,1.36964193864286,-0.307399221155361,-0.35568405855027,-0.319616352698494,1.66007360016841,1.76126406961708,-1.20307495614621,0.0814626478570313,-0.121085140456948,-0.624470961512025,-0.687329782173164,0.396015971718339,-1.13445162766544,0.870086402743895,-0.595388506645455,0.299322753066192,0.575835373762982,-0.438232993123054,-0.202586991059232,-0.342407471398352,0.621569456820622,-0.223927357231975,0.999638731277305,0.589529123243989,-0.333979422149212,-0.43486269553505,-0.34476848053886,-1.14205297583563,-1.47267045724008,-0.293190120292925,-0.758469577859468,-0.726761076765874,-0.770634624582392,-0.653776320283739,-0.693624944209472,0.767391182341933,-0.503316572060594,-0.29306929945644,-0.324530007231007,-0.366268385707879,-0.534613396479251,-0.0216443327087585,-0.216136897235549,-0.410865128456057,-0.203964654594325,0.726172755495118,-0.444061083654919,0.311566195365187,-0.154888957153209,0.300644420509198,0.670236143756844,0.111080258000336,0.887478804484488,0.712284992624459,-0.421919245194591,-0.446961579774181,-0.420577536957683,-0.530630024274263,-0.537358856418398,-0.535527512645018,-0.534676575320374,-1.18068191813137,0.214903302320632,-0.954427130819579,-0.286904425214791,-0.226875569169311,-0.759522743786688,0.690595290266559,0.137576952259974,0.117572123049754,0.547219064064617,-0.413219819433159,-0.604916295026319,-0.400275637054622,-0.391348688885798,0.0903259248506256,0.0250464516485512,0.334162903438415,-0.611019470771741,1.11825455621509,0.16626443468128,-0.608817600383137,-0.34476848053886,0.655028649219603,0.817785642030109,-0.802823042251458,-0.652615808821794,0.413283929954837,-0.156045871094839,0.527576300903674,0.82042102382418,-2.2323683927387,-1.26315766384622,0.412240099369111,0.724267842801197,-0.391348688885798,-0.595936377798769,-0.230503261067549,1.51894076268393,-0.922036947615181,-0.875509990372052,-0.638218393822105,-0.719233528474505,-0.0522135790060488,0.0781269390163294,0.282168870917816,-0.616079834918179,0.376828550089045,-0.264029226104202,0.987720612375717,-1.85432579077118,-1.65430730164149,0.328924458417437,0.682832724400303,0.682832724400303,-2.25387999740349,-0.189330851725441,1.61832095622091,-0.640100742275393,-0.266432822203958,-1.25410891864968,1.9400823324986,-0.565328047091832,0.848260244467189,-0.189444898148642,-0.362019970307365,-0.257216700834412,0.44850589341408,-0.960646585528377,1.72545551544416,-1.14384878811286,-0.229179716068034,-1.2423133868938,0.643293485923684,-0.844839901037864,-1.13299769963178,-1.08907433885046,1.30296273431785,-0.0597367947051054,-0.248412816512834,-1.32772939830898,-1.17343897873991,-0.433845179637909,0.529604586295112,-0.35568405855027,0.687466279512922,1.60909447885453,-0.40441055463925,-1.39341290226583,0.112378141086133,1.26061717483676,0.790599292659839,2.25739860718029,1.98574168688495,-0.335131340202921,-0.0598300184254683,-1.1001642083812,0.46618615394114,0.0319996393835476,-0.333979422149212,-1.18068191813137,0.446455445379464,-0.611535701313945,-0.165584803405107,-0.696016939253532,0.788476870306472,-0.236728129982936,0.682832724400303,2.32407992805221,0.291015006099739,1.1342040892995,0.682832724400303,-0.333979422149212,-0.394815653267903,-0.315851368525389,-0.186519518100509,-1.14977363056188,0.0242203876949048,-0.0317506535508209,1.11916614766899,0.374882417342708,-1.20546616133649,0.252720923722782,0.321344892711017,-0.636519031129619,0.726172755495118,-0.0623499430471371,0.652036626610397,1.23899276554062,-0.629843707397574,-0.0564224436405426,-0.956619933665339,-1.42526006472277,0.0391120955346223,-0.733880170107544,0.396654485240329,-0.278597159647621,-0.34476848053886,-0.758469577859468,-1.04370100280003,-0.986987999991752
comm.and.crime_point_1122,comm.and.crime,regression,0.08,0.0309118664452001,nominal,-0.224640267159436,0.176086267780421,-0.217427187171022,-0.509387064235377,-0.550930207394384,0.722358181389051,-0.0654979378108623,-0.490435159498505,-1.12256730502457,-0.375210946038594,-0.578145103398456,-0.0734685214771128,-0.109719622984733,0.637869761172835,1.2364995198727,0.939494155858268,0.335265803529022,1.31584296962947,-0.294515666436819,-0.620241068459545,-0.174546969317801,1.23235638381255,1.2545188948066,1.08108332385982,0.80948152679624,-0.567472613338656,1.21611926443806,0.402670517820692,-0.35568405855027,-1.01991441715099,-1.05834216749048,-1.20158229271402,1.56948252887335,-0.462630445351289,1.2004776181429,-0.476239332141566,1.13647937243678,-1.26292488459756,1.442151542338,-1.10294500787551,0.316618163030779,-0.956601735839376,-1.05809271932599,-0.373547480628615,0.985671747037421,0.917566476161884,1.21585698484158,1.29037779529945,0.525175431526179,0.760721512333579,-0.333979422149212,-0.782770299686468,-0.230075729421995,0.181613250827385,-0.00294828920368394,-0.193933566835524,-0.296859544818942,-0.0481955106804643,-0.135936926012634,-0.231370130585801,-0.225185707609603,0.41476482080604,-0.412290020458506,-0.496562007079367,-0.534274058578104,-0.366268385707879,0.161924188217862,-1.07816329038966,0.595686927747142,-0.696638653067897,-0.435837813808171,0.726172755495118,-0.311139399228302,0.46618615394114,0.277067099578957,-0.75551447749102,-0.970100277440667,-0.792274708693406,-1.00671795787817,-0.499571897557428,1.13762442951176,0.935075853945092,0.897156756189573,1.20197784435064,1.66067466775754,1.63938518873034,1.71457467191344,-0.885696359334983,0.214903302320632,0.18787525574614,-0.286904425214791,-0.226875569169311,-0.0672841030847741,0.494832130186732,0.964697885344563,0.317052074856781,0.244526896952449,-0.230503261067549,-0.309483443914147,1.04042764866183,-0.391348688885798,0.774980869676324,1.444604256453,-0.217427187171022,-0.561556462298257,0.169327956712836,-0.121723128517532,0.4183367341544,-0.115382978305131,0.601034142128082,-0.437625211293547,-0.100894450061688,-1.60506921467841,1.07498067642251,0.101693177953087,-1.04806557169458,-1.52936283355217,-2.2323683927387,-0.778552299399972,0.648228546406218,0.181079343040496,-0.391348688885798,-0.230503261067549,-0.413219819433159,-1.45075712734971,-0.792470938203999,0.25012818008695,0.625885114403834,0.0538662644052637,-0.0522135790060488,-0.592122486177232,-0.203340548657311,0.0283387432671127,-0.609687155220656,-0.628161290785547,-0.811358043131231,-0.679746830292226,0.845289154649251,0.897849168625072,0.682832724400303,0.682832724400303,0.979699258889417,-0.779122631666902,1.23839136456794,-0.467308204356106,-0.551753470686607,1.08727461797251,1.9400823324986,0.173975611729931,0.252720923722782,0.00547415598365529,-0.416640719459369,0.759891317933204,-0.0632363539352424,0.711095016407226,-0.105964675924132,-1.05012998614479,-0.503041693998314,0.490563939497149,-1.01991441715099,-1.19498893326411,1.81596120007553,-0.84200519593359,1.30296273431785,0.589231434646941,0.247859743337919,1.60269237076024,-1.2268367587807,3.08340526930586,0.636963051711922,-0.043039574199713,1.14623728398038,-0.260908893459341,-0.533447461928133,-1.7108973708847,-0.514522113788516,1.54860473803558,-0.037992457373652,0.217035830694215,3.14791254033394,0.194009440828534,-0.296225771543798,-0.419922423015838,0.672346098709078,1.36750086816761,0.402187462212296,-1.29867614164992,3.87573774072154,-0.738257558223326,0.141460545004487,-0.569295082344151,1.03318082040625,0.176251652332003,0.682832724400303,-0.777184479464502,-0.288244073076904,-0.301608552567286,0.547943834717897,0.218145741121919,1.13137965390405,-0.146888892646214,-0.720290730320524,-0.826346068089685,0.248850401944395,-0.0317506535508209,0.38425957503777,-1.64270338611575,-0.350137179439416,0.699375414281087,-1.00211120091324,0.300865716338963,-1.23321624918318,-0.219657981557459,0.875268979868092,-1.38334975138032,0.751142542658244,-0.307777118839921,-0.689269589429965,0.803028383590466,-0.779675500224294,-0.838532752471447,0.91503209899819,0.264918814710728,-0.230075729421995,-1.27136961457117,-0.869747200724323,1.23235638381255
comm.and.crime_point_0260,comm.and.crime,regression,0.1,0.25307263116515,nominal,1.17800805584479,-1.21585037425788,-0.453822940289352,1.56737073280002,-0.51147345739279,0.804312163562517,-0.687872404062027,3.6817581761754,0.55273651378696,0.0427225572111723,-0.217794594564951,-0.519933227992503,-0.499564470154296,-1.56531543697313,-1.15170276860673,-0.153922844539436,2.19702912086145,-2.16592225123762,0.108666922041517,2.35090171076187,-2.08426799439157,-1.23918622542406,-1.41412195547291,-1.59551672552864,-0.705728072626956,0.0394141611302526,-1.64963732071814,-1.07208970928342,-0.199361816374992,1.78127784065899,3.20675843349157,2.74887952372745,-1.25087767140517,2.80192811389864,-1.44264789905679,-1.71150291022872,-1.20027610690721,0.345745036678463,-1.18813086037385,-0.609687155220656,-0.53838808979069,-0.556989398460331,-0.567914291399295,2.3432440441378,0.63909628175923,0.239118965937142,0.758712732517766,0.82042102382418,-1.60990941735388,-2.20661323188597,-0.241958561604024,-0.347885794497196,-0.230075729421995,0.0903259248506256,-0.42964182185941,-0.590959780665129,-0.348149548490111,0.418318316003255,0.0333157936059686,-0.0201670357368324,0.158082758699382,-3.46412515608878,3.13774549202294,2.45408225345308,2.61188671162834,1.81596120007553,1.8082857520474,1.35183031227641,0.798642883992814,1.73243630613274,0.0279085046195201,0.726172755495118,-0.311139399228302,-1.80157323850618,0.871006677585685,2.96400164155323,2.25765848685121,-0.319088773758589,1.87575537615196,0.27601651215898,-1.17941188719482,-1.13798029663382,-1.10069846245304,-1.35133901467553,-1.30189225613177,-1.17994609083031,-1.33128639204901,0.353242987609834,-1.17343897873991,0.810949284781987,-0.286904425214791,-0.226875569169311,0.58168962257327,1.13106240044617,1.24040486303943,0.965361918229619,1.15260339828895,-0.413219819433159,-0.457199869470233,0.734823921388646,-0.391348688885798,0.364187902780905,1.35857045010122,-0.296225771543798,-0.611019470771741,1.88925741831066,1.08782463691748,-0.894138248865786,0.572773528396057,-0.370866985519292,-1.57890780522414,1.89690231232458,-0.864272121234376,0.358142534415864,-0.735958731452675,-0.851110337619796,-0.276144776284783,-0.633170690066098,0.675263793938761,-1.06268769461281,-0.658393792953314,-0.391348688885798,-0.321861540250354,-0.504578098615964,-0.100894450061688,-0.576527589185363,0.886358450346385,-0.178544390830854,-0.255373652746643,-1.17994609083031,0.365376692670713,-0.506783935891765,-0.575803673781598,0.431634978161806,-1.23504806525446,-0.440959496409212,0.984240030386299,-0.179135622519085,-1.09338731710165,0.682832724400303,0.682832724400303,1.63737639576255,-1.78176865756739,3.20136092144162,-0.409710691716343,1.44549106869194,0.561657905669569,0.500862307366285,-0.391374245016123,-0.0946770133781229,-0.189444898148642,2.15053449068482,0.438699312006588,-0.114410578670175,1.33202761141188,0.888234856532939,-0.0192231644959594,-0.548685356986693,0.193499254972986,-0.844839901037864,-0.976145788122707,-0.425247563702025,0.722766042539909,-0.856817549342979,3.0081130167773,-0.413837003129751,-0.178544390830854,0.481892202524582,-0.277522937462631,-0.597659300581394,-0.35568405855027,-0.34476848053886,-0.173931992421487,-0.40441055463925,0.82897837806628,-0.444866529913555,-1.04328333075373,-0.274732957383221,0.174528272850755,-0.761207603085388,-1.02301435554381,-0.138628602798245,0.417298235895379,0.46618615394114,-0.709945487718708,-0.333979422149212,-1.59366170044631,-0.601380811530617,-0.315851368525389,-0.216759028140039,2.30306700760182,0.788476870306472,-1.3576732534092,-1.56531543697313,-0.13276590127921,0.825715694570486,-0.648184017845477,0.120795684056945,-0.241958561604024,-0.547435183985099,-0.696016939253532,0.940330818808414,0.726106231776839,-1.04277217999017,1.60559770456134,-0.791590941172187,-0.331272613867753,-0.98037958715305,0.897888521195889,0.948245147585665,-0.58964979375619,0.726172755495118,-0.219657981557459,-1.07801411113674,1.60490102371564,0.869512792663029,-0.961299274358306,-0.243685682371009,-0.524462606894016,-0.574978601284565,-0.52457500537974,-1.56166094451159,-1.26680802211735,-0.34476848053886,2.72925067178007,-0.521839596572905,0.223563482083323
comm.and.crime_point_1927,comm.and.crime,regression,0.09,0.061843325851785,nominal,1.60490102371564,1.56802290981872,-0.375024355916575,-0.6315492875904,-0.669300457399169,0.886266145735984,-0.544247527234835,-0.447422857068877,-0.478219682404748,-0.166244194413711,-0.337911430842786,0.26138000840943,-0.265657561852559,0.682832724400303,-0.291949944754136,-0.0992519945195506,-0.889578484189684,0.754267934005747,0.511849510519854,-0.215085234929352,1.49645892762175,-0.381712258954214,-0.419922423015838,-0.578408706761027,-1.52161016462406,-0.324717903551093,-0.216759028140039,-0.689744465219389,-0.35568405855027,-0.669765384924741,-0.0740881826484698,0.0329370249239415,-1.1074695256283,-0.413167436877806,0.396048112908209,1.05548750468651,-0.573341710010043,1.04953812723672,-0.919734696831824,0.267215693943522,-0.0253843380978089,-0.328639491386592,-0.0777358634726045,-0.308861968134177,0.0449669127109041,0.239118965937142,0.347282905426335,0.141594576137679,1.77064159337288,1.33136280929888,-0.241958561604024,-0.391374245016123,-0.34476848053886,-0.822547334916973,-0.998566532067046,-0.69021633412253,-0.963629592544147,-0.641940381005198,-0.64369508486844,-0.569295082344151,-0.608454173918587,0.41476482080604,-0.412290020458506,-0.700054714702294,-0.639146084251652,-0.366268385707879,-0.0280406076086237,-0.549903811549208,-0.0639199300512947,-0.506122969993337,-0.0880280749874027,0.726172755495118,-0.444061083654919,1.03312600205297,-0.26287797133625,-0.571834669143156,0.194009440828534,-0.792274708693406,-0.512579672044432,1.19702774869721,-0.555594417312278,-0.61971625898909,-0.760637999705362,-0.393845192540718,-0.489575518936313,-0.535527512645018,-0.581535976304412,-1.12168480637209,-0.212278938005688,0.55133510601705,-0.286904425214791,-0.226875569169311,-0.49993325352347,1.37576635054595,1.01983928088354,1.5638017736507,1.15260339828895,-0.504578098615964,0.478337492384979,0.429220194115458,-0.391348688885798,0.501118891746045,0.111080258000336,-0.217427187171022,0.477166715644901,-1.96575689216723,0.396654485240329,0.589529123243989,-0.000690227188266011,-0.96480656352602,-0.323496951900488,-0.586845013885375,-0.917186199337522,0.0824355567210018,-0.54265444466673,-0.851110337619796,0.246029414243294,0.626803257494137,1.25679023127425,0.530234322887664,-0.806536111069869,-0.391348688885798,0.500362972394892,-0.321861540250354,-0.100894450061688,0.632755165319001,1.71835188068565,0.396048112908209,0.00232627821327909,2.04214680009615,-0.496372568292438,0.282168870917816,-0.938289124010825,0.322022122016284,-0.628161290785547,0.299837597034825,1.03318082040625,-0.834767479906819,-0.42964182185941,0.682832724400303,0.682832724400303,0.596054262380089,-0.130351673731295,0.22524578682669,0.0510694094017551,0.589529123243989,-1.2063255811676,-0.442074950479027,-0.391374245016123,-0.739844610851231,0.687690845446696,0.0203252737566635,-0.792536710712104,-0.370281702344836,-1.05617467706755,-0.733880170107544,0.308792642392304,0.135969587839005,-0.499651675583395,-1.10745167520755,2.56911316316804,0.105565038245289,1.13454794740136,-0.26287797133625,2.4771390109438,0.0824355567210018,-0.178544390830854,-1.92100789931097,-0.35568405855027,1.54951000775481,-0.277522937462631,-0.34476848053886,1.78304828093024,0.0257124696570293,0.194009440828534,-0.584177697663477,0.396654485240329,-0.669300457399169,-0.505592652644603,-0.919685446737523,0.670236143756844,-0.375024355916575,2.35337100962757,0.156946236789233,0.971796800379738,0.402187462212296,-0.177731018223659,2.78027256304282,-0.653776320283739,-0.933198174429091,-0.738257558223326,0.739536080286516,-1.23967902989064,0.682832724400303,-0.374422868098694,-0.64471119872407,-0.301608552567286,-1.56531543697313,-0.333979422149212,-0.29306929945644,-0.273610749555595,-2.08437271710501,0.208622131821331,-1.43587470492678,-0.343626531286471,2.00105403482646,-0.633910484386522,-0.485189123949481,-0.144305290106824,0.112378141086133,-1.01147293011705,-1.23321624918318,1.30098639070899,-0.687357492935775,0.629145668582266,-0.195819457380031,0.0943903614790845,-0.555594417312278,-0.714104176963228,0.243808994474351,0.0510141976217214,-0.409710691716343,0.0672766422167828,-0.230075729421995,1.24184056531615,2.21793278611951,-0.179953678608368
comm.and.crime_point_0333,comm.and.crime,regression,0.04,0.019491134952096,nominal,0.324222120103087,-1.21585037425788,-0.217427187171022,0.345748499249786,-0.35364645738641,0.47649623486865,0.317501733728316,-0.447422857068877,-0.607089206928712,-1.0717667847882,-0.818378775954126,0.038147655151735,-0.109719622984733,0.682832724400303,2.62165684719077,0.611469055738957,0.727215975599007,1.98973301237794,-0.294515666436819,-1.1604488464998,-0.174546969317801,2.79598538149286,2.77198133908318,2.79410735546844,0.984313403652762,3.0738480334748,1.01142236549834,1.71356849746879,-0.433845179637909,-1.19498893326411,-0.870865217996765,-1.25096306541953,2.47773411879356,-1.15511256398006,0.740803615151647,-0.328007702771107,1.07948533635522,-1.41373768971719,2.24734003296407,-1.76062214474864,-0.481387672935926,-1.69873893382903,-1.7661282263312,0.143936619326893,1.53029033533172,1.45063237705275,1.3987146857711,1.29037779529945,-1.07613820513387,-0.494689340990077,-0.333979422149212,-0.91323565124325,-0.115382978305131,0.364187902780905,0.328924458417437,0.451234030637584,0.0621704808792462,0.333497620242578,0.244881693129221,0.275517297051724,0.115497373553939,0.106216754462134,-0.321263468856418,-0.547435183985099,-0.376966020067782,0.577398462198459,0.668496977088488,-0.602729759433253,1.40751075272983,-0.744267573836537,-1.82707676909124,0.726172755495118,-0.444061083654919,1.03312600205297,1.35695724140937,-0.709594525404054,0.511493909447407,-1.48054515950769,-1.04789614836431,-0.838891826808356,1.80600029010019,1.84203791982337,2.08736837580645,1.38435761999537,1.89959135516796,2.04214680009615,1.80829347388151,-0.708705024057152,0.321698862402212,0.55133510601705,-0.286904425214791,-0.226875569169311,0.235570302222313,-0.532924460232356,1.46097044519532,0.366922062808537,-0.00771657564102366,-0.413219819433159,0.626053917941065,2.13186953178036,-0.391348688885798,-0.548685356986693,-0.620207095989836,-0.375024355916575,0.32877769022445,-0.0679036931627271,-0.524905716995868,-2.49193388036862,-0.230075729421995,0.223072592487436,1.21723454990582,1.24896822722633,2.89262742408896,0.0272941611820292,-0.349350157880785,-0.506438677988928,-0.798318966812861,1.30525076771888,1.64447452283125,1.82817078159176,-0.312728384014686,-0.391348688885798,-0.504578098615964,-0.413219819433159,0.385056113761999,-0.446961579774181,1.03318082040625,-2.87912915840445,1.23928594682091,-0.616079834918179,-0.687872404062027,0.464234903258489,-0.857736801737663,-0.445267871002372,0.282168870917816,0.299837597034825,0.788476870306472,0.558450217042117,1.98828819652304,-1.56531543697313,0.682832724400303,0.870086402743895,-0.720143453672756,-0.218005403435109,-0.352113179076581,0.0188878262786913,0.705007918115826,-0.0450487366494222,-0.260908893459341,-0.590959780665129,-0.286904425214791,-0.198157722851353,-0.631940707748796,-0.370281702344836,-0.721826356680434,-0.890859043653398,0.917964855184794,0.0446822618622457,0.143988474218959,0.993442518149931,-1.10745167520755,-0.838101809661048,0.393340518650751,0.0610890712128745,-0.295725241742213,1.35068765411737,2.63695887749056,-0.158881157964898,-0.199361816374992,-0.00718774078893893,-0.35568405855027,-0.34476848053886,-1.04370100280003,-0.275373647350366,1.67560362771661,2.20204565733496,-0.00652810323800724,-0.550930207394384,3.10754976404949,-0.497077863665163,2.46931479926379,0.0977671503200851,-0.681553878925593,0.105406250597248,-0.808871504665675,0.218145741121919,-0.236728129982936,-0.553751890761977,0.486720391900693,-1.24024352283868,-0.273610749555595,1.22894398048608,-0.767702135816429,0.682832724400303,-0.0522135790060488,0.38013178751153,1.62931189683977,0.682832724400303,-0.241958561604024,-0.496562007079367,-0.484813844404564,-0.898214467727196,-0.1794909431453,0.0242203876949048,0.0462183158830917,2.3440104353877,0.576640997688553,-0.26010254976604,-0.491703227207728,-0.584177697663477,0.347734953712392,0.726172755495118,0.566882210994152,-0.0734685214771128,-1.38334975138032,0.238204792637512,-0.408318988919673,0.602923741041008,0.70820759855586,-0.4726301518147,-0.733880170107544,0.511849510519854,-0.0809549871536759,-0.34476848053886,0.421200506577434,0.34792941380564,0.0218049017374774
comm.and.crime_point_0698,comm.and.crime,regression,0.09,0.090883109206162,nominal,0.629145668582266,-0.519882053238727,-0.138628602798245,-0.326143729202842,-0.393103207388005,0.681381190302317,-0.592122486177232,-0.576459764357761,-0.0271763465708762,-0.166244194413711,-0.217794594564951,-0.0734685214771128,-0.499564470154296,-1.56531543697313,-0.8651184939892,-0.700631344738288,-0.350646997593453,-0.930457172865427,0.511849510519854,1.27048615468136,0.243204504917087,-0.93654835490529,-0.890859043653398,-1.06019671565095,-0.589173488055941,-0.14265187121042,-0.216759028140039,-0.635123716067385,-0.043039574199713,0.599524856895403,0.0665195294718176,0.724267842801197,-1.1074695256283,1.91159396137593,-0.810596144943824,1.05548750468651,-0.630335746091604,1.45170560755573,-1.13445162766544,1.47295711154427,-0.880390590919278,1.04145995105585,1.22940661099857,-0.114805430650861,-0.351119333321313,-0.342407471398352,-0.384147898291766,0.0893771570848711,-0.245827430569399,-0.380561081597017,-0.149937701058835,-0.0434666408647052,-0.34476848053886,-1.46155861675429,-0.571872999411319,-0.839101164308632,-0.245569541147772,-0.769171424646212,-0.728321444677741,-0.738257558223326,-0.736210329354915,0.855547772725906,-0.594343123662683,-0.242196122550708,-0.219657981557459,-0.130351673731295,-0.344648600652765,0.189659458827421,-0.165397908174131,-0.506122969993337,-0.377869524004709,0.726172755495118,-0.178217714801685,-0.10075369417069,-0.100894450061688,0.254724468422232,1.56977547151032,-1.56657896585947,1.91693356663811,1.10007919748266,-1.04573671507713,-1.05160295702636,-1.01568334676612,-0.986579463386079,-1.11075890620342,-1.22022225196689,-0.956411184176713,-0.236728129982936,-1.65401899910702,-0.0717389230187961,-0.286904425214791,-0.226875569169311,-0.846052573874427,1.18000319046612,0.247859743337919,0.815751954374349,0.79946253665809,-0.413219819433159,0.626053917941065,-0.443933312379363,-0.391348688885798,-0.913834660893733,1.10046903104586,0.0977671503200851,-0.907797521612643,0.762407081401742,0.569447023159616,0.4183367341544,-0.230075729421995,1.73491879105002,-0.380561081597017,0.115083578304395,-0.811358043131231,-0.358695607590779,1.77699699676461,-0.555677486507623,0.0371597380320633,-1.02085498162309,0.723724330383386,-0.94469347109426,-0.0658245204870952,-0.391348688885798,-0.413219819433159,0.500362972394892,1.84290780523306,-0.0150748817369079,0.592713710226646,-0.810596144943824,0.517726140133124,0.350548032359759,-0.400622650407643,-0.0212745163166381,-0.454975190371856,-0.280848586784089,-0.14265187121042,1.51686139340717,-1.36491789057162,-0.95769845316702,-1.18820810213626,0.682832724400303,-1.56531543697313,-0.0616228744930443,-0.366268385707879,-1.67440217143816,-0.409710691716343,-0.722945859776196,-1.39745893109594,-0.0450487366494222,-0.347885794497196,2.0889671626847,-0.286904425214791,-0.416640719459369,0.385167311018819,-0.165584803405107,-1.19946681437632,-0.367596131833887,-0.909551783192675,0.135969587839005,0.243010035727013,0.993442518149931,0.643293485923684,1.28514859812821,1.01101337594292,-0.640839520976896,-0.000739682945828393,-1.57180630944818,-1.04043314643945,-0.319074498087268,-0.199361816374992,-0.597659300581394,-0.35568405855027,-0.115382978305131,-0.782770299686468,-0.490435159498505,0.0881812846222431,-0.862800033163321,0.68464204843914,0.908969542664623,-0.505592652644603,-0.549903811549208,-1.02301435554381,-0.217427187171022,1.4638240595344,-0.873853487050458,1.16964883427367,-0.333979422149212,-0.649707912297875,-0.601380811530617,-0.400332606464976,-0.421455927079768,-0.189129511616007,-1.51174026063149,0.117254540572726,0.682832724400303,1.63938518873034,0.558365350335113,-0.994759483123667,0.682832724400303,-0.241958561604024,2.45408225345308,0.57120162984028,2.12648906818623,-0.56760401811193,-0.200409626554585,0.280125224184829,2.58897929293144,-0.93654835490529,0.775295691477787,0.848260244467189,0.321344892711017,1.3319889385544,0.726172755495118,-0.324530007231007,0.205571920095007,0.324222120103087,-0.669300457399169,-0.609402729079175,0.870274085276382,0.423745243452043,-0.421455927079768,-0.315269840651936,0.281459459960805,-0.0315444440301896,-0.115382978305131,0.421200506577434,-1.08718945331896,1.03059780346671
comm.and.crime_point_1082,comm.and.crime,regression,0.34,0.350977218693732,anomaly,-0.651533235030286,0.176086267780421,0.176565734692862,0.590072945959833,-0.393103207388005,0.47649623486865,0.461126610555507,-0.490435159498505,3.71003986462407,3.52550175095922,3.98629467515928,-1.30124646439444,0.280125224184829,0.682832724400303,-1.19946681437632,0.830152455818498,-0.350646997593453,0.305007905506768,-1.33127089395254,-0.485189123949481,-1.30844382795535,-0.684350129472983,-0.838532752471447,-1.00666471466318,-0.530896195770433,-0.385406580997984,-0.216759028140039,-0.853606712675401,0.582249394501401,2.35027001802664,-0.730257505876477,-0.855916883775387,2.04750968146293,0.32877769022445,-1.38518864868289,-1.16798693587037,3.18826467137296,-0.91102833931843,1.12007614608757,-1.26736429209379,3.22363942262377,-1.07077668937625,-1.16702125886525,-1.40851568053963,-0.648184017845477,-0.487789080732225,-0.704148874918434,-1.11162348112971,-0.0679036931627271,-0.266432822203958,-0.241958561604024,-0.217420442940414,-0.000690227188266011,3.1028076820837,2.79426486931719,2.78376303688651,2.21635063506837,1.35134596937069,0.92189257160363,0.740164105719455,0.498765839862923,0.326608230422067,-0.321263468856418,-0.954420599230953,-0.901326148435522,-1.36891441160836,-1.16782938256753,-0.761207603085388,-1.99200151438519,-0.267978366150136,1.41914745990259,-1.23321624918318,-0.178217714801685,0.569266126325109,-2.04469670535644,-0.52591471705619,-0.917186199337522,0.369181677055691,-0.183154148155274,-0.499571897557428,-0.600152808018174,-0.490150249577908,-0.420577536957683,-0.393845192540718,-0.441792181454227,-0.454975190371856,-0.581535976304412,2.94911590501802,-1.06664341865833,-0.954427130819579,0.102933683049804,-0.226875569169311,-0.0672841030847741,-0.435042880192443,-2.61949282468865,-3.12397709381444,-2.47970260705706,-0.230503261067549,0.527576300903674,0.123616466842271,-0.391348688885798,0.455475228757665,0.842367611990508,-0.453822940289352,-0.611019470771741,0.406559606588398,0.742239561078903,-0.0952404331143684,-0.34476848053886,0.763017663402644,-0.551753470686607,0.601034142128082,0.0881812846222431,-0.0278472343569434,-0.993697780500602,-0.211005826876756,0.663768766665756,-0.197025862064479,-0.0516442527306052,1.35619388751754,0.477363979273606,2.9374314567398,-0.230503261067549,-0.413219819433159,0.385056113761999,-0.835659608007726,0.25012818008695,1.66015162113415,0.208486222981217,-0.0119374178694681,-0.44849760935004,-0.385406580997984,-0.535527512645018,1.36334425539874,0.889055645386725,-1.23467066795639,-0.826569200352095,-1.32649137294762,0.186693280865528,0.682832724400303,0.682832724400303,-0.993332151729983,-1.19197687762592,-0.344648600652765,-0.58250322963563,-1.40771541613455,1.23062463041877,-1.18649910140954,2.69630574182771,-0.541331503936429,0.102933683049804,-0.689744465219389,1.02755132287205,2.13725530966685,-1.05617467706755,-0.419922423015838,-0.909551783192675,0.683693543699564,0.837139404775339,-0.363384981726775,-0.538459497839898,-0.838101809661048,-0.594936053016721,2.05888583359914,-0.236728129982936,-2.7297756157666,0.625885114403834,1.28285890313643,-0.277522937462631,-0.973413929540229,-0.433845179637909,-0.230075729421995,2.43537503871415,0.240773981805169,1.46394731530403,0.0427225572111723,-0.236918153797056,-0.669300457399169,-0.803145557548822,-0.497077863665163,-0.282217262099776,0.334162903438415,-0.210617258288034,0.723886084901063,1.02125980885322,-0.333979422149212,-0.708705024057152,-0.649009732299257,-0.484813844404564,-0.165584803405107,-0.400332606464976,0.494832130186732,-0.236728129982936,-1.56531543697313,-1.17994609083031,-1.00117832437123,0.540074720251176,0.682832724400303,5.27929307110729,-0.343942476362171,-0.569295082344151,-0.483059080444962,-1.53788670552851,0.0803778912572774,-0.109719622984733,-0.644609626645943,0.324442772256246,1.00038226566123,0.649747137552387,-0.166244194413711,-1.10521140486391,0.726172755495118,-0.272093994394233,0.652036626610397,0.507176249190595,-0.393103207388005,0.0943903614790845,-0.912061542959443,-1.04597692458435,-0.267933252874971,-0.0536383847421805,-0.524905716995868,1.25312967718045,-0.34476848053886,-1.8868496586252,-0.347885794497196,-0.886108709818829
comm.and.crime_point_0308,comm.and.crime,regression,0.32,0.216418534185179,anomaly,0.629145668582266,-1.21585037425788,-0.217427187171022,-0.692630399267912,0.119834542632727,0.312588270521716,-0.687872404062027,-0.576459764357761,-0.220480633356821,-0.305555362163633,-0.217794594564951,0.652036626610397,-0.499564470154296,-1.56531543697313,-1.24723086014591,-1.63003579507634,-0.742597169663439,-1.09892968355255,1.26061717483676,2.21584976625181,0.72063476118553,-1.28962587051052,-1.04783791719925,-1.16726071762649,-0.589173488055941,-0.203340548657311,-0.574978601284565,-0.471261468611373,0.0351215468879261,1.69374058260242,0.300865716338963,1.41559866067845,-1.1074695256283,2.70300209695167,-1.61502565017851,1.05548750468651,-0.00340134919443606,2.00468589299436,-0.919734696831824,1.52776353961703,-0.481387672935926,1.44107228843489,1.55619222961636,-0.244176455639738,-1.44035650990991,-1.16623659095697,-1.84700950572797,-0.485014452496014,-0.245827430569399,-0.722945859776196,-0.149937701058835,0.304440963286713,-0.34476848053886,-0.137892390091274,-0.714104176963228,-1.13687082468084,-0.655889570517129,-0.684350728885536,-0.728321444677741,-0.738257558223326,-0.736210329354915,0.811469477533919,-0.594343123662683,0.0630429388836828,-0.114785955883911,-0.602185097684464,-0.914542988132221,-0.0216443327087585,-0.571309820665477,-0.410865128456057,0.781496272064518,-1.23321624918318,-0.178217714801685,-0.255373652746643,-0.478855999702333,0.530244180944028,1.62268954961346,-1.9537310944425,1.66986442372124,0.712284992624459,-1.04573671507713,-1.05160295702636,-1.01568334676612,-1.21455418294199,-1.15854224368551,-1.17994609083031,-1.23756759008094,0.825219881684049,-1.44042787894386,-0.175584594524771,-0.286904425214791,-0.226875569169311,-0.846052573874427,1.66941109066569,0.192718347798946,1.2147118579884,1.20305209280765,-0.321861540250354,-0.112528209839365,-0.400275637054622,-0.391348688885798,-1.05076564985887,1.53063806280479,-0.453822940289352,0.378240698697934,-0.423751167976071,-1.33127089395254,-0.323496951900488,-0.34476848053886,-0.640839520976896,0.0759519559752211,-1.82871867699035,0.194009440828534,-0.0278472343569434,-0.54265444466673,-0.998826763175882,-0.0672751000735523,0.239118965937142,-0.148565325619854,0.23524876409128,-0.312728384014686,-0.391348688885798,-0.230503261067549,-0.504578098615964,-0.316872478427771,2.14435860844946,-0.777628410332139,2.00490712337759,-0.770773514666489,-1.38132689651321,-0.544247527234835,-0.264029226104202,-1.26049841310347,-0.116429302565806,-0.628161290785547,-1.07592843364696,1.08212161042621,0.47649623486865,-0.287410644307502,-1.56531543697313,-1.56531543697313,1.08931211503494,-1.07401852163763,-0.597934995088079,-1.21607586867302,0.36127260445787,0.0838245308487138,-0.938357717766034,0.434906314843494,-0.888729441037333,-0.286904425214791,-0.853606712675401,-0.524876705773258,-0.830849724959226,1.52308379449023,-0.00131209356022966,-0.487817174336336,0.135969587839005,-0.153076210305205,0.94967388912165,-0.10077320755709,1.16719024213992,0.846300613998343,0.277067099578957,3.0081130167773,-0.0278472343569434,1.37285536926462,-1.17343897873991,-0.277522937462631,-1.40284779120747,7.38226692912601,-0.34476848053886,2.17444433560058,-0.490435159498505,-0.599701730718649,-0.584177697663477,-0.121723128517532,-0.51147345739279,0.174528272850755,-0.338600020013028,0.0881812846222431,-0.453822940289352,-0.419922423015838,-0.873853487050458,-1.352964597874,-0.241958561604024,0.23524876409128,0.160681920767624,-0.738257558223326,0.65320279235381,0.444479772930899,-0.728687620312182,0.825219881684049,-1.56531543697313,-1.17994609083031,-0.466477635900487,1.48077955457769,0.682832724400303,-0.333979422149212,0.012169761977951,1.03584843850801,0.406559606588398,-1.14977363056188,1.8774180052532,-0.499564470154296,1.75608517728272,-0.633910484386522,-0.530206438786169,0.798631967738489,-0.723488865413399,0.582081140579538,0.726172755495118,1.19611436503544,-0.687357492935775,0.812099797669774,-0.669300457399169,-0.5591317940393,0.112781443276156,0.281514065900134,-0.319107477609904,-0.158290967106083,-0.640100742275393,-0.0809549871536759,-0.34476848053886,0.677650524933283,-0.173931992421487,1.83763212485009
comm.and.crime_point_1467,comm.and.crime,regression,0.25,0.549887739934701,anomaly,-0.224640267159436,0.87205458879957,-0.217427187171022,-0.936954845977958,-0.590386957395979,0.763335172475784,-0.400622650407643,-0.40441055463925,-0.735958731452675,-0.375210946038594,-0.397969848981704,0.428804273352702,-0.187688592418646,0.682832724400303,-0.100893761675781,-0.153922844539436,-0.595615855137194,0.0242203876949048,0.281459459960805,0.0100013392540886,1.07870745338686,0.0218049017374774,0.103340488803673,-0.0430886968833349,0.401540480797687,0.0394141611302526,-0.0632363539352424,-0.198157722851353,-0.277522937462631,-0.407153610755056,-0.449042081635903,-0.115205293192613,-0.294823366226011,-0.314241419930838,0.22367036178649,0.166097728463756,-0.231377493520679,-0.00615150860066679,-0.275583904330964,0.65086069045285,0.202617329321249,0.0709728459924523,0.357978294684454,-0.632289530606369,-0.202586991059232,-0.00318371628598076,-0.384147898291766,0.193811995190487,-0.30513534303829,-0.0381763034178386,-0.241958561604024,-0.260908893459341,-0.230075729421995,-0.0922487271028942,-0.334821036824805,-0.0946770133781229,-0.399439552161281,-0.302657597962493,-0.347502825535886,-0.273610749555595,-0.352941863045931,0.238451640038094,-0.321263468856418,-0.700054714702294,-0.7440181099252,-0.838101809661048,-0.218005403435109,-1.18381518615775,-0.0131809409898764,-0.553751890761977,0.491654823047211,-1.23321624918318,-0.311139399228302,0.46618615394114,-0.316872478427771,-0.434074812882258,-0.282217262099776,-0.706240902341621,-0.553757862530577,-0.741943275593805,0.246456615393843,0.200868467281728,0.174528272850755,0.244484022215825,0.179391205812885,0.0686149044036935,-0.0660825654799971,-0.413719465260767,-0.212278938005688,0.0840295842401654,-0.286904425214791,-0.226875569169311,-0.240343763260253,0.886358450346385,0.633849512110727,1.26458184594016,0.79946253665809,-0.139144981884744,-0.457199869470233,-0.225644935755658,-0.391348688885798,0.272900576804145,0.928401418342293,-0.453822940289352,-0.709945487718708,-0.245827430569399,-0.294515666436819,-1.35065128643802,-0.34476848053886,-0.100894450061688,0.0188878262786913,-1.55874614153275,-0.440959496409212,0.799273698727645,0.0372584156911057,-0.900349146138491,0.507116509507333,1.15986915838501,0.142197893047893,0.825219881684049,-0.707774565658833,-0.391348688885798,-0.413219819433159,-0.230503261067549,-1.77472416989883,0.589566495515274,1.66941109066569,-0.00616663970913513,-0.822313500858473,2.32407992805221,-0.544247527234835,-0.0212745163166381,1.5185567053206,0.705667118525611,-0.81022732312622,0.82897837806628,-0.0435165600327901,-0.875744470993553,-0.808924961997834,0.682832724400303,0.682832724400303,-1.48659000438483,-0.66116427567861,-0.471291797870422,1.26061717483676,-0.437625211293547,0.752791255597911,0.10383609353668,-0.391374245016123,-0.987985994494734,-0.286904425214791,-0.908227461827405,-0.739004709724335,2.90486868069083,0.711095016407226,-0.838532752471447,-0.0660825654799971,0.318544239792525,-0.697694798599504,0.555756227867123,0.555756227867123,1.46208613211065,-0.553757862530577,0.547039635036561,0.353242987609834,1.68153602735121,-0.121085140456948,0.748881102728531,-0.433845179637909,-0.221904671622559,-0.121200695287352,-0.34476848053886,-0.478351146053977,-0.447422857068877,-0.440959496409212,-0.166244194413711,-0.928088305474204,-0.314189707384816,-0.760637999705362,-0.602729759433253,-0.282217262099776,0.255364319065638,-0.262943549469985,0.775426071093047,-1.55081663176793,-0.241958561604024,-0.118733906464382,-0.649009732299257,-0.0201670357368324,-0.574978601284565,-0.696016939253532,0.886358450346385,-0.767702135816429,-1.56531543697313,0.551928838042662,-0.956619933665339,0.936160966283394,0.682832724400303,2.97877155747757,-0.0387034149277808,-0.400332606464976,0.762407081401742,1.76107443168785,-0.481197144366448,-0.343626531286471,-0.98756602720718,-0.886108709818829,-0.440171809112793,-0.69021633412253,-0.375210946038594,-0.495911319009332,0.726172755495118,-0.324530007231007,0.596228538295973,1.5439163140198,-0.669300457399169,0.295474101638588,-0.912061542959443,0.281514065900134,-0.421455927079768,-0.262943549469985,-0.352113179076581,-0.871523677129457,-0.34476848053886,0.728940528604452,-0.608816497610759,1.4341149641584
comm.and.crime_point_0494,comm.and.crime,regression,0.05,0.0187250490520759,nominal,0.324222120103087,-0.867866213748302,0.0189685659473083,0.895478504347391,-0.629843707397574,0.722358181389051,0.173876856901124,-0.361398252209622,-0.091611108832858,-0.444866529913555,-0.0376193401481986,-0.0734685214771128,0.0462183158830917,0.682832724400303,2.00072425218612,0.994165005878154,-0.252659454575957,1.54047298387896,-0.121723128517532,-1.02539690198974,-0.234225751351356,1.88807176993655,1.77778180662611,1.61640333373751,0.110154019370149,-0.506783935891765,1.52316461284766,1.16736100594875,-0.35568405855027,-1.15122030423583,-0.542780556382761,-0.757155338364351,1.04365266102481,-0.808871504665675,0.568425864029928,0.215508271587242,-0.117389421357558,-1.01157020939818,1.12007614608757,-1.65100928860312,-0.0823847549525736,-1.69873893382903,-1.71166395656157,0.337993156810208,1.53029033533172,1.40217184060813,1.07871370914443,1.08150811908822,-1.72852524229167,-0.894138248865786,-0.333979422149212,-0.91323565124325,-0.000690227188266011,-0.685616345951833,-0.619283391928622,-0.739844610851231,-0.758469577859468,-0.217836902201817,-0.135936926012634,-0.146888892646214,-0.140014937318717,-0.158253016689785,-0.230236917254329,-0.242196122550708,-0.0623499430471371,0.813315174175043,0.921783371523802,-0.761207603085388,1.66120569803692,-0.696638653067897,-1.47926703027047,0.726172755495118,-0.311139399228302,0.878506043477017,1.57293526977546,0.0251247079874021,0.723150221859989,-0.0609873547032339,-1.00671795787817,-0.596520448771979,1.62776672727661,1.66928324060846,1.57727768168493,1.24757278826182,1.51732465531128,1.67966134986692,1.33969946404113,0.176251652332003,0.642085542646951,0.499412270264063,-0.286904425214791,-0.226875569169311,0.451894877441661,0.152246600047036,1.2955462585784,0.416792050760294,0.849911231176784,0.0435715764808665,-0.358722252432842,0.298247168141235,1.73074865395052,-0.776903671928593,-0.878308515045191,-0.138628602798245,0.823407774959287,0.525175431526179,-0.755295767554917,-0.0381763034178386,-0.34476848053886,1.14097921304329,0.703657382637049,-1.66673515571579,-0.335131340202921,0.523566721032782,-0.091611108832858,-0.604916295026319,-0.850536385865668,1.547553449942,1.11140862194038,-0.000739682945828393,-0.460870702131241,-0.391348688885798,-0.504578098615964,-0.504578098615964,1.24896822722633,3.18088668373891,-1.41385868059157,-0.23600364120476,0.105406250597248,0.0686149044036935,3.86024869546571,-1.23504806525446,1.59910902759376,1.52776353961703,0.342857548364707,1.14646284668515,-0.239279720112616,-0.302066595779285,-0.856335354515137,0.682832724400303,-1.56531543697313,-0.719300011366178,0.223523394233582,-0.787899790914564,-0.755295767554917,-0.780009989472726,-1.15854224368551,-0.590959780665129,0.391417864324567,-0.0946770133781229,-0.286904425214791,0.839636511036724,0.33163531003105,-0.574978601284565,1.04544333679435,-0.576901296561691,-0.20666076843211,-0.366110705033174,1.03518252779145,-1.01991441715099,0.818368002036808,-0.66116427567861,-0.924361576905879,0.277067099578957,1.00221121696188,0.854415094266617,-0.638218393822105,-0.0520855978833183,-0.35568405855027,-0.758696998706609,0.191443789063205,-0.34476848053886,0.0869987106920766,-0.232361344920738,0.511493909447407,-0.375210946038594,0.0510694094017551,0.317118292640701,-0.590607768331523,-1.50077087346202,-0.335131340202921,-0.453822940289352,-0.472248714197789,0.00232627821327909,-0.709945487718708,-0.241958561604024,1.4741881110361,0.160681920767624,-0.527054463374357,-0.728501275489362,1.50049524717574,-1.02233236043192,1.59218233455465,0.682832724400303,-0.65635599605476,2.38525936927683,-0.0540546487971503,-1.56531543697313,-0.241958561604024,1.58923824605564,-0.062407654706626,-0.838906555258306,-0.308861968134177,-1.88513473342576,-0.343626531286471,-0.44863454061095,1.98895106010947,1.90072856239499,-0.938357717766034,-2.04694495903766,-0.870865217996765,0.726172755495118,0.776626262341248,-0.408317051363656,-1.6882732998595,-0.669300457399169,1.75333121779498,0.246456615393843,1.3719530937981,0.857899691293538,3.39989683326659,-1.50406343187183,0.610792616575132,-0.34476848053886,0.882810539617961,1.5656060283356,-0.734789774559444
comm.and.crime_point_0858,comm.and.crime,regression,0.6,0.00150602008058063,anomaly,0.507176249190595,-0.171897892729153,-0.138628602798245,-0.448305952557865,2.88180704274436,-1.98212323033536,-0.639997445119629,-0.576459764357761,0.359432227001014,0.0427225572111723,0.0824974961296363,0.149763831780583,-0.499564470154296,-1.56531543697313,-0.912882539758789,-0.372606244618977,0.433253346546518,-1.15508718711492,0.223861947321042,1.40553809919142,-0.472940879485578,-0.835669064732367,-0.629227587743642,0.117507306079973,-0.705728072626956,0.828366967939835,-0.165584803405107,0.675774263580712,0.191443789063205,1.38736017940446,1.23825046380754,1.31683711526742,-0.390428796743927,0.872870783432771,-0.523299893074292,1.10489804781,-0.0603953852759968,1.45170560755573,-0.436621602456179,0.924892830816656,0.316618163030779,0.813110043982106,0.902620992380776,-0.373547480628615,-1.88595353669616,-1.84468410118171,-2.07558163188987,-1.63379767165778,0.58448334399507,0.646593252940519,0.310166601667107,2.522351939752,-0.34476848053886,0.911911858641464,0.992669953659678,0.351977477180183,0.421200506577434,-0.641940381005198,-0.64369508486844,-0.696016939253532,-0.693624944209472,0.723312887149946,-0.503316572060594,-0.242196122550708,-0.272093994394233,-0.543205919690318,-0.787899790914564,0.0311816151752862,-1.07869971127966,-0.0774626830755764,0.375718243440288,-1.23321624918318,-0.178217714801685,0.260026209173202,-0.96480656352602,1.81600283937908,-0.0705609496871936,0.455215483407476,1.25808251885979,-0.305674795128326,-0.689269589429965,-0.662904928792817,-0.590607768331523,-1.21455418294199,-1.2063255811676,-1.13966992969373,-1.00327058516075,0.589231434646941,-0.158881157964898,1.07056346354692,-0.0919853710824933,-0.226875569169311,-0.846052573874427,1.32682556052599,-0.413837003129751,0.616272002567322,0.648116453102006,-0.139144981884744,-0.309483443914147,-0.487590987704104,-0.391348688885798,-1.09640931284725,-0.233054967406804,-0.375024355916575,-1.15511256398006,0.703099168932851,-1.04328333075373,2.18732475474682,-0.000690227188266011,-2.31466924081404,0.0759519559752211,-0.96480656352602,-0.493873574512357,-0.910109562980505,-0.220480633356821,-0.998826763175882,-0.328362195337591,-1.11777605451234,-0.4393285442876,0.412240099369111,-1.30034383812505,-0.391348688885798,-0.595936377798769,0.0435715764808665,-0.478855999702333,0.762321174730183,1.47364793058586,-0.465840642700386,0.878506043477017,0.95469044940847,-0.209122814638054,0.0394141611302526,-0.978565285147405,0.212409265870761,-0.628161290785547,1.67560362771661,0.739536080286516,-0.015227658172151,-1.18820810213626,-1.56531543697313,0.682832724400303,0.322022122016284,-1.30993523361422,-0.0913622062174521,0.281459459960805,0.646593252940519,1.03949128049042,2.98227614380132,-0.739281849167541,0.94751679792459,-0.286904425214791,0.675774263580712,-0.953132713675412,-0.01206212920031,0.281218604480928,-0.733880170107544,-1.1907081890969,-0.0466050641145143,-0.40063011407534,-0.888608530066145,1.2998229213479,0.577398462198459,-1.08907433885046,0.871006677585685,0.412240099369111,0.90955648980559,0.625885114403834,0.321698862402212,-0.199361816374992,-0.812376231415014,-0.277522937462631,1.7197010395647,-0.0869550913836323,-0.318385949779994,-1.39341290226583,-1.0717667847882,1.203019662197,0.514402042648675,1.61978523952839,-0.655555707317298,0.723150221859989,-0.296225771543798,-0.472248714197789,0.0538662644052637,1.12018582580019,-0.333979422149212,0.412240099369111,-0.410865128456057,0.740164105719455,3.46778515277508,1.88066081790389,0.935299240366342,0.766222769924772,0.345610500194289,-0.69663215719134,-0.822944761547652,-0.747205579353531,0.682832724400303,-0.333979422149212,-0.29306929945644,-0.10464827367642,0.762407081401742,0.596735206787962,0.0803778912572774,0.592001101920479,-0.203665683067209,-0.482591549127137,0.865330321151163,0.848260244467189,-0.584177697663477,-0.308434369515615,-1.23321624918318,-0.639146084251652,0.763652803239245,0.812099797669774,-0.590386957395979,0.396015971718339,-0.110010510253322,2.69944408428258,0.294983219209284,0.364971944713428,-0.870490792834442,0.610792616575132,-0.230075729421995,0.216040491892755,2.08746743456273,-0.835669064732367
comm.and.crime_point_0733,comm.and.crime,regression,0.66,0.00778877751749595,anomaly,-0.407594396246943,-0.519882053238727,-0.375024355916575,-0.326143729202842,1.89538829270449,-1.32649137294762,-0.304872732522849,-0.275373647350366,-0.349350157880785,-0.166244194413711,-0.217794594564951,0.26138000840943,-0.265657561852559,0.682832724400303,-1.2949949059155,-1.24733984493714,-0.938572255698432,-1.54818971205152,0.569447023159616,1.36052078435473,0.00448937678286525,-1.34006551559698,-1.2048167907451,-1.00666471466318,-0.880559949483478,-0.567472613338656,-0.830849724959226,-0.689744465219389,-0.121200695287352,2.17519550191351,1.42572741330126,1.56374097879501,-1.20307495614621,1.96105696984941,-1.95978115242195,-0.970344763376429,-0.630335746091604,0.446286906758215,-1.40284779120747,2.45947281685397,0.601620247304602,1.66942219550863,2.04637065754305,0.0145655943380156,-1.98497509820421,-2.13544731984946,-2.12129605712225,-2.73036347176675,-0.542366992913852,-1.00826650825885,-0.0579168405136468,1.87002518196809,-0.34476848053886,0.135969587839005,0.70820759855586,0.600118860823686,0.831520535946791,-0.514709337364183,-0.432129185345187,-0.484813844404564,-0.438112633336816,0.28252993523008,-0.321263468856418,0.571774707941,0.304702146810281,-0.425247563702025,-0.851221389523392,0.242485406711466,-1.02796072221824,0.922744653065864,1.01336943127836,-1.23321624918318,-0.0452960303750682,-2.36851308661801,-0.856817549342979,3.28544130616199,1.51686139340717,-0.491156386462159,1.5463298522628,1.10007919748266,-0.778386370841756,-0.792470938203999,-0.803145557548822,-0.986579463386079,-0.967408893757168,-1.05911760742057,-0.956411184176713,2.77212456974019,-0.0520855978833183,-0.383275937536719,-0.286904425214791,-0.226875569169311,-0.629727998655079,1.22894398048608,0.413283929954837,0.765881966422592,1.10215470377026,-0.504578098615964,0.872247960534541,0.210931817491753,-0.391348688885798,-0.776903671928593,-0.491156386462159,0.176565734692862,-0.512093453824773,-0.127211605631618,0.339056972600567,1.04604216081623,-0.34476848053886,-0.0468999429701671,-0.837074119169256,0.277067099578957,0.670236143756844,0.247859743337919,0.359432227001014,-0.555677486507623,-2.15597186218586,1.25679023127425,-0.245486398509103,2.12315634038814,2.10692947855571,-0.391348688885798,0.0435715764808665,-0.413219819433159,0.115083578304395,0.0281137880668194,0.592713710226646,1.2579368685168,-1.49233332135427,-0.0924897401426294,-0.496372568292438,-0.81022732312622,-1.13966992969373,0.870086402743895,0.828366967939835,-1.18175658985325,0.935299240366342,-3.08850198967716,-1.14079770961895,-1.56531543697313,0.682832724400303,1.52776353961703,-0.779122631666902,0.795140174306145,-0.467308204356106,0.589529123243989,2.23407471754256,0.550490584094985,-0.739281849167541,-0.0946770133781229,-0.286904425214791,-0.853606712675401,0.652827315957665,0.346157443944216,0.520038833328871,0.574277109441232,-0.347238971384223,-1.18769663882401,-0.450140894829368,-0.888608530066145,-1.10745167520755,-0.248310029719587,0.434518709136896,-0.370866985519292,0.412240099369111,-1.40638212283126,-0.0636258900830415,-0.212278938005688,-0.199361816374992,0.153849957336276,-0.433845179637909,-0.34476848053886,0.391417864324567,0.756921610960703,-0.811358043131231,0.251689308836056,0.396654485240329,-0.35364645738641,-0.845653115392282,0.0311816151752862,-0.493873574512357,-0.453822940289352,-0.576901296561691,0.981586015860986,-1.45189061482096,-0.333979422149212,0.589231434646941,-0.601380811530617,-0.44257322543477,1.72786151178739,-0.273610749555595,-0.19033893009266,0.117254540572726,0.682832724400303,-1.30077457424005,0.914832475982277,-2.77714759026865,0.682832724400303,-0.333979422149212,-0.242196122550708,-0.696016939253532,-2.32160436698057,-0.308861968134177,-1.88513473342576,0.0462183158830917,-0.742597169663439,0.47576170751563,1.76567661788493,-1.08724254795214,-0.0269330266637888,0.0665195294718176,0.726172755495118,-0.691582097088426,-0.743165581250199,1.17800805584479,-0.629843707397574,-0.0564224436405426,-0.466477635900487,0.518566028486648,-0.421455927079768,0.364971944713428,0.569447023159616,-0.871523677129457,-0.34476848053886,1.34442057265849,-0.956724101762177,-0.633910484386522
comm.and.crime_point_0826,comm.and.crime,regression,0.02,0.053146683243718,nominal,-0.224640267159436,-0.171897892729153,-0.375024355916575,0.956559616024903,-0.51147345739279,0.640404199215584,-0.161247855695657,-0.40441055463925,-0.800393493714657,-0.862800033163321,-0.638203521537374,-0.129276609791536,-0.343626531286471,0.210721610511883,2.86047707603872,0.502127355699187,1.60910386275648,2.2705205301898,-0.352113179076581,-1.07041421682643,0.481919633051309,2.9977439618387,2.92896021262903,3.00823535941951,-0.822282657197971,-0.324717903551093,1.16494503970313,-1.23595195673943,-0.433845179637909,-1.01991441715099,-1.05834216749048,-1.39910538353609,2.66894497982939,-0.759408496192192,-0.350922141952573,0.116687185340269,1.76341376933395,-1.61482142987669,2.94517005817334,-0.0616228744930443,0.259617746176014,-1.18495164291312,-0.676842830938559,-0.114805430650861,1.33224721231561,1.20832969482963,1.12442813437682,1.13372553814103,-0.838906555258306,-0.780009989472726,-0.333979422149212,-0.956724101762177,-0.230075729421995,-0.503041693998314,-0.0977690742382896,0.10383609353668,0.0108804772080765,-0.345067945842831,-0.178250105917284,-0.10464827367642,-0.140014937318717,0.370686525614054,-0.45780329625955,-0.59830836089083,-0.429402032904556,0.282502572227728,0.351888984044347,-0.549903811549208,1.20455479648416,-0.839525415373817,-1.42129874046701,0.726172755495118,-0.444061083654919,0.775426071093047,1.08698470595177,-0.29631495662136,0.194009440828534,-0.620207095989836,-1.04789614836431,-0.790417551201081,2.29614258786504,2.533056636683,3.02253464836257,1.52114245172891,2.23407471754256,2.32407992805221,2.18316868175381,-0.295725241742213,-0.586063398291218,-0.227507430277758,-0.286904425214791,-0.226875569169311,-0.110549018128644,-0.239279720112616,0.633849512110727,0.217312098953267,0.194078202433754,0.0435715764808665,-0.851110337619796,0.734823921388646,-0.391348688885798,-0.137892390091274,-0.620207095989836,-0.453822940289352,-0.660482479245224,0.999638731277305,-0.179320641157294,0.0759519559752211,-0.34476848053886,1.19497372013481,0.874849771726638,0.601034142128082,0.299837597034825,-1.5166649139092,0.746040800572905,-0.8018715291011,-1.68601509071059,0.966027012606508,-0.681631226510723,-1.53466458868703,-1.44848615624161,-0.391348688885798,-0.230503261067549,0.226288134846476,-1.45075712734971,-0.878848277811454,-0.19033893009266,-0.23600364120476,0.672346098709078,2.32407992805221,-0.11337289675326,-0.567472613338656,0.793585804862147,1.41815068347151,-0.688849968232438,0.934806534272571,-2.24585211093084,0.23063428834825,-0.145179466755593,0.682832724400303,0.682832724400303,-0.8289128675117,-0.189330851725441,-0.597934995088079,-0.524905716995868,-1.92129258340332,0.370524555741227,0.351977477180183,-0.652304948129686,0.997145074653291,-0.286904425214791,-0.471261468611373,-0.685472708736566,-0.882023949694159,1.09320738256394,-0.890859043653398,-1.5655833969692,0.683693543699564,0.441053158743122,-0.319616352698494,1.08097977620649,-1.25095605562007,-0.84200519593359,-0.154888957153209,-1.3576732534092,0.633849512110727,-1.78740340130023,-1.06664341865833,0.66041051558904,-0.597659300581394,-0.35568405855027,-0.34476848053886,-0.826258750205395,-0.576459764357761,-1.28758474605954,0.391000476585978,-0.294515666436819,0.119834542632727,-0.845653115392282,0.453789198247646,1.30520508099459,0.0189685659473083,0.46962452707733,0.878506043477017,-0.957260530086126,-0.241958561604024,-1.59366170044631,1.39903386075226,-0.569295082344151,-0.216759028140039,-0.611535701313945,-0.679746830292226,-0.472716577020044,-1.56531543697313,-1.17994609083031,-0.0654521195474263,-0.94524870236964,0.682832724400303,-0.241958561604024,-0.547435183985099,-0.484813844404564,-0.483059080444962,0.337993156810208,-2.27823725836237,0.202156254750917,1.85407272030022,0.1226841919104,-1.02539690198974,1.3445430117542,-0.166244194413711,1.80068131228869,-1.23321624918318,1.51073044205609,2.10304692278542,0.629145668582266,-0.629843707397574,2.85929178867225,0.602923741041008,-0.42964182185941,2.8536944559559,-0.315269840651936,0.339056972600567,-0.525649875265053,-0.34476848053886,0.421200506577434,3.0007248954602,-1.28962587051052
comm.and.crime_point_1882,comm.and.crime,regression,0.06,0.095553932730998,nominal,0.324222120103087,1.56802290981872,-0.453822940289352,-0.570468175912889,-0.629843707397574,0.517473225955383,0.796251323152288,-0.0603121352022264,-0.735958731452675,-0.0269330266637888,-0.337911430842786,0.372996185038278,-0.343626531286471,0.682832724400303,0.758859062176815,0.720810755778727,-0.693603398154691,0.922740444692865,0.16626443468128,-0.440171809112793,0.302883286950643,0.828839223120861,0.678929691805134,0.545763313982127,1.39225444965131,0.221480193470925,0.397331668679148,1.27660250425276,-0.433845179637909,-1.01991441715099,-0.355303606889044,-0.115205293192613,-0.00800707467226295,-0.215315402983871,0.740803615151647,0.462560987204673,-0.459353637846922,0.0943903614790845,-0.114546206205749,-0.8289128675117,0.487619413595073,-0.899514259070941,-0.894699910017088,-0.114805430650861,0.837139404775339,0.820645403272635,1.1701425596092,0.663768766665756,-0.957522380196087,-0.380561081597017,-0.333979422149212,-0.739281849167541,-0.230075729421995,-0.229179716068034,0.044462103313619,0.203092646994081,0.267330495563925,0.375907968122917,0.625700312271076,0.697923486749661,0.711692765590137,-0.687192558993624,0.133869289154024,-0.242196122550708,-0.272093994394233,-0.248310029719587,0.478532181262003,-0.919685446737523,0.0882970371329595,-0.267978366150136,0.0858767944229815,0.726172755495118,-0.444061083654919,0.930046029669001,-0.26287797133625,-0.29631495662136,-0.176389105893484,-1.3945113531559,-0.965539767392024,1.00313064626811,0.736598913158695,0.589566495515274,0.344558504224595,1.61233233955127,1.1350579554546,0.793585804862147,0.871105454200756,-0.649707912297875,0.695483322687741,1.84940599984173,-0.286904425214791,-0.226875569169311,0.884544027880357,0.494832130186732,0.799273698727645,0.566402014615565,0.698565147620701,-0.595936377798769,3.18647196091322,0.90945462268761,-0.391348688885798,-1.09640931284725,0.455215483407476,-0.375024355916575,0.526629724118384,0.228635869181726,0.281459459960805,-0.0381763034178386,1.14623728398038,-0.316872478427771,0.0759519559752211,0.43905062085352,-1.18175658985325,1.79181881842915,0.488301751524978,-0.654155103545014,-0.276144776284783,0.869105939717259,-0.00318371628598076,1.76917366983248,-0.362109156720205,-0.391348688885798,-0.413219819433159,0.226288134846476,0.817012170494165,-0.792470938203999,1.22894398048608,-0.580759143448198,-1.02847344562641,0.229719548950016,-0.639997445119629,1.01043300028051,-0.69663215719134,1.25373139925322,-0.14265187121042,0.194009440828534,-0.728687620312182,0.558450217042117,-0.571872999411319,-1.56531543697313,-1.56531543697313,-0.33565501485685,-0.66116427567861,-0.724578192305735,0.0510694094017551,-0.951202378562316,-1.30189225613177,-0.293190120292925,-0.0869550913836323,-0.144305290106824,-0.286904425214791,0.0203252737566635,0.866955319908742,3.46778515277508,-0.387478036293313,0.0510141976217214,1.52713706797728,-0.229179716068034,0.0449669127109041,1.64997195357414,-0.363384981726775,-1.89972701355568,-0.512579672044432,-1.34276811316667,0.530234322887664,0.578708116571755,0.568425864029928,-1.06664341865833,-0.35568405855027,-1.18813086037385,-0.121200695287352,-0.000690227188266011,-0.260908893459341,-0.0603121352022264,2.99845558029525,-0.166244194413711,2.41256742763201,3.23691779275872,-0.845653115392282,-0.602729759433253,-0.758443965028085,-0.217427187171022,-0.890859043653398,0.260026209173202,0.32877769022445,-0.333979422149212,1.23819966399899,-0.649009732299257,0.655682867779868,-1.18906929810375,2.80995443523935,-1.46279947061153,2.06415922862887,0.682832724400303,0.390824193496339,-0.0654521195474263,-0.994759483123667,0.682832724400303,-0.149937701058835,-0.649181537796562,0.444479772930899,-0.838906555258306,0.143936619326893,2.10204801950269,-0.187688592418646,0.531240889564015,2.7455457364064,0.190070598600841,0.848260244467189,-0.0965886105387498,-0.777126743249906,0.726172755495118,0.199830121136733,-0.519933227992503,-0.346609686551107,1.8559315427029,0.0943903614790845,-0.956619933665339,-0.761514569480531,-1.08672084863389,-0.419922423015838,-0.00652810323800724,1.25312967718045,-0.34476848053886,-0.45072955583245,0.0869987106920766,0.828839223120861
comm.and.crime_point_0849,comm.and.crime,regression,0.05,0.117675603865042,nominal,0.629145668582266,-0.171897892729153,-0.296225771543798,-0.142900394170307,-0.669300457399169,0.968220127909451,-0.639997445119629,-0.576459764357761,0.101693177953087,-0.0965886105387498,-0.157736176426034,-0.575741316306927,-0.265657561852559,0.682832724400303,0.0423983756329848,0.666139905758843,-0.546622083628446,-0.0880946194298402,-0.524905716995868,-0.665258383296233,0.541598415084864,0.0218049017374774,-0.210617258288034,-0.41781270379772,0.284985896226672,0.282168870917816,-1.29141774757362,1.00349875849274,-0.35568405855027,-0.713534013953022,-0.730257505876477,-0.362109156720205,-0.629442373038718,-1.05618654703309,0.970640616647273,-0.575060418388539,-0.3453655656838,0.295474101638588,-0.436621602456179,-0.00681644642028318,-0.880390590919278,0.527672660139931,0.303514024914822,-0.308861968134177,0.391542377989094,0.432961111715639,0.850141582982528,-0.171709938179167,0.940330818808414,1.04604216081623,-0.333979422149212,-0.652304948129686,-0.34476848053886,-0.548685356986693,-0.998566532067046,-0.491703227207728,-0.912339588872978,-0.726761076765874,-0.728321444677741,-0.738257558223326,-0.736210329354915,0.855547772725906,-0.594343123662683,-0.750927891608026,-0.639146084251652,0.0465858602511433,0.161924188217862,-0.127296228476849,0.392730971501469,-0.649009732299257,-0.725679262825477,0.726172755495118,-0.444061083654919,0.775426071093047,0.277067099578957,-0.709594525404054,-1.44632698036898,0.455215483407476,-0.471401481558287,-0.499571897557428,-0.421919245194591,-0.490150249577908,-0.548100210488063,-0.0746805851624468,-0.29844216900797,-0.454975190371856,-0.300379570400185,-0.767702135816429,-0.158881157964898,-0.487121609042694,-0.286904425214791,-0.226875569169311,-0.846052573874427,1.08212161042621,-0.358695607590779,0.716011978470835,0.648116453102006,-0.321861540250354,-0.358722252432842,-0.31296028640514,-0.391348688885798,-0.594329019975073,-0.233054967406804,-0.453822940289352,-0.907797521612643,-0.838906555258306,1.26061717483676,-0.0952404331143684,-0.115382978305131,-0.640839520976896,0.30420847476134,-2.26067473372252,1.62268954961346,0.137576952259974,2.55021414390839,-0.654155103545014,-1.21605831923532,-0.293946934953727,0.432961111715639,0.294245875850557,1.41559866067845,-0.391348688885798,1.50530404340575,-0.504578098615964,0.601034142128082,-0.61971625898909,0.886358450346385,-1.15535164718726,0.723886084901063,-0.0119374178694681,0.41325165161311,0.221480193470925,-0.65635599605476,-1.10294500787551,-1.23504806525446,-0.0705609496871936,0.788476870306472,-1.28551438186089,0.091872495830922,-1.56531543697313,0.682832724400303,-1.87023500089416,-0.0713724957371486,-3.13079893944121,0.0510694094017551,-0.323496951900488,-0.202875494043799,-1.68278186869654,0.782813918994912,0.699375414281087,-0.286904425214791,-0.580502966915381,0.492231312994358,-0.574978601284565,-0.244185898984547,-0.00131209356022966,0.355652043376342,-0.457398031009934,-1.39084572915588,0.380681711753999,0.118069937584314,1.04923188615163,-0.636114243502866,-0.694834028068417,-0.0597367947051054,0.303001138876892,-1.67248490055242,0.214903302320632,-0.277522937462631,-0.382942369747774,-0.199361816374992,-0.230075729421995,-0.826258750205395,-0.490435159498505,-0.335131340202921,0.112378141086133,-1.44646591923207,2.28995579272044,-0.760637999705362,-0.602729759433253,-0.388045418306067,-0.375024355916575,-1.25714308192706,0.878506043477017,-1.00672353855961,0.218145741121919,2.06415922862887,0.0654240792303436,-0.527054463374357,0.550854342883945,-0.400332606464976,-0.532924460232356,-0.531713688779321,0.682832724400303,-0.0924897401426294,-0.0654521195474263,-1.53937807141797,0.0308697576020081,-0.149937701058835,-0.954420599230953,-0.569295082344151,-1.01683029266498,-0.696975043100807,0.866582941130492,0.514032132486567,1.80507894879147,0.526201352602092,2.53097097010862,-1.13687082468084,-0.166244194413711,1.84755054966212,2.68556176017342,0.147394108299959,-0.296700874734808,1.17800805584479,-0.629843707397574,0.747912516997469,-0.555594417312278,1.4193634863154,-0.67732705075443,-0.681553878925593,0.742239561078903,1.00607696156302,-0.34476848053886,2.11377062772603,-1.08718945331896,0.526201352602092
comm.and.crime_point_1452,comm.and.crime,regression,0.6,0.046187713041579,anomaly,-0.407594396246943,0.87205458879957,-0.217427187171022,0.528991834282321,1.22462354267738,-0.793790488820086,-0.496372568292438,-0.533447461928133,0.101693177953087,-0.0965886105387498,-0.217794594564951,-0.240892786420384,-0.109719622984733,0.682832724400303,-1.10393872283714,-1.13799814489737,-0.497628312119698,-1.04277217999017,0.396654485240329,1.40553809919142,-0.353583315418467,-1.13830693525114,-0.9955116260173,-0.792536710712104,-1.05539182634,-0.870916000573111,-0.728501275489362,-0.471261468611373,0.113282667975565,1.7375092116307,1.61320436279498,1.36621788797293,-0.82065323407455,0.922333791906255,-1.55756639980461,-1.46445019461129,0.281568831213367,0.396015971718339,-0.543980067872989,0.431634978161806,-0.253386005516867,0.242235276297757,0.357978294684454,0.920162769260154,-0.598673237091449,-0.87547337228922,-1.34415082817177,-0.641666709654437,-1.84714106722945,-2.54899801006515,0.0341040200315418,0.913279270551694,-0.34476848053886,-1.46155861675429,-1.42526006472277,-1.43464048505304,-0.50201955950362,-0.769171424646212,-0.770634624582392,-0.78049817719312,-0.736210329354915,-0.0700964263058121,-0.366776744657462,0.826140592469659,0.829062275178022,0.69535681818675,0.478532181262003,0.929222729204051,0.0375580480715412,0.684600049222664,-0.145996364790864,0.726172755495118,-0.244678557014993,0.00232627821327909,0.115083578304395,1.40272327059638,1.83434586202605,-0.0609873547032339,1.05219156642907,0.615336441409908,-0.822944761547652,-0.792470938203999,-0.760637999705362,-1.26014912685317,-1.2063255811676,-1.13966992969373,-1.05012998614479,0.766222769924772,-0.105483377924108,-0.0198160872658089,0.00547415598365529,-0.226875569169311,-0.846052573874427,1.57152951062578,0.6889909076497,1.51393178569894,1.35439817636373,-0.230503261067549,-0.211005826876756,-0.662221689003069,-0.391348688885798,0.181613250827385,1.18650283739765,-0.453822940289352,-0.957260530086126,1.94856533077955,-0.294515666436819,0.133016085671751,-0.34476848053886,-0.154888957153209,0.760721512333579,-0.640839520976896,0.299837597034825,-0.799826771902559,1.00377984962083,0.232143449791502,0.611551347612948,0.626803257494137,-0.293946934953727,1.23819966399899,-1.00405920189194,-0.391348688885798,-0.321861540250354,0.500362972394892,0.169078085395916,-0.576527589185363,-0.777628410332139,0.108751861038678,-0.770773514666489,-0.736908318327921,-0.400622650407643,-0.506783935891765,0.511652676906082,-1.04813857980274,0.282168870917816,1.62268954961346,0.690595290266559,-1.08062942642722,-1.18820810213626,-1.56531543697313,0.682832724400303,0.65086069045285,-0.0713724957371486,-0.534613396479251,1.95178732651391,-0.323496951900488,-0.632925531382569,-0.839101164308632,-0.695793398648614,0.302349200451482,-0.286904425214791,0.129566772060671,-0.257216700834412,0.0391120955346223,-1.15170276860673,-0.52457500537974,1.05854305813691,-0.913834660893733,-0.549162456337422,-0.363384981726775,0.42445034078228,-0.602185097684464,1.87575537615196,-1.01880107061754,1.88716789335104,0.799273698727645,0.338588862534303,-0.158881157964898,-0.35568405855027,-1.08077239495704,-0.433845179637909,-0.34476848053886,-0.739281849167541,-0.490435159498505,-0.758443965028085,-0.305555362163633,-0.294515666436819,1.8559315427029,-0.675622884018443,-0.497077863665163,-0.917186199337522,-0.453822940289352,-0.419922423015838,0.569266126325109,-0.314241419930838,-0.241958561604024,-0.767702135816429,0.494084366148104,2.21858576966224,-1.54728887124828,-0.569295082344151,-1.21809552051175,0.0582574288134486,-1.56531543697313,1.27689973850112,-0.822944761547652,-0.202586991059232,-1.56531543697313,-0.333979422149212,-0.547435183985099,-0.696016939253532,-0.542366992913852,0.27330764431577,-0.705827158615937,0.202156254750917,0.335265803529022,-0.986987999991752,-0.215085234929352,0.351977477180183,1.01790073146063,-1.01147293011705,0.726172755495118,-0.114785955883911,-0.240892786420384,-0.224640267159436,0.119834542632727,0.0943903614790845,-0.421919245194591,-0.145179466755593,-0.01206212920031,0.94056114771489,-0.352113179076581,-1.21739747899386,1.60500828844784,-1.06620959988649,-0.565328047091832,0.727959932947938
comm.and.crime_point_1865,comm.and.crime,regression,0.02,0.049062355183607,nominal,0.324222120103087,1.56802290981872,-0.375024355916575,0.406829610927298,-0.629843707397574,0.804312163562517,-0.0176229788684652,-0.490435159498505,-0.993697780500602,-0.862800033163321,-0.938495612231962,-1.07801411113674,-0.499564470154296,-1.56531543697313,2.19178043526448,1.43153180603724,0.776209747107756,1.42815797675422,-1.50406343187183,-1.20546616133649,-1.12940748185469,1.98895106010947,1.6731292242622,1.50933933176197,3.78162343335712,4.83381967943463,0.550854342883945,0.566532765276704,-0.433845179637909,-1.10745167520755,-0.870865217996765,-1.1522015200085,1.56948252887335,-1.352964597874,1.60269237076024,0.166097728463756,-0.231377493520679,-1.01157020939818,1.22743461150438,-1.10294500787551,-0.937391007774043,-1.29912659644998,-1.27594979840451,0.143936619326893,1.72833345834783,1.64447452283125,1.35300026053872,1.55146489056349,-0.957522380196087,-0.608817600383137,-0.333979422149212,-0.826258750205395,-0.230075729421995,0.455475228757665,0.234103673382831,0.0542078168079789,-0.296859544818942,-0.00578516280012634,-0.135936926012634,-0.189129511616007,-0.310356477900488,0.458843115998027,-0.594343123662683,-0.496562007079367,-0.324530007231007,0.577398462198459,0.478532181262003,0.0311816151752862,1.61046670897551,-0.744267573836537,-0.725679262825477,0.726172755495118,-0.37760024144161,0.260026209173202,1.6809242839585,-0.75551447749102,1.83434586202605,1.74572257868425,-1.00671795787817,-0.111777692699224,1.00394925739407,1.28058521237491,1.36473989246763,1.38435761999537,1.80402468020379,1.84076599441325,2.0425904788017,-0.649707912297875,2.35081450395223,2.00517450710069,-0.189444898148642,-0.226875569169311,-0.197078848216383,-0.337161300152529,-0.854968167441532,-1.92709738297228,-0.713998298902748,0.409004693212087,-0.998826763175882,-0.31296028640514,-0.391348688885798,-0.229179716068034,0.197114064352121,-0.453822940289352,0.378240698697934,-0.779598642789415,-0.524905716995868,-0.437625211293547,-0.230075729421995,-1.55874614153275,0.646593252940519,0.331061606670478,-0.758443965028085,0.0824355567210018,0.0372584156911057,-0.309483443914147,0.402681671401718,-1.69930249184784,0.723724330383386,-0.531713688779321,0.329221661157051,-0.391348688885798,-0.504578098615964,-0.321861540250354,-0.100894450061688,3.18088668373891,0.10330581002708,-0.178544390830854,0.775426071093047,-0.938289124010825,1.03562611786427,-0.506783935891765,0.471376515769501,-0.445267871002372,0.342857548364707,0.0352672065190975,1.03318082040625,-0.465974560126219,0.660797206038557,0.660351242786569,0.682832724400303,-0.390461442929611,2.11085709004626,-0.914542988132221,0.799837073718665,0.30420847476134,-0.0117421441154574,-0.590959780665129,-0.652304948129686,-0.293190120292925,-0.189444898148642,-0.798985963523397,-0.0966206978711041,-0.4726301518147,-0.483006127832491,0.678929691805134,1.99573107781766,0.227256913815765,-0.00454386804312309,0.730830743980246,0.205607195640876,-1.66381030157909,1.62868623323509,1.73491879105002,0.412240099369111,1.68153602735121,0.510966613656022,-1.54722343902544,-0.433845179637909,-1.18813086037385,-0.277522937462631,-0.34476848053886,-0.173931992421487,-0.533447461928133,-0.22930318399663,-1.00211120091324,0.569447023159616,1.22462354267738,0.727126524815734,0.0311816151752862,0.564407987550553,-0.296225771543798,-0.786206461289495,-0.66769354228252,0.922333791906255,0.402187462212296,-1.41667036516848,0.636971128454024,-0.696016939253532,-0.165584803405107,-0.146888892646214,-0.337161300152529,-1.06268769461281,-1.56531543697313,0.149167226676855,-0.377360854488696,1.03518252779145,0.682832724400303,-0.241958561604024,0.724394238658196,-0.611535701313945,-1.13544611760276,0.143936619326893,0.305007905506768,-0.265657561852559,-1.13454734173342,-1.28962587051052,-0.890344957479674,0.848260244467189,-0.166244194413711,-0.449042081635903,-1.23321624918318,-0.7440181099252,0.0939557434661589,0.629145668582266,-0.4325599573896,-1.71536329995644,-1.00117832437123,-1.18820810213626,-0.523804376549633,3.39989683326659,-0.755295767554917,0.956666418439536,-0.230075729421995,-0.912339588872978,0.130487161211004,-0.886108709818829
comm.and.crime_point_1632,comm.and.crime,regression,0.04,0.01563979043471,nominal,1.48293160432397,1.22003874930914,-0.296225771543798,-0.326143729202842,-0.590386957395979,0.394542252695183,1.61012562517304,-0.533447461928133,-0.607089206928712,-1.62901145578789,-0.998554030370879,0.26138000840943,-0.265657561852559,0.682832724400303,2.19178043526448,0.22877310559976,0.0902969459852806,2.38283553731455,-0.00652810323800724,-1.25048347617318,0.899671107286197,2.3420285757147,2.92896021262903,2.90117135744397,2.61607758764697,2.10282919432454,0.806725466558606,0.566532765276704,-0.433845179637909,-1.10745167520755,-1.38642682910448,-1.79415156518023,3.05136670190105,-1.05618654703309,-0.00616663970913513,-0.624470961512025,1.13647937243678,-1.71536329995644,2.89149082546493,-1.10294500787551,-1.10839225833834,-0.442814444923462,-0.731307100708191,-0.696975043100807,0.936160966283394,1.11140862194038,1.12442813437682,0.611551347612948,-2.38091227944946,-1.80716432401026,-0.333979422149212,-0.956724101762177,-0.230075729421995,0.272900576804145,0.281514065900134,0.15346437026538,-0.142989533805432,0.418318316003255,0.371821232843173,0.275517297051724,0.115497373553939,0.238451640038094,-0.412290020458506,-0.801801068513758,-0.639146084251652,-0.0713724957371486,0.0352809910002048,-0.866859498853478,1.25529378554558,-0.696638653067897,-1.65317189968086,0.726172755495118,-0.444061083654919,0.775426071093047,1.14097921304329,-0.847354381664952,-0.546787652615503,0.111080258000336,-1.04789614836431,0.469913614588082,2.34070097857094,2.87856599511282,3.10754976404949,0.974003124794731,0.848357930562082,1.07551893281821,0.589949048296531,-0.0597367947051054,-0.319074498087268,-1.31788698109049,-0.286904425214791,-0.226875569169311,0.408629962397792,-1.21809552051175,0.358142534415864,0.167442111001511,-0.764446993421443,-0.413219819433159,0.182904641272807,0.865796947362869,-0.391348688885798,-1.46155861675429,0.369181677055691,-0.0598300184254683,0.180388664803999,1.29617829362176,1.31821468747653,0.988978031119698,0.343388026162328,-1.34276811316667,-2.20661323188597,-1.93670769117339,-1.07592843364696,-0.854968167441532,3.71003986462407,-0.161767018358061,-0.11949251912636,0.33604003882639,1.3537113041635,0.648228546406218,1.41559866067845,0.898553617544122,-0.504578098615964,-0.321861540250354,-0.910812056434499,3.13769801393518,-0.0924573500527467,1.08555911739508,0.723886084901063,1.07551893281821,0.652626446325096,0.100102838577144,-1.42160305764979,0.815279974671134,-1.23504806525446,0.246923518931679,0.348009760126863,0.927243136822718,1.04008034617698,0.682832724400303,0.682832724400303,-0.171235730638567,-0.0123933177430025,-0.218005403435109,1.203019662197,-1.63597193492067,-0.155092156561714,2.98227614380132,0.869790820032767,0.203092646994081,-0.286904425214791,0.348049768668688,0.278103309043281,-0.0632363539352424,2.43060066411242,-0.52457500537974,0.355652043376342,3.1028076820837,0.391542377989094,-0.450922239783337,-0.494690868811617,-0.897080987655194,1.99928994761039,-0.154888957153209,0.23524876409128,-0.193271420973861,-0.121085140456948,0.481892202524582,-0.433845179637909,0.636963051711922,-0.35568405855027,-0.34476848053886,0.130487161211004,-0.490435159498505,1.72851770581975,1.7841121540852,2.5853599655513,-0.472016707391195,-0.420577536957683,-0.444251915781118,0.141095362725389,-0.138628602798245,-0.681553878925593,-1.02847344562641,-0.314241419930838,-0.241958561604024,-0.531713688779321,-0.410865128456057,0.191036059112137,-0.216759028140039,-0.738257558223326,0.886358450346385,0.884216993443326,0.6153882795591,-0.777184479464502,-0.199127291665113,-1.83644275594213,0.525462353104163,-0.241958561604024,-0.191322945644976,-0.569295082344151,0.881022906339523,-0.373547480628615,-0.200409626554585,-0.499564470154296,-0.15467191155846,0.929718513293784,-0.575223753622857,-0.64058805739383,-0.375210946038594,-0.495911319009332,-1.23321624918318,0.881498288014796,-0.352508963049232,0.812099797669774,0.356575042642296,-0.0564224436405426,0.335573396805634,-0.524462606894016,-0.523804376549633,-0.105964675924132,1.14542214955724,-0.624470961512025,0.343388026162328,0.780230532275621,-0.173931992421487,-0.280832968781291
comm.and.crime_point_0970,comm.and.crime,regression,0.3,0.0684111130081492,anomaly,-0.956456783509466,-0.171897892729153,-0.453822940289352,-0.570468175912889,0.63277229265346,-0.138158631432351,-0.639997445119629,-0.533447461928133,-0.091611108832858,-0.305555362163633,-0.0376193401481986,0.763652803239245,-0.499564470154296,-1.56531543697313,-0.626298265141257,-0.427277094638862,-0.742597169663439,-0.649669655053565,0.68464204843914,0.68526106180441,-0.592298443552689,-0.58347083930006,-0.210617258288034,-0.0966206978711041,-0.647450780341448,-1.17435938780757,-0.114410578670175,0.293429019516684,-0.277522937462631,0.380681711753999,1.70694283754184,1.51436020608949,-0.725047803556634,-0.116389386036903,-0.178544390830854,1.7966456515388,-0.858311890417847,1.65278934771523,-0.543980067872989,0.924892830816656,-0.65238892350022,0.527672660139931,0.739228183071879,-0.438232993123054,-0.549162456337422,-0.681631226510723,-0.88700657584796,-1.16384090018251,1.47410203102843,1.21723454990582,-0.241958561604024,0.304440963286713,-0.34476848053886,0.0903259248506256,-0.524462606894016,-0.0450487366494222,-0.0916995301342629,-0.684350728885536,-0.728321444677741,-0.696016939253532,-0.693624944209472,0.767391182341933,-0.503316572060594,-0.547435183985099,-0.534274058578104,-0.543205919690318,-0.534613396479251,-0.232948124244939,-0.368353864419804,-0.267978366150136,-0.0300597851839413,0.726172755495118,-0.37760024144161,-0.203833666554659,-0.370866985519292,-0.663674573317088,-0.017646871584048,0.455215483407476,1.5463298522628,0.372965063373531,-0.64471119872407,-0.576527589185363,-0.505592652644603,-1.07776935120844,-0.824058881310911,-0.736908318327921,-0.768973580240562,-0.177731018223659,-0.425870058168848,-0.590967280548668,-0.286904425214791,-0.226875569169311,-0.846052573874427,0.984240030386299,-0.193271420973861,0.416792050760294,0.547219064064617,0.0435715764808665,-0.949587954657186,-0.662221689003069,-0.391348688885798,0.501118891746045,1.01443522469408,-0.217427187171022,-0.314241419930838,1.82994950584177,0.16626443468128,-0.0381763034178386,0.114002523928599,0.169078085395916,-2.8343186585478,0.223072592487436,0.0352672065190975,0.744132303188673,-1.18700206728655,-0.70339391206371,0.0371597380320633,0.675263793938761,0.529882184604888,0.589231434646941,-0.609013020247796,2.35489493125532,-0.0477867027019386,0.134929855663671,1.30296273431785,-1.00841428722264,-1.31597710055166,-1.44264789905679,-0.255373652746643,0.833861965998727,-0.304872732522849,-0.203340548657311,-0.0119374178694681,0.102796409725239,-1.17435938780757,1.62268954961346,-0.924450780392009,-1.32649137294762,1.84605701897113,-1.56531543697313,-1.56531543697313,-0.280848586784089,-0.0123933177430025,1.8082857520474,0.108666922041517,0.589529123243989,0.896141268044168,0.600118860823686,-0.652304948129686,-0.392446673750327,-0.286904425214791,-1.23595195673943,-0.524876705773258,-0.165584803405107,0.376746696020106,0.207993071167575,-0.8158329812246,-0.594329019975073,-0.103565429551178,-0.976145788122707,-0.144541836585371,-1.01503934364349,1.46397347129051,-0.26287797133625,-1.59366170044631,0.854415094266617,-0.0636258900830415,-0.853052298495168,-0.35568405855027,-0.597659300581394,-0.433845179637909,-0.000690227188266011,-0.260908893459341,-0.576459764357761,0.299837597034825,-0.862800033163321,-0.294515666436819,-0.669300457399169,-0.378069979114223,-0.866859498853478,-0.22930318399663,0.0977671503200851,-0.681553878925593,-1.85311322469816,0.477166715644901,-0.333979422149212,2.77212456974019,-0.0298337623069365,-0.273610749555595,-0.114410578670175,-0.569295082344151,0.739536080286516,0.176251652332003,0.682832724400303,0.0283387432671127,0.781157303864591,-0.598673237091449,-1.56531543697313,1.69047950984493,-0.801801068513758,0.148795440142343,-1.25406194254054,-0.050119918156423,0.0803778912572774,-0.499564470154296,-0.644609626645943,0.0218049017374774,-0.26010254976604,-1.23612737813824,-0.79314444928836,0.910165802193541,0.726172755495118,-0.167221968720685,-1.18963028776559,-1.0174414932053,-0.393103207388005,-0.20723524876017,0.38013178751153,0.37633485093474,-0.319107477609904,-0.838532752471447,-0.524905716995868,-0.525649875265053,0.572773528396057,-1.8868496586252,0.913279270551694,-1.49138445085637
comm.and.crime_point_0851,comm.and.crime,regression,0.06,0.227478810720827,nominal,-1.38334975138032,-0.171897892729153,0.0189685659473083,-0.387224840880353,-0.472016707391195,-0.261089604692552,3.14212431132975,-0.0172998327725985,3.19456176652821,3.52550175095922,3.98629467515928,-1.46867072933771,0.0462183158830917,0.682832724400303,-0.339713990523725,1.10350670591792,0.188284489002777,1.2596854660671,-1.96484353298993,-0.800310327806298,-1.18908626388824,0.576640997688553,-0.00131209356022966,0.0639753050922037,-0.181232442057388,-0.446095258444874,-0.4726301518147,-0.307399221155361,0.347766031238483,1.64997195357414,-1.15208064223734,-1.64600924706368,3.05136670190105,-0.215315402983871,0.166211111412584,-1.71150291022872,3.18826467137296,-1.51427955979694,2.03262310213045,-1.15775143594827,3.22363942262377,-0.671164351997201,-0.894699910017088,-0.891031580584123,0.143988474218959,0.384500575271014,0.621569456820622,-0.0672751000735523,-0.0679036931627271,0.24714434506481,-0.241958561604024,-0.608816497610759,0.114002523928599,1.00319918461822,0.803028383590466,0.997145074653291,1.03668055063147,1.47857701301171,1.13345847112688,1.20481091438719,1.13754661704456,-0.422722787841705,-0.321263468856418,-0.750927891608026,-0.796454122761974,-0.484226741696171,-0.471291797870422,0.0311816151752862,-1.63682859095526,0.303568683073544,0.549623112850672,-1.23321624918318,-0.37760024144161,1.23928594682091,-1.55874614153275,-0.342234908708326,-1.55215513657527,0.928401418342293,-0.883183386419734,-0.935840378022907,0.959390866688173,1.02145319355255,0.982171871876493,0.837218293061186,0.705007918115826,0.793585804862147,0.496230246328455,3.0081130167773,0.268301082361422,-1.36980981684348,-0.286904425214791,-0.226875569169311,0.841279112836488,-0.532924460232356,-2.28864445145482,-3.02423711791092,-0.51220352082797,-0.413219819433159,1.11844200312802,0.123616466842271,-0.391348688885798,-0.137892390091274,-0.620207095989836,-0.453822940289352,0.526629724118384,-0.660982817851633,3.0461400666694,0.532464993547459,-0.34476848053886,1.30296273431785,-3.00551104763739,0.169078085395916,-1.1288425117501,-0.579261189746669,-0.413784920142767,-0.309483443914147,1.55146489056349,1.49909291349738,-1.69930249184784,0.353242987609834,-0.757155338364351,-0.391348688885798,1.04851264749172,-0.0477867027019386,1.84290780523306,-0.792470938203999,0.837417660326429,0.798262865525553,0.208486222981217,2.24352760577905,-0.304872732522849,2.10282919432454,0.95469044940847,0.322022122016284,0.342857548364707,-1.76381144898785,0.25012818008695,-3.00654800750369,0.613386813521254,0.682832724400303,0.682832724400303,0.157602837798,0.164544216239436,-0.281327002043937,0.281459459960805,-0.266432822203958,-0.202875494043799,0.600118860823686,-0.652304948129686,-0.0946770133781229,0.200393210115953,-0.580502966915381,0.974019321884281,0.602028567618877,-0.8651184939892,-0.576901296561691,-0.768973580240562,0.364187902780905,-0.648184017845477,0.818368002036808,-0.713534013953022,-0.779122631666902,-0.471401481558287,-1.1807845918921,-0.236728129982936,1.18526346750045,-0.23600364120476,0.108107742239052,-0.121200695287352,-0.597659300581394,-0.35568405855027,-0.230075729421995,-0.43486269553505,-0.533447461928133,-0.493873574512357,0.0427225572111723,-1.50406343187183,-0.314189707384816,0.429573619911515,0.295311354595511,0.352751675137971,0.0189685659473083,0.364971944713428,0.105406250597248,-0.858334513139159,-0.241958561604024,-0.000739682945828393,0.0177951584617036,0.317757916021518,-0.574978601284565,-0.569295082344151,-2.19691132091088,-0.177731018223659,-0.261389503376538,-0.414699029235275,-0.0654521195474263,0.143988474218959,0.682832724400303,-0.333979422149212,-0.29306929945644,-0.653776320283739,0.406559606588398,-0.56760401811193,0.13653539481965,-0.187688592418646,0.38425957503777,-0.886108709818829,-1.1604488464998,0.749003691009788,2.27170124120992,-0.120957420021899,0.726172755495118,-0.691582097088426,-1.02220602282232,-1.0174414932053,3.23691779275872,-0.106693378680418,-0.689269589429965,-1.70972241982659,-0.933198174429091,2.09173955371781,1.14542214955724,0.264918814710728,-0.230075729421995,-0.142989533805432,-0.608816497610759,-0.93654835490529
comm.and.crime_point_0658,comm.and.crime,regression,0.07,0.06413992449329,nominal,-1.38334975138032,-0.519882053238727,-0.217427187171022,0.284667387572275,-0.669300457399169,-0.015227658172151,3.66874885969612,-0.361398252209622,-0.607089206928712,-1.55935587191293,-0.818378775954126,0.038147655151735,-0.187688592418646,0.682832724400303,3.05153325911707,0.611469055738957,0.531240889564015,2.49515054443929,-0.409710691716343,-1.11543153166311,0.183525722883532,3.14906289709809,3.39989683326659,3.3829593663339,1.91675008022088,-0.203340548657311,2.23960375913671,3.35219097202891,-0.433845179637909,-1.23875756229239,-1.2458191169842,-1.64600924706368,2.86015584086522,-1.20457557245354,0.108751861038678,1.69782456529183,0.395556903376489,-1.71536329995644,2.99884929088174,-1.32217072016655,-0.823390174064514,-1.47038902675529,-1.43934260771341,-0.438232993123054,1.57980111608575,1.547553449942,1.21585698484158,1.6558997286691,-0.542366992913852,-1.57890780522414,-0.333979422149212,-1.04370100280003,-0.000690227188266011,-0.0922487271028942,-0.192589859272896,-0.243561843564225,-0.348149548490111,0.630370055404945,0.541073952461775,0.528961010870487,0.498765839862923,-0.466801083033691,-0.139210365652241,-0.59830836089083,-0.429402032904556,0.518419284204312,0.288567385435518,-0.232948124244939,1.81342266522118,-0.601380811530617,-2.29082308751893,2.68556176017342,-0.444061083654919,1.08466598824495,1.9508968194161,-0.52591471705619,0.352751675137971,0.111080258000336,-1.04789614836431,-0.984314653630183,3.27642718339475,3.18088668373891,3.10754976404949,1.47554750781773,2.99860811725593,2.32407992805221,2.88605969651438,-0.295725241742213,0.748881102728531,-1.73326966711439,-0.286904425214791,-0.226875569169311,1.10086860309971,-1.07127315045188,0.964697885344563,0.915491930277863,0.597667758583312,-0.321861540250354,-0.161767018358061,-0.487590987704104,-0.391348688885798,-0.411754368021554,0.670299999286939,0.649357240929522,-1.55081663176793,-0.483059080444962,3.0461400666694,-0.0381763034178386,-0.34476848053886,0.169078085395916,1.78787584687111,1.84290780523306,-1.49924105847212,-0.358695607590779,-0.478219682404748,-0.0140505928019747,0.611551347612948,0.820645403272635,0.142197893047893,0.943214105202603,-1.1522015200085,-0.391348688885798,-0.595936377798769,-0.504578098615964,1.46494625559241,-0.706093598596545,0.152246600047036,0.740803615151647,0.878506043477017,0.511652676906082,-0.592122486177232,1.0711216777274,-0.253594384688952,-1.21255786402103,0.52492358070538,1.25229100289144,-0.141398140072703,0.927243136822718,0.518566028486648,0.682832724400303,0.682832724400303,1.25373139925322,0.223523394233582,1.99825054787388,0.511849510519854,0.817785642030109,-1.06297556872134,-0.69021633412253,-0.478351146053977,-1.53389703851044,-0.286904425214791,-0.471261468611373,2.79410735546844,-0.114410578670175,2.66942089296036,-0.419922423015838,0.964824256168832,-0.137892390091274,-0.747205579353531,1.69374058260242,-0.932377159094426,-0.248310029719587,-0.924361576905879,0.385056113761999,0.117254540572726,1.13012207196148,-0.925514645691636,-0.425870058168848,-0.35568405855027,-1.18813086037385,-0.199361816374992,1.37562278621411,-0.652304948129686,-0.232361344920738,-0.440959496409212,3.52550175095922,0.91503209899819,-0.156362707378436,0.344558504224595,0.453789198247646,0.194009440828534,-0.0598300184254683,0.678929691805134,-1.69849326612221,-0.858334513139159,-0.333979422149212,-1.77065303572414,-0.458494049224697,-0.358091987495182,-0.882023949694159,2.38754824554141,1.32682556052599,-1.29867614164992,0.682832724400303,0.108891065540274,-1.00117832437123,1.03518252779145,-0.441241356286412,-0.241958561604024,-0.242196122550708,-0.569295082344151,0.169327956712836,0.726106231776839,0.922740444692865,-0.499564470154296,-0.742597169663439,-0.58347083930006,0.145053283764153,-0.590959780665129,-0.166244194413711,0.0196502920983885,0.726172755495118,1.45829442921931,-0.408317051363656,-1.38334975138032,-0.708757207400764,-0.810486469238678,-0.822944761547652,0.660797206038557,-1.64963732071814,-0.576901296561691,0.281459459960805,-0.723292047758998,-0.115382978305131,-0.55330956317479,1.00025617158955,0.7783995780344
comm.and.crime_point_0252,comm.and.crime,regression,0.63,0.00506147127124807,anomaly,-1.0174414932053,-1.21585037425788,0.334162903438415,-0.99803595765547,0.830056042661434,-0.343043586866018,-0.496372568292438,-0.361398252209622,-0.284915395618803,-0.514522113788516,-0.157736176426034,1.93562265784215,0.358094193618742,0.682832724400303,-0.721826356680434,-1.46602324501668,-0.301653226084705,-0.256567130116958,1.49100722539581,-0.0800332904192877,1.13838623542042,-0.734789774559444,-0.315269840651936,-0.203684699846642,-0.647450780341448,0.160791516024035,-0.574978601284565,0.402670517820692,0.269604910150844,0.249375824669157,0.0196502920983885,0.329221661157051,-0.294823366226011,0.229851673277482,-1.15535164718726,-0.673881504635512,0.0535926868871247,0.14466129651896,-0.221904671622559,0.979699258889417,-0.709389340354984,0.698935090445236,0.848156722611144,-1.27914465555075,-1.04427026387769,-1.21469712740159,-0.932721001080341,-0.902753804918476,0.347251694119508,0.532464993547459,0.218145741121919,0.608860116919203,-0.115382978305131,-0.366110705033174,-0.382231429342107,-0.590959780665129,-0.348149548490111,-0.472298989483845,-0.474442365249838,-0.484813844404564,-0.438112633336816,0.502921411190013,-0.412290020458506,-0.445688830173635,-0.48183804574133,-1.07401852163763,-1.48443737561168,-0.338600020013028,-0.419092853481222,-0.172720524612857,1.07133772108182,-1.23321624918318,1.35038165610441,-1.90465321089015,-0.26287797133625,-0.342234908708326,-0.22930318399663,0.756333805638724,0.763944233026054,-0.402623346342877,-0.689269589429965,-0.662904928792817,-0.633115326174983,-0.576224968185445,-0.632925531382569,-0.65635599605476,-0.581535976304412,-0.118733906464382,-0.425870058168848,-0.435198773289707,0.492771791314399,0.470334733443029,-0.413403423435731,-1.2670363105317,-0.579261189746669,-0.331257768516057,-0.713998298902748,0.409004693212087,-0.407961060951538,-0.400275637054622,3.72801674132588,-1.41591495376591,1.27253664374943,1.0433501627934,3.14816917321302,1.71133368090399,-0.0641256158777693,-1.00826650825885,-0.230075729421995,-0.370866985519292,-0.665881730079667,-0.856817549342979,2.04600217443863,-0.799826771902559,-0.091611108832858,-0.457199869470233,0.246029414243294,0.966027012606508,-0.293946934953727,-0.649707912297875,-0.559632247542278,-0.391348688885798,-0.321861540250354,-0.413219819433159,-0.748828535159937,-0.922036947615181,0.152246600047036,0.453507363282115,-1.64695327993023,-1.17994609083031,-0.161247855695657,-0.749538645679329,-0.0924897401426294,1.08931211503494,-0.567472613338656,0.776064299963135,-2.24585211093084,-0.015227658172151,0.992669953659678,0.682832724400303,0.682832724400303,0.486441406234567,-0.95606016564934,0.668496977088488,0.972629611637952,-0.152304562810898,-0.155092156561714,-0.541331503936429,-0.13044354190256,1.7911975023125,-0.286904425214791,0.402670517820692,0.117507306079973,0.192634769739419,-0.0531297159061927,0.783582274169036,1.71457467191344,0.866268195653084,-1.34133494840186,0.380681711753999,-1.10745167520755,-1.25095605562007,2.20518090004112,-0.26287797133625,0.353242987609834,0.523566721032782,-0.0636258900830415,1.87023448358512,-0.433845179637909,-1.24181009308225,-0.199361816374992,-0.34476848053886,-0.826258750205395,0.240773981805169,0.511493909447407,-0.375210946038594,1.72139727595486,-0.629843707397574,-0.803145557548822,0.770744885551916,1.35811915909774,-0.453822940289352,2.87663392144708,-0.255373652746643,-0.561556462298257,-0.241958561604024,-1.18068191813137,-0.553751890761977,-0.400332606464976,-1.39376619704348,-0.10464827367642,1.32682556052599,-0.000739682945828393,0.682832724400303,1.80048983327666,0.023664661864365,0.63909628175923,-1.56531543697313,-0.333979422149212,-0.649181537796562,-0.611535701313945,-1.37267776747832,-0.050119918156423,0.922740444692865,-0.499564470154296,-0.497628312119698,-0.785229419645906,3.07117874814888,0.252720923722782,-0.166244194413711,-0.261565132142186,-1.23321624918318,-0.7440181099252,0.540420449981549,0.324222120103087,0.119834542632727,0.14466129651896,-0.466477635900487,1.18231152372889,-0.933198174429091,-0.943185334835349,-0.00652810323800724,-1.26680802211735,-0.34476848053886,0.831520535946791,-0.521839596572905,0.1226841919104
comm.and.crime_point_0980,comm.and.crime,regression,0.07,0.170321740899782,nominal,-0.346609686551107,-0.171897892729153,-0.296225771543798,-0.936954845977958,-0.669300457399169,0.927243136822718,-0.496372568292438,-0.576459764357761,-0.478219682404748,-0.375210946038594,-0.277853012703869,0.707844714924821,-0.499564470154296,-1.56531543697313,-0.626298265141257,-0.645960494718403,-0.301653226084705,-0.0880946194298402,0.339056972600567,0.505191802457658,0.362562068984198,-0.432151904040676,-0.367596131833887,-0.578408706761027,0.110154019370149,-0.506783935891765,-0.01206212920031,-1.23595195673943,-0.277522937462631,0.118069937584314,0.816427327446683,0.279840888451533,-0.533836942520802,-0.215315402983871,-0.121085140456948,-0.624470961512025,0.0535926868871247,-0.106693378680418,-0.168225438914154,1.08931211503494,-0.0823847549525736,0.813110043982106,0.957085262150409,-0.955717093078561,-0.549162456337422,-0.293946934953727,-0.88700657584796,0.0371597380320633,1.35548620609065,1.16017042020929,-0.241958561604024,-0.43486269553505,-0.230075729421995,-1.32462762778915,-1.33043927968817,-0.789472887579932,-0.963629592544147,-0.726761076765874,-0.686008264773091,-0.484813844404564,-0.523283403627701,-0.290487902265745,-0.321263468856418,-0.750927891608026,-0.796454122761974,-1.07401852163763,-0.661256593696907,-1.1309892382737,-0.216136897235549,-0.649009732299257,0.781496272064518,-1.23321624918318,-0.244678557014993,-0.10075369417069,-0.424861492610813,-0.709594525404054,0.776064299963135,-0.792274708693406,-0.0596195766968404,1.92414188280635,-0.421919245194591,-0.446961579774181,-0.505592652644603,-0.485035080363082,-0.489575518936313,-0.575803673781598,-0.675254778272487,-0.0597367947051054,-0.425870058168848,0.343643763005101,-0.286904425214791,-0.226875569169311,-0.326873593347992,0.935299240366342,0.523566721032782,0.666141990519079,0.547219064064617,0.865796089126112,-0.998826763175882,-0.618564013678328,-0.391348688885798,0.546762554734425,-2.12579870714607,0.334162903438415,-0.957260530086126,-0.423751167976071,0.0510694094017551,-0.209368692507428,-0.230075729421995,-0.856817549342979,1.04604216081623,-0.694834028068417,0.987720612375717,1.24040486303943,-0.349350157880785,-0.260244635395451,1.23816037624664,-0.197025862064479,1.30525076771888,-0.531713688779321,0.0823177976294598,-0.391348688885798,-0.413219819433159,0.134929855663671,-0.26287797133625,-0.446961579774181,-0.924450780392009,-1.32772939830898,0.105406250597248,-0.898012962874244,-0.44849760935004,0.100102838577144,-1.09939376855715,0.102796409725239,-0.506783935891765,0.194009440828534,-1.80538500075123,0.558450217042117,-0.334821036824805,0.682832724400303,-1.56531543697313,1.03450568696218,1.99289873405796,0.98510497013263,-0.236918153797056,0.646593252940519,-0.489575518936313,-0.69021633412253,3.26165559857376,0.252720923722782,-0.189444898148642,-1.18133120758743,-0.685472708736566,0.294983219209284,-0.435242082062902,-0.733880170107544,2.7923408945463,-1.46155861675429,-1.29182416764783,-0.10077320755709,0.0743013085560334,0.872294352169189,0.434518709136896,-1.01880107061754,-0.826699247575706,1.01983928088354,-0.408381392326479,-0.425870058168848,-0.35568405855027,1.442151542338,-0.35568405855027,-0.34476848053886,0.913279270551694,-0.576459764357761,-0.493873574512357,-0.584177697663477,-0.640100742275393,-0.472016707391195,1.44975500815455,0.770744885551916,0.617322065653698,-0.375024355916575,-0.00131209356022966,0.260026209173202,-1.40242760634748,-0.333979422149212,-0.0597367947051054,-0.458494049224697,-0.10464827367642,2.75134600648603,1.92290143687368,-2.09902974087097,0.23524876409128,0.682832724400303,-1.26049841310347,-1.09029510578303,-1.19280260613978,-1.56531543697313,-0.0579168405136468,-0.394815653267903,-0.653776320283739,2.18579698065512,-0.502918505617492,-1.54818971205152,-0.343626531286471,-0.203665683067209,0.0722445468239389,0.370139857947594,-0.987985994494734,0.59996722821086,-0.355303606889044,0.726172755495118,-0.376966020067782,-0.575741316306927,-1.38334975138032,1.1062532926726,-0.5591317940393,1.13762442951176,0.850438776107769,-1.03554662389896,0.521950818259281,0.0510694094017551,-0.624470961512025,-0.115382978305131,-0.194279537476602,-0.739281849167541,0.0722445468239389
comm.and.crime_point_0884,comm.and.crime,regression,0.48,0.0130574424141248,anomaly,0.690130378278102,-0.171897892729153,-0.138628602798245,-0.6315492875904,0.751142542658244,-0.916721462080286,-0.592122486177232,-0.490435159498505,-0.156045871094839,-0.584177697663477,-0.458028267120621,1.04269324481136,-0.499564470154296,-1.56531543697313,-1.10393872283714,-1.73937749511611,0.188284489002777,-1.09892968355255,1.203019662197,1.13543421017129,0.660955979151975,-1.08786729016467,-0.890859043653398,-0.792536710712104,-0.647450780341448,-0.446095258444874,-0.882023949694159,-0.744365214371393,0.113282667975565,1.2998229213479,0.347734953712392,0.773648615506715,-0.58163965777976,0.0814626478570313,-1.27027014793507,-0.0315444440301896,0.395556903376489,0.597099711877842,-0.651338533289799,1.19892497118046,-0.937391007774043,1.09854742782428,1.17494234122894,-0.438232993123054,-0.796716360107558,-0.778552299399972,-0.932721001080341,-0.58944929060163,-0.601674905382743,-0.608817600383137,-0.0579168405136468,0.434906314843494,-0.34476848053886,0.0903259248506256,0.281514065900134,0.0542078168079789,0.216040491892755,-0.684350728885536,-0.64369508486844,-0.696016939253532,-0.693624944209472,0.723312887149946,-0.548829847861638,-0.242196122550708,-0.324530007231007,-0.602185097684464,-0.914542988132221,-0.0216443327087585,-0.0639199300512947,-0.315607286918777,0.375718243440288,-1.23321624918318,0.419929865118091,-1.80157323850618,0.0610890712128745,0.39248432468313,1.41103323720088,-0.319088773758589,1.62868623323509,-0.0148291414846731,-1.00117832437123,-0.965225617418908,-0.930668231079202,-1.16895923903081,-1.15854224368551,-1.17994609083031,-1.1907081890969,0.471237211128387,-0.532665618250428,0.343643763005101,0.102933683049804,-0.226875569169311,-0.802787658830557,0.543772920206689,-0.082988629895916,0.566402014615565,0.749013842139396,0.317646414029282,-0.70339391206371,-0.70587936432781,-0.391348688885798,1.36834848852526,1.35857045010122,-0.138628602798245,-0.709945487718708,0.110020044243945,-0.179320641157294,1.44549106869194,-0.115382978305131,-0.802823042251458,-1.17945889734843,-0.100894450061688,-0.388045418306067,-0.303554212051806,-0.091611108832858,-0.407961060951538,-0.11949251912636,-0.536249617176849,0.239118965937142,0.117254540572726,-1.20158229271402,-0.391348688885798,0.317646414029282,0.226288134846476,0.49304512794504,-0.792470938203999,-2.00114816083105,0.913181366273366,-0.66769354228252,-0.817460640601083,-0.400622650407643,0.100102838577144,0.0283387432671127,0.541247834307328,1.7386971296432,1.04063469047886,-0.483983670212399,-0.588905533386419,-0.382231429342107,0.682832724400303,0.682832724400303,0.102796409725239,2.1698362680404,-0.724578192305735,-0.00652810323800724,-0.152304562810898,0.705007918115826,0.0542078168079789,-0.826258750205395,-0.491703227207728,1.07752895371129,-1.01746896013141,0.545763313982127,0.550854342883945,-1.00841063129797,-0.0536383847421805,-1.23756759008094,-0.594329019975073,1.18371487005353,-0.450922239783337,-0.669765384924741,-0.130351673731295,-0.636114243502866,0.169078085395916,-1.47566747692775,-1.29609933175331,-1.09789239681336,0.481892202524582,0.0351215468879261,-0.651338533289799,-0.35568405855027,-0.230075729421995,0.956767721070621,-0.533447461928133,-1.92255368329729,0.59996722821086,-0.00652810323800724,-0.4325599573896,-0.590607768331523,0.453789198247646,-1.02301435554381,-0.217427187171022,-0.00131209356022966,-0.616153556090535,1.02125980885322,3.80695930238427,-2.06563859452052,-0.744267573836537,-0.611535701313945,3.46778515277508,0.275517297051724,-1.07127315045188,1.17920255223971,0.682832724400303,2.32407992805221,3.27642718339475,-0.747205579353531,0.682832724400303,-0.0579168405136468,0.113916115789414,0.106554821172549,0.762407081401742,-0.114805430650861,0.248850401944395,0.514032132486567,-0.497628312119698,-0.93654835490529,-1.29550079100987,-0.442074950479027,-0.444866529913555,1.80068131228869,0.726172755495118,-0.534274058578104,-0.18508469810596,1.60490102371564,0.63277229265346,-0.307777118839921,-0.377360854488696,-0.240000251790199,-0.830849724959226,0.312645653531477,-0.524905716995868,0.215508271587242,-0.230075729421995,0.267330495563925,-0.478351146053977,1.83763212485009
comm.and.crime_point_1150,comm.and.crime,regression,0.53,0.0107188911390115,anomaly,-0.956456783509466,0.176086267780421,-0.375024355916575,0.0403429408622278,2.76343679273958,-1.85919225707515,-0.687872404062027,-0.490435159498505,0.294997464739033,-0.235899778288672,-0.157736176426034,0.763652803239245,-0.499564470154296,-1.56531543697313,-1.34275895168509,-1.30201069495703,0.237278260511525,-1.49203220848915,0.972629611637952,3.07117874814888,-0.293904533384912,-1.4409448057699,-1.04783791719925,-0.36428070280995,-1.05539182634,-0.506783935891765,-0.984372399164023,-1.23595195673943,-0.121200695287352,2.70041905025288,2.31624292339641,2.10692947855571,-0.772850518815592,0.675018749538836,-1.27027014793507,1.10489804781,-0.0603953852759968,1.70306028275511,-0.651338533289799,0.870086402743895,0.259617746176014,1.61233471874019,1.39279942030747,0.27330764431577,-2.48008290574448,-2.57159214785108,-2.94415571130512,-2.83479830987236,-0.0679036931627271,-0.323496951900488,-0.149937701058835,1.52211757781668,-0.34476848053886,-0.959478323882113,1.3719530937981,1.09640162811069,0.472490510248604,-0.726761076765874,-0.60138190496379,-0.653776320283739,-0.65103955906403,0.767391182341933,-0.594343123662683,0.622647884846732,0.462010185320604,-0.0123933177430025,-0.534613396479251,0.770744885551916,-0.926482744095404,0.446455445379464,0.0279085046195201,0.726172755495118,-0.311139399228302,-0.513073583706566,-0.694834028068417,0.438404276770096,0.82897837806628,0.0250464516485512,3.02874470976401,3.37837015102461,-0.956619933665339,-0.965225617418908,-0.888160673235742,-1.57931373423144,-1.54080894354219,-1.38132689651321,-1.33128639204901,1.06120832872116,-0.105483377924108,1.01864062779394,-0.189444898148642,-0.226875569169311,-0.846052573874427,1.27788477050604,0.0272941611820292,0.516532026663808,0.698565147620701,-0.230503261067549,-0.70339391206371,-0.618564013678328,-0.391348688885798,-0.548685356986693,0.756333805638724,-0.453822940289352,1.96105696984941,-1.37267776747832,1.60620225067534,1.38842693899541,0.114002523928599,0.547039635036561,0.760721512333579,-0.316872478427771,1.09354876858201,-0.744685376363587,-0.156045871094839,-0.998826763175882,0.35046425234891,-0.681631226510723,0.481421648160263,-0.0597367947051054,-0.954678429186424,-0.391348688885798,-0.230503261067549,-0.504578098615964,-0.478855999702333,1.23739654257118,-0.288220510132573,0.568425864029928,-1.13155341801038,-0.978565285147405,-0.592122486177232,1.0711216777274,0.632481160315823,0.870086402743895,-1.11367071036067,-0.970100277440667,-0.0924573500527467,0.189657297261516,1.08749073869428,0.682832724400303,-1.56531543697313,-0.719300011366178,0.69535681818675,-1.92768856587347,-0.524905716995868,1.61668345778153,1.32619130538294,-0.888729441037333,0.652348567438131,0.997145074653291,-0.0919853710824933,-1.01746896013141,0.117507306079973,-0.523804376549633,-0.912882539758789,-0.419922423015838,-0.675254778272487,0.0903259248506256,1.33224721231561,1.16851703426305,-1.06368304617927,-0.897080987655194,1.66986442372124,-0.316872478427771,-0.413719465260767,1.73667742289018,-0.465840642700386,0.481892202524582,-0.277522937462631,-1.45652702391587,-0.433845179637909,-0.34476848053886,-0.826258750205395,-0.576459764357761,0.0352672065190975,-0.166244194413711,-1.79205099507064,-0.0774492073752468,-0.633115326174983,-0.285774072128984,-0.599701730718649,-0.217427187171022,0.888234856532939,1.13620597443694,1.56535290206154,-0.241958561604024,1.29719677575826,-0.553751890761977,-0.696016939253532,0.960248140763403,-0.062407654706626,-1.56068105065144,0.294245875850557,0.188240128898148,2.08242296123273,-0.64471119872407,0.193499254972986,0.682832724400303,-0.333979422149212,-0.59830836089083,-0.611535701313945,0.703099168932851,-0.1794909431453,2.04589051594031,0.0462183158830917,-0.399640769102202,0.929718513293784,-1.07041421682643,0.848260244467189,1.22686748308551,0.253996478965534,0.726172755495118,-0.691582097088426,-0.854781757879046,-1.0174414932053,-0.629843707397574,0.295474101638588,1.04850764809996,-0.240000251790199,0.243808994474351,1.2545188948066,-0.755295767554917,0.0178660990932967,-0.230075729421995,1.29313056898732,-0.391374245016123,0.929718513293784
comm.and.crime_point_1012,comm.and.crime,regression,0.39,0.0273406881053737,anomaly,-1.38334975138032,0.176086267780421,-0.138628602798245,2.30034407293016,-0.393103207388005,-1.85919225707515,-0.256997773580451,3.6817581761754,0.810475562834887,1.15721189921055,0.683081677518812,-1.02220602282232,-0.0317506535508209,0.682832724400303,-0.578534219371668,0.283443955619646,0.482247118055266,-1.66050471917627,-0.812893280194679,1.04539958049792,-0.890692353720466,-0.93654835490529,-1.1001642083812,-0.899600712687643,-0.764005364912463,-0.203340548657311,-0.421455927079768,-0.853606712675401,0.113282667975565,1.12474840523477,3.20675843349157,2.3538333420833,-1.1074695256283,1.46642688511458,-0.350922141952573,-1.76091345335221,-0.972299962580968,-0.0564224436405426,-1.51020625662428,-0.0616228744930443,0.544619830449837,0.584760136908366,0.249049755145189,3.05478468157662,-0.351119333321313,-0.584710153621474,-0.338433473059384,0.141594576137679,-0.30513534303829,-0.665881730079667,0.0341040200315418,0.956767721070621,0.572773528396057,0.774980869676324,1.08749073869428,1.14602990483939,1.08797055430264,3.4718633633876,3.46068336588266,3.44356371978626,3.47974280004391,-3.46412515608878,3.86595790483965,3.72591167609637,3.92278703254769,2.46473215801113,1.8082857520474,2.88378280091371,-1.28165566752533,3.87573774072154,1.30321088029567,-1.23321624918318,0.287008180691474,-2.47159305900198,-0.96480656352602,1.35680331850942,-1.49924105847212,1.10046903104586,0.640409661567619,1.43939912673359,-0.3328024637828,-0.403772909970454,-0.463085094801143,-0.120275529073628,0.0360411933666282,-0.0119374178694681,-0.0660825654799971,0.825219881684049,0.642085542646951,-0.850581459313604,-0.189444898148642,-0.0276726255657857,3.09105469511771,-0.875509990372052,-0.799826771902559,-0.231517792612544,-0.310408742753192,-0.139144981884744,-0.260244635395451,-0.443933312379363,-0.391348688885798,-0.00096140112613429,-0.0609873547032339,-0.138628602798245,0.130925656330515,1.29617829362176,-0.58250322963563,-0.152304562810898,-0.230075729421995,-1.72072966280731,-0.665881730079667,0.277067099578957,0.458579831344262,0.578708116571755,3.71003986462407,-0.8018715291011,-0.328362195337591,-1.11777605451234,0.675263793938761,-1.94764437100197,0.773648615506715,-0.391348688885798,-0.504578098615964,0.317646414029282,-1.34276811316667,-0.706093598596545,-0.679746830292226,1.48777387001243,0.775426071093047,-1.13966992969373,0.556876528440302,0.100102838577144,0.99496661054505,-1.43178357631207,-0.749538645679329,-0.22930318399663,-1.70750342071131,-2.67873207880982,0.139282888348225,0.682832724400303,-1.56531543697313,-0.00681644642028318,0.40046092821602,-0.0913622062174521,2.00938483915367,-1.1223947676519,0.513874568187483,1.4437995652116,-0.43486269553505,1.29491473502549,-0.286904425214791,0.184187521212675,-0.0966206978711041,-0.216759028140039,-0.626298265141257,-1.41412195547291,-0.8158329812246,-0.366110705033174,-0.499651675583395,-0.757302642981302,-1.19498893326411,2.58269051399943,0.475696899623041,0.43905062085352,-0.000739682945828393,-1.24095793621434,-0.0636258900830415,-0.586063398291218,-0.35568405855027,-0.705017765998204,-0.433845179637909,-0.34476848053886,-0.782770299686468,-0.490435159498505,-0.970100277440667,-0.444866529913555,3.0461400666694,-0.590386957395979,-0.718130441861903,0.400963250363601,-0.123475027790339,-0.453822940289352,-0.210617258288034,0.569266126325109,-0.512093453824773,-0.241958561604024,-1.53466458868703,-0.553751890761977,0.0220735832329614,-0.728501275489362,-0.273610749555595,-0.924450780392009,1.06120832872116,0.682832724400303,-0.13276590127921,-0.956619933665339,0.193499254972986,-0.216426540149069,-0.333979422149212,-0.801801068513758,0.317757916021518,0.406559606588398,0.0145655943380156,-0.144252122992213,-0.265657561852559,-0.840584712680936,1.88807176993655,-0.440171809112793,-0.342818397021626,-0.305555362163633,2.50371987289013,0.726172755495118,-0.429402032904556,-1.97094352416752,-1.0174414932053,-0.629843707397574,-1.51427955979694,1.76144189939429,0.139282888348225,-0.626152826019497,-0.472248714197789,0.223861947321042,-0.179776073400649,-0.115382978305131,-1.8868496586252,-0.869747200724323,-0.23039332369483
comm.and.crime_point_0301,comm.and.crime,regression,0.11,0.118113833903103,nominal,0.629145668582266,-1.21585037425788,-0.296225771543798,0.345748499249786,-0.35364645738641,0.640404199215584,-0.496372568292438,-0.576459764357761,1.71256223450263,1.08755631533559,1.40378269518582,-0.575741316306927,-0.499564470154296,-1.56531543697313,-0.339713990523725,0.392785655659416,-0.350646997593453,-0.0880946194298402,-0.294515666436819,-0.170067920092664,-0.293904533384912,-0.331272613867753,-0.576901296561691,-0.739004709724335,-0.239509734342896,0.828366967939835,-1.08672084863389,-0.416640719459369,-0.277522937462631,-0.232079094641932,-0.449042081635903,-0.21396683860365,-0.199217935708095,-0.660482479245224,0.166211111412584,0.759024245945591,0.50954497553961,0.798183452037345,-0.436621602456179,0.431634978161806,0.430618996740308,0.242235276297757,0.357978294684454,-0.308861968134177,0.0944776934649314,0.190658429492517,0.118710779264428,-0.0150576810207445,0.999638731277305,0.874849771726638,-0.241958561604024,-0.347885794497196,-0.34476848053886,1.59656680346716,1.3245427012808,0.600118860823686,0.164750488221586,-0.387478293723169,-0.432129185345187,-0.527054463374357,-0.565868788773144,0.767391182341933,-0.639856399463727,-0.649181537796562,-0.586710071414878,-0.307289207713733,-0.0280406076086237,-0.285774072128984,-0.419092853481222,-0.553751890761977,0.0858767944229815,0.726172755495118,-0.311139399228302,0.0538662644052637,-0.532850506793854,-0.617754621230122,-0.599701730718649,0.197114064352121,0.681587852053764,-0.499571897557428,-0.600152808018174,-0.61971625898909,-0.590607768331523,-0.485035080363082,-0.537358856418398,-0.616079834918179,-0.440957773352299,-0.826699247575706,-0.959847858576748,-0.487121609042694,-0.286904425214791,-0.226875569169311,-0.716257828742818,0.690595290266559,-0.799826771902559,-0.580607708274842,0.042732118877671,-0.321861540250354,-0.358722252432842,-0.618564013678328,-0.391348688885798,0.683693543699564,-0.792274708693406,-0.453822940289352,-0.215315402983871,0.643791256463961,0.281459459960805,0.24714434506481,-0.34476848053886,-2.4766527620886,-0.894138248865786,-0.478855999702333,1.25229100289144,0.247859743337919,0.810475562834887,0.379859875347588,0.977073280982603,0.33604003882639,-0.536249617176849,1.35619388751754,0.329221661157051,-0.391348688885798,-0.139144981884744,0.683079530760502,-0.532850506793854,0.632755165319001,-0.386102090172486,-0.0636258900830415,0.775426071093047,2.32407992805221,-0.209122814638054,-0.385406580997984,0.551928838042662,-0.719300011366178,-0.0212745163166381,1.09354876858201,-0.141398140072703,0.845289154649251,0.234103673382831,-1.56531543697313,0.682832724400303,-0.554880727147895,-1.01503934364349,-0.534613396479251,0.281459459960805,0.760721512333579,1.75624134272171,-0.888729441037333,-0.782770299686468,0.997145074653291,0.785150372512844,-1.12671045843542,-1.86317673046749,-0.882023949694159,0.615566924868049,-0.786206461289495,-1.14384878811286,-1.46155861675429,-0.846227140861585,-0.407153610755056,-0.844839901037864,-0.0713724957371486,0.475696899623041,-0.694834028068417,-0.885696359334983,0.358142534415864,0.740803615151647,-1.44042787894386,-0.433845179637909,-0.705017765998204,-0.35568405855027,-0.230075729421995,-0.521839596572905,-0.576459764357761,2.09891625254177,-0.0965886105387498,-0.294515666436819,0.908969542664623,-0.760637999705362,-1.76490061288224,-0.493873574512357,-0.453822940289352,3.39989683326659,0.878506043477017,-0.462630445351289,-0.241958561604024,0.117254540572726,0.875115732297224,-0.484813844404564,-1.08672084863389,2.17634515069244,-0.141398140072703,-0.885696359334983,0.682832724400303,-0.334146706962114,3.27642718339475,0.0944776934649314,-1.56531543697313,-0.333979422149212,-0.750927891608026,-0.527054463374357,1.17756246868398,0.208622131821331,0.529637919756257,0.592001101920479,-0.203665683067209,0.929718513293784,-0.890344957479674,-0.69021633412253,-0.444866529913555,-0.683388268503048,0.726172755495118,0.829062275178022,0.931077068182516,0.812099797669774,0.0409210426295376,-0.156964313720294,0.157339833982052,-0.287410644307502,-0.830849724959226,-0.472248714197789,1.03022712427771,0.51197153032816,-0.230075729421995,1.54958058734317,-0.608816497610759,0.374882417342708
comm.and.crime_point_0896,comm.and.crime,regression,0.08,0.138401432848582,nominal,-1.6882732998595,-0.171897892729153,-0.375024355916575,-0.6315492875904,-0.116905957376842,0.312588270521716,0.0302519800739321,-0.490435159498505,-1.25143682954853,0.530311644335899,-0.758320357815209,-2.02675161248195,-0.343626531286471,0.660351242786569,0.758859062176815,2.14225285629574,0.580234661072763,0.922740444692865,-2.36802612146826,-1.11543153166311,-1.48748017405602,0.929718513293784,0.783582274169036,0.813423318920973,-0.239509734342896,0.52492358070538,0.141460545004487,1.49508550086077,-0.433845179637909,-0.888608530066145,-1.10521140486391,-1.39910538353609,2.09531239672189,-1.20457557245354,1.88998862262977,1.84605619466229,-0.744323818254725,-1.41373768971719,2.62309466192291,-0.0616228744930443,-0.823390174064514,-0.442814444923462,-0.350057212320766,-0.56760401811193,1.03518252779145,1.11140862194038,1.12442813437682,0.298246833296102,-0.779598642789415,-0.951202378562316,-0.333979422149212,-0.391374245016123,-0.34476848053886,0.181613250827385,0.139282888348225,0.252720923722782,0.216040491892755,-0.302657597962493,-0.305189645631236,-0.315851368525389,-0.310356477900488,0.458843115998027,-0.412290020458506,-1.00529377613668,-0.901326148435522,-0.425247563702025,-0.0913622062174521,-0.602729759433253,0.0375580480715412,-0.506122969993337,-0.377869524004709,0.726172755495118,-0.311139399228302,-0.616153556090535,-0.100894450061688,-0.663674573317088,-1.18175658985325,2.08985780409139,-0.471401481558287,-0.69346899998653,-0.199127291665113,-0.231018230755544,-0.165532189896924,0.198889078304643,-0.0595254815975429,-0.13276590127921,-0.112941966464035,-2.8915981591504,-0.425870058168848,-0.850581459313604,-0.286904425214791,-0.226875569169311,-0.370138508391861,-1.16915473049179,-2.67463422022763,-2.42579726248984,-3.28688171935617,-0.0477867027019386,-0.851110337619796,-0.662221689003069,-0.391348688885798,2.00735977036258,1.10046903104586,-0.296225771543798,-0.512093453824773,-1.43198567994721,-0.985685818113966,-0.551753470686607,-0.34476848053886,-1.88271318408187,0.475400863850929,0.115083578304395,0.511493909447407,0.799273698727645,-1.44474111633447,0.084427024235416,-0.223927357231975,1.3537113041635,0.239118965937142,0.766222769924772,0.279840888451533,-0.391348688885798,-0.504578098615964,1.77937888095416,0.547039635036561,-0.922036947615181,-0.875509990372052,-0.0636258900830415,0.363106181557171,1.63938518873034,-0.639997445119629,-0.506783935891765,-0.293870545825533,-0.719300011366178,0.949744322833616,0.0352672065190975,0.348009760126863,0.0667263240013159,0.755617991073163,-1.56531543697313,0.682832724400303,-0.993332151729983,-0.897080987655194,1.30171296317677,-0.58250322963563,-1.75010019431373,-1.30189225613177,0.252720923722782,1.52211757781668,-0.293190120292925,0.200393210115953,0.129566772060671,-0.739004709724335,-0.114410578670175,-0.530770173602079,-0.733880170107544,1.05854305813691,0.774980869676324,-0.994759483123667,1.12474840523477,0.511987598838842,-0.779122631666902,-1.04789614836431,0.0610890712128745,-0.649707912297875,-0.910109562980505,0.568425864029928,1.06926778297327,-0.433845179637909,0.207529190044681,-0.121200695287352,-0.115382978305131,0.391417864324567,-0.576459764357761,0.141095362725389,0.948245147585665,-1.79205099507064,0.396031792643891,2.46993639639759,1.93291573900091,0.352751675137971,-0.296225771543798,-0.890859043653398,-3.70855272760961,2.80192811389864,-0.333979422149212,0.412240099369111,-0.791896494605177,0.824645343659043,-1.24024352283868,-0.653776320283739,-0.483983670212399,0.294245875850557,0.682832724400303,1.59910902759376,0.602923741041008,-1.19280260613978,0.682832724400303,-0.333979422149212,-0.191322945644976,-0.527054463374357,2.36372071806179,-0.761660555595246,1.14737045894235,7.29733247323696,-0.105678140049712,-0.129514033521907,-0.845327642642986,-0.839101164308632,-0.653833281538438,-0.402172844262473,0.726172755495118,-0.272093994394233,-0.0734685214771128,0.324222120103087,-0.550930207394384,0.747912516997469,-0.733827980135861,0.234103673382831,1.77903573652232,-0.158290967106083,0.454251997880092,-1.41503965148781,0.114002523928599,-1.27136961457117,-0.739281849167541,-0.482591549127137
comm.and.crime_point_0550,comm.and.crime,regression,0.28,0.39978818266517,anomaly,0.446191539494759,-0.867866213748302,-0.375024355916575,-1.05911706933298,-0.669300457399169,0.968220127909451,-0.687872404062027,-0.576459764357761,-0.349350157880785,-0.166244194413711,-0.157736176426034,1.09850133312579,-0.265657561852559,0.682832724400303,-0.721826356680434,-1.13799814489737,-1.28152865625967,-0.31272463367933,1.03022712427771,0.370139857947594,1.49645892762175,-0.58347083930006,-0.52457500537974,-0.685472708736566,0.0518767270846419,-0.749538645679329,-1.13789507336882,-0.0342954753953406,-0.277522937462631,0.161838566612595,1.0039042769404,1.02055247903431,-1.05966681036934,0.427703707171417,-0.638218393822105,-0.0315444440301896,-0.573341710010043,0.295474101638588,-0.758696998706609,0.376828550089045,0.373618579885543,0.0138853692240173,0.194585485375557,-0.373547480628615,-1.09378104463172,-0.827012835844596,-1.5270085291013,-1.00718864302409,-0.601674905382743,0.0759519559752211,-0.241958561604024,0.391417864324567,-0.230075729421995,-0.503041693998314,-0.90374574703244,-1.18649910140954,-1.32265961824234,-0.472298989483845,-0.559068725059139,-0.611535701313945,-0.608454173918587,0.194373344846107,-0.275750193055373,-0.394815653267903,-0.534274058578104,-0.897080987655194,-0.724578192305735,-0.602729759433253,-1.1801776894025,-0.649009732299257,-0.203964654594325,0.726172755495118,-0.311139399228302,0.105406250597248,-1.23477909898362,0.713923989291892,0.670236143756844,-2.12579870714607,0.146271375733883,-0.644994724379254,-0.243685682371009,-0.317395570362999,-0.378069979114223,-0.940984519474898,-0.776275543828826,-0.777184479464502,-0.722114179256525,-0.295725241742213,-0.319074498087268,0.707103613276012,-0.286904425214791,-0.226875569169311,-0.370138508391861,1.52258872060582,0.358142534415864,0.516532026663808,1.10215470377026,-0.504578098615964,0.724531534978455,0.385562518790717,-0.391348688885798,-0.00096140112613429,0.369181677055691,-0.453822940289352,-1.05618654703309,2.00787324324845,-0.640100742275393,0.4183367341544,2.29316479514903,-0.856817549342979,0.36127260445787,-2.80061980463773,-1.97546776140043,-2.34378584699379,-0.54265444466673,-0.0140505928019747,1.29037779529945,1.40217184060813,0.432961111715639,-0.826699247575706,0.971171706328788,-0.391348688885798,-0.321861540250354,-0.230503261067549,0.925001184677206,-0.274206900559272,-0.337161300152529,0.510966613656022,0.0538662644052637,-0.65635599605476,-0.496372568292438,-1.23504806525446,-0.414699029235275,0.924892830816656,2.10282919432454,-0.017646871584048,1.47364793058586,0.845289154649251,-0.761514569480531,0.682832724400303,-1.56531543697313,0.760473546598372,0.282502572227728,-1.48443737561168,1.49100722539581,1.04604216081623,1.75624134272171,-0.789472887579932,-0.652304948129686,-0.193933566835524,-0.286904425214791,1.33122325340476,-0.471344704785489,-0.67732705075443,-0.8651184939892,-0.576901296561691,-0.909551783192675,-0.685616345951833,-0.994759483123667,2.56911316316804,0.643293485923684,-0.720143453672756,-0.800827005447445,-0.370866985519292,0.766222769924772,0.247859743337919,0.22367036178649,-1.54722343902544,-0.433845179637909,0.422246120878301,-0.121200695287352,-0.230075729421995,-0.0869550913836323,3.6817581761754,0.564407987550553,0.112378141086133,0.511849510519854,-0.4325599573896,-0.760637999705362,0.453789198247646,0.987720612375717,0.649357240929522,-0.890859043653398,0.414646167749156,1.26857485122064,-0.333979422149212,-0.531713688779321,-0.696638653067897,-0.569295082344151,-0.728501275489362,0.402239153961105,-0.483983670212399,1.06120832872116,0.592906797945366,-1.13966992969373,-0.0654521195474263,0.837139404775339,-1.56531543697313,-0.333979422149212,-0.343942476362171,-0.315851368525389,-0.423751167976071,-0.502918505617492,-0.144252122992213,-0.343626531286471,0.0413031744765323,-0.684350129472983,0.550209117294346,-0.0450487366494222,3.10756824770946,-0.964603692743623,0.726172755495118,0.462010185320604,0.707844714924821,-1.38334975138032,-0.35364645738641,-1.26292488459756,1.62776672727661,-0.761514569480531,0.755551241823674,2.24871842726367,-1.73445348243088,-0.0809549871536759,-0.115382978305131,0.216040491892755,2.18096542220705e-05,-0.0790743884354456
comm.and.crime_point_0848,comm.and.crime,regression,0.34,0.118253141763057,anomaly,0.385206829798923,-0.171897892729153,-0.138628602798245,0.46791072260481,-0.629843707397574,-0.424997569039485,-0.639997445119629,0.670897006101448,0.101693177953087,-0.235899778288672,-0.578145103398456,-0.854781757879046,-0.499564470154296,-1.56531543697313,-0.339713990523725,0.447456505679301,0.531240889564015,-0.593512151491192,-0.697698254915155,-0.0800332904192877,-0.950371135754022,-0.482591549127137,-0.576901296561691,-0.471344704785489,-0.822282657197971,-0.567472613338656,-0.319107477609904,-0.580502966915381,-0.043039574199713,0.42445034078228,-0.58964979375619,-0.21396683860365,-0.390428796743927,0.477166715644901,0.0512926106647712,-1.61268182398175,-0.3453655656838,-0.20723524876017,-0.060866973497344,0.541247834307328,-0.880390590919278,0.356410229834627,0.466906834223718,0.790791744271277,0.193499254972986,0.287579502381766,-0.56700559922129,0.715986185718564,-0.542366992913852,-0.837074119169256,-0.149937701058835,0.173975611729931,-0.34476848053886,-0.639972682963453,-0.761514569480531,-1.13687082468084,-0.0916995301342629,-0.684350728885536,-0.686008264773091,-0.696016939253532,-0.65103955906403,-0.334566197457732,-0.275750193055373,0.673521061752464,0.724190249504474,0.754335996180896,0.541853779870831,0.876396781320006,0.0882970371329595,0.684600049222664,-0.435837813808171,0.726172755495118,-0.111756872588377,-0.358453625130612,0.169078085395916,-0.112635148273496,0.82897837806628,0.756333805638724,1.05219156642907,-0.935840378022907,-0.64471119872407,-0.61971625898909,-0.590607768331523,-0.530630024274263,-0.72849220634674,-0.69663215719134,-0.722114179256525,-0.767702135816429,-0.372472278128058,-0.590967280548668,-0.189444898148642,-0.226875569169311,-0.759522743786688,-1.07127315045188,-0.193271420973861,0.167442111001511,-0.663549604384054,0.0435715764808665,-0.555677486507623,-0.662221689003069,-0.391348688885798,-0.411754368021554,-1.56657896585947,-0.375024355916575,-0.611019470771741,0.287943781650617,-0.812893280194679,-2.49193388036862,0.114002523928599,0.925001184677206,-0.437625211293547,1.89690231232458,0.881892456169426,0.303001138876892,-0.156045871094839,-0.260244635395451,-0.485014452496014,0.432961111715639,-0.390868007842976,-0.118733906464382,-0.312728384014686,-0.391348688885798,0.134929855663671,-0.0477867027019386,-0.20888346424473,0.373623146496638,-0.435042880192443,-0.178544390830854,0.672346098709078,2.32407992805221,-0.639997445119629,-0.385406580997984,-0.414699029235275,2.8431178133633,1.67800845219631,-0.282217262099776,-1.41385868059157,-1.16258340860069,1.4193634863154,0.682832724400303,0.682832724400303,1.08931211503494,-0.307289207713733,0.415210582653175,0.396654485240329,-0.380561081597017,-1.11075890620342,-0.392446673750327,-0.739281849167541,-0.193933566835524,-0.286904425214791,-0.908227461827405,-0.792536710712104,-0.626152826019497,-0.578534219371668,0.155666779985624,1.33969946404113,1.59656680346716,0.441053158743122,-0.538459497839898,-1.23875756229239,-0.248310029719587,0.146271375733883,-1.61274064862427,-0.531713688779321,0.854415094266617,-0.350922141952573,-1.65401899910702,-0.199361816374992,-0.221904671622559,7.38226692912601,-0.115382978305131,0.173975611729931,-0.447422857068877,-0.70552988692494,1.29652306696047,-0.640100742275393,0.238204792637512,3.10754976404949,0.612267041899781,-0.0705609496871936,0.0977671503200851,2.71965504790123,-0.409993611322597,0.32877769022445,-0.241958561604024,-1.23967902989064,-0.696638653067897,-0.78049817719312,0.397331668679148,-0.738257558223326,0.788476870306472,-1.3576732534092,-1.56531543697313,-1.42160305764979,0.647482131746904,0.0449669127109041,0.682832724400303,-0.333979422149212,-0.547435183985099,1.1203296764476,0.643791256463961,-0.438232993123054,0.754267934005747,-0.499564470154296,-0.546622083628446,1.08103744855317,0.0550186540907768,-0.64058805739383,0.391000476585978,3.11301995874471,-1.23321624918318,-0.639146084251652,0.484612361667126,-1.38334975138032,2.01375854270928,-0.408318988919673,2.25158419715915,-1.28302888717086,-0.370281702344836,-0.367596131833887,0.511849510519854,-0.624470961512025,-0.230075729421995,2.11377062772603,0.695837017957058,-0.381712258954214
comm.and.crime_point_0521,comm.and.crime,regression,0.13,0.241356902573596,nominal,-1.0174414932053,-0.867866213748302,0.255364319065638,-0.814792622622935,-0.314189707384816,0.47649623486865,-0.161247855695657,0.283786284234797,-1.18700206728655,-0.862800033163321,-0.878437194093044,1.48915795132675,0.280125224184829,0.682832724400303,0.233454558711339,-0.536618794678632,-0.938572255698432,0.58579542331863,0.972629611637952,-0.935362272316362,-0.234225751351356,0.173123836996862,0.260319362349526,0.117507306079973,0.284985896226672,0.464234903258489,-0.216759028140039,0.730395012732716,-0.199361816374992,-0.801071272009583,-0.683388268503048,-0.411489929425723,-0.151415220449137,-0.957260530086126,-0.121085140456948,-1.21739747899386,-0.3453655656838,-1.26292488459756,0.261208422753086,-0.390461442929611,-1.05139184148357,0.0138853692240173,-0.132200133242237,-1.14977363056188,0.63909628175923,0.675263793938761,0.667283882053004,0.507116509507333,1.0589466437462,1.04604216081623,-0.149937701058835,-0.43486269553505,0.458080777279193,-0.548685356986693,-0.571872999411319,-0.69021633412253,-0.55330956317479,0.121445880840888,0.16025533331992,0.148795440142343,0.28583891413571,-0.378644492649718,-0.0481838140501525,-0.852674245419489,-0.796454122761974,-0.720143453672756,-0.977864586741049,-0.391425967897073,0.900120862115651,-0.267978366150136,1.30321088029567,-1.23321624918318,0.486390707331399,-0.564613569898551,1.03299019886025,-0.893274333751918,-0.917186199337522,1.65968877233247,-1.00671795787817,-0.838891826808356,-0.199127291665113,-0.274206900559272,-0.293054863427304,1.33876267608418,1.03949128049042,0.713033482588985,1.05854305813691,0.23524876409128,0.321698862402212,0.499412270264063,-0.286904425214791,-0.226875569169311,0.971073857968097,-2.09902974087097,-0.965250958519477,-1.42839750345471,-1.21848524408969,0.226288134846476,-0.309483443914147,-0.531248663028845,-0.391348688885798,-1.46155861675429,-0.405122580110374,-0.453822940289352,-0.314241419930838,-0.423751167976071,-1.50406343187183,-0.209368692507428,-0.34476848053886,-0.856817549342979,0.190080215368281,-1.12679008480058,0.776064299963135,0.413283929954837,0.294997464739033,-0.900349146138491,-0.276144776284783,0.675263793938761,0.190658429492517,0.176251652332003,-1.20158229271402,-0.391348688885798,-0.321861540250354,-0.595936377798769,0.223072592487436,-0.446961579774181,0.543772920206689,-0.350922141952573,0.105406250597248,-1.58270770219612,-0.592122486177232,-0.203340548657311,-1.30077457424005,-0.774106439438939,0.403546225811598,-1.44632698036898,0.935299240366342,0.927243136822718,-0.145179466755593,-1.56531543697313,0.682832724400303,-0.116429302565806,0.40046092821602,0.0352809910002048,0.396654485240329,-0.0952404331143684,0.0838245308487138,0.252720923722782,3.26165559857376,-0.144305290106824,-0.189444898148642,-0.798985963523397,1.72346733571305,-0.523804376549633,0.663330970637638,0.417298235895379,1.85515287486555,0.774980869676324,-0.994759483123667,0.380681711753999,-0.669765384924741,0.40046092821602,0.0227368042754491,-0.748828535159937,0.353242987609834,0.578708116571755,0.740803615151647,0.855676662810112,0.66041051558904,0.851679982545541,-0.433845179637909,-0.230075729421995,-0.521839596572905,-0.576459764357761,0.881892456169426,0.669622812085821,-0.985685818113966,3.23691779275872,-0.803145557548822,-1.92337845653438,0.299837597034825,-0.296225771543798,-1.1001642083812,1.03312600205297,-0.413167436877806,-0.241958561604024,0.766222769924772,-0.0298337623069365,-0.696016939253532,-0.728501275489362,-0.358091987495182,-0.924450780392009,0.471237211128387,0.682832724400303,-0.454975190371856,0.513806959629217,0.0449669127109041,0.682832724400303,-0.149937701058835,-0.649181537796562,-0.611535701313945,1.41479411855954,-0.050119918156423,0.417322912631512,-0.343626531286471,-0.840584712680936,0.425322062429169,2.48595365527194,-0.938357717766034,0.321344892711017,0.628950377952967,0.726172755495118,-0.796454122761974,-0.129276609791536,0.629145668582266,-0.669300457399169,-0.307777118839921,-0.421919245194591,0.044462103313619,-0.523804376549633,0.155666779985624,-1.15847835603325,-1.16798693587037,-0.34476848053886,-1.93813966229637,-0.782770299686468,0.1226841919104
comm.and.crime_point_0126,comm.and.crime,regression,0.17,0.477347539921672,anomaly,0.629145668582266,-1.56383453476745,-0.375024355916575,-0.0818192824927953,-0.629843707397574,0.845289154649251,-0.592122486177232,-0.361398252209622,0.101693177953087,-0.305555362163633,-0.157736176426034,0.317188096723854,-0.265657561852559,0.682832724400303,0.0901624214025735,-0.427277094638862,0.0902969459852806,-0.0319371158674677,0.223861947321042,-0.0800332904192877,1.31742258152108,0.0218049017374774,-0.158290967106083,-0.36428070280995,-0.181232442057388,0.828366967939835,2.5466491075463,0.0203252737566635,-0.35568405855027,-0.494690868811617,-0.167826657395328,0.131698570334978,-0.964061379851424,0.229851673277482,-0.350922141952573,0.314329357834215,-0.0603953852759968,0.747912516997469,-0.973413929540229,-0.116429302565806,-0.481387672935926,-0.785339305534071,-0.513450021629662,-0.050119918156423,0.589585501005203,0.529882184604888,0.347282905426335,0.977073280982603,0.821714993870633,0.0759519559752211,-0.333979422149212,-0.608816497610759,-0.34476848053886,-1.37027129077753,-1.52008084975738,-1.43464048505304,-1.68168964394052,-0.769171424646212,-0.728321444677741,-0.696016939253532,-0.736210329354915,0.502921411190013,-0.503316572060594,-0.445688830173635,-0.376966020067782,0.0465858602511433,0.478532181262003,-1.02533734250561,0.950859851177069,-0.601380811530617,-0.493806103611632,0.726172755495118,-0.37760024144161,0.363106181557171,0.655028649219603,-0.434074812882258,0.0352672065190975,0.0250464516485512,-0.7596488149613,-0.354149070735601,-0.555594417312278,-0.533338919381635,-0.548100210488063,-0.302655304718355,-0.585142193900484,-0.777184479464502,-0.534676575320374,-1.06268769461281,-1.49382565898465,0.135952419993153,-0.286904425214791,-0.226875569169311,-0.629727998655079,1.18000319046612,1.07498067642251,0.965361918229619,0.900359925695479,0.134929855663671,-0.900349146138491,-0.662221689003069,-0.391348688885798,-0.0922487271028942,0.111080258000336,0.0977671503200851,0.427703707171417,0.762407081401742,-0.697698254915155,-0.266432822203958,2.75193579961649,-0.748828535159937,0.36127260445787,-1.01880107061754,-1.1288425117501,1.68153602735121,-0.349350157880785,0.084427024235416,1.34259521435226,0.626803257494137,-0.4393285442876,-1.59366170044631,-0.0658245204870952,-0.391348688885798,-0.413219819433159,0.0435715764808665,-0.0468999429701671,-0.922036947615181,1.7672926707056,0.338588862534303,0.569266126325109,1.35745206077428,-0.0654979378108623,2.16351787177143,0.753309643725566,-0.445267871002372,-1.23504806525446,-0.758443965028085,0.348009760126863,-0.424997569039485,1.3245427012808,0.525462353104163,-1.56531543697313,-0.0616228744930443,-0.307289207713733,-0.977864586741049,0.91503209899819,0.646593252940519,1.23062463041877,-0.144305290106824,-0.347885794497196,-0.392446673750327,-0.286904425214791,0.184187521212675,-0.631940707748796,-0.01206212920031,-0.387478036293313,-0.890859043653398,0.871105454200756,-0.913834660893733,-3.02470149403878,-0.888608530066145,1.12474840523477,-0.838101809661048,-0.265510529127564,-0.26287797133625,0.412240099369111,-0.579261189746669,0.281129612160397,-0.906450078535958,-0.199361816374992,0.153849957336276,-0.433845179637909,-0.115382978305131,-1.0002125522811,0.0257124696570293,-1.34049882416269,1.01790073146063,-1.50406343187183,-0.629843707397574,-0.548100210488063,-0.602729759433253,0.511493909447407,0.334162903438415,-0.419922423015838,0.930046029669001,-1.15511256398006,-0.241958561604024,-0.767702135816429,-0.649009732299257,-0.527054463374357,2.23960375913671,-0.10464827367642,-1.65856263069136,-1.94764437100197,0.682832724400303,1.3171758996377,1.13762442951176,0.193499254972986,0.682832724400303,-0.0579168405136468,-0.547435183985099,-0.696016939253532,0.940330818808414,-0.308861968134177,-1.88513473342576,-0.343626531286471,0.972184833142749,-0.129514033521907,0.730278376641099,0.500862307366285,0.878589563710704,-0.449042081635903,-1.23321624918318,-0.376966020067782,0.26138000840943,0.324222120103087,-0.472016707391195,-1.36346675467731,0.513806959629217,-0.0503586817209869,-0.0632363539352424,0.155666779985624,0.627044535799378,1.05548750468651,-0.34476848053886,-1.2200796109,-0.478351146053977,0.425322062429169
comm.and.crime_point_1727,comm.and.crime,regression,0.32,0.040489306459228,anomaly,1.17800805584479,1.22003874930914,-0.375024355916575,0.834397392669879,0.238204792637512,-1.16258340860069,-0.544247527234835,3.25163515187912,0.746040800572905,0.391000476585978,0.442848004963141,0.26138000840943,-0.499564470154296,-1.56531543697313,-1.05617467706755,-0.919314744817829,2.49099174991394,-0.9866146764278,0.511849510519854,1.27048615468136,-0.0551894052506902,-1.08786729016467,-1.15249049956315,-1.06019671565095,-0.764005364912463,-0.628161290785547,-0.626152826019497,-0.96284821097941,-0.121200695287352,1.91258372774383,2.78493529713071,2.05754870585019,-0.82065323407455,1.07072281732671,-0.982973896065542,0.808434789069078,-0.288371529602239,1.40143467251585,-1.13445162766544,0.267215693943522,0.259617746176014,0.356410229834627,0.303514024914822,1.04953379424903,-0.747205579353531,-0.827012835844596,-1.66415180479844,-1.84266734786902,0.703099168932851,-0.209368692507428,-0.241958561604024,0.0435102601731493,-0.230075729421995,-1.27898396480077,-1.18820810213626,-0.987985994494734,-0.399439552161281,-0.726761076765874,-0.64369508486844,-0.569295082344151,-0.438112633336816,-2.36216777628911,1.04413480517491,1.18225283080978,1.09124233936189,0.577398462198459,0.22524578682669,1.08770057285619,-0.469831842542641,1.54192062305818,0.781496272064518,-1.23321624918318,-0.244678557014993,-0.976933459434427,-0.26287797133625,0.668004037204926,0.987720612375717,0.197114064352121,3.02874470976401,2.50583319009365,-0.956619933665339,-0.878848277811454,-0.845653115392282,-1.12336429511962,-1.01519223123925,-0.978565285147405,-0.862692382208638,0.825219881684049,-0.746256738413588,0.343643763005101,-0.286904425214791,0.370733261641266,-0.370138508391861,1.32682556052599,0.46842532549381,0.416792050760294,1.05170600925156,-0.321861540250354,-0.506438677988928,-0.70587936432781,-0.391348688885798,0.0446822618622457,1.65968877233247,-0.217427187171022,-0.215315402983871,-0.00859578069383644,-0.0641256158777693,1.44549106869194,-0.34476848053886,0.763017663402644,0.589529123243989,-0.532850506793854,-1.7108973708847,0.413283929954837,0.101693177953087,0.724531534978455,0.246029414243294,-0.730091762955347,1.3537113041635,-0.885696359334983,-0.164586065898132,-0.391348688885798,0.134929855663671,-0.321861540250354,0.49304512794504,0.935075853945092,0.348009760126863,1.60269237076024,0.878506043477017,0.99496661054505,-0.544247527234835,0.221480193470925,-0.938289124010825,0.322022122016284,-0.446095258444874,-2.13420999570987,1.18000319046612,-1.90016924816189,-0.145179466755593,-1.56531543697313,0.682832724400303,-0.116429302565806,-1.13299769963178,-1.9910101644823,0.511849510519854,2.41558127353294,0.705007918115826,-1.58352531523914,1.87002518196809,0.10383609353668,-0.286904425214791,0.293429019516684,-0.899600712687643,-0.626152826019497,-0.960646585528377,-0.472248714197789,-0.909551783192675,0.546762554734425,-0.351119333321313,-0.801071272009583,0.643293485923684,0.0465858602511433,-0.471401481558287,-0.316872478427771,1.00221121696188,-1.18581654067537,0.108751861038678,-1.12004119869912,-0.35568405855027,-0.812376231415014,-0.433845179637909,1.03154453286352,0.695837017957058,3.6817581761754,0.405665753241116,-0.723488865413399,-0.697698254915155,-0.472016707391195,0.174528272850755,-0.655555707317298,1.09354876858201,-0.217427187171022,-0.00131209356022966,-0.976933459434427,-1.00672353855961,2.24260467311607,0.0582574288134486,0.827486811528584,2.93667629214873,-0.319107477609904,-0.315851368525389,0.641654500246602,-0.649707912297875,0.682832724400303,-1.05911760742057,0.647482131746904,0.143988474218959,0.682832724400303,-0.241958561604024,1.58923824605564,-0.653776320283739,-0.36444325550718,1.95513096917117,0.58579542331863,4.10060472644654,0.874197290125252,0.0722445468239389,-0.98037958715305,-0.0450487366494222,0.0427225572111723,0.488342665832679,-1.23321624918318,-0.376966020067782,-0.0734685214771128,0.507176249190595,-0.550930207394384,-0.156964313720294,-1.13485349648892,-0.00294828920368394,-0.882023949694159,0.574277109441232,0.339056972600567,0.0672766422167828,0.343388026162328,-1.27136961457117,1.21769842418418,-0.58347083930006
comm.and.crime_point_0354,comm.and.crime,regression,0.1,0.224265780215522,nominal,0.629145668582266,-1.21585037425788,-0.375024355916575,0.651154057637344,-0.550930207394384,0.804312163562517,-0.544247527234835,-0.576459764357761,0.359432227001014,-0.0965886105387498,-0.0976777582871161,-0.743165581250199,-0.343626531286471,0.0083882759882738,0.137926467172162,1.10350670591792,1.75608517728272,-0.256567130116958,-0.812893280194679,-0.890344957479674,0.481919633051309,-0.0790743884354456,-0.367596131833887,-0.578408706761027,0.634649649939717,0.646300935599162,-0.370281702344836,0.675774263580712,-0.35568405855027,-0.932377159094426,-0.730257505876477,-0.0658245204870952,-0.916258664592466,-0.413167436877806,0.740803615151647,-0.130365530277162,-1.20027610690721,0.697641581957593,-0.973413929540229,-0.280848586784089,-0.766389757209749,-0.157377061081287,-0.241128672781501,0.467364181799085,0.738117843267285,0.432961111715639,0.484426181123479,0.715986185718564,0.703099168932851,0.646593252940519,-0.333979422149212,-0.565328047091832,-0.34476848053886,-0.731260008940213,-0.145179466755593,-0.64058805739383,-0.758469577859468,-0.684350728885536,-0.60138190496379,-0.653776320283739,-0.65103955906403,0.767391182341933,-0.639856399463727,0.012169761977951,0.147394108299959,0.872294352169189,0.668496977088488,0.770744885551916,0.950859851177069,-0.506122969993337,-1.65317189968086,0.726172755495118,-0.444061083654919,0.981586015860986,1.08698470595177,-0.388154860795292,-0.546787652615503,0.283147870703906,-0.512579672044432,-0.25720051952105,-0.555594417312278,-0.61971625898909,-0.675622884018443,-0.257060360807173,-0.489575518936313,-0.535527512645018,-0.394098372368261,-1.06268769461281,-0.799654518454378,-0.850581459313604,-0.286904425214791,-0.226875569169311,-0.716257828742818,0.984240030386299,0.744132303188673,1.11497188208489,1.20305209280765,0.591721251577697,-0.998826763175882,-0.443933312379363,-0.391348688885798,0.318544239792525,-0.0609873547032339,-0.453822940289352,-1.20457557245354,-0.0679036931627271,-0.928088305474204,-0.380561081597017,-0.34476848053886,0.601034142128082,-1.00826650825885,-0.424861492610813,0.141095362725389,-2.89519980238352,-0.156045871094839,-0.0140505928019747,-1.52936283355217,0.578342721049512,-1.84468410118171,0.117254540572726,-0.21396683860365,-0.391348688885798,-0.321861540250354,-0.504578098615964,-1.55874614153275,0.719132504926456,0.445891340166776,1.77507012188196,0.156946236789233,-0.374422868098694,1.80162546094263,-0.870916000573111,-0.736908318327921,1.91140853612636,-0.567472613338656,0.141095362725389,-0.19033893009266,-3.08850198967716,1.3245427012808,0.682832724400303,-1.56531543697313,-0.883719295584461,0.69535681818675,-0.661256593696907,-0.121723128517532,-0.722945859776196,-0.776275543828826,0.00457954007927846,0.695837017957058,0.203092646994081,-0.286904425214791,2.86060422966087,-1.16726071762649,-0.319107477609904,-0.721826356680434,-1.15249049956315,-0.0192231644959594,-0.548685356986693,-1.39084572915588,0.818368002036808,0.249375824669157,-0.779122631666902,-0.677292433989011,0.277067099578957,-0.649707912297875,1.07498067642251,-1.15535164718726,-0.319074498087268,4.02133872235753,1.54951000775481,-0.433845179637909,-0.230075729421995,-0.91323565124325,-0.40441055463925,-1.18175658985325,0.321344892711017,0.569447023159616,-0.669300457399169,-0.675622884018443,-0.497077863665163,0.881892456169426,0.176565734692862,-0.105964675924132,0.878506043477017,0.823407774959287,-0.0579168405136468,-0.295725241742213,-0.649009732299257,1.75393896099451,-0.01206212920031,-0.358091987495182,0.25012818008695,0.117254540572726,-1.56531543697313,-0.414699029235275,0.424690178217426,0.342031597235068,0.682832724400303,-0.333979422149212,-0.852674245419489,-0.400332606464976,0.999638731277305,0.0792511068324541,2.38283553731455,-0.499564470154296,3.47086718008891,-0.734789774559444,-0.125050605255976,0.649747137552387,0.321344892711017,-0.777126743249906,0.726172755495118,-0.219657981557459,0.875268979868092,0.690130378278102,-0.669300457399169,-0.20723524876017,-0.466477635900487,0.850438776107769,0.243808994474351,-0.733880170107544,-1.67685596979111,0.51197153032816,-0.230075729421995,-0.399439552161281,0.695837017957058,0.173123836996862
comm.and.crime_point_0083,comm.and.crime,regression,1,0.149729764919333,anomaly,1.17800805584479,-1.56383453476745,-0.453822940289352,-0.26506261752533,0.119834542632727,-0.424997569039485,-0.544247527234835,0.584872401242192,0.101693177953087,-0.514522113788516,-0.217794594564951,1.26592559806906,-0.499564470154296,-1.56531543697313,-1.00841063129797,-1.46602324501668,2.88294192198393,-0.593512151491192,1.6637997633151,-0.170067920092664,-0.592298443552689,-1.03742764507821,-1.04783791719925,-1.00666471466318,-1.11366911862551,-0.203340548657311,-0.882023949694159,-0.908227461827405,-0.277522937462631,0.94967388912165,1.75381207491527,1.51436020608949,-0.868455949333508,-0.165852394510387,-1.04043314643945,-0.624470961512025,2.33335413014955,0.597099711877842,-0.866055464123419,0.541247834307328,-0.424387256081161,-0.328639491386592,0.0311926760666601,-0.244176455639738,0.193499254972986,-0.245486398509103,-0.109861346897478,0.0893771570848711,1.53340994349732,1.44549106869194,-0.333979422149212,-0.391374245016123,-0.34476848053886,-1.46155861675429,-0.524462606894016,0.600118860823686,0.421200506577434,-0.769171424646212,-0.64369508486844,-0.527054463374357,-0.565868788773144,0.0180601640781611,-0.184723641453285,0.0630429388836828,-0.0623499430471371,-0.543205919690318,-0.914542988132221,0.136833510943376,0.139036026194378,0.113052999998984,0.607591402654133,-1.23321624918318,-0.244678557014993,-1.80157323850618,0.331061606670478,0.989443701813688,1.72851770581975,-0.491156386462159,1.66986442372124,3.18447304859551,-1.09029510578303,-1.00841428722264,-0.930668231079202,-1.26014912685317,-1.25410891864968,-1.17994609083031,-1.05012998614479,-0.472716577020044,-0.692858958372798,1.07056346354692,-0.286904425214791,-0.226875569169311,-0.716257828742818,1.03318082040625,0.578708116571755,0.317052074856781,1.15260339828895,-0.413219819433159,-0.555677486507623,-0.618564013678328,-0.391348688885798,-0.411754368021554,0.369181677055691,-0.296225771543798,0.823407774959287,1.71133368090399,-0.812893280194679,0.36127260445787,-0.230075729421995,0.978995691768727,-0.837074119169256,-0.26287797133625,1.94017401823234,-0.910109562980505,-0.800393493714657,-0.752632720582405,1.13372553814103,0.529882184604888,-1.65084195540321,-0.885696359334983,-1.59662847435816,-0.391348688885798,-0.230503261067549,-0.595936377798769,0.385056113761999,0.114491127674274,0.25012818008695,-0.121085140456948,-0.66769354228252,-1.17994609083031,-0.496372568292438,1.01043300028051,-0.69663215719134,-1.43178357631207,-0.688849968232438,1.14646284668515,0.641654500246602,0.189657297261516,-1.09338731710165,0.682832724400303,0.682832724400303,-0.993332151729983,-1.30993523361422,1.61832095622091,0.108666922041517,-0.722945859776196,-1.25410891864968,0.15346437026538,2.30490968715737,0.699375414281087,-0.286904425214791,-2.10988394317149,-0.631940707748796,3.46778515277508,0.806623107946404,-1.1001642083812,-0.581535976304412,-0.548685356986693,0.490563939497149,-0.669765384924741,-0.10077320755709,1.87494037806967,0.0227368042754491,-1.12679008480058,-2.00664148276125,-2.1232202648379,0.453507363282115,1.28285890313643,-0.35568405855027,0.100170724627871,-0.433845179637909,-0.115382978305131,-0.782770299686468,-0.0172998327725985,0.0881812846222431,-0.166244194413711,-1.33127089395254,0.55385879265027,0.642111409128814,-0.180122176360894,0.299837597034825,-0.296225771543798,-0.629227587743642,-1.33771336277832,0.427703707171417,-0.0579168405136468,-1.00369058285354,-0.744267573836537,-0.569295082344151,0.243808994474351,2.97891691111852,0.201187390066993,-1.12168480637209,0.682832724400303,-0.575803673781598,-0.199127291665113,-1.93546431745018,0.480499389876695,0.0341040200315418,-0.750927891608026,-0.696016939253532,-1.55060150488499,1.17890481923791,1.93357550881557,-0.265657561852559,0.482247118055266,-0.23039332369483,3.07117874814888,-0.64058805739383,-0.375210946038594,-0.636519031129619,0.726172755495118,-0.796454122761974,3.21920868907389,-1.0174414932053,-0.708757207400764,-0.307777118839921,0.870274085276382,0.091872495830922,-0.984372399164023,-0.9955116260173,1.43340971275605,-0.624470961512025,-0.34476848053886,0.216040491892755,-0.739281849167541,1.78719247976363
comm.and.crime_point_0640,comm.and.crime,regression,0.18,0.502747059088453,anomaly,1.05603863645312,-0.519882053238727,0.649357240929522,-0.570468175912889,-0.669300457399169,0.845289154649251,-0.544247527234835,-0.576459764357761,-0.156045871094839,0.321344892711017,0.022439077990719,-0.352508963049232,0.747939040788304,0.682832724400303,-0.483006127832491,0.447456505679301,2.09904157784396,0.0803778912572774,-0.352113179076581,-0.440171809112793,-0.771334789653356,-0.381712258954214,-0.315269840651936,-0.471344704785489,-0.589173488055941,-0.81022732312622,-0.882023949694159,-0.96284821097941,0.113282667975565,-0.363384981726775,-0.214695894768757,-0.559632247542278,-0.00800707467226295,-1.15511256398006,1.14301836776899,-0.624470961512025,0.167580759050246,-0.106693378680418,-0.329263137039369,0.212409265870761,-0.196385588662103,-0.271552014618157,-0.0777358634726045,-0.438232993123054,0.243010035727013,0.432961111715639,0.255854054961572,0.559333928560141,2.42302863053068,2.18732475474682,-0.0579168405136468,-0.478351146053977,-0.230075729421995,0.866268195653084,0.565976421003951,0.401605753908883,0.626360521262113,-0.514709337364183,-0.559068725059139,-0.569295082344151,-0.565868788773144,0.723312887149946,-0.503316572060594,-0.547435183985099,-0.586710071414878,-0.602185097684464,0.0352809910002048,-1.07816329038966,0.0375580480715412,-0.553751890761977,0.491654823047211,-1.23321624918318,0.0876256540515485,0.672346098709078,-0.316872478427771,-0.342234908708326,-0.652615808821794,0.197114064352121,-0.265510529127564,-0.548046173164703,-0.689269589429965,-0.706093598596545,-0.718130441861903,-0.485035080363082,-0.537358856418398,-0.616079834918179,-0.722114179256525,-0.531713688779321,-0.425870058168848,-0.279430266030745,0.297852737182101,0.17153031803774,-0.716257828742818,0.25012818008695,-0.303554212051806,-0.0819078287572736,-0.360857437271886,0.500362972394892,-0.211005826876756,-0.574906338353587,0.898553617544122,0.364187902780905,-1.56657896585947,-0.217427187171022,0.378240698697934,-0.720290730320524,-0.121723128517532,0.24714434506481,-0.115382978305131,-0.694834028068417,-0.323496951900488,-0.26287797133625,0.617322065653698,0.303001138876892,-0.284915395618803,-0.752632720582405,-0.11949251912636,0.723724330383386,0.287579502381766,-0.000739682945828393,1.21807556985638,1.52269989484892,-0.321861540250354,-0.0477867027019386,0.223072592487436,0.244057137085456,-0.0435165600327901,-0.00616663970913513,0.620806112517094,-0.65635599605476,-0.496372568292438,0.52492358070538,-0.575803673781598,-0.8289128675117,-0.688849968232438,-0.493873574512357,1.32682556052599,0.271611279434983,0.37633485093474,0.682832724400303,0.682832724400303,-1.26736429209379,-0.0713724957371486,0.541853779870831,0.339056972600567,-0.0952404331143684,0.274957880777056,1.4437995652116,-0.782770299686468,1.14602990483939,-0.286904425214791,0.621153514428708,-0.685472708736566,-0.421455927079768,-0.0531297159061927,0.521950818259281,-0.159801367448073,-0.959478323882113,0.540074720251176,-1.15122030423583,0.511987598838842,1.4031069541165,-0.924361576905879,1.73491879105002,-0.472716577020044,0.303001138876892,-0.86805539531773,-1.33363231886228,-0.199361816374992,2.08630233483886,0.191443789063205,-0.34476848053886,0.260952512767785,2.56343831300507,-0.493873574512357,-0.0269330266637888,-0.294515666436819,-0.550930207394384,-0.803145557548822,-0.814033550969433,-1.07592843364696,-0.296225771543798,-0.890859043653398,-0.564613569898551,3.14816917321302,-0.241958561604024,0.530234322887664,-0.791896494605177,-0.315851368525389,-1.24024352283868,0.993607819538218,0.886358450346385,0.353242987609834,-1.56531543697313,-0.0119374178694681,-0.822944761547652,-1.09378104463172,0.682832724400303,-0.333979422149212,-0.496562007079367,3.44356371978626,1.47410203102843,0.467364181799085,-0.649669655053565,-0.499564470154296,1.46212254823023,-0.785229419645906,-0.125050605255976,0.401605753908883,-0.723488865413399,-0.636519031129619,0.726172755495118,0.566882210994152,1.21011750975464,1.60490102371564,0.830056042661434,-0.508860858999424,-0.288244073076904,1.98828819652304,-0.779675500224294,-0.733880170107544,-1.67685596979111,-0.525649875265053,-0.230075729421995,0.575070517590943,1.91351363248702,-0.633910484386522
comm.and.crime_point_1174,comm.and.crime,regression,0.02,0.00497704892227901,nominal,0.812099797669774,0.176086267780421,-0.453822940289352,0.773316280992368,-0.472016707391195,0.47649623486865,0.844126282094685,-0.576459764357761,-0.220480633356821,-0.79314444928836,-0.578145103398456,-0.631549404621351,-0.343626531286471,0.6153882795591,1.80966806910777,1.21284840595769,-0.252659454575957,1.8774180052532,-1.10088084339349,-1.1604488464998,-0.651977225586244,1.68631318959071,1.14986631244269,1.02755132287205,1.33397715736581,3.37729142070925,0.755551241823674,1.00349875849274,-0.433845179637909,-1.23875756229239,-0.870865217996765,-0.954678429186424,1.47387709835544,-1.50135362329445,1.31539611889071,1.69782456529183,-0.117389421357558,-0.609402729079175,1.28111384421278,-1.26736429209379,-0.53838808979069,-1.64165145706059,-1.49380687748304,0.726106231776839,1.57980111608575,1.547553449942,1.44442911100348,1.23816037624664,-0.127211605631618,0.532464993547459,-0.333979422149212,-0.782770299686468,-0.34476848053886,-0.366110705033174,-0.145179466755593,0.252720923722782,0.318620499235095,-0.345067945842831,-0.262876465726585,-0.146888892646214,-0.140014937318717,0.41476482080604,-0.230236917254329,-0.140449768739244,0.0425220826264111,0.931273530163335,1.23839136456794,-0.761207603085388,1.40751075272983,-0.744267573836537,-1.53723532007394,0.726172755495118,-0.444061083654919,0.517726140133124,1.24896822722633,-0.939194285838884,0.246923518931679,1.01443522469408,-0.924361576905879,0.27601651215898,0.781157303864591,0.848698514337638,0.897156756189573,1.47554750781773,1.27840796790085,1.35745206077428,1.52713706797728,-0.649707912297875,0.321698862402212,0.0840295842401654,-0.286904425214791,-0.226875569169311,-0.197078848216383,0.690595290266559,0.46842532549381,0.217312098953267,0.042732118877671,-0.413219819433159,-0.555677486507623,0.123616466842271,-0.391348688885798,0.957555521629844,1.01443522469408,0.0977671503200851,0.477166715644901,1.88925741831066,-0.870490792834442,0.24714434506481,-0.34476848053886,-2.04469670535644,-1.06533063795537,0.49304512794504,-0.176389105893484,0.137576952259974,0.166127940215069,-0.506438677988928,0.193811995190487,-1.11777605451234,1.45063237705275,-0.708705024057152,0.230460115746014,-0.391348688885798,-0.413219819433159,-0.230503261067549,-1.12679008480058,0.157679797478001,-1.6096218406714,1.94744787300368,1.13620597443694,0.0686149044036935,0.0302519800739321,3.01315935602791,1.11579509395479,0.760473546598372,0.889055645386725,0.564407987550553,0.886358450346385,0.35356526160845,-1.18820810213626,0.682832724400303,-1.56531543697313,-0.883719295584461,0.0465858602511433,0.478532181262003,-0.870490792834442,-0.608817600383137,-0.537358856418398,-1.08724254795214,-0.91323565124325,-0.64058805739383,-0.286904425214791,-0.744365214371393,-0.41781270379772,0.141460545004487,-0.578534219371668,0.103340488803673,-0.909551783192675,-0.366110705033174,0.837139404775339,-0.757302642981302,-0.801071272009583,-1.19197687762592,-0.224332338641419,-0.96480656352602,0.648228546406218,-0.193271420973861,1.54523312038634,-0.799654518454378,-0.043039574199713,-0.490300835164584,-0.35568405855027,0.343388026162328,-0.695793398648614,-0.533447461928133,-1.07592843364696,-0.0269330266637888,-0.697698254915155,1.8559315427029,-0.803145557548822,0.242485406711466,0.987720612375717,0.0977671503200851,0.521950818259281,-0.255373652746643,-1.60027964024141,-0.241958561604024,0.707225658165495,-0.649009732299257,1.33153277129657,-1.08672084863389,-0.10464827367642,1.22894398048608,0.766222769924772,0.682832724400303,-0.69663215719134,2.87540166704169,-0.450140894829368,-1.56531543697313,-0.0579168405136468,-0.242196122550708,0.655682867779868,-0.186519518100509,0.855477256765716,1.59663048744133,-0.499564470154296,-0.595615855137194,-1.79402232137514,-0.890344957479674,0.848260244467189,-0.166244194413711,0.160258004218676,0.726172755495118,-0.534274058578104,0.652036626610397,0.324222120103087,-0.708757207400764,-0.00615150860066679,0.692040522452799,-0.619283391928622,-0.4726301518147,-0.681553878925593,0.799837073718665,1.89546673778578,-0.34476848053886,0.575070517590943,-0.869747200724323,0.1226841919104
comm.and.crime_point_1078,comm.and.crime,regression,0.15,0.216948805507968,nominal,-1.6882732998595,0.176086267780421,-0.375024355916575,-0.570468175912889,-0.274732957383221,0.59942720812885,-0.639997445119629,-0.576459764357761,0.0372584156911057,-0.444866529913555,-0.337911430842786,0.205571920095007,-0.499564470154296,-1.56531543697313,-0.674062310910845,-0.700631344738288,-0.252659454575957,-0.874299669303055,0.339056972600567,0.640243746967722,-0.174546969317801,-0.684350129472983,-0.576901296561691,-0.685472708736566,-0.530896195770433,-0.446095258444874,0.909073916028471,-0.96284821097941,-0.277522937462631,0.336913082725718,1.05077351431383,0.92179093362327,-0.629442373038718,-0.512093453824773,-0.293462891578667,1.59900347904486,-0.687329782173164,1.70306028275511,-0.436621602456179,0.157602837798,-1.22239309204787,0.128060322760887,0.194585485375557,-0.761660555595246,0.243010035727013,0.0937373566032682,0.758712732517766,-0.380579614390398,0.347251694119508,-0.0952404331143684,-0.333979422149212,-0.608816497610759,-0.34476848053886,-1.46155861675429,-0.334821036824805,-0.442074950479027,0.472490510248604,-0.769171424646212,-0.728321444677741,-0.738257558223326,-0.736210329354915,0.855547772725906,-0.594343123662683,-0.903547422325221,-0.796454122761974,-0.425247563702025,-0.597934995088079,-0.0744702805928035,0.139036026194378,-0.458494049224697,-0.319901234201248,0.726172755495118,-0.37760024144161,-0.0492137079787055,0.223072592487436,-0.52591471705619,0.246923518931679,0.670299999286939,1.09336975691521,1.34245057551904,-0.822944761547652,-0.792470938203999,-0.760637999705362,-1.48812384640908,-1.39745893109594,-1.38132689651321,-1.09698938712883,-1.23967902989064,-1.28023453882149,-0.0717389230187961,-0.286904425214791,-0.226875569169311,-0.889317488918297,0.788476870306472,0.413283929954837,0.865621942326106,0.547219064064617,0.591721251577697,-1.04806557169458,-0.70587936432781,-0.391348688885798,-1.14205297583563,0.0250464516485512,-0.375024355916575,-0.858334513139159,-0.483059080444962,0.281459459960805,0.133016085671751,0.114002523928599,0.115083578304395,-0.551753470686607,-1.07279557770906,1.35811915909774,-0.524119794207697,-1.25143682954853,-0.70339391206371,-0.798318966812861,1.01448754905113,-0.4393285442876,-0.94469347109426,2.79826029643296,2.14684617215372,0.226288134846476,-0.504578098615964,0.547039635036561,-1.00841428722264,0.788476870306472,0.453507363282115,-0.873853487050458,-0.293870545825533,-0.544247527234835,-0.446095258444874,-1.09939376855715,0.212409265870761,-0.506783935891765,-0.22930318399663,0.739536080286516,0.804312163562517,-1.28302888717086,0.682832724400303,0.682832724400303,0.760473546598372,0.282502572227728,-1.67440217143816,-1.21607586867302,-0.494689340990077,0.991707943008339,0.699375414281087,0.869790820032767,0.302349200451482,0.785150372512844,0.730395012732716,0.117507306079973,-0.267933252874971,-0.674062310910845,-0.733880170107544,-0.300379570400185,0.729337206687944,-0.153076210305205,-0.494690868811617,-0.144541836585371,1.22616942013407,-1.00671795787817,0.169078085395916,-0.236728129982936,-1.07553374959742,-1.27027014793507,1.33625668317722,-0.35568405855027,-0.490300835164584,-0.277522937462631,-0.230075729421995,-0.43486269553505,-0.576459764357761,0.987720612375717,3.52550175095922,-2.02244104562969,-0.195819457380031,0.217035830694215,3.14791254033394,0.0352672065190975,-0.138628602798245,-0.576901296561691,0.414646167749156,-0.611019470771741,-0.333979422149212,0.707225658165495,0.541713286916744,0.359998534991312,-0.779675500224294,-0.611535701313945,1.03318082040625,-0.0597367947051054,-1.56531543697313,-0.777184479464502,-0.243685682371009,0.886650185529367,0.682832724400303,-0.149937701058835,-0.59830836089083,0.106554821172549,0.287943781650617,-1.27914465555075,2.66362305512641,0.436063163052654,-0.350646997593453,-0.835669064732367,-0.800310327806298,-0.144305290106824,-0.305555362163633,1.05077351431383,0.726172755495118,-0.48183804574133,-0.519933227992503,-1.6882732998595,-0.550930207394384,0.597099711877842,-0.154568900959218,-0.666693784445925,2.8536944559559,-0.629227587743642,0.91503209899819,-0.920934220252943,-0.34476848053886,0.934100543289131,-0.608816497610759,-0.482591549127137
comm.and.crime_point_0591,comm.and.crime,regression,0.41,0.0315002800993339,anomaly,0.690130378278102,-0.867866213748302,-0.375024355916575,-0.448305952557865,1.14571004267419,-1.28551438186089,-0.639997445119629,-0.533447461928133,0.488301751524978,-0.0965886105387498,0.322731168685307,1.04269324481136,-0.499564470154296,-1.56531543697313,-1.48605108899385,-1.84871919515588,-0.693603398154691,-1.26740219423966,1.37581220011629,1.27048615468136,0.123846940849976,-1.4409448057699,-1.30946937310901,-1.22079271861426,-0.822282657197971,-0.628161290785547,-1.18906929810375,-1.23595195673943,-0.121200695287352,2.56911316316804,0.394604191085821,0.773648615506715,-1.1074695256283,1.81266794442896,-2.01724040279586,-0.476239332141566,1.02249130027366,0.546828776837966,-0.973413929540229,0.979699258889417,0.0316160787569558,0.870197520750541,0.957085262150409,-0.502918505617492,-1.39084572915588,-1.40853927318009,-2.07558163188987,-1.16384090018251,-0.542366992913852,-0.722945859776196,-0.241958561604024,0.652348567438131,-0.34476848053886,2.28122174829286,1.65641544890192,0.897888521195889,0.369910502906264,-0.557119685244521,-0.60138190496379,-0.653776320283739,-0.693624944209472,0.723312887149946,-0.639856399463727,-0.140449768739244,-0.219657981557459,-0.720143453672756,-1.23115098117636,0.242485406711466,-0.114658919112713,-0.172720524612857,0.607591402654133,-1.23321624918318,-0.178217714801685,-2.31697310042603,0.115083578304395,0.805763893465824,2.68097111167637,-0.792274708693406,2.90521013830558,3.66921580466826,-1.17941188719482,-1.09479162683009,-1.05819090460958,-1.57931373423144,-1.49302560606011,-1.46187921878637,-1.37814579303305,1.7101765580732,-0.158881157964898,-0.279430266030745,0.102933683049804,-0.226875569169311,-0.846052573874427,0.641654500246602,0.247859743337919,0.317052074856781,0.547219064064617,-0.321861540250354,-0.70339391206371,-0.70587936432781,-0.391348688885798,0.272900576804145,-0.405122580110374,0.255364319065638,-1.20457557245354,0.287943781650617,0.339056972600567,0.36127260445787,-0.115382978305131,2.00489132650762,-0.665881730079667,1.08698470595177,0.0352672065190975,-0.634402585285642,-0.091611108832858,-0.260244635395451,-0.171709938179167,0.917566476161884,-0.197025862064479,0.884216993443326,0.823029388212234,-0.391348688885798,-0.230503261067549,-0.413219819433159,-0.694834028068417,1.84203791982337,0.00542422998716656,0.166211111412584,0.156946236789233,-0.414699029235275,-0.687872404062027,0.403546225811598,1.63938518873034,-0.0616228744930443,-0.506783935891765,-1.02301435554381,0.935299240366342,-0.629882524473152,-0.856335354515137,0.682832724400303,0.682832724400303,-1.65100928860312,-0.0713724957371486,2.18821534370037,0.339056972600567,-0.209368692507428,0.513874568187483,0.500862307366285,0.173975611729931,-0.888729441037333,0.00547415598365529,0.839636511036724,-0.685472708736566,0.294983219209284,-0.387478036293313,-1.15249049956315,-0.347238971384223,0.683693543699564,0.540074720251176,-0.188310465613652,0.905905260093369,-0.897080987655194,-1.04789614836431,2.05888583359914,0.825219881684049,-1.07553374959742,-0.121085140456948,-0.799654518454378,-0.35568405855027,-0.543980067872989,-0.35568405855027,0.458080777279193,2.08746743456273,0.670897006101448,0.617322065653698,1.85376773796016,-1.90724602035016,-0.669300457399169,-0.505592652644603,-0.708381655201343,-1.1288425117501,-0.453822940289352,1.04521373007879,0.311566195365187,3.14816917321302,-0.333979422149212,-0.000739682945828393,-0.649009732299257,1.24705153335698,-1.44494042177841,0.275517297051724,1.42470714056591,0.766222769924772,0.682832724400303,-0.857736801737663,-0.822944761547652,-0.450140894829368,0.682832724400303,-0.241958561604024,-0.0387034149277808,0.317757916021518,-2.02506480463612,0.467364181799085,0.81042543756812,-0.187688592418646,1.46212254823023,1.53499425433132,-0.665258383296233,-0.491703227207728,-0.235899778288672,-1.15208064223734,0.726172755495118,-0.586710071414878,0.484612361667126,-0.224640267159436,-0.472016707391195,1.5019765425956,-1.00117832437123,0.186693280865528,-0.523804376549633,-0.943185334835349,0.16626443468128,-1.36562910836432,-0.34476848053886,-1.11749960355766,0.608860116919203,-0.633910484386522
comm.and.crime_point_0486,comm.and.crime,regression,0.25,0.0388266632302798,anomaly,1.17800805584479,-0.867866213748302,5.29847371892335,-0.875873734300447,0.238204792637512,-0.834767479906819,0.173876856901124,1.23005693768661,0.681606038310923,1.64480098633528,1.3437242770469,-1.18963028776559,5.27013926795523,0.682832724400303,-0.626298265141257,0.994165005878154,0.335265803529022,-0.200409626554585,-1.56166094451159,-0.530206438786169,-1.30844382795535,-0.432151904040676,-0.210617258288034,0.117507306079973,-0.356064318913911,-0.264029226104202,-0.626152826019497,-0.525882217763377,5.27191665975975,0.730830743980246,-0.214695894768757,-0.460870702131241,0.948047230506899,0.130925656330515,0.683344364777741,-0.82211313400597,0.680527083784293,-0.860757404278554,0.636963051711922,0.705667118525611,1.68462816754513,1.15563490459271,0.902620992380776,-0.114805430650861,-0.549162456337422,-0.584710153621474,-0.247004622594622,-0.798318966812861,0.881022906339523,0.646593252940519,2.24260467311607,0.478394765362422,2.75193579961649,0.820624532664704,1.08749073869428,1.29491473502549,1.54958058734317,0.503139011763931,0.541073952461775,0.57120162984028,0.583936610153808,-0.731270854185611,0.361435668159245,0.164789292695146,-0.219657981557459,-0.897080987655194,-0.344648600652765,-0.708381655201343,-1.38313364564817,0.589342207685384,1.07133772108182,-1.23321624918318,6.13556229546261,-1.02847344562641,-1.61274064862427,1.17312351016155,0.299837597034825,1.01443522469408,0.763944233026054,0.179067960944429,-0.555594417312278,-0.533338919381635,-0.505592652644603,-0.348250248629537,-0.489575518936313,-0.414699029235275,-0.534676575320374,0.353242987609834,0.481892202524582,-0.279430266030745,2.44196233263737,1.16754503605537,0.149040472134574,0.00542422998716656,-1.40638212283126,-0.879827635985382,-0.0581652701597183,5.25099348990075,-0.260244635395451,0.516535544764941,0.773724362083162,-0.822547334916973,-1.13640993410055,0.570558656556745,-0.759408496192192,-0.245827430569399,0.396654485240329,-0.437625211293547,-0.34476848053886,-0.640839520976896,1.10310629051276,0.277067099578957,2.20474440874806,-0.689543980824615,0.166127940215069,-0.0140505928019747,1.02929070003541,-0.342407471398352,-0.681631226510723,1.23819966399899,0.526744751979124,0.815334113903482,0.683079530760502,-0.413219819433159,-0.370866985519292,1.02145319355255,0.837417660326429,0.798262865525553,0.156946236789233,-0.0924897401426294,-0.639997445119629,-0.203340548657311,0.0686149044036935,-1.04813857980274,0.0394141611302526,-1.23467066795639,1.03318082040625,0.722358181389051,1.08749073869428,-1.56531543697313,0.480499389876695,0.815279974671134,0.577398462198459,1.30171296317677,0.742239561078903,1.44549106869194,2.47299140495299,0.0542078168079789,2.39188658819522,2.18822371614211,-0.189444898148642,0.5119120161247,0.492231312994358,0.346157443944216,-0.626298265141257,0.46962452707733,0.121355038456154,-1.09640931284725,-0.747205579353531,-0.801071272009583,-0.319616352698494,-0.130351673731295,2.78167556684714,-0.154888957153209,-1.88864725924269,-0.744685376363587,0.0512926106647712,-0.479267838209638,-0.433845179637909,0.153849957336276,-0.277522937462631,-0.115382978305131,-0.565328047091832,-0.533447461928133,-0.0705609496871936,0.530311644335899,-0.640100742275393,-0.472016707391195,1.53477012384147,0.876396781320006,-0.176389105893484,0.412961487811192,-0.315269840651936,-1.0800134318184,-0.759408496192192,-0.333979422149212,-0.885696359334983,-0.791896494605177,0.317757916021518,-0.267933252874971,-0.611535701313945,1.32682556052599,-1.12168480637209,-1.56531543697313,1.63938518873034,-0.733827980135861,0.985671747037421,-1.56531543697313,-0.149937701058835,-0.649181537796562,2.59875134039038,0.881022906339523,0.208622131821331,-1.88513473342576,0.903876979656129,-0.546622083628446,-0.58347083930006,-0.98037958715305,1.24528645829679,-0.375210946038594,0.535211903206109,0.726172755495118,-0.324530007231007,1.43334986301233,0.324222120103087,0.0803777926311325,-0.307777118839921,0.469248568923321,-0.42964182185941,-1.08672084863389,0.574277109441232,0.68464204843914,-0.0315444440301896,-0.34476848053886,0.523780513919773,-0.304397343978269,-0.533031194213599
comm.and.crime_point_1289,comm.and.crime,regression,0.06,0.46667318645114,nominal,0.0192985716239078,0.524070428289996,-0.453822940289352,-0.753711510945423,0.00146429262794278,0.394542252695183,-0.592122486177232,-0.576459764357761,-0.478219682404748,-0.932455617038282,-0.818378775954126,1.71239030458445,-0.499564470154296,-1.56531543697313,-0.769590402450023,-1.30201069495703,2.19702912086145,-0.31272463367933,1.54860473803558,0.46017448762097,0.899671107286197,-0.734789774559444,-0.576901296561691,-0.631940707748796,-0.705728072626956,-0.324717903551093,0.909073916028471,-1.12671045843542,-0.35568405855027,0.293144453697438,0.957035039566971,0.674887070095679,-0.725047803556634,-0.561556462298257,-0.86805539531773,0.462560987204673,0.737521119865853,0.697641581957593,-0.382942369747774,0.0479899816524777,-1.22239309204787,-0.271552014618157,-0.0777358634726045,-0.955717093078561,-0.252097771813259,-0.148565325619854,-0.201290197362241,0.246029414243294,0.643791256463961,1.27429867960235,-0.333979422149212,-0.347885794497196,-0.34476848053886,0.409831565769285,0.044462103313619,-0.491703227207728,-0.861049585201808,-0.684350728885536,-0.686008264773091,-0.696016939253532,-0.736210329354915,0.855547772725906,-0.639856399463727,-0.649181537796562,-0.639146084251652,-0.838101809661048,-1.23115098117636,-0.232948124244939,0.240514004317214,-0.553751890761977,0.433686533243749,-1.23321624918318,-0.37760024144161,-0.358453625130612,0.385056113761999,-0.29631495662136,1.09354876858201,-0.405122580110374,0.722766042539909,-0.402623346342877,-1.00117832437123,-0.965225617418908,-0.930668231079202,-1.4425289024979,-1.34967559361385,-1.34105073537663,-1.28442699106498,-0.177731018223659,-2.24139457955571,-0.74673578780763,-0.286904425214791,-0.226875569169311,-0.846052573874427,1.27788477050604,0.46842532549381,0.516532026663808,0.749013842139396,-0.321861540250354,-0.70339391206371,-0.531248663028845,-0.391348688885798,0.592406217722805,0.0250464516485512,-0.375024355916575,1.66427891900851,0.940330818808414,-1.44646591923207,0.30420847476134,-0.230075729421995,2.00489132650762,0.133016085671751,1.9508968194161,1.1993769247883,-0.138130025434889,-1.76691492764438,0.576815109422369,-3.04366798608359,-0.972394445178469,-0.245486398509103,1.59218233455465,-1.30034383812505,-0.391348688885798,0.0435715764808665,-0.321861540250354,-1.34276811316667,-0.317395570362999,-0.581865250252313,0.338588862534303,-3.70855272760961,0.592204999179243,-0.592122486177232,-1.23504806525446,0.551928838042662,-0.883719295584461,-0.446095258444874,0.194009440828534,-0.141398140072703,0.394542252695183,-0.287410644307502,0.682832724400303,0.682832724400303,0.541247834307328,1.28514859812821,0.351888984044347,-0.640100742275393,0.475400863850929,1.03949128049042,-0.193933566835524,0.0869987106920766,0.00457954007927846,-0.286904425214791,-0.307399221155361,2.63351135250513,-0.421455927079768,-1.00841063129797,0.260319362349526,-0.534676575320374,-0.548685356986693,0.63909628175923,-0.844839901037864,0.118069937584314,-0.130351673731295,1.25808251885979,-0.370866985519292,-0.531713688779321,0.523566721032782,0.510966613656022,0.588687762606162,-0.199361816374992,-1.02709316224863,-0.35568405855027,2.29316479514903,-0.478351146053977,-0.576459764357761,-0.811358043131231,3.52550175095922,0.627044535799378,0.356575042642296,-0.675622884018443,2.24987142630517,-0.0705609496871936,-0.296225771543798,-0.210617258288034,-1.44079333516229,-0.314241419930838,-0.333979422149212,-1.65265881220558,-0.363236207687417,0.993607819538218,-0.523804376549633,0.57120162984028,1.37576635054595,-0.000739682945828393,-1.56531543697313,-0.0522135790060488,-0.288244073076904,-1.09378104463172,0.323129018580554,-0.0579168405136468,-0.242196122550708,-0.696016939253532,0.228635869181726,-0.373547480628615,-0.256567130116958,-0.0317506535508209,2.98092946500143,0.929718513293784,-0.530206438786169,-0.69021633412253,0.251689308836056,1.37885817592783,-1.23321624918318,-0.219657981557459,0.317188096723854,-1.38334975138032,-0.51147345739279,0.295474101638588,0.023664661864365,1.13490113121159,-0.319107477609904,0.574277109441232,-0.928088305474204,-1.16798693587037,-0.230075729421995,-1.93813966229637,0.260952512767785,0.425322062429169
comm.and.crime_point_1781,comm.and.crime,regression,0.05,0.083847253527819,nominal,0.324222120103087,1.22003874930914,0.255364319065638,-0.142900394170307,-0.669300457399169,0.886266145735984,-0.496372568292438,-0.40441055463925,-0.607089206928712,-0.723488865413399,-0.638203521537374,0.931077068182516,0.358094193618742,0.682832724400303,0.424510741789694,-0.591289644698518,-0.791590941172187,0.36116540906914,0.91503209899819,-0.710275698132921,1.49645892762175,0.374882417342708,0.207993071167575,0.0104433041044344,-0.239509734342896,0.342857548364707,0.44850589341408,0.566532765276704,-0.277522937462631,-0.976145788122707,-0.58964979375619,-0.21396683860365,-0.533836942520802,-0.165852394510387,-0.23600364120476,-0.673881504635512,-0.402359601765361,-0.257506183800045,-0.436621602456179,-1.04813857980274,-0.709389340354984,-1.07077668937625,-1.05809271932599,-0.114805430650861,0.985671747037421,1.01448754905113,0.941570433447291,0.872638442876987,-0.779598642789415,-0.665881730079667,-0.241958561604024,-0.739281849167541,-0.115382978305131,-0.868190997905353,-0.761514569480531,-0.987985994494734,-1.16878960722883,-0.59953003312486,-0.516755545154489,-0.569295082344151,-0.565868788773144,0.41476482080604,-0.45780329625955,-0.394815653267903,-0.272093994394233,0.164544216239436,-0.15468380482628,0.242485406711466,1.306032774607,-0.601380811530617,-0.0880280749874027,0.726172755495118,0.885155760611249,-1.49233332135427,1.46494625559241,-0.709594525404054,1.7814317839229,0.842367611990508,-0.924361576905879,-0.741943275593805,0.246456615393843,0.244057137085456,0.174528272850755,1.24757278826182,1.03949128049042,0.95469044940847,1.24598066207306,2.12315634038814,1.49645002329959,3.09555405791342,-0.189444898148642,-0.226875569169311,-0.326873593347992,0.690595290266559,0.90955648980559,0.0178321471462401,0.900359925695479,0.0435715764808665,-0.112528209839365,-0.269302611080399,-0.391348688885798,1.91607244438582,1.10046903104586,0.412961487811192,-1.05618654703309,-1.01683029266498,0.339056972600567,-1.23652302704496,-0.115382978305131,-1.12679008480058,0.190080215368281,0.43905062085352,0.0352672065190975,0.413283929954837,-1.63804540312042,-0.211005826876756,0.507116509507333,-0.245486398509103,0.384500575271014,-0.236728129982936,-0.21396683860365,-0.391348688885798,0.134929855663671,-0.321861540250354,-0.20888346424473,-0.403772909970454,0.739536080286516,0.166211111412584,0.414646167749156,-0.293870545825533,-0.639997445119629,-0.324717903551093,-0.736908318327921,1.03450568696218,-0.203340548657311,-1.18175658985325,0.25012818008695,0.886266145735984,-0.90374574703244,0.682832724400303,0.682832724400303,1.1441185431077,-1.01503934364349,-0.218005403435109,-0.467308204356106,-0.437625211293547,-0.776275543828826,0.401605753908883,-0.304397343978269,-1.68278186869654,-0.286904425214791,-0.307399221155361,1.56287133274974,-1.64963732071814,0.711095016407226,-0.00131209356022966,-0.112941966464035,0.592406217722805,0.936160966283394,-0.932377159094426,-0.713534013953022,0.282502572227728,-0.677292433989011,-1.1807845918921,-1.88864725924269,1.51611184073429,-0.925514645691636,1.28285890313643,-0.043039574199713,0.261208422753086,-0.433845179637909,-0.34476848053886,-0.782770299686468,-0.576459764357761,0.670236143756844,-0.375210946038594,0.339056972600567,-0.472016707391195,-0.803145557548822,1.24617841650832,1.94017401823234,-0.375024355916575,-0.52457500537974,-0.513073583706566,-0.808871504665675,-0.0579168405136468,-1.77065303572414,-0.744267573836537,0.275517297051724,0.141460545004487,-0.484813844404564,-0.0435165600327901,0.589231434646941,-1.56531543697313,0.632481160315823,1.36041638304123,-0.648184017845477,0.682832724400303,-0.149937701058835,-0.445688830173635,-0.484813844404564,-0.423751167976071,-1.27914465555075,0.192692898382022,-0.343626531286471,-0.00769059703221596,0.627080642775015,-0.305119864602728,0.749003691009788,-1.62901145578789,3.20675843349157,-1.23321624918318,0.40957417248383,0.372996185038278,-1.38334975138032,-0.4325599573896,-0.20723524876017,0.424690178217426,-1.70972241982659,-1.18906929810375,-0.733880170107544,0.799837073718665,-0.0809549871536759,-0.34476848053886,-0.655889570517129,-0.0869550913836323,3.14906289709809
comm.and.crime_point_1325,comm.and.crime,regression,0.22,0.402073827864194,anomaly,1.5439163140198,0.524070428289996,-0.138628602798245,-1.181279292688,-0.35364645738641,0.681381190302317,-0.544247527234835,-0.619472066787389,-0.478219682404748,-1.0717667847882,-0.518086685259539,1.76819839289887,-0.0317506535508209,0.682832724400303,-0.960646585528377,-1.79404834513599,-0.98756602720718,-0.0880946194298402,1.72139727595486,0.325122543110906,1.13838623542042,-0.734789774559444,-0.472248714197789,-0.631940707748796,-0.647450780341448,-1.11367071036067,-0.0632363539352424,-0.744365214371393,-0.043039574199713,0.599524856895403,0.347734953712392,0.230460115746014,-0.342626081484969,0.279314681750966,-1.15535164718726,-0.772702590882484,1.19347340851834,0.044119426439209,0.0464914919194661,0.102796409725239,-0.139385171807338,0.0709728459924523,0.0856569458362924,-0.826346068089685,-0.499651675583395,-0.293946934953727,-0.56700559922129,-0.537231871548822,0.525175431526179,0.0188878262786913,-0.149937701058835,0.0435102601731493,-0.34476848053886,-0.731260008940213,-0.998566532067046,-1.28575565486694,-1.52781963292701,-0.684350728885536,-0.728321444677741,-0.738257558223326,-0.736210329354915,0.679234591957959,-0.548829847861638,-0.649181537796562,-0.691582097088426,-1.25095605562007,-0.914542988132221,-1.34229302980988,0.139036026194378,-0.649009732299257,0.375718243440288,-1.23321624918318,0.220547338478165,-1.18309340420237,-0.100894450061688,1.12720355807459,2.25765848685121,-2.12579870714607,0.887478804484488,0.712284992624459,-0.912061542959443,-0.878848277811454,-0.803145557548822,-1.26014912685317,-1.25410891864968,-1.22022225196689,-1.33128639204901,0.0582574288134486,-1.44042787894386,-0.850581459313604,-0.286904425214791,-0.0276726255657857,-0.759522743786688,0.837417660326429,1.07498067642251,0.865621942326106,0.446321675027228,-0.230503261067549,-0.112528209839365,0.298247168141235,-0.391348688885798,2.82894570415342,-0.319088773758589,-0.375024355916575,2.10944599526986,-1.72852524229167,1.37581220011629,0.703657382637049,-0.230075729421995,0.223072592487436,-0.551753470686607,-0.694834028068417,0.511493909447407,-2.17836166037687,0.423866989262996,0.133665832754111,0.402681671401718,0.578342721049512,1.30525076771888,-2.1246357062798,-1.25096306541953,-0.391348688885798,-0.413219819433159,-0.413219819433159,-0.316872478427771,1.19420787276746,-0.0435165600327901,0.970640616647273,0.930046029669001,0.229719548950016,-0.639997445119629,0.706989613046053,1.96159447782299,-0.719300011366178,1.67800845219631,0.82897837806628,-0.435042880192443,0.927243136822718,-0.90374574703244,-1.56531543697313,0.30064753696682,-1.76062214474864,-0.897080987655194,-0.597934995088079,-0.467308204356106,-2.37780562097556,0.848357930562082,-1.33538393159564,2.87025954390342,-0.0450487366494222,-0.286904425214791,-0.307399221155361,2.1517233436152,0.294983219209284,0.137926467172162,1.3591714771705,-0.20666076843211,-0.229179716068034,0.342031597235068,1.08097977620649,0.0305326795277526,1.04923188615163,-0.924361576905879,1.46494625559241,-0.177731018223659,-0.0278472343569434,0.683344364777741,1.22946112309564,1.83282733190363,0.690642284420326,0.347766031238483,-0.230075729421995,-0.565328047091832,-0.533447461928133,-0.864272121234376,-0.862800033163321,1.49100722539581,-0.708757207400764,-0.888160673235742,-0.919685446737523,-0.970100277440667,-0.453822940289352,0.207993071167575,-0.513073583706566,-1.00672353855961,-0.333979422149212,0.648228546406218,-0.791896494605177,-0.696016939253532,-0.574978601284565,0.444479772930899,-1.07127315045188,-0.472716577020044,0.682832724400303,0.914414288271889,-0.912061542959443,0.0449669127109041,0.682832724400303,-0.333979422149212,1.08050647699832,-0.653776320283739,-0.483059080444962,-0.826346068089685,1.76510299812845,0.0462183158830917,1.11916614766899,1.58543389941778,0.955364950824539,-0.987985994494734,0.0427225572111723,1.98815826178241,-1.23321624918318,3.92278703254769,-0.519933227992503,-0.224640267159436,-0.590386957395979,0.999267192196847,-0.733827980135861,-0.145179466755593,-0.370281702344836,-1.62342712020071,-2.25283109618874,-1.8103239964757,-0.34476848053886,-0.0916995301342629,-0.347885794497196,-1.54182409594283
comm.and.crime_point_1204,comm.and.crime,regression,0.03,0.00854380063535498,nominal,0.934069217061446,0.524070428289996,-0.375024355916575,0.406829610927298,-0.669300457399169,0.927243136822718,-0.44849760935004,-0.576459764357761,-0.413784920142767,-1.21107795253813,-0.818378775954126,0.149763831780583,-0.265657561852559,0.682832724400303,1.52308379449023,0.283443955619646,-0.056684368540964,1.48431548031659,0.16626443468128,-0.890344957479674,-0.0551894052506902,1.48455460924486,1.72545551544416,1.56287133274974,0.284985896226672,0.100102838577144,2.49547488281137,0.894257260188728,-0.433845179637909,-1.19498893326411,-1.05834216749048,-1.05343997459746,1.90410153568606,-0.759408496192192,0.338588862534303,-0.328007702771107,1.82040780541551,-1.36346675467731,1.92526463671364,-1.70581571667588,-0.766389757209749,-1.47038902675529,-1.60273541702231,0.0145655943380156,1.43126877382367,1.45063237705275,1.21585698484158,1.29037779529945,-1.13544611760276,-0.951202378562316,-0.333979422149212,-1.08718945331896,-0.34476848053886,0.0903259248506256,-0.334821036824805,-0.392446673750327,-0.0916995301342629,-0.302657597962493,-0.432129185345187,-0.44257322543477,-0.395527248191373,0.41476482080604,-0.548829847861638,-0.852674245419489,-0.639146084251652,0.518419284204312,0.288567385435518,-0.0744702805928035,1.81342266522118,-0.791896494605177,-1.8850450588947,0.726172755495118,-0.444061083654919,0.826966057285032,1.89690231232458,-0.29631495662136,1.41103323720088,-0.964342321396976,-1.04789614836431,-0.596520448771979,0.825715694570486,0.97826452374882,1.23721721893725,0.609243573505277,0.752791255597911,1.23662357736453,1.01168365715287,-0.295725241742213,0.535289982565372,0.655180777523025,-0.286904425214791,-0.226875569169311,-0.370138508391861,-0.532924460232356,1.35068765411737,0.0178321471462401,-0.209511353715802,-0.413219819433159,-0.358722252432842,-0.0946719097814345,-0.391348688885798,0.774980869676324,0.584266192935153,0.412961487811192,0.773944766485803,-0.483059080444962,1.08782463691748,-0.323496951900488,-0.115382978305131,-0.694834028068417,-0.323496951900488,-0.802823042251458,0.511493909447407,-0.138130025434889,-0.156045871094839,-0.06328940132067,-0.537231871548822,-3.0077369758527,1.45063237705275,0.117254540572726,1.02055247903431,3.10387046402108,-0.413219819433159,-0.595936377798769,-1.61274064862427,-0.533338919381635,0.592713710226646,-0.810596144943824,0.775426071093047,1.15607125509137,-0.352747691465246,-0.324717903551093,0.189443387813436,0.102796409725239,-0.81022732312622,-0.758443965028085,1.03318082040625,0.59942720812885,-1.47267045724008,0.682832724400303,0.682832724400303,2.24024710456292,2.46473215801113,0.22524578682669,-0.755295767554917,-0.665881730079667,-0.632925531382569,0.848260244467189,0.695837017957058,-0.64058805739383,-0.286904425214791,0.23880827036468,0.33163531003105,0.243808994474351,1.04544333679435,-0.890859043653398,-0.862692382208638,-0.685616345951833,-0.648184017845477,-0.363384981726775,-0.844839901037864,0.223523394233582,0.516875090109185,1.89690231232458,-0.35472235350149,-0.579261189746669,0.970640616647273,-0.959847858576748,-0.433845179637909,-1.02709316224863,-0.35568405855027,-0.34476848053886,0.173975611729931,-0.533447461928133,1.30520508099459,-1.62901145578789,-0.697698254915155,-0.629843707397574,0.259543388537675,0.0311816151752862,-0.493873574512357,-0.375024355916575,0.888234856532939,-3.70855272760961,-0.0174633690899362,-0.241958561604024,-0.0597367947051054,-0.601380811530617,0.824645343659043,-0.574978601284565,-0.569295082344151,-0.288220510132573,0.707225658165495,0.682832724400303,-0.616079834918179,0.558365350335113,-0.994759483123667,0.682832724400303,-0.241958561604024,0.317408823412342,-0.484813844404564,-2.49952810438724,-0.308861968134177,-0.874299669303055,-0.343626531286471,-0.44863454061095,-0.886108709818829,2.30588439592518,-0.144305290106824,-0.375210946038594,-0.58964979375619,0.726172755495118,0.0425220826264111,-0.519933227992503,1.17800805584479,3.23691779275872,0.697641581957593,-0.377360854488696,1.46677387883271,-0.4726301518147,0.731255982987085,-0.409710691716343,-0.229186616524135,-0.230075729421995,-0.655889570517129,0.956767721070621,0.828839223120861
comm.and.crime_point_1568,comm.and.crime,regression,0.5,0.0119316478461103,anomaly,-0.407594396246943,0.87205458879957,0.334162903438415,0.528991834282321,0.672229042655054,-0.384020577952752,-0.256997773580451,0.154749376945913,0.294997464739033,0.321344892711017,-0.0376193401481986,-1.35705455270886,0.358094193618742,0.682832724400303,-0.244185898984547,1.04883585589804,-0.497628312119698,-0.76198466217831,-1.3888684065923,-0.215085234929352,-1.36812260998891,-0.381712258954214,-0.472248714197789,-0.36428070280995,-0.589173488055941,-0.567472613338656,-0.114410578670175,-0.252778472003357,0.269604910150844,0.293144453697438,-0.0740881826484698,-0.0164437477815769,-0.151415220449137,0.378240698697934,0.568425864029928,-1.11857639274689,-0.459353637846922,-0.609402729079175,-0.114546206205749,0.486441406234567,-0.139385171807338,0.813110043982106,0.684763913302247,1.11421930674347,-0.0540546487971503,-0.197025862064479,-0.0641469216650966,-0.0672751000735523,0.228635869181726,-0.266432822203958,0.12612488057673,0.391417864324567,0.114002523928599,-0.366110705033174,-0.571872999411319,-0.144305290106824,0.113460484550416,-0.217836902201817,-0.262876465726585,-0.10464827367642,-0.0122587818823892,-0.0260181311138255,-0.184723641453285,0.470028354129537,0.462010185320604,0.813315174175043,1.30171296317677,0.295311354595511,-0.114658919112713,0.351197603842184,-0.377869524004709,0.726172755495118,0.287008180691474,-0.255373652746643,-0.26287797133625,2.78032183320536,0.0881812846222431,1.10046903104586,-0.0184413862106956,-0.305674795128326,-0.511036026606383,-0.533338919381635,-0.505592652644603,-0.302655304718355,-0.489575518936313,-0.575803673781598,-0.300379570400185,0.117254540572726,0.268301082361422,-0.798658623560617,-0.286904425214791,0.17153031803774,0.0625106420468348,0.641654500246602,0.247859743337919,0.416792050760294,0.547219064064617,-0.230503261067549,0.823009152015846,-0.181987260430917,1.81396815759116,-0.594329019975073,-0.792274708693406,1.27974591591174,1.96105696984941,1.29617829362176,0.511849510519854,0.24714434506481,-0.34476848053886,-1.61274064862427,0.0759519559752211,-0.478855999702333,0.82897837806628,-0.0278472343569434,-0.735958731452675,-0.752632720582405,1.29037779529945,1.06294808549576,1.7413955957205,0.117254540572726,1.95878716043915,-0.391348688885798,-0.413219819433159,0.591721251577697,0.00709456412135369,-0.274206900559272,0.00542422998716656,-0.293462891578667,0.826966057285032,0.0283387432671127,-0.352747691465246,-0.567472613338656,-0.173042062415791,0.760473546598372,-1.23504806525446,2.20474440874806,-0.239279720112616,0.927243136822718,0.565976421003951,0.682832724400303,0.682832724400303,-0.0616228744930443,-1.07401852163763,-0.0913622062174521,-0.0641256158777693,0.0188878262786913,2.99860811725593,0.351977477180183,0.0869987106920766,-1.18649910140954,-0.286904425214791,0.293429019516684,-0.471344704785489,0.550854342883945,-0.291949944754136,-0.9955116260173,-0.487817174336336,-1.09640931284725,0.391542377989094,3.05056808247913,2.08765824385695,-0.95606016564934,-0.553757862530577,-0.748828535159937,0.176251652332003,1.95724300504607,0.510966613656022,0.962472222891692,0.113282667975565,-0.060866973497344,-0.121200695287352,-0.230075729421995,-0.391374245016123,-0.576459764357761,-1.7108973708847,-0.584177697663477,0.0510694094017551,-0.472016707391195,-0.888160673235742,-1.18381518615775,-0.017646871584048,-0.453822940289352,0.731255982987085,-0.822313500858473,-0.660482479245224,0.0341040200315418,-0.0597367947051054,-0.506122969993337,-0.696016939253532,0.909073916028471,-0.0201670357368324,0.739536080286516,0.412240099369111,-1.56531543697313,1.55883286645718,2.34070097857094,0.342031597235068,0.682832724400303,-0.333979422149212,1.58923824605564,-0.527054463374357,-0.542366992913852,0.337993156810208,-0.874299669303055,-0.343626531286471,0.38425957503777,-0.482591549127137,-0.485189123949481,0.798631967738489,-0.514522113788516,-0.308434369515615,0.726172755495118,-0.324530007231007,0.038147655151735,-0.224640267159436,-0.629843707397574,-1.71536329995644,-0.511036026606383,-0.524462606894016,-1.29141774757362,-0.9955116260173,0.454251997880092,-0.624470961512025,-0.34476848053886,0.9853905469603,-0.173931992421487,0.7783995780344
comm.and.crime_point_1944,comm.and.crime,regression,0.16,0.0521239794970419,anomaly,-1.50531917077199,1.56802290981872,-0.375024355916575,-1.12019818101049,-0.669300457399169,0.804312163562517,-0.639997445119629,-0.18934904249111,-1.05813254276258,-1.55935587191293,-1.11867086664871,2.9959763358162,-0.265657561852559,0.682832724400303,-1.10393872283714,-2.34075684533485,-0.693603398154691,-0.593512151491192,2.35496991499225,-0.125050605255976,2.21260431202442,-1.1887465803376,-0.9955116260173,-1.16726071762649,-0.938837241768986,0.160791516024035,-0.370281702344836,-0.635123716067385,-0.199361816374992,0.599524856895403,0.160258004218676,0.674887070095679,-1.25087767140517,0.32877769022445,-2.07469965316976,-0.575060418388539,-1.20027610690721,0.546828776837966,-1.45652702391587,1.25373139925322,-1.79239726059551,0.299322753066192,0.684763913302247,-1.66725773051738,-0.499651675583395,-0.487789080732225,-0.658434449686053,-0.11949251912636,0.110020044243945,0.760721512333579,-0.241958561604024,-0.652304948129686,-0.34476848053886,-1.46155861675429,-0.0977690742382896,-0.243561843564225,-0.194279537476602,-0.769171424646212,-0.559068725059139,-0.569295082344151,-0.565868788773144,0.546999706382,-0.639856399463727,-0.496562007079367,-0.48183804574133,-1.01503934364349,-1.67440217143816,0.400963250363601,0.64642591680856,0.351197603842184,2.17273522734759,-1.23321624918318,1.2839208138911,-3.70855272760961,1.03299019886025,1.03536365390065,-0.652615808821794,1.444604256453,1.21690432837365,0.27601651215898,-0.64471119872407,-0.749282268400272,-0.803145557548822,-0.530630024274263,-0.72849220634674,-0.736908318327921,-0.581535976304412,0.648228546406218,0.748881102728531,0.655180777523025,-0.286904425214791,-0.226875569169311,-0.672992913698949,-2.34373369097075,-0.854968167441532,-1.777487419117,-1.92476696735142,-0.139144981884744,-0.70339391206371,-0.618564013678328,-0.391348688885798,-0.776903671928593,-0.878308515045191,2.85571760336727,-0.957260530086126,0.940330818808414,-1.50406343187183,0.475400863850929,0.114002523928599,0.115083578304395,1.04604216081623,-1.99070219826491,-0.440959496409212,-0.413837003129751,0.101693177953087,0.182904641272807,0.0371597380320633,1.59601398638663,-0.0516442527306052,-0.531713688779321,-0.806536111069869,-0.391348688885798,0.134929855663671,0.134929855663671,-2.26067473372252,-0.231018230755544,0.494832130186732,-0.350922141952573,0.414646167749156,-0.535527512645018,1.22712595363386,-0.385406580997984,2.16297528350589,-0.280848586784089,-0.385406580997984,-1.86963960519414,-0.435042880192443,0.558450217042117,-0.145179466755593,-0.193945058535335,-0.216426540149069,0.65086069045285,0.69535681818675,-0.724578192305735,0.223861947321042,0.4183367341544,-0.537358856418398,-0.491703227207728,3.26165559857376,-0.392446673750327,-0.286904425214791,-0.689744465219389,2.8476393564562,0.346157443944216,-1.24723086014591,-0.943185334835349,-0.628395377288449,-0.594329019975073,0.688607062513258,0.336913082725718,-1.15122030423583,-1.84074783556153,-0.594936053016721,0.331061606670478,1.59218233455465,-0.524119794207697,-1.67248490055242,-1.06664341865833,-0.35568405855027,0.798000749837136,-0.433845179637909,-0.000690227188266011,-0.695793398648614,-0.576459764357761,-1.1288425117501,2.06273448958504,0.0510694094017551,-0.472016707391195,0.557096293441894,-0.127296228476849,-0.388045418306067,-0.453822940289352,0.992887438896841,0.414646167749156,-0.116389386036903,0.586229183302673,1.23819966399899,-0.696638653067897,-0.484813844404564,0.141460545004487,-0.696016939253532,-0.630806040272269,-0.531713688779321,0.682832724400303,-0.374422868098694,-1.04573671507713,-0.499651675583395,0.682832724400303,-0.241958561604024,0.978760123186855,-0.696016939253532,0.110020044243945,-1.21445914305632,1.93357550881557,-0.187688592418646,-0.889578484189684,0.173123836996862,0.235087913437529,0.848260244467189,-0.305555362163633,1.70694283754184,0.726172755495118,-0.0623499430471371,0.149763831780583,-1.0174414932053,-0.35364645738641,0.848454387077221,-0.199127291665113,0.70820759855586,0.192634769739419,0.678929691805134,0.857434586358428,1.25312967718045,0.114002523928599,0.9853905469603,-0.217420442940414,-0.280832968781291
comm.and.crime_point_0361,comm.and.crime,regression,0.41,0.172199053210806,anomaly,-1.6882732998595,-1.21585037425788,-0.296225771543798,-0.203981505847819,0.908969542664623,-0.465974560126219,-0.352747691465246,-0.447422857068877,0.230562702477051,0.112378141086133,-0.0376193401481986,-0.352508963049232,-0.499564470154296,-1.56531543697313,-0.578534219371668,0.0647605555401046,0.580234661072763,-0.425039640804075,-0.236918153797056,0.235087913437529,0.60127719711842,-0.58347083930006,-0.52457500537974,-0.41781270379772,-0.705728072626956,-0.628161290785547,-0.830849724959226,-0.416640719459369,-0.199361816374992,0.380681711753999,0.160258004218676,0.0329370249239415,0.0397956405866952,-0.215315402983871,-0.00616663970913513,0.0672766422167828,-0.231377493520679,0.345745036678463,0.153849957336276,-0.116429302565806,-0.823390174064514,0.0138853692240173,-0.0777358634726045,-0.244176455639738,0.0944776934649314,-0.10010478917523,-0.658434449686053,0.246029414243294,-0.720290730320524,-0.551753470686607,-0.241958561604024,-0.13044354190256,-0.34476848053886,1.00319918461822,0.613386813521254,0.252720923722782,0.113460484550416,-0.260247250082155,-0.389816005440537,-0.44257322543477,-0.480698018482259,0.546999706382,-0.548829847861638,-0.445688830173635,-0.376966020067782,-0.0123933177430025,-0.218005403435109,0.348137302479556,-0.0639199300512947,-0.363236207687417,-0.899584132235861,0.726172755495118,-0.244678557014993,-0.616153556090535,0.00709456412135369,-0.709594525404054,-0.0705609496871936,0.928401418342293,1.29926070934593,0.27601651215898,-0.733827980135861,-0.662904928792817,-0.633115326174983,-1.07776935120844,-0.919625556275082,-0.777184479464502,-0.8158329812246,-0.94469347109426,-0.425870058168848,-0.487121609042694,-0.286904425214791,-0.226875569169311,-0.54319816856734,-0.483983670212399,-0.413837003129751,-1.12917757574417,-1.82386957831403,0.226288134846476,-0.900349146138491,-0.618564013678328,-0.391348688885798,0.0446822618622457,-0.878308515045191,0.176565734692862,0.477166715644901,1.23687038115287,-0.00652810323800724,0.24714434506481,-0.34476848053886,0.277067099578957,-0.494689340990077,2.32885836905675,0.458579831344262,-0.138130025434889,-1.12256730502457,3.77733766313757,-0.328362195337591,-0.197025862064479,0.0452768201586437,2.35914478742525,-0.954678429186424,-0.391348688885798,-0.139144981884744,0.683079530760502,-0.0468999429701671,0.460000486104092,-2.29479290095079,0.510966613656022,0.878506043477017,-0.65635599605476,-0.592122486177232,0.949744322833616,-0.938289124010825,1.25373139925322,0.342857548364707,-0.917186199337522,-1.02233236043192,0.845289154649251,0.850438776107769,0.682832724400303,0.682832724400303,-0.554880727147895,0.105565038245289,-1.10450778395871,-0.294515666436819,-1.35065128643802,1.80402468020379,0.451234030637584,-0.43486269553505,0.401605753908883,-0.286904425214791,-0.853606712675401,-0.739004709724335,0.243808994474351,-0.721826356680434,-1.30946937310901,-0.159801367448073,0.227256913815765,-0.351119333321313,-0.757302642981302,0.774599373008527,-1.01503934364349,0.763944233026054,-0.20888346424473,0.530234322887664,-1.02039235405845,0.970640616647273,2.03042782370749,-0.35568405855027,-0.758696998706609,-0.277522937462631,-0.34476848053886,-0.43486269553505,-0.533447461928133,-0.22930318399663,2.48066799283481,-1.04328333075373,-0.550930207394384,-0.803145557548822,-1.18381518615775,0.617322065653698,0.255364319065638,0.155666779985624,0.208486222981217,-0.957260530086126,-0.149937701058835,-0.35472235350149,-0.0298337623069365,-0.400332606464976,-1.08672084863389,3.44356371978626,-0.875509990372052,-0.708705024057152,0.682832724400303,0.43110035463292,-0.0208937288415306,1.62931189683977,0.682832724400303,-0.333979422149212,-0.140449768739244,-0.696016939253532,-0.127211605631618,-0.308861968134177,0.0242203876949048,5.27013926795523,0.335265803529022,-1.8444619664616,-0.575223753622857,-1.73241014542524,-2.04694495903766,0.582081140579538,-1.23321624918318,-0.114785955883911,0.819460891553668,0.812099797669774,-0.669300457399169,-1.36346675467731,-0.421919245194591,-0.714104176963228,0.550854342883945,-0.9955116260173,0.16626443468128,-0.525649875265053,-0.34476848053886,-0.0916995301342629,0.782813918994912,-0.432151904040676
comm.and.crime_point_0001,comm.and.crime,regression,0.2,0.143304950445144,anomaly,-1.26138033198864,-1.56383453476745,1.0433501627934,-0.814792622622935,-0.629843707397574,0.59942720812885,-0.161247855695657,0.111737074516285,-0.54265444466673,-0.166244194413711,-0.277853012703869,-0.575741316306927,1.05981491852395,0.682832724400303,0.0423983756329848,0.884823305838383,0.237278260511525,0.58579542331863,-1.04328333075373,-0.75529301296961,-0.293904533384912,0.0722445468239389,0.260319362349526,0.117507306079973,0.168431311655657,0.403546225811598,-0.267933252874971,0.129566772060671,0.191443789063205,-0.494690868811617,-1.01147293011705,-1.00405920189194,0.565625508435234,-0.462630445351289,1.02809986702118,-0.82211313400597,-0.174383457439118,-0.709944599158927,0.422246120878301,1.19892497118046,-0.196385588662103,1.49815976520332,1.39279942030747,-0.891031580584123,-0.301608552567286,-0.148565325619854,-0.247004622594622,-0.11949251912636,1.41479411855954,1.33136280929888,0.0341040200315418,-0.478351146053977,-0.000690227188266011,-0.366110705033174,-0.42964182185941,-0.144305290106824,-0.194279537476602,-0.472298989483845,-0.474442365249838,-0.44257322543477,-0.438112633336816,0.458843115998027,-0.412290020458506,-0.649181537796562,-0.639146084251652,-0.779122631666902,-0.661256593696907,-0.655555707317298,-0.0639199300512947,-0.458494049224697,0.0858767944229815,0.726172755495118,0.885155760611249,-0.0492137079787055,-0.154888957153209,-0.709594525404054,-0.917186199337522,0.670299999286939,-0.512579672044432,-0.887366102415632,-0.199127291665113,-0.317395570362999,-0.378069979114223,0.062104246571098,-0.107308819079628,-0.173042062415791,-0.20666076843211,-0.649707912297875,0.0547099621982618,-0.798658623560617,0.102933683049804,-0.226875569169311,-0.413403423435731,-0.924450780392009,-0.193271420973861,-0.580607708274842,-0.0581652701597183,0.500362972394892,0.133665832754111,0.167274142167012,0.940163369364442,-0.822547334916973,1.65968877233247,-0.296225771543798,0.526629724118384,0.0507121317750543,-1.50406343187183,-1.86422845370679,-0.34476848053886,-1.88271318408187,-0.894138248865786,-0.20888346424473,1.56977547151032,-0.082988629895916,-0.800393493714657,-0.506438677988928,-1.47714541449936,1.30525076771888,-0.0516442527306052,1.06120832872116,-0.510251474836759,-0.391348688885798,0.134929855663671,0.0435715764808665,0.978995691768727,-0.576527589185363,1.03318082040625,0.396048112908209,0.414646167749156,-0.938289124010825,-0.304872732522849,2.83109332368723,0.511652676906082,-0.0616228744930443,0.221480193470925,0.511493909447407,0.984240030386299,0.804312163562517,0.044462103313619,-1.56531543697313,-1.56531543697313,-1.10294500787551,-0.0713724957371486,0.161924188217862,0.972629611637952,-0.665881730079667,0.418307893223313,-1.38501220832434,-0.782770299686468,-0.342818397021626,0.200393210115953,-0.580502966915381,-0.578408706761027,-0.165584803405107,3.05153325911707,-0.629227587743642,0.636808449280568,0.318544239792525,-1.53937807141797,2.56911316316804,1.60620332454586,0.69535681818675,3.02874470976401,-1.1807845918921,-0.0597367947051054,1.24040486303943,1.37285536926462,-0.425870058168848,-0.277522937462631,-1.08077239495704,-0.277522937462631,-0.34476848053886,-0.43486269553505,0.197761679375541,1.09354876858201,0.321344892711017,1.54860473803558,3.23691779275872,-0.548100210488063,-0.0216443327087585,-0.335131340202921,-0.453822940289352,-0.158290967106083,-2.42005307280999,0.576092732591868,0.0341040200315418,-0.413719465260767,3.87573774072154,0.0643142022027552,-0.574978601284565,-0.569295082344151,1.13106240044617,0.23524876409128,0.682832724400303,-0.454975190371856,-0.3328024637828,0.738117843267285,0.682832724400303,-0.333979422149212,0.113916115789414,1.1203296764476,-1.19475403007165,0.402678669304647,-0.144252122992213,-0.499564470154296,-0.056684368540964,-0.633910484386522,0.145053283764153,0.500862307366285,-0.305555362163633,-0.0740881826484698,0.726172755495118,0.566882210994152,-1.52447881765213,-1.20039562229281,-0.51147345739279,-0.0564224436405426,0.469248568923321,3.0313168319037,-0.267933252874971,-0.472248714197789,0.569447023159616,2.04369836715624,-0.34476848053886,0.0621704808792462,-0.217420442940414,-0.129514033521907
comm.and.crime_point_0312,comm.and.crime,regression,0.12,0.157554185838313,nominal,0.324222120103087,-1.21585037425788,0.0977671503200851,0.651154057637344,-0.235276207381626,0.47649623486865,-0.161247855695657,-0.490435159498505,-0.0271763465708762,0.0427225572111723,-0.277853012703869,-0.966397934507894,0.124187285317004,0.637869761172835,0.615566924868049,1.21284840595769,-0.497628312119698,-0.0880946194298402,-0.928088305474204,-0.710275698132921,-0.532619661519134,0.47576170751563,-0.00131209356022966,-0.150152698858873,0.57637235765421,0.160791516024035,0.294983219209284,0.129566772060671,-0.277522937462631,-1.01991441715099,-0.58964979375619,-0.362109156720205,-0.342626081484969,-0.314241419930838,0.85572211589946,-0.476239332141566,-0.288371529602239,-0.358048053879797,-0.114546206205749,-0.33565501485685,-0.196385588662103,-0.271552014618157,-0.350057212320766,0.920162769260154,0.688607062513258,0.675263793938761,0.758712732517766,0.768203604771372,-0.0679036931627271,-0.209368692507428,-0.149937701058835,-0.260908893459341,-0.230075729421995,-0.320467042044794,-0.382231429342107,-0.392446673750327,-0.245569541147772,-0.514709337364183,-0.516755545154489,-0.527054463374357,-0.523283403627701,0.546999706382,-0.503316572060594,0.0630429388836828,0.147394108299959,0.872294352169189,1.3650345617856,-0.655555707317298,1.10307681836132,-0.506122969993337,-0.783647552628939,0.726172755495118,-0.0452960303750682,0.0538662644052637,0.871006677585685,0.943523749726722,2.09891625254177,0.842367611990508,-0.800827005447445,-0.451097621950152,-0.110010510253322,-0.14464089114809,-0.165532189896924,0.563648629594096,0.274957880777056,0.0686149044036935,0.261933241408267,-0.649707912297875,0.748881102728531,1.1744091350529,0.102933683049804,-0.226875569169311,-0.54319816856734,-0.875509990372052,0.523566721032782,0.416792050760294,0.14362950791506,0.0435715764808665,-0.211005826876756,0.865796947362869,-0.391348688885798,0.501118891746045,0.111080258000336,-0.375024355916575,-0.264778411457355,-1.60990941735388,-0.985685818113966,-0.722945859776196,-0.230075729421995,0.0610890712128745,-2.20661323188597,-0.694834028068417,0.0881812846222431,-1.13067514513639,-0.284915395618803,0.379859875347588,0.402681671401718,0.966027012606508,0.529882184604888,-0.413719465260767,-0.855916883775387,-0.391348688885798,-0.321861540250354,0.0435715764808665,-0.478855999702333,-0.446961579774181,-1.21809552051175,1.43031461963852,1.23928594682091,-0.777184479464502,-0.592122486177232,-0.506783935891765,-1.17994609083031,1.30853782732598,-0.81022732312622,0.987720612375717,1.08212161042621,0.0667263240013159,-0.951156139549743,-1.38546358406325,0.682832724400303,-0.390461442929611,-1.42789358960251,0.351888984044347,-0.294515666436819,-0.323496951900488,-0.537358856418398,0.302349200451482,-0.695793398648614,0.10383609353668,-0.286904425214791,-0.908227461827405,-0.578408706761027,-0.574978601284565,-1.48605108899385,1.41149776835245,-0.722114179256525,-0.457398031009934,0.0944776934649314,-0.450922239783337,-0.757302642981302,-0.130351673731295,-0.389045100585998,0.0610890712128745,1.23819966399899,1.57125323627326,0.510966613656022,-0.212278938005688,-0.277522937462631,0.798000749837136,-0.35568405855027,-0.115382978305131,2.08746743456273,-0.576459764357761,0.0881812846222431,-0.79314444928836,0.627044535799378,-0.51147345739279,0.174528272850755,-0.338600020013028,2.99845558029525,-0.375024355916575,0.731255982987085,-0.203833666554659,0.32877769022445,-0.241958561604024,0.294245875850557,1.39903386075226,-0.611535701313945,-0.114410578670175,-0.653776320283739,-1.80538500075123,-1.82965014748341,-1.56531543697313,-1.17994609083031,1.40497477374713,1.38175799306964,0.682832724400303,0.12612488057673,-0.649181537796562,-0.569295082344151,-0.601674905382743,-0.308861968134177,0.698110430443375,-0.109719622984733,-0.595615855137194,0.828839223120861,-1.02539690198974,-0.342818397021626,-0.375210946038594,-0.823995980623335,-1.23321624918318,-0.376966020067782,0.038147655151735,1.17800805584479,-0.629843707397574,-0.760215534198803,-0.600152808018174,1.18231152372889,0.499680118149013,-0.210617258288034,0.396654485240329,2.98249868650247,-0.34476848053886,-1.42523962558467,-0.347885794497196,-1.13830693525114
comm.and.crime_point_0974,comm.and.crime,regression,0.65,0.023732722253207,anomaly,0.324222120103087,-0.171897892729153,0.0189685659473083,1.20088406273495,3.23691779275872,-3.08850198967716,-0.44849760935004,0.584872401242192,-0.0271763465708762,0.391000476585978,0.142555914268554,-0.743165581250199,0.0462183158830917,0.682832724400303,0.376746696020106,0.611469055738957,-1.13454734173342,-0.9866146764278,-0.58250322963563,0.550209117294346,-0.950371135754022,0.223563482083323,-0.105964675924132,0.492231312994358,0.343263188512179,0.100102838577144,0.141460545004487,-0.307399221155361,-0.043039574199713,0.0743013085560334,0.253996478965534,0.526744751979124,-0.342626081484969,1.02125980885322,0.625885114403834,0.462560987204673,-0.174383457439118,1.35116373747598,-0.705017765998204,0.431634978161806,1.51362691698084,0.756022567213671,0.630299643532615,1.63170340669898,-1.68791041368005,-1.99006571051558,-1.29843640293939,-1.79044992881621,1.71133368090399,1.559619328085,0.494208322757484,3.26165559857376,0.228695275045463,0.957555521629844,1.60900505638462,1.543056118669,1.44700058000083,1.56339770877238,1.93740888931524,1.75393896099451,1.56340046849899,-0.466801083033691,1.135161356777,2.35233589964161,2.19239860893415,1.34412777612236,1.74496415343857,1.14052652074023,-0.77426577691115,1.39903386075226,0.259781663833366,0.726172755495118,-0.178217714801685,0.311566195365187,-0.856817549342979,0.989443701813688,0.299837597034825,-1.30847754680412,0.722766042539909,0.712284992624459,0.291015006099739,0.373623146496638,0.259543388537675,0.791623349150004,0.752791255597911,0.632481160315823,0.730527251248644,0.23524876409128,1.28285890313643,1.58979182107679,-0.286904425214791,0.17153031803774,1.01433877301197,-0.630806040272269,0.46842532549381,0.217312098953267,0.042732118877671,-0.413219819433159,2.00474055646453,1.04042764866183,2.313285179435,-0.594329019975073,0.756333805638724,-0.375024355916575,-0.808871504665675,0.169327956712836,-0.0641256158777693,-0.0381763034178386,-0.230075729421995,-0.586845013885375,0.190080215368281,0.277067099578957,-0.017646871584048,-0.579261189746669,-0.349350157880785,-0.112528209839365,-2.31262411934429,-0.487789080732225,1.06294808549576,0.176251652332003,0.872410160917752,0.856943865723802,-0.230503261067549,-0.504578098615964,1.41095174850089,-0.792470938203999,-0.532924460232356,1.08555911739508,0.46618615394114,0.551928838042662,-0.639997445119629,-0.628161290785547,-0.253594384688952,1.03450568696218,-0.264029226104202,-0.388045418306067,0.592713710226646,0.722358181389051,0.897849168625072,0.682832724400303,0.682832724400303,2.1306342484174,0.518419284204312,-0.724578192305735,-0.812893280194679,-2.94844691794086,-0.202875494043799,-1.33538393159564,-0.478351146053977,-0.442074950479027,0.102933683049804,2.09591374153282,-0.578408706761027,-0.523804376549633,-0.14865780744537,0.678929691805134,-0.0660825654799971,-0.913834660893733,-0.301608552567286,-0.275847723670213,-0.932377159094426,0.105565038245289,-1.00671795787817,1.03299019886025,0.117254540572726,-0.0278472343569434,0.166211111412584,0.962472222891692,-0.433845179637909,-0.543980067872989,-0.043039574199713,-0.115382978305131,-0.782770299686468,-0.533447461928133,-0.017646871584048,1.29652306696047,0.0510694094017551,-0.629843707397574,-0.505592652644603,-0.180122176360894,0.934806534272571,-0.453822940289352,-0.210617258288034,0.569266126325109,-1.45189061482096,-0.241958561604024,0.353242987609834,-0.458494049224697,-0.146888892646214,-1.29141774757362,-0.484813844404564,-0.973391570411965,-0.472716577020044,-1.56531543697313,-0.334146706962114,-0.689269589429965,1.57980111608575,0.682832724400303,-0.333979422149212,-0.191322945644976,0.57120162984028,-0.838906555258306,-0.502918505617492,-1.21124469067729,0.669970071354392,-1.03655979871593,-0.331272613867753,0.955364950824539,-1.33538393159564,-0.584177697663477,0.44147342845925,0.726172755495118,-0.796454122761974,-0.519933227992503,-1.38334975138032,-0.550930207394384,0.697641581957593,-0.555594417312278,-0.145179466755593,-0.882023949694159,2.24871842726367,-0.58250322963563,-0.229186616524135,-0.34476848053886,0.934100543289131,0.34792941380564,-1.13830693525114
comm.and.crime_point_1793,comm.and.crime,regression,0.6,0.01736435921423,anomaly,0.324222120103087,1.22003874930914,-0.453822940289352,0.651154057637344,0.711685792656649,-0.465974560126219,-0.400622650407643,-0.18934904249111,0.101693177953087,-0.0269330266637888,-0.0976777582871161,-0.129276609791536,-0.343626531286471,0.682832724400303,-0.00536567013660394,0.11943140555999,-0.595615855137194,-0.200409626554585,0.281459459960805,0.730278376641099,2.09324674795731,-0.0790743884354456,-0.262943549469985,-0.150152698858873,-0.297787026628403,-0.385406580997984,-0.523804376549633,-1.01746896013141,-0.35568405855027,0.249375824669157,0.0196502920983885,0.427983206568087,-0.438231512002885,0.378240698697934,-0.23600364120476,-0.229186616524135,-0.00340134919443606,0.647370646917718,-0.812376231415014,0.102796409725239,0.430618996740308,0.698935090445236,0.412442564454086,0.532049694293523,-0.994759483123667,-1.26315766384622,-1.0241498515451,-1.79044992881621,-0.601674905382743,-0.0381763034178386,-0.241958561604024,1.5656060283356,-0.34476848053886,-0.868190997905353,-0.524462606894016,-0.590959780665129,-0.55330956317479,-0.59953003312486,-0.516755545154489,-0.527054463374357,-0.480698018482259,0.502921411190013,-0.321263468856418,0.724394238658196,0.829062275178022,0.754335996180896,0.478532181262003,1.03487462497214,0.291252993378632,0.160681920767624,-0.725679262825477,0.726172755495118,-0.444061083654919,0.672346098709078,0.43905062085352,3.28544130616199,0.194009440828534,-1.22244374045233,0.0639149947615938,-0.596520448771979,-0.243685682371009,-0.274206900559272,-0.293054863427304,0.563648629594096,0.22717454329497,0.108891065540274,0.355652043376342,3.0081130167773,0.321698862402212,1.07056346354692,0.00547415598365529,-0.226875569169311,-0.456668338479601,-0.0924573500527467,0.413283929954837,0.466662038712051,0.0931808133963657,-0.504578098615964,0.379859875347588,-0.00735655913195239,-0.391348688885798,3.1028076820837,-0.491156386462159,0.255364319065638,-0.215315402983871,1.53340994349732,-0.697698254915155,0.988978031119698,-0.34476848053886,-1.1807845918921,0.589529123243989,0.169078085395916,-0.388045418306067,-1.07553374959742,0.423866989262996,-1.14654318873197,1.08150811908822,1.49909291349738,-1.65084195540321,-0.649707912297875,-1.00405920189194,-0.391348688885798,-0.0477867027019386,-0.0477867027019386,0.601034142128082,0.287245806889183,0.494832130186732,-0.925514645691636,0.46618615394114,-0.293870545825533,-0.496372568292438,-0.688849968232438,0.95469044940847,-1.26736429209379,0.221480193470925,-1.55215513657527,-1.21809552051175,-2.80166305207002,0.044462103313619,0.682832724400303,0.682832724400303,-1.37697714823931,-1.07401852163763,-0.471291797870422,0.511849510519854,1.90200410626417,-0.537358856418398,-0.987985994494734,-0.91323565124325,-1.33538393159564,-0.286904425214791,-0.853606712675401,-0.41781270379772,-0.0632363539352424,0.520038833328871,-0.890859043653398,-0.956411184176713,0.592406217722805,0.143988474218959,-0.0570045785288092,-0.450922239783337,-0.484226741696171,2.98756651927787,-0.910812056434499,-0.0597367947051054,-0.303554212051806,-0.0636258900830415,0.214903302320632,-0.433845179637909,-0.705017765998204,-0.433845179637909,-0.230075729421995,-0.826258750205395,-0.447422857068877,-0.758443965028085,-0.584177697663477,0.223861947321042,-0.037992457373652,0.429573619911515,-0.814033550969433,-0.599701730718649,0.649357240929522,-1.04783791719925,0.208486222981217,-0.611019470771741,0.0341040200315418,-0.295725241742213,-0.696638653067897,2.42978886451121,-0.933198174429091,-0.315851368525389,1.18000319046612,1.35619388751754,0.682832724400303,-1.30077457424005,-0.733827980135861,0.787628624021312,0.682832724400303,-0.0579168405136468,-0.59830836089083,-0.231370130585801,0.169327956712836,-0.56760401811193,-0.705827158615937,-0.265657561852559,-0.497628312119698,-0.734789774559444,-1.11543153166311,-0.293190120292925,0.391000476585978,-1.01147293011705,0.726172755495118,-0.691582097088426,3.16340060075947,0.0192985716239078,0.238204792637512,0.295474101638588,1.6723251179825,0.897849168625072,0.65320279235381,-0.367596131833887,1.08782463691748,0.561382073451646,0.916851781746651,1.24184056531615,-0.782770299686468,-0.986987999991752
comm.and.crime_point_1518,comm.and.crime,regression,0.14,0.293129584129369,nominal,0.324222120103087,0.87205458879957,-0.453822940289352,-1.12019818101049,-0.472016707391195,0.59942720812885,-0.209122814638054,-0.275373647350366,-1.12256730502457,0.251689308836056,-0.157736176426034,0.205571920095007,-0.343626531286471,0.682832724400303,0.185690512941751,0.22877310559976,-0.98756602720718,-0.0880946194298402,0.16626443468128,-0.710275698132921,0.541598415084864,0.425322062429169,0.574277109441232,0.438699312006588,1.68364091107885,1.37456506496185,0.0391120955346223,1.16736100594875,-0.35568405855027,-0.582228126868179,-0.730257505876477,-0.362109156720205,-0.151415220449137,-0.611019470771741,0.913181366273366,-1.8103239964757,-1.88420453988594,-1.26292488459756,-0.329263137039369,0.705667118525611,0.943622748433189,0.185147799529322,0.412442564454086,-0.955717093078561,-0.40063011407534,-0.293946934953727,-0.521291173988909,-0.537231871548822,1.53340994349732,0.988978031119698,-0.333979422149212,-0.478351146053977,-0.34476848053886,0.318544239792525,0.613386813521254,0.699375414281087,0.831520535946791,-0.133016206441141,-0.0513105662033324,-0.062407654706626,-0.0548441670278318,0.15029504965412,-0.184723641453285,-0.445688830173635,-0.586710071414878,-0.838101809661048,-1.29447257978519,-0.0216443327087585,-0.672787798788313,-0.315607286918777,-0.145996364790864,0.726172755495118,0.885155760611249,-3.70855272760961,-0.478855999702333,-0.388154860795292,2.41640072116065,0.756333805638724,-0.512579672044432,-0.499571897557428,0.335573396805634,0.33043447669291,0.259543388537675,1.33876267608418,1.08727461797251,0.874138127135308,1.24598066207306,0.471237211128387,0.0547099621982618,1.84940599984173,-0.286904425214791,-0.226875569169311,-0.240343763260253,-1.21809552051175,-0.634402585285642,-0.730217672130112,-1.01669046601492,-0.413219819433159,-0.407961060951538,0.90945462268761,-0.391348688885798,1.32270482553688,-0.878308515045191,-0.217427187171022,-0.808871504665675,0.110020044243945,-1.21607586867302,0.24714434506481,-0.230075729421995,0.547039635036561,-0.380561081597017,2.38285287614827,1.41103323720088,0.0272941611820292,-0.54265444466673,-0.654155103545014,0.768203604771372,1.20832969482963,0.917566476161884,-0.531713688779321,-0.115205293192613,-0.391348688885798,-0.321861540250354,-0.321861540250354,-0.20888346424473,0.891887184141365,0.299068970106906,-1.55756639980461,-1.69849326612221,2.32407992805221,0.652626446325096,0.221480193470925,0.95469044940847,-1.65100928860312,0.889055645386725,-1.55215513657527,-0.581865250252313,0.927243136822718,0.850438776107769,-1.56531543697313,0.682832724400303,-0.445267871002372,0.164544216239436,-0.15468380482628,-0.0641256158777693,-0.380561081597017,-1.11075890620342,0.699375414281087,0.565371666400276,1.4934278419403,-0.286904425214791,3.35219097202891,0.438699312006588,0.960248140763403,0.902151199485581,-1.04783791719925,-0.675254778272487,3.1028076820837,0.143988474218959,-0.582228126868179,-0.407153610755056,-0.425247563702025,1.13454794740136,-1.07279557770906,-1.23967902989064,0.633849512110727,-1.78740340130023,-1.06664341865833,-0.199361816374992,-0.812376231415014,-0.433845179637909,-0.34476848053886,1.65258292937346,-0.533447461928133,-0.22930318399663,-0.862800033163321,1.26061717483676,1.02733979266941,0.174528272850755,-1.07816329038966,-0.176389105893484,0.0977671503200851,-0.838532752471447,0.414646167749156,1.56535290206154,-0.241958561604024,0.117254540572726,-0.696638653067897,-0.653776320283739,-0.4726301518147,-0.696016939253532,-0.826569200352095,0.176251652332003,0.682832724400303,-0.173042062415791,-0.778386370841756,0.787628624021312,-1.56531543697313,-0.0579168405136468,0.012169761977951,-0.231370130585801,0.228635869181726,2.73135711910443,0.0803778912572774,-0.499564470154296,1.36413500521273,-0.280832968781291,-0.215085234929352,0.252720923722782,0.391000476585978,0.628950377952967,-1.23321624918318,-0.796454122761974,0.875268979868092,0.751115087973938,0.356575042642296,-0.257506183800045,-0.555594417312278,-1.28302888717086,-0.01206212920031,-0.105964675924132,-1.3888684065923,0.264918814710728,-0.230075729421995,0.677650524933283,-0.739281849167541,-0.432151904040676
comm.and.crime_point_1525,comm.and.crime,regression,0.93,0.0133982441913763,anomaly,0.324222120103087,0.87205458879957,-0.375024355916575,0.406829610927298,2.13212879271406,-1.81821526598842,-0.496372568292438,0.154749376945913,0.0372584156911057,0.112378141086133,-0.0976777582871161,0.428804273352702,-0.499564470154296,-1.56531543697313,-0.912882539758789,-1.35668154497691,-0.938572255698432,-1.15508718711492,0.742239561078903,2.30588439592518,0.422240851017754,-0.986987999991752,-0.890859043653398,-0.631940707748796,-0.530896195770433,-0.870916000573111,0.602028567618877,-1.07208970928342,-0.121200695287352,1.60620332454586,1.23825046380754,1.71188329691156,-1.1074695256283,1.51588989358806,-1.15535164718726,0.610792616575132,0.167580759050246,1.75333121779498,-1.13445162766544,0.924892830816656,1.00062316528795,0.927284997518976,0.957085262150409,0.790791744271277,-2.67812602876059,-2.66851322074032,-2.39558260851654,-3.04366798608359,-0.245827430569399,-0.437625211293547,0.12612488057673,3.26165559857376,-0.34476848053886,-0.822547334916973,-0.761514569480531,-0.888729441037333,-0.809759581530638,-0.641940381005198,-0.60138190496379,-0.611535701313945,-0.565868788773144,0.15029504965412,-0.230236917254329,1.28399918462125,1.09124233936189,0.40046092821602,-0.0913622062174521,0.982048677088096,-0.977221733156823,0.398826524610824,0.201813374029904,0.726172755495118,-0.37760024144161,0.311566195365187,-0.748828535159937,3.65280092285772,1.88725994012919,-1.13640993410055,1.66986442372124,0.179067960944429,-0.867503152253548,-0.792470938203999,-0.760637999705362,-0.986579463386079,-0.489575518936313,-0.495251351508437,-0.440957773352299,0.530234322887664,-0.853052298495168,0.810949284781987,-0.189444898148642,-0.226875569169311,-0.54319816856734,0.494832130186732,0.578708116571755,1.26458184594016,0.950808620214174,-0.413219819433159,0.084427024235416,0.210931817491753,-0.391348688885798,-1.46155861675429,0.369181677055691,-0.138628602798245,-1.10564955550658,-0.542366992913852,0.454251997880092,0.703657382637049,-0.230075729421995,1.08698470595177,1.78787584687111,0.00709456412135369,-1.49924105847212,1.24040486303943,0.166127940215069,-0.358722252432842,-1.21605831923532,0.142197893047893,-0.584710153621474,-0.118733906464382,-1.44848615624161,-0.391348688885798,-0.321861540250354,0.774437809943307,0.169078085395916,-0.317395570362999,0.641654500246602,-0.293462891578667,1.03312600205297,-1.05911760742057,-0.592122486177232,0.160791516024035,-1.26049841310347,-0.993332151729983,1.67800845219631,0.299837597034825,0.445891340166776,0.271611279434983,1.18231152372889,0.682832724400303,-1.56531543697313,0.870086402743895,-1.25095605562007,0.22524578682669,-0.236918153797056,-2.2636773615825,0.609441243151654,-1.28575565486694,0.478394765362422,0.10383609353668,0.102933683049804,-0.471261468611373,-0.0430886968833349,1.1137708149682,-0.483006127832491,-0.786206461289495,0.824246053216719,0.774980869676324,1.08469330854548,-0.713534013953022,-0.713534013953022,0.341481750221874,1.38161709031822,-0.316872478427771,0.23524876409128,-0.082988629895916,1.02809986702118,0.481892202524582,-0.277522937462631,-0.705017765998204,-0.199361816374992,0.114002523928599,2.18096542220705e-05,-0.232361344920738,0.670236143756844,-0.862800033163321,0.454251997880092,-0.629843707397574,-0.378069979114223,-0.338600020013028,0.299837597034825,0.0189685659473083,-0.838532752471447,0.569266126325109,-0.462630445351289,-0.149937701058835,-0.0597367947051054,-0.363236207687417,-0.738257558223326,2.23960375913671,-0.358091987495182,0.152246600047036,-0.767702135816429,-1.56531543697313,-0.575803673781598,-0.912061542959443,-0.94524870236964,0.682832724400303,-0.333979422149212,-0.649181537796562,-0.738257558223326,0.999638731277305,0.0792511068324541,1.37200047319184,7.06342556493522,-0.350646997593453,-0.684350129472983,-0.0800332904192877,0.848260244467189,3.52550175095922,0.394604191085821,0.726172755495118,-0.848890135598748,-0.631549404621351,-0.224640267159436,-0.629843707397574,0.747912516997469,-0.867503152253548,-0.192589859272896,0.602028567618877,0.103340488803673,-1.3888684065923,0.610792616575132,-0.34476848053886,-2.19458968065222,-0.956724101762177,-0.0790743884354456
comm.and.crime_point_1485,comm.and.crime,regression,0.1,0.147561906282314,nominal,0.324222120103087,0.87205458879957,-0.453822940289352,0.223586275894763,-0.629843707397574,0.722358181389051,-0.544247527234835,0.0687247720866572,-0.284915395618803,-0.375210946038594,-0.0976777582871161,1.04269324481136,-0.499564470154296,-1.56531543697313,0.0901624214025735,-0.153922844539436,0.923191061634,0.192692898382022,0.972629611637952,-0.575223753622857,0.541598415084864,0.1226841919104,0.0510141976217214,-0.0966206978711041,-0.414341611199418,3.43798009815614,3.46778515277508,-0.580502966915381,-0.35568405855027,-0.669765384924741,1.56633512542155,1.06993325173982,-0.677245088297676,-0.512093453824773,-0.178544390830854,-0.575060418388539,-0.858311890417847,0.14466129651896,-0.705017765998204,-0.500074299075133,-0.196385588662103,-0.956601735839376,-0.785771370477824,0.143936619326893,0.342031597235068,0.287579502381766,0.621569456820622,0.0893771570848711,0.58448334399507,0.190080215368281,-0.241958561604024,-0.217420442940414,-0.34476848053886,-1.18769663882401,-1.28302888717086,-1.33538393159564,-1.63039964026935,-0.641940381005198,-0.64369508486844,-0.611535701313945,-0.65103955906403,-0.334566197457732,0.224895840756112,-0.29306929945644,-0.219657981557459,0.282502572227728,0.161924188217862,0.242485406711466,0.595686927747142,-0.315607286918777,-0.319901234201248,0.726172755495118,-0.444061083654919,0.672346098709078,0.655028649219603,0.668004037204926,1.35811915909774,-0.319088773758589,-0.594936053016721,-0.69346899998653,-0.110010510253322,-0.101452221344363,-0.0380095163665442,0.153294134393461,-0.0117421441154574,-0.0522135790060488,0.0276362364880784,0.176251652332003,0.428494422483792,1.43402331381783,-0.286904425214791,-0.226875569169311,-0.197078848216383,0.348009760126863,1.68153602735121,1.01523190618138,1.15260339828895,0.500362972394892,-1.04806557169458,-0.225644935755658,-0.391348688885798,-1.09640931284725,-0.147021161055019,-0.453822940289352,-0.709945487718708,-1.4912935924161,0.454251997880092,0.0188878262786913,-0.230075729421995,1.89690231232458,1.10310629051276,-0.0468999429701671,-1.60506921467841,0.303001138876892,-0.54265444466673,-0.457199869470233,-0.798318966812861,-0.342407471398352,-0.342407471398352,-1.12168480637209,0.674887070095679,-0.391348688885798,-0.413219819433159,-0.321861540250354,-1.61274064862427,-0.706093598596545,0.201187390066993,-0.0636258900830415,-0.822313500858473,0.229719548950016,-0.0654979378108623,-0.0212745163166381,-0.978565285147405,0.979699258889417,-1.23504806525446,1.56977547151032,0.886358450346385,-0.138158631432351,-0.145179466755593,0.682832724400303,0.682832724400303,0.924892830816656,-1.13299769963178,0.731818575697316,0.339056972600567,-0.837074119169256,-0.0595254815975429,0.451234030637584,-0.782770299686468,-0.293190120292925,-0.286904425214791,-0.0342954753953406,0.224571308055511,-0.421455927079768,-1.19946681437632,0.731255982987085,0.730527251248644,-0.959478323882113,0.787628624021312,2.35027001802664,-0.757302642981302,2.52371133600528,-0.718470624475156,-0.96480656352602,-1.47566747692775,0.303001138876892,-1.09789239681336,0.695483322687741,3.16156639039349,0.100170724627871,-0.433845179637909,-0.34476848053886,-0.521839596572905,-0.576459764357761,-0.599701730718649,-1.42004470416301,-0.121723128517532,-0.629843707397574,-0.760637999705362,1.98574168688495,-0.0705609496871936,-0.375024355916575,-0.9955116260173,-0.358453625130612,-0.660482479245224,-0.241958561604024,-2.00664148276125,0.732228969991304,0.90912658159863,0.141460545004487,-0.696016939253532,0.00542422998716656,0.23524876409128,0.682832724400303,-1.26049841310347,-0.466477635900487,1.03518252779145,-1.56531543697313,-0.0579168405136468,-0.29306929945644,-0.315851368525389,-0.720290730320524,-0.050119918156423,-2.33439476192474,-0.343626531286471,0.727215975599007,-0.331272613867753,-0.485189123949481,-0.293190120292925,0.251689308836056,0.582081140579538,0.726172755495118,-0.901326148435522,-0.631549404621351,-0.224640267159436,-0.669300457399169,1.5019765425956,-0.377360854488696,-0.42964182185941,0.192634769739419,1.14986631244269,0.627044535799378,-0.575060418388539,2.40785754626589,-0.60459956684596,0.173975611729931,3.14906289709809
comm.and.crime_point_0105,comm.and.crime,regression,0.08,0.072064796367668,nominal,1.05603863645312,-1.56383453476745,-0.453822940289352,-0.448305952557865,-0.629843707397574,0.845289154649251,-0.687872404062027,-0.576459764357761,-0.156045871094839,-0.305555362163633,-0.217794594564951,0.540420449981549,-0.499564470154296,-1.56531543697313,-0.960646585528377,-0.263264544579206,3.47086718008891,0.0803778912572774,0.68464204843914,-0.485189123949481,-1.01004991778758,-0.785229419645906,-0.786206461289495,-0.953132713675412,-1.05539182634,-0.749538645679329,-1.24024352283868,-0.744365214371393,-0.35568405855027,0.0305326795277526,0.675819615326396,-0.164586065898132,-0.199217935708095,-1.45189061482096,0.453507363282115,0.215508271587242,1.02249130027366,0.295474101638588,-0.436621602456179,-0.171235730638567,-0.196385588662103,-1.07077668937625,-0.676842830938559,-0.308861968134177,0.342031597235068,0.578342721049512,0.255854054961572,0.35046425234891,2.12648906818623,2.13026062505029,-0.333979422149212,-0.391374245016123,-0.34476848053886,-0.959478323882113,-1.33043927968817,-1.28575565486694,-0.50201955950362,-0.726761076765874,-0.770634624582392,-0.738257558223326,-0.736210329354915,0.591078001573987,-0.503316572060594,-0.496562007079367,-0.586710071414878,-0.838101809661048,-0.15468380482628,-1.34229302980988,0.240514004317214,-0.601380811530617,0.433686533243749,-1.23321624918318,-0.444061083654919,0.569266126325109,-0.100894450061688,-0.939194285838884,0.246923518931679,0.0250464516485512,0.0227368042754491,-0.208726243913775,-0.822944761547652,-0.835659608007726,-0.845653115392282,-1.12336429511962,-1.15854224368551,-1.13966992969373,-1.23756759008094,-0.885696359334983,-0.372472278128058,0.914794956287961,-0.286904425214791,-0.226875569169311,-0.846052573874427,0.396950550146819,-0.248412816512834,-0.231517792612544,-0.461754826309275,-0.413219819433159,-0.457199869470233,-0.70587936432781,-0.391348688885798,-0.503041693998314,0.756333805638724,-0.375024355916575,1.07072281732671,1.77064159337288,0.108666922041517,-0.266432822203958,-0.230075729421995,0.0610890712128745,0.24714434506481,0.223072592487436,0.141095362725389,-0.965250958519477,-0.091611108832858,-0.998826763175882,0.35046425234891,-2.76543429362957,0.675263793938761,-0.531713688779321,0.427983206568087,-0.391348688885798,-0.413219819433159,-0.504578098615964,0.385056113761999,-0.490150249577908,1.08212161042621,2.57949962711665,0.826966057285032,0.229719548950016,4.0517485312353,0.0394141611302526,-1.13966992969373,0.212409265870761,0.342857548364707,0.564407987550553,0.25012818008695,0.968220127909451,1.3719530937981,-1.56531543697313,-1.56531543697313,0.0479899816524777,0.282502572227728,0.288567385435518,0.0510694094017551,-0.608817600383137,-1.25410891864968,1.6919409488551,-0.13044354190256,1.14602990483939,-0.286904425214791,1.9320514940768,-0.846068711699873,0.346157443944216,-1.10393872283714,0.574277109441232,-0.159801367448073,0.729337206687944,0.540074720251176,-1.15122030423583,0.380681711753999,-0.189330851725441,0.805122423512198,-0.316872478427771,-1.29867614164992,-2.23350305591585,-1.04043314643945,0.748881102728531,-0.35568405855027,-0.651338533289799,-0.35568405855027,-0.34476848053886,0.130487161211004,0.928970820679215,0.246923518931679,2.48066799283481,-0.640100742275393,-0.669300457399169,-0.633115326174983,-0.285774072128984,-0.0705609496871936,-0.453822940289352,-0.0536383847421805,0.672346098709078,-0.660482479245224,-0.241958561604024,1.4741881110361,-0.696638653067897,-0.400332606464976,-0.370281702344836,0.951367200568424,-2.39267448099071,-0.649707912297875,0.682832724400303,-0.0522135790060488,2.6971681042181,0.143988474218959,-0.148982095307866,0.12612488057673,1.58923824605564,2.51427010245079,0.287943781650617,-0.114805430650861,1.20352796250473,0.124187285317004,0.237278260511525,-0.533031194213599,1.27048615468136,-0.442074950479027,-1.14142236866316,-1.29268835435763,2.68556176017342,-0.272093994394233,-0.966397934507894,-1.26138033198864,1.89538829270449,2.05495682803424,-0.0654521195474263,0.992669953659678,0.243808994474351,1.41149776835245,-0.179320641157294,-1.01975530649992,-0.000690227188266011,-1.06620959988649,-0.217420442940414,-0.633910484386522
comm.and.crime_point_1782,comm.and.crime,regression,0.08,0.120362742304044,nominal,1.48293160432397,1.22003874930914,-0.453822940289352,-0.387224840880353,-0.629843707397574,0.59942720812885,0.221751815843521,-0.40441055463925,3.71003986462407,3.52550175095922,3.98629467515928,-0.631549404621351,-0.499564470154296,-1.56531543697313,-1.48605108899385,0.22877310559976,0.972184833142749,-0.144252122992213,-0.755295767554917,-0.305119864602728,-0.7116560076198,-1.08786729016467,-1.25714308192706,-1.38138872157757,-0.822282657197971,-0.567472613338656,-1.13789507336882,-0.798985963523397,-0.199361816374992,2.6566504212246,-0.683388268503048,-0.510251474836759,0.565625508435234,0.823407774959287,-1.21281089756117,-1.61268182398175,1.99138991366019,-0.0564224436405426,-0.490300835164584,-0.883719295584461,3.22363942262377,-0.785339305534071,-0.840235640247456,-1.14977363056188,-0.747205579353531,-0.390868007842976,0.210139629729191,-0.850536385865668,-0.186519518100509,-0.437625211293547,-0.333979422149212,-0.521839596572905,-0.34476848053886,1.45963581450202,0.565976421003951,0.203092646994081,-0.296859544818942,0.121445880840888,-0.178250105917284,-0.315851368525389,-0.395527248191373,0.546999706382,-0.230236917254329,-0.649181537796562,-0.901326148435522,-1.66381030157909,-1.16782938256753,-1.18381518615775,-1.7383065690781,-0.315607286918777,1.41914745990259,-1.23321624918318,-0.444061083654919,0.620806112517094,-1.88271318408187,-0.0207952440995638,0.246923518931679,-0.0609873547032339,-0.389045100585998,0.615336441409908,-0.778386370841756,-0.749282268400272,-0.803145557548822,-0.849794631652535,-0.967408893757168,-1.01884144628399,-1.09698938712883,2.83112168149947,-0.906450078535958,0.0840295842401654,-0.286904425214791,-0.226875569169311,-0.370138508391861,-0.0924573500527467,-2.45406863807174,-3.12397709381444,0.294975591471144,-0.504578098615964,-0.112528209839365,-0.662221689003069,-0.391348688885798,0.683693543699564,0.670299999286939,0.176565734692862,-0.462630445351289,0.881022906339523,0.511849510519854,-0.437625211293547,-0.115382978305131,-0.424861492610813,0.24714434506481,-1.01880107061754,-1.07592843364696,-0.744685376363587,-0.864828255976639,0.281382258310197,-0.850536385865668,-0.00318371628598076,-0.197025862064479,-0.767702135816429,0.427983206568087,-0.391348688885798,0.0435715764808665,-0.504578098615964,-0.694834028068417,-0.792470938203999,0.00542422998716656,0.108751861038678,0.46618615394114,0.95469044940847,-0.496372568292438,2.83109332368723,0.592204999179243,0.65086069045285,0.100102838577144,0.564407987550553,-2.97996396123019,0.558450217042117,-0.192589859272896,0.682832724400303,0.682832724400303,-0.226042158711328,-0.307289207713733,0.22524578682669,-0.870490792834442,0.36127260445787,1.27840796790085,-0.144305290106824,-0.869747200724323,-0.243561843564225,-0.0919853710824933,-0.580502966915381,-1.43492072256534,0.0391120955346223,-0.721826356680434,0.835908565350987,0.730527251248644,2.55508372622314,0.540074720251176,-0.319616352698494,-1.06368304617927,1.81596120007553,-0.677292433989011,-0.154888957153209,-1.00369058285354,0.90955648980559,-0.465840642700386,0.0547099621982618,-0.121200695287352,-0.329263137039369,-0.35568405855027,-0.230075729421995,-0.217420442940414,-0.576459764357761,1.30520508099459,0.0427225572111723,0.339056972600567,-0.195819457380031,-0.420577536957683,-1.07816329038966,-0.758443965028085,-0.453822940289352,0.678929691805134,0.878506043477017,0.872870783432771,-0.241958561604024,-0.885696359334983,-0.553751890761977,-0.273610749555595,-1.08672084863389,-0.231370130585801,0.348009760126863,-0.885696359334983,0.637869761172835,-0.495251351508437,2.29614258786504,0.936160966283394,0.660351242786569,-0.241958561604024,-0.649181537796562,-0.231370130585801,2.18579698065512,0.337993156810208,1.65278799100371,2.22934946003264,-0.791590941172187,-0.381712258954214,-0.98037958715305,0.997145074653291,0.182033724961094,-0.167826657395328,0.726172755495118,0.6717542366677,-0.464125139678079,0.629145668582266,1.8559315427029,-0.307777118839921,2.741726494924,-0.761514569480531,0.704377017088742,-0.210617258288034,0.339056972600567,1.50018239279789,-0.34476848053886,0.9853905469603,3.21816714805484,0.223563482083323
comm.and.crime_point_0356,comm.and.crime,regression,0.28,0.440774950932042,anomaly,0.446191539494759,-1.21585037425788,-0.375024355916575,-0.0818192824927953,-0.0774492073752468,0.312588270521716,-0.44849760935004,-0.275373647350366,1.90586652128858,1.15721189921055,1.82419162215824,0.596228538295973,-0.499564470154296,-1.56531543697313,-0.769590402450023,-0.755302194758174,-0.791590941172187,0.0242203876949048,1.26061717483676,0.325122543110906,1.31742258152108,-0.633910484386522,-0.786206461289495,-0.846068711699873,-0.705728072626956,-0.870916000573111,-0.882023949694159,-0.689744465219389,-0.277522937462631,0.774599373008527,0.0665195294718176,0.181079343040496,-0.438231512002885,0.32877769022445,-0.982973896065542,-0.525649875265053,2.27636009406799,0.044119426439209,-0.221904671622559,-0.554880727147895,1.79862900125466,-0.385726968155027,-0.45898575186003,-0.438232993123054,-0.895737921615612,-0.633170690066098,-0.612720024453672,-0.485014452496014,0.465867519057289,0.817785642030109,-0.241958561604024,0.521883215881349,-0.34476848053886,-0.229179716068034,0.328924458417437,0.15346437026538,0.0108804772080765,-0.59953003312486,-0.516755545154489,-0.527054463374357,-0.565868788773144,0.326608230422067,-0.366776744657462,-0.445688830173635,-0.534274058578104,-0.779122631666902,-0.344648600652765,-0.814033550969433,-0.368353864419804,-0.553751890761977,0.0858767944229815,0.726172755495118,-0.37760024144161,0.156946236789233,-0.586845013885375,-0.204475052447428,0.670236143756844,-2.12579870714607,0.887478804484488,-0.644994724379254,-0.733827980135861,-0.706093598596545,-0.760637999705362,-0.4394401364519,-0.537358856418398,-0.616079834918179,-0.675254778272487,1.41519099927682,-0.0520855978833183,1.38210047806485,-0.286904425214791,-0.226875569169311,-0.629727998655079,0.886358450346385,0.0272941611820292,-0.480867732371328,0.0931808133963657,-0.504578098615964,0.232143449791502,-0.574906338353587,-0.391348688885798,0.455475228757665,-0.147021161055019,0.806954409675075,0.625555741065352,-1.31336985500943,-0.352113179076581,-1.86422845370679,-0.115382978305131,1.89690231232458,-1.29358715674149,-1.34276811316667,0.82897837806628,0.303001138876892,-0.220480633356821,-0.949587954657186,-1.84266734786902,0.384500575271014,0.626803257494137,0.353242987609834,-0.0164437477815769,-0.391348688885798,-0.413219819433159,-0.139144981884744,0.115083578304395,0.157679797478001,-2.00114816083105,1.2004776181429,-1.54387330754626,-0.334146706962114,-0.639997445119629,-0.506783935891765,2.32407992805221,-1.21255786402103,4.83381967943463,-0.864272121234376,0.886358450346385,-1.24453739077415,-0.90374574703244,-1.56531543697313,0.682832724400303,1.03450568696218,-0.425247563702025,0.0352809910002048,-0.870490792834442,0.532464993547459,1.51732465531128,-0.739844610851231,2.56584039027093,0.94751679792459,-0.286904425214791,0.730395012732716,3.16883136238282,-1.24024352283868,-0.626298265141257,-0.733880170107544,-0.347238971384223,2.32686541128124,0.143988474218959,2.56911316316804,0.993442518149931,-0.130351673731295,0.393340518650751,1.14097921304329,0.176251652332003,0.303001138876892,0.338588862534303,0.214903302320632,-0.433845179637909,-0.705017765998204,-0.35568405855027,-0.34476848053886,-0.478351146053977,-0.490435159498505,-1.07592843364696,3.52550175095922,-0.236918153797056,-0.590386957395979,-0.0805170742100041,-0.761207603085388,-0.546787652615503,0.255364319065638,-0.472248714197789,-0.822313500858473,-0.264778411457355,0.218145741121919,0.471237211128387,0.875115732297224,2.30306700760182,1.57433883758259,-0.527054463374357,1.42470714056591,-0.531713688779321,0.682832724400303,1.5185567053206,-0.555594417312278,0.0449669127109041,-1.56531543697313,-0.333979422149212,-0.29306929945644,-0.10464827367642,-1.43198567994721,-0.56760401811193,-0.649669655053565,-0.499564470154296,-0.105678140049712,0.727959932947938,1.76567661788493,-0.789472887579932,-0.514522113788516,-0.0740881826484698,0.726172755495118,-0.272093994394233,0.540420449981549,1.60490102371564,-0.51147345739279,-0.709944599158927,-0.822944761547652,0.37633485093474,1.77903573652232,-0.733880170107544,-0.870490792834442,-0.179776073400649,0.343388026162328,-1.47652962925584,2.87025954390342,-0.835669064732367
comm.and.crime_point_0071,comm.and.crime,regression,0.04,0.018233482475371,nominal,0.0192985716239078,-1.56383453476745,-0.138628602798245,0.651154057637344,-0.51147345739279,0.640404199215584,0.317501733728316,-0.533447461928133,0.230562702477051,-0.79314444928836,-0.518086685259539,-0.966397934507894,-0.0317506535508209,0.682832724400303,2.62165684719077,1.04883585589804,0.874197290125252,2.15820552306506,-1.10088084339349,-1.29550079100987,-0.651977225586244,2.64466644623347,2.30104471844562,2.20525534460297,2.0333046647919,0.342857548364707,0.755551241823674,3.35219097202891,-0.35568405855027,-1.15122030423583,-1.01147293011705,-1.44848615624161,2.47773411879356,-1.45189061482096,0.568425864029928,0.314329357834215,0.110586722968685,-1.76563423499632,2.24734003296407,-1.65100928860312,-0.709389340354984,-1.69873893382903,-1.71166395656157,0.532049694293523,1.6788226775938,1.64447452283125,1.12442813437682,1.6558997286691,-1.72852524229167,-1.57890780522414,-0.333979422149212,-0.91323565124325,-0.230075729421995,0.546762554734425,0.281514065900134,0.0542078168079789,0.0108804772080765,-0.00578516280012634,-0.135936926012634,-0.189129511616007,-0.225185707609603,0.41476482080604,-0.503316572060594,-0.445688830173635,-0.272093994394233,0.754335996180896,1.17506976595912,-1.23664113404179,1.45824974179125,-0.791896494605177,-1.42129874046701,2.68556176017342,-0.178217714801685,0.156946236789233,1.19497372013481,-0.847354381664952,-0.917186199337522,1.35857045010122,-1.04789614836431,-1.03278892923746,0.825715694570486,0.762321174730183,0.769634082659194,1.20197784435064,0.991707943008339,1.07551893281821,1.05854305813691,-0.590710800538598,-0.799654518454378,-1.57750115985543,-0.286904425214791,-0.226875569169311,-0.197078848216383,-0.581865250252313,-0.082988629895916,-0.580607708274842,-1.47072871668317,0.226288134846476,-0.604916295026319,-0.618564013678328,-0.391348688885798,-0.868190997905353,0.369181677055691,-0.453822940289352,-0.264778411457355,-0.779598642789415,-2.08003855826945,0.817785642030109,-0.115382978305131,-0.640839520976896,-0.551753470686607,0.00709456412135369,-0.917186199337522,-1.73723049606509,0.166127940215069,-0.555677486507623,-0.850536385865668,-1.02085498162309,-0.293946934953727,-0.826699247575706,0.526744751979124,-0.391348688885798,-0.321861540250354,-0.413219819433159,-0.640839520976896,-1.05160295702636,-0.0435165600327901,1.08555911739508,-0.66769354228252,2.04214680009615,-0.400622650407643,-1.23504806525446,-0.414699029235275,1.30853782732598,-0.506783935891765,-0.335131340202921,-0.435042880192443,0.517473225955383,-0.240000251790199,0.682832724400303,-1.56531543697313,-0.280848586784089,-0.130351673731295,-0.471291797870422,1.72139727595486,0.0759519559752211,1.23062463041877,0.302349200451482,-0.217420442940414,-0.243561843564225,0.00547415598365529,3.35219097202891,-0.0430886968833349,0.44850589341408,0.711095016407226,-1.15249049956315,-1.37814579303305,-0.913834660893733,-0.00454386804312309,0.599524856895403,-1.10745167520755,0.518419284204312,-0.512579672044432,-0.20888346424473,-1.82965014748341,-0.303554212051806,-1.78740340130023,-1.17343897873991,-0.35568405855027,0.100170724627871,-0.35568405855027,-0.230075729421995,1.30467532522204,0.885958518249587,0.352751675137971,-0.0269330266637888,-0.524905716995868,0.672229042655054,-0.930668231079202,-0.444251915781118,-0.388045418306067,-0.138628602798245,-0.9955116260173,0.930046029669001,-0.561556462298257,3.62291758129389,0.648228546406218,-0.315607286918777,0.444479772930899,-0.882023949694159,-0.484813844404564,-0.239279720112616,0.589231434646941,0.682832724400303,-1.13966992969373,-0.867503152253548,1.23322565080756,0.570425316331632,-0.333979422149212,0.0630429388836828,-0.738257558223326,0.643791256463961,-0.114805430650861,0.192692898382022,0.124187285317004,-0.301653226084705,-1.13830693525114,-0.98037958715305,-0.293190120292925,0.251689308836056,-0.777126743249906,-1.23321624918318,-0.534274058578104,0.596228538295973,-1.38334975138032,-0.472016707391195,-1.06184114443806,-0.822944761547652,-1.70972241982659,-0.01206212920031,-0.629227587743642,0.627044535799378,-0.723292047758998,-0.230075729421995,-0.0916995301342629,-0.956724101762177,-1.28962587051052
comm.and.crime_point_1228,comm.and.crime,regression,0.22,0.603763872948446,anomaly,0.812099797669774,0.524070428289996,-0.296225771543798,-0.387224840880353,0.00146429262794278,0.312588270521716,-0.400622650407643,-0.447422857068877,-0.800393493714657,-0.584177697663477,-0.578145103398456,0.819460891553668,-0.265657561852559,0.682832724400303,0.0423983756329848,0.0647605555401046,-0.15467191155846,0.698110430443375,0.281459459960805,-0.845327642642986,1.73517405575597,0.0218049017374774,-0.158290967106083,-0.257216700834412,0.168431311655657,-0.567472613338656,-0.165584803405107,0.348049768668688,-0.35568405855027,-0.62599675589646,0.113388766845247,0.0823177976294598,-0.629442373038718,-0.858334513139159,0.166211111412584,-0.772702590882484,-0.459353637846922,-0.20723524876017,-0.329263137039369,0.212409265870761,-0.310386422371632,-0.499901921691897,-0.186664403011869,-0.761660555595246,0.441053158743122,0.481421648160263,1.03299928391205,0.663768766665756,0.940330818808414,1.04604216081623,-0.333979422149212,-0.695793398648614,-0.34476848053886,-1.09640931284725,-1.42526006472277,-1.38501220832434,-1.3739496219135,-0.684350728885536,-0.728321444677741,-0.696016939253532,-0.65103955906403,0.41476482080604,-0.548829847861638,-0.903547422325221,-0.796454122761974,-0.543205919690318,-0.407970199261594,-0.972511394621568,0.747903894931396,-0.696638653067897,-0.783647552628939,0.726172755495118,-0.444061083654919,0.878506043477017,0.601034142128082,-0.571834669143156,-1.7108973708847,-0.0609873547032339,-0.883183386419734,-0.402623346342877,-0.466477635900487,-0.490150249577908,-0.590607768331523,-0.4394401364519,-0.346225506490056,-0.374422868098694,-0.487817174336336,-0.826699247575706,-0.906450078535958,-0.487121609042694,-0.286904425214791,-0.226875569169311,-0.49993325352347,1.27788477050604,1.01983928088354,0.965361918229619,1.10215470377026,-0.230503261067549,-0.555677486507623,-0.0946719097814345,-0.391348688885798,0.866268195653084,-0.405122580110374,-0.296225771543798,-0.215315402983871,-0.30513534303829,-1.15847835603325,-2.37780562097556,-0.34476848053886,-1.66673515571579,0.817785642030109,1.51894076268393,0.194009440828534,1.13012207196148,-1.18700206728655,-0.309483443914147,1.08150811908822,-0.730091762955347,0.190658429492517,-0.295725241742213,0.625506297390161,-0.391348688885798,-0.139144981884744,-0.0477867027019386,0.169078085395916,-0.706093598596545,0.299068970106906,0.396048112908209,0.569266126325109,1.67966134986692,3.28574918815695,-0.0212745163166381,1.5185567053206,-1.10294500787551,-0.628161290785547,-0.546787652615503,-0.826569200352095,-2.71970906989656,0.281514065900134,-1.56531543697313,0.682832724400303,-1.26736429209379,0.754335996180896,-0.15468380482628,0.799837073718665,-1.40771541613455,-0.155092156561714,-0.0946770133781229,-0.304397343978269,0.451234030637584,0.980069426645142,-0.853606712675401,-0.41781270379772,-0.267933252874971,3.05153325911707,-0.890859043653398,0.215073840424229,-0.822547334916973,-0.895737921615612,0.468218969810561,-0.713534013953022,0.40046092821602,-1.04789614836431,-0.640839520976896,-0.649707912297875,-0.082988629895916,0.0512926106647712,-0.372472278128058,0.269604910150844,-0.597659300581394,0.113282667975565,-0.34476848053886,-0.304397343978269,-0.0603121352022264,0.617322065653698,2.06273448958504,1.26061717483676,0.238204792637512,3.10754976404949,0.242485406711466,-1.18175658985325,-0.138628602798245,1.14986631244269,0.826966057285032,-0.808871504665675,-0.333979422149212,0.707225658165495,-0.267978366150136,-0.527054463374357,0.499680118149013,-0.696016939253532,-0.0924573500527467,-0.472716577020044,0.682832724400303,2.32407992805221,1.04850764809996,0.936160966283394,-1.56531543697313,-0.0579168405136468,-0.700054714702294,1.1203296764476,0.169327956712836,-0.244176455639738,2.32667803375218,1.44965976569352,-1.28152865625967,1.58543389941778,0.415157172784282,0.897888521195889,0.182033724961094,-0.449042081635903,0.726172755495118,-0.639146084251652,0.484612361667126,0.812099797669774,-0.550930207394384,-1.81590517003619,-0.689269589429965,0.234103673382831,0.141460545004487,-0.00131209356022966,-0.928088305474204,1.00607696156302,-0.34476848053886,-1.42523962558467,-0.91323565124325,-0.734789774559444
comm.and.crime_point_0060,comm.and.crime,regression,0.05,0.065208661266189,nominal,0.324222120103087,-1.56383453476745,-0.453822940289352,-0.387224840880353,-0.708757207400764,0.927243136822718,-0.496372568292438,-0.490435159498505,-1.05813254276258,-0.514522113788516,-0.578145103398456,0.763652803239245,-0.343626531286471,0.682832724400303,0.328982650250517,-0.153922844539436,-1.42850997078591,0.417322912631512,1.14542214955724,-0.305119864602728,2.27228309405797,0.374882417342708,0.155666779985624,-0.0430886968833349,-1.23022370319652,0.767678290492944,0.141460545004487,0.566532765276704,-0.433845179637909,-0.888608530066145,0.582081140579538,0.477363979273606,-1.1074695256283,-0.709945487718708,0.396048112908209,1.10489804781,-0.858311890417847,0.999267192196847,-1.18813086037385,-0.171235730638567,0.202617329321249,-0.956601735839376,-0.622378561168927,-0.308861968134177,0.243010035727013,0.239118965937142,0.804427157750147,-0.171709938179167,0.406559606588398,1.21723454990582,-0.333979422149212,-0.695793398648614,-0.34476848053886,-0.0922487271028942,0.044462103313619,-0.342818397021626,-0.50201955950362,-0.175426554321479,-0.135936926012634,-0.273610749555595,-0.310356477900488,0.0180601640781611,-0.139210365652241,-0.496562007079367,-0.429402032904556,-0.130351673731295,0.0352809910002048,-0.602729759433253,0.697164905869978,-0.506122969993337,-0.319901234201248,0.726172755495118,-0.510521925868227,0.981586015860986,0.601034142128082,-0.939194285838884,0.0352672065190975,-0.792274708693406,-0.594936053016721,0.27601651215898,0.558365350335113,0.373623146496638,0.174528272850755,0.791623349150004,0.705007918115826,0.592204999179243,0.871105454200756,0.117254540572726,0.748881102728531,2.10902017860667,-0.286904425214791,-0.226875569169311,-0.110549018128644,0.348009760126863,1.73667742289018,1.06510189413313,1.00125731473287,-0.595936377798769,0.626053917941065,-0.400275637054622,-0.391348688885798,1.91607244438582,0.111080258000336,-0.296225771543798,1.86213095290244,0.525175431526179,-1.67685596979111,-1.80716432401026,-0.230075729421995,1.30296273431785,0.0759519559752211,1.84290780523306,0.0881812846222431,0.303001138876892,-0.413784920142767,1.46311366275889,1.02929070003541,0.142197893047893,-0.633170690066098,-0.000739682945828393,-0.21396683860365,-0.391348688885798,-0.504578098615964,-0.413219819433159,-0.26287797133625,-0.922036947615181,0.348009760126863,-0.00616663970913513,-0.409993611322597,-1.13966992969373,-0.352747691465246,-0.628161290785547,2.28380376691563,1.36334425539874,-0.324717903551093,-0.017646871584048,-0.288220510132573,0.435519243781917,0.803028383590466,0.435536426649226,-1.56531543697313,-0.280848586784089,-0.838101809661048,0.478532181262003,0.396654485240329,0.190080215368281,0.322741218259141,-1.48426876178174,-0.782770299686468,0.351977477180183,-0.286904425214791,-0.525882217763377,-0.41781270379772,0.550854342883945,0.94991524525517,-0.838532752471447,-0.675254778272487,-1.18769663882401,1.28273643156158,-0.801071272009583,-0.10077320755709,-0.602185097684464,0.805122423512198,0.601034142128082,1.23819966399899,0.0272941611820292,-0.178544390830854,1.81683670354433,0.113282667975565,0.261208422753086,-0.433845179637909,-0.230075729421995,-0.695793398648614,2.09030298627917,0.670236143756844,-0.375210946038594,-0.179320641157294,1.89538829270449,1.27972477678071,0.295311354595511,-0.811358043131231,-0.375024355916575,-1.2048167907451,0.260026209173202,-0.363704428404322,4.72716790783616,-0.000739682945828393,-0.696638653067897,-0.484813844404564,0.550854342883945,-0.738257558223326,1.52258872060582,-1.00369058285354,-1.56531543697313,-1.13966992969373,-0.0208937288415306,0.0449669127109041,0.682832724400303,0.494208322757484,-0.649181537796562,2.97891691111852,-1.19475403007165,-0.050119918156423,-0.481197144366448,-0.265657561852559,-0.15467191155846,-0.23039332369483,0.100035968927465,0.252720923722782,0.59996722821086,-1.33955759173106,0.726172755495118,-0.167221968720685,0.98688515649694,1.60490102371564,-0.669300457399169,0.14466129651896,-0.867503152253548,-0.0503586817209869,-0.574978601284565,-0.838532752471447,-0.409710691716343,-0.723292047758998,-0.34476848053886,0.472490510248604,-0.652304948129686,-0.280832968781291
comm.and.crime_point_1121,comm.and.crime,regression,0.2,0.245483140648614,anomaly,-1.38334975138032,0.176086267780421,1.59494025340284,0.590072945959833,-0.4325599573896,-0.834767479906819,4.0517485312353,0.455835493953308,-0.478219682404748,0.0427225572111723,-0.337911430842786,-1.35705455270886,1.60559770456134,0.682832724400303,1.37979165718147,1.48620265605712,-0.00769059703221596,0.305007905506768,-1.61925845715135,-0.26010254976604,-0.890692353720466,1.18191673872609,0.835908565350987,0.866955319908742,0.751204234510732,0.828366967939835,0.602028567618877,0.730395012732716,0.113282667975565,-0.888608530066145,-0.777126743249906,-0.855916883775387,0.565625508435234,-0.709945487718708,1.37285536926462,1.15430859093348,-1.08628803474409,-0.458589923959548,0.583283819003517,-0.00681644642028318,-0.0823847549525736,-0.0432021075444176,-0.0777358634726045,0.532049694293523,0.688607062513258,0.578342721049512,0.758712732517766,0.663768766665756,0.228635869181726,0.24714434506481,0.12612488057673,-0.43486269553505,2.29316479514903,0.0903259248506256,0.281514065900134,0.649747137552387,0.780230532275621,1.26652527361002,1.42965073045944,1.75393896099451,1.73374200908076,-1.0838972157215,0.406948943960289,0.26653564650661,0.357138159647056,0.813315174175043,0.921783371523802,0.612267041899781,0.139036026194378,0.636971128454024,-0.493806103611632,0.726172755495118,0.287008180691474,0.826966057285032,0.115083578304395,-0.709594525404054,-1.76381144898785,0.928401418342293,-0.924361576905879,-0.644994724379254,1.98423385292377,1.92841525943082,2.00235326011953,1.93149694692954,1.75624134272171,1.84076599441325,1.71457467191344,0.23524876409128,1.54984780334038,-1.16211847383153,0.102933683049804,0.0719288462359772,1.66331249867001,-0.630806040272269,-0.634402585285642,-0.680347684178355,-0.0581652701597183,1.41394576422294,-0.211005826876756,0.429220194115458,1.14821212846604,-0.822547334916973,0.0250464516485512,0.806954409675075,2.15890900374335,-1.13544611760276,-2.19523358354898,0.36127260445787,-0.34476848053886,-0.100894450061688,0.703657382637049,1.51894076268393,-1.18175658985325,0.523566721032782,-0.284915395618803,-0.851110337619796,-3.04366798608359,-2.13544731984946,0.966027012606508,-0.000739682945828393,0.92179093362327,-0.391348688885798,-0.0477867027019386,-0.0477867027019386,0.978995691768727,1.15101920296373,0.543772920206689,-0.925514645691636,0.46618615394114,0.471376515769501,-0.44849760935004,-0.0212745163166381,-1.01884144628399,0.924892830816656,-0.0212745163166381,-0.123475027790339,-0.435042880192443,0.845289154649251,-0.90374574703244,0.682832724400303,0.682832724400303,1.1441185431077,1.99289873405796,0.351888984044347,-0.812893280194679,0.30420847476134,-1.15854224368551,0.0542078168079789,-0.695793398648614,0.15346437026538,-0.286904425214791,3.35219097202891,1.08108332385982,-0.370281702344836,0.376746696020106,3.39989683326659,-0.628395377288449,-0.868190997905353,0.0449669127109041,-1.15122030423583,-0.232079094641932,-0.720143453672756,0.475696899623041,0.547039635036561,-0.885696359334983,-1.24095793621434,-0.178544390830854,0.535289982565372,-0.35568405855027,-0.168225438914154,-0.043039574199713,-0.230075729421995,-0.0869550913836323,-0.0172998327725985,-0.335131340202921,-0.375210946038594,-0.0641256158777693,1.8164747927013,-1.05819090460958,-0.0216443327087585,-0.70552988692494,-0.296225771543798,0.574277109441232,-3.3993128104577,-1.25403858092703,-0.0579168405136468,2.4771390109438,-0.410865128456057,-0.653776320283739,3.21191402910042,-0.315851368525389,-2.00114816083105,-0.000739682945828393,0.682832724400303,0.229719548950016,0.692040522452799,0.688607062513258,-1.56531543697313,0.862291764938238,-0.29306929945644,0.148795440142343,0.643791256463961,2.14918750665448,-0.930457172865427,-0.343626531286471,1.70709140577397,-0.835669064732367,-0.890344957479674,2.68450648342911,1.15721189921055,1.56633512542155,0.726172755495118,-0.7440181099252,-0.464125139678079,-1.38334975138032,-0.629843707397574,0.798183452037345,0.914832475982277,-0.619283391928622,0.346157443944216,0.155666779985624,-1.33127089395254,-0.723292047758998,-0.115382978305131,-1.16878960722883,0.173975611729931,1.88807176993655
comm.and.crime_point_1238,comm.and.crime,regression,0.46,0.0427392276652289,anomaly,-0.956456783509466,0.524070428289996,-0.375024355916575,0.162505164217251,1.18516679267579,-0.670859515559886,-0.496372568292438,-0.40441055463925,1.1326493741448,0.59996722821086,0.803198513796647,-0.0176604331626889,-0.499564470154296,-1.56531543697313,-1.00841063129797,-0.700631344738288,0.286272032020273,-1.09892968355255,-0.0641256158777693,1.72065930304824,-1.06972869982113,-1.03742764507821,-0.786206461289495,-0.524876705773258,-1.11366911862551,-0.992293355466893,0.397331668679148,0.129566772060671,-0.199361816374992,1.7375092116307,0.722688852699825,1.06993325173982,-0.342626081484969,0.526629724118384,-0.465840642700386,-0.0809549871536759,0.0535926868871247,0.647370646917718,-0.382942369747774,0.760473546598372,0.544619830449837,1.15563490459271,1.01154953192004,0.143936619326893,-1.44035650990991,-1.60238141895859,-2.57844030944607,-0.746101547760053,-0.0679036931627271,-0.0381763034178386,-0.149937701058835,1.60909447885453,-0.34476848053886,3.1028076820837,3.0313168319037,2.78376303688651,1.95990061671252,0.248676924481902,-0.093623746107983,-0.273610749555595,-0.395527248191373,0.635156296765973,-0.275750193055373,0.113916115789414,-0.00991393021036301,-0.189330851725441,-0.281327002043937,0.242485406711466,-1.02796072221824,0.208310841536264,0.201813374029904,0.726172755495118,-0.311139399228302,-0.461533597514582,-0.96480656352602,-0.388154860795292,-0.22930318399663,0.283147870703906,2.69931918587485,0.80923354383901,-0.822944761547652,-0.792470938203999,-0.760637999705362,-1.30574407076435,-1.25410891864968,-1.09939376855715,-1.14384878811286,-0.118733906464382,-0.532665618250428,-0.487121609042694,0.200393210115953,-0.226875569169311,-0.672992913698949,1.03318082040625,-0.579261189746669,-0.13177781670903,0.395872980508533,-0.413219819433159,-0.407961060951538,-0.531248663028845,-0.391348688885798,0.181613250827385,2.17589161044318,-0.453822940289352,-0.413167436877806,0.703099168932851,3.0461400666694,-0.209368692507428,-0.230075729421995,0.925001184677206,-0.152304562810898,-0.100894450061688,-0.123475027790339,1.2955462585784,0.230562702477051,1.11844200312802,0.611551347612948,-2.08698678340483,-1.40853927318009,2.06415922862887,1.06993325173982,-0.391348688885798,-0.321861540250354,-0.139144981884744,-0.856817549342979,-0.490150249577908,0.935299240366342,-1.15535164718726,-0.203833666554659,0.95469044940847,-0.687872404062027,0.464234903258489,0.592204999179243,0.705667118525611,0.160791516024035,-1.23467066795639,0.935299240366342,0.968220127909451,-0.42964182185941,0.682832724400303,0.682832724400303,-1.76062214474864,-0.366268385707879,-0.534613396479251,-0.870490792834442,0.874849771726638,2.99860811725593,-1.58352531523914,2.18096542220705e-05,-0.193933566835524,0.297852737182101,1.54970625001278,3.3829593663339,-0.370281702344836,-0.291949944754136,-0.681553878925593,0.683667850264606,-0.320467042044794,-1.39084572915588,2.56911316316804,-1.06368304617927,-1.89972701355568,0.352162328164607,-0.910812056434499,0.176251652332003,-1.62694770498715,-0.982973896065542,-1.44042787894386,0.347766031238483,0.798000749837136,-0.35568405855027,-0.34476848053886,0.521883215881349,1.31608154254587,0.776064299963135,1.36617865083543,0.569447023159616,0.159291292634322,-0.250547305583844,0.665092989783826,0.881892456169426,-0.296225771543798,-0.943185334835349,0.878506043477017,-0.462630445351289,-0.241958561604024,-1.94764437100197,-0.458494049224697,-0.10464827367642,-0.01206212920031,0.402239153961105,0.788476870306472,0.530234322887664,0.682832724400303,0.95469044940847,-0.689269589429965,-0.846227140861585,0.682832724400303,0.12612488057673,0.724394238658196,-0.696016939253532,-0.00859578069383644,-1.020402605573,-1.21124469067729,-0.499564470154296,-0.350646997593453,1.38367531907194,2.39591902559856,0.649747137552387,0.530311644335899,0.0665195294718176,0.726172755495118,-0.48183804574133,-1.63609499428098,-0.224640267159436,0.277661542639106,0.898725322117096,-0.822944761547652,0.897849168625072,1.98373263546205,-0.890859043653398,-0.294515666436819,0.215508271587242,-0.115382978305131,-0.912339588872978,-0.91323565124325,-0.482591549127137
comm.and.crime_point_1804,comm.and.crime,regression,0.27,0.0493509646380992,anomaly,0.629145668582266,1.56802290981872,-0.296225771543798,-1.12019818101049,-0.314189707384816,0.640404199215584,-0.639997445119629,-0.576459764357761,-0.156045871094839,-0.723488865413399,-0.458028267120621,1.48915795132675,-0.499564470154296,-1.56531543697313,-1.39052299745468,-2.94213619555358,-1.03655979871593,-0.874299669303055,1.83659230123439,2.89110948880213,0.72063476118553,-1.34006551559698,-0.890859043653398,-1.06019671565095,-0.356064318913911,-0.749538645679329,2.13725530966685,-0.198157722851353,0.0351215468879261,1.95635235677211,1.23825046380754,1.21807556985638,-0.916258664592466,2.10944599526986,-2.64929215690883,-0.673881504635512,0.851509192028974,0.044119426439209,-0.329263137039369,1.08931211503494,-0.766389757209749,1.15563490459271,1.22940661099857,-0.696975043100807,-1.19280260613978,-1.02085498162309,-1.57272295433368,-0.693884128707245,-2.85537557920059,-3.00551104763739,-0.241958561604024,-0.0434666408647052,-0.34476848053886,-1.14205297583563,-0.666693784445925,-1.08724254795214,-0.655889570517129,-0.769171424646212,-0.728321444677741,-0.738257558223326,-0.736210329354915,0.855547772725906,-0.548829847861638,-0.445688830173635,-0.534274058578104,-1.07401852163763,-1.48443737561168,-0.285774072128984,-0.571309820665477,-0.601380811530617,0.317749953636827,-1.23321624918318,-0.111756872588377,-0.719233528474505,-0.424861492610813,0.438404276770096,1.41103323720088,-2.12579870714607,2.24635909052726,0.27601651215898,-1.09029510578303,-1.05160295702636,-1.01568334676612,-1.35133901467553,-1.30189225613177,-1.26049841310347,-1.37814579303305,1.17920255223971,-1.44042787894386,0.135952419993153,-0.286904425214791,-0.226875569169311,-0.846052573874427,0.935299240366342,0.0824355567210018,0.915491930277863,0.698565147620701,-0.321861540250354,-0.260244635395451,-0.70587936432781,-0.391348688885798,-0.320467042044794,-0.319088773758589,-0.453822940289352,-0.907797521612643,0.762407081401742,0.511849510519854,1.33136280929888,-0.34476848053886,0.00709456412135369,0.988978031119698,-0.586845013885375,1.94017401823234,0.90955648980559,-0.0271763465708762,0.0351882157167206,0.977073280982603,0.239118965937142,0.675263793938761,1.00221121696188,0.724267842801197,-0.391348688885798,-0.321861540250354,-0.413219819433159,-0.802823042251458,-0.662904928792817,-0.924450780392009,0.396048112908209,1.08466598824495,-1.22022225196689,0.556876528440302,-0.264029226104202,-0.0522135790060488,0.65086069045285,-0.446095258444874,-0.546787652615503,1.03318082040625,0.763335172475784,-0.761514569480531,0.682832724400303,0.682832724400303,0.705667118525611,-1.72278947957324,0.161924188217862,-0.985685818113966,-1.17945889734843,1.89959135516796,-0.243561843564225,1.73955983041131,-1.48426876178174,-0.189444898148642,1.8228099957728,0.278103309043281,-0.114410578670175,-0.960646585528377,-0.890859043653398,-0.20666076843211,0.0446822618622457,1.38175799306964,0.94967388912165,-0.757302642981302,0.282502572227728,2.20518090004112,0.978995691768727,-0.472716577020044,-0.468978398668724,-2.87912915840445,1.22946112309564,-0.433845179637909,-0.758696998706609,1.20753836320251,-0.230075729421995,-0.347885794497196,-0.447422857068877,2.25765848685121,1.57514540246031,-0.352113179076581,0.514402042648675,3.10754976404949,-1.28946708192584,-1.02301435554381,-0.217427187171022,-0.890859043653398,-1.13155341801038,2.45568705458425,-0.149937701058835,0.353242987609834,1.73243630613274,-0.696016939253532,0.857899691293538,-0.146888892646214,0.396950550146819,-0.472716577020044,-1.56531543697313,-0.374422868098694,-1.00117832437123,0.985671747037421,0.570425316331632,-0.241958561604024,-0.496562007079367,0.486720391900693,-0.245827430569399,-0.632289530606369,0.13653539481965,-0.265657561852559,0.38425957503777,-0.280832968781291,1.0904168953346,0.600118860823686,-1.00211120091324,0.160258004218676,0.726172755495118,-0.324530007231007,-1.9151354358531,1.11702334614895,-0.235276207381626,-0.0564224436405426,-0.822944761547652,0.091872495830922,-0.421455927079768,-0.262943549469985,-1.15847835603325,0.314329357834215,-0.34476848053886,0.9853905469603,-0.652304948129686,2.94730431675224
comm.and.crime_point_0242,comm.and.crime,regression,0.12,0.213278507466201,nominal,0.812099797669774,-1.21585037425788,-0.296225771543798,-1.05911706933298,-0.590386957395979,0.681381190302317,-0.44849760935004,-0.0603121352022264,-0.413784920142767,-0.235899778288672,-0.277853012703869,0.98688515649694,-0.499564470154296,-1.56531543697313,-0.912882539758789,-0.973985594837714,-0.693603398154691,-0.481197144366448,0.91503209899819,0.775295691477787,0.780313543219086,-0.93654835490529,-0.733880170107544,-0.846068711699873,-0.647450780341448,-0.0212745163166381,-0.882023949694159,-1.18133120758743,-0.199361816374992,0.336913082725718,0.394604191085821,1.31683711526742,-1.20307495614621,-0.462630445351289,-0.178544390830854,1.50018239279789,-0.402359601765361,2.25604056819374,-1.45652702391587,1.03450568696218,0.259617746176014,0.813110043982106,0.902620992380776,-0.696975043100807,-1.09378104463172,-0.923933908733845,-1.5270085291013,-0.380579614390398,0.406559606588398,0.703657382637049,-0.149937701058835,0.260952512767785,-0.34476848053886,0.957555521629844,0.328924458417437,-0.0450487366494222,-0.194279537476602,-0.387478293723169,-0.516755545154489,-0.569295082344151,-0.565868788773144,0.238451640038094,-0.00267053824910844,-0.445688830173635,-0.534274058578104,-0.897080987655194,-0.787899790914564,-0.602729759433253,-0.672787798788313,-0.506122969993337,0.143845084226443,0.726172755495118,-0.311139399228302,0.569266126325109,-0.748828535159937,0.39248432468313,0.194009440828534,-2.12579870714607,0.187449566220028,1.63329622916269,-0.867503152253548,-0.878848277811454,-0.845653115392282,-0.895389575563716,-0.919625556275082,-0.938289124010825,-1.09698938712883,-0.885696359334983,-0.746256738413588,-0.279430266030745,-0.286904425214791,-0.226875569169311,-0.629727998655079,1.47364793058586,0.46842532549381,1.06510189413313,0.749013842139396,-0.504578098615964,1.2661584286841,-0.443933312379363,-0.391348688885798,-0.183536053079654,-0.620207095989836,-0.217427187171022,-0.264778411457355,0.940330818808414,0.454251997880092,0.931913901423168,5.27517632418751,-0.26287797133625,-0.837074119169256,-0.316872478427771,-1.44632698036898,0.0272941611820292,0.488301751524978,0.478337492384979,0.246029414243294,-1.60238141895859,0.33604003882639,-0.295725241742213,0.477363979273606,-0.391348688885798,-0.139144981884744,-0.504578098615964,-0.154888957153209,1.10783053316,1.08212161042621,0.798262865525553,0.981586015860986,0.551928838042662,-0.592122486177232,-0.688849968232438,-1.01884144628399,0.815279974671134,-1.23504806525446,-0.70552988692494,0.935299240366342,0.927243136822718,1.3719530937981,0.682832724400303,0.682832724400303,-0.00681644642028318,1.28514859812821,0.858461772914973,-0.812893280194679,-0.780009989472726,-0.29844216900797,-0.491703227207728,-0.695793398648614,-0.789472887579932,0.102933683049804,1.00349875849274,-1.06019671565095,0.0902863202695546,-1.2949949059155,1.2545188948066,0.871105454200756,-0.229179716068034,1.08469330854548,-0.976145788122707,1.2998229213479,-2.07666454753812,1.66986442372124,-0.748828535159937,0.825219881684049,0.303001138876892,1.14301836776899,1.17606334305485,-0.433845179637909,0.314887655461491,1.05121612102724,-0.000690227188266011,0.608860116919203,-0.490435159498505,-0.176389105893484,-2.25591171066254,-0.524905716995868,0.356575042642296,-0.888160673235742,0.0311816151752862,-0.388045418306067,-0.453822940289352,0.0510141976217214,0.672346098709078,0.229851673277482,0.954312625483427,1.53318522279537,-0.363236207687417,-0.696016939253532,1.01142236549834,-0.696016939253532,-0.239279720112616,1.82817078159176,0.682832724400303,2.32407992805221,0.424690178217426,0.391542377989094,0.682832724400303,-0.333979422149212,-0.649181537796562,-0.738257558223326,0.169327956712836,0.532049694293523,-0.705827158615937,-0.499564470154296,0.727215975599007,-1.28962587051052,2.44093634043525,0.500862307366285,-0.584177697663477,-0.449042081635903,0.726172755495118,-0.376966020067782,-0.0734685214771128,0.0192985716239078,-0.708757207400764,-1.66509236491657,-0.956619933665339,0.234103673382831,-0.01206212920031,1.93476068017196,-0.524905716995868,-0.377418245894594,-0.34476848053886,-0.296859544818942,-0.695793398648614,-0.835669064732367
comm.and.crime_point_1282,comm.and.crime,regression,0.09,0.048824533143341,nominal,1.17800805584479,0.524070428289996,-0.296225771543798,1.07872183937993,-0.314189707384816,-0.302066595779285,3.04637439344496,0.0687247720866572,-0.349350157880785,-1.14142236866316,-1.0586124485098,-1.35705455270886,-0.187688592418646,0.682832724400303,1.80966806910777,1.32219010599747,2.58897929293144,1.03505545181761,-1.50406343187183,-1.25048347617318,-1.42780139202247,1.53499425433132,1.62080293308025,1.83053133768859,0.80948152679624,-0.385406580997984,0.294983219209284,1.16736100594875,-0.433845179637909,-1.10745167520755,-0.964603692743623,-1.25096306541953,1.61728524413231,-0.759408496192192,1.08555911739508,-0.673881504635512,0.395556903376489,-1.41373768971719,1.76422693858843,-1.32217072016655,-1.3363939257574,-1.35621407321842,-1.33041406817415,0.855477256765716,1.62931189683977,1.49909291349738,1.30728583530634,1.76033456677472,0.58448334399507,0.30420847476134,-0.333979422149212,-0.608816497610759,-0.115382978305131,-0.503041693998314,-0.571872999411319,0.302349200451482,0.523780513919773,0.121445880840888,0.11794215341527,0.782404724689249,0.882034306171907,-0.643114263801638,-0.184723641453285,-0.242196122550708,-0.00991393021036301,1.34412777612236,1.23839136456794,0.612267041899781,1.40751075272983,-0.315607286918777,-2.17488650791201,0.726172755495118,-0.37760024144161,0.363106181557171,1.46494625559241,-0.847354381664952,-0.970100277440667,1.53063806280479,-0.965539767392024,-0.790417551201081,-0.3328024637828,-0.274206900559272,0.132020715007295,0.974003124794731,0.752791255597911,0.753309643725566,1.2928400630571,-1.47566747692775,0.214903302320632,-0.383275937536719,-0.286904425214791,-0.226875569169311,0.927808942924227,-0.532924460232356,-0.358695607590779,-1.42839750345471,0.244526896952449,-0.321861540250354,-0.309483443914147,-0.356617961729881,-0.391348688885798,0.501118891746045,1.27253664374943,-0.138628602798245,-1.05618654703309,-0.542366992913852,-1.3888684065923,-2.2636773615825,-0.115382978305131,1.9508968194161,-0.152304562810898,0.169078085395916,0.670236143756844,1.01983928088354,-0.92926301823862,-0.555677486507623,-1.7382325097634,1.20832969482963,-0.390868007842976,1.06120832872116,-0.855916883775387,2.02201691669276,-0.413219819433159,-0.413219819433159,0.00709456412135369,-0.231018230755544,0.886358450346385,1.08555911739508,0.620806112517094,0.632481160315823,0.126001897958727,-0.506783935891765,1.96159447782299,1.41815068347151,0.221480193470925,-0.440959496409212,1.08212161042621,-0.179135622519085,2.50980251421337,0.682832724400303,0.682832724400303,0.924892830816656,0.105565038245289,-1.42111577700285,1.14542214955724,-1.92129258340332,-1.11075890620342,-0.839101164308632,-0.91323565124325,-1.18649910140954,-0.286904425214791,-0.798985963523397,3.27589536435836,1.62551306231752,-1.10393872283714,-0.943185334835349,1.94887167683362,-0.503041693998314,0.936160966283394,0.118069937584314,-0.976145788122707,0.872294352169189,-0.430223291072143,-1.01880107061754,1.17920255223971,-0.634402585285642,1.31539611889071,0.108107742239052,-0.199361816374992,-0.543980067872989,0.191443789063205,-0.34476848053886,-0.826258750205395,-0.576459764357761,1.09354876858201,-0.514522113788516,0.627044535799378,-0.472016707391195,1.70480035521531,-0.919685446737523,-0.758443965028085,-0.217427187171022,-0.105964675924132,0.414646167749156,1.21911184274716,-0.333979422149212,0.176251652332003,0.398826524610824,0.444479772930899,-0.933198174429091,-0.696016939253532,-2.19691132091088,2.53613612270308,0.682832724400303,-1.13966992969373,0.692040522452799,-1.93546431745018,-1.56531543697313,-0.149937701058835,-0.29306929945644,-0.738257558223326,1.71133368090399,0.143936619326893,0.417322912631512,2.30731842946655,1.21715369068649,-0.23039332369483,0.280105228274217,0.500862307366285,-0.0965886105387498,1.09764275168726,-1.23321624918318,-0.848890135598748,-0.798973669564622,0.690130378278102,-0.629843707397574,-0.458589923959548,-0.778386370841756,0.471155635969346,2.13725530966685,-1.1001642083812,-0.0641256158777693,-0.624470961512025,-0.34476848053886,1.24184056531615,-0.739281849167541,-0.381712258954214
comm.and.crime_point_0844,comm.and.crime,regression,0.58,0.0483879931483908,anomaly,-0.651533235030286,-0.171897892729153,0.491760072183968,-0.26506261752533,0.00146429262794278,0.0667263240013159,-0.639997445119629,0.326798586664425,-0.091611108832858,-0.0965886105387498,-0.337911430842786,0.317188096723854,0.514032132486567,0.682832724400303,-0.530770173602079,-0.700631344738288,-0.742597169663439,-0.425039640804075,0.799837073718665,0.325122543110906,1.01902867135331,-0.533031194213599,-0.681553878925593,-0.739004709724335,-0.472618903484926,-0.567472613338656,-0.216759028140039,-0.471261468611373,0.347766031238483,0.205607195640876,0.160258004218676,0.724267842801197,-1.1074695256283,1.12018582580019,-0.753136894569917,1.05548750468651,-0.972299962580968,1.3008928024361,-1.24181009308225,0.815279974671134,0.0886164956117204,0.356410229834627,0.575835373762982,0.402678669304647,-0.549162456337422,-0.584710153621474,-0.704148874918434,-0.0672751000735523,-1.4912935924161,-1.46477954583108,0.218145741121919,0.34792941380564,-0.115382978305131,-1.00512198687049,-0.998566532067046,-1.13687082468084,-1.2200796109,-0.641940381005198,-0.60138190496379,-0.611535701313945,-0.608454173918587,0.0180601640781611,-0.275750193055373,0.470028354129537,0.304702146810281,-0.0123933177430025,0.0986025896090331,-0.127296228476849,0.189775015255796,-0.0774626830755764,0.491654823047211,-1.23321624918318,0.0876256540515485,0.46618615394114,0.115083578304395,1.31088336642245,0.0881812846222431,-1.22244374045233,0.434518709136896,-0.402623346342877,-0.822944761547652,-0.878848277811454,-0.930668231079202,-0.758604743830171,-0.776275543828826,-0.736908318327921,-0.722114179256525,-0.767702135816429,-1.7608145591886,0.343643763005101,0.492771791314399,0.370733261641266,-0.370138508391861,-0.0435165600327901,1.07498067642251,0.915491930277863,-0.00771657564102366,-0.0477867027019386,0.379859875347588,0.385562518790717,0.524065851161242,-0.776903671928593,-0.0609873547032339,0.806954409675075,1.07072281732671,-0.00859578069383644,-0.236918153797056,1.27429867960235,-0.115382978305131,0.763017663402644,-0.152304562810898,-0.424861492610813,0.617322065653698,2.06752579612401,-0.349350157880785,0.527576300903674,-0.223927357231975,0.675263793938761,0.0452768201586437,0.471237211128387,1.41559866067845,-0.391348688885798,0.0435715764808665,-0.413219819433159,-1.61274064862427,-0.922036947615181,-1.31597710055166,-0.695677644196011,1.44544589158885,1.35745206077428,-0.11337289675326,-0.506783935891765,0.43110035463292,0.322022122016284,-1.23504806525446,-1.7108973708847,-1.51174026063149,0.558450217042117,-0.334821036824805,0.14327716567068,0.682832724400303,-1.04813857980274,-0.248310029719587,-0.661256593696907,0.972629611637952,-0.837074119169256,0.370524555741227,0.351977477180183,-0.695793398648614,1.4934278419403,-0.286904425214791,2.31439673814083,1.88406333867636,-0.165584803405107,1.95296020641653,-0.262943549469985,-0.487817174336336,-0.913834660893733,0.0449669127109041,-0.538459497839898,-0.0132359495005283,-1.36891441160836,-0.883183386419734,-0.694834028068417,1.06120832872116,-0.0278472343569434,-0.408381392326479,0.962472222891692,0.191443789063205,0.744321517128731,-0.277522937462631,-0.34476848053886,-0.695793398648614,-0.576459764357761,0.352751675137971,0.391000476585978,2.18217737707296,-0.590386957395979,0.387066062068055,0.453789198247646,1.30520508099459,-0.138628602798245,-0.210617258288034,-1.23463339039435,1.12018582580019,-0.333979422149212,0.766222769924772,0.351197603842184,-0.484813844404564,-1.08672084863389,1.37377339026636,1.27788477050604,-0.000739682945828393,0.682832724400303,-0.575803673781598,0.870274085276382,0.688607062513258,0.570425316331632,-0.333979422149212,-0.547435183985099,-0.44257322543477,0.58448334399507,-0.308861968134177,0.866582941130492,-0.421595500720383,-0.497628312119698,0.374882417342708,1.54059004370149,-0.392446673750327,0.59996722821086,-0.58964979375619,-1.23321624918318,-0.691582097088426,0.819460891553668,0.751115087973938,-0.669300457399169,0.597099711877842,0.602923741041008,0.803028383590466,2.5466491075463,-0.681553878925593,-0.58250322963563,-1.11857639274689,-0.34476848053886,-1.32265961824234,0.217464062248858,0.324442772256246
comm.and.crime_point_0716,comm.and.crime,regression,0.18,0.160429607558899,anomaly,-1.20039562229281,-0.519882053238727,-0.296225771543798,-0.26506261752533,2.48723954272842,-1.77723827490169,-0.352747691465246,-0.40441055463925,-0.864828255976639,-1.0717667847882,-0.698261939676291,1.21011750975464,-0.265657561852559,0.255684573739351,1.14097142833352,-0.153922844539436,-0.252659454575957,0.978897948255237,0.857434586358428,-0.845327642642986,1.37710136355464,1.28279602889901,1.30684518598855,2.09819134262743,0.692926942225224,4.83381967943463,-0.114410578670175,1.44046475170877,-0.35568405855027,-0.888608530066145,-0.355303606889044,-0.362109156720205,0.66123093895315,-0.512093453824773,0.338588862534303,-0.624470961512025,0.45255093945805,-0.609402729079175,0.798000749837136,-0.664493583293417,-0.0253843380978089,-0.328639491386592,-0.45898575186003,-0.438232993123054,0.0944776934649314,-0.148565325619854,0.438711755891097,-0.171709938179167,2.36372071806179,2.18732475474682,-0.149937701058835,0.434906314843494,-0.115382978305131,-0.685616345951833,-0.619283391928622,-0.442074950479027,-0.194279537476602,-0.0906058585608025,0.0333157936059686,0.191036059112137,0.371009684426595,0.326608230422067,-0.548829847861638,-0.29306929945644,-0.219657981557459,-0.248310029719587,-0.15468380482628,-1.1309892382737,1.25529378554558,-0.553751890761977,-0.609742683218555,0.726172755495118,-0.444061083654919,0.878506043477017,1.08698470595177,0.116964612161334,1.09354876858201,0.0250464516485512,-1.00671795787817,-0.935840378022907,0.647482131746904,0.632755165319001,0.514588735598435,-0.0290856412512651,1.08727461797251,1.11579509395479,0.964824256168832,0.825219881684049,0.481892202524582,0.18787525574614,-0.286904425214791,-0.226875569169311,0.798014197792618,-0.532924460232356,0.744132303188673,1.36432182184367,0.749013842139396,0.0435715764808665,-0.851110337619796,0.647508570739164,-0.391348688885798,-0.594329019975073,0.0250464516485512,-0.453822940289352,-0.660482479245224,-0.127211605631618,0.742239561078903,-0.152304562810898,-0.34476848053886,1.78891329814154,0.532464993547459,0.115083578304395,0.511493909447407,-0.303554212051806,-0.220480633356821,-0.949587954657186,-1.0594060620769,0.190658429492517,0.0452768201586437,-0.649707912297875,0.724267842801197,-0.391348688885798,-0.413219819433159,0.591721251577697,1.41095174850089,-0.792470938203999,0.886358450346385,-1.61502565017851,0.46618615394114,1.47828054418402,1.89737537882743,0.646300935599162,1.23662357736453,-0.00681644642028318,0.585612258152271,0.934806534272571,1.22894398048608,0.394542252695183,2.36757133666146,0.682832724400303,0.682832724400303,-0.280848586784089,0.40046092821602,-0.344648600652765,3.0461400666694,0.30420847476134,-0.632925531382569,0.0542078168079789,-0.43486269553505,-0.243561843564225,-0.286904425214791,-0.689744465219389,0.0104433041044344,0.550854342883945,0.56780287909846,-0.210617258288034,-0.20666076843211,-0.868190997905353,0.63909628175923,1.86881509871555,-0.844839901037864,-0.602185097684464,-0.965539767392024,-0.100894450061688,0.766222769924772,0.137576952259974,-0.293462891578667,-2.02780345939255,-0.433845179637909,0.207529190044681,-0.277522937462631,-0.34476848053886,-0.652304948129686,-0.576459764357761,-1.02301435554381,0.321344892711017,-1.90724602035016,2.6450665427348,1.02467942971995,0.0840075630593312,1.51686139340717,-0.375024355916575,-0.786206461289495,0.826966057285032,-0.116389386036903,-0.333979422149212,-0.94469347109426,-0.696638653067897,-0.400332606464976,-0.626152826019497,-0.358091987495182,-0.435042880192443,1.06120832872116,-1.56531543697313,-0.495251351508437,0.201898224687947,0.787628624021312,-1.56531543697313,-0.241958561604024,-0.394815653267903,-0.400332606464976,0.110020044243945,-1.020402605573,-0.425039640804075,-0.499564470154296,-0.791590941172187,1.68631318959071,-1.02539690198974,-1.68278186869654,-0.375210946038594,-0.777126743249906,0.726172755495118,-0.586710071414878,0.0939557434661589,0.629145668582266,-0.314189707384816,-0.0564224436405426,1.93967546221788,-0.571872999411319,-0.421455927079768,-1.04783791719925,1.72139727595486,-0.229186616524135,-0.230075729421995,0.523780513919773,-0.869747200724323,-0.684350129472983
comm.and.crime_point_1816,comm.and.crime,regression,0.64,0.023716320743217,anomaly,0.446191539494759,1.56802290981872,-0.217427187171022,0.773316280992368,1.97430179270768,-2.06407721250882,-0.592122486177232,1.23005693768661,0.681606038310923,0.669622812085821,0.502906423102059,-0.519933227992503,-0.187688592418646,0.682832724400303,-0.8651184939892,-0.919314744817829,-1.13454734173342,-1.49203220848915,-0.00652810323800724,1.45055541402811,-0.413262097452023,-0.986987999991752,-0.9955116260173,-0.792536710712104,-0.414341611199418,-0.81022732312622,-0.4726301518147,-0.853606712675401,0.0351215468879261,1.7375092116307,1.51946588804812,1.8106448423226,-0.916258664592466,2.20837201221683,-0.753136894569917,0.709613702822105,0.395556903376489,1.45170560755573,-1.02709316224863,0.979699258889417,1.45662650012607,0.870197520750541,0.957085262150409,1.5023323817101,-2.48008290574448,-2.32928946562795,-3.03558456176988,-1.84266734786902,-0.957522380196087,-0.951202378562316,0.402187462212296,3.26165559857376,-0.115382978305131,1.59656680346716,1.56159466386731,1.7415692255838,1.60087059101434,1.64821840453306,1.42965073045944,1.37377339026636,1.18013200219001,-0.951662330145544,0.953108253572819,2.14884319201868,1.72047449340318,0.754335996180896,0.288567385435518,1.24617841650832,-2.14421848156944,1.2085181776777,0.839464561867979,-1.23321624918318,-0.178217714801685,-0.66769354228252,-1.99070219826491,3.65280092285772,1.04063469047886,-2.12579870714607,3.02874470976401,1.19702774869721,-0.154568900959218,-0.14464089114809,-0.208039747740384,0.153294134393461,0.131607868330799,0.0686149044036935,0.168214439440191,2.35914478742525,1.54984780334038,2.93978555065446,0.590231318380547,-0.0276726255657857,0.62495453761714,0.299068970106906,-0.193271420973861,0.566402014615565,0.395872980508533,-0.504578098615964,1.70930770535236,0.254589492816494,-0.391348688885798,-0.00096140112613429,0.842367611990508,-0.138628602798245,1.41696387664109,-0.542366992913852,2.29737240235249,0.988978031119698,-0.34476848053886,0.0610890712128745,-0.0381763034178386,0.601034142128082,0.511493909447407,0.358142534415864,-0.091611108832858,-0.555677486507623,0.246029414243294,0.675263793938761,-0.633170690066098,-0.649707912297875,-0.757155338364351,-0.391348688885798,0.409004693212087,-0.230503261067549,0.115083578304395,0.114491127674274,-0.0435165600327901,0.625885114403834,-0.616153556090535,-0.938289124010825,-0.735747363004424,1.01043300028051,-0.978565285147405,1.41815068347151,0.0394141611302526,-1.49924105847212,-1.02233236043192,-0.220112613605818,1.18231152372889,0.682832724400303,0.682832724400303,2.1306342484174,1.5210653101048,-0.344648600652765,0.339056972600567,0.532464993547459,-0.967408893757168,-0.0946770133781229,0.130487161211004,0.00457954007927846,-0.286904425214791,-0.252778472003357,-1.86317673046749,0.294983219209284,1.42755570295106,-0.681553878925593,-0.862692382208638,-1.14205297583563,1.03518252779145,-1.10745167520755,0.599524856895403,-1.48687276759666,0.393340518650751,-0.0468999429701671,-1.59366170044631,-1.68208910052612,-0.86805539531773,1.49645002329959,-0.35568405855027,-0.919734696831824,-0.277522937462631,-0.115382978305131,-0.173931992421487,-0.576459764357761,0.670236143756844,0.460656060460939,1.03022712427771,-0.550930207394384,-0.888160673235742,0.559441094015736,-0.388045418306067,-0.453822940289352,0.888234856532939,-0.461533597514582,0.477166715644901,-0.333979422149212,-0.708705024057152,-0.839525415373817,-0.569295082344151,-0.4726301518147,3.44356371978626,-1.2670363105317,-1.12168480637209,0.682832724400303,-1.22022225196689,-0.110010510253322,0.441053158743122,-1.52035247374566,-0.333979422149212,0.164789292695146,2.04962329378306,-2.20298854204279,0.467364181799085,-0.705827158615937,-0.265657561852559,-0.399640769102202,0.828839223120861,-0.620241068459545,-0.144305290106824,0.0427225572111723,-0.120957420021899,-1.23321624918318,-0.639146084251652,0.038147655151735,0.324222120103087,-0.590386957395979,-0.508860858999424,-0.689269589429965,-1.09338731710165,-0.626152826019497,-0.262943549469985,1.95178732651391,-0.130365530277162,-0.34476848053886,0.626360521262113,0.217464062248858,-0.835669064732367
comm.and.crime_point_1746,comm.and.crime,regression,0.01,0.00935739851724904,nominal,1.60490102371564,1.22003874930914,-0.375024355916575,1.01764072770241,-0.708757207400764,1.00919711899618,-0.687872404062027,-0.576459764357761,0.101693177953087,-0.444866529913555,-0.518086685259539,-0.966397934507894,-0.265657561852559,0.682832724400303,0.997679291024758,1.26751925597758,0.531240889564015,1.2596854660671,-0.755295767554917,-0.890344957479674,-0.353583315418467,0.627080642775015,0.103340488803673,-0.0430886968833349,-1.69644204148058,-0.749538645679329,-0.216759028140039,0.675774263580712,-0.433845179637909,-1.06368304617927,-0.870865217996765,-0.855916883775387,-0.390428796743927,-1.15511256398006,1.54523312038634,1.15430859093348,-0.972299962580968,0.396015971718339,-0.382942369747774,-1.37697714823931,-0.823390174064514,-1.9841763176712,-1.7661282263312,0.726106231776839,1.48077955457769,1.40217184060813,1.30728583530634,1.39481263340506,0.940330818808414,1.16017042020929,-0.333979422149212,-0.91323565124325,-0.34476848053886,-0.913834660893733,-1.28302888717086,-1.33538393159564,-1.3739496219135,-0.684350728885536,-0.728321444677741,-0.738257558223326,-0.693624944209472,0.723312887149946,-0.503316572060594,-0.343942476362171,-0.0623499430471371,1.28514859812821,1.30171296317677,0.0840075630593312,1.61046670897551,-0.649009732299257,-1.5952036098774,0.726172755495118,-0.444061083654919,0.878506043477017,1.62692977686698,-0.571834669143156,-0.335131340202921,0.670299999286939,-1.08907433885046,-0.644994724379254,-0.199127291665113,-0.274206900559272,-0.335562421270764,0.746028405238823,0.65722458063374,0.592204999179243,0.683667850264606,-0.472716577020044,-0.105483377924108,0.18787525574614,-0.286904425214791,-0.226875569169311,-0.716257828742818,1.32682556052599,0.6889909076497,-0.430997744419571,1.20305209280765,0.226288134846476,-0.949587954657186,-0.574906338353587,-0.391348688885798,-0.366110705033174,0.928401418342293,-0.375024355916575,-0.709945487718708,0.703099168932851,1.31821468747653,0.532464993547459,-0.34476848053886,-0.424861492610813,1.10310629051276,-0.20888346424473,0.881892456169426,-1.5166649139092,-0.671523969190694,-0.358722252432842,0.193811995190487,-0.148565325619854,1.01448754905113,-0.94469347109426,0.0329370249239415,-0.391348688885798,-0.413219819433159,-0.504578098615964,-0.910812056434499,-0.662904928792817,-0.581865250252313,-0.00616663970913513,0.930046029669001,1.88104215554983,-0.400622650407643,-0.203340548657311,0.310271871223178,0.376828550089045,0.342857548364707,1.30520508099459,-0.875509990372052,-0.711836506646619,3.0313168319037,0.278166055353086,0.682832724400303,0.541247834307328,-0.0123933177430025,-0.851221389523392,-1.04328333075373,-0.0381763034178386,0.131607868330799,0.451234030637584,-0.956724101762177,-0.590959780665129,-0.189444898148642,-0.580502966915381,-0.203684699846642,-0.165584803405107,-0.626298265141257,-0.315269840651936,1.33969946404113,0.227256913815765,-1.88595353669616,-1.10745167520755,-0.713534013953022,-1.13299769963178,0.887478804484488,2.05888583359914,-0.0597367947051054,0.192718347798946,0.166211111412584,0.855676662810112,0.504088273413761,-0.382942369747774,-0.043039574199713,-0.230075729421995,-0.956724101762177,-0.447422857068877,1.72851770581975,-0.0269330266637888,-0.179320641157294,-0.393103207388005,-0.293054863427304,-0.285774072128984,-1.1288425117501,1.0433501627934,1.20219260362464,0.311566195365187,0.477166715644901,-0.333979422149212,0.825219881684049,-0.839525415373817,0.0643142022027552,0.243808994474351,-0.569295082344151,0.592713710226646,1.41519099927682,-1.04824135985724,0.95469044940847,-0.466477635900487,-1.19280260613978,-1.56531543697313,-0.241958561604024,3.01368719941613,-0.189129511616007,0.525175431526179,-0.308861968134177,-0.256567130116958,-0.499564470154296,-0.644609626645943,0.1226841919104,-0.890344957479674,-0.69021633412253,0.112378141086133,-0.917734455370194,-1.23321624918318,3.92278703254769,-1.41286264102328,0.812099797669774,-0.550930207394384,-0.0564224436405426,0.246456615393843,0.281514065900134,0.192634769739419,0.0510141976217214,-1.21607586867302,2.19192999652669,-0.34476848053886,-0.50201955950362,-0.347885794497196,-0.58347083930006
comm.and.crime_point_1009,comm.and.crime,regression,0.49,0.0969145852242923,anomaly,0.934069217061446,0.176086267780421,-0.217427187171022,-0.570468175912889,-0.0774492073752468,0.312588270521716,-0.304872732522849,-0.40441055463925,0.488301751524978,1.08755631533559,1.10349060449123,-0.0734685214771128,-0.187688592418646,0.682832724400303,-0.244185898984547,-0.208593694559321,-0.056684368540964,0.248850401944395,-0.179320641157294,0.550209117294346,0.959349889319753,-0.129514033521907,0.155666779985624,0.117507306079973,-0.12295514977188,0.0394141611302526,-0.370281702344836,-0.198157722851353,-0.199361816374992,0.0743013085560334,-0.542780556382761,-0.609013020247796,0.756836369471066,-0.0174633690899362,0.453507363282115,-1.21739747899386,0.680527083784293,-1.26292488459756,0.368566888169896,0.267215693943522,1.62762775069036,0.584760136908366,0.412442564454086,-0.56760401811193,-0.94524870236964,-0.681631226510723,-1.29843640293939,-1.42492799544655,-1.31336985500943,-0.722945859776196,-0.149937701058835,0.565371666400276,-0.230075729421995,0.729337206687944,0.37633485093474,0.252720923722782,0.113460484550416,-0.00578516280012634,-0.178250105917284,-0.231370130585801,-0.267771092755045,0.41476482080604,-0.412290020458506,-0.242196122550708,-0.48183804574133,-1.01503934364349,-1.10450778395871,-0.338600020013028,-1.58608960189384,-0.601380811530617,0.491654823047211,-1.23321624918318,0.154086496264857,-1.7500332523142,-1.50475163444123,-0.617754621230122,0.141095362725389,-2.12579870714607,-0.183154148155274,-0.499571897557428,0.513806959629217,0.546377825711547,0.514588735598435,0.198889078304643,0.561657905669569,0.672757321452404,0.543089647312493,0.471237211128387,1.06926778297327,1.79748316408874,-0.0919853710824933,-0.226875569169311,-0.283608678304122,-0.973391570411965,-0.910109562980505,-1.07930758779241,-2.63104869061314,-0.413219819433159,0.330621066828893,-0.181987260430917,2.89582170491948,0.0446822618622457,-0.620207095989836,2.69812043462171,-0.907797521612643,1.71133368090399,0.396654485240329,0.24714434506481,-0.34476848053886,1.78891329814154,1.559619328085,-0.0468999429701671,-1.92255368329729,1.18526346750045,3.71003986462407,1.3646360457215,-0.11949251912636,-1.16623659095697,0.578342721049512,0.589231434646941,0.427983206568087,-0.391348688885798,0.134929855663671,0.0435715764808665,0.277067099578957,-0.792470938203999,0.494832130186732,0.453507363282115,0.00232627821327909,-0.253594384688952,-0.209122814638054,-0.324717903551093,0.350548032359759,0.322022122016284,0.160791516024035,-1.55215513657527,1.7672926707056,0.681381190302317,-1.70972241982659,-1.56531543697313,0.6153882795591,0.596054262380089,0.164544216239436,-0.281327002043937,0.223861947321042,0.0188878262786913,-1.25410891864968,0.699375414281087,-0.0434666408647052,0.15346437026538,-0.286904425214791,1.27660250425276,-1.00666471466318,0.44850589341408,-1.48605108899385,-0.472248714197789,0.683667850264606,0.409831565769285,0.441053158743122,-1.19498893326411,-0.888608530066145,-0.0713724957371486,-0.553757862530577,0.223072592487436,0.176251652332003,-1.84751328714304,0.913181366273366,-1.01324563861754,-0.35568405855027,1.01271768067076,-0.35568405855027,-0.230075729421995,-0.826258750205395,-0.533447461928133,0.670236143756844,2.20204565733496,-0.179320641157294,-0.51147345739279,-0.930668231079202,-0.391425967897073,2.78679926788266,-0.138628602798245,2.98128650381098,-1.69849326612221,-1.00672353855961,-0.333979422149212,-0.118733906464382,-0.410865128456057,-0.569295082344151,-0.0632363539352424,0.0643142022027552,-1.07127315045188,1.35619388751754,0.682832724400303,0.713033482588985,-0.867503152253548,-0.846227140861585,0.682832724400303,-0.333979422149212,1.13137965390405,2.93667629214873,-0.127211605631618,0.467364181799085,-1.04277217999017,0.280125224184829,0.972184833142749,0.0722445468239389,1.00038226566123,-1.23612737813824,0.530311644335899,0.816427327446683,0.726172755495118,-0.167221968720685,-1.24543837608001,-1.38334975138032,0.55385879265027,-1.01157020939818,-0.822944761547652,0.091872495830922,-1.29141774757362,-0.472248714197789,-0.00652810323800724,1.7966456515388,-0.115382978305131,-1.06620959988649,-0.869747200724323,-0.381712258954214
comm.and.crime_point_0593,comm.and.crime,regression,0.01,0.04145528508851,nominal,1.11702334614895,-0.867866213748302,-0.138628602798245,1.20088406273495,-0.550930207394384,0.722358181389051,0.0781269390163294,-0.576459764357761,0.681606038310923,-1.14142236866316,-0.698261939676291,-1.58028690596656,-0.109719622984733,0.682832724400303,2.76494898449954,1.54087350607701,2.14803534935271,1.93357550881557,-1.73445348243088,-1.34051810584656,-1.01004991778758,2.39246822080117,2.30104471844562,2.1517233436152,2.79090946450349,3.01315935602791,0.65320279235381,1.22198175510075,-0.433845179637909,-1.28252619132067,-1.43329606647791,-1.84353233788575,2.47773411879356,-1.45189061482096,1.02809986702118,-0.673881504635512,0.0535926868871247,-1.76563423499632,1.97894386942205,-1.92504142896692,-1.10839225833834,-1.58456398029216,-1.7661282263312,0.920162769260154,1.6788226775938,1.69293505927587,1.26157141007396,1.49924747151068,-1.55060150488499,-1.6930360646172,-0.333979422149212,-0.956724101762177,-0.230075729421995,-0.183536053079654,-0.619283391928622,0.00457954007927846,0.216040491892755,-0.429888641603507,-0.516755545154489,-0.400332606464976,-0.395527248191373,0.591078001573987,-0.548829847861638,-0.649181537796562,-0.376966020067782,1.5210653101048,1.49167775900326,0.0311816151752862,1.8641616542826,-0.839525415373817,-2.6386328263397,2.68556176017342,-0.37760024144161,0.775426071093047,1.9508968194161,-0.617754621230122,-0.758443965028085,1.35857045010122,-1.04789614836431,-0.887366102415632,0.469248568923321,0.416811816300365,0.429573619911515,0.882813236972367,0.609441243151654,0.99496661054505,0.730527251248644,-1.12168480637209,-0.265676718046478,-1.57750115985543,-0.286904425214791,-0.226875569169311,-0.456668338479601,-1.31597710055166,-0.138130025434889,-0.430997744419571,-2.02566435638881,-0.230503261067549,-0.260244635395451,-0.618564013678328,-0.391348688885798,0.318544239792525,-1.05037612774876,0.255364319065638,0.477166715644901,-2.26229645451168,0.511849510519854,0.24714434506481,-0.230075729421995,0.0610890712128745,-0.380561081597017,-1.07279557770906,1.1993769247883,0.0272941611820292,-0.284915395618803,-0.407961060951538,-0.58944929060163,0.239118965937142,-0.342407471398352,-0.826699247575706,-0.855916883775387,3.353528974943,-0.321861540250354,0.226288134846476,1.24896822722633,1.53971723119727,0.348009760126863,-0.580759143448198,0.569266126325109,-1.38132689651321,-0.496372568292438,3.37729142070925,-0.857736801737663,-0.171235730638567,-0.0819631937635291,0.0881812846222431,-1.36491789057162,0.59942720812885,-0.571872999411319,-1.56531543697313,0.682832724400303,0.486441406234567,-1.07401852163763,0.161924188217862,-1.04328333075373,1.10310629051276,0.561657905669569,-1.38501220832434,-0.391374245016123,0.451234030637584,-0.286904425214791,-1.50905570249945,2.04465934163967,-0.267933252874971,1.14097142833352,1.88243438899001,0.121355038456154,0.501118891746045,0.540074720251176,-0.538459497839898,-0.62599675589646,-0.602185097684464,-0.924361576905879,0.871006677585685,-0.767702135816429,-0.303554212051806,0.510966613656022,-0.853052298495168,-0.121200695287352,0.529604586295112,-0.277522937462631,-0.230075729421995,-0.739281849167541,0.154749376945913,0.564407987550553,-0.0269330266637888,0.799837073718665,-0.669300457399169,0.429573619911515,-0.602729759433253,1.72851770581975,-0.375024355916575,-0.262943549469985,0.878506043477017,-1.10564955550658,-0.149937701058835,1.17920255223971,-0.649009732299257,-0.653776320283739,-0.523804376549633,-0.189129511616007,0.837417660326429,-1.3576732534092,0.682832724400303,0.874138127135308,-1.09029510578303,-1.09378104463172,-1.56531543697313,-0.333979422149212,-0.394815653267903,-0.484813844404564,0.169327956712836,0.726106231776839,0.0242203876949048,-0.499564470154296,-0.497628312119698,-1.08786729016467,1.94574587723168,-0.739844610851231,0.391000476585978,-0.870865217996765,0.726172755495118,2.03509057042383,-1.63609499428098,0.324222120103087,-0.235276207381626,-0.358048053879797,-0.689269589429965,0.37633485093474,1.47199038811273,0.155666779985624,0.339056972600567,-0.377418245894594,-0.34476848053886,1.54958058734317,-0.260908893459341,-0.58347083930006
comm.and.crime_point_0374,comm.and.crime,regression,0.04,0.02848239106643,nominal,0.263237410407251,-1.21585037425788,-0.296225771543798,0.773316280992368,-0.669300457399169,0.886266145735984,-0.44849760935004,-0.533447461928133,-0.156045871094839,0.182033724961094,-0.217794594564951,-1.41286264102328,-0.343626531286471,-0.0140932056254605,1.14097142833352,1.70488605613666,0.776209747107756,0.417322912631512,-1.44646591923207,-0.890344957479674,-1.06972869982113,0.828839223120861,0.417298235895379,0.224571308055511,0.984313403652762,1.67800845219631,0.397331668679148,0.5119120161247,-0.433845179637909,-1.06368304617927,-0.683388268503048,-0.707774565658833,0.135401071104611,0.279314681750966,1.66015162113415,1.74723510841532,-1.37125821515189,-0.156964313720294,0.475925353586706,-0.719300011366178,-0.424387256081161,-0.899514259070941,-0.840235640247456,0.467364181799085,1.08469330854548,1.06294808549576,0.758712732517766,1.44703005245787,1.29617829362176,1.38842693899541,-0.333979422149212,-0.608816497610759,-0.230075729421995,-0.274823379056414,-0.287410644307502,-0.293190120292925,-0.45072955583245,-0.429888641603507,-0.389816005440537,-0.400332606464976,-0.438112633336816,0.326608230422067,-0.503316572060594,-0.394815653267903,-0.219657981557459,1.04923188615163,1.04842656874146,0.559441094015736,0.900120862115651,-0.553751890761977,-0.667710973022016,0.726172755495118,-0.444061083654919,0.775426071093047,0.871006677585685,-0.434074812882258,-0.335131340202921,1.27253664374943,-0.800827005447445,-0.354149070735601,0.513806959629217,0.416811816300365,0.259543388537675,1.293167732173,1.18284129293668,1.15607125509137,1.57399646896132,-0.0597367947051054,1.4430522432588,0.862872120534973,-0.286904425214791,-0.226875569169311,-0.370138508391861,-1.46279947061153,-0.0278472343569434,-0.480867732371328,-1.97521566187011,0.134929855663671,-0.851110337619796,-0.618564013678328,-0.391348688885798,0.409831565769285,-1.05037612774876,-0.453822940289352,1.51588989358806,0.0507121317750543,0.339056972600567,-1.00826650825885,-0.34476848053886,-0.0468999429701671,-0.437625211293547,1.84290780523306,-1.02301435554381,-0.248412816512834,0.810475562834887,-0.211005826876756,-1.00718864302409,0.578342721049512,-0.778552299399972,-0.708705024057152,-0.164586065898132,-0.391348688885798,-0.504578098615964,-0.413219819433159,-0.424861492610813,-0.965225617418908,0.641654500246602,0.740803615151647,1.08466598824495,-0.777184479464502,-0.256997773580451,1.7386971296432,-0.575803673781598,-1.87023500089416,-0.567472613338656,1.56977547151032,-0.435042880192443,0.927243136822718,-0.571872999411319,0.682832724400303,-1.56531543697313,1.41815068347151,0.40046092821602,-0.15468380482628,0.16626443468128,0.589529123243989,-0.824058881310911,-0.938357717766034,2.0439789840438,-0.0450487366494222,-0.189444898148642,0.621153514428708,-0.739004709724335,0.960248140763403,-0.912882539758789,-0.315269840651936,0.215073840424229,-0.320467042044794,-1.98497509820421,-1.15122030423583,0.293144453697438,-0.720143453672756,-0.183154148155274,-0.20888346424473,1.23819966399899,-1.40638212283126,-0.350922141952573,-0.532665618250428,-0.199361816374992,-0.060866973497344,-0.35568405855027,-0.34476848053886,-0.695793398648614,-0.490435159498505,0.299837597034825,2.68963474445969,-1.96484353298993,0.277661542639106,-0.590607768331523,1.03487462497214,0.299837597034825,1.83133600652117,-0.419922423015838,-1.69849326612221,-0.808871504665675,-0.333979422149212,-0.472716577020044,0.0177951584617036,0.402239153961105,0.806725466558606,-0.44257322543477,0.886358450346385,-0.885696359334983,0.682832724400303,-0.495251351508437,1.13762442951176,0.143988474218959,0.682832724400303,-0.333979422149212,-0.700054714702294,-0.696016939253532,0.406559606588398,-2.76691144292284,1.31584296962947,-0.499564470154296,-0.98756602720718,-0.734789774559444,-0.98037958715305,-1.68278186869654,-0.653833281538438,-1.05834216749048,0.726172755495118,-0.167221968720685,-0.687357492935775,-1.38334975138032,0.908969542664623,1.75333121779498,1.62776672727661,2.08310898155765,-0.216759028140039,0.260319362349526,1.08782463691748,0.51197153032816,-0.34476848053886,0.472490510248604,-0.43486269553505,1.4341149641584
comm.and.crime_point_1623,comm.and.crime,regression,0.01,0.05716148893955,nominal,1.60490102371564,1.22003874930914,-0.375024355916575,-0.26506261752533,-0.669300457399169,0.886266145735984,-0.304872732522849,-0.533447461928133,-1.05813254276258,-1.76832262353781,-1.4189629573433,0.149763831780583,-0.343626531286471,0.682832724400303,1.57084784025982,0.338114805639531,1.16815991917774,2.04589051594031,-0.179320641157294,-0.98037958715305,-0.293904533384912,1.63587354450424,2.09173955371781,1.93759533966413,0.926036111367255,3.0738480334748,2.18842953440178,0.5119120161247,-0.433845179637909,-1.28252619132067,-1.29268835435763,-1.6953900197692,3.05136670190105,-1.55081663176793,0.798262865525553,-0.624470961512025,2.27636009406799,-1.81590517003619,2.99884929088174,-1.92504142896692,-1.27939350890263,-1.18495164291312,-1.49380687748304,-0.308861968134177,1.28273643156158,1.49909291349738,1.44442911100348,0.507116509507333,-0.423751167976071,-0.209368692507428,-0.333979422149212,-0.956724101762177,-0.34476848053886,1.41399215151364,0.660797206038557,0.252720923722782,0.0621704808792462,0.206266576601564,-0.093623746107983,-0.231370130585801,-0.310356477900488,0.502921411190013,-0.412290020458506,-0.700054714702294,-0.534274058578104,0.0465858602511433,0.0352809910002048,-1.02533734250561,1.61046670897551,-0.791896494605177,-1.42129874046701,0.726172755495118,-0.510521925868227,1.23928594682091,1.51894076268393,-0.939194285838884,-1.07592843364696,-1.78166348173893,-1.04789614836431,-0.208726243913775,0.0682230525702607,0.0713024578705468,0.132020715007295,0.974003124794731,0.705007918115826,0.350548032359759,0.589949048296531,-1.3576732534092,-0.0520855978833183,0.810949284781987,-0.286904425214791,-0.226875569169311,-0.283608678304122,0.0543650200071232,0.90955648980559,0.317052074856781,-0.108613964678413,-0.595936377798769,1.61083008831497,-0.138329585106176,-0.391348688885798,0.227256913815765,0.756333805638724,-0.217427187171022,0.0319996393835476,1.17756246868398,1.49100722539581,-0.0381763034178386,-0.115382978305131,1.41095174850089,0.133016085671751,0.817012170494165,0.564407987550553,1.07498067642251,0.166127940215069,0.084427024235416,0.402681671401718,-0.197025862064479,0.0937373566032682,-1.3576732534092,-1.34972461083057,-0.391348688885798,-0.321861540250354,0.317646414029282,-0.640839520976896,-0.533338919381635,0.25012818008695,0.166211111412584,-3.70855272760961,-0.978565285147405,-0.352747691465246,-1.23504806525446,-0.938289124010825,0.0479899816524777,-1.23504806525446,1.94017401823234,-0.875509990372052,0.722358181389051,-1.14079770961895,0.682832724400303,0.682832724400303,-0.554880727147895,0.754335996180896,-1.35779417839402,-0.00652810323800724,1.559619328085,-0.72849220634674,-1.73241014542524,-0.173931992421487,-0.293190120292925,-0.286904425214791,-0.96284821097941,-0.36428070280995,-0.4726301518147,-0.8651184939892,-0.367596131833887,-0.722114179256525,-0.868190997905353,-1.14329182538575,-1.15122030423583,-0.932377159094426,0.282502572227728,0.475696899623041,-0.0468999429701671,-0.177731018223659,1.68153602735121,-0.121085140456948,1.92363226362591,-0.277522937462631,-0.490300835164584,-0.043039574199713,-0.230075729421995,-0.478351146053977,-0.576459764357761,0.987720612375717,0.530311644335899,-1.3888684065923,-0.669300457399169,-0.930668231079202,-0.972511394621568,-1.816725527091,-0.217427187171022,-0.105964675924132,0.260026209173202,3.04924315626605,-0.241958561604024,-1.65265881220558,-0.220349445381496,-0.611535701313945,2.08608108493191,-0.484813844404564,0.494832130186732,-0.236728129982936,0.682832724400303,-0.978565285147405,2.51893454139452,-0.648184017845477,0.682832724400303,-0.149937701058835,-0.0387034149277808,-0.315851368525389,0.287943781650617,-0.891031580584123,-1.21124469067729,-0.265657561852559,-0.105678140049712,-0.835669064732367,0.0100013392540886,0.997145074653291,0.391000476585978,-0.917734455370194,0.726172755495118,0.776626262341248,0.372996185038278,1.11702334614895,3.23691779275872,0.546828776837966,-0.912061542959443,1.94087780400574,-0.421455927079768,-1.04783791719925,-1.3888684065923,0.462560987204673,-0.34476848053886,0.934100543289131,0.0435102601731493,0.0722445468239389
comm.and.crime_point_1037,comm.and.crime,regression,0.02,0.009314638779236,nominal,0.324222120103087,0.176086267780421,-0.453822940289352,-0.0207381708152835,-0.669300457399169,0.681381190302317,0.700501405267494,-0.40441055463925,-1.25143682954853,-1.14142236866316,-0.818378775954126,0.0939557434661589,-0.343626531286471,0.682832724400303,2.28730852680365,0.775481605798612,0.139290717494029,2.10204801950269,-0.179320641157294,-1.07041421682643,0.541598415084864,2.29158893062824,2.61500246553732,2.47291534954182,4.13128718707017,-0.446095258444874,1.47199038811273,1.16736100594875,-0.433845179637909,-1.10745167520755,-0.730257505876477,-1.20158229271402,2.09531239672189,-1.25403858092703,0.913181366273366,-0.624470961512025,-0.0603953852759968,-1.41373768971719,1.71054770588002,-1.8154285728214,-0.53838808979069,-1.58456398029216,-1.71166395656157,-0.114805430650861,1.6788226775938,1.64447452283125,0.941570433447291,1.34259521435226,-0.483059080444962,-0.323496951900488,-0.333979422149212,-0.956724101762177,-0.230075729421995,-0.274823379056414,-0.477052214376713,-0.293190120292925,-0.399439552161281,0.206266576601564,0.0756289735106192,0.23327667808193,0.158082758699382,-0.114174721497799,-0.321263468856418,-0.649181537796562,-0.534274058578104,0.223523394233582,0.478532181262003,-0.866859498853478,1.10307681836132,-0.744267573836537,-1.42129874046701,0.726172755495118,-0.510521925868227,1.23928594682091,0.925001184677206,-0.52591471705619,0.194009440828534,-0.491156386462159,-0.965539767392024,0.421439338980806,1.85055868080609,1.71247191041218,1.53477012384147,1.93149694692954,1.56510799279336,2.12269912236931,1.48027766699325,-0.472716577020044,0.00131218215747174,-0.227507430277758,-0.286904425214791,-0.226875569169311,0.668219452661009,-0.483983670212399,1.35068765411737,0.167442111001511,0.345424285989838,-0.504578098615964,0.133665832754111,1.25871602528554,-0.391348688885798,-1.46155861675429,-0.620207095989836,-0.217427187171022,-0.907797521612643,1.47410203102843,0.108666922041517,1.559619328085,-0.230075729421995,0.115083578304395,-2.8343186585478,-0.748828535159937,-0.335131340202921,-0.413837003129751,0.166127940215069,-0.8018715291011,0.977073280982603,1.3537113041635,1.06294808549576,-1.23967902989064,-0.707774565658833,-0.391348688885798,0.683079530760502,0.500362972394892,-0.0468999429701671,0.287245806889183,-2.97996396123019,-0.0636258900830415,-0.10075369417069,2.32407992805221,0.0781269390163294,2.34558390411211,-0.173042062415791,0.760473546598372,0.342857548364707,-1.02301435554381,-0.728687620312182,0.435519243781917,2.8890856543518,0.682832724400303,-1.56531543697313,0.0479899816524777,-0.897080987655194,1.68164255482974,-0.236918153797056,1.04604216081623,1.70845800523962,-0.64058805739383,-0.782770299686468,1.29491473502549,-0.286904425214791,-0.689744465219389,-0.739004709724335,3.46778515277508,-0.626298265141257,-1.04783791719925,-0.768973580240562,-0.457398031009934,0.391542377989094,-0.319616352698494,-1.01991441715099,-1.25095605562007,-0.512579672044432,0.277067099578957,0.589231434646941,0.247859743337919,-0.0636258900830415,-0.692858958372798,-0.35568405855027,-1.18813086037385,-0.043039574199713,-0.230075729421995,3.26165559857376,0.326798586664425,1.35811915909774,-1.28073353641309,-0.0641256158777693,0.277661542639106,0.727126524815734,0.400963250363601,-1.55215513657527,-0.296225771543798,1.04521373007879,-3.29623283807373,0.32877769022445,-0.333979422149212,-0.177731018223659,-0.744267573836537,-0.611535701313945,-0.728501275489362,-0.696016939253532,-0.630806040272269,-0.94469347109426,0.682832724400303,0.108891065540274,1.44953316445302,0.886650185529367,0.682832724400303,0.678250043847861,0.368282000318073,-0.78049817719312,-0.245827430569399,0.208622131821331,-0.705827158615937,0.0462183158830917,3.47086718008891,0.929718513293784,0.145053283764153,0.897888521195889,-0.235899778288672,2.92554300925099,0.726172755495118,3.92278703254769,0.484612361667126,0.629145668582266,-0.669300457399169,0.044119426439209,0.023664661864365,0.234103673382831,0.141460545004487,1.30684518598855,1.203019662197,1.7966456515388,-0.34476848053886,-0.296859544818942,-0.956724101762177,1.48455460924486
comm.and.crime_point_1628,comm.and.crime,regression,0.02,0.00155763920562901,nominal,0.324222120103087,1.22003874930914,-0.296225771543798,0.590072945959833,-0.472016707391195,0.47649623486865,0.844126282094685,-0.361398252209622,0.101693177953087,-0.375210946038594,-0.397969848981704,-1.41286264102328,-0.265657561852559,0.210721610511883,2.43060066411242,1.48620265605712,-0.252659454575957,1.70894549456608,-1.21607586867302,-1.07041421682643,-1.01004991778758,2.54378715606055,2.03941326253586,1.93759533966413,1.56708632650784,-0.628161290785547,1.42081616337779,1.22198175510075,-0.433845179637909,-1.10745167520755,-1.01147293011705,-1.30034383812505,2.04750968146293,-1.00672353855961,1.2579368685168,0.264918814710728,0.224574795131807,-1.26292488459756,1.97894386942205,-1.26736429209379,-0.424387256081161,-1.35621407321842,-1.33041406817415,0.790791744271277,1.48077955457769,1.49909291349738,1.26157141007396,1.34259521435226,-1.25406194254054,-0.551753470686607,-0.333979422149212,-0.869747200724323,-0.230075729421995,-0.0466050641145143,-0.240000251790199,0.10383609353668,0.0621704808792462,0.0790355329605499,-0.00899738629868194,0.148795440142343,0.115497373553939,0.0621384592701477,-0.321263468856418,-0.343942476362171,-0.219657981557459,0.931273530163335,1.74496415343857,-1.02533734250561,1.05233782929991,-0.601380811530617,-1.13145729144971,0.726172755495118,-0.444061083654919,0.672346098709078,0.601034142128082,-0.709594525404054,-0.599701730718649,0.756333805638724,-0.965539767392024,-0.548046173164703,1.76144189939429,1.84203791982337,1.95984570227607,1.97709189084073,1.42175798034711,1.03524277168163,1.19912126108902,-0.708705024057152,0.909074442850902,-0.0717389230187961,-0.286904425214791,-0.226875569169311,0.235570302222313,-0.483983670212399,0.413283929954837,0.117572123049754,-0.411306131790581,-0.0477867027019386,-0.752632720582405,-0.225644935755658,-0.391348688885798,0.318544239792525,0.455215483407476,-0.296225771543798,0.526629724118384,-2.1436806295739,-0.121723128517532,0.4183367341544,-0.34476848053886,0.115083578304395,-0.152304562810898,0.601034142128082,-0.123475027790339,-0.138130025434889,0.230562702477051,-0.358722252432842,2.07363908109157,-0.293946934953727,-0.487789080732225,-0.649707912297875,1.02055247903431,-0.391348688885798,-0.321861540250354,-0.504578098615964,0.655028649219603,2.74899998570164,-0.630806040272269,-2.13215890354367,-3.3993128104577,0.753309643725566,-0.496372568292438,0.585612258152271,2.32407992805221,-1.65100928860312,0.282168870917816,-1.65798329278156,-0.288220510132573,0.722358181389051,-0.761514569480531,0.682832724400303,-0.0140932056254605,-0.938525723657223,0.636377640192604,0.415210582653175,1.03022712427771,-1.00826650825885,-1.15854224368551,-1.78203842215394,1.69607137989238,-1.38501220832434,-0.286904425214791,0.129566772060671,-0.36428070280995,-1.49611464651335,-0.244185898984547,-0.472248714197789,-1.14384878811286,0.0446822618622457,-0.598673237091449,0.599524856895403,0.161838566612595,-0.366268385707879,-0.347866910099853,0.223072592487436,1.00221121696188,-1.62694770498715,0.396048112908209,0.748881102728531,-0.433845179637909,0.368566888169896,-0.043039574199713,-0.230075729421995,-0.565328047091832,-0.490435159498505,0.352751675137971,0.59996722821086,-0.640100742275393,-0.550930207394384,-0.930668231079202,-0.127296228476849,1.51686139340717,-0.217427187171022,-0.9955116260173,0.105406250597248,-0.0174633690899362,-0.241958561604024,-0.236728129982936,-0.696638653067897,1.88066081790389,0.294983219209284,-0.696016939253532,0.25012818008695,-1.23967902989064,0.682832724400303,1.23662357736453,-0.956619933665339,0.0944776934649314,-1.56531543697313,-0.333979422149212,-0.343942476362171,-0.44257322543477,0.525175431526179,-0.891031580584123,-0.481197144366448,-0.265657561852559,-0.105678140049712,-0.179953678608368,-1.07041421682643,1.09640162811069,2.48066799283481,1.61320436279498,-1.23321624918318,-1.11107019978262,0.596228538295973,0.324222120103087,-0.116905957376842,-0.408318988919673,1.89511707151198,-0.42964182185941,0.806725466558606,0.46962452707733,2.52776245291154,0.462560987204673,-0.230075729421995,-0.707179574188299,-0.565328047091832,-0.684350129472983
comm.and.crime_point_1450,comm.and.crime,regression,0.12,0.466151164789017,nominal,0.324222120103087,0.87205458879957,0.0189685659473083,-0.448305952557865,-0.550930207394384,0.0257493329145824,0.652626446325096,2.64946291786433,-0.800393493714657,-0.235899778288672,-0.458028267120621,0.428804273352702,0.124187285317004,0.682832724400303,-0.00536567013660394,-0.153922844539436,-1.08555357022468,-0.256567130116958,0.339056972600567,-0.0350159755825995,-0.7116560076198,0.0722445468239389,0.0510141976217214,-0.0430886968833349,0.984313403652762,0.464234903258489,-0.114410578670175,0.457291266972696,-0.121200695287352,-0.275847723670213,1.47259665067469,1.16869479715086,-0.390428796743927,0.675018749538836,0.0512926106647712,0.363739900957701,-1.25727014298877,0.697641581957593,-0.329263137039369,-0.0616228744930443,0.145616912466485,0.0709728459924523,0.0311926760666601,0.27330764431577,-0.00454386804312309,-0.00318371628598076,-0.338433473059384,-0.0672751000735523,-0.30513534303829,-0.551753470686607,-0.0579168405136468,0.304440963286713,1.14623728398038,-0.320467042044794,-0.287410644307502,-0.243561843564225,-0.0404095264630932,2.11473223121678,2.27591432855245,2.42978886451121,2.84096202286227,-3.42004686089679,3.63839152583443,0.470028354129537,0.304702146810281,-0.248310029719587,0.60517537847966,-0.180122176360894,-1.43387263470959,0.732228969991304,1.76695719872336,-1.23321624918318,0.287008180691474,-0.873853487050458,-1.61274064862427,-0.29631495662136,-0.599701730718649,-1.13640993410055,-0.594936053016721,1.68177050476997,0.736598913158695,0.719132504926456,0.599603851285354,-0.16587047298481,0.179391205812885,0.551928838042662,0.0744956374721161,-0.826699247575706,1.60324558338117,1.43402331381783,-0.189444898148642,-0.226875569169311,3.39390910042479,-1.16915473049179,0.633849512110727,0.416792050760294,-0.108613964678413,-0.504578098615964,2.69408387572627,3.6598881681463,-0.391348688885798,-0.731260008940213,-0.620207095989836,7.42603549698832,0.823407774959287,0.0507121317750543,1.14542214955724,-3.00551104763739,0.458080777279193,0.169078085395916,0.931913901423168,1.9508968194161,1.30520508099459,0.6889909076497,0.681606038310923,-1.04806557169458,-0.641666709654437,0.33604003882639,-0.197025862064479,-0.177731018223659,-0.115205293192613,-0.391348688885798,-0.230503261067549,-0.230503261067549,-0.370866985519292,-0.576527589185363,-0.532924460232356,-0.23600364120476,-0.10075369417069,-1.13966992969373,-0.209122814638054,0.100102838577144,0.269995710086597,1.1441185431077,0.403546225811598,2.20474440874806,0.201187390066993,0.47649623486865,-0.524462606894016,0.682832724400303,0.682832724400303,-0.883719295584461,1.34412777612236,-0.471291797870422,-2.71361119730684,-0.894138248865786,-0.824058881310911,-0.342818397021626,0.391417864324567,0.302349200451482,-0.286904425214791,-1.01746896013141,-0.578408706761027,1.31846771390793,-1.00841063129797,-0.576901296561691,-0.8158329812246,1.82478511840906,0.0449669127109041,-0.494690868811617,0.730830743980246,-1.19197687762592,-0.636114243502866,-0.154888957153209,0.23524876409128,-1.29609933175331,0.568425864029928,-0.959847858576748,-0.199361816374992,0.636963051711922,-0.35568405855027,-0.34476848053886,-0.869747200724323,1.01499542553847,-0.70552988692494,-1.0717667847882,0.339056972600567,-0.708757207400764,0.642111409128814,0.717918937667871,-1.07592843364696,-0.217427187171022,0.521950818259281,1.08466598824495,-0.116389386036903,-0.241958561604024,0.117254540572726,-0.744267573836537,-0.78049817719312,1.36964193864286,-0.358091987495182,0.494832130186732,-0.649707912297875,-1.56531543697313,-0.978565285147405,-0.288244073076904,0.63909628175923,0.682832724400303,-0.333979422149212,-0.140449768739244,-0.78049817719312,0.58448334399507,-1.92599978049514,-0.256567130116958,-0.0317506535508209,0.923191061634,-0.633910484386522,-0.98037958715305,-0.0450487366494222,-0.305555362163633,0.160258004218676,-1.23321624918318,0.462010185320604,-0.743165581250199,-1.38334975138032,-0.116905957376842,-0.20723524876017,-0.377360854488696,-0.90374574703244,1.47199038811273,0.783582274169036,-1.21607586867302,1.84605619466229,1.26093003509725,0.780230532275621,-0.43486269553505,-0.280832968781291
comm.and.crime_point_1193,comm.and.crime,regression,0.54,0.111600314468331,anomaly,1.17800805584479,0.176086267780421,-0.453822940289352,-0.26506261752533,0.790599292659839,-0.670859515559886,-0.639997445119629,0.0257124696570293,0.55273651378696,0.0427225572111723,0.262672750546389,0.875268979868092,-0.499564470154296,-1.56531543697313,-1.15170276860673,-1.0286564448576,0.433253346546518,-0.649669655053565,0.68464204843914,0.640243746967722,-0.532619661519134,-1.13830693525114,-0.838532752471447,-0.631940707748796,-0.822282657197971,0.221480193470925,-0.165584803405107,-1.50905570249945,-0.277522937462631,1.21228566329134,1.42572741330126,1.11931402444534,-0.58163965777976,1.16964883427367,-1.15535164718726,-0.575060418388539,0.338562867294928,0.245203166598712,-0.543980067872989,0.870086402743895,-0.53838808979069,0.927284997518976,0.957085262150409,-0.114805430650861,-0.697694798599504,-0.681631226510723,-0.841292150615578,-0.276144776284783,-0.00859578069383644,-0.266432822203958,-0.241958561604024,-0.173931992421487,-0.34476848053886,2.09864709633934,2.50980251421337,2.68450648342911,2.47280065342422,0.418318316003255,0.414134412747824,0.359998534991312,0.243253528990267,0.28252993523008,0.270409116557157,0.26653564650661,0.147394108299959,-0.484226741696171,-0.977864586741049,0.400963250363601,-0.520570831604059,0.636971128454024,0.317749953636827,-1.23321624918318,-0.311139399228302,-1.28617337658633,-0.26287797133625,0.346564372596164,0.405665753241116,0.670299999286939,2.49342823344413,1.48787340234087,-0.956619933665339,-0.878848277811454,-0.760637999705362,-1.03217440729726,-1.06297556872134,-1.01884144628399,-1.00327058516075,-0.236728129982936,-0.586063398291218,2.52440286463056,-0.286904425214791,-0.226875569169311,-0.283608678304122,0.935299240366342,-0.524119794207697,-0.580607708274842,0.496770369545922,-0.230503261067549,-0.8018715291011,-0.70587936432781,-0.391348688885798,0.364187902780905,0.584266192935153,-0.375024355916575,0.32877769022445,0.643791256463961,0.339056972600567,-2.09248497249291,-0.34476848053886,-1.1807845918921,-0.894138248865786,0.0610890712128745,-0.70552988692494,-0.248412816512834,0.874910325096869,-0.407961060951538,-0.276144776284783,0.529882184604888,-0.197025862064479,-0.236728129982936,0.971171706328788,-0.391348688885798,-0.139144981884744,-0.413219819433159,0.0610890712128745,0.675943835122729,-2.97996396123019,-0.0636258900830415,0.517726140133124,-1.17994609083031,-0.687872404062027,1.67800845219631,2.00187063895957,-0.0616228744930443,0.889055645386725,0.458579831344262,0.837417660326429,0.59942720812885,1.79864662645383,-1.56531543697313,0.682832724400303,0.705667118525611,1.58004448809894,0.541853779870831,0.16626443468128,-0.551753470686607,0.65722458063374,0.749003691009788,0.478394765362422,1.9400823324986,-0.286904425214791,0.621153514428708,-0.0966206978711041,-0.114410578670175,0.806623107946404,-0.00131209356022966,0.964824256168832,0.501118891746045,-1.09378104463172,-1.06368304617927,1.56243469551758,0.164544216239436,0.763944233026054,0.331061606670478,-1.12168480637209,0.854415094266617,0.108751861038678,1.33625668317722,-0.433845179637909,-0.597659300581394,-0.433845179637909,-0.34476848053886,-0.0434666408647052,-0.533447461928133,0.0881812846222431,-0.235899778288672,-0.409710691716343,-0.708757207400764,-0.760637999705362,0.242485406711466,-1.18175658985325,-0.375024355916575,0.312645653531477,0.723886084901063,-0.462630445351289,-0.149937701058835,-0.885696359334983,-0.410865128456057,-0.484813844404564,-1.08672084863389,-0.400332606464976,-0.483983670212399,0.825219881684049,-1.56531543697313,-0.0924897401426294,0.023664661864365,0.342031597235068,0.682832724400303,-0.333979422149212,-0.852674245419489,0.275517297051724,-0.423751167976071,0.467364181799085,-0.0319371158674677,-0.499564470154296,0.972184833142749,0.1226841919104,0.190070598600841,-0.491703227207728,-0.0965886105387498,-0.58964979375619,-1.23321624918318,3.92278703254769,3.21920868907389,0.812099797669774,-0.669300457399169,-0.20723524876017,-0.511036026606383,-0.619283391928622,0.294983219209284,1.6731292242622,-0.121723128517532,0.0672766422167828,-0.115382978305131,-0.142989533805432,-0.91323565124325,-0.835669064732367
comm.and.crime_point_1508,comm.and.crime,regression,0.37,0.343956680717553,anomaly,1.48293160432397,0.87205458879957,-0.217427187171022,-0.0818192824927953,-0.550930207394384,0.271611279434983,-0.352747691465246,0.197761679375541,0.423866989262996,0.112378141086133,0.442848004963141,0.596228538295973,-0.499564470154296,-1.56531543697313,-0.960646585528377,-0.973985594837714,3.47086718008891,-0.144252122992213,0.68464204843914,0.68526106180441,0.362562068984198,-0.785229419645906,-0.733880170107544,-0.792536710712104,-0.822282657197971,-0.567472613338656,-0.626152826019497,-1.18133120758743,-0.121200695287352,0.905905260093369,-0.0740881826484698,-0.164586065898132,-0.533836942520802,1.21911184274716,-1.38518864868289,-0.82211313400597,0.965497264192096,-0.0564224436405426,-0.329263137039369,0.870086402743895,0.772621497868896,0.470585183371496,0.630299643532615,-0.438232993123054,-0.450140894829368,-0.293946934953727,-0.612720024453672,-0.223927357231975,-0.423751167976071,-0.437625211293547,-0.241958561604024,-0.304397343978269,-0.230075729421995,0.546762554734425,0.945259561142375,0.94751679792459,1.03668055063147,0.0790355329605499,0.16025533331992,0.106554821172549,0.115497373553939,0.106216754462134,0.224895840756112,0.0630429388836828,-0.114785955883911,-0.779122631666902,-0.914542988132221,-0.285774072128984,-0.469831842542641,0.0177951584617036,0.665559692457595,-1.23321624918318,-0.244678557014993,0.0538662644052637,-0.424861492610813,0.438404276770096,0.723150221859989,-1.05037612774876,0.393340518650751,0.082119409729878,-0.822944761547652,-0.835659608007726,-0.803145557548822,-0.940984519474898,-0.967408893757168,-0.938289124010825,-1.09698938712883,-0.236728129982936,-1.2268367587807,-0.954427130819579,0.102933683049804,0.0719288462359772,-0.110549018128644,-0.581865250252313,-0.744685376363587,-0.680347684178355,-0.764446993421443,-0.321861540250354,-0.112528209839365,-0.400275637054622,-0.391348688885798,0.592406217722805,1.10046903104586,-0.453822940289352,-0.611019470771741,-1.66921732982277,-0.179320641157294,-0.0381763034178386,-0.34476848053886,0.331061606670478,-1.97835671309985,-0.26287797133625,-0.335131340202921,-0.082988629895916,-0.156045871094839,0.330621066828893,0.0371597380320633,-0.536249617176849,1.06294808549576,-1.12168480637209,-0.510251474836759,-0.391348688885798,-0.504578098615964,0.500362972394892,-0.478855999702333,-0.360584240166726,-0.728687620312182,0.85572211589946,0.672346098709078,-0.938289124010825,4.0517485312353,-0.749538645679329,0.0686149044036935,-1.15775143594827,-0.203340548657311,0.511493909447407,0.299068970106906,0.0257493329145824,-1.33043927968817,-1.18313024953964,-1.56531543697313,-0.280848586784089,0.754335996180896,0.858461772914973,-0.00652810323800724,0.874849771726638,-1.25410891864968,-0.987985994494734,-0.478351146053977,-1.98055152906875,0.297852737182101,-0.471261468611373,-0.953132713675412,-0.114410578670175,-0.483006127832491,-0.367596131833887,-1.28442699106498,0.866268195653084,-0.00454386804312309,0.0305326795277526,1.16851703426305,1.34412777612236,0.887478804484488,-1.34276811316667,-0.000739682945828393,-0.193271420973861,1.08555911739508,-0.212278938005688,-0.277522937462631,-1.08077239495704,-0.35568405855027,1.26093003509725,-0.695793398648614,-0.576459764357761,-0.652615808821794,-0.0965886105387498,0.511849510519854,-0.590386957395979,-0.293054863427304,-0.0744702805928035,1.7814317839229,-0.453822940289352,2.77198133908318,-2.78083297615389,-0.413167436877806,-0.333979422149212,0.353242987609834,-0.0774626830755764,-0.358091987495182,1.06259659023327,-0.400332606464976,0.494832130186732,0.117254540572726,0.682832724400303,-0.575803673781598,-1.00117832437123,-0.846227140861585,0.682832724400303,-0.241958561604024,0.012169761977951,-0.696016939253532,-0.36444325550718,-0.632289530606369,1.09121295537998,4.33451163474828,0.139290717494029,-0.986987999991752,-0.440171809112793,0.203092646994081,-0.235899778288672,-0.683388268503048,-1.23321624918318,0.776626262341248,0.317188096723854,0.507176249190595,-0.51147345739279,0.396015971718339,-0.466477635900487,-0.90374574703244,0.0391120955346223,0.574277109441232,-1.15847835603325,-0.920934220252943,-0.34476848053886,1.08797055430264,-0.695793398648614,0.7783995780344
comm.and.crime_point_1555,comm.and.crime,regression,0.78,0.0316375061093495,anomaly,0.995053926757281,0.87205458879957,-0.453822940289352,-1.24236040436552,0.672229042655054,-0.179135622519085,-0.544247527234835,-0.576459764357761,-0.54265444466673,0.182033724961094,0.202614332407471,0.540420449981549,-0.343626531286471,0.682832724400303,-0.817354448219611,-0.0445811444996654,-0.889578484189684,-0.593512151491192,0.396654485240329,-0.170067920092664,0.0641681588164208,-0.734789774559444,-0.629227587743642,-0.578408706761027,-0.705728072626956,-1.23504806525446,0.192634769739419,0.0749460229086676,-0.35568405855027,0.336913082725718,0.300865716338963,0.576125524684642,-0.58163965777976,-0.709945487718708,0.453507363282115,-0.970344763376429,-0.801317854336286,-0.156964313720294,-0.651338533289799,1.30853782732598,0.0316160787569558,1.04145995105585,1.17494234122894,-1.21445914305632,-0.994759483123667,-1.02085498162309,-0.749863300150816,-1.42492799544655,0.465867519057289,0.988978031119698,-0.241958561604024,0.173975611729931,-0.34476848053886,0.0446822618622457,0.281514065900134,0.0542078168079789,-0.399439552161281,-0.641940381005198,-0.64369508486844,-0.653776320283739,-0.693624944209472,0.811469477533919,-0.639856399463727,-0.750927891608026,-0.796454122761974,-1.01503934364349,-1.48443737561168,-0.285774072128984,-0.622048809726895,-0.315607286918777,0.723527982261056,-1.23321624918318,-0.37760024144161,-0.616153556090535,-0.424861492610813,-0.52591471705619,-0.493873574512357,-0.319088773758589,0.722766042539909,-0.1602519683065,-0.733827980135861,-0.706093598596545,-0.760637999705362,-0.576224968185445,-0.776275543828826,-0.938289124010825,-0.722114179256525,-0.236728129982936,-1.33363231886228,-0.642890116301655,-0.286904425214791,-0.226875569169311,-0.802787658830557,0.690595290266559,0.137576952259974,-0.430997744419571,0.547219064064617,-0.504578098615964,-0.260244635395451,-0.400275637054622,-0.391348688885798,-0.0466050641145143,0.111080258000336,-0.138628602798245,0.180388664803999,1.0589466437462,0.108666922041517,-0.266432822203958,-0.230075729421995,-0.640839520976896,-2.37780562097556,0.277067099578957,-0.864272121234376,-0.910109562980505,-0.156045871094839,-0.0140505928019747,0.141594576137679,-2.76543429362957,0.675263793938761,0.707225658165495,-1.00405920189194,-0.391348688885798,0.226288134846476,-0.321861540250354,-1.1807845918921,0.287245806889183,-0.0435165600327901,0.396048112908209,1.29082593301289,-0.65635599605476,-0.544247527234835,-0.324717903551093,0.632481160315823,-0.116429302565806,1.43525374240874,-0.970100277440667,-0.973391570411965,-0.670859515559886,0.565976421003951,-1.56531543697313,0.682832724400303,-0.280848586784089,0.0465858602511433,-0.914542988132221,0.742239561078903,-1.80716432401026,-1.44524226857802,-0.193933566835524,-0.217420442940414,1.6919409488551,-0.286904425214791,-1.23595195673943,1.08108332385982,-0.370281702344836,1.09320738256394,-0.315269840651936,-1.5655833969692,-1.46155861675429,0.589585501005203,-0.62599675589646,1.86881509871555,0.223523394233582,-0.512579672044432,-1.1807845918921,0.294245875850557,0.854415094266617,-0.408381392326479,-0.212278938005688,-0.121200695287352,0.207529190044681,-0.35568405855027,-0.230075729421995,-0.391374245016123,-0.576459764357761,-0.546787652615503,-0.235899778288672,0.627044535799378,0.159291292634322,-0.590607768331523,-0.761207603085388,2.04600217443863,-0.375024355916575,-0.0536383847421805,-0.10075369417069,0.32877769022445,-0.333979422149212,-1.12168480637209,0.541713286916744,2.51427010245079,2.80252023122097,-0.527054463374357,-2.29479290095079,0.176251652332003,-1.56531543697313,-0.736908318327921,-0.822944761547652,-0.895737921615612,0.682832724400303,-0.241958561604024,-0.496562007079367,-0.315851368525389,-0.245827430569399,-1.73194324301182,-1.71666222273864,-0.499564470154296,1.75608517728272,-0.482591549127137,-0.845327642642986,-1.03761427122343,-0.723488865413399,-0.683388268503048,0.726172755495118,0.0949580954631852,0.149763831780583,-0.651533235030286,-0.669300457399169,-0.00615150860066679,0.558365350335113,-0.951156139549743,-0.574978601284565,-0.681553878925593,0.569447023159616,0.660203159698619,-0.34476848053886,0.575070517590943,0.217464062248858,0.576640997688553
comm.and.crime_point_0375,comm.and.crime,regression,0.51,0.0227177830524068,anomaly,-0.956456783509466,-1.21585037425788,-0.375024355916575,-0.387224840880353,1.1062532926726,-0.95769845316702,-0.400622650407643,0.0257124696570293,0.166127940215069,0.391000476585978,0.502906423102059,0.205571920095007,-0.499564470154296,-1.56531543697313,-0.626298265141257,-0.263264544579206,-0.056684368540964,-0.53735464792882,0.339056972600567,0.370139857947594,-1.12940748185469,-0.533031194213599,-0.0536383847421805,0.492231312994358,-0.764005364912463,-0.446095258444874,-0.165584803405107,-1.01746896013141,-0.199361816374992,0.818368002036808,0.722688852699825,0.823029388212234,0.18320378636357,-0.363704428404322,-0.00616663970913513,0.610792616575132,0.110586722968685,0.647370646917718,-0.060866973497344,1.08931211503494,0.0316160787569558,0.927284997518976,1.01154953192004,-0.373547480628615,-1.39084572915588,-1.40853927318009,-1.5270085291013,-1.63379767165778,1.0589466437462,0.4183367341544,-0.149937701058835,1.69607137989238,-0.230075729421995,2.50944006323476,2.55721290673067,2.78376303688651,2.6779606681089,1.52098736089205,1.30271119074548,1.20481091438719,1.05237584675368,0.238451640038094,0.179382564955068,0.012169761977951,-0.0623499430471371,-0.543205919690318,-0.787899790914564,0.0840075630593312,-1.23091667846391,0.208310841536264,0.433686533243749,-1.23321624918318,-0.244678557014993,-0.513073583706566,-1.12679008480058,-0.847354381664952,-0.652615808821794,0.455215483407476,1.34043889983208,-0.548046173164703,-0.421919245194591,-0.274206900559272,0.00449804147691576,-0.940984519474898,-0.632925531382569,-0.65635599605476,-0.628395377288449,-0.295725241742213,-0.212278938005688,-0.435198773289707,-0.0919853710824933,-0.226875569169311,0.192305387178444,0.396950550146819,-0.413837003129751,-0.231517792612544,-0.461754826309275,-0.0477867027019386,-0.8018715291011,-0.618564013678328,-0.391348688885798,-0.320467042044794,-0.147021161055019,-0.138628602798245,-0.611019470771741,-1.90644897969834,0.68464204843914,1.04604216081623,0.114002523928599,-1.23477909898362,0.817785642030109,-0.694834028068417,0.0881812846222431,0.0272941611820292,0.0372584156911057,-0.260244635395451,0.402681671401718,-0.0516442527306052,0.869105939717259,0.766222769924772,-0.21396683860365,-0.391348688885798,-0.230503261067549,-0.321861540250354,0.385056113761999,-0.533338919381635,1.27788477050604,1.2579368685168,-0.66769354228252,-0.65635599605476,-0.639997445119629,-0.446095258444874,-0.857736801737663,0.705667118525611,-0.0212745163166381,-1.60506921467841,0.984240030386299,-1.65430730164149,-1.28302888717086,0.682832724400303,-1.56531543697313,-1.76062214474864,1.46208613211065,1.61832095622091,-0.294515666436819,0.190080215368281,0.370524555741227,-0.243561843564225,1.60909447885453,0.302349200451482,0.102933683049804,-0.198157722851353,3.3829593663339,-0.984372399164023,-0.626298265141257,-0.472248714197789,-0.8158329812246,0.364187902780905,-2.52959368649851,1.16851703426305,0.687062114951965,0.341481750221874,-0.389045100585998,-2.31466924081404,-0.000739682945828393,1.79181881842915,2.63695887749056,-0.906450078535958,-0.35568405855027,0.798000749837136,-0.277522937462631,-0.34476848053886,1.04374462210848,1.48813075226438,0.0881812846222431,-0.584177697663477,1.31821468747653,0.238204792637512,-0.590607768331523,0.612267041899781,0.617322065653698,-0.296225771543798,1.20219260362464,-0.822313500858473,0.0814626478570313,-0.0579168405136468,0.117254540572726,0.160681920767624,-0.146888892646214,0.141460545004487,0.106554821172549,0.0543650200071232,1.53318522279537,0.682832724400303,1.35745206077428,-1.00117832437123,-0.351119333321313,0.682832724400303,-0.333979422149212,-0.343942476362171,-0.527054463374357,2.60095236793735,-0.891031580584123,-1.21124469067729,-0.499564470154296,-1.08555357022468,0.0218049017374774,3.07117874814888,-0.987985994494734,-0.305555362163633,0.113388766845247,0.726172755495118,-0.429402032904556,0.205571920095007,-1.6882732998595,-0.708757207400764,0.798183452037345,-0.778386370841756,-0.524462606894016,-0.0632363539352424,-0.210617258288034,-0.0641256158777693,-1.36562910836432,-0.34476848053886,1.03668055063147,2.56584039027093,-0.785229419645906
comm.and.crime_point_1622,comm.and.crime,regression,0.09,0.113027916510629,nominal,1.17800805584479,1.22003874930914,-0.217427187171022,1.38412739776748,-0.629843707397574,0.558450217042117,-0.400622650407643,0.240773981805169,0.810475562834887,0.0427225572111723,-0.217794594564951,-1.74771117090983,-0.187688592418646,0.682832724400303,0.997679291024758,1.75955690615655,0.874197290125252,-0.0319371158674677,-1.61925845715135,-0.890344957479674,-1.2487650459218,0.677520287861476,0.0510141976217214,-0.0430886968833349,-0.356064318913911,0.342857548364707,-0.574978601284565,0.0203252737566635,-0.35568405855027,-0.801071272009583,-0.823995980623335,-0.658393792953314,-0.629442373038718,-0.264778411457355,0.970640616647273,1.15430859093348,-0.573341710010043,-0.20723524876017,-0.275583904330964,-0.116429302565806,-0.937391007774043,-0.214464537849722,-0.186664403011869,1.04953379424903,0.936160966283394,0.77218486682801,0.987284858679672,1.02929070003541,0.287943781650617,-0.323496951900488,-0.333979422149212,-0.91323565124325,-0.230075729421995,-0.639972682963453,-0.571872999411319,-0.491703227207728,-0.60459956684596,-0.59953003312486,-0.60138190496379,-0.569295082344151,-0.565868788773144,0.326608230422067,-0.412290020458506,-0.140449768739244,0.0949580954631852,1.69800284408723,1.49167775900326,1.66878599958068,0.747903894931396,0.160681920767624,-1.8850450588947,0.726172755495118,-0.444061083654919,0.878506043477017,0.871006677585685,0.576164133030994,0.0352672065190975,0.928401418342293,-0.224332338641419,-0.887366102415632,-0.555594417312278,-0.61971625898909,-0.675622884018443,-0.211465416895992,-0.346225506490056,-0.293870545825533,-0.20666076843211,-2.1246357062798,-1.60062121906623,-0.954427130819579,-0.286904425214791,-0.226875569169311,-0.54319816856734,0.494832130186732,0.358142534415864,1.11497188208489,1.05170600925156,-0.321861540250354,-0.06328940132067,-0.70587936432781,-0.391348688885798,-0.183536053079654,1.53063806280479,-0.296225771543798,-0.907797521612643,-1.4912935924161,-0.640100742275393,0.4183367341544,0.114002523928599,-0.370866985519292,-0.0381763034178386,0.00709456412135369,-0.440959496409212,-0.524119794207697,-0.800393493714657,3.77733766313757,-0.746101547760053,0.578342721049512,0.869105939717259,0.589231434646941,-0.609013020247796,-0.391348688885798,-0.504578098615964,0.0435715764808665,0.00709456412135369,1.19420787276746,-2.14797053089092,1.66015162113415,-0.152293680362675,-0.736908318327921,0.844126282094685,-0.14265187121042,0.390824193496339,-0.33565501485685,3.0738480334748,0.511493909447407,-0.19033893009266,0.59942720812885,0.139282888348225,-1.56531543697313,0.682832724400303,0.760473546598372,1.58004448809894,0.858461772914973,1.03022712427771,-0.780009989472726,-0.919625556275082,0.302349200451482,-0.91323565124325,-1.28575565486694,-0.286904425214791,-0.143536973699349,-0.685472708736566,0.243808994474351,0.806623107946404,2.24871842726367,1.33969946404113,2.82894570415342,-2.43057212499046,-1.23875756229239,0.42445034078228,0.813315174175043,2.45225004295799,-1.50475163444123,-1.47566747692775,0.90955648980559,1.08555911739508,0.481892202524582,-0.121200695287352,-1.40284779120747,-0.199361816374992,-0.230075729421995,1.21769842418418,-0.533447461928133,-0.176389105893484,-2.04694495903766,0.396654485240329,-0.51147345739279,0.429573619911515,1.51030815592855,-0.176389105893484,0.334162903438415,0.731255982987085,-0.822313500858473,-0.413167436877806,-0.333979422149212,0.176251652332003,-0.553751890761977,0.275517297051724,0.346157443944216,0.106554821172549,-0.288220510132573,0.23524876409128,-1.56531543697313,0.713033482588985,1.31585799233534,-0.747205579353531,0.682832724400303,0.77027090439305,-0.903547422325221,-0.146888892646214,-1.01683029266498,-0.761660555595246,-0.818142165740683,-0.187688592418646,-1.18354111324217,-0.331272613867753,-1.02539690198974,0.302349200451482,-1.21107795253813,-0.870865217996765,0.726172755495118,-0.00991393021036301,-0.91058984619347,-1.38334975138032,0.830056042661434,0.446286906758215,-0.912061542959443,-1.14079770961895,-0.574978601284565,-0.315269840651936,-0.58250322963563,0.0672766422167828,-0.230075729421995,-0.399439552161281,0.0869987106920766,0.828839223120861
comm.and.crime_point_0235,comm.and.crime,regression,0.12,0.19232303337822,nominal,-0.224640267159436,-1.21585037425788,-0.217427187171022,0.46791072260481,-0.669300457399169,0.886266145735984,-0.400622650407643,-0.533447461928133,-0.156045871094839,0.251689308836056,-0.0976777582871161,-0.519933227992503,-0.265657561852559,0.323129018580554,0.902151199485581,0.830152455818498,0.139290717494029,0.13653539481965,-0.294515666436819,-0.620241068459545,-0.174546969317801,0.677520287861476,0.207993071167575,0.0104433041044344,1.80019549564987,-0.749538645679329,0.0902863202695546,0.293429019516684,-0.35568405855027,-1.01991441715099,-0.120957420021899,0.0329370249239415,-0.533836942520802,0.872870783432771,0.85572211589946,1.4507718496744,-0.858311890417847,-0.358048053879797,-0.168225438914154,-0.774106439438939,-0.0253843380978089,-0.956601735839376,-0.894699910017088,0.596735206787962,0.886650185529367,0.820645403272635,1.1701425596092,0.246029414243294,0.406559606588398,0.760721512333579,-0.333979422149212,-0.782770299686468,-0.230075729421995,-0.548685356986693,-0.666693784445925,-0.541331503936429,-0.45072955583245,-0.514709337364183,-0.516755545154489,-0.484813844404564,-0.438112633336816,-0.158253016689785,-0.0936970898511967,-0.140449768739244,-0.00991393021036301,0.813315174175043,0.98510497013263,-0.127296228476849,1.10307681836132,-0.601380811530617,-0.0880280749874027,0.726172755495118,-0.444061083654919,0.930046029669001,0.978995691768727,0.300644420509198,0.934806534272571,0.584266192935153,-0.84200519593359,-0.644994724379254,0.513806959629217,0.416811816300365,0.302050946381135,0.974003124794731,0.752791255597911,0.592204999179243,0.636808449280568,-1.23967902989064,0.588687762606162,0.655180777523025,-0.286904425214791,-0.226875569169311,-0.370138508391861,1.47364793058586,1.01983928088354,1.41419180979543,1.10215470377026,-0.0477867027019386,-0.654155103545014,-0.400275637054622,-0.391348688885798,-1.05076564985887,0.111080258000336,-0.296225771543798,0.477166715644901,-0.601674905382743,0.108666922041517,-0.323496951900488,-0.34476848053886,-0.424861492610813,0.0759519559752211,-0.478855999702333,-0.335131340202921,0.0272941611820292,-0.671523969190694,-0.457199869470233,0.924855861929795,1.45063237705275,-0.197025862064479,-0.649707912297875,1.76126406961708,2.9374314567398,-0.413219819433159,-0.595936377798769,-0.910812056434499,-0.922036947615181,-2.09902974087097,1.31539611889071,0.569266126325109,-1.38132689651321,-0.544247527234835,-0.81022732312622,-1.38132689651321,-0.0616228744930443,2.58833861389967,0.670236143756844,0.739536080286516,0.517473225955383,1.79864662645383,0.682832724400303,-1.56531543697313,-0.500074299075133,0.990252708157481,-0.407970199261594,1.203019662197,1.16017042020929,0.274957880777056,-0.243561843564225,-1.08718945331896,1.09640162811069,-0.286904425214791,-0.689744465219389,-0.0430886968833349,-0.882023949694159,-0.00536567013660394,-0.210617258288034,1.33969946404113,-1.23334030181239,-0.153076210305205,-0.319616352698494,1.47489743746102,-0.484226741696171,0.681587852053764,0.601034142128082,2.53613612270308,0.0272941611820292,0.396048112908209,0.214903302320632,-0.35568405855027,-1.08077239495704,-0.199361816374992,-0.230075729421995,-0.608816497610759,0.283786284234797,-1.65798329278156,-0.584177697663477,1.14542214955724,-0.629843707397574,-0.250547305583844,0.876396781320006,-0.917186199337522,-0.296225771543798,-0.681553878925593,0.260026209173202,-1.50135362329445,-0.241958561604024,0.471237211128387,1.73243630613274,-0.44257322543477,0.857899691293538,-0.653776320283739,1.18000319046612,-0.531713688779321,0.682832724400303,-0.898012962874244,0.38013178751153,-0.747205579353531,0.682832724400303,-0.333979422149212,-0.750927891608026,-0.653776320283739,-1.25406194254054,-1.27914465555075,-0.874299669303055,0.280125224184829,-0.350646997593453,0.828839223120861,0.505191802457658,-0.739844610851231,-0.0269330266637888,1.80068131228869,-1.23321624918318,-1.16350621261939,0.428804273352702,1.48293160432397,-0.550930207394384,-1.36346675467731,-0.912061542959443,0.186693280865528,-0.114410578670175,2.19639213608172,-0.179320641157294,-0.476239332141566,-0.115382978305131,-0.912339588872978,-0.0434666408647052,-0.129514033521907
comm.and.crime_point_1261,comm.and.crime,regression,0.1,0.075913243688761,nominal,0.324222120103087,0.524070428289996,-0.453822940289352,0.345748499249786,0.63277229265346,-0.465974560126219,0.748376364209891,-0.361398252209622,-1.31587159181051,-0.514522113788516,-1.11867086664871,-1.02220602282232,-0.343626531286471,0.682832724400303,1.42755570295106,1.81422775617643,0.923191061634,0.922740444692865,-1.3888684065923,-0.98037958715305,-0.472940879485578,1.18191673872609,0.94056114771489,1.13461532484759,0.343263188512179,0.160791516024035,0.192634769739419,1.05811950764474,-0.433845179637909,-1.23875756229239,-0.823995980623335,-1.1522015200085,1.47387709835544,-0.957260530086126,1.66015162113415,-0.871523677129457,0.338562867294928,-0.91102833931843,1.442151542338,-1.21255786402103,-0.595388506645455,-0.728251828765636,-0.94916417978672,0.143936619326893,1.28273643156158,1.06294808549576,1.12442813437682,1.55146489056349,-0.542366992913852,-0.494689340990077,-0.333979422149212,-0.695793398648614,-0.230075729421995,-0.594329019975073,-0.619283391928622,-0.144305290106824,-0.142989533805432,-0.387478293723169,-0.347502825535886,-0.189129511616007,-0.18260032246416,0.15029504965412,-0.412290020458506,-0.29306929945644,-0.167221968720685,0.518419284204312,-0.15468380482628,1.56313410381259,0.595686927747142,-0.458494049224697,-0.551774393415093,0.726172755495118,-0.444061083654919,0.46618615394114,0.925001184677206,-0.479994764969224,0.246923518931679,1.27253664374943,-0.883183386419734,-0.838891826808356,0.647482131746904,0.675943835122729,0.642111409128814,1.70352222737364,1.80402468020379,1.96159447782299,1.94887167683362,-0.826699247575706,1.49645002329959,-0.383275937536719,-0.286904425214791,-0.226875569169311,-0.0672841030847741,-0.581865250252313,-0.744685376363587,-1.17904756369592,-1.72297218927664,-0.230503261067549,-0.8018715291011,0.0363011161927887,-0.391348688885798,0.227256913815765,1.74572257868425,-0.453822940289352,2.15890900374335,0.821714993870633,0.857434586358428,0.4183367341544,-0.230075729421995,0.00709456412135369,0.760721512333579,-1.34276811316667,-0.599701730718649,-2.01293747375996,-0.284915395618803,-0.654155103545014,0.611551347612948,0.820645403272635,-0.681631226510723,-0.767702135816429,1.31683711526742,-0.391348688885798,-0.321861540250354,2.96703651033063,-0.748828535159937,-0.965225617418908,1.18000319046612,0.568425864029928,-2.88391294853786,-0.777184479464502,-0.544247527234835,-0.81022732312622,-0.535527512645018,0.0479899816524777,0.342857548364707,0.511493909447407,0.984240030386299,0.558450217042117,-0.808924961997834,-1.18313024953964,0.682832724400303,0.541247834307328,1.93391955606382,-0.281327002043937,0.223861947321042,-2.14954910218944,0.943924605526253,1.14602990483939,-0.43486269553505,-0.739844610851231,-0.286904425214791,0.0203252737566635,-1.38138872157757,-0.216759028140039,0.758859062176815,1.14986631244269,-0.0660825654799971,-0.457398031009934,-0.796716360107558,-0.232079094641932,1.7375092116307,0.105565038245289,-0.347866910099853,-0.26287797133625,-0.413719465260767,1.35068765411737,-0.00616663970913513,0.428494422483792,1.52018284755307,1.442151542338,-0.35568405855027,-0.34476848053886,2.0439789840438,-0.40441055463925,0.511493909447407,0.460656060460939,-0.985685818113966,-0.51147345739279,-0.0805170742100041,-0.655555707317298,0.0352672065190975,-0.375024355916575,1.30684518598855,1.08466598824495,-0.165852394510387,-0.333979422149212,0.589231434646941,-0.696638653067897,-0.273610749555595,1.62551306231752,0.782404724689249,-0.0435165600327901,-0.295725241742213,-1.56531543697313,0.592204999179243,-0.822944761547652,0.540074720251176,0.682832724400303,0.77027090439305,-0.496562007079367,-0.231370130585801,-0.245827430569399,2.14918750665448,-0.705827158615937,-0.499564470154296,-1.42850997078591,1.23235638381255,-0.845327642642986,-0.392446673750327,-0.0269330266637888,-0.58964979375619,0.726172755495118,-0.901326148435522,-0.743165581250199,1.17800805584479,-0.590386957395979,-0.0564224436405426,-0.822944761547652,-1.37784967220547,0.141460545004487,-0.681553878925593,-2.36802612146826,1.15430859093348,2.98132130185021,-0.655889570517129,-0.43486269553505,-0.533031194213599
comm.and.crime_point_1003,comm.and.crime,regression,0.2,0.0520236032506777,anomaly,-1.38334975138032,0.176086267780421,0.0977671503200851,-1.36452262772054,-0.472016707391195,0.435519243781917,0.173876856901124,0.154749376945913,-0.993697780500602,0.0427225572111723,0.022439077990719,0.875268979868092,0.124187285317004,0.682832724400303,-0.196421853214959,-0.427277094638862,-0.301653226084705,0.36116540906914,0.281459459960805,-0.0800332904192877,0.959349889319753,-0.129514033521907,0.260319362349526,0.171039307067742,0.226708603941165,0.464234903258489,-0.216759028140039,0.0203252737566635,-0.121200695287352,-0.319616352698494,-0.917734455370194,-0.855916883775387,0.0875983558456533,-0.413167436877806,-0.00616663970913513,-0.970344763376429,0.338562867294928,-0.860757404278554,0.314887655461491,1.1441185431077,0.373618579885543,1.49815976520332,1.39279942030747,-1.47320119303407,-0.648184017845477,-0.390868007842976,0.118710779264428,-0.954971223971284,-0.898214467727196,-0.494689340990077,-0.149937701058835,-0.43486269553505,-0.000690227188266011,0.135969587839005,-0.0503586817209869,0.10383609353668,0.0108804772080765,0.163856228721226,0.0333157936059686,0.106554821172549,0.0729119884084963,0.0180601640781611,-0.184723641453285,-0.750927891608026,-0.848890135598748,-1.25095605562007,-1.23115098117636,-0.761207603085388,-1.02796072221824,0.0654240792303436,1.01336943127836,-1.23321624918318,-0.178217714801685,0.775426071093047,-1.01880107061754,-0.801434429577986,-1.7108973708847,0.111080258000336,-0.718470624475156,-0.208726243913775,0.692040522452799,0.632755165319001,0.514588735598435,0.974003124794731,0.705007918115826,0.713033482588985,0.543089647312493,1.29719677575826,0.535289982565372,-1.6813468313614,-0.286904425214791,-0.226875569169311,0.235570302222313,-1.02233236043192,-0.634402585285642,0.317052074856781,0.0931808133963657,-0.413219819433159,1.21691962016541,-0.00735655913195239,-0.391348688885798,-1.18769663882401,0.283147870703906,0.176565734692862,-1.15511256398006,0.110020044243945,2.47016494027177,0.532464993547459,1.37562278621411,-1.1807845918921,-0.780009989472726,0.817012170494165,0.82897837806628,0.0824355567210018,-0.0271763465708762,-0.112528209839365,0.298246833296102,-0.536249617176849,-1.69930249184784,-0.295725241742213,-1.1522015200085,-0.391348688885798,-0.504578098615964,-0.0477867027019386,-1.01880107061754,-0.965225617418908,0.739536080286516,0.740803615151647,0.208486222981217,-1.42160305764979,-0.544247527234835,-0.81022732312622,-1.22022225196689,-1.97984785703968,0.0394141611302526,-1.07592843364696,-2.09902974087097,0.927243136822718,-0.0977690742382896,-1.36298210244952,-1.56531543697313,0.102796409725239,-0.720143453672756,0.288567385435518,-0.00652810323800724,0.760721512333579,-0.107308819079628,-0.193933566835524,-0.782770299686468,-1.18649910140954,-0.286904425214791,-0.525882217763377,-0.685472708736566,-0.216759028140039,-0.196421853214959,-0.105964675924132,-0.20666076843211,1.0488428476066,1.08469330854548,0.336913082725718,0.0743013085560334,-0.0713724957371486,-0.883183386419734,-0.748828535159937,0.589231434646941,-0.910109562980505,-0.00616663970913513,-0.799654518454378,-0.35568405855027,-0.758696998706609,-0.277522937462631,-0.230075729421995,-0.304397343978269,-0.533447461928133,-0.493873574512357,1.50548981858535,0.16626443468128,-0.472016707391195,0.344558504224595,-0.232948124244939,2.41640072116065,-0.453822940289352,-0.890859043653398,0.46618615394114,-1.25403858092703,-0.241958561604024,-0.236728129982936,0.732228969991304,-0.062407654706626,-0.267933252874971,0.148795440142343,0.445891340166776,-0.531713688779321,0.682832724400303,-0.938289124010825,-0.3328024637828,-0.252097771813259,0.682832724400303,-0.149937701058835,-0.191322945644976,-0.653776320283739,0.347251694119508,-0.56760401811193,0.978897948255237,-0.343626531286471,-1.03655979871593,0.274003127169785,0.550209117294346,-1.33538393159564,-0.584177697663477,1.80068131228869,0.726172755495118,0.199830121136733,0.0939557434661589,-1.6882732998595,-0.235276207381626,-0.257506183800045,-0.867503152253548,-1.09338731710165,2.03490686019698,-0.210617258288034,-0.640100742275393,-0.673881504635512,-0.34476848053886,0.780230532275621,1.43514067677882,-0.835669064732367
comm.and.crime_point_0939,comm.and.crime,regression,0.18,0.569233790851581,anomaly,-0.773502654421958,-0.171897892729153,-0.217427187171022,-0.203981505847819,-0.708757207400764,0.681381190302317,-0.256997773580451,-0.103324437631854,0.230562702477051,-0.305555362163633,-0.337911430842786,0.428804273352702,-0.499564470154296,-1.56531543697313,-0.817354448219611,-0.481947944658748,1.90306649180897,-0.425039640804075,0.569447023159616,-0.0350159755825995,-0.353583315418467,-0.734789774559444,-0.733880170107544,-0.846068711699873,-0.764005364912463,-0.0212745163166381,-0.933198174429091,-1.12671045843542,-0.199361816374992,0.336913082725718,-0.214695894768757,0.0823177976294598,-0.772850518815592,-0.611019470771741,0.0512926106647712,-0.278597159647621,-0.402359601765361,0.546828776837966,-0.705017765998204,0.486441406234567,-0.880390590919278,0.584760136908366,0.575835373762982,-0.050119918156423,0.143988474218959,0.287579502381766,0.027281928799666,-0.328362195337591,1.0589466437462,0.589529123243989,-0.241958561604024,-0.652304948129686,-0.230075729421995,0.364187902780905,0.70820759855586,0.699375414281087,1.24184056531615,-0.429888641603507,-0.389816005440537,-0.400332606464976,-0.352941863045931,0.370686525614054,-0.275750193055373,0.164789292695146,0.0949580954631852,-0.189330851725441,-0.281327002043937,0.0311816151752862,-0.0131809409898764,-0.125091603844216,0.143845084226443,0.726172755495118,-0.311139399228302,0.517726140133124,0.00709456412135369,-0.479994764969224,-0.388045418306067,-0.233054967406804,1.01101337594292,-0.1602519683065,-0.822944761547652,-0.792470938203999,-0.803145557548822,-1.03217440729726,-1.06297556872134,-1.05911760742057,-1.09698938712883,-0.885696359334983,-1.17343897873991,-1.11019563807854,0.590231318380547,-0.226875569169311,-0.586463083611209,-0.435042880192443,-0.468978398668724,-0.13177781670903,-0.108613964678413,-0.321861540250354,-0.06328940132067,-0.531248663028845,-0.391348688885798,0.272900576804145,0.197114064352121,-0.138628602798245,0.823407774959287,-0.245827430569399,0.627044535799378,0.190080215368281,-0.34476848053886,0.0610890712128745,1.33136280929888,-2.85461431172925,-0.917186199337522,0.358142534415864,-0.349350157880785,-0.949587954657186,0.193811995190487,-0.197025862064479,0.675263793938761,-0.708705024057152,-0.164586065898132,-0.391348688885798,-0.321861540250354,-0.504578098615964,-2.206680226631,-1.09479162683009,0.641654500246602,1.2004776181429,-0.564613569898551,-1.17994609083031,0.269626774785918,-0.203340548657311,-1.05911760742057,1.69218282383531,-1.23504806525446,-1.49924105847212,0.348009760126863,-3.08850198967716,0.139282888348225,-1.56531543697313,0.682832724400303,-0.226042158711328,-0.897080987655194,-0.0913622062174521,-1.61925845715135,0.36127260445787,0.274957880777056,-0.243561843564225,3.26165559857376,-0.987985994494734,1.17498848077744,-0.471261468611373,2.47291534954182,-0.984372399164023,-0.626298265141257,0.992887438896841,-1.05012998614479,-1.46155861675429,-0.00454386804312309,0.42445034078228,-0.801071272009583,-0.484226741696171,1.25808251885979,-1.23477909898362,-0.590710800538598,0.90955648980559,-0.00616663970913513,-0.532665618250428,-0.199361816374992,-0.866055464123419,-0.277522937462631,-0.34476848053886,0.0435102601731493,-0.361398252209622,0.617322065653698,-0.723488865413399,1.60620225067534,-0.629843707397574,-0.208039747740384,-0.444251915781118,2.52222887736694,-0.453822940289352,0.103340488803673,-1.44079333516229,0.872870783432771,-0.333979422149212,-0.0597367947051054,-0.696638653067897,-0.484813844404564,-0.626152826019497,-0.653776320283739,0.299068970106906,0.766222769924772,0.682832724400303,-1.17994609083031,-0.778386370841756,0.985671747037421,0.682832724400303,-0.333979422149212,2.30146272273588,-0.738257558223326,-0.127211605631618,0.790791744271277,-1.09892968355255,-0.265657561852559,2.63797306444019,0.7783995780344,-0.530206438786169,-0.342818397021626,-0.723488865413399,0.207127241592105,-1.23321624918318,-0.00991393021036301,0.540420449981549,0.324222120103087,-0.037992457373652,-0.659673664119051,-0.199127291665113,0.897849168625072,3.46778515277508,-0.367596131833887,0.511849510519854,-1.71150291022872,-0.115382978305131,0.267330495563925,0.304440963286713,-0.129514033521907
comm.and.crime_point_1757,comm.and.crime,regression,0.27,0.0426831836950208,anomaly,-1.0174414932053,1.22003874930914,-0.375024355916575,-1.91425263281814,-0.472016707391195,0.763335172475784,-0.592122486177232,-0.447422857068877,-1.57361064085844,-1.69866703966285,-1.0586124485098,3.21920868907389,-0.265657561852559,0.682832724400303,-0.530770173602079,-2.77812364549393,-0.546622083628446,0.698110430443375,2.52776245291154,-0.710275698132921,1.73517405575597,-0.280832968781291,0.888234856532939,0.813423318920973,-0.880559949483478,-0.324717903551093,-0.319107477609904,1.11274025679674,-0.35568405855027,-0.232079094641932,-0.58964979375619,-0.312728384014686,0.0397956405866952,0.427703707171417,-2.01724040279586,-1.26680802211735,-0.231377493520679,-0.961299274358306,-0.221904671622559,1.03450568696218,-0.880390590919278,0.756022567213671,0.902620992380776,-2.37879836795621,-0.796716360107558,-0.681631226510723,-0.384147898291766,-0.693884128707245,0.762407081401742,0.4183367341544,-0.333979422149212,-0.608816497610759,-0.230075729421995,-0.0922487271028942,-0.42964182185941,-0.69021633412253,-0.758469577859468,-0.217836902201817,-0.347502825535886,-0.400332606464976,-0.395527248191373,0.41476482080604,-0.503316572060594,-1.05616695304242,-1.05863418694584,-1.78176865756739,-2.24429655891762,-0.866859498853478,-0.216136897235549,-0.410865128456057,1.41914745990259,-1.23321624918318,0.0876256540515485,-2.52313304519396,-0.0468999429701671,-0.801434429577986,-0.864272121234376,0.756333805638724,0.475696899623041,0.421439338980806,-0.377360854488696,-0.14464089114809,0.387066062068055,0.062104246571098,-0.107308819079628,-0.173042062415791,-0.0660825654799971,0.766222769924772,0.375096642443002,-0.798658623560617,-0.286904425214791,-0.226875569169311,-0.153813933172513,-2.29479290095079,-0.413837003129751,-0.680347684178355,-1.36983132764578,-0.321861540250354,-0.506438677988928,-0.70587936432781,-0.391348688885798,-0.959478323882113,-0.0609873547032339,-0.453822940289352,-0.462630445351289,1.29617829362176,-1.73445348243088,-1.17945889734843,0.343388026162328,1.08698470595177,-0.152304562810898,-0.640839520976896,0.670236143756844,-0.799826771902559,0.681606038310923,-0.998826763175882,0.0893771570848711,-0.148565325619854,-0.148565325619854,-0.649707912297875,1.06993325173982,-0.391348688885798,0.865796089126112,-0.230503261067549,-0.0468999429701671,1.15101920296373,0.788476870306472,-0.0636258900830415,-0.513073583706566,0.511652676906082,1.89737537882743,-1.23504806525446,0.713033482588985,-2.25387999740349,1.92076316198387,-0.599701730718649,1.18000319046612,0.763335172475784,0.139282888348225,0.682832724400303,-1.56531543697313,-1.48659000438483,1.28514859812821,-0.471291797870422,0.569447023159616,-1.00826650825885,1.75624134272171,0.302349200451482,-0.304397343978269,0.649747137552387,0.00547415598365529,-0.471261468611373,-0.953132713675412,-1.39376619704348,0.758859062176815,0.260319362349526,0.308792642392304,-0.913834660893733,1.33224721231561,1.03721114717821,0.555756227867123,0.636377640192604,-0.965539767392024,0.169078085395916,1.17920255223971,-1.84751328714304,-0.810596144943824,0.695483322687741,-0.043039574199713,-0.329263137039369,-0.277522937462631,-0.230075729421995,0.869790820032767,-0.0603121352022264,-1.07592843364696,-1.35038912028805,-0.236918153797056,-0.4325599573896,1.70480035521531,0.0311816151752862,-1.02301435554381,-0.453822940289352,0.626603400623183,0.981586015860986,-0.165852394510387,-0.333979422149212,0.884216993443326,-0.601380811530617,-0.273610749555595,-0.421455927079768,-0.738257558223326,-0.141398140072703,0.530234322887664,-1.56531543697313,-0.454975190371856,-0.778386370841756,0.441053158743122,0.682832724400303,-0.333979422149212,0.26653564650661,2.64099195936017,0.821714993870633,0.0145655943380156,1.82126050169082,0.0462183158830917,0.531240889564015,1.13147709363963,-0.800310327806298,1.29491473502549,-0.514522113788516,-0.870865217996765,0.726172755495118,-0.167221968720685,0.26138000840943,1.48293160432397,-0.550930207394384,0.898725322117096,-0.778386370841756,-0.856335354515137,-0.267933252874971,-0.367596131833887,-0.812893280194679,0.215508271587242,-0.34476848053886,-0.142989533805432,0.869790820032767,-0.0790743884354456
comm.and.crime_point_0953,comm.and.crime,regression,0.74,0.10878345269012,anomaly,0.995053926757281,-0.171897892729153,-0.375024355916575,1.38412739776748,3.23691779275872,-2.80166305207002,-0.496372568292438,-0.576459764357761,3.71003986462407,2.61997916058473,3.62594416632577,0.26138000840943,-0.499564470154296,-1.56531543697313,-0.912882539758789,-0.809973044778059,1.11916614766899,-0.818142165740683,0.627044535799378,1.63062467337486,0.00448937678286525,-0.58347083930006,-0.9955116260173,0.224571308055511,-0.938837241768986,-0.567472613338656,-0.0632363539352424,1.8228099957728,-0.277522937462631,1.56243469551758,0.628950377952967,0.576125524684642,0.0397956405866952,1.31803785969412,-1.72994415092632,0.116687185340269,0.965497264192096,-0.00615150860066679,-0.00718774078893893,-0.774106439438939,2.5396344203666,-0.556989398460331,-0.622378561168927,-0.244176455639738,-1.73742119443407,-1.89314463762633,-1.5270085291013,-0.693884128707245,1.47410203102843,0.532464993547459,-0.149937701058835,1.82653673144917,-0.34476848053886,2.37250907426962,1.3719530937981,0.649747137552387,1.19055056164498,-0.387478293723169,-0.516755545154489,-0.611535701313945,-0.565868788773144,0.635156296765973,-0.45780329625955,0.368282000318073,0.147394108299959,-0.602185097684464,-1.29447257978519,0.295311354595511,-0.825004765972568,0.113052999998984,-0.0300597851839413,0.726172755495118,-0.37760024144161,-0.358453625130612,-0.532850506793854,0.0710446600743682,-0.440959496409212,0.0250464516485512,1.99928994761039,3.66921580466826,-0.733827980135861,-0.706093598596545,-0.675622884018443,-1.39693395858671,-1.25410891864968,-1.13966992969373,-1.09698938712883,-0.767702135816429,-2.08120123943334,-0.435198773289707,-0.286904425214791,-0.226875569169311,-0.759522743786688,0.788476870306472,-0.854968167441532,-0.780087660081869,0.194078202433754,-0.413219819433159,-0.407961060951538,-0.70587936432781,-0.391348688885798,-1.46155861675429,0.197114064352121,-0.296225771543798,-0.165852394510387,-1.13544611760276,0.91503209899819,0.760721512333579,-0.115382978305131,0.169078085395916,0.532464993547459,-1.88271318408187,2.3634866430575,-1.18581654067537,0.0372584156911057,-0.8018715291011,1.34259521435226,-1.31161820029084,-1.06931551806772,-0.649707912297875,1.46497943338397,-0.391348688885798,-0.413219819433159,0.317646414029282,1.41095174850089,-0.965225617418908,-1.6096218406714,0.0512926106647712,0.0538662644052637,-0.777184479464502,-0.304872732522849,-0.264029226104202,-0.777184479464502,-1.43178357631207,-0.688849968232438,0.670236143756844,-1.07127315045188,0.968220127909451,0.37633485093474,0.30064753696682,0.682832724400303,-1.37697714823931,-2.54849797149128,-0.471291797870422,0.281459459960805,-0.608817600383137,0.65722458063374,-0.541331503936429,-0.695793398648614,-0.64058805739383,-0.286904425214791,-0.798985963523397,0.706359316945435,-0.882023949694159,-0.912882539758789,-0.210617258288034,0.308792642392304,-0.868190997905353,0.985671747037421,1.03721114717821,0.511987598838842,-0.838101809661048,2.45225004295799,-1.66673515571579,-0.531713688779321,0.413283929954837,0.798262865525553,-1.01324563861754,-0.433845179637909,-0.651338533289799,0.0351215468879261,1.14623728398038,-0.217420442940414,0.541860098812564,-0.335131340202921,1.22686748308551,-0.179320641157294,-0.235276207381626,0.217035830694215,-0.444251915781118,-0.335131340202921,-0.453822940289352,-0.105964675924132,-0.409993611322597,0.0814626478570313,-0.149937701058835,1.53318522279537,-0.458494049224697,-0.484813844404564,0.141460545004487,0.528961010870487,0.886358450346385,0.353242987609834,-1.56531543697313,-1.05911760742057,-0.867503152253548,-0.549162456337422,-1.56531543697313,0.0341040200315418,-0.547435183985099,0.740164105719455,-0.00859578069383644,0.467364181799085,-0.200409626554585,-0.499564470154296,-0.546622083628446,-1.13830693525114,0.0100013392540886,0.252720923722782,0.321344892711017,-0.870865217996765,-1.23321624918318,-0.114785955883911,-1.85932734753867,0.385206829798923,2.72398004273798,-0.5591317940393,-0.733827980135861,-1.52008084975738,-0.114410578670175,-0.0536383847421805,-1.50406343187183,-0.42682878901808,-0.34476848053886,-1.2200796109,-0.521839596572905,0.0722445468239389
comm.and.crime_point_1546,comm.and.crime,regression,0.19,0.336403786627814,anomaly,-0.468579105942779,0.87205458879957,-0.375024355916575,-0.142900394170307,-0.629843707397574,0.886266145735984,-0.44849760935004,-0.576459764357761,0.0372584156911057,0.182033724961094,-0.0976777582871161,-0.519933227992503,-0.265657561852559,0.682832724400303,-0.196421853214959,0.502127355699187,-0.203665683067209,-0.256567130116958,-0.121723128517532,-0.170067920092664,-0.651977225586244,-0.129514033521907,-0.472248714197789,-0.631940707748796,-0.297787026628403,-1.23504806525446,-0.421455927079768,0.948878009340733,-0.35568405855027,-0.319616352698494,0.113388766845247,0.0823177976294598,-0.725047803556634,-1.00672353855961,0.740803615151647,0.0672766422167828,-0.915305926499407,0.647370646917718,-0.382942369747774,0.157602837798,-0.766389757209749,0.641847613676801,0.466906834223718,0.143936619326893,0.143988474218959,0.287579502381766,0.164425204496809,0.611551347612948,0.881022906339523,0.532464993547459,-0.333979422149212,-0.652304948129686,-0.34476848053886,0.911911858641464,2.46239212169607,1.8408257790412,1.24184056531615,-0.472298989483845,-0.347502825535886,-0.44257322543477,-0.523283403627701,0.767391182341933,-0.503316572060594,-0.29306929945644,-0.272093994394233,0.0465858602511433,0.795140174306145,-0.497077863665163,-0.165397908174131,-0.553751890761977,0.0858767944229815,0.726172755495118,-0.37760024144161,0.569266126325109,-0.478855999702333,-0.939194285838884,-1.816725527091,0.842367611990508,-0.718470624475156,-0.887366102415632,-0.511036026606383,-0.576527589185363,-0.590607768331523,-0.257060360807173,-0.394008843972142,-0.616079834918179,-0.534676575320374,-0.649707912297875,-1.70741677914781,-1.00634996657257,-0.286904425214791,-0.226875569169311,-0.716257828742818,0.396950550146819,-0.413837003129751,-1.02943759984065,-0.310408742753192,-0.413219819433159,-0.211005826876756,-0.181987260430917,-0.391348688885798,0.135969587839005,-1.3945113531559,0.412961487811192,-1.20457557245354,-0.601674905382743,1.60620225067534,1.61668345778153,-0.000690227188266011,-0.640839520976896,1.61668345778153,-0.96480656352602,-1.28758474605954,0.358142534415864,-0.607089206928712,-0.851110337619796,0.402681671401718,-0.342407471398352,0.287579502381766,0.648228546406218,1.21807556985638,1.14821212846604,-0.504578098615964,1.50530404340575,-0.0468999429701671,0.0713024578705468,0.984240030386299,-0.695677644196011,0.569266126325109,-0.938289124010825,4.0517485312353,0.706989613046053,0.753309643725566,1.30853782732598,0.52492358070538,-0.388045418306067,-1.46279947061153,0.107703315088049,0.281514065900134,0.682832724400303,0.682832724400303,0.157602837798,-0.484226741696171,-1.04118618534988,0.396654485240329,-0.951202378562316,1.85180801768588,-1.23612737813824,-0.956724101762177,0.10383609353668,-0.286904425214791,0.0203252737566635,-0.578408706761027,-0.216759028140039,-1.15170276860673,0.835908565350987,0.543089647312493,-0.868190997905353,-2.72763680951462,0.205607195640876,-0.62599675589646,-0.838101809661048,-0.718470624475156,0.547039635036561,-1.06268769461281,0.247859743337919,0.568425864029928,0.855676662810112,-0.199361816374992,0.851679982545541,-0.277522937462631,-0.34476848053886,-0.956724101762177,-0.576459764357761,-1.816725527091,-0.514522113788516,-0.467308204356106,-0.629843707397574,0.344558504224595,1.29900436439237,1.14646284668515,-0.217427187171022,1.20219260362464,0.311566195365187,-0.413167436877806,-0.241958561604024,1.17920255223971,-0.220349445381496,2.26082638863203,1.88138418599218,-0.146888892646214,1.18000319046612,0.707225658165495,0.637869761172835,-1.30077457424005,1.62776672727661,-0.450140894829368,0.682832724400303,-0.241958561604024,0.419155177223805,-0.44257322543477,0.228635869181726,1.04953379424903,1.20352796250473,0.202156254750917,-0.938572255698432,-1.34006551559698,0.505191802457658,0.15346437026538,-1.42004470416301,3.20675843349157,0.726172755495118,-0.953762161272296,-1.58028690596656,-0.224640267159436,-0.629843707397574,0.848454387077221,1.27129960162944,-0.666693784445925,0.243808994474351,0.260319362349526,0.0510694094017551,-0.970344763376429,-0.34476848053886,0.575070517590943,-0.739281849167541,0.1226841919104
comm.and.crime_point_0650,comm.and.crime,regression,0.01,0.411718194611926,nominal,-1.6882732998595,-0.519882053238727,-0.453822940289352,-0.203981505847819,-0.235276207381626,0.59942720812885,-0.687872404062027,-0.619472066787389,0.230562702477051,-0.305555362163633,-0.337911430842786,0.038147655151735,-0.343626531286471,0.682832724400303,-0.387478036293313,0.0647605555401046,1.75608517728272,-0.705827158615937,0.339056972600567,0.190070598600841,-0.353583315418467,-0.432151904040676,-0.576901296561691,-0.685472708736566,-0.589173488055941,-0.385406580997984,1.01142236549834,0.348049768668688,-0.35568405855027,-0.144541836585371,0.769558090073254,0.625506297390161,-0.725047803556634,-0.165852394510387,0.0512926106647712,1.35195076342743,-0.288371529602239,0.999267192196847,-0.543980067872989,-0.390461442929611,-1.1653926751931,-0.0432021075444176,-0.186664403011869,-0.308861968134177,0.490563939497149,0.481421648160263,0.758712732517766,0.82042102382418,1.23687038115287,0.703657382637049,-0.333979422149212,-0.652304948129686,-0.34476848053886,-1.46155861675429,-1.70972241982659,-1.98055152906875,-2.19458968065222,-0.769171424646212,-0.770634624582392,-0.78049817719312,-0.778795714500358,0.855547772725906,-0.639856399463727,-0.700054714702294,-0.534274058578104,0.0465858602511433,-0.15468380482628,0.189659458827421,0.697164905869978,-0.553751890761977,-0.957552422039323,0.726172755495118,-0.444061083654919,0.363106181557171,0.817012170494165,-0.479994764969224,0.194009440828534,0.455215483407476,0.187449566220028,1.68177050476997,-0.733827980135861,-0.749282268400272,-0.760637999705362,-1.30574407076435,-1.25410891864968,-1.22022225196689,-1.1907081890969,-1.12168480637209,-1.2268367587807,-0.487121609042694,-0.286904425214791,-0.226875569169311,-0.889317488918297,0.935299240366342,0.303001138876892,0.666141990519079,0.597667758583312,-0.321861540250354,-0.8018715291011,-0.574906338353587,-0.391348688885798,0.501118891746045,-0.706240902341621,0.412961487811192,0.229851673277482,1.11825455621509,-0.352113179076581,-0.380561081597017,-0.230075729421995,-0.0468999429701671,0.30420847476134,0.978995691768727,-1.39341290226583,1.40582904965634,-0.54265444466673,-0.112528209839365,0.298246833296102,-0.923933908733845,-0.148565325619854,1.59218233455465,0.674887070095679,-0.391348688885798,-0.504578098615964,-0.321861540250354,-1.23477909898362,-0.792470938203999,1.42470714056591,0.510966613656022,0.517726140133124,-0.736908318327921,-0.544247527234835,0.282168870917816,0.43110035463292,-1.04813857980274,-0.506783935891765,-0.70552988692494,-0.532924460232356,-0.424997569039485,-1.42526006472277,0.682832724400303,0.682832724400303,0.157602837798,0.459440106210166,1.49167775900326,-0.236918153797056,0.589529123243989,-0.919625556275082,-0.839101164308632,-0.652304948129686,0.600118860823686,-0.286904425214791,-1.07208970928342,-0.310748701822181,2.13725530966685,-1.62934322630262,0.574277109441232,-0.0660825654799971,0.364187902780905,0.837139404775339,-0.232079094641932,3.05056808247913,-1.48687276759666,-0.883183386419734,1.14097921304329,-0.413719465260767,-1.84751328714304,0.913181366273366,1.22946112309564,-0.35568405855027,-1.61756472204109,0.0351215468879261,-0.230075729421995,-0.956724101762177,-0.275373647350366,-0.652615808821794,-0.584177697663477,-1.3888684065923,-0.195819457380031,-0.845653115392282,-0.655555707317298,-0.440959496409212,-0.453822940289352,0.888234856532939,-1.0800134318184,0.427703707171417,-0.333979422149212,-1.12168480637209,-0.791896494605177,-0.062407654706626,1.1137708149682,0.90912658159863,-0.239279720112616,-0.35472235350149,0.682832724400303,-0.0119374178694681,2.47437615068862,0.441053158743122,-1.56531543697313,-0.333979422149212,0.0630429388836828,-0.653776320283739,-1.55060150488499,-0.114805430650861,1.37200047319184,0.592001101920479,-0.399640769102202,0.1226841919104,-0.0800332904192877,0.600118860823686,-1.21107795253813,-0.308434369515615,-1.23321624918318,0.6717542366677,-1.9151354358531,0.629145668582266,-0.314189707384816,-1.56455049483681,-0.778386370841756,0.660797206038557,2.5466491075463,-0.9955116260173,-1.21607586867302,-1.71150291022872,-0.000690227188266011,-1.8868496586252,-0.0869550913836323,-0.331272613867753
comm.and.crime_point_1301,comm.and.crime,regression,0.21,0.119702297808294,anomaly,0.690130378278102,0.524070428289996,-0.375024355916575,0.590072945959833,0.00146429262794278,-0.179135622519085,-0.592122486177232,-0.275373647350366,-0.349350157880785,-0.514522113788516,-0.578145103398456,0.205571920095007,-0.499564470154296,-1.56531543697313,-0.912882539758789,-0.645960494718403,3.47086718008891,-0.705827158615937,0.511849510519854,-0.125050605255976,0.123846940849976,-0.886108709818829,-0.943185334835349,-0.899600712687643,-0.938837241768986,-0.688849968232438,-1.29141774757362,-0.525882217763377,-0.199361816374992,1.08097977620649,0.300865716338963,0.477363979273606,-1.05966681036934,0.72448175801232,-1.67248490055242,-0.920934220252943,-0.630335746091604,0.747912516997469,-0.866055464123419,2.24024710456292,-0.709389340354984,0.413497706603062,1.2838708807682,-0.114805430650861,-0.351119333321313,-0.342407471398352,-0.795577725383197,0.0371597380320633,0.228635869181726,0.36127260445787,-0.241958561604024,0.0435102601731493,-0.34476848053886,-0.411754368021554,-0.761514569480531,-0.442074950479027,0.0108804772080765,-0.59953003312486,-0.64369508486844,-0.611535701313945,-0.565868788773144,0.502921411190013,-0.321263468856418,-0.0387034149277808,-0.0623499430471371,-0.130351673731295,-0.787899790914564,0.717918937667871,0.0882970371329595,-0.0298337623069365,0.201813374029904,0.726172755495118,-0.178217714801685,-1.7500332523142,0.385056113761999,0.530244180944028,2.20474440874806,-0.620207095989836,1.87575537615196,0.179067960944429,-1.04573671507713,-0.965225617418908,-0.930668231079202,-1.12336429511962,-1.15854224368551,-1.05911760742057,-0.956411184176713,1.00221121696188,-0.853052298495168,0.18787525574614,-0.286904425214791,-0.226875569169311,-0.672992913698949,0.25012818008695,-0.468978398668724,-0.331257768516057,-0.461754826309275,1.50530404340575,-1.04806557169458,-0.70587936432781,-0.391348688885798,0.272900576804145,1.65968877233247,-0.453822940289352,0.675018749538836,-0.127211605631618,2.5853599655513,0.760721512333579,-0.34476848053886,1.89690231232458,0.30420847476134,0.277067099578957,-0.0705609496871936,-0.634402585285642,-0.091611108832858,0.133665832754111,-0.11949251912636,0.432961111715639,-0.0516442527306052,-1.59366170044631,-0.0164437477815769,-0.391348688885798,-0.321861540250354,-0.0477867027019386,-2.4766527620886,0.675943835122729,-0.679746830292226,0.568425864029928,0.775426071093047,1.5185567053206,-0.496372568292438,2.10282919432454,-0.777184479464502,-0.116429302565806,-0.931604678020002,2.15183033064492,-0.581865250252313,0.968220127909451,-0.808924961997834,-1.56531543697313,-1.56531543697313,0.157602837798,0.990252708157481,-0.724578192305735,0.972629611637952,1.27429867960235,0.752791255597911,-0.342818397021626,0.260952512767785,-0.938357717766034,2.24704327850507,-0.853606712675401,-1.64904872651641,-0.421455927079768,0.663330970637638,-1.30946937310901,0.917964855184794,-0.0922487271028942,0.787628624021312,-0.188310465613652,0.42445034078228,2.99554475995845,0.146271375733883,-0.154888957153209,-0.649707912297875,0.303001138876892,1.14301836776899,-1.17343897873991,-0.277522937462631,-1.13445162766544,-0.35568405855027,-0.115382978305131,-0.347885794497196,-0.576459764357761,2.31057256495435,-1.55935587191293,0.857434586358428,-0.4325599573896,1.44975500815455,1.93291573900091,0.776064299963135,-0.453822940289352,-0.262943549469985,-1.23463339039435,2.99978014779257,-0.241958561604024,-0.826699247575706,-0.553751890761977,-0.738257558223326,0.602028567618877,0.359998534991312,-0.630806040272269,-0.295725241742213,0.682832724400303,0.149167226676855,0.736598913158695,0.63909628175923,-1.56531543697313,-0.333979422149212,-0.750927891608026,-0.569295082344151,2.00787324324845,0.143936619326893,1.93357550881557,-0.499564470154296,0.874197290125252,-0.482591549127137,1.18045152500798,0.649747137552387,-0.79314444928836,-0.964603692743623,0.726172755495118,-0.324530007231007,0.540420449981549,-1.38334975138032,-0.274732957383221,0.597099711877842,-0.867503152253548,-0.998566532067046,0.294983219209284,-0.943185334835349,0.281459459960805,-0.575060418388539,-0.115382978305131,0.780230532275621,0.82630236951384,1.93851141502301
comm.and.crime_point_1092,comm.and.crime,regression,0.37,0.0133930415116426,anomaly,0.324222120103087,0.176086267780421,0.0977671503200851,0.712235169314856,0.159291292634322,-0.670859515559886,-0.496372568292438,1.27306924011624,0.101693177953087,-0.0269330266637888,-0.0976777582871161,0.205571920095007,0.202156254750917,0.682832724400303,-0.196421853214959,-0.153922844539436,0.139290717494029,-0.818142165740683,0.511849510519854,0.415157172784282,-0.413262097452023,-0.280832968781291,-0.419922423015838,-0.36428070280995,-0.00640056520086566,-0.14265187121042,-0.626152826019497,-0.635123716067385,-0.043039574199713,-0.10077320755709,1.80068131228869,1.46497943338397,-0.82065323407455,0.477166715644901,-0.408381392326479,0.462560987204673,-0.0603953852759968,0.898725322117096,-0.705017765998204,0.267215693943522,0.202617329321249,0.128060322760887,0.194585485375557,0.596735206787962,-0.648184017845477,-0.87547337228922,-0.704148874918434,-0.641666709654437,0.525175431526179,0.36127260445787,0.218145741121919,1.0872330726274,-0.115382978305131,-1.05076564985887,-0.998566532067046,-1.18649910140954,-1.11749960355766,-0.59953003312486,-0.559068725059139,-0.569295082344151,-0.523283403627701,-1.12797551091349,1.08964808097595,0.470028354129537,0.462010185320604,0.69535681818675,0.541853779870831,0.770744885551916,0.240514004317214,0.351197603842184,0.0279085046195201,0.726172755495118,-0.244678557014993,0.672346098709078,0.331061606670478,0.805763893465824,1.09354876858201,-0.0609873547032339,0.393340518650751,0.469913614588082,-0.377360854488696,-0.403772909970454,-0.420577536957683,-0.0290856412512651,0.0360411933666282,-0.0522135790060488,0.0276362364880784,0.825219881684049,0.108107742239052,1.64171465682978,0.39531226424825,0.271131789839503,-0.197078848216383,-0.141398140072703,0.854415094266617,0.716011978470835,0.648116453102006,1.23122920585733,-0.8018715291011,-0.269302611080399,2.81260220127884,0.364187902780905,0.756333805638724,-0.217427187171022,-1.30350158940051,-0.779598642789415,1.203019662197,-0.0381763034178386,-0.34476848053886,-0.96480656352602,-0.951202378562316,0.601034142128082,0.246923518931679,0.578708116571755,-0.220480633356821,-0.70339391206371,-0.850536385865668,0.481421648160263,1.30525076771888,-0.118733906464382,1.51436020608949,1.73074865395052,-0.595936377798769,0.317646414029282,-1.07279557770906,-0.274206900559272,-2.63737843109049,0.22367036178649,-1.0800134318184,-0.938289124010825,-0.352747691465246,-0.81022732312622,0.99496661054505,-0.390461442929611,-1.23504806525446,-0.652615808821794,-0.483983670212399,0.681381190302317,-1.42526006472277,0.682832724400303,0.682832724400303,-0.993332151729983,-1.25095605562007,0.858461772914973,-0.294515666436819,1.16017042020929,0.466091230705398,0.500862307366285,-0.478351146053977,-0.64058805739383,0.102933683049804,-0.908227461827405,-0.899600712687643,0.0902863202695546,1.95296020641653,-0.210617258288034,-1.05012998614479,-1.46155861675429,-3.02470149403878,-0.62599675589646,0.336913082725718,0.754335996180896,-0.7596488149613,0.43905062085352,1.12020544048043,0.799273698727645,1.54523312038634,-0.319074498087268,-0.199361816374992,0.368566888169896,-0.35568405855027,-0.230075729421995,-0.0434666408647052,-0.103324437631854,-0.864272121234376,-0.723488865413399,-1.8496485077104,0.908969542664623,-0.463085094801143,1.08770057285619,0.352751675137971,-0.453822940289352,-0.00131209356022966,1.08466598824495,1.46642688511458,-0.333979422149212,0.412240099369111,-0.649009732299257,-0.358091987495182,2.34195220860657,1.54273586614554,-0.630806040272269,-1.65265881220558,0.682832724400303,1.07551893281821,-1.04573671507713,-0.598673237091449,-1.56531543697313,-0.0579168405136468,-0.547435183985099,-0.653776320283739,0.643791256463961,-0.761660555595246,-1.15508718711492,-0.343626531286471,-0.105678140049712,1.18191673872609,0.68526106180441,1.543056118669,-2.81315638166223,-0.683388268503048,-1.23321624918318,-0.639146084251652,-0.464125139678079,-1.38334975138032,-0.708757207400764,0.295474101638588,-0.867503152253548,-0.145179466755593,-0.0632363539352424,-0.210617258288034,0.281459459960805,0.0672766422167828,0.572773528396057,0.318620499235095,-0.521839596572905,-0.835669064732367
comm.and.crime_point_0714,comm.and.crime,regression,0.12,0.09880830712691,nominal,1.17800805584479,-0.519882053238727,-0.375024355916575,0.528991834282321,-0.314189707384816,0.189657297261516,-0.592122486177232,1.0580077279681,1.39038842319272,0.739278395960782,1.04343218635232,-0.129276609791536,-0.499564470154296,-1.56531543697313,-0.578534219371668,0.11943140555999,0.629228432581511,-0.368882137241703,-0.121723128517532,-0.125050605255976,-0.592298443552689,-0.58347083930006,-0.576901296561691,-0.631940707748796,-0.589173488055941,-0.0212745163166381,-0.728501275489362,-1.01746896013141,-0.277522937462631,0.730830743980246,0.582081140579538,0.378602433862569,0.0397956405866952,-0.264778411457355,-0.0636258900830415,-0.130365530277162,1.2504674445999,-0.458589923959548,0.100170724627871,-0.280848586784089,0.0316160787569558,-0.214464537849722,-0.241128672781501,0.27330764431577,0.193499254972986,0.142197893047893,-0.292719047827003,0.0893771570848711,0.940330818808414,1.16017042020929,-0.333979422149212,-0.521839596572905,-0.230075729421995,0.318544239792525,0.186693280865528,0.203092646994081,0.216040491892755,-0.0906058585608025,-0.178250105917284,-0.189129511616007,-0.18260032246416,-0.599035968609651,0.543488771363422,0.0630429388836828,0.0425220826264111,0.0465858602511433,0.0352809910002048,0.348137302479556,-0.672787798788313,0.351197603842184,-0.203964654594325,0.726172755495118,-0.311139399228302,-0.719233528474505,-0.640839520976896,-0.663674573317088,0.352751675137971,1.27253664374943,0.805122423512198,-0.354149070735601,-0.64471119872407,-0.61971625898909,-0.590607768331523,-0.849794631652535,-0.871842218792997,-0.777184479464502,-0.768973580240562,-0.826699247575706,0.481892202524582,1.27825480655887,-0.286904425214791,-0.226875569169311,-0.197078848216383,0.494832130186732,-0.965250958519477,-0.979567611888896,0.345424285989838,-0.230503261067549,-0.70339391206371,-0.662221689003069,-0.391348688885798,0.227256913815765,0.842367611990508,-0.453822940289352,-0.116389386036903,1.17756246868398,1.95178732651391,1.27429867960235,0.572773528396057,-1.39676262025819,-0.0381763034178386,1.24896822722633,1.35811915909774,1.51611184073429,-0.478219682404748,-0.851110337619796,1.34259521435226,-0.197025862064479,-0.4393285442876,0.412240099369111,-0.609013020247796,-0.391348688885798,-0.504578098615964,-0.230503261067549,0.978995691768727,-0.446961579774181,-1.6096218406714,0.396048112908209,0.414646167749156,0.43110035463292,0.365376692670713,-0.506783935891765,-0.334146706962114,0.760473546598372,0.342857548364707,0.511493909447407,-0.924450780392009,0.59942720812885,-1.28302888717086,0.682832724400303,0.682832724400303,-0.664493583293417,-0.307289207713733,1.74496415343857,-0.352113179076581,-1.06533063795537,0.466091230705398,0.00457954007927846,-0.739281849167541,0.401605753908883,-0.286904425214791,-0.0889162245473447,0.0104433041044344,2.8536944559559,-0.912882539758789,-0.890859043653398,-0.394098372368261,-1.05076564985887,0.441053158743122,0.0743013085560334,1.25605429231962,0.0465858602511433,1.13454794740136,0.709023156311124,3.0081130167773,0.633849512110727,0.338588862534303,0.108107742239052,-0.277522937462631,1.01271768067076,-0.277522937462631,-0.34476848053886,-0.91323565124325,-0.576459764357761,0.352751675137971,-0.0965886105387498,0.972629611637952,0.435488542645486,-1.05819090460958,-1.1309892382737,1.14646284668515,-0.453822940289352,-1.04783791719925,-0.770773514666489,-0.611019470771741,-0.241958561604024,-1.41667036516848,-0.458494049224697,-0.231370130585801,-0.523804376549633,0.866885962628837,0.690595290266559,-1.23967902989064,-1.56531543697313,-1.01884144628399,-0.377360854488696,0.688607062513258,0.682832724400303,-0.333979422149212,-0.445688830173635,3.35908248184667,0.525175431526179,0.596735206787962,-0.593512151491192,-0.0317506535508209,2.00105403482646,-0.533031194213599,0.640243746967722,-0.590959780665129,-0.79314444928836,-0.214695894768757,0.726172755495118,-0.324530007231007,-0.743165581250199,0.324222120103087,3.23691779275872,-0.5591317940393,-0.956619933665339,-1.70972241982659,-0.728501275489362,-0.52457500537974,-0.0641256158777693,0.0672766422167828,-0.34476848053886,0.831520535946791,-0.565328047091832,-0.482591549127137
comm.and.crime_point_0160,comm.and.crime,regression,0.06,0.121541220791386,nominal,0.690130378278102,-1.56383453476745,-0.453822940289352,0.528991834282321,-0.590386957395979,0.517473225955383,-0.592122486177232,-0.533447461928133,-0.156045871094839,-0.166244194413711,-0.578145103398456,-1.13382219945117,-0.499564470154296,-1.56531543697313,-0.0531297159061927,0.447456505679301,1.31514123370399,-0.31272463367933,-0.985685818113966,-0.485189123949481,-0.771334789653356,-0.23039332369483,-0.52457500537974,-0.631940707748796,-0.00640056520086566,-0.203340548657311,-1.24024352283868,0.293429019516684,-0.35568405855027,-0.363384981726775,-0.58964979375619,-0.609013020247796,-0.677245088297676,-0.808871504665675,0.798262865525553,0.116687185340269,-0.744323818254725,-0.307777118839921,-0.543980067872989,-0.500074299075133,-1.56439559317645,-0.385726968155027,-0.45898575186003,0.402678669304647,0.837139404775339,0.917566476161884,0.804427157750147,0.924855861929795,0.287943781650617,0.133016085671751,-0.333979422149212,-0.695793398648614,-0.34476848053886,-0.822547334916973,-0.192589859272896,-0.293190120292925,-0.707179574188299,-0.726761076765874,-0.686008264773091,-0.696016939253532,-0.693624944209472,0.855547772725906,-0.594343123662683,-0.59830836089083,-0.429402032904556,0.69535681818675,0.858461772914973,0.0840075630593312,0.747903894931396,-0.458494049224697,-1.30536216086009,0.726172755495118,-0.444061083654919,-0.10075369417069,0.655028649219603,0.943523749726722,1.30520508099459,1.35857045010122,-0.265510529127564,-1.17821175605928,-0.600152808018174,-0.706093598596545,-0.803145557548822,-0.393845192540718,-0.394008843972142,-0.454975190371856,-0.253520169416148,0.471237211128387,-0.0520855978833183,-0.642890116301655,-0.286904425214791,-0.226875569169311,-0.802787658830557,-0.288220510132573,-0.799826771902559,-0.0819078287572736,-0.00771657564102366,-0.504578098615964,-0.407961060951538,-0.662221689003069,-0.391348688885798,-0.594329019975073,1.10046903104586,-0.453822940289352,-0.561556462298257,-1.4912935924161,0.511849510519854,0.817785642030109,2.86662855073335,-0.26287797133625,1.10310629051276,-1.34276811316667,0.511493909447407,0.523566721032782,-0.993697780500602,-0.457199869470233,1.23816037624664,-1.55392088251396,-0.00318371628598076,-0.531713688779321,-0.855916883775387,-0.391348688885798,-0.504578098615964,-0.595936377798769,0.331061606670478,0.632755165319001,-1.31597710055166,-0.0636258900830415,0.208486222981217,-1.30077457424005,1.32287587151866,0.646300935599162,-0.374422868098694,1.47295711154427,-0.446095258444874,0.0881812846222431,-2.05008895085101,-1.36746836403435,-1.42526006472277,-1.56531543697313,0.682832724400303,0.486441406234567,-0.779122631666902,0.0352809910002048,0.627044535799378,0.24714434506481,0.179391205812885,0.401605753908883,0.652348567438131,0.0542078168079789,0.00547415598365529,-0.635123716067385,1.88406333867636,-0.267933252874971,0.94991524525517,-0.472248714197789,-1.28442699106498,-0.0922487271028942,0.490563939497149,1.7375092116307,-0.976145788122707,0.69535681818675,-0.84200519593359,-0.910812056434499,1.00221121696188,-1.84751328714304,-1.09789239681336,0.321698862402212,0.0351215468879261,1.76422693858843,-0.35568405855027,0.228695275045463,-0.869747200724323,0.0687247720866572,-0.282217262099776,-0.444866529913555,-0.0641256158777693,-0.116905957376842,-1.05819090460958,-0.338600020013028,-1.55215513657527,-0.375024355916575,3.13826537735683,1.03312600205297,-1.00672353855961,0.494208322757484,0.23524876409128,-0.0298337623069365,0.782404724689249,-0.830849724959226,-0.231370130585801,0.543772920206689,0.766222769924772,0.682832724400303,0.793585804862147,0.602923741041008,-0.549162456337422,-0.0815376504666633,0.12612488057673,-0.750927891608026,-0.10464827367642,0.110020044243945,0.467364181799085,-0.76198466217831,-0.343626531286471,-0.840584712680936,-0.785229419645906,1.22546883984467,0.848260244467189,-0.723488865413399,1.19138122643412,0.726172755495118,-0.953762161272296,3.10759251244505,-0.407594396246943,-0.669300457399169,1.40143467251585,0.023664661864365,-0.90374574703244,0.0902863202695546,-0.943185334835349,-0.467308204356106,1.4507718496744,-0.230075729421995,-0.142989533805432,-0.608816497610759,-0.381712258954214
comm.and.crime_point_0732,comm.and.crime,regression,0.59,0.101267546149983,anomaly,-1.0174414932053,-0.519882053238727,-0.453822940289352,0.162505164217251,0.869512792663029,-0.465974560126219,-0.209122814638054,0.455835493953308,-0.0271763465708762,-0.723488865413399,-0.0976777582871161,0.652036626610397,-0.343626531286471,0.682832724400303,0.663330970637638,-0.372606244618977,0.0902969459852806,1.03505545181761,0.972629611637952,-1.07041421682643,-1.06972869982113,0.7783995780344,1.09754002126074,1.61640333373751,-0.414341611199418,-1.17435938780757,0.960248140763403,0.566532765276704,-0.35568405855027,-0.0570045785288092,-0.683388268503048,-0.707774565658833,1.13925809154273,-0.462630445351289,0.0512926106647712,-1.36562910836432,0.965497264192096,-1.01157020939818,1.22743461150438,-0.171235730638567,0.259617746176014,-0.385726968155027,-0.295592942551133,0.0145655943380156,0.243010035727013,0.142197893047893,0.164425204496809,-0.276144776284783,1.53340994349732,1.33136280929888,-0.333979422149212,-0.0869550913836323,-0.115382978305131,-0.183536053079654,-0.0503586817209869,0.252720923722782,0.575070517590943,1.22411492572968,1.42965073045944,1.75393896099451,2.03183970509886,-1.26021039648945,0.497975495562377,0.622647884846732,0.514446198157378,-0.0123933177430025,-0.281327002043937,0.0311816151752862,1.55972771991409,0.494084366148104,-0.145996364790864,0.726172755495118,-0.444061083654919,0.156946236789233,1.73491879105002,-0.939194285838884,0.0881812846222431,-0.878308515045191,-0.883183386419734,0.663810717017184,-0.154568900959218,-0.101452221344363,0.0470055993203757,0.198889078304643,0.370524555741227,0.632481160315823,0.543089647312493,1.00221121696188,0.802278882769321,0.135952419993153,-0.286904425214791,-0.226875569169311,2.13922656415258,-1.85432579077118,0.192718347798946,0.516532026663808,-0.209511353715802,-0.595936377798769,0.527576300903674,-0.00735655913195239,-0.391348688885798,-1.32462762778915,0.0250464516485512,-0.375024355916575,-0.561556462298257,-1.25406194254054,1.49100722539581,0.24714434506481,-0.34476848053886,-0.370866985519292,0.0759519559752211,0.331061606670478,0.82897837806628,-1.24095793621434,-0.54265444466673,0.133665832754111,0.768203604771372,-0.4393285442876,-0.730091762955347,0.0582574288134486,0.971171706328788,-0.391348688885798,-0.321861540250354,-0.413219819433159,0.115083578304395,-0.576527589185363,-0.288220510132573,0.970640616647273,0.00232627821327909,-0.0119374178694681,-0.209122814638054,-1.23504806525446,-1.13966992969373,-0.171235730638567,-0.567472613338656,0.617322065653698,0.445891340166776,0.886266145735984,-1.33043927968817,0.682832724400303,-1.56531543697313,-0.719300011366178,-0.838101809661048,1.30171296317677,0.627044535799378,0.760721512333579,0.131607868330799,0.600118860823686,-0.695793398648614,0.15346437026538,-0.286904425214791,0.621153514428708,-0.739004709724335,-0.216759028140039,-0.530770173602079,-0.838532752471447,-1.09698938712883,-1.46155861675429,0.589585501005203,-0.757302642981302,0.818368002036808,-1.07401852163763,-0.800827005447445,-1.07279557770906,0.176251652332003,0.799273698727645,-1.21281089756117,0.481892202524582,-0.277522937462631,0.368566888169896,1.75466621081599,-0.230075729421995,0.782813918994912,2.26235219599768,1.09354876858201,0.0427225572111723,0.857434586358428,3.23691779275872,-0.845653115392282,-0.549903811549208,-0.017646871584048,-0.375024355916575,-0.629227587743642,1.23928594682091,1.56535290206154,-0.241958561604024,1.17920255223971,-0.220349445381496,-0.189129511616007,-1.64963732071814,2.26082638863203,-0.630806040272269,-0.531713688779321,0.682832724400303,-0.898012962874244,1.44953316445302,0.193499254972986,0.682832724400303,-0.333979422149212,0.673521061752464,-0.696016939253532,-1.25406194254054,0.467364181799085,-0.930457172865427,-0.109719622984733,-0.742597169663439,0.274003127169785,0.145053283764153,0.848260244467189,-0.514522113788516,3.20675843349157,-1.23321624918318,-0.429402032904556,0.317188096723854,0.629145668582266,-0.51147345739279,-0.5591317940393,-0.377360854488696,1.46677387883271,-0.421455927079768,-0.576901296561691,-0.985685818113966,0.759024245945591,0.572773528396057,-0.194279537476602,-0.347885794497196,-0.93654835490529
comm.and.crime_point_1040,comm.and.crime,regression,0.57,0.0175800318384654,anomaly,1.11702334614895,0.176086267780421,-0.453822940289352,-0.142900394170307,1.61919104269333,-0.875744470993553,-0.687872404062027,-0.576459764357761,-0.220480633356821,-0.235899778288672,-0.217794594564951,0.596228538295973,-0.499564470154296,-1.56531543697313,-0.912882539758789,-0.263264544579206,1.36413500521273,-1.43587470492678,1.08782463691748,1.45055541402811,-0.353583315418467,-0.886108709818829,-0.733880170107544,-0.524876705773258,-0.822282657197971,-1.23504806525446,1.21611926443806,3.35219097202891,-0.277522937462631,0.94967388912165,1.70694283754184,1.61312175150053,-1.01186409511038,0.0319996393835476,-0.695677644196011,1.69782456529183,-1.14328207082565,2.20576963315386,-0.973413929540229,0.924892830816656,-0.53838808979069,0.813110043982106,0.902620992380776,-0.308861968134177,-1.2423133868938,-1.40853927318009,-1.7555806552632,-1.52936283355217,0.703099168932851,0.190080215368281,-0.241958561604024,0.739325468475985,-0.34476848053886,2.32686541128124,1.22972191624619,0.500862307366285,0.0108804772080765,-0.641940381005198,-0.686008264773091,-0.696016939253532,-0.736210329354915,0.899626067917892,-0.639856399463727,-0.242196122550708,-0.219657981557459,-0.130351673731295,-0.471291797870422,0.348137302479556,-0.571309820665477,-0.0774626830755764,0.201813374029904,0.726172755495118,-0.444061083654919,0.156946236789233,-0.424861492610813,0.530244180944028,0.670236143756844,0.197114064352121,1.75222080469353,-0.111777692699224,-0.822944761547652,-0.792470938203999,-0.760637999705362,-1.39693395858671,-1.25410891864968,-1.13966992969373,-1.1907081890969,0.176251652332003,-0.0520855978833183,-0.279430266030745,-0.286904425214791,-0.226875569169311,-0.889317488918297,0.984240030386299,-0.193271420973861,0.666141990519079,0.547219064064617,-0.413219819433159,-0.457199869470233,-0.618564013678328,-0.391348688885798,1.23141749956012,-0.0609873547032339,0.491760072183968,0.72448175801232,-0.0679036931627271,0.281459459960805,-0.894138248865786,-0.34476848053886,1.84290780523306,0.703657382637049,0.817012170494165,1.67560362771661,-1.5166649139092,0.101693177953087,0.379859875347588,0.559333928560141,-0.536249617176849,-1.11777605451234,0.825219881684049,0.773648615506715,-0.391348688885798,0.0435715764808665,-0.504578098615964,-0.694834028068417,0.373623146496638,-0.0435165600327901,1.37285536926462,0.00232627821327909,-0.495251351508437,-0.592122486177232,1.13181035517429,-0.414699029235275,-0.280848586784089,-0.324717903551093,-0.123475027790339,0.494832130186732,0.271611279434983,-0.856335354515137,0.682832724400303,-1.56531543697313,1.30853782732598,1.46208613211065,-0.407970199261594,-1.79205099507064,0.475400863850929,0.22717454329497,0.203092646994081,-0.217420442940414,0.94751679792459,-0.286904425214791,2.69674198220486,-0.685472708736566,-0.370281702344836,1.71413997756859,-0.943185334835349,-0.394098372368261,-1.46155861675429,0.143988474218959,-1.01991441715099,1.69374058260242,-2.13564372553226,0.805122423512198,0.817012170494165,-0.118733906464382,0.137576952259974,0.338588862534303,0.375096642443002,-0.433845179637909,0.744321517128731,-0.433845179637909,-0.34476848053886,-0.869747200724323,-0.103324437631854,1.62268954961346,-0.305555362163633,1.72139727595486,-0.629843707397574,0.00449804147691576,-0.232948124244939,-0.388045418306067,1.91013459089395,2.40569730080952,1.29082593301289,-0.660482479245224,-0.333979422149212,-0.531713688779321,0.160681920767624,-0.527054463374357,-0.574978601284565,-0.44257322543477,-1.51174026063149,0.23524876409128,-1.56531543697313,-0.777184479464502,-0.466477635900487,1.43126877382367,0.682832724400303,-0.333979422149212,-0.801801068513758,0.0220735832329614,-1.37267776747832,-0.438232993123054,0.978897948255237,-0.265657561852559,-0.595615855137194,0.223563482083323,0.235087913437529,0.897888521195889,-0.444866529913555,1.98815826178241,0.726172755495118,-0.429402032904556,-1.02220602282232,0.629145668582266,-0.629843707397574,-0.106693378680418,-0.466477635900487,1.13490113121159,-0.882023949694159,-0.419922423015838,0.511849510519854,-1.01975530649992,-0.34476848053886,-1.8868496586252,1.73955983041131,-0.835669064732367
comm.and.crime_point_0473,comm.and.crime,regression,0.78,0.00916887678052724,anomaly,-0.956456783509466,-0.867866213748302,-0.217427187171022,-0.570468175912889,1.57973429269174,-0.95769845316702,-0.544247527234835,-0.490435159498505,0.166127940215069,-0.235899778288672,0.022439077990719,0.931077068182516,-0.109719622984733,0.682832724400303,-0.960646585528377,-0.973985594837714,-0.497628312119698,-0.930457172865427,1.37581220011629,0.865330321151163,-0.234225751351356,-0.93654835490529,-0.629227587743642,-0.36428070280995,-0.647450780341448,-0.628161290785547,-0.216759028140039,-0.689744465219389,-0.043039574199713,0.818368002036808,1.37885817592783,1.2674563425619,-0.438231512002885,0.526629724118384,-0.982973896065542,0.857845332192564,0.680527083784293,1.3008928024361,-0.382942369747774,1.19892497118046,0.0316160787569558,0.984372474287411,1.12047807145931,-0.438232993123054,-1.34133494840186,-1.45699980962471,-1.43557967863653,-1.37271057639375,0.999638731277305,0.703657382637049,0.0341040200315418,1.13072152314633,-0.34476848053886,-0.137892390091274,-0.00294828920368394,1.09640162811069,1.60087059101434,-0.59953003312486,-0.60138190496379,-0.527054463374357,-0.480698018482259,0.679234591957959,-0.45780329625955,-0.242196122550708,-0.324530007231007,-0.720143453672756,-0.914542988132221,-0.180122176360894,-0.875743755033986,-0.267978366150136,0.665559692457595,-1.23321624918318,-0.111756872588377,-0.306913638938628,-0.802823042251458,1.08128360598762,0.246923518931679,-0.405122580110374,1.66986442372124,0.857707819446286,-0.912061542959443,-0.835659608007726,-0.675622884018443,-1.39693395858671,-1.34967559361385,-1.13966992969373,-1.1907081890969,-0.295725241742213,-1.17343897873991,0.135952419993153,-0.189444898148642,-0.226875569169311,-0.716257828742818,0.886358450346385,-0.248412816512834,0.366922062808537,0.395872980508533,0.0435715764808665,-0.654155103545014,-0.181987260430917,-0.391348688885798,-1.00512198687049,-0.878308515045191,0.255364319065638,0.625555741065352,-0.127211605631618,1.31821468747653,-0.437625211293547,-0.230075729421995,-0.748828535159937,1.10310629051276,0.0610890712128745,1.09354876858201,0.358142534415864,-0.671523969190694,0.626053917941065,1.55146489056349,0.626803257494137,-0.197025862064479,0.530234322887664,-1.05343997459746,-0.391348688885798,0.226288134846476,-0.504578098615964,1.73491879105002,1.66928324060846,0.10330581002708,0.453507363282115,0.620806112517094,0.269995710086597,-0.687872404062027,0.464234903258489,-0.65635599605476,-0.554880727147895,0.403546225811598,0.0881812846222431,-1.90326658079114,0.886266145735984,-0.998566532067046,-1.56531543697313,0.682832724400303,-1.65100928860312,-0.189330851725441,0.288567385435518,-0.121723128517532,-0.722945859776196,-1.34967559361385,-0.938357717766034,-0.739281849167541,0.848260244467189,-0.189444898148642,-0.307399221155361,0.545763313982127,-0.267933252874971,-1.15170276860673,0.521950818259281,2.23002808273785,0.455475228757665,0.738117843267285,2.08765824385695,1.60620332454586,-0.543205919690318,-0.347866910099853,-0.0468999429701671,-0.35472235350149,1.01983928088354,0.913181366273366,0.748881102728531,-0.35568405855027,-0.436621602456179,-0.433845179637909,-0.230075729421995,-0.347885794497196,-0.490435159498505,-1.18175658985325,0.182033724961094,0.454251997880092,1.14571004267419,0.514588735598435,-0.655555707317298,-0.335131340202921,-0.375024355916575,1.20219260362464,0.826966057285032,0.32877769022445,-0.333979422149212,-0.413719465260767,-0.649009732299257,-0.738257558223326,-0.67732705075443,-0.696016939253532,0.494832130186732,-0.708705024057152,-1.56531543697313,-0.898012962874244,-0.956619933665339,-0.351119333321313,0.682832724400303,0.12612488057673,-0.445688830173635,-0.189129511616007,0.643791256463961,0.596735206787962,-0.818142165740683,-0.109719622984733,3.32388586556266,1.88807176993655,3.07117874814888,0.798631967738489,-0.0269330266637888,0.769558090073254,0.726172755495118,0.357138159647056,0.875268979868092,0.507176249190595,-0.51147345739279,-0.609402729079175,0.246456615393843,0.755617991073163,-0.523804376549633,0.364971944713428,-2.42562363410802,-0.0315444440301896,-0.34476848053886,0.318620499235095,-0.652304948129686,-0.93654835490529
comm.and.crime_point_1497,comm.and.crime,regression,0.11,0.105045143873226,nominal,1.17800805584479,0.87205458879957,-0.453822940289352,0.528991834282321,-0.195819457380031,0.107703315088049,-0.0176229788684652,0.928970820679215,0.359432227001014,0.251689308836056,-0.217794594564951,-1.80351925922425,-0.343626531286471,0.682832724400303,0.185690512941751,1.70488605613666,0.38425957503777,0.13653539481965,-1.90724602035016,-1.11543153166311,1.9738891838902,-0.0790743884354456,-0.367596131833887,-0.471344704785489,0.226708603941165,0.767678290492944,-0.370281702344836,-0.416640719459369,-0.433845179637909,-0.713534013953022,-0.917734455370194,-1.34972461083057,-0.151415220449137,-0.611019470771741,1.37285536926462,-1.41503965148781,-0.288371529602239,-0.961299274358306,0.207529190044681,0.102796409725239,-0.994391424628807,0.299322753066192,0.194585485375557,0.402678669304647,0.738117843267285,0.723724330383386,0.53014060635586,0.872638442876987,1.17756246868398,1.10310629051276,-0.333979422149212,-0.826258750205395,-0.34476848053886,-0.229179716068034,-0.666693784445925,-0.69021633412253,-0.45072955583245,-0.302657597962493,-0.432129185345187,-0.44257322543477,-0.352941863045931,-0.246409607073759,-0.321263468856418,-0.445688830173635,-0.272093994394233,0.872294352169189,0.795140174306145,0.876396781320006,0.139036026194378,-0.220349445381496,-1.76910847928778,0.726172755495118,-0.444061083654919,0.569266126325109,0.223072592487436,-0.939194285838884,0.881892456169426,1.27253664374943,-0.800827005447445,-1.17821175605928,-0.600152808018174,-0.662904928792817,-0.760637999705362,-0.0746805851624468,-0.155092156561714,-0.253594384688952,-0.112941966464035,-1.65265881220558,-0.212278938005688,2.7840170433955,-0.286904425214791,-0.226875569169311,-0.197078848216383,-0.777628410332139,-0.082988629895916,-0.181647804660787,-0.411306131790581,-0.504578098615964,-0.260244635395451,-0.618564013678328,-0.391348688885798,-0.411754368021554,-0.0609873547032339,-0.375024355916575,3.14816917321302,-1.90644897969834,0.742239561078903,1.10310629051276,-0.115382978305131,-0.424861492610813,-0.722945859776196,-1.93670769117339,-1.02301435554381,0.247859743337919,3.71003986462407,-0.211005826876756,0.768203604771372,-1.55392088251396,1.20832969482963,-0.236728129982936,0.181079343040496,-0.391348688885798,-0.595936377798769,0.0435715764808665,-0.424861492610813,0.675943835122729,0.445891340166776,-1.78740340130023,1.29082593301289,-0.575803673781598,0.748376364209891,0.100102838577144,2.32407992805221,-0.883719295584461,0.0394141611302526,-1.39341290226583,-0.875509990372052,0.23063428834825,3.0313168319037,-1.56531543697313,-1.56531543697313,0.705667118525611,-0.130351673731295,0.288567385435518,-0.524905716995868,-2.14954910218944,-1.11075890620342,0.798631967738489,-0.826258750205395,-1.38501220832434,2.14958375143893,-0.798985963523397,0.492231312994358,1.267293489173,-0.14865780744537,0.888234856532939,-0.20666076843211,1.23141749956012,-0.450140894829368,0.511987598838842,-0.844839901037864,-0.838101809661048,1.87575537615196,0.223072592487436,1.59218233455465,0.0272941611820292,0.510966613656022,-0.319074498087268,0.347766031238483,-0.758696998706609,-0.35568405855027,0.802159030629787,-0.695793398648614,-0.619472066787389,-0.758443965028085,-1.42004470416301,-0.00652810323800724,-0.35364645738641,-0.845653115392282,-0.602729759433253,0.723150221859989,0.0977671503200851,0.364971944713428,0.517726140133124,0.872870783432771,-0.149937701058835,1.23819966399899,-0.744267573836537,-0.569295082344151,0.602028567618877,-0.611535701313945,-2.00114816083105,-0.708705024057152,0.188240128898148,0.189443387813436,-0.243685682371009,-0.351119333321313,0.682832724400303,0.12612488057673,2.04709683820722,-0.738257558223326,0.228635869181726,0.27330764431577,2.21436302662743,-0.499564470154296,3.17690455103642,-0.986987999991752,-0.0350159755825995,-1.18649910140954,0.182033724961094,3.20675843349157,0.726172755495118,0.357138159647056,-1.41286264102328,1.66588573341148,2.13212879271406,-0.760215534198803,0.692040522452799,-0.0977690742382896,1.06259659023327,-0.576901296561691,2.41256742763201,0.51197153032816,-0.000690227188266011,1.498290583672,-0.608816497610759,0.576640997688553
comm.and.crime_point_1950,comm.and.crime,regression,0.23,0.00724839201525723,anomaly,-0.651533235030286,1.56802290981872,1.59494025340284,-0.692630399267912,0.593315542651865,-0.220112613605818,-0.44849760935004,-0.40441055463925,-0.0271763465708762,0.251689308836056,0.022439077990719,-0.0176604331626889,1.60559770456134,0.682832724400303,-0.578534219371668,0.11943140555999,-0.44863454061095,-0.200409626554585,0.108666922041517,-0.215085234929352,-0.114868187284245,-0.533031194213599,-0.472248714197789,-0.471344704785489,-0.414341611199418,-0.0819631937635291,-0.421455927079768,-0.416640719459369,0.973054999939597,-0.0132359495005283,-0.308434369515615,0.0329370249239415,-0.58163965777976,0.0814626478570313,0.338588862534303,0.462560987204673,-0.573341710010043,0.697641581957593,-0.543980067872989,0.979699258889417,0.259617746176014,0.870197520750541,0.957085262150409,-0.1794909431453,-0.846227140861585,-0.730091762955347,-0.704148874918434,-0.850536385865668,1.11825455621509,1.16017042020929,1.1383543465738,0.695837017957058,-0.000690227188266011,0.135969587839005,-0.00294828920368394,-0.0450487366494222,0.0621704808792462,-0.557119685244521,-0.559068725059139,-0.569295082344151,-0.565868788773144,0.635156296765973,-0.503316572060594,-0.0387034149277808,-0.167221968720685,-0.602185097684464,-0.344648600652765,-0.655555707317298,-0.0639199300512947,-0.410865128456057,0.201813374029904,0.726172755495118,2.14791176266411,-0.616153556090535,-0.20888346424473,0.989443701813688,-0.282217262099776,-0.491156386462159,0.805122423512198,-0.548046173164703,-0.912061542959443,-0.878848277811454,-0.845653115392282,-0.576224968185445,-0.680708868864655,-0.69663215719134,-0.722114179256525,-0.649707912297875,-1.70741677914781,-0.74673578780763,0.297852737182101,0.0719288462359772,-0.672992913698949,0.445891340166776,-0.0278472343569434,0.566402014615565,0.194078202433754,1.04851264749172,-0.0140505928019747,-0.181987260430917,1.98040716487244,-0.411754368021554,-0.491156386462159,-0.138628602798245,1.66427891900851,0.58448334399507,-2.13763607090921,-0.323496951900488,-0.000690227188266011,0.277067099578957,0.703657382637049,1.6809242839585,0.246923518931679,-0.854968167441532,-0.735958731452675,-0.06328940132067,0.246029414243294,-0.4393285442876,1.11140862194038,-1.12168480637209,0.477363979273606,2.23006567579436,0.0435715764808665,-0.504578098615964,1.6809242839585,-0.749282268400272,-0.777628410332139,-0.580759143448198,0.723886084901063,-1.13966992969373,-0.496372568292438,0.889055645386725,-1.17994609083031,0.267215693943522,-0.567472613338656,-0.22930318399663,0.00542422998716656,0.886266145735984,0.186693280865528,0.592906797945366,0.682832724400303,0.760473546598372,-0.66116427567861,-0.0280406076086237,-0.409710691716343,-0.209368692507428,0.418307893223313,0.649747137552387,-0.0869550913836323,-0.541331503936429,-0.286904425214791,-0.908227461827405,1.83053133768859,-0.165584803405107,0.615566924868049,0.417298235895379,-0.8158329812246,-0.411754368021554,-1.44035650990991,0.0743013085560334,0.774599373008527,-1.60483112358495,-0.84200519593359,0.00709456412135369,-0.118733906464382,-1.73723049606509,0.510966613656022,0.481892202524582,-0.433845179637909,0.0464914919194661,-0.043039574199713,2.0637792929153,-0.0434666408647052,-0.576459764357761,0.511493909447407,0.669622812085821,-0.352113179076581,-0.472016707391195,-0.633115326174983,0.982048677088096,-0.493873574512357,-0.0598300184254683,-0.838532752471447,1.03312600205297,0.279314681750966,-0.333979422149212,1.06120832872116,0.541713286916744,2.76771381626956,-1.29141774757362,-0.569295082344151,-1.90326658079114,2.65413034622164,-1.56531543697313,0.632481160315823,-0.733827980135861,-0.00454386804312309,0.682832724400303,-0.333979422149212,-0.445688830173635,0.148795440142343,0.821714993870633,0.208622131821331,1.65278799100371,-0.343626531286471,1.26614746219524,1.53499425433132,-0.98037958715305,0.203092646994081,-0.235899778288672,0.957035039566971,0.726172755495118,-0.324530007231007,-0.0734685214771128,0.324222120103087,2.36886929272363,3.06037552883175,1.44953316445302,-0.571872999411319,-1.39376619704348,-0.838532752471447,0.972629611637952,0.956666418439536,-0.34476848053886,-2.19458968065222,2.13095588508166,-0.533031194213599
comm.and.crime_point_0491,comm.and.crime,regression,0.01,0.02041292063906,nominal,0.324222120103087,-0.867866213748302,-0.453822940289352,1.20088406273495,-0.629843707397574,0.804312163562517,-0.0654979378108623,-0.40441055463925,-0.284915395618803,-0.723488865413399,-0.337911430842786,-0.966397934507894,-0.343626531286471,0.682832724400303,2.33507257257324,1.70488605613666,-0.693603398154691,1.59663048744133,-1.04328333075373,-1.20546616133649,-0.651977225586244,1.98895106010947,1.4638240595344,1.34874332879867,2.0333046647919,0.0394141611302526,0.294983219209284,1.11274025679674,-0.433845179637909,-1.23875756229239,-0.636519031129619,-1.00405920189194,1.09145537628377,-1.15511256398006,1.14301836776899,-0.130365530277162,-0.00340134919443606,-1.06184114443806,1.17375537879597,-1.65100928860312,-0.310386422371632,-1.75582641059746,-1.7661282263312,0.532049694293523,1.57980111608575,1.40217184060813,1.49014353623587,1.44703005245787,-0.542366992913852,-0.152304562810898,-0.333979422149212,-0.869747200724323,-0.230075729421995,0.0446822618622457,-0.240000251790199,-0.442074950479027,-0.809759581530638,0.163856228721226,-0.0513105662033324,-0.10464827367642,-0.225185707609603,0.0621384592701477,-0.503316572060594,-0.343942476362171,-0.0623499430471371,1.28514859812821,0.98510497013263,1.14052652074023,1.91490064334401,-0.649009732299257,-2.23285479771547,0.726172755495118,-0.510521925868227,1.03312600205297,2.11288034069066,-0.29631495662136,-0.176389105893484,-0.319088773758589,-1.04789614836431,-0.0148291414846731,1.49409155515892,1.28058521237491,1.15220210325033,2.02268683475191,2.47299140495299,2.32407992805221,2.83920029553034,0.648228546406218,0.855676662810112,2.00517450710069,-0.286904425214791,-0.226875569169311,0.235570302222313,-0.288220510132573,1.40582904965634,0.666141990519079,0.446321675027228,-0.413219819433159,-0.555677486507623,0.429220194115458,-0.391348688885798,0.820624532664704,-0.878308515045191,-0.138628602798245,-1.40242760634748,-1.4912935924161,0.799837073718665,-0.380561081597017,-0.230075729421995,-0.910812056434499,-0.0381763034178386,0.601034142128082,0.0881812846222431,-0.689543980824615,0.488301751524978,-0.0140505928019747,0.663768766665756,1.3537113041635,0.33604003882639,0.530234322887664,-1.49786692894712,1.35626088756764,-0.504578098615964,-0.504578098615964,0.709023156311124,-0.835659608007726,0.396950550146819,0.0512926106647712,0.878506043477017,1.55883286645718,-0.352747691465246,-1.23504806525446,-1.22022225196689,0.760473546598372,-0.264029226104202,1.67560362771661,0.886358450346385,0.845289154649251,-0.856335354515137,-1.56531543697313,0.682832724400303,1.1441185431077,1.75698202208138,-0.597934995088079,-0.58250322963563,-1.17945889734843,1.80402468020379,0.252720923722782,-0.869747200724323,0.302349200451482,-0.286904425214791,-0.198157722851353,0.759891317933204,-0.728501275489362,-1.2949949059155,-0.733880170107544,1.52713706797728,-1.05076564985887,-1.53937807141797,0.42445034078228,0.643293485923684,-0.95606016564934,0.887478804484488,-0.478855999702333,-0.649707912297875,0.247859743337919,-0.350922141952573,0.588687762606162,-0.433845179637909,-1.56388548933269,-0.199361816374992,-0.34476848053886,-0.91323565124325,-0.576459764357761,-0.917186199337522,1.7841121540852,0.511849510519854,2.6450665427348,1.06718698756341,0.665092989783826,0.458579831344262,-0.375024355916575,-0.52457500537974,1.34236591920488,-0.462630445351289,1.32239606766418,-0.590710800538598,-0.649009732299257,-0.696016939253532,-1.39376619704348,-0.315851368525389,-1.16915473049179,0.471237211128387,-1.56531543697313,-1.13966992969373,-0.733827980135861,-1.34133494840186,0.682832724400303,-0.241958561604024,-0.649181537796562,-0.653776320283739,0.169327956712836,-0.244176455639738,-1.21124469067729,-0.265657561852559,0.825203518616504,-0.331272613867753,-0.845327642642986,-1.78203842215394,-0.932455617038282,0.113388766845247,0.726172755495118,-0.691582097088426,-0.464125139678079,1.05603863645312,-0.51147345739279,-1.61482142987669,-0.377360854488696,0.139282888348225,-0.216759028140039,-0.576901296561691,-0.697698254915155,2.38957216902064,-0.230075729421995,0.575070517590943,-0.91323565124325,-0.432151904040676
comm.and.crime_point_1788,comm.and.crime,regression,0.25,0.0272594760930182,anomaly,1.23899276554062,1.22003874930914,-0.453822940289352,-1.30344151604303,-0.590386957395979,0.271611279434983,0.269626774785918,0.154749376945913,-0.349350157880785,0.739278395960782,0.382789586824224,-0.0176604331626889,-0.343626531286471,0.682832724400303,-1.15170276860673,-0.0445811444996654,-0.938572255698432,-1.32355969780203,-0.0641256158777693,0.640243746967722,-0.651977225586244,-1.13830693525114,-0.943185334835349,-1.11372871663872,0.751204234510732,-0.567472613338656,-0.267933252874971,-0.580502966915381,-0.35568405855027,0.643293485923684,-0.449042081635903,0.427983206568087,-1.1074695256283,0.72448175801232,0.281129612160397,-0.0809549871536759,-1.08628803474409,1.25062186739623,-1.29548932579066,2.95273066950882,0.259617746176014,1.9548595793508,2.48208481570011,-0.438232993123054,-1.34133494840186,-0.923933908733845,-1.61843737956606,-1.26827573828813,-0.601674905382743,-0.152304562810898,-0.241958561604024,0.130487161211004,-0.230075729421995,-0.503041693998314,0.234103673382831,0.798631967738489,0.677650524933283,-0.260247250082155,0.0756289735106192,0.275517297051724,0.200668143844824,-0.0700964263058121,-0.0481838140501525,0.164789292695146,-0.219657981557459,-1.13299769963178,-1.35779417839402,-0.444251915781118,-1.78904555813951,0.446455445379464,1.94086206813374,-1.23321624918318,-0.311139399228302,-0.976933459434427,-1.72072966280731,0.116964612161334,-0.546787652615503,-0.147021161055019,0.640409661567619,-0.548046173164703,-0.778386370841756,-0.878848277811454,-0.930668231079202,-0.758604743830171,-0.967408893757168,-1.05911760742057,-1.00327058516075,-0.767702135816429,0.108107742239052,-0.642890116301655,-0.286904425214791,0.0719288462359772,0.0625106420468348,0.152246600047036,-1.02039235405845,0.416792050760294,-0.159062659197108,-0.504578098615964,-0.211005826876756,0.516535544764941,-0.391348688885798,-0.548685356986693,-1.13640993410055,0.0189685659473083,2.9008541308456,-0.838906555258306,0.569447023159616,1.50255519838847,-0.230075729421995,-1.34276811316667,-0.722945859776196,2.32885836905675,-1.65798329278156,0.137576952259974,-0.091611108832858,0.970725577571932,1.02929070003541,0.77218486682801,0.239118965937142,-1.06268769461281,-1.20158229271402,-0.391348688885798,-0.321861540250354,-0.0477867027019386,-1.1807845918921,3.09450934413146,0.641654500246602,0.568425864029928,-0.306913638938628,-0.0522135790060488,0.461126610555507,0.464234903258489,-0.857736801737663,0.102796409725239,-0.870916000573111,0.141095362725389,-0.728687620312182,0.927243136822718,-0.00294828920368394,0.682832724400303,-1.56531543697313,-1.26736429209379,1.16719024213992,0.351888984044347,-0.58250322963563,-1.35065128643802,-0.346225506490056,0.500862307366285,0.82630236951384,-0.69021633412253,0.297852737182101,-0.525882217763377,-0.685472708736566,-0.267933252874971,1.57084784025982,0.888234856532939,0.730527251248644,-1.27898396480077,0.886650185529367,2.91926219539429,-0.275847723670213,-0.484226741696171,-0.718470624475156,-0.424861492610813,0.176251652332003,0.799273698727645,-1.27027014793507,0.00131218215747174,0.425927152326122,-0.060866973497344,-0.277522937462631,-0.34476848053886,-0.521839596572905,-0.447422857068877,-0.440959496409212,0.251689308836056,0.281459459960805,-0.708757207400764,-0.803145557548822,-1.34229302980988,-0.864272121234376,0.0189685659473083,-0.838532752471447,-0.461533597514582,0.378240698697934,0.402187462212296,2.06415922862887,-0.649009732299257,2.42978886451121,0.243808994474351,-0.696016939253532,1.32682556052599,0.117254540572726,0.682832724400303,-0.736908318327921,0.781157303864591,0.540074720251176,-1.56531543697313,-0.241958561604024,-0.140449768739244,-0.273610749555595,0.821714993870633,-0.308861968134177,0.192692898382022,-0.343626531286471,-0.840584712680936,-1.03742764507821,-0.710275698132921,-1.58352531523914,1.7841121540852,-1.10521140486391,-1.23321624918318,-0.534274058578104,-0.519933227992503,-1.38334975138032,0.593315542651865,0.647370646917718,0.914832475982277,0.565976421003951,-0.984372399164023,2.24871842726367,-0.524905716995868,1.59900347904486,0.228695275045463,0.216040491892755,-0.782770299686468,-1.08786729016467
comm.and.crime_point_0412,comm.and.crime,regression,0.2,0.046967797230385,anomaly,0.446191539494759,-0.867866213748302,-0.296225771543798,0.162505164217251,0.159291292634322,-0.0971816403456179,-0.304872732522849,0.455835493953308,-0.220480633356821,0.112378141086133,-0.0376193401481986,0.0939557434661589,-0.499564470154296,-1.56531543697313,-0.244185898984547,0.0647605555401046,-0.840584712680936,-0.593512151491192,-0.00652810323800724,0.280105228274217,-0.114868187284245,-0.280832968781291,-0.315269840651936,-0.36428070280995,-0.356064318913911,-0.203340548657311,0.346157443944216,-0.525882217763377,-0.199361816374992,0.249375824669157,0.488342665832679,0.674887070095679,-0.58163965777976,0.229851673277482,0.0512926106647712,-0.624470961512025,0.851509192028974,0.396015971718339,-0.490300835164584,0.376828550089045,0.772621497868896,0.527672660139931,0.466906834223718,0.27330764431577,-0.895737921615612,-0.87547337228922,-0.841292150615578,-1.26827573828813,0.406559606588398,0.589529123243989,-0.0579168405136468,1.21769842418418,-0.115382978305131,0.501118891746045,0.37633485093474,0.252720923722782,0.472490510248604,0.503139011763931,0.371821232843173,0.275517297051724,0.328424299281152,-0.422722787841705,0.497975495562377,0.26653564650661,0.147394108299959,0.105565038245289,-0.0280406076086237,0.453789198247646,-0.977221733156823,0.0654240792303436,0.375718243440288,-1.23321624918318,-0.311139399228302,-0.0492137079787055,-0.910812056434499,-0.388154860795292,-0.176389105893484,-1.56657896585947,-0.0184413862106956,0.372965063373531,0.0682230525702607,0.0713024578705468,-0.0380095163665442,0.426863797860551,0.418307893223313,0.310271871223178,0.449370845344417,1.76917366983248,0.748881102728531,1.43402331381783,0.39531226424825,-0.226875569169311,0.322100132310052,0.690595290266559,0.0824355567210018,0.317052074856781,0.446321675027228,-0.504578098615964,0.872247960534541,0.0363011161927887,-0.391348688885798,-0.0922487271028942,0.584266192935153,-0.375024355916575,1.86213095290244,2.36372071806179,0.91503209899819,-0.209368692507428,-0.230075729421995,-1.99070219826491,0.703657382637049,-0.640839520976896,-0.335131340202921,0.744132303188673,0.874910325096869,1.56159127979628,1.13372553814103,0.287579502381766,-0.10010478917523,1.23819966399899,1.11931402444534,-0.391348688885798,2.96703651033063,-0.139144981884744,-0.586845013885375,-0.706093598596545,-1.56068105065144,-0.982973896065542,0.46618615394114,-0.414699029235275,-0.592122486177232,0.100102838577144,-0.414699029235275,0.541247834307328,-1.05298203291378,0.617322065653698,-0.239279720112616,-0.261089604692552,-0.145179466755593,-1.56531543697313,-1.56531543697313,-0.226042158711328,0.40046092821602,0.60517537847966,0.742239561078903,-1.17945889734843,0.65722458063374,0.351977477180183,0.0869987106920766,-0.0946770133781229,-0.286904425214791,-1.18133120758743,1.13461532484759,-0.830849724959226,-0.291949944754136,-0.315269840651936,-1.00327058516075,-0.137892390091274,1.08469330854548,0.905905260093369,0.249375824669157,0.282502572227728,-0.100797767182985,-0.20888346424473,-0.826699247575706,2.17780858720196,1.2004776181429,-1.17343897873991,0.113282667975565,0.0464914919194661,-0.35568405855027,4.013556061902,-0.956724101762177,-0.18934904249111,0.617322065653698,-0.653833281538438,0.972629611637952,1.93484504270609,1.23721721893725,-0.232948124244939,1.30520508099459,-0.296225771543798,-0.786206461289495,-0.358453625130612,-1.40242760634748,-0.241958561604024,0.530234322887664,-0.458494049224697,-0.696016939253532,-0.882023949694159,-0.400332606464976,-0.875509990372052,0.825219881684049,0.682832724400303,2.32407992805221,-0.377360854488696,-0.499651675583395,0.682832724400303,-0.241958561604024,-0.496562007079367,-0.653776320283739,-0.423751167976071,0.27330764431577,-1.04277217999017,-0.499564470154296,2.73596060745768,-0.482591549127137,-1.07041421682643,0.203092646994081,0.112378141086133,0.207127241592105,-1.23321624918318,-0.324530007231007,0.428804273352702,0.629145668582266,-0.669300457399169,-1.76563423499632,1.04850764809996,3.0313168319037,0.704377017088742,-0.472248714197789,-2.36802612146826,0.0178660990932967,0.458080777279193,-1.57910963659818,3.26165559857376,0.929718513293784
comm.and.crime_point_0483,comm.and.crime,regression,0.69,0.0103913623468259,anomaly,-0.468579105942779,-0.867866213748302,-0.217427187171022,-1.36452262772054,0.908969542664623,-0.343043586866018,-0.639997445119629,-0.576459764357761,-0.671523969190694,-1.00211120091324,-0.818378775954126,1.71239030458445,-0.499564470154296,-1.56531543697313,-1.2949949059155,-2.1220734452553,-0.840584712680936,-0.76198466217831,1.83659230123439,1.31550346951804,0.72063476118553,-1.1887465803376,-0.629227587743642,-0.524876705773258,-0.764005364912463,-0.688849968232438,-0.882023949694159,-1.18133120758743,0.0351215468879261,1.43112880843274,0.863296564820112,0.773648615506715,-0.677245088297676,0.576092732591868,-1.67248490055242,-0.82211313400597,0.224574795131807,0.044119426439209,-0.543980067872989,1.30853782732598,-0.823390174064514,1.21272238136115,1.33833515053783,-1.14977363056188,-1.53937807141797,-1.36007873673546,-1.5270085291013,-1.32049315734094,-0.957522380196087,-1.06533063795537,-0.0579168405136468,0.608860116919203,-0.34476848053886,-0.776903671928593,-0.382231429342107,0.00457954007927846,0.472490510248604,-0.726761076765874,-0.686008264773091,-0.696016939253532,-0.65103955906403,0.811469477533919,-0.548829847861638,-0.649181537796562,-0.691582097088426,-1.30993523361422,-1.42111577700285,-0.814033550969433,-0.571309820665477,-0.506122969993337,0.839464561867979,-1.23321624918318,-0.111756872588377,-0.461533597514582,-0.586845013885375,0.1628845642483,0.934806534272571,-0.706240902341621,1.38161709031822,0.372965063373531,-1.04573671507713,-1.00841428722264,-0.845653115392282,-1.35133901467553,-1.39745893109594,-1.26049841310347,-1.42500519401709,-0.118733906464382,-1.44042787894386,-0.279430266030745,-0.189444898148642,-0.226875569169311,-0.846052573874427,0.445891340166776,0.192718347798946,0.416792050760294,0.194078202433754,-0.139144981884744,-0.506438677988928,-0.531248663028845,-0.391348688885798,0.501118891746045,0.584266192935153,-0.296225771543798,-0.363704428404322,0.110020044243945,-0.697698254915155,-0.380561081597017,0.228695275045463,-0.478855999702333,-0.266432822203958,0.00709456412135369,0.0881812846222431,0.90955648980559,0.488301751524978,-0.407961060951538,-0.798318966812861,0.287579502381766,-0.293946934953727,2.06415922862887,-1.20158229271402,3.7696264931462,-0.504578098615964,0.134929855663671,0.709023156311124,-0.533338919381635,1.22894398048608,-0.638218393822105,-0.873853487050458,-1.17994609083031,-0.44849760935004,-0.264029226104202,-0.978565285147405,1.63737639576255,0.0394141611302526,2.20474440874806,0.641654500246602,-1.94114623924862,0.044462103313619,0.682832724400303,0.682832724400303,-0.390461442929611,-0.0123933177430025,-0.15468380482628,0.511849510519854,-1.17945889734843,-0.632925531382569,0.302349200451482,2.87025954390342,0.10383609353668,-0.286904425214791,-1.72753869910747,-0.0966206978711041,0.346157443944216,-1.00841063129797,1.04521373007879,-0.8158329812246,0.0446822618622457,0.193499254972986,3.05056808247913,0.293144453697438,-0.720143453672756,0.187449566220028,0.763017663402644,-0.767702135816429,-1.79237189160407,0.108751861038678,1.49645002329959,-0.35568405855027,0.100170724627871,-0.35568405855027,0.114002523928599,-0.956724101762177,0.0687247720866572,-1.02301435554381,0.182033724961094,-0.00652810323800724,-0.669300457399169,-0.760637999705362,1.03487462497214,-0.282217262099776,0.0189685659473083,-0.419922423015838,-0.358453625130612,-0.808871504665675,-0.333979422149212,-0.649707912297875,-0.315607286918777,-0.062407654706626,-0.779675500224294,-0.696016939253532,1.47364793058586,-0.708705024057152,0.682832724400303,-1.13966992969373,-0.733827980135861,-0.549162456337422,-1.56531543697313,-0.333979422149212,-0.547435183985099,0.402239153961105,-1.19475403007165,-1.14977363056188,-0.874299669303055,-0.499564470154296,-0.203665683067209,2.89686467166578,-1.11543153166311,-0.293190120292925,-0.235899778288672,-0.495911319009332,0.726172755495118,-0.00991393021036301,-0.743165581250199,-1.38334975138032,-0.708757207400764,0.245203166598712,-0.689269589429965,0.328924458417437,0.192634769739419,-0.315269840651936,0.511849510519854,-0.476239332141566,-0.34476848053886,-0.809759581530638,-0.521839596572905,0.0722445468239389
comm.and.crime_point_0471,comm.and.crime,regression,0.22,0.0216395868883338,anomaly,1.48293160432397,-0.867866213748302,0.334162903438415,-0.814792622622935,-0.590386957395979,0.517473225955383,0.41325165161311,-0.40441055463925,-0.54265444466673,0.182033724961094,-0.0976777582871161,-0.129276609791536,0.358094193618742,0.682832724400303,-0.387478036293313,-0.153922844539436,-0.399640769102202,-0.425039640804075,-0.179320641157294,0.910347635987851,0.123846940849976,-0.432151904040676,-0.262943549469985,-0.36428070280995,-0.356064318913911,-0.506783935891765,-0.626152826019497,-0.0889162245473447,0.113282667975565,0.0305326795277526,-0.542780556382761,-0.312728384014686,-0.725047803556634,0.130925656330515,-0.121085140456948,1.4507718496744,-1.08628803474409,0.446286906758215,-0.758696998706609,2.29505353263568,0.0886164956117204,1.9548595793508,2.15529919708232,-0.696975043100807,-0.94524870236964,-0.730091762955347,-0.795577725383197,-0.746101547760053,-1.37267776747832,-1.29358715674149,0.0341040200315418,0.217464062248858,-0.000690227188266011,-0.411754368021554,-0.192589859272896,0.252720923722782,0.421200506577434,-0.345067945842831,-0.220563285821935,-0.10464827367642,-0.0548441670278318,0.370686525614054,-0.184723641453285,-0.343942476362171,-0.429402032904556,-0.779122631666902,-0.787899790914564,-0.232948124244939,-1.28165566752533,0.160681920767624,1.12930601088529,-1.23321624918318,0.220547338478165,0.0538662644052637,-1.23477909898362,-0.0667151961865298,-1.02301435554381,0.111080258000336,0.0227368042754491,-0.208726243913775,-0.199127291665113,-0.231018230755544,-0.123024632053464,0.0165093026599163,-0.0595254815975429,-0.13276590127921,-0.112941966464035,-0.236728129982936,0.0547099621982618,0.135952419993153,0.980069426645142,-0.0276726255657857,-0.110549018128644,-0.386102090172486,-1.07553374959742,-0.331257768516057,-0.51220352082797,0.226288134846476,-0.161767018358061,0.167274142167012,3.06226071220076,-1.05076564985887,0.584266192935153,0.176565734692862,1.31803785969412,-0.30513534303829,-1.21607586867302,0.988978031119698,0.114002523928599,1.30296273431785,-0.323496951900488,0.49304512794504,-0.493873574512357,-0.303554212051806,1.26151889866876,-0.112528209839365,0.0893771570848711,-0.4393285442876,-0.293946934953727,-0.000739682945828393,0.576125524684642,-0.391348688885798,-0.230503261067549,-0.139144981884744,-0.20888346424473,-0.706093598596545,0.886358450346385,-1.32772939830898,0.569266126325109,0.43110035463292,1.51437570728825,-0.385406580997984,1.15607125509137,0.705667118525611,-0.0212745163166381,-0.917186199337522,0.739536080286516,-2.67873207880982,-1.28302888717086,-1.56531543697313,-1.56531543697313,1.1441185431077,0.577398462198459,0.351888984044347,-1.56166094451159,-1.17945889734843,1.70845800523962,-0.64058805739383,2.0439789840438,0.10383609353668,-0.286904425214791,3.35219097202891,0.278103309043281,-0.0632363539352424,-0.769590402450023,-0.472248714197789,0.496230246328455,3.01152035610694,0.837139404775339,-0.232079094641932,-1.01991441715099,1.46208613211065,0.928656994970632,0.49304512794504,-0.0597367947051054,0.523566721032782,0.281129612160397,1.71004114346275,-0.277522937462631,-0.00718774078893893,-0.35568405855027,1.49031553733097,-0.869747200724323,-0.447422857068877,0.723150221859989,-0.444866529913555,-0.467308204356106,0.47494529264708,0.642111409128814,-0.814033550969433,0.194009440828534,0.491760072183968,-1.41412195547291,-0.564613569898551,-0.660482479245224,-0.333979422149212,-0.295725241742213,-0.410865128456057,-0.569295082344151,0.243808994474351,-0.653776320283739,-1.36491789057162,-0.649707912297875,0.682832724400303,2.28380376691563,0.469248568923321,0.63909628175923,0.6153882795591,-0.333979422149212,0.978760123186855,-0.653776320283739,0.703099168932851,-0.502918505617492,2.60746555156404,-0.0317506535508209,0.972184833142749,-0.23039332369483,0.865330321151163,-1.98055152906875,-0.444866529913555,1.28511970118097,0.726172755495118,-0.7440181099252,0.540420449981549,0.324222120103087,-0.314189707384816,0.948996257156972,0.825715694570486,-1.28302888717086,-1.64963732071814,-0.419922423015838,-2.02244104562969,1.7966456515388,-0.230075729421995,1.34442057265849,-0.43486269553505,-0.331272613867753
comm.and.crime_point_0024,comm.and.crime,regression,0.63,0.145339735740209,anomaly,-0.590548525334451,-1.56383453476745,0.412961487811192,-0.203981505847819,-0.550930207394384,0.558450217042117,-0.304872732522849,-0.361398252209622,0.166127940215069,-0.0965886105387498,-0.157736176426034,0.205571920095007,0.514032132486567,0.682832724400303,-0.674062310910845,-0.208593694559321,0.727215975599007,-0.0319371158674677,0.511849510519854,0.415157172784282,-0.532619661519134,-0.633910484386522,-0.52457500537974,-0.631940707748796,-0.764005364912463,-0.81022732312622,-0.626152826019497,-0.908227461827405,0.347766031238483,0.249375824669157,-0.120957420021899,-0.0658245204870952,-0.438231512002885,-0.165852394510387,0.166211111412584,0.166097728463756,0.167580759050246,0.245203166598712,-0.597659300581394,0.102796409725239,-0.253386005516867,-0.0432021075444176,0.0311926760666601,0.0145655943380156,-0.103565429551178,-0.0516442527306052,-0.704148874918434,0.402681671401718,1.0589466437462,1.04604216081623,0.12612488057673,0.0435102601731493,-0.115382978305131,0.774980869676324,1.08749073869428,1.09640162811069,1.08797055430264,-0.302657597962493,-0.305189645631236,-0.315851368525389,-0.352941863045931,0.591078001573987,-0.275750193055373,0.012169761977951,-0.0623499430471371,-0.189330851725441,-0.0913622062174521,-0.285774072128984,0.392730971501469,-0.315607286918777,0.375718243440288,-1.23321624918318,0.0876256540515485,0.414646167749156,0.331061606670478,1.12720355807459,-0.017646871584048,-1.30847754680412,0.310984137678462,0.0336451341226025,-0.956619933665339,-0.965225617418908,-0.930668231079202,-0.940984519474898,-0.967408893757168,-0.978565285147405,-1.00327058516075,-0.295725241742213,-1.33363231886228,0.135952419993153,0.200393210115953,-0.127274097367549,-0.54319816856734,0.543772920206689,0.247859743337919,0.466662038712051,-0.0581652701597183,0.865796089126112,-0.555677486507623,-0.400275637054622,1.93879741305212,0.820624532664704,-1.05037612774876,-0.0598300184254683,-1.05618654703309,0.465867519057289,-0.352113179076581,0.589529123243989,-0.34476848053886,-1.55874614153275,0.817785642030109,0.655028649219603,0.194009440828534,-1.07553374959742,0.101693177953087,-0.654155103545014,-0.171709938179167,-0.778552299399972,-2.57159214785108,-0.177731018223659,1.31683711526742,-0.391348688885798,0.317646414029282,-0.413219819433159,-1.77472416989883,0.675943835122729,-0.288220510132573,1.02809986702118,0.620806112517094,-0.414699029235275,-0.544247527234835,-0.0819631937635291,2.00187063895957,0.0479899816524777,0.160791516024035,2.04600217443863,-0.0435165600327901,0.804312163562517,1.04008034617698,-1.56531543697313,-1.56531543697313,-0.500074299075133,0.40046092821602,-1.35779417839402,1.03022712427771,0.760721512333579,0.513874568187483,-1.03761427122343,-0.173931992421487,-0.0946770133781229,-0.286904425214791,-0.689744465219389,-1.27432471960203,-0.728501275489362,-1.2949949059155,-0.576901296561691,0.0276362364880784,-0.320467042044794,-0.103565429551178,2.00012098580039,-0.582228126868179,-0.602185097684464,-0.100797767182985,0.385056113761999,1.06120832872116,-1.46152351837023,0.740803615151647,-2.13459901947413,-0.35568405855027,0.207529190044681,-0.35568405855027,-0.115382978305131,-0.391374245016123,-0.576459764357761,1.83434586202605,0.878589563710704,1.14542214955724,-0.472016707391195,-0.675622884018443,-0.655555707317298,-0.652615808821794,0.176565734692862,0.574277109441232,0.0538662644052637,1.02125980885322,-0.333979422149212,-0.708705024057152,1.01800249460314,2.26082638863203,2.90486868069083,1.83842019893409,-1.41385868059157,1.59218233455465,-1.56531543697313,0.95469044940847,-0.3328024637828,-0.549162456337422,0.682832724400303,-0.241958561604024,0.0630429388836828,-0.231370130585801,-0.601674905382743,-0.308861968134177,0.81042543756812,-0.499564470154296,-0.00769059703221596,-0.280832968781291,1.18045152500798,0.94751679792459,0.739278395960782,0.160258004218676,0.726172755495118,-0.376966020067782,-0.0734685214771128,1.17800805584479,-0.708757207400764,0.396015971718339,1.85055868080609,-0.856335354515137,-1.08672084863389,1.41149776835245,-0.524905716995868,-0.328007702771107,-0.34476848053886,0.472490510248604,0.0869987106920766,-0.0286347433489841
comm.and.crime_point_1928,comm.and.crime,regression,0.08,0.016329173104627,nominal,0.324222120103087,1.56802290981872,-0.296225771543798,-0.0818192824927953,-0.472016707391195,0.640404199215584,-0.0654979378108623,-0.361398252209622,-0.284915395618803,0.530311644335899,0.0824974961296363,-1.52447881765213,-0.265657561852559,0.345610500194289,0.94991524525517,1.70488605613666,-0.301653226084705,0.58579542331863,-1.67685596979111,-1.1604488464998,-1.54715895608958,0.828839223120861,0.783582274169036,0.652827315957665,0.926036111367255,1.61731977474942,0.243808994474351,0.730395012732716,-0.433845179637909,-1.06368304617927,-0.964603692743623,-1.05343997459746,0.565625508435234,-0.907797521612643,1.88998862262977,-0.0315444440301896,-0.858311890417847,-0.659673664119051,0.529604586295112,-0.226042158711328,-0.0823847549525736,-0.499901921691897,-0.404521482090398,0.402678669304647,1.03518252779145,1.11140862194038,0.89585600821491,0.768203604771372,-0.838906555258306,0.0759519559752211,-0.333979422149212,-0.695793398648614,-0.230075729421995,0.181613250827385,0.281514065900134,0.351977477180183,0.216040491892755,0.163856228721226,0.202568513224571,0.191036059112137,0.115497373553939,0.238451640038094,-0.184723641453285,-0.547435183985099,-0.48183804574133,0.164544216239436,1.68164255482974,-0.866859498853478,-0.165397908174131,-0.601380811530617,0.549623112850672,-1.23321624918318,-0.311139399228302,0.156946236789233,-0.748828535159937,-0.571834669143156,-0.493873574512357,0.842367611990508,-0.883183386419734,-0.548046173164703,0.825715694570486,0.762321174730183,0.514588735598435,1.65792728346245,1.03949128049042,0.713033482588985,0.871105454200756,-1.29867614164992,1.38965446321801,3.09555405791342,-0.286904425214791,-0.226875569169311,0.192305387178444,0.00542422998716656,0.0272941611820292,-0.381127756467814,-0.00771657564102366,0.226288134846476,-0.851110337619796,-0.400275637054622,-0.391348688885798,-1.32462762778915,0.197114064352121,0.255364319065638,3.14816917321302,1.47410203102843,-0.928088305474204,0.646593252940519,0.916851781746651,-0.100894450061688,-1.40771541613455,0.709023156311124,-0.440959496409212,2.2880913782799,0.746040800572905,-0.506438677988928,0.402681671401718,0.0937373566032682,0.0937373566032682,-0.531713688779321,-0.164586065898132,-0.391348688885798,8.53989154048173,-0.321861540250354,0.0610890712128745,-0.187829560951817,0.690595290266559,-2.4194551554132,0.00232627821327909,-0.938289124010825,-0.256997773580451,0.646300935599162,0.95469044940847,-1.21255786402103,0.221480193470925,-1.02301435554381,-0.337161300152529,0.927243136822718,-0.761514569480531,0.6153882795591,0.480499389876695,-0.116429302565806,-0.0123933177430025,-1.29447257978519,-1.73445348243088,-0.0381763034178386,0.800574593079997,-1.38501220832434,-0.782770299686468,0.451234030637584,-0.0919853710824933,-0.0342954753953406,0.813423318920973,-1.29141774757362,0.185690512941751,-1.1001642083812,0.683667850264606,3.1028076820837,0.391542377989094,-1.01991441715099,1.03721114717821,-0.484226741696171,-0.965539767392024,0.00709456412135369,1.88716789335104,-1.02039235405845,1.2004776181429,-0.158881157964898,0.504088273413761,1.442151542338,0.347766031238483,-0.34476848053886,2.56584039027093,-0.361398252209622,1.94017401823234,0.112378141086133,0.281459459960805,-0.35364645738641,0.0895131571638354,1.35183031227641,-0.282217262099776,-0.296225771543798,-0.472248714197789,0.981586015860986,-0.215315402983871,-0.333979422149212,0.943214105202603,-0.649009732299257,1.20481091438719,-0.0632363539352424,2.21858576966224,-0.337161300152529,0.353242987609834,-1.56531543697313,-0.454975190371856,-1.04573671507713,-2.92567993253073,-1.56531543697313,0.678250043847861,-0.59830836089083,1.66945772305492,-0.30513534303829,1.17890481923791,-0.0880946194298402,-0.499564470154296,-0.840584712680936,0.929718513293784,0.46017448762097,-0.193933566835524,0.112378141086133,0.207127241592105,0.726172755495118,3.92278703254769,-0.352508963049232,0.812099797669774,-0.274732957383221,-0.408318988919673,-0.511036026606383,1.3245427012808,0.346157443944216,-0.9955116260173,-0.179320641157294,-0.772702590882484,-0.34476848053886,-1.42523962558467,-0.478351146053977,0.274003127169785
comm.and.crime_point_1130,comm.and.crime,regression,0.38,0.294704372804611,anomaly,0.446191539494759,0.176086267780421,-0.296225771543798,-0.692630399267912,-0.274732957383221,0.59942720812885,-0.592122486177232,-0.490435159498505,-0.478219682404748,-0.166244194413711,-0.337911430842786,0.484612361667126,-0.499564470154296,-1.56531543697313,-0.674062310910845,-0.864643894797944,-1.18354111324217,-0.200409626554585,0.569447023159616,0.325122543110906,1.07870745338686,-0.482591549127137,-0.52457500537974,-0.685472708736566,-0.414341611199418,0.160791516024035,2.29077798387164,-0.853606712675401,-0.199361816374992,0.336913082725718,-0.0740881826484698,0.329221661157051,-0.725047803556634,0.576092732591868,-0.638218393822105,1.05548750468651,-0.00340134919443606,1.40143467251585,-0.866055464123419,0.760473546598372,-0.0253843380978089,0.0709728459924523,0.357978294684454,-0.050119918156423,-0.40063011407534,-0.10010478917523,-0.475576748756528,0.141594576137679,-0.0679036931627271,-0.152304562810898,-0.149937701058835,0.565371666400276,-0.34476848053886,-1.46155861675429,-1.47267045724008,-1.43464048505304,-1.57910963659818,-0.769171424646212,-0.728321444677741,-0.738257558223326,-0.736210329354915,0.635156296765973,-0.45780329625955,-0.343942476362171,-0.429402032904556,-0.602185097684464,0.0986025896090331,-0.972511394621568,-0.165397908174131,-0.553751890761977,0.259781663833366,0.726172755495118,-0.311139399228302,0.517726140133124,-0.478855999702333,0.530244180944028,0.934806534272571,-2.12579870714607,0.805122423512198,-0.887366102415632,-0.778386370841756,-0.749282268400272,-0.760637999705362,-0.667414856007808,-0.776275543828826,-0.817460640601083,-0.8158329812246,0.530234322887664,-0.906450078535958,2.47248002887758,-0.286904425214791,-0.226875569169311,-0.672992913698949,1.47364793058586,0.358142534415864,1.16484187003665,1.10215470377026,-0.413219819433159,0.0351882157167206,-0.531248663028845,-0.391348688885798,0.135969587839005,1.01443522469408,-0.296225771543798,-0.0669263775634199,0.347251694119508,-0.236918153797056,-0.951202378562316,-0.34476848053886,-1.61274064862427,0.190080215368281,0.925001184677206,-2.02838183950358,0.247859743337919,-0.993697780500602,0.724531534978455,-0.0150576810207445,-0.342407471398352,-0.487789080732225,1.17920255223971,0.131698570334978,-0.391348688885798,-0.504578098615964,0.0435715764808665,0.115083578304395,0.200868467281728,-1.6096218406714,-0.0636258900830415,1.29082593301289,-1.01884144628399,-0.496372568292438,0.464234903258489,-0.213318223552372,0.541247834307328,0.160791516024035,0.0352672065190975,0.984240030386299,0.558450217042117,-0.998566532067046,0.682832724400303,0.682832724400303,0.924892830816656,-1.01503934364349,-1.10450778395871,-0.294515666436819,0.760721512333579,0.466091230705398,0.203092646994081,-0.652304948129686,1.3941712884829,-0.286904425214791,-0.416640719459369,0.438699312006588,-0.574978601284565,-0.196421853214959,0.155666779985624,-0.8158329812246,0.272900576804145,0.243010035727013,-0.976145788122707,-0.757302642981302,-2.66645632747958,0.228627756706173,0.655028649219603,-0.767702135816429,-0.965250958519477,2.06236637375149,0.268301082361422,-0.199361816374992,-1.13445162766544,-0.199361816374992,-0.34476848053886,-0.782770299686468,-0.576459764357761,-0.22930318399663,-0.584177697663477,-1.04328333075373,-0.590386957395979,1.23721721893725,-0.180122176360894,-0.176389105893484,-0.296225771543798,-0.943185334835349,-0.152293680362675,-1.50135362329445,-0.241958561604024,0.23524876409128,3.87573774072154,-0.738257558223326,-0.4726301518147,-0.146888892646214,-0.19033893009266,-0.649707912297875,-1.56531543697313,0.833861965998727,-0.288244073076904,-1.2423133868938,0.682832724400303,0.862291764938238,2.35233589964161,-0.738257558223326,0.525175431526179,-0.373547480628615,0.922740444692865,-0.343626531286471,0.531240889564015,-0.986987999991752,-0.620241068459545,1.14602990483939,-0.235899778288672,0.675819615326396,0.726172755495118,1.93021854475028,3.21920868907389,-1.38334975138032,-0.35364645738641,0.49655784179809,0.38013178751153,-0.524462606894016,-0.779675500224294,-1.30946937310901,0.108666922041517,-0.0809549871536759,-0.230075729421995,0.882810539617961,-0.608816497610759,0.374882417342708
comm.and.crime_point_0688,comm.and.crime,regression,0.62,0.0284605204127077,anomaly,-1.38334975138032,-0.519882053238727,0.0977671503200851,3.27764185977035,-0.629843707397574,-3.08850198967716,-0.209122814638054,3.6817581761754,1.32595366093074,1.85376773796016,1.28366585890799,-1.58028690596656,0.202156254750917,0.682832724400303,-0.769590402450023,0.392785655659416,-0.301653226084705,-2.39055226548711,-1.3888684065923,1.58560735853817,-1.66651652015669,-1.13830693525114,-1.46644824665486,-1.43492072256534,-0.297787026628403,-0.324717903551093,0.0902863202695546,-0.798985963523397,0.504088273413761,1.47489743746102,3.20675843349157,3.04516415996056,-1.44208853244101,2.6040760800047,-0.408381392326479,2.8836776002555,-2.28316279245686,3.06037552883175,-2.10067781641674,-1.15775143594827,1.91262983496419,-0.100289584312853,-0.622378561168927,3.31352673155438,-0.598673237091449,-0.778552299399972,-0.704148874918434,-0.276144776284783,-1.37267776747832,-2.2636773615825,0.586229183302673,2.65281729130878,2.17847204403216,0.409831565769285,0.70820759855586,0.798631967738489,1.03668055063147,3.4718633633876,3.46068336588266,3.44356371978626,3.47974280004391,-3.46412515608878,3.86595790483965,3.72591167609637,3.92278703254769,3.17248229394089,3.20136092144162,3.14791254033394,-2.55013039406079,3.87573774072154,2.81038641518566,-1.23321624918318,-0.311139399228302,0.672346098709078,-2.4766527620886,0.254724468422232,-0.758443965028085,-0.405122580110374,0.887478804484488,3.66921580466826,0.647482131746904,0.632755165319001,0.514588735598435,0.563648629594096,0.322741218259141,0.229719548950016,0.121355038456154,2.2411505639067,2.61780340415618,-1.21404130958451,0.200393210115953,-0.226875569169311,3.39390910042479,-1.6096218406714,-0.524119794207697,0.566402014615565,-0.259960048234497,-0.504578098615964,3.77733766313757,2.78673466165148,-0.391348688885798,3.1028076820837,-0.0609873547032339,7.34723691261554,1.26857485122064,-2.20298854204279,1.26061717483676,0.24714434506481,-0.34476848053886,-0.424861492610813,0.30420847476134,-0.532850506793854,-1.07592843364696,-0.910109562980505,-0.284915395618803,-0.752632720582405,1.44703005245787,0.723724330383386,-0.4393285442876,0.23524876409128,-0.609013020247796,-0.391348688885798,-0.230503261067549,-0.413219819433159,-0.154888957153209,0.719132504926456,-0.826569200352095,-0.523299893074292,0.260026209173202,-0.898012962874244,-0.544247527234835,-0.81022732312622,2.32407992805221,0.486441406234567,0.889055645386725,-0.335131340202921,-0.826569200352095,-1.03965243534049,0.423745243452043,0.165758647284414,-0.216426540149069,-1.8154285728214,-0.897080987655194,-0.787899790914564,-0.179320641157294,-1.00826650825885,-0.824058881310911,-0.888729441037333,1.04374462210848,-1.28575565486694,-0.286904425214791,0.23880827036468,-0.310748701822181,-0.984372399164023,0.806623107946404,-0.315269840651936,-0.956411184176713,0.181613250827385,0.490563939497149,-0.888608530066145,0.511987598838842,0.69535681818675,0.516875090109185,0.763017663402644,-1.3576732534092,0.6889909076497,-0.00616663970913513,-0.0520855978833183,-0.121200695287352,-0.382942369747774,-0.121200695287352,-0.115382978305131,-0.608816497610759,3.6817581761754,1.41103323720088,-0.0965886105387498,0.68464204843914,-0.51147345739279,-0.335562421270764,-0.338600020013028,-0.811358043131231,0.0189685659473083,-0.681553878925593,0.00232627821327909,-0.116389386036903,-0.241958561604024,-0.708705024057152,-0.125091603844216,-0.358091987495182,3.46778515277508,-0.696016939253532,0.788476870306472,-0.531713688779321,0.682832724400303,-0.69663215719134,3.27642718339475,1.6788226775938,0.682832724400303,1.1383543465738,1.18225283080978,-0.358091987495182,1.11825455621509,-0.696975043100807,0.305007905506768,-0.343626531286471,3.47086718008891,0.526201352602092,-0.440171809112793,-1.53389703851044,-0.375210946038594,0.722688852699825,-1.23321624918318,-0.324530007231007,-0.854781757879046,1.17800805584479,1.54027754269014,1.35116373747598,0.023664661864365,-0.192589859272896,-0.4726301518147,-0.00131209356022966,-1.21607586867302,0.166097728463756,-0.230075729421995,-1.11749960355766,2.26142123663844,0.980158158380245
comm.and.crime_point_0770,comm.and.crime,regression,0.24,0.0133684811062859,anomaly,-1.38334975138032,-0.519882053238727,-0.217427187171022,1.20088406273495,-0.629843707397574,-1.16258340860069,1.17925099469147,2.17632759113842,0.359432227001014,0.0427225572111723,-0.157736176426034,-0.129276609791536,-0.499564470154296,-1.56531543697313,-0.912882539758789,-1.08332729487748,0.629228432581511,-1.09892968355255,0.454251997880092,3.07117874814888,0.00448937678286525,-1.03742764507821,-1.04783791719925,-0.846068711699873,-0.938837241768986,-0.0819631937635291,-0.882023949694159,-0.96284821097941,0.113282667975565,1.78127784065899,2.22250444864956,1.51436020608949,-0.868455949333508,2.6040760800047,-1.5001071494307,-0.920934220252943,0.851509192028974,-0.0564224436405426,-0.651338533289799,0.267215693943522,0.259617746176014,0.870197520750541,0.630299643532615,1.30827584422678,-0.846227140861585,-0.778552299399972,-1.16129312724225,-0.537231871548822,-0.660982817851633,-1.00826650825885,-0.0579168405136468,0.869790820032767,-0.000690227188266011,0.638049880711185,0.897849168625072,0.798631967738489,1.03668055063147,1.52098736089205,1.55659027017339,1.37377339026636,1.47822969820811,-1.56875846283336,2.40953307920623,1.89447730749003,1.82534651907673,1.04923188615163,0.288567385435518,1.88008979111686,-0.875743755033986,2.20872551381914,0.491654823047211,-1.23321624918318,-0.37760024144161,0.517726140133124,-0.532850506793854,-0.204475052447428,-0.652615808821794,0.928401418342293,0.434518709136896,0.0336451341226025,-0.511036026606383,-0.576527589185363,-0.590607768331523,-0.530630024274263,-0.585142193900484,-0.69663215719134,-0.534676575320374,1.35619388751754,0.481892202524582,-0.487121609042694,0.39531226424825,-0.0276726255657857,1.18739843318744,-0.239279720112616,-0.854968167441532,0.117572123049754,0.496770369545922,-0.321861540250354,-0.06328940132067,-0.618564013678328,-0.391348688885798,-0.959478323882113,0.111080258000336,-0.296225771543798,-0.215315402983871,0.58448334399507,-0.985685818113966,1.16017042020929,-0.115382978305131,1.51894076268393,-1.29358715674149,2.32885836905675,0.299837597034825,0.854415094266617,3.71003986462407,-0.851110337619796,-0.0150576810207445,-1.65084195540321,-0.536249617176849,1.23819966399899,1.06993325173982,-0.391348688885798,-0.139144981884744,-0.504578098615964,-0.26287797133625,-0.61971625898909,0.543772920206689,1.08555911739508,-1.95619319708213,-0.65635599605476,0.221751815843521,-0.567472613338656,0.229719548950016,-0.0616228744930443,0.706989613046053,-1.07592843364696,-0.0435165600327901,0.927243136822718,-1.70972241982659,-1.56531543697313,0.682832724400303,-1.87023500089416,1.4031069541165,-1.35779417839402,1.14542214955724,0.36127260445787,-0.72849220634674,-1.38501220832434,0.0869987106920766,1.14602990483939,-0.286904425214791,-1.23595195673943,0.117507306079973,1.01142236549834,-0.578534219371668,0.312645653531477,1.99573107781766,-0.457398031009934,-0.598673237091449,0.293144453697438,-0.713534013953022,-0.720143453672756,-1.04789614836431,0.00709456412135369,-0.236728129982936,1.35068765411737,0.85572211589946,0.855676662810112,-0.35568405855027,1.4958307750464,0.191443789063205,-0.115382978305131,0.260952512767785,3.42368436159763,-0.282217262099776,2.48066799283481,0.0510694094017551,-0.669300457399169,-0.845653115392282,-0.655555707317298,-1.23467066795639,-0.453822940289352,-0.419922423015838,-0.873853487050458,-0.660482479245224,-0.241958561604024,-0.0597367947051054,3.87573774072154,-0.484813844404564,-0.574978601284565,0.655682867779868,-0.288220510132573,0.412240099369111,0.682832724400303,0.310271871223178,-0.956619933665339,0.342031597235068,0.682832724400303,-0.333979422149212,-0.343942476362171,3.44356371978626,0.762407081401742,-0.114805430650861,0.473480416193885,-0.499564470154296,-0.44863454061095,0.223563482083323,1.4955727288648,-0.590959780665129,0.0427225572111723,1.42572741330126,0.726172755495118,0.147394108299959,0.540420449981549,0.690130378278102,-0.550930207394384,0.747912516997469,0.469248568923321,2.13051937407495,-0.216759028140039,0.364971944713428,-0.985685818113966,-1.26680802211735,-0.34476848053886,-0.0404095264630932,-0.91323565124325,3.14906289709809
comm.and.crime_point_1270,comm.and.crime,regression,0.31,0.0997161578788639,anomaly,1.17800805584479,0.524070428289996,-0.217427187171022,2.72791185467274,1.34299379268217,-1.20356039968742,-0.44849760935004,0.41282319152368,2.8723879552183,3.52550175095922,3.98629467515928,-1.35705455270886,-0.499564470154296,-1.56531543697313,-1.24723086014591,0.283443955619646,0.972184833142749,-0.874299669303055,-0.985685818113966,0.415157172784282,-1.12940748185469,-0.886108709818829,-1.1001642083812,-0.899600712687643,-0.822282657197971,-0.870916000573111,-0.933198174429091,-1.23595195673943,-0.043039574199713,2.17519550191351,0.0665195294718176,0.378602433862569,-0.103612505190179,0.823407774959287,-2.64929215690883,-1.46445019461129,0.50954497553961,-0.860757404278554,-0.00718774078893893,2.95273066950882,2.02663066867372,-0.556989398460331,1.66512076915563,-0.1794909431453,-0.895737921615612,-0.827012835844596,-0.795577725383197,-0.537231871548822,1.35548620609065,0.931913901423168,-0.149937701058835,1.21769842418418,-0.230075729421995,-0.00096140112613429,-0.192589859272896,0.500862307366285,1.08797055430264,-0.260247250082155,-0.347502825535886,-0.146888892646214,-0.0548441670278318,-0.114174721497799,-0.00267053824910844,-0.0387034149277808,-0.429402032904556,-0.897080987655194,-0.787899790914564,-0.391425967897073,-1.89052353626235,0.684600049222664,1.47711574970605,-1.23321624918318,-0.0452960303750682,-1.64695327993023,-1.88271318408187,-0.204475052447428,-0.22930318399663,0.928401418342293,1.5463298522628,0.0336451341226025,-0.822944761547652,-0.662904928792817,-0.675622884018443,-0.485035080363082,-0.537358856418398,-0.65635599605476,-0.675254778272487,2.06415922862887,-1.06664341865833,2.47248002887758,-0.286904425214791,-0.226875569169311,-0.283608678304122,0.592713710226646,-2.01293747375996,-2.8247571661039,0.698565147620701,-0.0477867027019386,-0.604916295026319,-0.662221689003069,-0.391348688885798,-0.0922487271028942,-0.964342321396976,-0.453822940289352,-1.55081663176793,-0.00859578069383644,0.857434586358428,-0.551753470686607,-0.230075729421995,-0.370866985519292,-0.665881730079667,-0.316872478427771,1.56977547151032,-0.468978398668724,-0.413784920142767,-0.604916295026319,0.768203604771372,0.190658429492517,-0.245486398509103,0.707225658165495,-1.00405920189194,-0.391348688885798,-0.413219819433159,-0.139144981884744,-1.01880107061754,-0.792470938203999,-1.2670363105317,0.625885114403834,0.260026209173202,-0.938289124010825,-0.496372568292438,-1.23504806525446,-0.898012962874244,1.36334425539874,0.342857548364707,-0.599701730718649,0.739536080286516,-0.916721462080286,-0.90374574703244,0.682832724400303,-1.56531543697313,-2.03465428511244,-0.248310029719587,-0.407970199261594,-0.409710691716343,0.0188878262786913,0.370524555741227,-0.342818397021626,-0.739281849167541,-0.491703227207728,0.785150372512844,-0.689744465219389,0.920487320896512,0.346157443944216,0.711095016407226,2.40569730080952,2.83920029553034,-0.320467042044794,0.490563939497149,-0.888608530066145,1.12474840523477,-0.0713724957371486,-0.924361576905879,0.871006677585685,-0.236728129982936,-2.06807886929893,1.2579368685168,0.748881102728531,-0.199361816374992,-0.705017765998204,-0.35568405855027,-0.34476848053886,-0.739281849167541,0.197761679375541,-1.39341290226583,-0.932455617038282,-0.812893280194679,-0.235276207381626,0.217035830694215,-0.180122176360894,-0.335131340202921,-0.296225771543798,-0.00131209356022966,0.878506043477017,1.51588989358806,-0.149937701058835,-1.29867614164992,-0.553751890761977,-0.315851368525389,-0.165584803405107,-0.484813844404564,-0.973391570411965,-0.767702135816429,0.682832724400303,-0.173042062415791,-0.0654521195474263,-0.40063011407534,-1.56531543697313,-0.333979422149212,0.0630429388836828,-0.062407654706626,-0.542366992913852,-0.632289530606369,1.31584296962947,-0.265657561852559,-0.105678140049712,0.374882417342708,-1.20546616133649,-0.0450487366494222,1.08755631533559,-1.38642682910448,0.726172755495118,-0.953762161272296,-0.352508963049232,1.11702334614895,-0.708757207400764,0.898725322117096,0.647482131746904,0.091872495830922,0.346157443944216,-0.786206461289495,0.511849510519854,0.166097728463756,1.49031553733097,-0.0916995301342629,-0.695793398648614,0.223563482083323
comm.and.crime_point_1334,comm.and.crime,regression,0.34,0.0431458910932742,anomaly,-1.50531917077199,0.524070428289996,1.27974591591174,0.162505164217251,-0.472016707391195,0.0667263240013159,-0.11337289675326,0.62788470367182,0.488301751524978,0.460656060460939,0.202614332407471,-1.13382219945117,1.29372182682569,0.682832724400303,-0.14865780744537,0.775481605798612,-0.791590941172187,-0.53735464792882,-1.04328333075373,-0.395154494276104,-0.532619661519134,-0.179953678608368,-0.315269840651936,-0.36428070280995,0.110154019370149,-0.264029226104202,-0.267933252874971,-0.525882217763377,0.738571636676679,-0.0132359495005283,-0.402172844262473,-0.460870702131241,-0.438231512002885,-0.0174633690899362,0.740803615151647,-0.476239332141566,-0.459353637846922,-0.257506183800045,-0.275583904330964,0.65086069045285,-0.196385588662103,0.927284997518976,0.793692452841512,0.467364181799085,-0.0540546487971503,-0.10010478917523,-0.338433473059384,-0.0150576810207445,0.110020044243945,0.30420847476134,0.310166601667107,-0.0434666408647052,0.343388026162328,0.409831565769285,0.423745243452043,0.500862307366285,0.523780513919773,-0.0481955106804643,-0.0513105662033324,-0.062407654706626,-0.0974295521732745,-0.114174721497799,0.0428427375519358,0.26653564650661,0.252266133973507,0.40046092821602,0.541853779870831,0.295311354595511,-0.0131809409898764,0.446455445379464,0.201813374029904,0.726172755495118,2.14791176266411,-1.23463339039435,-0.0468999429701671,-0.847354381664952,-0.758443965028085,1.444604256453,0.393340518650751,-0.402623346342877,-0.377360854488696,-0.360584240166726,-0.420577536957683,-0.120275529073628,-0.346225506490056,-0.374422868098694,-0.347238971384223,0.648228546406218,0.695483322687741,-0.590967280548668,-0.286904425214791,0.769139148848317,-0.197078848216383,-1.6096218406714,-1.07553374959742,-0.0320378408055168,-1.26893393860839,0.774437809943307,0.0351882157167206,-0.31296028640514,3.7696264931462,-0.776903671928593,0.670299999286939,-0.453822940289352,0.526629724118384,-0.127211605631618,1.49100722539581,-2.54899801006515,8.94534435992718,1.84290780523306,-0.951202378562316,-0.694834028068417,-0.758443965028085,0.413283929954837,-0.284915395618803,-0.161767018358061,0.402681671401718,0.287579502381766,1.15986915838501,0.117254540572726,1.02055247903431,-0.391348688885798,-0.139144981884744,-0.0477867027019386,1.19497372013481,-1.00841428722264,0.543772920206689,0.22367036178649,0.00232627821327909,0.592204999179243,-0.639997445119629,1.01043300028051,0.511652676906082,-1.70581571667588,-0.0819631937635291,-0.0705609496871936,0.837417660326429,0.640404199215584,1.13490113121159,0.682832724400303,0.682832724400303,0.102796409725239,2.22881544603455,0.0986025896090331,-2.08003855826945,1.21723454990582,1.27840796790085,0.401605753908883,0.260952512767785,-0.987985994494734,-0.286904425214791,-0.689744465219389,0.813423318920973,0.243808994474351,-0.769590402450023,-1.51877453783681,-1.09698938712883,-0.0466050641145143,-0.598673237091449,0.0743013085560334,-0.669765384924741,0.69535681818675,-0.430223291072143,-0.26287797133625,2.35914478742525,-0.248412816512834,-1.04043314643945,0.962472222891692,0.816732757764318,-0.221904671622559,0.0351215468879261,-0.230075729421995,-0.91323565124325,2.47741370814582,-0.758443965028085,-0.584177697663477,0.16626443468128,-0.629843707397574,-0.803145557548822,-0.180122176360894,0.405665753241116,-0.453822940289352,-1.30946937310901,0.981586015860986,-0.413167436877806,-0.149937701058835,0.23524876409128,-0.315607286918777,-0.527054463374357,-0.779675500224294,-0.78049817719312,0.886358450346385,0.589231434646941,0.682832724400303,-1.17994609083031,0.335573396805634,0.490563939497149,-1.56531543697313,0.218145741121919,1.38574553843271,0.740164105719455,-0.127211605631618,-2.37879836795621,0.866582941130492,0.124187285317004,-0.791590941172187,-0.280832968781291,0.325122543110906,0.649747137552387,0.182033724961094,-0.730257505876477,-1.23321624918318,-0.272093994394233,0.26138000840943,0.56816095888643,-0.669300457399169,0.044119426439209,-0.600152808018174,1.46677387883271,-0.574978601284565,-0.262943549469985,0.16626443468128,-0.179776073400649,0.114002523928599,0.164750488221586,-0.173931992421487,0.727959932947938
comm.and.crime_point_0285,comm.and.crime,regression,0.19,0.155058496011327,anomaly,0.324222120103087,-1.21585037425788,-0.375024355916575,0.590072945959833,-0.274732957383221,0.0257493329145824,0.461126610555507,0.541860098812564,-0.413784920142767,-0.235899778288672,-0.217794594564951,0.484612361667126,-0.265657561852559,0.682832724400303,0.520038833328871,0.0100897055202199,-0.889578484189684,-0.0880946194298402,0.742239561078903,-0.305119864602728,1.25774379948753,0.374882417342708,-0.0536383847421805,-0.0430886968833349,-0.414341611199418,-1.17435938780757,-0.0632363539352424,-0.0889162245473447,-0.35568405855027,-0.407153610755056,0.628950377952967,0.724267842801197,-1.1074695256283,0.229851673277482,-0.178544390830854,0.660203159698619,-1.6562283955597,1.15007999731647,-1.08077239495704,-0.883719295584461,0.259617746176014,-1.12786416614468,-1.05809271932599,0.726106231776839,0.143988474218959,-0.148565325619854,-0.0184324964327153,0.246029414243294,-1.84714106722945,-1.17945889734843,-0.241958561604024,0.304440963286713,-0.115382978305131,0.364187902780905,0.044462103313619,0.10383609353668,0.164750488221586,0.800011446926297,0.498760772557125,0.486720391900693,0.541351225008366,-1.17205380610548,0.816568426169687,0.419155177223805,0.514446198157378,0.872294352169189,0.795140174306145,0.823570833435961,0.494208949624305,0.0654240792303436,-0.377869524004709,0.726172755495118,-0.444061083654919,0.930046029669001,0.601034142128082,1.21904346224852,1.1993769247883,-0.706240902341621,-0.430223291072143,-0.0633034170919484,0.602923741041008,0.460000486104092,0.217035830694215,-0.0290856412512651,0.609441243151654,0.511652676906082,0.496230246328455,-0.413719465260767,0.695483322687741,1.38210047806485,-0.286904425214791,-0.226875569169311,0.754749282748749,0.396950550146819,1.35068765411737,0.466662038712051,0.749013842139396,-0.504578098615964,0.626053917941065,0.254589492816494,-0.391348688885798,-1.46155861675429,0.0250464516485512,-0.453822940289352,-0.215315402983871,2.18579698065512,-1.33127089395254,0.703657382637049,-0.34476848053886,-1.12679008480058,-1.00826650825885,-0.20888346424473,0.617322065653698,2.06752579612401,-1.18700206728655,-0.752632720582405,0.507116509507333,-0.681631226510723,-0.972394445178469,-0.826699247575706,0.329221661157051,-0.391348688885798,0.317646414029282,-0.321861540250354,1.89690231232458,-0.878848277811454,-0.239279720112616,0.798262865525553,0.878506043477017,0.672757321452404,0.892001241037083,0.646300935599162,0.874138127135308,-0.554880727147895,-0.628161290785547,-1.49924105847212,-2.19691132091088,-1.44942234620782,0.091872495830922,-1.56531543697313,0.682832724400303,-0.8289128675117,-1.01503934364349,-0.534613396479251,-0.58250322963563,0.931913901423168,0.896141268044168,0.302349200451482,0.478394765362422,0.600118860823686,0.00547415598365529,0.0203252737566635,-0.0966206978711041,-0.728501275489362,-1.24723086014591,0.103340488803673,-0.862692382208638,-0.229179716068034,-0.499651675583395,-1.06368304617927,0.94967388912165,-0.897080987655194,-1.00671795787817,0.223072592487436,-0.649707912297875,1.40582904965634,0.85572211589946,0.909074442850902,-0.199361816374992,0.153849957336276,-0.199361816374992,-0.34476848053886,-0.91323565124325,-0.533447461928133,0.352751675137971,0.182033724961094,0.68464204843914,-0.51147345739279,-0.888160673235742,-0.972511394621568,-1.1288425117501,-0.0598300184254683,-0.52457500537974,0.620806112517094,-0.314241419930838,0.494208322757484,-1.29867614164992,0.351197603842184,0.0220735832329614,0.0391120955346223,0.0220735832329614,0.396950550146819,1.00221121696188,0.682832724400303,-0.293870545825533,0.201898224687947,0.936160966283394,-1.56531543697313,-0.333979422149212,-0.343942476362171,-0.189129511616007,-0.601674905382743,-0.244176455639738,1.37200047319184,-0.499564470154296,-0.399640769102202,-1.28962587051052,-0.485189123949481,-0.243561843564225,-1.28073353641309,-0.636519031129619,0.726172755495118,-0.586710071414878,0.372996185038278,1.05603863645312,-0.590386957395979,-0.659673664119051,-0.243685682371009,-0.808924961997834,0.755551241823674,-0.733880170107544,1.03022712427771,0.215508271587242,-0.115382978305131,0.113460484550416,-0.304397343978269,-1.08786729016467
comm.and.crime_point_1942,comm.and.crime,regression,0.14,0.432350166412484,nominal,-1.38334975138032,1.56802290981872,0.0977671503200851,0.223586275894763,-0.274732957383221,-0.670859515559886,2.328250009309,1.01499542553847,-0.0271763465708762,1.29652306696047,0.803198513796647,-1.18963028776559,0.124187285317004,0.682832724400303,0.376746696020106,1.26751925597758,-0.301653226084705,-0.31272463367933,-1.44646591923207,-0.440171809112793,-1.30844382795535,0.274003127169785,0.521950818259281,0.706359316945435,0.110154019370149,0.706989613046053,0.0902863202695546,-0.0889162245473447,-0.199361816374992,-0.582228126868179,-0.636519031129619,-0.806536111069869,0.231006501622527,-0.561556462298257,1.71761087150805,0.264918814710728,-0.744323818254725,-0.508860858999424,0.207529190044681,0.431634978161806,0.715621081014131,1.61233471874019,1.06601380168967,0.143936619326893,-0.0540546487971503,0.0452768201586437,0.575855031588241,-0.380579614390398,1.23687038115287,0.874849771726638,-0.149937701058835,2.18096542220705e-05,0.458080777279193,0.683693543699564,1.46677387883271,1.5926843953977,1.70345059835668,2.24196327485779,2.99523838693151,2.89443567317894,2.79837663771683,-1.17205380610548,1.45375428738431,0.724394238658196,0.514446198157378,0.164544216239436,-0.281327002043937,0.823570833435961,-1.78904555813951,1.58954954382682,1.30321088029567,-1.23321624918318,-0.178217714801685,0.517726140133124,-1.55874614153275,-0.52591471705619,-1.49924105847212,0.670299999286939,-0.800827005447445,-0.548046173164703,1.62776672727661,1.84203791982337,1.66229279737185,2.02268683475191,1.56510799279336,1.59910902759376,1.38655886502517,0.648228546406218,1.12266556301406,-1.16211847383153,-0.0919853710824933,-0.0276726255657857,1.83637215884549,-1.36491789057162,-1.79237189160407,-0.780087660081869,-1.31938263312708,-0.321861540250354,0.724531534978455,-0.138329585106176,-0.391348688885798,-1.05076564985887,0.584266192935153,0.649357240929522,0.823407774959287,-0.0679036931627271,-0.467308204356106,-0.323496951900488,-0.34476848053886,-0.640839520976896,0.4183367341544,2.00489132650762,1.41103323720088,0.358142534415864,-0.54265444466673,-0.900349146138491,0.141594576137679,-3.0077369758527,1.01448754905113,-0.000739682945828393,1.21807556985638,-0.391348688885798,-0.504578098615964,-0.321861540250354,0.709023156311124,-1.00841428722264,-0.728687620312182,-0.00616663970913513,0.208486222981217,-0.616079834918179,-0.544247527234835,0.221480193470925,1.47828054418402,-1.21255786402103,0.585612258152271,-0.017646871584048,-0.532924460232356,0.189657297261516,0.897849168625072,0.682832724400303,-1.56531543697313,0.157602837798,-0.0713724957371486,0.22524578682669,-0.640100742275393,1.67374758747806,0.179391205812885,0.749003691009788,-0.652304948129686,0.10383609353668,0.687690845446696,1.9320514940768,-0.953132713675412,3.21191402910042,-1.39052299745468,-0.681553878925593,0.121355038456154,-0.594329019975073,-0.796716360107558,0.336913082725718,2.08765824385695,1.69800284408723,0.887478804484488,0.331061606670478,0.176251652332003,2.01238440058504,0.510966613656022,1.22946112309564,-0.35568405855027,0.100170724627871,-0.199361816374992,-0.230075729421995,-0.608816497610759,-0.447422857068877,-0.970100277440667,-0.235899778288672,1.72139727595486,-0.4325599573896,3.02253464836257,0.612267041899781,-0.123475027790339,-0.453822940289352,2.19639213608172,0.00232627821327909,-1.45189061482096,-0.333979422149212,0.589231434646941,-0.649009732299257,-0.400332606464976,-0.728501275489362,-0.231370130585801,1.66941109066569,0.412240099369111,0.682832724400303,0.511652676906082,-0.555594417312278,-0.697694798599504,0.682832724400303,-0.241958561604024,-0.29306929945644,3.44356371978626,0.821714993870633,0.467364181799085,0.641952926881002,-0.499564470154296,-0.742597169663439,1.13147709363963,-0.845327642642986,-1.18649910140954,-0.514522113788516,1.42572741330126,-1.23321624918318,-0.586710071414878,0.205571920095007,0.324222120103087,-0.550930207394384,-0.5591317940393,-0.3328024637828,-0.192589859272896,-0.574978601284565,-0.262943549469985,-0.640100742275393,1.7966456515388,0.458080777279193,0.113460484550416,0.0869987106920766,0.0218049017374774
comm.and.crime_point_1161,comm.and.crime,regression,0.3,0.0244168825074717,anomaly,-1.38334975138032,0.176086267780421,-0.375024355916575,2.30034407293016,-0.669300457399169,-1.53137632838129,1.03562611786427,3.6817581761754,0.93934508735885,0.948245147585665,0.743140095657729,-0.408317051363656,-0.499564470154296,-1.56531543697313,-0.721826356680434,-0.0992519945195506,2.3440104353877,-1.04277217999017,0.0510694094017551,1.76567661788493,-0.890692353720466,-1.03742764507821,-1.2048167907451,-1.06019671565095,-1.23022370319652,-0.870916000573111,-0.267933252874971,-1.01746896013141,-0.199361816374992,1.25605429231962,3.20675843349157,2.15631025126123,-1.01186409511038,3.14816917321302,-0.86805539531773,-0.871523677129457,-0.630335746091604,0.295474101638588,-1.24181009308225,-1.21255786402103,0.487619413595073,-0.671164351997201,-1.00362844955635,2.40792955663224,-0.103565429551178,-0.342407471398352,-0.658434449686053,-0.0150576810207445,-0.127211605631618,-0.380561081597017,-0.149937701058835,0.869790820032767,-0.000690227188266011,1.23141749956012,1.46677387883271,1.24528645829679,1.08797055430264,3.4718633633876,3.46068336588266,3.44356371978626,3.18164510402581,-3.0674204993609,3.86595790483965,3.36979943775625,3.7130429812006,2.46473215801113,1.68164255482974,3.09508659244989,-0.723526787849732,3.63759313687834,0.549623112850672,-1.23321624918318,-0.444061083654919,0.930046029669001,-0.370866985519292,-0.204475052447428,-0.176389105893484,0.670299999286939,0.599231471081475,0.469913614588082,-0.466477635900487,-0.533338919381635,-0.548100210488063,-0.393845192540718,-0.394008843972142,-0.535527512645018,-0.394098372368261,0.943214105202603,0.321698862402212,-1.47365548834945,-0.286904425214791,-0.226875569169311,2.74493537476675,-0.581865250252313,-0.579261189746669,0.217312098953267,0.294975591471144,-0.504578098615964,0.527576300903674,-0.487590987704104,-0.391348688885798,-1.46155861675429,0.756333805638724,0.491760072183968,0.0814626478570313,1.17756246868398,-0.524905716995868,-1.35065128643802,-0.34476848053886,1.84290780523306,1.61668345778153,1.30296273431785,0.246923518931679,-0.965250958519477,-0.993697780500602,-0.604916295026319,-1.0594060620769,-1.02085498162309,0.723724330383386,-1.06268769461281,-0.362109156720205,-0.391348688885798,-0.321861540250354,-0.0477867027019386,1.73491879105002,-0.61971625898909,1.13106240044617,1.71761087150805,-0.255373652746643,1.76021367214008,-0.639997445119629,1.55663109730253,2.08242296123273,0.924892830816656,0.464234903258489,-0.017646871584048,-1.12021394047183,0.804312163562517,1.04008034617698,-1.56531543697313,0.682832724400303,0.157602837798,-0.779122631666902,0.921783371523802,-1.67685596979111,0.646593252940519,-0.824058881310911,0.451234030637584,-0.826258750205395,-0.193933566835524,0.00547415598365529,-0.416640719459369,-0.524876705773258,-1.34259197230855,-0.721826356680434,-0.00131209356022966,-1.09698938712883,2.55508372622314,-0.994759483123667,-1.10745167520755,-0.0570045785288092,0.0465858602511433,-1.00671795787817,-0.856817549342979,-0.531713688779321,0.46842532549381,-0.810596144943824,-1.2268367587807,-0.35568405855027,0.153849957336276,-0.433845179637909,0.802159030629787,-0.869747200724323,-0.576459764357761,1.09354876858201,1.43583423471039,-0.121723128517532,-0.708757207400764,-0.845653115392282,-0.127296228476849,-0.70552988692494,-0.453822940289352,0.521950818259281,0.981586015860986,-0.759408496192192,-0.333979422149212,0.294245875850557,0.0654240792303436,0.444479772930899,0.909073916028471,1.71169834202471,-2.97996396123019,1.4741881110361,-1.56531543697313,1.43800438304744,-0.956619933665339,0.143988474218959,-1.56531543697313,-0.0579168405136468,3.72591167609637,3.44356371978626,0.0507121317750543,-0.761660555595246,0.417322912631512,-0.499564470154296,-0.350646997593453,1.18191673872609,-1.02539690198974,1.4934278419403,-0.584177697663477,-0.355303606889044,0.726172755495118,-0.534274058578104,0.0939557434661589,-0.651533235030286,-0.669300457399169,-0.408318988919673,-0.778386370841756,-0.524462606894016,-0.523804376549633,-0.786206461289495,1.26061717483676,0.314329357834215,-0.230075729421995,0.9853905469603,-0.956724101762177,0.374882417342708
comm.and.crime_point_1010,comm.and.crime,regression,0.05,0.0917151661729551,nominal,1.3609621849323,0.176086267780421,-0.375024355916575,0.834397392669879,0.0409210426295376,-0.384020577952752,1.80162546094263,0.154749376945913,-0.284915395618803,0.530311644335899,-0.157736176426034,-2.08255970079637,-0.265657561852559,0.682832724400303,1.61861188602941,2.41560710639517,-0.301653226084705,0.36116540906914,-2.42562363410802,-1.1604488464998,-1.84555286625735,1.33323567398548,0.731255982987085,0.813423318920973,0.57637235765421,-0.0212745163166381,-0.216759028140039,0.730395012732716,-0.433845179637909,-1.01991441715099,-0.683388268503048,-0.954678429186424,1.23486352206065,-1.352964597874,2.86679587898618,-1.21739747899386,-0.744323818254725,-0.91102833931843,0.851679982545541,-0.390461442929611,0.259617746176014,0.0138853692240173,-0.186664403011869,0.855477256765716,0.837139404775339,0.820645403272635,0.941570433447291,1.13372553814103,2.12648906818623,2.07319649535376,-0.333979422149212,-0.260908893459341,-0.115382978305131,1.32270482553688,2.13051937407495,2.28748026959951,2.42151064975305,2.53883571002016,3.03755156683616,2.93667629214873,2.79837663771683,-0.731270854185611,0.589002047164466,0.470028354129537,0.566882210994152,1.16719024213992,0.98510497013263,1.24617841650832,-0.0131809409898764,0.208310841536264,-1.30536216086009,0.726172755495118,-0.37760024144161,0.311566195365187,0.115083578304395,-0.112635148273496,-1.65798329278156,1.18650283739765,-0.718470624475156,-0.354149070735601,0.781157303864591,0.719132504926456,0.514588735598435,1.794712115196,1.37397464286502,1.23662357736453,1.33969946404113,-0.649707912297875,1.33625668317722,-1.00634996657257,-0.189444898148642,-0.226875569169311,1.40372300840679,-1.90326658079114,-1.90265468268201,-1.72761743116525,-2.27790782898228,-0.504578098615964,0.429098683866283,0.0799587915175297,-0.391348688885798,0.774980869676324,1.444604256453,-0.453822940289352,0.130925656330515,-0.542366992913852,-0.179320641157294,0.24714434506481,-0.34476848053886,-0.96480656352602,0.190080215368281,-0.100894450061688,-0.811358043131231,1.2955462585784,-1.25143682954853,-0.70339391206371,1.02929070003541,0.820645403272635,0.917566476161884,0.766222769924772,0.181079343040496,-0.391348688885798,0.134929855663671,-0.504578098615964,1.57293526977546,-0.61971625898909,1.37576635054595,-0.121085140456948,-1.23463339039435,-0.535527512645018,-0.400622650407643,-0.749538645679329,-0.173042062415791,0.979699258889417,-1.11367071036067,-1.02301435554381,-0.288220510132573,0.927243136822718,-0.477052214376713,0.682832724400303,0.682832724400303,0.760473546598372,-0.838101809661048,-1.73772377004699,-1.3888684065923,-0.0952404331143684,0.322741218259141,-0.392446673750327,-0.695793398648614,0.600118860823686,-0.189444898148642,-0.635123716067385,-0.631940707748796,2.29077798387164,-0.14865780744537,-0.786206461289495,-1.05012998614479,-0.731260008940213,1.48077955457769,-0.232079094641932,0.380681711753999,0.164544216239436,0.763944233026054,1.89690231232458,-0.531713688779321,0.0824355567210018,0.281129612160397,-0.746256738413588,-0.043039574199713,-0.329263137039369,-0.35568405855027,-0.115382978305131,0.434906314843494,-0.533447461928133,0.246923518931679,-0.0965886105387498,-0.179320641157294,-0.35364645738641,0.982171871876493,-0.866859498853478,1.14646284668515,-0.453822940289352,-0.733880170107544,0.723886084901063,1.02125980885322,-0.333979422149212,3.0081130167773,0.684600049222664,-0.611535701313945,1.31846771390793,-0.484813844404564,1.13106240044617,-1.12168480637209,0.682832724400303,0.350548032359759,1.22674121092355,1.38175799306964,0.682832724400303,-0.241958561604024,0.26653564650661,-0.738257558223326,-1.55060150488499,2.60198609411555,1.59663048744133,-0.499564470154296,0.433253346546518,-0.280832968781291,1.00038226566123,-0.590959780665129,-0.0269330266637888,-0.964603692743623,-1.23321624918318,2.71675873730189,0.372996185038278,-0.224640267159436,-0.590386957395979,-0.20723524876017,1.93967546221788,-0.0503586817209869,-1.13789507336882,-0.262943549469985,2.18217737707296,1.35195076342743,-0.230075729421995,-0.707179574188299,-0.478351146053977,0.727959932947938
comm.and.crime_point_0567,comm.and.crime,regression,0.36,0.295836139777066,anomaly,1.11702334614895,-0.867866213748302,-0.217427187171022,-0.570468175912889,-0.156362707378436,0.517473225955383,-0.592122486177232,-0.533447461928133,0.423866989262996,0.321344892711017,0.502906423102059,0.317188096723854,-0.499564470154296,-1.56531543697313,-0.817354448219611,-0.317935394599092,-0.301653226084705,-0.818142165740683,0.281459459960805,0.415157172784282,-0.592298443552689,-0.785229419645906,-0.576901296561691,-0.685472708736566,-0.530896195770433,-0.506783935891765,-0.370281702344836,0.0749460229086676,-0.043039574199713,0.687062114951965,1.51946588804812,1.02055247903431,-0.486034227261844,-0.165852394510387,-0.350922141952573,1.89546673778578,-0.3453655656838,1.5019765425956,-0.329263137039369,0.541247834307328,-0.53838808979069,0.470585183371496,0.52137110399335,-0.826346068089685,-0.103565429551178,-0.197025862064479,-0.338433473059384,0.193811995190487,0.110020044243945,0.133016085671751,-0.149937701058835,2.18096542220705e-05,-0.34476848053886,0.409831565769285,0.186693280865528,0.252720923722782,0.0621704808792462,-0.59953003312486,-0.60138190496379,-0.611535701313945,-0.65103955906403,0.767391182341933,-0.45780329625955,-0.750927891608026,-0.691582097088426,-0.66116427567861,-0.597934995088079,-0.391425967897073,-0.520570831604059,-0.410865128456057,0.259781663833366,0.726172755495118,-0.178217714801685,-0.255373652746643,-0.532850506793854,-0.847354381664952,-1.07592843364696,0.584266192935153,1.05219156642907,-0.1602519683065,-0.778386370841756,-0.706093598596545,-0.633115326174983,-1.03217440729726,-1.06297556872134,-1.05911760742057,-1.05012998614479,-0.531713688779321,-0.425870058168848,-0.0717389230187961,-0.286904425214791,-0.226875569169311,-0.759522743786688,0.152246600047036,-0.358695607590779,0.0178321471462401,-0.51220352082797,-0.0477867027019386,-0.506438677988928,-0.70587936432781,-0.391348688885798,0.227256913815765,-2.12579870714607,-0.375024355916575,-0.462630445351289,-0.00859578069383644,-0.755295767554917,1.04604216081623,-0.115382978305131,-0.856817549342979,1.21723454990582,-1.12679008480058,-0.123475027790339,0.137576952259974,1.51925794771669,0.379859875347588,0.193811995190487,-1.60238141895859,-0.972394445178469,0.766222769924772,1.16869479715086,-0.391348688885798,-0.321861540250354,-0.413219819433159,0.709023156311124,1.71247191041218,1.42470714056591,0.798262865525553,-0.358453625130612,2.32407992805221,0.0781269390163294,1.25318771006807,1.23662357736453,-1.26736429209379,0.403546225811598,1.14646284668515,-1.6096218406714,-1.24453739077415,-1.28302888717086,0.682832724400303,-1.56531543697313,-1.32217072016655,-0.130351673731295,-0.0280406076086237,-1.90724602035016,1.10310629051276,0.466091230705398,1.4437995652116,2.0439789840438,0.550490584094985,-0.286904425214791,-0.416640719459369,-0.257216700834412,-0.421455927079768,-0.483006127832491,-0.786206461289495,1.01168365715287,-0.00096140112613429,-0.40063011407534,0.687062114951965,1.16851703426305,3.17248229394089,2.20518090004112,-0.316872478427771,1.4741881110361,-0.524119794207697,-0.178544390830854,-0.319074498087268,-0.121200695287352,2.24734003296407,-0.199361816374992,-0.230075729421995,-0.91323565124325,0.154749376945913,-1.23467066795639,-0.723488865413399,-1.67685596979111,0.593315542651865,0.769634082659194,-0.0744702805928035,-0.970100277440667,-0.138628602798245,-0.786206461289495,0.0538662644052637,0.180388664803999,-0.241958561604024,0.353242987609834,0.684600049222664,-0.231370130585801,-0.01206212920031,3.44356371978626,-2.19691132091088,0.0582574288134486,0.682832724400303,-0.374422868098694,2.11790902504146,-1.73742119443407,0.682832724400303,0.218145741121919,0.877013769375391,0.528961010870487,1.0589466437462,0.0145655943380156,0.754267934005747,7.29733247323696,-0.98756602720718,-0.0790743884354456,0.370139857947594,0.798631967738489,3.10756824770946,1.19138122643412,0.726172755495118,-0.7440181099252,-1.18963028776559,-1.38334975138032,-0.550930207394384,0.044119426439209,-0.377360854488696,-1.18820810213626,-0.933198174429091,1.3591714771705,-0.524905716995868,0.709613702822105,-0.34476848053886,-0.0404095264630932,2.13095588508166,-0.734789774559444
comm.and.crime_point_0467,comm.and.crime,regression,0.28,0.379372128274042,anomaly,0.324222120103087,-0.867866213748302,-0.375024355916575,1.50628962112251,0.711685792656649,-0.424997569039485,0.269626774785918,-0.361398252209622,2.22804033259849,1.08755631533559,1.94430845843608,-0.0734685214771128,-0.265657561852559,0.682832724400303,2.43060066411242,0.939494155858268,-0.693603398154691,1.37200047319184,0.108666922041517,-1.07041421682643,-0.353583315418467,2.89686467166578,2.71965504790123,2.95470335843174,1.85847278793537,-0.506783935891765,1.72786151178739,0.675774263580712,-0.433845179637909,-1.01991441715099,-0.964603692743623,-1.1522015200085,2.4299314035346,-0.907797521612643,0.453507363282115,-1.21739747899386,2.21936605798643,-1.21265394955768,2.30101926567248,-1.48659000438483,1.79862900125466,-1.35621407321842,-1.43934260771341,0.402678669304647,1.08469330854548,1.01448754905113,1.26157141007396,0.768203604771372,0.228635869181726,0.703657382637049,-0.333979422149212,-0.608816497610759,-0.230075729421995,-0.366110705033174,-0.240000251790199,-0.442074950479027,-0.45072955583245,0.0790355329605499,0.16025533331992,0.106554821172549,0.115497373553939,-0.158253016689785,-0.321263468856418,0.368282000318073,0.357138159647056,0.40046092821602,0.921783371523802,-1.28946708192584,1.20455479648416,-0.601380811530617,-1.18942558125317,0.726172755495118,-0.444061083654919,0.363106181557171,0.871006677585685,-0.847354381664952,-0.758443965028085,-2.12579870714607,-0.883183386419734,0.372965063373531,1.44953316445302,1.582905901001,1.87483058658915,1.52114245172891,1.32619130538294,1.67966134986692,1.24598066207306,0.766222769924772,0.962472222891692,0.810949284781987,-0.286904425214791,-0.226875569169311,0.58168962257327,-0.630806040272269,0.6889909076497,-0.480867732371328,-0.411306131790581,-0.504578098615964,1.21691962016541,2.87405001230096,-0.391348688885798,-0.457398031009934,0.584266192935153,-0.296225771543798,0.72448175801232,0.347251694119508,-0.812893280194679,-0.551753470686607,-0.34476848053886,0.43905062085352,1.21723454990582,1.6809242839585,0.564407987550553,0.413283929954837,-0.800393493714657,-0.949587954657186,0.35046425234891,-0.342407471398352,0.33604003882639,-1.41667036516848,1.31683711526742,-0.391348688885798,8.44853326129893,-0.0477867027019386,-0.20888346424473,-0.965225617418908,0.788476870306472,-0.465840642700386,-0.409993611322597,0.551928838042662,-0.544247527234835,-0.567472613338656,-1.30077457424005,-0.00681644642028318,0.282168870917816,0.723150221859989,-0.581865250252313,-0.0562046492588845,-0.619283391928622,0.30064753696682,-0.508685801127615,-0.883719295584461,-0.720143453672756,-0.597934995088079,1.03022712427771,1.61668345778153,-1.25410891864968,0.600118860823686,-0.91323565124325,-0.342818397021626,0.39531226424825,1.38584400255676,-0.739004709724335,-0.574978601284565,-0.483006127832491,-0.786206461289495,-0.722114179256525,-1.46155861675429,0.243010035727013,0.468218969810561,-0.188310465613652,1.04923188615163,0.887478804484488,0.978995691768727,-0.708705024057152,1.35068765411737,1.02809986702118,2.08382560374828,0.269604910150844,0.422246120878301,-0.35568405855027,-0.34476848053886,-0.91323565124325,-0.318385949779994,1.14646284668515,-1.00211120091324,0.281459459960805,-0.550930207394384,-0.803145557548822,-0.232948124244939,0.617322065653698,-0.375024355916575,-0.52457500537974,-3.70855272760961,-0.858334513139159,-0.0579168405136468,0.471237211128387,1.11326033614042,-0.527054463374357,-1.24024352283868,-0.696016939253532,1.22894398048608,0.943214105202603,0.682832724400303,0.0686149044036935,-0.956619933665339,0.787628624021312,-1.56531543697313,1.50643778875456,-0.496562007079367,0.57120162984028,-0.186519518100509,0.27330764431577,-0.818142165740683,-0.499564470154296,0.335265803529022,-0.482591549127137,0.100035968927465,-0.392446673750327,-0.235899778288672,-1.10521140486391,0.726172755495118,-0.534274058578104,-1.58028690596656,-1.38334975138032,2.92126379274596,-0.961299274358306,3.27642718339475,-1.42526006472277,-1.64963732071814,0.783582274169036,0.16626443468128,-0.179776073400649,-0.34476848053886,1.34442057265849,-0.0869550913836323,-0.785229419645906
comm.and.crime_point_0701,comm.and.crime,regression,0.45,0.00282888230941027,anomaly,-1.38334975138032,-0.519882053238727,-0.0598300184254683,0.895478504347391,-0.037992457373652,-1.61333031055475,0.509001569497905,3.33765975673838,0.230562702477051,1.08755631533559,0.382789586824224,-1.35705455270886,-0.0317506535508209,0.682832724400303,-0.387478036293313,0.720810755778727,-0.742597169663439,-1.71666222273864,-1.21607586867302,1.22546883984467,-1.06972869982113,-0.633910484386522,-0.786206461289495,-0.685472708736566,-0.297787026628403,-0.14265187121042,-0.319107477609904,-0.525882217763377,0.0351215468879261,0.468218969810561,0.488342665832679,0.625506297390161,-0.772850518815592,1.41696387664109,-0.00616663970913513,-0.377418245894594,-0.117389421357558,0.647370646917718,-0.758696998706609,0.924892830816656,0.373618579885543,1.15563490459271,1.06601380168967,1.69638891919342,-0.598673237091449,-0.681631226510723,-0.521291173988909,-0.11949251912636,-1.01683029266498,-1.46477954583108,0.0341040200315418,1.04374462210848,0.228695275045463,0.638049880711185,0.897849168625072,0.997145074653291,1.13926055797381,1.56339770877238,1.64121662998269,1.62721710408512,1.64857123878988,-1.83322823398528,1.59029411478744,1.94535048439576,1.72047449340318,1.16719024213992,1.49167775900326,0.982048677088096,-0.723526787849732,2.54212795919962,1.18727430068875,-1.23321624918318,-0.0452960303750682,-0.409993611322597,-0.748828535159937,0.116964612161334,-1.60506921467841,1.35857045010122,0.434518709136896,0.27601651215898,-0.199127291665113,-0.187829560951817,-0.208039747740384,0.426863797860551,0.322741218259141,0.149167226676855,0.168214439440191,1.06120832872116,1.33625668317722,-0.642890116301655,0.297852737182101,-0.0276726255657857,1.23066334823131,-0.19033893009266,-1.24095793621434,-1.17904756369592,0.042732118877671,-0.230503261067549,0.0351882157167206,-0.574906338353587,-0.391348688885798,0.0903259248506256,-0.319088773758589,-0.217427187171022,-1.30350158940051,0.347251694119508,0.339056972600567,-0.0381763034178386,-0.230075729421995,0.331061606670478,0.760721512333579,0.655028649219603,0.141095362725389,0.192718347798946,0.423866989262996,-0.851110337619796,0.663768766665756,-0.681631226510723,-0.148565325619854,-0.472716577020044,-0.757155338364351,-0.391348688885798,-0.230503261067549,0.134929855663671,1.46494625559241,-1.00841428722264,-1.36491789057162,-0.638218393822105,0.46618615394114,-0.535527512645018,4.0517485312353,4.83381967943463,0.108891065540274,-0.993332151729983,0.342857548364707,0.0881812846222431,-2.14797053089092,-0.711836506646619,0.471155635969346,0.682832724400303,-1.56531543697313,0.596054262380089,0.0465858602511433,1.93492894926506,-0.179320641157294,1.04604216081623,-0.967408893757168,-0.193933566835524,1.95700208300595,0.203092646994081,-0.0919853710824933,-0.471261468611373,2.36585134756628,-1.29141774757362,-0.0531297159061927,-0.576901296561691,0.730527251248644,0.592406217722805,-0.351119333321313,-0.976145788122707,1.03721114717821,0.636377640192604,0.105093185247738,-1.82871867699035,0.648228546406218,-0.579261189746669,0.338588862534303,-1.33363231886228,-0.121200695287352,-0.490300835164584,0.0351215468879261,0.572773528396057,0.391417864324567,0.369810889094052,-1.55215513657527,-0.235899778288672,-0.121723128517532,0.00146429262794278,-0.760637999705362,0.242485406711466,0.0881812846222431,-0.375024355916575,-0.786206461289495,-0.616153556090535,-1.20457557245354,-0.241958561604024,1.4741881110361,-0.649009732299257,0.0643142022027552,-0.421455927079768,0.486720391900693,1.52258872060582,-0.0597367947051054,0.682832724400303,-0.495251351508437,-0.64471119872407,0.441053158743122,0.682832724400303,-0.241958561604024,-0.954420599230953,-0.400332606464976,-0.957522380196087,1.30827584422678,-0.649669655053565,-0.499564470154296,3.47086718008891,-0.58347083930006,-1.20546616133649,-0.888729441037333,2.13239007346,1.37885817592783,0.726172755495118,-0.324530007231007,-0.743165581250199,1.60490102371564,-0.629843707397574,0.14466129651896,-0.199127291665113,-0.145179466755593,0.141460545004487,-0.943185334835349,-1.04328333075373,-0.772702590882484,-0.34476848053886,0.677650524933283,-0.739281849167541,-0.280832968781291
comm.and.crime_point_1611,comm.and.crime,regression,0.91,0.017454918700663,anomaly,-0.285624976855271,1.22003874930914,-0.296225771543798,-0.570468175912889,1.38245054268376,-0.834767479906819,-0.304872732522849,-0.533447461928133,0.746040800572905,1.29652306696047,1.22360744076907,-0.0734685214771128,-0.499564470154296,-1.56531543697313,-0.674062310910845,-0.153922844539436,-0.938572255698432,-0.874299669303055,0.0510694094017551,0.0100013392540886,-0.353583315418467,-0.835669064732367,-0.52457500537974,-0.471344704785489,-0.472618903484926,0.160791516024035,-0.67732705075443,3.35219097202891,-0.199361816374992,0.643293485923684,0.207127241592105,0.477363979273606,-0.247020650967053,-0.116389386036903,0.22367036178649,-0.229186616524135,0.0535926868871247,0.14466129651896,-0.382942369747774,1.30853782732598,1.68462816754513,1.49815976520332,1.4472636900771,-0.761660555595246,-1.83644275594213,-1.84468410118171,-1.16129312724225,-2.52149379555552,1.47410203102843,1.44549106869194,-0.0579168405136468,1.91351363248702,-0.34476848053886,2.82894570415342,1.79864662645383,1.29491473502549,1.19055056164498,0.0790355329605499,-0.220563285821935,-0.315851368525389,-0.352941863045931,0.591078001573987,-0.321263468856418,-0.445688830173635,-0.534274058578104,-0.838101809661048,-1.42111577700285,0.0311816151752862,-1.83978454720093,-0.315607286918777,0.317749953636827,-1.23321624918318,-0.311139399228302,0.105406250597248,-1.61274064862427,0.1628845642483,-0.546787652615503,-0.491156386462159,1.50515166177666,-0.305674795128326,-0.64471119872407,-0.662904928792817,-0.633115326174983,-0.302655304718355,-0.29844216900797,-0.454975190371856,-0.20666076843211,-0.413719465260767,-0.0520855978833183,1.01864062779394,0.00547415598365529,-0.226875569169311,-0.586463083611209,-0.0924573500527467,-1.18581654067537,-0.780087660081869,-0.613100909865359,-0.321861540250354,-0.309483443914147,-0.443933312379363,-0.391348688885798,-0.0922487271028942,0.455215483407476,-0.375024355916575,-0.215315402983871,1.29617829362176,0.281459459960805,-0.209368692507428,-0.34476848053886,-0.586845013885375,-0.551753470686607,0.0610890712128745,0.617322065653698,0.137576952259974,-1.12256730502457,0.084427024235416,0.141594576137679,-0.972394445178469,-0.4393285442876,-0.236728129982936,-1.20158229271402,1.4810901430286,-0.230503261067549,-0.230503261067549,-0.96480656352602,0.805509844533911,-0.777628410332139,-1.21281089756117,-0.0492137079787055,0.632481160315823,-0.639997445119629,0.646300935599162,-0.334146706962114,-0.993332151729983,-0.203340548657311,-1.34049882416269,-0.386102090172486,-1.49039933729455,0.423745243452043,-1.56531543697313,-1.56531543697313,2.07582782034464,1.58004448809894,-0.977864586741049,1.08782463691748,-0.209368692507428,1.56510799279336,-1.33538393159564,-0.0869550913836323,-0.69021633412253,-0.286904425214791,-0.0342954753953406,0.0639753050922037,3.46778515277508,1.37979165718147,-0.576901296561691,1.24598066207306,-0.913834660893733,-0.648184017845477,-0.275847723670213,-1.06368304617927,0.282502572227728,-0.800827005447445,-0.100894450061688,-0.295725241742213,-1.40638212283126,-0.00616663970913513,1.01587000293248,0.191443789063205,1.01271768067076,-0.277522937462631,-0.230075729421995,-0.391374245016123,-0.40441055463925,0.352751675137971,0.112378141086133,-0.928088305474204,-0.314189707384816,1.78981547090223,-0.655555707317298,-0.546787652615503,-0.453822940289352,-0.52457500537974,-0.822313500858473,-0.709945487718708,-0.333979422149212,-0.000739682945828393,-0.649009732299257,-0.146888892646214,-0.267933252874971,-0.569295082344151,-0.19033893009266,0.648228546406218,0.682832724400303,0.632481160315823,-0.956619933665339,0.886650185529367,-1.56531543697313,-0.333979422149212,-0.0387034149277808,-0.146888892646214,0.169327956712836,-1.14977363056188,-0.31272463367933,-0.343626531286471,-0.840584712680936,-1.08786729016467,-0.530206438786169,-0.243561843564225,-0.653833281538438,-0.870865217996765,0.726172755495118,-0.376966020067782,-0.966397934507894,0.324222120103087,-0.35364645738641,-1.01157020939818,2.20702580645325,0.281514065900134,-0.882023949694159,0.783582274169036,-0.928088305474204,-0.278597159647621,-0.230075729421995,0.934100543289131,-0.521839596572905,-0.785229419645906
comm.and.crime_point_1976,comm.and.crime,regression,0.09,0.178123511922833,nominal,1.48293160432397,1.56802290981872,-0.0598300184254683,-1.181279292688,-0.590386957395979,0.558450217042117,0.556876528440302,-0.447422857068877,-0.800393493714657,0.251689308836056,-0.157736176426034,-0.798973669564622,-0.0317506535508209,0.682832724400303,0.376746696020106,0.939494155858268,-0.301653226084705,0.641952926881002,-1.21607586867302,-0.98037958715305,-0.950371135754022,0.374882417342708,1.04521373007879,0.974019321884281,0.168431311655657,0.828366967939835,-0.165584803405107,0.184187521212675,-0.277522937462631,-0.713534013953022,-1.15208064223734,-1.34972461083057,1.09145537628377,-0.957260530086126,1.54523312038634,-0.130365530277162,-0.630335746091604,-0.810486469238678,0.583283819003517,1.1441185431077,0.316618163030779,1.61233471874019,1.39279942030747,-1.020402605573,-0.0540546487971503,0.239118965937142,0.164425204496809,-0.380579614390398,0.0507121317750543,0.4183367341544,-0.241958561604024,-0.521839596572905,-0.115382978305131,-0.229179716068034,0.091872495830922,0.451234030637584,0.523780513919773,-0.217836902201817,-0.093623746107983,0.0220735832329614,0.0303266032630535,0.41476482080604,-0.45780329625955,-0.750927891608026,-0.848890135598748,-1.07401852163763,-0.914542988132221,-0.919685446737523,-0.419092853481222,-0.410865128456057,0.607591402654133,-1.23321624918318,-0.244678557014993,0.569266126325109,-0.532850506793854,-0.434074812882258,-1.86963960519414,1.10046903104586,-0.965539767392024,-1.17821175605928,0.513806959629217,0.589566495515274,0.642111409128814,0.928408180883549,0.752791255597911,0.713033482588985,0.730527251248644,-0.590710800538598,-0.105483377924108,-0.954427130819579,-0.286904425214791,-0.226875569169311,-0.0240191880409045,-0.924450780392009,-0.965250958519477,-0.381127756467814,-1.01669046601492,-0.321861540250354,0.379859875347588,0.778481596713387,-0.391348688885798,-0.137892390091274,-0.319088773758589,-0.453822940289352,-0.858334513139159,0.287943781650617,-0.467308204356106,-0.722945859776196,-0.230075729421995,0.169078085395916,-2.37780562097556,-0.96480656352602,1.1993769247883,-1.46152351837023,0.230562702477051,-0.112528209839365,-1.42492799544655,1.25679023127425,-0.536249617176849,0.176251652332003,0.230460115746014,-0.391348688885798,0.317646414029282,-0.413219819433159,-0.96480656352602,0.200868467281728,-1.12021394047183,-0.293462891578667,1.29082593301289,0.471376515769501,0.461126610555507,0.221480193470925,-0.535527512645018,0.376828550089045,-1.23504806525446,-0.917186199337522,0.739536080286516,0.968220127909451,0.234103673382831,0.682832724400303,-1.56531543697313,-0.171235730638567,-0.838101809661048,-1.61108057282933,-0.0641256158777693,-0.551753470686607,-0.155092156561714,0.252720923722782,-0.782770299686468,0.749003691009788,-0.189444898148642,0.402670517820692,0.492231312994358,1.47199038811273,1.57084784025982,-0.210617258288034,0.871105454200756,-1.05076564985887,0.441053158743122,-0.538459497839898,-0.888608530066145,-0.484226741696171,-0.84200519593359,-0.316872478427771,-0.885696359334983,-0.799826771902559,0.0512926106647712,0.0547099621982618,-0.35568405855027,1.17375537879597,-0.121200695287352,-0.230075729421995,-0.739281849167541,3.6817581761754,2.31057256495435,-0.305555362163633,-0.812893280194679,-0.629843707397574,1.53477012384147,-0.761207603085388,-0.811358043131231,-0.453822940289352,0.521950818259281,1.23928594682091,0.526629724118384,-0.333979422149212,0.589231434646941,-0.315607286918777,-0.569295082344151,-1.39376619704348,-0.611535701313945,0.396950550146819,0.412240099369111,0.682832724400303,-1.17994609083031,-0.867503152253548,0.143988474218959,0.682832724400303,-0.241958561604024,-0.59830836089083,-0.653776320283739,-0.720290730320524,-0.308861968134177,-1.43587470492678,-0.499564470154296,0.0902969459852806,-1.54182409594283,-0.75529301296961,-0.293190120292925,0.321344892711017,-0.823995980623335,0.726172755495118,1.61560246772963,-0.0176604331626889,0.629145668582266,-0.669300457399169,-0.358048053879797,-0.421919245194591,1.3245427012808,-0.984372399164023,-0.576901296561691,0.223861947321042,-1.66209236710524,-0.34476848053886,1.498290583672,-0.478351146053977,-0.633910484386522
comm.and.crime_point_0257,comm.and.crime,regression,0.19,0.0434743074882128,anomaly,0.0192985716239078,-1.21585037425788,-0.375024355916575,-0.936954845977958,-0.0774492073752468,0.435519243781917,-0.592122486177232,-0.576459764357761,-0.156045871094839,-0.584177697663477,-0.397969848981704,1.32173368638348,-0.499564470154296,-1.56531543697313,-1.48605108899385,-2.17674429527519,0.433253346546518,-1.21124469067729,1.83659230123439,2.57598828494531,0.183525722883532,-1.4409448057699,-1.15249049956315,-1.27432471960203,-0.997114534054493,0.342857548364707,0.44850589341408,0.566532765276704,-0.121200695287352,1.78127784065899,2.08189673652927,1.76126406961708,-0.916258664592466,0.971796800379738,-1.5001071494307,-0.673881504635512,1.07948533635522,0.295474101638588,-0.490300835164584,1.58256996768979,-1.05139184148357,1.38398481166645,1.50172795984673,-0.761660555595246,-0.994759483123667,-0.972394445178469,-1.66415180479844,-0.171709938179167,0.287943781650617,0.24714434506481,-0.241958561604024,0.217464062248858,-0.34476848053886,0.0903259248506256,-0.524462606894016,-0.491703227207728,-0.861049585201808,-0.641940381005198,-0.686008264773091,-0.696016939253532,-0.736210329354915,0.811469477533919,-0.503316572060594,-0.496562007079367,-0.534274058578104,-0.897080987655194,-1.29447257978519,-0.180122176360894,-0.672787798788313,-0.315607286918777,0.665559692457595,-1.23321624918318,-0.244678557014993,-0.564613569898551,-0.478855999702333,0.530244180944028,0.881892456169426,-0.0609873547032339,1.71104261420738,1.97261615841362,-1.09029510578303,-1.05160295702636,-0.973175788922662,-1.35133901467553,-1.39745893109594,-1.42160305764979,-1.47186459500113,0.412240099369111,-0.799654518454378,-0.0198160872658089,-0.0919853710824933,-0.226875569169311,-0.802787658830557,0.641654500246602,-0.248412816512834,0.0677021350979969,0.294975591471144,-0.321861540250354,-0.457199869470233,-0.574906338353587,-0.391348688885798,0.683693543699564,1.01443522469408,-0.0598300184254683,-0.759408496192192,-1.37267776747832,-0.294515666436819,0.589529123243989,0.114002523928599,-0.856817549342979,-1.23652302704496,1.89690231232458,-0.652615808821794,-1.13067514513639,0.230562702477051,-0.851110337619796,1.44703005245787,-0.536249617176849,0.33604003882639,-0.236728129982936,-0.164586065898132,2.89582170491948,5.25099348990075,-0.413219819433159,0.331061606670478,2.31711328766437,-0.239279720112616,-1.21281089756117,-0.616153556090535,-0.616079834918179,-0.639997445119629,-0.14265187121042,-0.414699029235275,-0.33565501485685,1.37456506496185,-0.388045418306067,-0.239279720112616,0.681381190302317,-1.04597692458435,0.682832724400303,0.682832724400303,-1.32217072016655,-0.0713724957371486,-0.15468380482628,-0.812893280194679,0.36127260445787,0.0838245308487138,1.09640162811069,1.43514067677882,-1.38501220832434,-0.286904425214791,-0.143536973699349,-0.36428070280995,-0.779675500224294,2.00072425218612,-0.419922423015838,-0.253520169416148,-0.639972682963453,0.589585501005203,-1.23875756229239,-1.23875756229239,0.69535681818675,-0.800827005447445,-0.532850506793854,0.117254540572726,-1.18581654067537,-1.5001071494307,-1.12004119869912,-0.35568405855027,0.744321517128731,-0.35568405855027,0.343388026162328,0.478394765362422,1.14403233282735,0.0352672065190975,-0.932455617038282,0.799837073718665,0.672229042655054,-0.590607768331523,0.770744885551916,-0.335131340202921,-0.296225771543798,-0.629227587743642,-0.513073583706566,0.477166715644901,-0.241958561604024,0.648228546406218,-0.839525415373817,-0.611535701313945,-0.4726301518147,1.96514205584347,-2.44161527101066,2.94911590501802,-1.56531543697313,-0.777184479464502,-0.466477635900487,-0.351119333321313,-1.56531543697313,-0.241958561604024,-1.00529377613668,-0.44257322543477,0.406559606588398,0.337993156810208,-1.37971720136441,-0.499564470154296,-1.13454734173342,-0.179953678608368,-0.485189123949481,-0.789472887579932,0.182033724961094,-1.33955759173106,0.726172755495118,0.40957417248383,-0.91058984619347,0.629145668582266,0.317118292640701,0.848454387077221,-0.421919245194591,-1.47267045724008,-0.0632363539352424,-0.629227587743642,-1.10088084339349,-0.377418245894594,-0.34476848053886,-0.707179574188299,-0.13044354190256,-0.58347083930006
comm.and.crime_point_0766,comm.and.crime,regression,0.05,0.158399664405567,nominal,0.324222120103087,-0.519882053238727,-0.453822940289352,1.50628962112251,-0.35364645738641,0.640404199215584,-0.44849760935004,-0.490435159498505,0.101693177953087,-0.166244194413711,-0.518086685259539,-1.24543837608001,-0.421595500720383,0.345610500194289,0.806623107946404,1.37686095601735,-0.203665683067209,0.0242203876949048,-1.15847835603325,-0.890344957479674,-1.06972869982113,0.576640997688553,-0.158290967106083,-0.257216700834412,-0.0646778574863729,0.100102838577144,-0.523804376549633,-0.744365214371393,-0.433845179637909,-1.06368304617927,-0.355303606889044,-0.21396683860365,-0.629442373038718,-1.00672353855961,1.2579368685168,-0.575060418388539,-0.402359601765361,-0.00615150860066679,-0.436621602456179,-0.445267871002372,-0.481387672935926,-1.07077668937625,-0.840235640247456,1.5023323817101,1.28273643156158,1.15986915838501,1.07871370914443,1.39481263340506,-1.66921732982277,-0.266432822203958,-0.333979422149212,-0.304397343978269,-0.34476848053886,0.364187902780905,-0.287410644307502,-0.342818397021626,-0.758469577859468,-0.514709337364183,-0.60138190496379,-0.611535701313945,-0.65103955906403,0.635156296765973,-0.503316572060594,0.215662469600878,0.462010185320604,1.69800284408723,1.55499935761209,0.876396781320006,1.66120569803692,-0.601380811530617,-1.8850450588947,0.726172755495118,-0.510521925868227,0.930046029669001,1.78891329814154,1.21904346224852,0.194009440828534,1.10046903104586,-0.965539767392024,-0.935840378022907,-0.0654521195474263,-0.0582635515406352,-0.123024632053464,0.244484022215825,0.322741218259141,0.793585804862147,0.917964855184794,1.06120832872116,0.748881102728531,1.95325167134771,-0.286904425214791,-0.226875569169311,-0.672992913698949,0.0543650200071232,1.01983928088354,0.416792050760294,0.698565147620701,0.317646414029282,-1.04806557169458,0.560193220089682,-0.391348688885798,-0.00096140112613429,1.444604256453,-0.217427187171022,-0.512093453824773,-0.127211605631618,-0.236918153797056,0.0759519559752211,-0.115382978305131,-0.586845013885375,-0.437625211293547,2.05888583359914,0.723150221859989,-0.965250958519477,-0.478219682404748,3.08799434387583,1.55146489056349,0.626803257494137,1.64447452283125,-0.94469347109426,-0.362109156720205,-0.391348688885798,-0.504578098615964,1.50530404340575,0.871006677585685,-0.360584240166726,-0.141398140072703,0.510966613656022,0.414646167749156,0.793585804862147,0.604751487382699,-0.0212745163166381,-0.736908318327921,1.63737639576255,3.37729142070925,-1.02301435554381,-0.728687620312182,0.927243136822718,2.69944408428258,0.480499389876695,0.682832724400303,0.760473546598372,-1.07401852163763,1.23839136456794,1.03022712427771,0.646593252940519,0.179391205812885,0.401605753908883,-0.91323565124325,-1.28575565486694,1.36990753490974,-0.252778472003357,0.545763313982127,0.0902863202695546,-0.291949944754136,-0.262943549469985,1.38655886502517,3.1028076820837,-1.2423133868938,-0.757302642981302,0.205607195640876,-0.484226741696171,-0.0184413862106956,0.223072592487436,0.117254540572726,-0.138130025434889,-1.44264789905679,-0.425870058168848,0.425927152326122,0.744321517128731,-0.277522937462631,-0.34476848053886,-0.347885794497196,-0.0603121352022264,-0.546787652615503,-0.723488865413399,-0.236918153797056,-0.708757207400764,-0.675622884018443,-0.919685446737523,-0.599701730718649,-0.217427187171022,0.888234856532939,-0.203833666554659,-0.759408496192192,-0.0579168405136468,-0.236728129982936,-0.125091603844216,0.697923486749661,-1.44494042177841,-0.696016939253532,0.299068970106906,0.825219881684049,-1.56531543697313,-0.0119374178694681,2.38525936927683,0.0449669127109041,0.480499389876695,-0.0579168405136468,1.13137965390405,0.57120162984028,0.703099168932851,1.04953379424903,-2.39055226548711,-0.499564470154296,3.47086718008891,-0.23039332369483,-0.890344957479674,-0.839101164308632,-0.166244194413711,0.769558090073254,0.726172755495118,0.462010185320604,-2.36160014236849,-1.38334975138032,-0.550930207394384,1.65278934771523,-0.689269589429965,-1.14079770961895,0.192634769739419,-0.52457500537974,0.68464204843914,1.25312967718045,-0.34476848053886,0.575070517590943,-0.826258750205395,-0.432151904040676
comm.and.crime_point_0762,comm.and.crime,regression,0.21,0.44312990206909,anomaly,0.751115087973938,-0.519882053238727,-0.296225771543798,-0.936954845977958,-0.708757207400764,0.886266145735984,-0.544247527234835,-0.447422857068877,-0.091611108832858,-0.0965886105387498,-0.157736176426034,-0.0176604331626889,-0.499564470154296,-1.56531543697313,-0.626298265141257,-0.0992519945195506,0.0902969459852806,-0.200409626554585,-0.294515666436819,-0.395154494276104,-0.293904533384912,-0.633910484386522,-0.419922423015838,-0.578408706761027,-1.46333287233855,-0.0819631937635291,-0.523804376549633,-0.580502966915381,-0.277522937462631,0.161838566612595,-0.870865217996765,-0.757155338364351,-0.00800707467226295,-0.660482479245224,0.683344364777741,-0.130365530277162,-0.459353637846922,0.295474101638588,-0.168225438914154,1.47295711154427,-0.0823847549525736,1.38398481166645,1.4472636900771,-0.891031580584123,-0.351119333321313,-0.148565325619854,-0.0641469216650966,-1.00718864302409,0.762407081401742,1.04604216081623,-0.241958561604024,-0.43486269553505,-0.34476848053886,-0.731260008940213,-0.808924961997834,-1.13687082468084,-1.27136961457117,-0.641940381005198,-0.64369508486844,-0.653776320283739,-0.693624944209472,0.723312887149946,-0.594343123662683,-0.700054714702294,-0.7440181099252,-0.897080987655194,-0.914542988132221,-0.549903811549208,-0.571309820665477,-0.267978366150136,0.491654823047211,-1.23321624918318,-0.37760024144161,0.414646167749156,-0.640839520976896,-0.434074812882258,-1.23467066795639,0.584266192935153,0.269805947192317,0.227542236551704,-0.600152808018174,-0.576527589185363,-0.590607768331523,-0.302655304718355,-0.346225506490056,-0.414699029235275,-0.347238971384223,0.117254540572726,-0.158881157964898,1.79748316408874,0.297852737182101,-0.127274097367549,-0.629727998655079,-1.12021394047183,-1.57180630944818,-1.07930758779241,-0.966241771496221,-0.230503261067549,-0.506438677988928,-0.618564013678328,-0.391348688885798,-0.959478323882113,-0.147021161055019,-0.217427187171022,0.378240698697934,0.465867519057289,0.281459459960805,-1.00826650825885,-0.34476848053886,0.00709456412135369,-0.722945859776196,-0.802823042251458,-0.652615808821794,-0.744685376363587,1.58369270997867,-0.555677486507623,0.0371597380320633,-1.99006571051558,-1.02085498162309,0.766222769924772,-0.362109156720205,-0.391348688885798,-0.139144981884744,-0.504578098615964,-0.586845013885375,0.719132504926456,0.00542422998716656,-1.5001071494307,0.517726140133124,0.632481160315823,-0.352747691465246,1.31387638751496,1.47828054418402,-0.609687155220656,-0.567472613338656,-0.335131340202921,-1.12021394047183,-3.00654800750369,-0.42964182185941,0.30064753696682,-1.56531543697313,-1.04813857980274,-0.307289207713733,0.921783371523802,0.339056972600567,-0.0952404331143684,-0.871842218792997,-0.392446673750327,0.782813918994912,-1.58352531523914,-0.286904425214791,3.1883287245729,0.599295314969896,-1.29141774757362,-0.960646585528377,-0.629227587743642,2.0425904788017,-0.868190997905353,0.391542377989094,1.60620332454586,1.86881509871555,0.636377640192604,-0.636114243502866,-0.424861492610813,-0.295725241742213,-1.07553374959742,0.568425864029928,0.588687762606162,-0.35568405855027,-1.61756472204109,-0.35568405855027,-0.34476848053886,0.0869987106920766,-0.447422857068877,0.934806534272571,0.808933979835743,-0.755295767554917,-0.669300457399169,0.472081177754975,-1.07816329038966,-0.388045418306067,-0.217427187171022,1.20219260362464,0.981586015860986,-0.512093453824773,-0.333979422149212,2.06415922862887,-0.696638653067897,-0.527054463374357,-0.882023949694159,1.37377339026636,-1.56068105065144,-1.65265881220558,0.682832724400303,1.5185567053206,-0.466477635900487,-0.598673237091449,0.682832724400303,0.862291764938238,-0.0387034149277808,-0.10464827367642,-0.483059080444962,-0.308861968134177,-0.649669655053565,0.124187285317004,-0.644609626645943,-0.886108709818829,-0.620241068459545,-0.193933566835524,-0.932455617038282,0.160258004218676,0.726172755495118,0.0949580954631852,-1.6919030825954,0.934069217061446,-0.393103207388005,-1.16238301451781,-0.600152808018174,-0.145179466755593,-0.114410578670175,0.207993071167575,-1.04328333075373,-0.42682878901808,-0.34476848053886,-0.348149548490111,0.217464062248858,0.677520287861476
comm.and.crime_point_1267,comm.and.crime,regression,0.07,0.012491520711334,nominal,0.324222120103087,0.524070428289996,-0.296225771543798,0.406829610927298,-0.590386957395979,0.640404199215584,0.317501733728316,-0.361398252209622,-0.54265444466673,-0.444866529913555,-0.458028267120621,-0.966397934507894,-0.343626531286471,0.233203092125617,1.80966806910777,1.43153180603724,0.286272032020273,1.37200047319184,-1.15847835603325,-1.1604488464998,-0.353583315418467,1.58543389941778,1.14986631244269,1.02755132287205,2.49952300307596,-0.688849968232438,0.141460545004487,0.621153514428708,-0.433845179637909,-1.15122030423583,-1.05834216749048,-1.10282074730298,1.04365266102481,-1.05618654703309,1.48777387001243,0.0178660990932967,-0.459353637846922,-0.961299274358306,0.851679982545541,-1.10294500787551,-0.481387672935926,-1.24203911968155,-1.22148552863488,0.27330764431577,1.38175799306964,1.3537113041635,1.26157141007396,1.34259521435226,-0.720290730320524,-0.209368692507428,-0.333979422149212,-0.956724101762177,-0.230075729421995,-0.457398031009934,-0.619283391928622,-0.64058805739383,-0.55330956317479,-0.133016206441141,-0.220563285821935,-0.189129511616007,-0.140014937318717,0.0621384592701477,-0.366776744657462,-0.547435183985099,-0.376966020067782,0.754335996180896,0.795140174306145,-0.444251915781118,1.45824974179125,-0.744267573836537,-1.36333045066355,0.726172755495118,-0.311139399228302,-0.10075369417069,1.41095174850089,-0.434074812882258,0.458579831344262,-0.0609873547032339,-1.00671795787817,-0.644994724379254,1.04850764809996,0.891887184141365,0.727126524815734,2.06828177866309,2.18629138006048,2.08242296123273,2.18316868175381,0.23524876409128,1.17606334305485,0.18787525574614,-0.189444898148642,-0.226875569169311,0.235570302222313,-0.0924573500527467,0.90955648980559,0.267182086905024,0.496770369545922,0.500362972394892,-0.949587954657186,-0.138329585106176,-0.391348688885798,-1.46155861675429,1.83175638503604,0.176565734692862,-1.30350158940051,0.881022906339523,1.08782463691748,-0.551753470686607,-0.115382978305131,1.30296273431785,-1.57890780522414,0.00709456412135369,0.0352672065190975,-0.248412816512834,0.101693177953087,1.3153972372028,-0.11949251912636,-0.390868007842976,-0.10010478917523,-0.0597367947051054,0.378602433862569,-0.391348688885798,-0.321861540250354,-0.321861540250354,-0.640839520976896,1.06464186335627,-1.31597710055166,0.85572211589946,-2.36851308661801,0.551928838042662,-0.544247527234835,-0.264029226104202,2.24352760577905,0.760473546598372,-0.628161290785547,-1.02301435554381,0.0543650200071232,0.0257493329145824,-0.145179466755593,0.682832724400303,0.682832724400303,-0.609687155220656,-0.720143453672756,0.288567385435518,-0.58250322963563,-0.722945859776196,0.705007918115826,-1.68278186869654,0.304440963286713,-0.0946770133781229,-0.286904425214791,-0.0342954753953406,0.171039307067742,-1.13789507336882,-0.912882539758789,2.56267617435537,-0.253520169416148,-0.366110705033174,-0.697694798599504,0.161838566612595,0.555756227867123,0.105565038245289,2.57578461441642,-0.96480656352602,0.353242987609834,-0.634402585285642,1.08555911739508,-0.586063398291218,1.05121612102724,0.261208422753086,0.269604910150844,-0.34476848053886,-0.0434666408647052,-0.576459764357761,-0.123475027790339,-1.69866703966285,0.281459459960805,0.987883042667813,0.174528272850755,-0.497077863665163,2.25765848685121,-0.217427187171022,-0.210617258288034,1.13620597443694,-1.20457557245354,-0.241958561604024,-1.41667036516848,-0.553751890761977,-0.738257558223326,-0.779675500224294,-0.611535701313945,-0.973391570411965,0.943214105202603,-1.56531543697313,0.43110035463292,-0.956619933665339,0.143988474218959,0.682832724400303,-0.333979422149212,-0.750927891608026,-0.315851368525389,0.406559606588398,-0.308861968134177,-0.705827158615937,7.29733247323696,-1.42850997078591,-0.986987999991752,-0.845327642642986,1.09640162811069,-1.76832262353781,-0.964603692743623,-1.23321624918318,3.92278703254769,-0.0734685214771128,-1.6882732998595,-0.669300457399169,0.898725322117096,-0.956619933665339,0.044462103313619,0.294983219209284,0.155666779985624,1.26061717483676,-0.525649875265053,-0.34476848053886,1.29313056898732,-0.13044354190256,1.03059780346671
comm.and.crime_point_0302,comm.and.crime,regression,0.03,0.233254177222702,nominal,-1.6882732998595,-1.21585037425788,-0.453822940289352,-0.692630399267912,-0.35364645738641,0.640404199215584,-0.639997445119629,-0.576459764357761,-0.156045871094839,-0.444866529913555,-0.397969848981704,0.540420449981549,-0.499564470154296,-1.56531543697313,-1.00841063129797,-0.864643894797944,0.580234661072763,-1.49203220848915,0.799837073718665,0.145053283764153,-0.771334789653356,-0.986987999991752,-0.786206461289495,-0.953132713675412,-0.764005364912463,-0.324717903551093,-0.4726301518147,-1.39981420419544,-0.35568405855027,0.293144453697438,1.42572741330126,1.66250252420604,-0.964061379851424,-0.858334513139159,-0.178544390830854,2.98249868650247,-1.6562283955597,3.06037552883175,-1.18813086037385,0.65086069045285,-1.45039475946692,0.584760136908366,0.630299643532615,-0.761660555595246,0.143988474218959,0.190658429492517,0.392997330658716,0.246029414243294,1.11825455621509,1.38842693899541,-0.333979422149212,-0.521839596572905,-0.34476848053886,-0.366110705033174,3.0313168319037,2.93264786707262,2.11377062772603,-0.726761076765874,-0.60138190496379,-0.653776320283739,-0.693624944209472,0.899626067917892,-0.594343123662683,-0.852674245419489,-0.7440181099252,-0.543205919690318,-0.787899790914564,-0.180122176360894,0.392730971501469,-0.458494049224697,-0.261932944397787,0.726172755495118,-0.37760024144161,-0.409993611322597,0.49304512794504,-0.617754621230122,0.82897837806628,0.369181677055691,1.5463298522628,0.712284992624459,-0.912061542959443,-0.878848277811454,-0.803145557548822,-1.4425289024979,-1.39745893109594,-1.30077457424005,-1.23756759008094,-0.885696359334983,-0.799654518454378,0.18787525574614,-0.286904425214791,-0.226875569169311,-0.889317488918297,0.837417660326429,0.46842532549381,1.01523190618138,0.597667758583312,0.865796089126112,-1.04806557169458,-0.662221689003069,-0.391348688885798,-0.685616345951833,0.670299999286939,-0.453822940289352,0.0319996393835476,-1.96575689216723,0.339056972600567,-2.49193388036862,-0.34476848053886,0.547039635036561,0.988978031119698,-1.66673515571579,-0.388045418306067,-1.5166649139092,0.101693177953087,-0.851110337619796,-0.0150576810207445,0.578342721049512,-0.10010478917523,-0.531713688779321,-1.30034383812505,-0.391348688885798,-0.504578098615964,0.500362972394892,-0.478855999702333,-0.533338919381635,0.690595290266559,0.108751861038678,0.775426071093047,-0.777184479464502,-0.352747691465246,-0.81022732312622,2.32407992805221,0.267215693943522,-0.567472613338656,-0.0705609496871936,-0.630806040272269,0.640404199215584,0.423745243452043,0.660351242786569,0.682832724400303,0.65086069045285,2.28779462402869,-0.597934995088079,-2.3104286088285,-1.80716432401026,0.800574593079997,-1.08724254795214,-0.869747200724323,-0.392446673750327,-0.286904425214791,1.00349875849274,-0.953132713675412,-0.370281702344836,2.86047707603872,-1.41412195547291,-1.09698938712883,-1.23334030181239,0.243010035727013,1.78127784065899,0.643293485923684,-0.307289207713733,2.12282451906883,-0.316872478427771,-0.531713688779321,-0.358695607590779,0.281129612160397,0.214903302320632,-0.199361816374992,-0.651338533289799,-0.199361816374992,-0.230075729421995,-0.521839596572905,-0.533447461928133,-0.758443965028085,-0.0965886105387498,-0.121723128517532,-0.669300457399169,-0.0380095163665442,-1.34229302980988,-0.017646871584048,-0.375024355916575,-0.00131209356022966,0.620806112517094,0.0319996393835476,-0.241958561604024,3.0081130167773,-0.315607286918777,0.486720391900693,-0.165584803405107,-0.738257558223326,-2.14797053089092,0.23524876409128,0.682832724400303,-0.0924897401426294,-0.64471119872407,0.243010035727013,0.682832724400303,-0.333979422149212,3.72591167609637,-0.696016939253532,-0.779598642789415,-0.114805430650861,-0.874299669303055,-0.187688592418646,-0.056684368540964,0.274003127169785,-1.02539690198974,1.3445430117542,-0.235899778288672,-1.10521140486391,0.726172755495118,-0.691582097088426,0.819460891553668,0.629145668582266,-0.590386957395979,-1.81590517003619,-0.912061542959443,-1.70972241982659,-0.830849724959226,-0.00131209356022966,1.26061717483676,-1.16798693587037,-0.230075729421995,-1.16878960722883,-1.0002125522811,2.14026999536886
comm.and.crime_point_0708,comm.and.crime,regression,0.18,0.130950647806807,anomaly,0.690130378278102,-0.519882053238727,-0.375024355916575,-0.570468175912889,-0.116905957376842,-0.138158631432351,-0.639997445119629,-0.533447461928133,-0.735958731452675,-0.723488865413399,-0.698261939676291,1.32173368638348,-0.499564470154296,-1.56531543697313,-1.05617467706755,-1.73937749511611,1.41312877672148,-0.874299669303055,1.49100722539581,0.910347635987851,1.25774379948753,-1.13830693525114,-0.890859043653398,-0.899600712687643,-0.822282657197971,-0.506783935891765,-1.29141774757362,-0.853606712675401,-0.199361816374992,0.993442518149931,0.675819615326396,1.11931402444534,-0.916258664592466,1.16964883427367,-2.01724040279586,-0.575060418388539,-0.0603953852759968,-0.307777118839921,-0.329263137039369,1.63737639576255,-0.65238892350022,0.870197520750541,1.22940661099857,-1.020402605573,-0.549162456337422,-0.584710153621474,0.347282905426335,-0.746101547760053,-0.245827430569399,-0.152304562810898,-0.241958561604024,-0.347885794497196,-0.34476848053886,-0.548685356986693,-0.761514569480531,-1.18649910140954,-1.06620959988649,-0.726761076765874,-0.728321444677741,-0.738257558223326,-0.736210329354915,0.767391182341933,-0.548829847861638,-0.750927891608026,-0.7440181099252,-1.01503934364349,-1.5477589742205,-0.127296228476849,0.0882970371329595,-0.506122969993337,-0.0300597851839413,0.726172755495118,-0.244678557014993,-0.873853487050458,0.331061606670478,0.0251247079874021,1.30520508099459,-0.233054967406804,1.42279528080437,-1.03278892923746,-1.04573671507713,-1.00841428722264,-0.973175788922662,-1.4425289024979,-1.30189225613177,-1.17994609083031,-1.1907081890969,-0.590710800538598,-0.0520855978833183,-0.0717389230187961,-0.189444898148642,-0.226875569169311,-0.802787658830557,0.641654500246602,0.413283929954837,0.0677021350979969,0.395872980508533,-0.321861540250354,-0.604916295026319,-0.618564013678328,-0.391348688885798,1.59656680346716,0.455215483407476,2.0677317596395,1.76320493595548,0.110020044243945,1.26061717483676,-0.323496951900488,-0.115382978305131,-1.12679008480058,1.38842693899541,-0.532850506793854,0.617322065653698,-0.854968167441532,-0.156045871094839,-0.0140505928019747,0.559333928560141,1.45063237705275,-1.45699980962471,0.117254540572726,0.477363979273606,-0.391348688885798,-0.0477867027019386,0.134929855663671,0.223072592487436,-0.231018230755544,0.837417660326429,0.568425864029928,0.981586015860986,-1.42160305764979,-0.44849760935004,-0.203340548657311,-0.535527512645018,-1.54139643245759,-0.628161290785547,-1.02301435554381,0.935299240366342,0.394542252695183,-1.28302888717086,0.682832724400303,-1.56531543697313,-0.719300011366178,-0.307289207713733,-1.80104536865582,1.26061717483676,-0.608817600383137,1.32619130538294,1.19565818156809,0.0435102601731493,-0.491703227207728,-0.286904425214791,0.402670517820692,-0.899600712687643,0.550854342883945,0.233454558711339,-0.733880170107544,-1.09698938712883,-0.822547334916973,-0.153076210305205,-1.28252619132067,-1.15122030423583,-0.897080987655194,0.0227368042754491,-0.154888957153209,-0.236728129982936,-1.84751328714304,1.54523312038634,0.321698862402212,-0.199361816374992,0.475925353586706,-0.35568405855027,-0.000690227188266011,-0.608816497610759,-0.619472066787389,-0.546787652615503,0.0427225572111723,-0.58250322963563,-0.550930207394384,-0.590607768331523,-0.602729759433253,0.0352672065190975,-0.453822940289352,2.92896021262903,0.981586015860986,0.823407774959287,2.05856295202569,0.530234322887664,0.113052999998984,-0.44257322543477,-0.0632363539352424,0.697923486749661,-0.483983670212399,-0.295725241742213,-1.56531543697313,0.793585804862147,0.469248568923321,0.688607062513258,-1.56531543697313,-0.333979422149212,-0.343942476362171,3.44356371978626,-0.0679036931627271,-1.14977363056188,0.58579542331863,-0.109719622984733,0.139290717494029,-0.835669064732367,-0.98037958715305,1.04677335138199,-0.514522113788516,-1.15208064223734,0.726172755495118,-0.691582097088426,-0.296700874734808,-1.20039562229281,-0.629843707397574,0.446286906758215,1.27129960162944,0.471155635969346,-0.728501275489362,0.521950818259281,-1.56166094451159,-0.575060418388539,-0.230075729421995,-1.2200796109,-0.652304948129686,-0.331272613867753
comm.and.crime_point_1743,comm.and.crime,regression,0.15,0.325624047126029,nominal,-1.38334975138032,1.22003874930914,1.67373883777562,-0.26506261752533,-0.590386957395979,-0.588905533386419,3.42937406498414,1.0580077279681,-0.607089206928712,-0.166244194413711,-0.277853012703869,-0.0734685214771128,1.68356667399525,0.682832724400303,0.0423983756329848,-0.263264544579206,-0.399640769102202,-0.256567130116958,-0.812893280194679,1.04539958049792,-1.01004991778758,0.0218049017374774,0.46962452707733,0.545763313982127,0.984313403652762,0.949744322833616,0.294983219209284,0.0749460229086676,1.36386060537779,0.293144453697438,0.394604191085821,0.0329370249239415,0.470020077917318,0.378240698697934,-0.23600364120476,-0.42682878901808,0.0535926868871247,-0.760215534198803,0.529604586295112,-0.171235730638567,0.544619830449837,0.299322753066192,0.0856569458362924,0.467364181799085,0.29252081648104,0.33604003882639,0.347282905426335,0.35046425234891,-1.01683029266498,-1.46477954583108,0.310166601667107,-0.173931992421487,5.84864007977183,1.77914145542068,1.70382584141922,1.5926843953977,1.54958058734317,3.4718633633876,3.46068336588266,3.44356371978626,3.47974280004391,-3.15557708974487,3.8204446290386,0.520901531035269,0.304702146810281,-0.0713724957371486,-0.344648600652765,0.506615146131691,-1.89052353626235,3.1136750084233,2.11476693754413,-1.23321624918318,0.752234076184632,0.517726140133124,-1.72072966280731,-0.158555100360462,-1.23467066795639,-0.0609873547032339,-0.718470624475156,0.082119409729878,2.56349293210042,2.96494333472027,3.10754976404949,1.24757278826182,1.1350579554546,1.15607125509137,1.05854305813691,1.41519099927682,1.38965446321801,-1.00634996657257,0.200393210115953,0.17153031803774,3.39390910042479,-1.80538500075123,-1.29609933175331,-0.381127756467814,-1.62207480023925,0.226288134846476,1.2661584286841,0.298247168141235,2.1052364203334,-0.913834660893733,-0.792274708693406,-0.453822940289352,0.229851673277482,-0.127211605631618,-1.44646591923207,0.36127260445787,-0.34476848053886,-0.478855999702333,0.532464993547459,0.547039635036561,-0.917186199337522,-0.0278472343569434,-0.156045871094839,-0.752632720582405,-0.954971223971284,-1.31161820029084,0.481421648160263,-0.35472235350149,0.773648615506715,1.93879741305212,-0.321861540250354,3.14975306869624,-0.96480656352602,-0.922036947615181,1.32682556052599,0.338588862534303,0.517726140133124,1.92131831668641,-0.544247527234835,-0.385406580997984,-0.454975190371856,2.29505353263568,0.585612258152271,-1.28758474605954,-0.875509990372052,0.394542252695183,1.2771323087635,0.682832724400303,0.682832724400303,0.102796409725239,-0.307289207713733,0.478532181262003,1.49100722539581,0.133016085671751,-1.06297556872134,-0.69021633412253,-0.608816497610759,-0.541331503936429,-0.286904425214791,-0.744365214371393,-0.36428070280995,0.243808994474351,0.185690512941751,0.417298235895379,-1.09698938712883,0.0446822618622457,1.6788226775938,0.161838566612595,-1.10745167520755,-0.838101809661048,2.28753728101341,1.30296273431785,-1.23967902989064,0.523566721032782,-1.55756639980461,-1.12004119869912,-0.121200695287352,0.261208422753086,-0.35568405855027,-0.230075729421995,-0.826258750205395,-0.576459764357761,0.458579831344262,0.251689308836056,0.799837073718665,-0.629843707397574,-0.463085094801143,-0.338600020013028,-1.02301435554381,-0.217427187171022,0.364971944713428,1.08466598824495,-0.512093453824773,-0.333979422149212,1.06120832872116,2.30398335535642,-0.400332606464976,0.294983219209284,0.0220735832329614,-0.435042880192443,-0.472716577020044,-1.56531543697313,-0.253594384688952,-0.733827980135861,-3.02470149403878,0.682832724400303,0.12612488057673,-0.343942476362171,-0.696016939253532,-1.43198567994721,-2.76691144292284,-0.256567130116958,0.747939040788304,0.433253346546518,0.223563482083323,-1.02539690198974,-1.48426876178174,-0.444866529913555,-0.0740881826484698,0.726172755495118,-0.376966020067782,-1.02220602282232,-1.6882732998595,0.356575042642296,-0.257506183800045,0.201898224687947,2.32016094414416,-0.984372399164023,-0.00131209356022966,-0.409710691716343,-0.575060418388539,-0.34476848053886,-1.93813966229637,1.47862912729775,1.18191673872609
comm.and.crime_point_1684,comm.and.crime,regression,0.37,0.163204656117256,anomaly,-1.38334975138032,1.22003874930914,0.0977671503200851,2.66683074299523,-0.116905957376842,-2.59677809663636,4.0517485312353,0.369810889094052,1.26151889866876,0.251689308836056,0.442848004963141,-1.46867072933771,0.124187285317004,0.682832724400303,2.00072425218612,1.59554435609689,0.286272032020273,0.473480416193885,-1.90724602035016,-0.215085234929352,-1.30844382795535,1.58543389941778,0.626603400623183,0.866955319908742,1.2756998650803,1.49594241985563,0.346157443944216,1.16736100594875,-0.277522937462631,-0.932377159094426,-0.917734455370194,-1.10282074730298,1.13925809154273,-0.907797521612643,0.913181366273366,0.413150444081187,-0.3453655656838,-1.01157020939818,1.01271768067076,-1.48659000438483,0.259617746176014,-1.18495164291312,-1.33041406817415,2.60198609411555,1.23322565080756,0.869105939717259,0.941570433447291,1.29037779529945,0.0507121317750543,0.4183367341544,-0.241958561604024,-0.695793398648614,1.14623728398038,-0.274823379056414,-0.240000251790199,0.203092646994081,0.421200506577434,1.98750118757576,2.19128796874315,2.97891691111852,3.2668158743167,-2.58255925224905,1.36272773578222,1.74185777677283,2.2972706346077,3.11350311594674,2.75810973117982,3.09508659244989,1.25529378554558,1.49429170228954,-1.82707676909124,0.726172755495118,-0.37760024144161,1.13620597443694,1.51894076268393,-0.709594525404054,-0.917186199337522,1.01443522469408,-1.04789614836431,-0.596520448771979,2.65260971351221,2.40349062727182,2.34241372286721,2.88899076906436,2.99860811725593,2.32407992805221,2.88605969651438,0.766222769924772,0.695483322687741,-1.52557832410244,-0.286904425214791,-0.226875569169311,3.39390910042479,-1.16915473049179,0.964697885344563,0.716011978470835,0.194078202433754,-0.413219819433159,1.41387485424019,-0.487590987704104,-0.391348688885798,0.501118891746045,0.842367611990508,-0.375024355916575,1.41696387664109,1.77064159337288,-0.467308204356106,-0.209368692507428,-0.230075729421995,-1.01880107061754,-0.209368692507428,0.223072592487436,-0.388045418306067,-0.744685376363587,-0.92926301823862,0.626053917941065,0.193811995190487,0.0452768201586437,-0.148565325619854,-0.826699247575706,0.131698570334978,-0.391348688885798,-0.595936377798769,-0.230503261067549,0.601034142128082,1.32377388217864,-1.02233236043192,-0.00616663970913513,0.672346098709078,2.28380376691563,0.509001569497905,-0.264029226104202,0.471376515769501,-0.171235730638567,-0.14265187121042,0.352751675137971,-0.679746830292226,0.845289154649251,-0.0503586817209869,0.682832724400303,0.682832724400303,1.1441185431077,-0.543205919690318,-0.218005403435109,0.742239561078903,0.817785642030109,-0.202875494043799,1.3941712884829,-0.695793398648614,0.699375414281087,-0.286904425214791,-0.853606712675401,0.278103309043281,-0.114410578670175,-0.578534219371668,2.19639213608172,0.0276362364880784,0.318544239792525,1.03518252779145,1.86881509871555,-0.582228126868179,-0.189330851725441,1.38161709031822,-1.12679008480058,0.943214105202603,-1.07553374959742,1.14301836776899,1.71004114346275,-0.35568405855027,1.92526463671364,-0.277522937462631,-0.34476848053886,-0.608816497610759,-0.490435159498505,-0.123475027790339,0.321344892711017,-1.21607586867302,-0.4325599573896,0.0895131571638354,-0.0216443327087585,-0.599701730718649,-0.375024355916575,-0.367596131833887,0.0538662644052637,2.9008541308456,-0.333979422149212,-0.649707912297875,1.30377601921498,-0.400332606464976,0.243808994474351,-0.484813844404564,0.543772920206689,-0.531713688779321,0.682832724400303,-0.817460640601083,0.023664661864365,0.837139404775339,0.682832724400303,-0.333979422149212,-0.191322945644976,-0.569295082344151,-1.66921732982277,-0.114805430650861,1.37200047319184,-0.421595500720383,0.38425957503777,0.223563482083323,0.145053283764153,-0.839101164308632,0.460656060460939,-0.58964979375619,-1.23321624918318,-0.219657981557459,-1.02220602282232,-0.956456783509466,1.38245054268376,0.647370646917718,-0.64471119872407,-0.856335354515137,-0.319107477609904,-0.105964675924132,-0.00652810323800724,-0.0809549871536759,-0.34476848053886,-0.707179574188299,0.913279270551694,0.0722445468239389
comm.and.crime_point_1327,comm.and.crime,regression,0.83,0.0691234933112461,anomaly,1.17800805584479,0.524070428289996,-0.375024355916575,1.445208509445,0.00146429262794278,-0.0971816403456179,-0.496372568292438,0.455835493953308,0.55273651378696,0.808933979835743,0.262672750546389,-1.52447881765213,-0.265657561852559,0.682832724400303,-0.387478036293313,1.15817755593781,-0.252659454575957,-1.88513473342576,-1.50406343187183,-0.125050605255976,-1.7858740842238,-0.684350129472983,-1.04783791719925,-1.11372871663872,-0.472618903484926,-0.749538645679329,-0.216759028140039,-0.798985963523397,-0.277522937462631,0.249375824669157,0.675819615326396,1.21807556985638,-1.39428581718205,-0.314241419930838,1.02809986702118,0.0672766422167828,-1.9411985759675,0.747912516997469,-1.51020625662428,1.47295711154427,-0.65238892350022,1.61233471874019,1.55619222961636,1.43764686921566,-0.252097771813259,-0.4393285442876,-0.0641469216650966,-0.485014452496014,0.0507121317750543,-0.152304562810898,-0.241958561604024,-0.260908893459341,-0.230075729421995,0.227256913815765,0.37633485093474,1.04677335138199,2.01119062038369,-0.217836902201817,-0.178250105917284,-0.062407654706626,0.115497373553939,0.106216754462134,0.133869289154024,1.08050647699832,1.30098639070899,1.75698202208138,1.49167775900326,1.93291573900091,-0.469831842542641,1.30377601921498,-0.203964654594325,0.726172755495118,-0.244678557014993,-1.0800134318184,-0.26287797133625,1.17312351016155,-0.123475027790339,0.756333805638724,1.34043889983208,2.31193608766455,-0.778386370841756,-0.835659608007726,-0.888160673235742,-0.120275529073628,-0.250658831525885,-0.414699029235275,-0.159801367448073,0.117254540572726,-0.479267838209638,0.655180777523025,-0.286904425214791,-0.226875569169311,-0.283608678304122,0.592713710226646,-0.524119794207697,0.915491930277863,0.79946253665809,-0.413219819433159,-0.260244635395451,-0.443933312379363,-0.391348688885798,2.82894570415342,-0.878308515045191,-0.217427187171022,0.378240698697934,0.347251694119508,0.857434586358428,-0.780009989472726,-0.34476848053886,0.385056113761999,0.30420847476134,0.331061606670478,-0.123475027790339,2.01238440058504,-0.478219682404748,-0.8018715291011,-0.798318966812861,-1.99006571051558,0.239118965937142,0.23524876409128,-1.1522015200085,2.14684617215372,0.0435715764808665,-0.321861540250354,0.763017663402644,0.589566495515274,0.935299240366342,-0.23600364120476,0.105406250597248,0.0686149044036935,-0.544247527234835,0.0394141611302526,-0.13276590127921,0.924892830816656,-1.23504806525446,0.881892456169426,0.543772920206689,0.722358181389051,0.281514065900134,0.682832724400303,-1.56531543697313,-0.226042158711328,-0.0713724957371486,-1.29447257978519,-1.21607586867302,0.4183367341544,0.943924605526253,0.252720923722782,-0.217420442940414,-0.64058805739383,0.00547415598365529,-0.580502966915381,-0.0430886968833349,0.0902863202695546,-0.339713990523725,-0.52457500537974,0.308792642392304,0.957555521629844,0.193499254972986,0.599524856895403,1.47489743746102,0.164544216239436,-0.594936053016721,1.78891329814154,0.412240099369111,-0.303554212051806,-0.925514645691636,0.748881102728531,-0.35568405855027,-1.13445162766544,-0.043039574199713,-0.115382978305131,0.173975611729931,0.0257124696570293,0.405665753241116,-0.305555362163633,0.742239561078903,-0.629843707397574,-0.590607768331523,2.14421953053709,-1.34049882416269,-0.138628602798245,0.626603400623183,-0.461533597514582,-1.10564955550658,-0.333979422149212,-0.472716577020044,-0.696638653067897,-0.400332606464976,-0.67732705075443,-0.44257322543477,0.690595290266559,-1.23967902989064,0.682832724400303,-0.334146706962114,-0.0654521195474263,0.688607062513258,-1.56531543697313,-0.241958561604024,-0.394815653267903,-0.484813844404564,-0.898214467727196,0.0792511068324541,-0.930457172865427,-0.499564470154296,-0.595615855137194,-0.482591549127137,1.81069393272161,-0.590959780665129,-0.166244194413711,-0.683388268503048,-1.23321624918318,-0.324530007231007,1.04269324481136,0.324222120103087,-0.708757207400764,-1.71536329995644,-0.689269589429965,-0.951156139549743,0.346157443944216,-0.786206461289495,2.47016494027177,0.314329357834215,-0.000690227188266011,-0.142989533805432,-0.304397343978269,0.374882417342708
comm.and.crime_point_1237,comm.and.crime,regression,0.1,0.207915948299878,nominal,-1.38334975138032,0.524070428289996,-0.296225771543798,2.05601962622011,-0.590386957395979,-0.302066595779285,1.22712595363386,1.14403233282735,-0.478219682404748,-0.235899778288672,-0.698261939676291,-1.9151354358531,-0.187688592418646,0.682832724400303,2.0962523437253,1.75955690615655,0.286272032020273,0.0242203876949048,-2.02244104562969,-0.75529301296961,-1.72619530219024,1.68631318959071,0.678929691805134,0.759891317933204,1.56708632650784,0.767678290492944,0.755551241823674,0.129566772060671,-0.35568405855027,-0.888608530066145,-0.355303606889044,-0.757155338364351,0.42221736265836,-0.907797521612643,1.83252937225587,0.759024245945591,-1.20027610690721,-0.508860858999424,0.690642284420326,-0.8289128675117,-0.709389340354984,-1.01368921260781,-0.94916417978672,2.01981648166561,1.43126877382367,1.11140862194038,1.12442813437682,1.55146489056349,-0.127211605631618,-0.152304562810898,-0.241958561604024,-0.43486269553505,-0.000690227188266011,-0.229179716068034,-0.0503586817209869,0.15346437026538,0.113460484550416,0.460728663883593,0.625700312271076,0.782404724689249,0.711692765590137,-0.907584034953557,0.907594977771775,1.18225283080978,1.56316645489286,2.46473215801113,1.99825054787388,2.88378280091371,1.00159884023849,0.970373573834504,-1.65317189968086,0.726172755495118,-0.444061083654919,0.826966057285032,1.24896822722633,-0.939194285838884,-1.65798329278156,1.91779019138782,-0.883183386419734,0.130593685337154,1.98423385292377,2.10116993864573,2.08736837580645,2.75220593733081,2.52077474243508,2.28380376691563,2.37060628568996,0.648228546406218,2.93819008440092,-0.279430266030745,-0.286904425214791,-0.226875569169311,1.01433877301197,-0.386102090172486,-2.17836166037687,-1.42839750345471,-0.00771657564102366,-0.321861540250354,-0.309483443914147,-0.662221689003069,-0.391348688885798,2.92023303013018,0.928401418342293,-0.138628602798245,-1.352964597874,1.17756246868398,-0.58250322963563,-0.780009989472726,-0.34476848053886,0.817012170494165,-0.209368692507428,0.547039635036561,-0.917186199337522,0.0824355567210018,-0.284915395618803,0.133665832754111,0.402681671401718,-3.0077369758527,0.578342721049512,-0.000739682945828393,-1.20158229271402,-0.391348688885798,0.226288134846476,0.317646414029282,-1.1807845918921,-0.533338919381635,-2.97996396123019,1.60269237076024,0.930046029669001,0.713033482588985,-0.0176229788684652,0.464234903258489,-1.17994609083031,2.34985996070845,-0.203340548657311,1.09354876858201,-0.239279720112616,0.927243136822718,1.08749073869428,0.682832724400303,0.682832724400303,0.596054262380089,1.04923188615163,1.93492894926506,0.569447023159616,-0.722945859776196,0.943924605526253,-1.03761427122343,1.78304828093024,-0.0450487366494222,-0.286904425214791,-0.471261468611373,0.974019321884281,-0.933198174429091,-0.769590402450023,-0.419922423015838,-0.675254778272487,-0.00096140112613429,0.29252081648104,0.42445034078228,-0.932377159094426,0.813315174175043,0.681587852053764,1.19497372013481,0.825219881684049,2.2880913782799,-0.178544390830854,-0.692858958372798,-0.199361816374992,1.442151542338,-0.121200695287352,-0.34476848053886,0.739325468475985,0.283786284234797,0.881892456169426,0.182033724961094,-0.0641256158777693,-0.51147345739279,-0.845653115392282,-0.0216443327087585,-0.123475027790339,0.176565734692862,0.46962452707733,0.00232627821327909,-1.10564955550658,-0.333979422149212,-0.413719465260767,-0.744267573836537,-0.484813844404564,0.346157443944216,0.486720391900693,1.27788477050604,-0.649707912297875,0.682832724400303,0.551928838042662,-0.778386370841756,0.143988474218959,-1.56531543697313,-0.241958561604024,-0.0895765918335127,-0.569295082344151,0.347251694119508,3.31352673155438,-0.705827158615937,0.436063163052654,-1.42850997078591,0.173123836996862,-0.485189123949481,-0.392446673750327,0.112378141086133,3.20675843349157,-1.23321624918318,-1.05863418694584,0.149763831780583,0.324222120103087,1.65864779269492,0.396015971718339,-0.956619933665339,0.70820759855586,-0.216759028140039,-0.733880170107544,0.339056972600567,0.808434789069078,-0.34476848053886,-0.50201955950362,-0.826258750205395,0.47576170751563
comm.and.crime_point_0487,comm.and.crime,regression,0.1,0.143973279554507,nominal,1.48293160432397,-0.867866213748302,-0.138628602798245,-0.753711510945423,-0.590386957395979,0.59942720812885,0.221751815843521,-0.40441055463925,-0.349350157880785,-0.584177697663477,-0.638203521537374,-0.0734685214771128,-0.109719622984733,0.682832724400303,0.233454558711339,0.11943140555999,0.825203518616504,0.922740444692865,-0.352113179076581,-0.26010254976604,1.01902867135331,0.47576170751563,0.312645653531477,0.171039307067742,0.80948152679624,-0.0212745163166381,0.294983219209284,-0.0342954753953406,-0.277522937462631,-0.494690868811617,-1.01147293011705,-1.20158229271402,0.948047230506899,-0.363704428404322,0.338588862534303,-0.772702590882484,2.21936605798643,-1.06184114443806,1.54951000775481,0.0479899816524777,-0.880390590919278,0.0709728459924523,0.0311926760666601,-0.502918505617492,0.243010035727013,0.481421648160263,0.392997330658716,0.35046425234891,-0.423751167976071,-0.551753470686607,-0.241958561604024,-0.521839596572905,-0.230075729421995,-0.0922487271028942,-0.524462606894016,-0.0946770133781229,-0.0916995301342629,-0.429888641603507,-0.516755545154489,-0.44257322543477,-0.438112633336816,0.546999706382,-0.45780329625955,-0.343942476362171,-0.324530007231007,-0.543205919690318,-0.407970199261594,-0.549903811549208,0.0375580480715412,-0.506122969993337,-0.435837813808171,0.726172755495118,-0.244678557014993,0.46618615394114,-0.0468999429701671,-0.250395004534394,0.987720612375717,-0.147021161055019,-0.512579672044432,-0.838891826808356,-0.600152808018174,-0.576527589185363,-0.505592652644603,-0.576224968185445,-0.776275543828826,-0.857736801737663,-0.722114179256525,-2.41962126507618,-2.18799679951492,-1.16211847383153,-0.286904425214791,-0.127274097367549,-0.456668338479601,-1.2670363105317,-0.303554212051806,-0.0320378408055168,-0.411306131790581,0.226288134846476,-0.752632720582405,0.953112298012351,-0.391348688885798,0.911911858641464,-0.147021161055019,-0.296225771543798,0.0814626478570313,0.643791256463961,-0.236918153797056,-0.380561081597017,-0.34476848053886,0.169078085395916,0.589529123243989,-0.424861492610813,2.68097111167637,-0.413837003129751,-0.864828255976639,-0.358722252432842,0.611551347612948,-1.89314463762633,-0.245486398509103,-0.94469347109426,-1.1522015200085,-0.391348688885798,-0.413219819433159,-0.139144981884744,0.547039635036561,0.546377825711547,-0.532924460232356,-0.810596144943824,-0.409993611322597,0.632481160315823,-0.11337289675326,0.160791516024035,-0.253594384688952,0.322022122016284,-1.23504806525446,0.0881812846222431,-1.65856263069136,-3.08850198967716,-0.00294828920368394,0.682832724400303,-1.56531543697313,-0.0616228744930443,-0.543205919690318,0.0986025896090331,0.396654485240329,0.0188878262786913,0.752791255597911,-0.739844610851231,1.73955983041131,-0.69021633412253,-0.286904425214791,1.00349875849274,0.545763313982127,0.960248140763403,-0.435242082062902,-0.158290967106083,1.10540245912095,-0.685616345951833,-1.93546431745018,1.2998229213479,-0.62599675589646,-0.189330851725441,-0.677292433989011,-0.316872478427771,-0.708705024057152,0.744132303188673,-0.178544390830854,1.65664336342196,-0.199361816374992,-0.812376231415014,-0.35568405855027,1.26093003509725,-0.13044354190256,0.283786284234797,-0.864272121234376,-0.0965886105387498,-0.00652810323800724,-0.629843707397574,-0.165532189896924,0.559441094015736,-1.65798329278156,-0.453822940289352,-0.210617258288034,0.156946236789233,0.32877769022445,-0.0579168405136468,-1.18068191813137,0.303568683073544,3.44356371978626,-0.216759028140039,-0.527054463374357,-1.31597710055166,-0.472716577020044,0.570425316331632,0.189443387813436,0.825715694570486,0.0944776934649314,-1.56531543697313,-0.241958561604024,3.72591167609637,-0.273610749555595,2.9567998427507,0.143936619326893,-0.256567130116958,0.592001101920479,-0.350646997593453,0.173123836996862,0.775295691477787,-1.98055152906875,-3.02212313328711,0.253996478965534,0.726172755495118,-1.00619817410907,-1.9151354358531,-0.407594396246943,1.42190729268536,-1.51427955979694,-0.199127291665113,0.803028383590466,0.0391120955346223,-0.943185334835349,0.742239561078903,-1.41503965148781,-0.34476848053886,0.882810539617961,-0.217420442940414,-0.482591549127137
comm.and.crime_point_0806,comm.and.crime,regression,0.12,0.098539870343441,nominal,1.48293160432397,-0.171897892729153,-0.375024355916575,-0.6315492875904,-0.472016707391195,0.312588270521716,1.03562611786427,-0.361398252209622,0.101693177953087,-0.0965886105387498,-0.0376193401481986,0.317188096723854,-0.265657561852559,0.682832724400303,-0.339713990523725,-0.536618794678632,-0.791590941172187,0.248850401944395,0.16626443468128,-0.215085234929352,1.9738891838902,-0.331272613867753,-0.367596131833887,-0.471344704785489,0.284985896226672,-0.0212745163166381,-0.728501275489362,-0.198157722851353,-0.35568405855027,-0.450922239783337,-0.964603692743623,-1.00405920189194,0.0875983558456533,0.0814626478570313,-0.293462891578667,-1.31621856524083,-0.174383457439118,-0.760215534198803,0.100170724627871,0.431634978161806,-0.709389340354984,0.698935090445236,0.630299643532615,-0.56760401811193,0.0449669127109041,0.239118965937142,0.164425204496809,0.454899090454526,0.287943781650617,0.36127260445787,-0.241958561604024,-0.391374245016123,-0.230075729421995,0.227256913815765,0.234103673382831,0.500862307366285,0.216040491892755,-0.0906058585608025,-0.093623746107983,-0.0201670357368324,-0.140014937318717,0.326608230422067,-0.321263468856418,-0.394815653267903,-0.429402032904556,-0.543205919690318,-0.281327002043937,-0.444251915781118,-0.77426577691115,-0.220349445381496,0.317749953636827,-1.23321624918318,-0.37760024144161,0.620806112517094,-0.856817549342979,-0.434074812882258,-1.60506921467841,1.01443522469408,-0.636114243502866,-0.499571897557428,-0.466477635900487,-0.533338919381635,-0.590607768331523,0.0165093026599163,-0.155092156561714,-0.0924897401426294,-0.159801367448073,-0.118733906464382,-0.158881157964898,-0.487121609042694,-0.286904425214791,-0.226875569169311,-0.153813933172513,-1.12021394047183,-1.13067514513639,-1.17904756369592,-1.11758785505231,-0.321861540250354,-0.358722252432842,-0.138329585106176,-0.391348688885798,-1.27898396480077,-1.3945113531559,0.0977671503200851,-0.413167436877806,-0.127211605631618,-0.179320641157294,0.874849771726638,-0.34476848053886,-0.478855999702333,-0.266432822203958,1.03299019886025,1.04063469047886,-0.854968167441532,0.0372584156911057,-0.506438677988928,0.559333928560141,0.917566476161884,1.25679023127425,-0.531713688779321,1.46497943338397,-0.391348688885798,-0.139144981884744,0.683079530760502,1.84290780523306,0.805509844533911,0.935299240366342,1.54523312038634,-0.255373652746643,-0.374422868098694,-0.496372568292438,-0.567472613338656,-0.857736801737663,-0.664493583293417,-0.0819631937635291,0.0881812846222431,-0.679746830292226,0.640404199215584,-0.287410644307502,0.682832724400303,0.682832724400303,-1.8154285728214,0.164544216239436,-0.218005403435109,-0.409710691716343,0.703657382637049,1.51732465531128,1.09640162811069,-0.695793398648614,-1.98055152906875,-0.286904425214791,-0.143536973699349,-0.846068711699873,0.0391120955346223,-0.960646585528377,1.2545188948066,-0.909551783192675,-0.320467042044794,-0.648184017845477,0.293144453697438,0.468218969810561,-0.0713724957371486,0.105093185247738,-1.23477909898362,3.0081130167773,0.578708116571755,0.913181366273366,-0.692858958372798,-0.277522937462631,0.422246120878301,-0.433845179637909,0.114002523928599,-0.739281849167541,-0.533447461928133,0.194009440828534,-0.0965886105387498,-1.33127089395254,3.23691779275872,3.10754976404949,0.400963250363601,0.0352672065190975,-0.138628602798245,0.312645653531477,0.414646167749156,-0.561556462298257,-0.241958561604024,-1.71165592396486,-0.363236207687417,3.44356371978626,-0.984372399164023,-0.273610749555595,-1.02233236043192,-0.177731018223659,0.682832724400303,1.07551893281821,-0.421919245194591,0.342031597235068,0.682832724400303,-0.333979422149212,0.571774707941,-0.696016939253532,-0.30513534303829,0.0145655943380156,-0.930457172865427,-0.187688592418646,-0.98756602720718,0.0722445468239389,1.54059004370149,0.252720923722782,-0.235899778288672,-1.01147293011705,0.726172755495118,-0.429402032904556,0.763652803239245,1.17800805584479,1.69810454269652,-1.21265394955768,0.424690178217426,-0.524462606894016,-1.18906929810375,-0.262943549469985,-1.15847835603325,-0.377418245894594,-0.115382978305131,0.0108804772080765,-0.347885794497196,0.828839223120861
comm.and.crime_point_1223,comm.and.crime,regression,0.16,0.288957559781592,anomaly,0.0192985716239078,0.524070428289996,-0.453822940289352,0.712235169314856,0.159291292634322,0.271611279434983,-0.592122486177232,-0.576459764357761,1.64812747224065,0.808933979835743,1.52389953146366,0.707844714924821,-0.499564470154296,-1.56531543697313,-0.769590402450023,-1.13799814489737,1.21715369068649,-0.53735464792882,1.26061717483676,0.0100013392540886,0.422240851017754,-0.734789774559444,-0.890859043653398,-1.00666471466318,-0.647450780341448,0.282168870917816,-0.882023949694159,0.730395012732716,-0.35568405855027,-0.0570045785288092,1.09764275168726,1.02055247903431,-0.58163965777976,-0.858334513139159,-1.32772939830898,-1.01975530649992,2.78930641880204,-0.20723524876017,-0.060866973497344,0.924892830816656,0.886622331578425,0.0709728459924523,0.466906834223718,-0.826346068089685,-0.697694798599504,-0.633170690066098,-0.658434449686053,-1.58158025260498,1.88925741831066,1.73081171717458,-0.333979422149212,-0.217420442940414,-0.34476848053886,-0.776903671928593,-1.18820810213626,-0.739844610851231,-0.707179574188299,-0.726761076765874,-0.728321444677741,-0.696016939253532,-0.693624944209472,0.723312887149946,-0.594343123662683,-0.700054714702294,-0.691582097088426,-1.01503934364349,-1.16782938256753,-0.497077863665163,-0.114658919112713,-0.553751890761977,0.317749953636827,-1.23321624918318,-0.37760024144161,-0.409993611322597,-0.0468999429701671,0.346564372596164,1.67560362771661,-0.0609873547032339,1.09336975691521,0.372965063373531,-0.912061542959443,-0.878848277811454,-0.888160673235742,-1.30574407076435,-1.30189225613177,-1.30077457424005,-1.1907081890969,-0.590710800538598,-1.49382565898465,-0.487121609042694,-0.286904425214791,-0.226875569169311,-0.802787658830557,0.543772920206689,-0.248412816512834,-0.680347684178355,-0.411306131790581,-0.321861540250354,-0.752632720582405,-0.70587936432781,-0.391348688885798,2.37250907426962,-1.69562967538715,0.334162903438415,-0.808871504665675,-2.26229645451168,0.108666922041517,0.703657382637049,-0.230075729421995,-0.424861492610813,-0.0381763034178386,0.169078085395916,1.1993769247883,-0.579261189746669,-0.735958731452675,-0.112528209839365,0.768203604771372,-0.245486398509103,-0.487789080732225,1.4741881110361,-0.855916883775387,-0.391348688885798,-0.504578098615964,0.865796089126112,1.14097921304329,1.62609457080473,0.543772920206689,-1.15535164718726,-1.02847344562641,2.32407992805221,-0.304872732522849,0.100102838577144,-0.817460640601083,-0.883719295584461,-1.23504806525446,0.194009440828534,-1.46279947061153,0.886266145735984,0.139282888348225,-1.56531543697313,0.682832724400303,-0.33565501485685,-0.366268385707879,-0.407970199261594,0.627044535799378,1.27429867960235,-1.25410891864968,-1.08724254795214,-0.956724101762177,-1.83166669888264,-0.286904425214791,0.78501576188472,-0.792536710712104,2.13725530966685,-0.960646585528377,-0.786206461289495,-1.14384878811286,1.14013017358336,0.540074720251176,0.643293485923684,0.161838566612595,-0.897080987655194,-0.800827005447445,-1.77472416989883,0.766222769924772,1.2955462585784,2.57949962711665,-0.586063398291218,3.39604975365641,0.368566888169896,0.425927152326122,-0.230075729421995,1.91351363248702,-0.533447461928133,2.3634866430575,0.669622812085821,-0.236918153797056,-0.393103207388005,0.174528272850755,-0.602729759433253,-0.811358043131231,0.412961487811192,-0.681553878925593,-0.152293680362675,0.576092732591868,-0.333979422149212,-0.0597367947051054,-0.696638653067897,2.72547319729976,0.0391120955346223,-0.44257322543477,0.935299240366342,0.707225658165495,0.682832724400303,0.0686149044036935,-0.511036026606383,0.143988474218959,0.637869761172835,-0.0579168405136468,-0.140449768739244,2.64099195936017,-1.19475403007165,1.04953379424903,-0.144252122992213,0.825908010222217,-0.791590941172187,0.274003127169785,1.81069393272161,1.3445430117542,-1.35038912028805,-0.777126743249906,-1.23321624918318,-0.167221968720685,0.763652803239245,1.3609621849323,-0.669300457399169,2.40685337331337,-0.243685682371009,1.08749073869428,0.857899691293538,-0.576901296561691,0.857434586358428,-0.42682878901808,-0.230075729421995,0.0621704808792462,1.5656060283356,-0.58347083930006
comm.and.crime_point_0469,comm.and.crime,regression,0.15,0.18133815023328,nominal,0.629145668582266,-0.867866213748302,-0.217427187171022,-0.509387064235377,0.435488542645486,0.0667263240013159,-0.592122486177232,-0.576459764357761,-0.735958731452675,-0.653833281538438,-0.578145103398456,1.43334986301233,-0.109719622984733,0.682832724400303,-0.387478036293313,-0.755302194758174,-1.37951619927717,0.13653539481965,1.26061717483676,-0.215085234929352,1.91421040185664,-0.381712258954214,-0.52457500537974,-0.631940707748796,-0.239509734342896,0.0394141611302526,-0.370281702344836,-0.252778472003357,-0.277522937462631,-0.713534013953022,-0.214695894768757,0.526744751979124,-1.15527224088726,-0.0174633690899362,-0.638218393822105,0.709613702822105,-0.516347673928482,0.396015971718339,-0.919734696831824,-0.445267871002372,-0.253386005516867,-0.671164351997201,-0.567914291399295,-0.308861968134177,-0.0540546487971503,-0.00318371628598076,0.347282905426335,0.193811995190487,0.58448334399507,0.30420847476134,-0.241958561604024,-0.260908893459341,-0.230075729421995,-0.959478323882113,-1.28302888717086,-1.28575565486694,-1.47652962925584,-0.641940381005198,-0.686008264773091,-0.653776320283739,-0.65103955906403,0.194373344846107,-0.412290020458506,-0.394815653267903,-0.376966020067782,-0.307289207713733,-0.471291797870422,-0.549903811549208,1.25529378554558,-0.649009732299257,-0.899584132235861,0.726172755495118,-0.311139399228302,0.723886084901063,1.30296273431785,0.346564372596164,0.564407987550553,-0.964342321396976,-0.677292433989011,-0.25720051952105,-0.64471119872407,-0.706093598596545,-0.803145557548822,-0.257060360807173,-0.441792181454227,-0.616079834918179,-0.534676575320374,-0.94469347109426,-0.158881157964898,0.291720927252114,-0.286904425214791,-0.226875569169311,-0.49993325352347,1.18000319046612,2.01238440058504,1.71341173750597,1.45529556540112,-0.413219819433159,0.67529272645976,0.822139272038128,-0.391348688885798,0.135969587839005,1.10046903104586,-0.375024355916575,-1.40242760634748,0.110020044243945,-0.640100742275393,1.559619328085,-0.34476848053886,0.169078085395916,0.133016085671751,-1.12679008480058,0.299837597034825,1.07498067642251,-0.671523969190694,-0.900349146138491,0.611551347612948,-0.681631226510723,1.40217184060813,3.0081130167773,-0.954678429186424,-0.391348688885798,0.317646414029282,-0.504578098615964,-0.96480656352602,-0.446961579774181,-0.532924460232356,1.66015162113415,-0.409993611322597,0.511652676906082,-0.687872404062027,1.13181035517429,-0.0119374178694681,-0.8289128675117,-0.14265187121042,0.299837597034825,-0.728687620312182,-1.08062942642722,-0.90374574703244,0.682832724400303,0.345610500194289,0.486441406234567,-0.0713724957371486,-0.218005403435109,0.68464204843914,-0.152304562810898,-1.01519223123925,2.78376303688651,-0.43486269553505,-0.938357717766034,-0.286904425214791,-0.635123716067385,-0.41781270379772,-0.933198174429091,-0.8651184939892,-0.786206461289495,2.88605969651438,-1.46155861675429,0.886650185529367,-1.01991441715099,-0.582228126868179,2.46473215801113,0.146271375733883,0.169078085395916,1.23819966399899,1.2955462585784,-0.178544390830854,-0.425870058168848,0.738571636676679,-0.919734696831824,-0.277522937462631,-0.34476848053886,-0.521839596572905,-0.533447461928133,-0.811358043131231,0.739278395960782,-0.928088305474204,-0.274732957383221,-0.930668231079202,-0.708381655201343,1.14646284668515,-0.453822940289352,-0.943185334835349,-0.203833666554659,-1.10564955550658,0.678250043847861,1.06120832872116,-0.696638653067897,1.07808905747781,-0.267933252874971,0.0220735832329614,0.299068970106906,-0.531713688779321,0.682832724400303,-0.938289124010825,3.27642718339475,0.787628624021312,0.682832724400303,-0.0579168405136468,2.55582860726454,0.613442248810074,0.169327956712836,1.37296135672122,-1.49203220848915,-0.421595500720383,1.16815991917774,2.39246822080117,0.730278376641099,0.600118860823686,-0.0269330266637888,-0.0740881826484698,-1.23321624918318,-0.586710071414878,0.484612361667126,0.629145668582266,-0.669300457399169,0.345745036678463,-0.956619933665339,-0.856335354515137,-0.4726301518147,-0.576901296561691,-1.90724602035016,-1.46445019461129,-0.34476848053886,-0.348149548490111,-0.478351146053977,1.98895106010947
comm.and.crime_point_1454,comm.and.crime,regression,0.13,0.415866806053393,nominal,-0.651533235030286,0.87205458879957,0.176565734692862,-0.0818192824927953,0.00146429262794278,0.312588270521716,-0.400622650407643,-0.533447461928133,1.32595366093074,0.948245147585665,1.52389953146366,0.652036626610397,0.202156254750917,0.682832724400303,-1.15170276860673,-1.19266899491726,-0.546622083628446,-0.593512151491192,1.14542214955724,0.640243746967722,0.660955979151975,-1.08786729016467,-0.890859043653398,-1.06019671565095,-0.764005364912463,-0.688849968232438,1.21611926443806,2.04129299238081,0.269604910150844,1.03721114717821,-0.0740881826484698,0.477363979273606,-0.58163965777976,0.922333791906255,-1.5001071494307,-0.179776073400649,0.737521119865853,0.446286906758215,-0.490300835164584,1.25373139925322,1.05762358214272,0.698935090445236,0.957085262150409,-0.632289530606369,-0.796716360107558,-0.681631226510723,-1.0241498515451,-0.58944929060163,0.169327956712836,0.0188878262786913,-0.0579168405136468,-0.0869550913836323,-0.230075729421995,1.9617161073742,1.60900505638462,1.29491473502549,1.54958058734317,-0.217836902201817,-0.305189645631236,-0.400332606464976,-0.395527248191373,0.635156296765973,-0.45780329625955,-0.394815653267903,-0.534274058578104,-0.95606016564934,-1.10450778395871,-0.549903811549208,-0.0639199300512947,-0.410865128456057,1.24524259049221,-1.23321624918318,0.419929865118091,-0.873853487050458,-0.0468999429701671,0.62208408511796,0.987720612375717,-2.12579870714607,1.46397347129051,0.566862165802633,-1.09029510578303,-1.05160295702636,-1.05819090460958,-1.12336429511962,-1.15854224368551,-1.22022225196689,-1.28442699106498,0.353242987609834,-1.54722343902544,-0.0717389230187961,0.102933683049804,-0.226875569169311,-0.629727998655079,0.788476870306472,-0.248412816512834,-0.0819078287572736,0.0931808133963657,0.134929855663671,-0.309483443914147,-0.400275637054622,2.5213339385366,-0.0922487271028942,-1.69562967538715,0.0189685659473083,-1.60027964024141,1.11825455621509,1.14542214955724,0.931913901423168,-0.230075729421995,1.51894076268393,0.589529123243989,0.925001184677206,-1.34049882416269,0.247859743337919,1.26151889866876,0.281382258310197,-0.276144776284783,0.33604003882639,-0.681631226510723,0.412240099369111,-0.460870702131241,-0.391348688885798,0.226288134846476,-0.595936377798769,0.978995691768727,-0.749282268400272,-1.46279947061153,2.86679587898618,0.672346098709078,-0.454975190371856,0.509001569497905,-0.870916000573111,0.672757321452404,0.596054262380089,-0.81022732312622,-0.917186199337522,-0.141398140072703,-1.49039933729455,-1.23561849465356,-1.56531543697313,0.682832724400303,2.73350495721777,-0.0713724957371486,0.858461772914973,0.454251997880092,0.36127260445787,1.94737469265005,-0.987985994494734,-0.565328047091832,-0.938357717766034,-0.286904425214791,1.71356849746879,-0.0966206978711041,0.44850589341408,-0.769590402450023,0.94056114771489,-1.00327058516075,-0.913834660893733,-0.0540546487971503,0.94967388912165,1.34359155037618,-0.602185097684464,0.352162328164607,0.817012170494165,-0.295725241742213,-0.358695607590779,0.22367036178649,-0.692858958372798,-0.199361816374992,0.207529190044681,-0.277522937462631,2.40785754626589,-0.565328047091832,-0.361398252209622,-0.282217262099776,0.391000476585978,-0.352113179076581,0.00146429262794278,-0.208039747740384,-0.127296228476849,0.0352672065190975,-0.375024355916575,1.30684518598855,-3.70855272760961,0.675018749538836,-0.241958561604024,-1.47566747692775,-0.696638653067897,0.57120162984028,-0.0632363539352424,-0.696016939253532,-1.21809552051175,-0.94469347109426,0.682832724400303,-1.22022225196689,1.27129960162944,0.63909628175923,-1.56531543697313,-0.149937701058835,-0.700054714702294,-0.611535701313945,-1.07613820513387,-0.955717093078561,2.43899304087692,-0.265657561852559,-0.644609626645943,-0.93654835490529,-0.125050605255976,-0.64058805739383,1.36617865083543,-0.542780556382761,0.726172755495118,0.40957417248383,-1.24543837608001,-1.38334975138032,0.869512792663029,2.40685337331337,0.825715694570486,-1.37784967220547,-0.779675500224294,-0.210617258288034,-0.352113179076581,0.0178660990932967,-0.34476848053886,-0.0916995301342629,-0.347885794497196,-0.0790743884354456
comm.and.crime_point_1363,comm.and.crime,regression,0.26,0.147441876646225,anomaly,-0.224640267159436,0.524070428289996,0.570558656556745,-0.692630399267912,-0.629843707397574,0.845289154649251,-0.352747691465246,-0.490435159498505,-0.220480633356821,0.0427225572111723,0.022439077990719,0.931077068182516,0.669970071354392,0.682832724400303,-0.8651184939892,-1.30201069495703,-1.03655979871593,-0.930457172865427,0.972629611637952,2.03578050690505,0.302883286950643,-0.785229419645906,-0.786206461289495,-0.953132713675412,-0.530896195770433,-0.0819631937635291,-0.882023949694159,-0.798985963523397,0.504088273413761,0.293144453697438,3.20675843349157,2.79826029643296,-1.15527224088726,1.51588989358806,-0.810596144943824,1.84605619466229,-0.630335746091604,2.30631150323362,-1.34916855849906,-0.171235730638567,0.0316160787569558,-0.100289584312853,-0.132200133242237,-0.308861968134177,-0.549162456337422,-0.390868007842976,-1.0241498515451,-0.0150576810207445,0.465867519057289,0.133016085671751,0.12612488057673,0.0435102601731493,1.14623728398038,-0.822547334916973,-0.808924961997834,-0.888729441037333,-0.963629592544147,0.0790355329605499,0.244881693129221,0.275517297051724,0.328424299281152,-1.92138482436925,1.72683394219057,-0.394815653267903,-0.429402032904556,-0.543205919690318,0.161924188217862,-0.285774072128984,-1.99200151438519,-0.363236207687417,1.01336943127836,-1.23321624918318,0.552851549544707,-0.10075369417069,-2.15268571953948,-0.250395004534394,0.0881812846222431,-2.12579870714607,-0.183154148155274,0.518387890195357,0.201898224687947,0.157679797478001,0.0895131571638354,-1.03217440729726,-0.871842218792997,-0.69663215719134,-0.862692382208638,-0.649707912297875,0.214903302320632,0.810949284781987,0.102933683049804,-0.226875569169311,1.74984232875775,0.592713710226646,0.854415094266617,1.46406179774719,0.900359925695479,0.226288134846476,0.084427024235416,-0.225644935755658,2.14684617215372,-0.229179716068034,-1.78166348173893,-0.375024355916575,-1.20457557245354,0.465867519057289,0.627044535799378,1.44549106869194,-0.115382978305131,-0.316872478427771,-2.03542084279638,0.655028649219603,-0.758443965028085,-0.524119794207697,0.488301751524978,0.084427024235416,2.17807391919718,1.3537113041635,-0.584710153621474,-0.826699247575706,-0.510251474836759,-0.391348688885798,0.317646414029282,0.134929855663671,0.0610890712128745,-0.749282268400272,0.348009760126863,-1.04043314643945,-0.152293680362675,0.99496661054505,-0.639997445119629,-0.324717903551093,-1.13966992969373,1.47295711154427,-0.0212745163166381,-0.0705609496871936,0.935299240366342,0.681381190302317,-0.571872999411319,0.682832724400303,0.682832724400303,0.486441406234567,-0.248310029719587,0.541853779870831,-0.00652810323800724,-0.780009989472726,0.322741218259141,-1.13687082468084,2.0439789840438,0.550490584094985,-0.0919853710824933,-0.744365214371393,-0.739004709724335,-0.779675500224294,0.281218604480928,-0.419922423015838,2.88605969651438,0.181613250827385,0.589585501005203,0.643293485923684,-0.538459497839898,1.22616942013407,0.928656994970632,-1.1807845918921,-0.236728129982936,0.744132303188673,0.22367036178649,-1.44042787894386,-0.043039574199713,-1.51020625662428,-0.043039574199713,-0.230075729421995,0.739325468475985,-0.447422857068877,-0.440959496409212,-0.584177697663477,-0.524905716995868,-0.708757207400764,-0.760637999705362,-0.180122176360894,2.09891625254177,-0.453822940289352,-0.681553878925593,0.878506043477017,0.0814626478570313,0.218145741121919,-1.23967902989064,-0.649009732299257,-0.484813844404564,2.23960375913671,-0.189129511616007,-0.483983670212399,-1.65265881220558,0.682832724400303,1.92131831668641,-0.466477635900487,-1.39084572915588,0.682832724400303,-0.241958561604024,0.419155177223805,-0.358091987495182,-0.30513534303829,-0.438232993123054,-0.874299669303055,0.514032132486567,-1.18354111324217,1.03059780346671,1.22546883984467,-1.68278186869654,-0.514522113788516,-1.19894987961077,-1.23321624918318,-0.219657981557459,-0.0176604331626889,-0.590548525334451,-0.314189707384816,-0.106693378680418,-0.110010510253322,-0.382231429342107,0.192634769739419,-0.681553878925593,0.972629611637952,-0.179776073400649,-0.34476848053886,1.24184056531615,2.18096542220705e-05,-0.633910484386522
comm.and.crime_point_0348,comm.and.crime,regression,0.08,0.442343915367773,nominal,-1.26138033198864,-1.21585037425788,0.176565734692862,-0.0818192824927953,-0.669300457399169,0.35356526160845,-0.44849760935004,1.01499542553847,1.51925794771669,1.29652306696047,1.64401636774149,-0.519933227992503,0.280125224184829,0.682832724400303,-0.769590402450023,0.11943140555999,1.31514123370399,-0.31272463367933,-0.467308204356106,0.190070598600841,-0.950371135754022,-0.633910484386522,-0.681553878925593,-0.792536710712104,-0.530896195770433,-0.628161290785547,-0.728501275489362,-0.908227461827405,0.347766031238483,0.905905260093369,0.44147342845925,0.0823177976294598,0.18320378636357,-0.116389386036903,0.108751861038678,-0.377418245894594,0.45255093945805,0.0943903614790845,-0.275583904330964,0.157602837798,0.715621081014131,0.0138853692240173,0.0856569458362924,-0.114805430650861,-0.153076210305205,-0.148565325619854,-0.612720024453672,-0.171709938179167,0.228635869181726,0.4183367341544,-0.0579168405136468,-0.13044354190256,-0.115382978305131,0.683693543699564,1.13490113121159,1.09640162811069,1.08797055430264,-0.0906058585608025,-0.0513105662033324,-0.10464827367642,-0.0974295521732745,-0.114174721497799,0.224895840756112,-0.0895765918335127,-0.167221968720685,-0.366268385707879,-0.15468380482628,-0.232948124244939,-0.571309820665477,-0.0774626830755764,0.143845084226443,0.726172755495118,-0.0452960303750682,0.363106181557171,-0.640839520976896,-0.29631495662136,-0.388045418306067,0.670299999286939,0.393340518650751,-0.499571897557428,-0.555594417312278,-0.576527589185363,-0.590607768331523,-0.621819912096626,-0.680708868864655,-0.65635599605476,-0.862692382208638,0.353242987609834,0.214903302320632,-0.435198773289707,0.297852737182101,-0.226875569169311,-0.326873593347992,-0.581865250252313,-1.18581654067537,-0.780087660081869,-0.51220352082797,0.134929855663671,-0.260244635395451,-0.531248663028845,-0.391348688885798,0.501118891746045,1.01443522469408,-0.296225771543798,-1.00672353855961,0.0507121317750543,-0.524905716995868,-0.152304562810898,-0.34476848053886,0.00709456412135369,0.646593252940519,0.925001184677206,-1.02301435554381,0.247859743337919,0.294997464739033,-0.900349146138491,0.924855861929795,-0.342407471398352,0.869105939717259,1.17920255223971,0.773648615506715,0.940163369364442,0.0435715764808665,-0.413219819433159,0.655028649219603,-0.749282268400272,-0.435042880192443,-1.15535164718726,0.46618615394114,-0.898012962874244,4.0517485312353,0.828366967939835,-0.374422868098694,1.47295711154427,-1.23504806525446,-0.493873574512357,-0.777628410332139,0.35356526160845,-0.0977690742382896,0.682832724400303,-1.56531543697313,0.596054262380089,1.16719024213992,0.22524578682669,-0.179320641157294,-0.494689340990077,1.46954131782919,1.3445430117542,-0.782770299686468,-0.193933566835524,0.200393210115953,-1.18133120758743,-0.953132713675412,-0.728501275489362,2.86047707603872,-1.1001642083812,0.730527251248644,-1.46155861675429,0.441053158743122,1.25605429231962,-1.01991441715099,0.577398462198459,-1.00671795787817,2.27486386196523,0.766222769924772,1.51611184073429,0.108751861038678,-0.158881157964898,-0.35568405855027,0.100170724627871,-0.199361816374992,-0.34476848053886,2.18096542220705e-05,-0.576459764357761,0.194009440828534,0.739278395960782,-0.121723128517532,-0.669300457399169,-0.0805170742100041,-0.338600020013028,0.141095362725389,0.176565734692862,-1.15249049956315,1.08466598824495,-0.512093453824773,-0.0579168405136468,-0.649707912297875,0.113052999998984,-0.484813844404564,-0.319107477609904,-0.231370130585801,0.152246600047036,0.766222769924772,0.682832724400303,0.43110035463292,-0.778386370841756,-0.00454386804312309,0.682832724400303,-0.149937701058835,-0.191322945644976,-0.400332606464976,-1.13544611760276,-1.21445914305632,-0.0880946194298402,-0.187688592418646,1.70709140577397,0.0722445468239389,0.0550186540907768,-1.18649910140954,-0.375210946038594,0.488342665832679,-1.23321624918318,0.304702146810281,1.54496603964118,-0.224640267159436,-0.669300457399169,-0.91102833931843,-0.466477635900487,-1.33043927968817,-0.319107477609904,0.312645653531477,0.339056972600567,0.166097728463756,-0.34476848053886,-1.63039964026935,-0.608816497610759,-0.734789774559444
comm.and.crime_point_1756,comm.and.crime,regression,0.06,0.142144604536779,nominal,1.66588573341148,1.22003874930914,-0.453822940289352,1.26196517441246,-0.669300457399169,0.640404199215584,-0.592122486177232,0.283786284234797,0.874910325096869,-0.235899778288672,-0.578145103398456,-1.6919030825954,-0.499564470154296,-1.56531543697313,0.520038833328871,1.32219010599747,-0.595615855137194,-0.368882137241703,-1.44646591923207,-0.395154494276104,-1.66651652015669,0.274003127169785,-0.472248714197789,-0.578408706761027,0.80948152679624,0.100102838577144,-0.882023949694159,-0.143536973699349,-0.35568405855027,-0.538459497839898,-0.823995980623335,-0.510251474836759,-0.58163965777976,-0.264778411457355,0.453507363282115,-0.525649875265053,-0.630335746091604,0.697641581957593,-0.436621602456179,0.486441406234567,-0.994391424628807,-0.842426782302506,-0.241128672781501,1.76107443168785,0.936160966283394,1.01448754905113,0.347282905426335,0.82042102382418,-1.55060150488499,-1.40771541613455,-0.333979422149212,-0.782770299686468,-0.34476848053886,-1.18769663882401,-1.33043927968817,-1.48426876178174,-1.78426965128286,-0.726761076765874,-0.728321444677741,-0.738257558223326,-0.736210329354915,0.458843115998027,-0.45780329625955,0.877013769375391,1.03880632652512,1.5210653101048,1.74496415343857,0.770744885551916,0.697164905869978,-0.0774626830755764,-0.899584132235861,0.726172755495118,-0.37760024144161,-0.409993611322597,0.655028649219603,-0.663674573317088,1.7814317839229,1.10046903104586,-0.306688719613709,-0.25720051952105,-0.466477635900487,-0.576527589185363,-0.633115326174983,-0.849794631652535,-0.824058881310911,-0.777184479464502,-0.768973580240562,-2.71460682387257,-1.38703009890307,-0.954427130819579,-0.286904425214791,-0.226875569169311,-0.672992913698949,-1.2670363105317,0.0824355567210018,0.366922062808537,-0.360857437271886,-0.321861540250354,-0.70339391206371,2.65576163567725,-0.391348688885798,0.181613250827385,0.111080258000336,1.0433501627934,-0.858334513139159,0.525175431526179,1.03022712427771,-0.608817600383137,0.458080777279193,1.19497372013481,0.931913901423168,0.49304512794504,0.934806534272571,0.523566721032782,0.55273651378696,1.21691962016541,0.559333928560141,-0.923933908733845,-0.633170690066098,1.23819966399899,-1.30034383812505,2.35489493125532,-0.595936377798769,1.04851264749172,0.277067099578957,-0.749282268400272,-0.0924573500527467,-0.408381392326479,0.156946236789233,0.390824193496339,0.317501733728316,0.342857548364707,-0.938289124010825,-0.719300011366178,-0.446095258444874,-0.176389105893484,1.27788477050604,0.47649623486865,-0.00294828920368394,0.682832724400303,0.682832724400303,1.1441185431077,-0.130351673731295,-1.48443737561168,-0.755295767554917,-0.494689340990077,0.131607868330799,1.5926843953977,2.18096542220705e-05,0.451234030637584,-0.189444898148642,-0.0889162245473447,0.652827315957665,2.23960375913671,1.90519616064694,-0.733880170107544,1.10540245912095,-0.0466050641145143,0.886650185529367,0.94967388912165,1.12474840523477,-0.484226741696171,-0.471401481558287,0.169078085395916,0.943214105202603,-2.95034119792249,0.740803615151647,-0.425870058168848,-0.043039574199713,-0.00718774078893893,-0.433845179637909,0.114002523928599,2.00049053352487,-0.619472066787389,-0.758443965028085,0.460656060460939,-1.04328333075373,-0.669300457399169,1.23721721893725,-0.497077863665163,-0.282217262099776,-0.296225771543798,-0.419922423015838,-0.461533597514582,-0.611019470771741,-0.333979422149212,2.06415922862887,-0.744267573836537,-0.569295082344151,-0.0632363539352424,0.148795440142343,-0.0435165600327901,-0.649707912297875,0.682832724400303,-0.978565285147405,0.424690178217426,0.0449669127109041,0.682832724400303,-0.241958561604024,0.368282000318073,-0.78049817719312,-1.37267776747832,0.143936619326893,0.473480416193885,-0.343626531286471,0.0413031744765323,0.929718513293784,0.190070598600841,0.401605753908883,-0.932455617038282,-1.10521140486391,0.726172755495118,-0.324530007231007,-1.07801411113674,-0.224640267159436,-0.669300457399169,-0.156964313720294,1.09306603880586,-1.47267045724008,-0.779675500224294,-0.890859043653398,-2.42562363410802,-1.16798693587037,-0.230075729421995,2.93441068646475,-0.0869550913836323,-0.331272613867753
comm.and.crime_point_1572,comm.and.crime,regression,0.07,0.120996615145316,nominal,0.690130378278102,0.87205458879957,0.0977671503200851,0.284667387572275,-0.472016707391195,0.517473225955383,-0.161247855695657,-0.490435159498505,0.359432227001014,0.182033724961094,0.022439077990719,-1.35705455270886,0.124187285317004,0.637869761172835,0.328982650250517,0.994165005878154,1.16815991917774,0.417322912631512,-1.3888684065923,-0.890344957479674,-1.06972869982113,0.324442772256246,0.312645653531477,0.278103309043281,-0.530896195770433,0.0394141611302526,-0.4726301518147,-0.307399221155361,-0.199361816374992,-0.538459497839898,-1.10521140486391,-1.20158229271402,1.66508795939127,-0.808871504665675,1.08555911739508,-1.26680802211735,0.794515155947413,-1.16238301451781,1.22743461150438,-0.8289128675117,-0.595388506645455,-0.385726968155027,-0.622378561168927,0.0792511068324541,0.787628624021312,0.917566476161884,0.53014060635586,0.611551347612948,-0.483059080444962,-0.209368692507428,-0.241958561604024,-0.695793398648614,-0.230075729421995,2.00735977036258,2.50980251421337,2.23785199287081,1.70345059835668,-0.0906058585608025,-0.0513105662033324,-0.146888892646214,-0.267771092755045,0.591078001573987,-0.548829847861638,-0.750927891608026,-0.639146084251652,0.341481750221874,0.541853779870831,-0.127296228476849,0.494208949624305,-0.458494049224697,-1.07348900164625,0.726172755495118,0.154086496264857,-0.409993611322597,0.385056113761999,-0.801434429577986,0.299837597034825,1.35857045010122,-0.553757862530577,-0.644994724379254,-0.511036026606383,-0.446961579774181,-0.293054863427304,-0.530630024274263,-0.537358856418398,-0.454975190371856,-0.440957773352299,-0.0597367947051054,-0.212278938005688,-0.642890116301655,-0.286904425214791,-0.226875569169311,-0.54319816856734,-0.239279720112616,-0.744685376363587,-0.480867732371328,-0.51220352082797,1.68802060177136,-0.900349146138491,-0.618564013678328,-0.391348688885798,-0.457398031009934,0.0250464516485512,-0.296225771543798,-1.00672353855961,2.00787324324845,0.627044535799378,0.703657382637049,-0.34476848053886,0.547039635036561,0.646593252940519,0.763017663402644,0.511493909447407,0.0272941611820292,-0.091611108832858,0.182904641272807,-0.380579614390398,-2.03852624696021,-0.778552299399972,-0.649707912297875,-0.707774565658833,-0.391348688885798,-0.321861540250354,-0.0477867027019386,-1.12679008480058,0.287245806889183,0.396950550146819,0.625885114403834,1.03312600205297,2.32407992805221,-0.400622650407643,-0.324717903551093,0.95469044940847,-1.15775143594827,0.464234903258489,-0.017646871584048,-0.924450780392009,0.640404199215584,0.328924458417437,-1.56531543697313,0.682832724400303,-0.226042158711328,-0.543205919690318,-0.281327002043937,1.03022712427771,1.33136280929888,2.18629138006048,-0.392446673750327,1.73955983041131,-0.590959780665129,-0.189444898148642,0.293429019516684,-0.685472708736566,0.0902863202695546,-1.00841063129797,1.09754002126074,-1.09698938712883,0.729337206687944,1.18371487005353,-1.10745167520755,-1.10745167520755,1.5210653101048,2.45225004295799,0.115083578304395,1.17920255223971,0.247859743337919,0.396048112908209,0.481892202524582,-0.199361816374992,0.422246120878301,-0.35568405855027,-0.230075729421995,0.869790820032767,-0.447422857068877,-1.1288425117501,-0.375210946038594,0.281459459960805,-0.708757207400764,-1.05819090460958,-0.285774072128984,-2.29295223001931,0.255364319065638,0.312645653531477,0.156946236789233,-1.05618654703309,-0.0579168405136468,-2.41962126507618,0.0654240792303436,1.50049524717574,0.65320279235381,3.44356371978626,-0.581865250252313,-0.000739682945828393,-1.56531543697313,-0.978565285147405,-0.912061542959443,-0.796716360107558,0.682832724400303,-0.0579168405136468,0.571774707941,-0.653776320283739,-0.838906555258306,0.467364181799085,0.192692898382022,0.202156254750917,-1.18354111324217,-0.533031194213599,-0.98037958715305,-0.0450487366494222,0.0427225572111723,-0.308434369515615,-1.23321624918318,-0.953762161272296,-1.24543837608001,-1.38334975138032,-0.708757207400764,0.295474101638588,-0.778386370841756,-0.524462606894016,-0.319107477609904,0.103340488803673,1.72139727595486,0.462560987204673,-0.230075729421995,0.421200506577434,-0.695793398648614,-0.785229419645906
comm.and.crime_point_0900,comm.and.crime,regression,0.26,0.0737553797252651,anomaly,-0.285624976855271,-0.171897892729153,-0.138628602798245,-1.12019818101049,-0.235276207381626,0.558450217042117,-0.544247527234835,-0.576459764357761,-0.671523969190694,-0.0965886105387498,-0.157736176426034,0.540420449981549,-0.0317506535508209,0.682832724400303,-0.817354448219611,-0.919314744817829,-0.742597169663439,-0.9866146764278,0.569447023159616,0.820313006314475,-0.114868187284245,-0.835669064732367,-0.681553878925593,-0.792536710712104,-0.647450780341448,0.889055645386725,-0.779675500224294,-1.07208970928342,-0.043039574199713,0.468218969810561,0.675819615326396,1.11931402444534,-1.05966681036934,-0.660482479245224,-0.23600364120476,-0.0809549871536759,-0.858311890417847,0.999267192196847,-1.13445162766544,1.47295711154427,-0.253386005516867,1.61233471874019,1.610656499386,-0.955717093078561,-1.2423133868938,-1.16623659095697,-1.48129410386892,-0.641666709654437,-0.779598642789415,-0.551753470686607,-0.0579168405136468,0.695837017957058,-0.34476848053886,0.0903259248506256,0.328924458417437,0.997145074653291,0.831520535946791,-0.641940381005198,-0.64369508486844,-0.611535701313945,-0.608454173918587,0.767391182341933,-0.548829847861638,-0.700054714702294,-0.7440181099252,-1.01503934364349,-1.16782938256753,-0.338600020013028,-1.63682859095526,-0.601380811530617,0.665559692457595,-1.23321624918318,-0.0452960303750682,-0.203833666554659,-1.55874614153275,2.3211223123357,0.299837597034825,-1.3945113531559,0.969835185456777,-0.499571897557428,-0.64471119872407,-0.576527589185363,-0.590607768331523,-0.849794631652535,-0.871842218792997,-0.817460640601083,-1.00327058516075,-1.23967902989064,-0.799654518454378,0.55133510601705,0.00547415598365529,-0.226875569169311,-0.802787658830557,0.543772920206689,-0.358695607590779,0.716011978470835,0.294975591471144,-0.321861540250354,0.330621066828893,-0.31296028640514,-0.391348688885798,1.59656680346716,-1.22244374045233,-0.375024355916575,1.36750086816761,0.703099168932851,0.627044535799378,0.703657382637049,-0.230075729421995,0.0610890712128745,-0.266432822203958,1.14097921304329,-0.970100277440667,0.413283929954837,-0.091611108832858,0.232143449791502,-2.78258089081955,0.529882184604888,0.820645403272635,0.766222769924772,0.477363979273606,-0.391348688885798,1.23122920585733,0.0435715764808665,-1.82871867699035,0.416811816300365,-1.75644421073127,-1.67248490055242,0.156946236789233,0.149167226676855,-0.161247855695657,-0.446095258444874,0.0283387432671127,-1.37697714823931,-0.264029226104202,0.458579831344262,0.0543650200071232,-0.834767479906819,0.044462103313619,0.682832724400303,-1.56531543697313,0.541247834307328,-1.30993523361422,-2.05433176309113,1.54860473803558,0.874849771726638,-0.202875494043799,0.94751679792459,2.82677109338449,-0.938357717766034,-0.286904425214791,-0.416640719459369,-0.578408706761027,0.0391120955346223,-0.769590402450023,0.94056114771489,-1.47186459500113,0.592406217722805,0.985671747037421,-0.932377159094426,-0.669765384924741,-0.95606016564934,-1.04789614836431,0.223072592487436,0.0582574288134486,-0.579261189746669,0.453507363282115,1.12266556301406,-0.35568405855027,-0.866055464123419,-0.277522937462631,-0.34476848053886,3.26165559857376,-0.361398252209622,0.352751675137971,-0.932455617038282,0.511849510519854,-0.629843707397574,-0.803145557548822,-0.497077863665163,-0.546787652615503,-0.217427187171022,1.2545188948066,0.517726140133124,1.81266794442896,0.310166601667107,-0.295725241742213,3.63759313687834,-0.44257322543477,0.44850589341408,-0.315851368525389,0.837417660326429,-0.649707912297875,0.682832724400303,-1.09939376855715,-0.867503152253548,-1.34133494840186,0.682832724400303,-0.0579168405136468,-0.29306929945644,-0.696016939253532,0.228635869181726,-0.308861968134177,-0.0319371158674677,-0.187688592418646,0.776209747107756,-0.886108709818829,1.36052078435473,0.401605753908883,-0.0965886105387498,-0.449042081635903,0.726172755495118,-0.324530007231007,-1.41286264102328,-0.651533235030286,1.89538829270449,-0.810486469238678,-0.555594417312278,0.281514065900134,-0.728501275489362,-0.52457500537974,-0.985685818113966,-0.0809549871536759,-0.115382978305131,-0.194279537476602,0.0869987106920766,-0.886108709818829
comm.and.crime_point_1952,comm.and.crime,regression,0.26,0.616158167613037,anomaly,-1.38334975138032,1.56802290981872,0.806954409675075,0.590072945959833,-0.590386957395979,0.23063428834825,0.461126610555507,0.455835493953308,-0.091611108832858,0.0427225572111723,-0.157736176426034,-1.41286264102328,0.825908010222217,0.682832724400303,1.52308379449023,1.37686095601735,-0.399640769102202,0.0803778912572774,-1.56166094451159,-0.710275698132921,-1.18908626388824,1.38367531907194,1.04521373007879,1.02755132287205,1.21742257279479,0.706989613046053,0.397331668679148,0.348049768668688,-0.121200695287352,-0.976145788122707,-0.917734455370194,-0.954678429186424,0.231006501622527,-0.957260530086126,1.54523312038634,0.166097728463756,-0.744323818254725,-0.860757404278554,0.529604586295112,-0.171235730638567,-0.196385588662103,0.0138853692240173,-0.0777358634726045,0.596735206787962,0.886650185529367,0.869105939717259,0.89585600821491,0.559333928560141,-0.127211605631618,-0.0952404331143684,-0.0579168405136468,-0.347885794497196,0.572773528396057,0.181613250827385,0.186693280865528,0.203092646994081,0.216040491892755,0.460728663883593,0.456447592652474,0.402239153961105,0.413595069572038,-0.202331311881772,0.315922392358201,0.215662469600878,0.304702146810281,0.754335996180896,0.541853779870831,0.929222729204051,0.798642883992814,0.255939762304904,-0.319901234201248,0.726172755495118,0.419929865118091,0.156946236789233,0.925001184677206,-0.75551447749102,-1.07592843364696,1.444604256453,-0.924361576905879,-0.887366102415632,1.49409155515892,1.53971723119727,1.53477012384147,2.06828177866309,1.89959135516796,1.96159447782299,1.90201227584959,0.530234322887664,2.08382560374828,0.18787525574614,-0.286904425214791,-0.226875569169311,0.538424707529401,-0.483983670212399,-1.18581654067537,0.516532026663808,0.14362950791506,0.500362972394892,-0.0140505928019747,-0.531248663028845,-0.391348688885798,-0.274823379056414,1.83175638503604,-0.453822940289352,0.378240698697934,0.228635869181726,1.49100722539581,0.703657382637049,-0.000690227188266011,-0.0468999429701671,-1.35065128643802,1.46494625559241,2.3634866430575,0.413283929954837,3.71003986462407,2.00474055646453,1.13372553814103,-0.148565325619854,-0.293946934953727,-0.000739682945828393,-1.20158229271402,3.7696264931462,-0.139144981884744,-0.139144981884744,-0.748828535159937,-0.878848277811454,0.935299240366342,1.43031461963852,0.826966057285032,1.35745206077428,-0.687872404062027,0.282168870917816,-0.777184479464502,0.705667118525611,-0.870916000573111,-1.02301435554381,1.18000319046612,0.968220127909451,-0.00294828920368394,0.682832724400303,0.682832724400303,0.705667118525611,-0.130351673731295,-0.218005403435109,0.68464204843914,0.646593252940519,-1.44524226857802,-0.69021633412253,1.04374462210848,-1.98055152906875,-0.286904425214791,-0.96284821097941,-0.0966206978711041,0.806725466558606,-0.721826356680434,0.155666779985624,-1.28442699106498,1.23141749956012,-2.13350744046629,-0.713534013953022,-1.10745167520755,-0.366268385707879,0.0639149947615938,0.709023156311124,1.53318522279537,-0.910109562980505,0.568425864029928,0.0547099621982618,-0.043039574199713,0.959038447962351,-0.277522937462631,-0.34476848053886,-0.43486269553505,-0.576459764357761,1.04063469047886,-0.862800033163321,0.511849510519854,0.593315542651865,-0.760637999705362,0.136833510943376,1.88725994012919,0.176565734692862,-1.25714308192706,-0.255373652746643,-0.660482479245224,-0.333979422149212,-0.649707912297875,0.0177951584617036,-0.653776320283739,2.80252023122097,0.486720391900693,1.03318082040625,0.589231434646941,0.682832724400303,-0.213318223552372,-1.04573671507713,0.490563939497149,0.682832724400303,-0.333979422149212,0.26653564650661,0.697923486749661,-0.36444325550718,-0.696975043100807,2.04589051594031,-0.109719622984733,0.776209747107756,-0.684350129472983,0.955364950824539,-0.64058805739383,-0.375210946038594,1.80068131228869,-1.23321624918318,-0.534274058578104,0.652036626610397,1.60490102371564,-0.35364645738641,-0.709944599158927,-0.466477635900487,-0.0503586817209869,-1.34259197230855,0.835908565350987,0.799837073718665,-0.278597159647621,-0.34476848053886,-0.655889570517129,-1.04370100280003,0.828839223120861
comm.and.crime_point_1168,comm.and.crime,regression,0.07,0.100564998237626,nominal,-1.0174414932053,0.176086267780421,-0.453822940289352,-1.91425263281814,-0.708757207400764,0.968220127909451,-0.592122486177232,-0.447422857068877,-2.02465397669231,-2.39522287841246,-1.47902137548222,3.10759251244505,-0.343626531286471,0.682832724400303,0.56780287909846,-2.1220734452553,-0.98756602720718,1.59663048744133,2.29737240235249,-0.98037958715305,0.660955979151975,1.03059780346671,2.40569730080952,2.25878734559074,-0.00640056520086566,-1.23504806525446,0.0391120955346223,0.730395012732716,-0.433845179637909,-0.801071272009583,-0.58964979375619,-0.707774565658833,0.374414647399402,-0.611019470771741,-1.09789239681336,-1.16798693587037,-0.402359601765361,-1.36346675467731,0.529604586295112,0.322022122016284,-1.56439559317645,-0.614076875228766,-0.241128672781501,-2.31411285546177,1.1342040892995,1.25679023127425,1.53585796146825,2.17807391919718,1.41479411855954,-1.06533063795537,-0.333979422149212,-1.04370100280003,-0.230075729421995,-0.913834660893733,-1.14079770961895,-0.888729441037333,-0.861049585201808,-0.472298989483845,-0.474442365249838,-0.315851368525389,-0.267771092755045,0.194373344846107,-0.275750193055373,-1.10704012994815,-1.05863418694584,-1.72278947957324,-1.9910101644823,-1.65924871711415,1.50898873085267,-0.744267573836537,0.549623112850672,-1.23321624918318,-0.244678557014993,-1.54387330754626,1.51894076268393,3.51504106659682,-0.493873574512357,0.197114064352121,-0.883183386419734,-1.17821175605928,0.736598913158695,1.02145319355255,1.83232302874569,0.700433461327641,0.466091230705398,0.551928838042662,0.355652043376342,0.589231434646941,1.4430522432588,-0.435198773289707,-0.286904425214791,-0.226875569169311,0.235570302222313,-2.68631922111045,0.578708116571755,0.566402014615565,-0.159062659197108,-0.595936377798769,0.724531534978455,-0.487590987704104,-0.391348688885798,-1.46155861675429,0.111080258000336,-0.138628602798245,1.36750086816761,-0.542366992913852,-1.56166094451159,-1.6930360646172,-0.34476848053886,0.223072592487436,-1.75010019431373,-2.206680226631,-0.123475027790339,-0.854968167441532,-0.92926301823862,-0.260244635395451,0.246029414243294,0.723724330383386,1.25679023127425,-0.826699247575706,0.378602433862569,-0.391348688885798,0.683079530760502,-0.504578098615964,-0.26287797133625,0.114491127674274,0.445891340166776,0.740803615151647,0.826966057285032,1.63938518873034,-0.496372568292438,-1.17435938780757,-0.817460640601083,0.102796409725239,0.342857548364707,-0.917186199337522,-0.728687620312182,0.804312163562517,0.613386813521254,0.682832724400303,0.592906797945366,-0.226042158711328,-0.366268385707879,-0.0913622062174521,-2.3104286088285,-0.0952404331143684,-1.49302560606011,-0.69021633412253,-0.173931992421487,2.98227614380132,-0.286904425214791,-0.853606712675401,0.224571308055511,0.857899691293538,-0.674062310910845,-0.105964675924132,-0.862692382208638,-0.731260008940213,-1.04427026387769,-0.932377159094426,-0.976145788122707,1.81596120007553,-0.965539767392024,0.169078085395916,-0.118733906464382,0.247859743337919,0.683344364777741,-0.212278938005688,-0.121200695287352,-1.45652702391587,0.0351215468879261,-0.115382978305131,0.0869987106920766,-0.576459764357761,2.20474440874806,-0.305555362163633,-1.15847835603325,-0.195819457380031,1.78981547090223,1.08770057285619,0.299837597034825,-0.453822940289352,0.103340488803673,0.156946236789233,-1.25403858092703,-0.241958561604024,-0.118733906464382,-0.220349445381496,-0.062407654706626,-0.267933252874971,-0.0201670357368324,-0.826569200352095,1.4741881110361,-1.56531543697313,0.108891065540274,1.09306603880586,0.985671747037421,-1.56531543697313,-0.241958561604024,-1.10704012994815,-0.0201670357368324,1.29617829362176,-0.955717093078561,0.248850401944395,-0.109719622984733,2.14803534935271,0.0218049017374774,0.370139857947594,0.997145074653291,0.878589563710704,-0.870865217996765,-1.23321624918318,-0.376966020067782,-1.30124646439444,-1.38334975138032,-0.35364645738641,0.848454387077221,0.335573396805634,-0.0503586817209869,3.46778515277508,2.09173955371781,0.627044535799378,-1.21739747899386,-0.34476848053886,-0.296859544818942,-0.826258750205395,0.980158158380245
comm.and.crime_point_0902,comm.and.crime,regression,0.02,0.23268203136506,nominal,-0.651533235030286,-0.171897892729153,-0.375024355916575,0.162505164217251,-0.590386957395979,0.845289154649251,-0.544247527234835,-0.447422857068877,-0.413784920142767,-0.723488865413399,-0.578145103398456,0.372996185038278,-0.265657561852559,0.682832724400303,0.328982650250517,0.0100897055202199,-0.497628312119698,0.922740444692865,0.281459459960805,-1.07041421682643,0.660955979151975,0.324442772256246,0.0510141976217214,-0.0966206978711041,-1.23022370319652,-1.23504806525446,1.93255841072712,-0.0889162245473447,-0.433845179637909,-0.976145788122707,-0.449042081635903,-0.510251474836759,-0.151415220449137,-0.264778411457355,-0.121085140456948,0.314329357834215,0.566539011621171,-0.408318988919673,0.100170724627871,-0.774106439438939,-0.65238892350022,-0.842426782302506,-0.840235640247456,0.143936619326893,0.985671747037421,1.01448754905113,1.1701425596092,1.29037779529945,-0.601674905382743,0.24714434506481,-0.333979422149212,-0.826258750205395,-0.230075729421995,-1.18769663882401,-1.47267045724008,-1.68278186869654,-1.57910963659818,-0.684350728885536,-0.686008264773091,-0.696016939253532,-0.608454173918587,0.15029504965412,-0.275750193055373,-0.394815653267903,-0.324530007231007,0.105565038245289,0.60517537847966,-0.972511394621568,0.900120862115651,-0.601380811530617,-0.667710973022016,0.726172755495118,-0.444061083654919,1.13620597443694,0.655028649219603,-0.709594525404054,-0.599701730718649,0.369181677055691,-0.965539767392024,-0.69346899998653,-0.421919245194591,-0.446961579774181,-0.505592652644603,-0.0290856412512651,-0.202875494043799,-0.334146706962114,-0.159801367448073,-0.236728129982936,-1.12004119869912,-0.279430266030745,-0.286904425214791,-0.226875569169311,-0.197078848216383,0.25012818008695,0.633849512110727,1.06510189413313,0.547219064064617,-0.413219819433159,-0.211005826876756,-0.443933312379363,3.64479723768524,1.55092314047878,-1.22244374045233,-0.375024355916575,0.72448175801232,-0.601674905382743,0.742239561078903,-0.437625211293547,-0.230075729421995,-0.26287797133625,-0.266432822203958,0.655028649219603,1.30520508099459,-0.689543980824615,-1.31587159181051,0.330621066828893,-0.954971223971284,0.33604003882639,-0.390868007842976,-0.649707912297875,-0.460870702131241,-0.391348688885798,-0.413219819433159,-0.504578098615964,1.41095174850089,-0.835659608007726,0.592713710226646,-1.5001071494307,-1.18309340420237,0.511652676906082,-0.496372568292438,-0.324717903551093,-0.817460640601083,-1.37697714823931,-0.14265187121042,-1.92255368329729,1.03318082040625,0.47649623486865,-0.619283391928622,0.682832724400303,0.682832724400303,-1.70581571667588,-0.248310029719587,-0.0913622062174521,0.627044535799378,0.646593252940519,0.22717454329497,0.798631967738489,0.565371666400276,-0.0946770133781229,2.05212422437278,-0.689744465219389,-0.792536710712104,3.46778515277508,-0.196421853214959,-0.576901296561691,-0.394098372368261,-0.00096140112613429,1.38175799306964,1.08097977620649,1.16851703426305,0.164544216239436,-0.883183386419734,0.655028649219603,-0.0597367947051054,-2.23350305591585,0.970640616647273,-0.692858958372798,0.113282667975565,-0.382942369747774,-0.043039574199713,-0.230075729421995,-0.565328047091832,0.455835493953308,1.67560362771661,0.182033724961094,0.68464204843914,-0.669300457399169,-0.930668231079202,-0.232948124244939,1.99308809633548,-0.453822940289352,1.83010809780806,-1.02847344562641,-0.0669263775634199,-0.241958561604024,1.4741881110361,-0.744267573836537,0.0643142022027552,0.857899691293538,1.45825462820595,1.47364793058586,-0.708705024057152,0.682832724400303,0.149167226676855,-0.778386370841756,1.57980111608575,0.682832724400303,0.12612488057673,-0.496562007079367,0.90912658159863,0.762407081401742,-0.244176455639738,1.20352796250473,-0.499564470154296,0.286272032020273,-0.179953678608368,-0.890344957479674,0.649747137552387,-0.375210946038594,0.628950377952967,-1.23321624918318,-0.48183804574133,-0.91058984619347,-1.20039562229281,3.23691779275872,-1.36346675467731,-0.154568900959218,-0.382231429342107,0.192634769739419,0.155666779985624,0.511849510519854,-0.179776073400649,-0.000690227188266011,0.113460484550416,0.304440963286713,3.14906289709809
comm.and.crime_point_1722,comm.and.crime,regression,1,0.00525831631967736,anomaly,-1.0174414932053,1.22003874930914,2.93451618774004,-0.814792622622935,1.22462354267738,-0.793790488820086,-0.352747691465246,0.584872401242192,-0.349350157880785,0.0427225572111723,-0.0376193401481986,0.26138000840943,2.93107018493785,0.682832724400303,-0.8651184939892,-0.372606244618977,-0.742597169663439,-0.874299669303055,0.281459459960805,0.595226432131034,-0.293904533384912,-0.886108709818829,-0.367596131833887,-0.0966206978711041,-0.647450780341448,-0.14265187121042,-0.4726301518147,-0.143536973699349,3.31788863256877,0.905905260093369,0.347734953712392,0.625506297390161,-0.342626081484969,0.229851673277482,-0.23600364120476,-0.970344763376429,-0.174383457439118,-0.0564224436405426,-0.275583904330964,2.07582782034464,0.487619413595073,1.7835971490455,1.93744211800379,-0.502918505617492,-1.48986729066394,-1.65084195540321,-1.57272295433368,-1.47714541449936,0.406559606588398,0.190080215368281,2.88675069693238,1.47862912729775,1.37562278621411,-0.503041693998314,-0.42964182185941,-0.392446673750327,0.0108804772080765,-0.260247250082155,-0.220563285821935,-0.189129511616007,-0.0122587818823892,-0.378644492649718,0.224895840756112,-0.0387034149277808,-0.272093994394233,-0.838101809661048,-0.914542988132221,-0.444251915781118,-0.520570831604059,0.446455445379464,1.01336943127836,-1.23321624918318,4.73988460898314,-1.02847344562641,-0.532850506793854,0.943523749726722,-0.282217262099776,0.0250464516485512,1.38161709031822,0.80923354383901,-0.733827980135861,-0.706093598596545,-0.633115326174983,-0.621819912096626,-0.537358856418398,-0.535527512645018,-0.534676575320374,0.294245875850557,0.214903302320632,-0.0198160872658089,2.14958375143893,2.9603715284871,0.0625106420468348,-0.924450780392009,-0.303554212051806,0.0677021350979969,-0.51220352082797,2.32752855605099,-0.112528209839365,0.0799587915175297,1.73074865395052,-0.594329019975073,0.369181677055691,-0.453822940289352,-0.0174633690899362,-0.186519518100509,0.569447023159616,0.817785642030109,-0.230075729421995,0.655028649219603,-1.57890780522414,0.763017663402644,2.09891625254177,1.40582904965634,0.101693177953087,-0.70339391206371,-1.0594060620769,0.287579502381766,-2.52313161140645,1.4741881110361,-0.312728384014686,-0.391348688885798,-0.321861540250354,0.0435715764808665,-1.23477909898362,0.632755165319001,-0.435042880192443,0.510966613656022,-0.152293680362675,2.08242296123273,-0.161247855695657,-0.567472613338656,-0.454975190371856,-0.719300011366178,-0.446095258444874,-0.493873574512357,0.445891340166776,-2.22798517685576,-0.524462606894016,0.682832724400303,0.682832724400303,-1.76062214474864,0.459440106210166,-0.218005403435109,-0.985685818113966,0.817785642030109,0.0838245308487138,1.6919409488551,3.26165559857376,0.600118860823686,-0.286904425214791,-0.744365214371393,-0.685472708736566,-0.882023949694159,0.56780287909846,0.417298235895379,-0.300379570400185,-0.274823379056414,0.837139404775339,-1.10745167520755,-0.888608530066145,-0.484226741696171,-0.7596488149613,0.763017663402644,0.412240099369111,-0.413837003129751,0.338588862534303,0.909074442850902,-0.433845179637909,-0.812376231415014,0.191443789063205,-0.34476848053886,-0.565328047091832,-0.40441055463925,-1.49924105847212,-0.235899778288672,-0.524905716995868,-0.669300457399169,1.70480035521531,0.189659458827421,0.246923518931679,-0.375024355916575,-0.681553878925593,0.620806112517094,-0.0174633690899362,-0.333979422149212,2.06415922862887,-0.267978366150136,-0.358091987495182,-0.01206212920031,-0.358091987495182,-1.51174026063149,-0.649707912297875,0.255684573739351,2.32407992805221,1.85055868080609,0.540074720251176,-1.56531543697313,-0.149937701058835,1.02963330009259,-0.400332606464976,0.169327956712836,0.596735206787962,2.38283553731455,0.280125224184829,-0.889578484189684,-0.684350129472983,-0.845327642642986,0.94751679792459,-1.42004470416301,0.535211903206109,-1.23321624918318,0.0949580954631852,-0.519933227992503,0.629145668582266,3.23691779275872,3.06037552883175,1.62776672727661,-0.477052214376713,-0.779675500224294,-0.105964675924132,0.857434586358428,-0.0809549871536759,-0.34476848053886,-0.50201955950362,0.608860116919203,-0.93654835490529
comm.and.crime_point_0222,comm.and.crime,regression,0.31,0.0138237619836438,anomaly,0.446191539494759,-1.21585037425788,-0.296225771543798,-0.509387064235377,0.908969542664623,-0.670859515559886,-0.0654979378108623,0.154749376945913,-0.800393493714657,0.112378141086133,-0.518086685259539,-0.0734685214771128,-0.265657561852559,0.682832724400303,0.137926467172162,0.0647605555401046,-0.889578484189684,-0.256567130116958,-0.236918153797056,-0.0800332904192877,-0.234225751351356,0.324442772256246,0.207993071167575,0.33163531003105,0.168431311655657,-0.81022732312622,0.755551241823674,-0.143536973699349,-0.277522937462631,-0.0132359495005283,-0.167826657395328,0.0823177976294598,-0.0558097899312211,-0.314241419930838,0.338588862534303,-0.575060418388539,0.338562867294928,-0.106693378680418,-0.060866973497344,0.376828550089045,0.430618996740308,0.242235276297757,0.303514024914822,-0.244176455639738,-0.94524870236964,-0.923933908733845,-0.521291173988909,-1.16384090018251,-0.127211605631618,-0.551753470686607,-0.149937701058835,1.47862912729775,-0.230075729421995,1.0488428476066,0.897849168625072,0.600118860823686,0.626360521262113,1.09688388208866,0.837266211794329,0.613442248810074,0.583936610153808,-0.290487902265745,0.270409116557157,0.419155177223805,0.252266133973507,-0.307289207713733,-0.407970199261594,0.0840075630593312,-1.02796072221824,0.0654240792303436,1.36117917009913,-1.23321624918318,-0.244678557014993,-0.358453625130612,-0.96480656352602,-0.388154860795292,0.776064299963135,-0.620207095989836,-0.265510529127564,-0.354149070735601,0.781157303864591,0.632755165319001,0.429573619911515,0.837218293061186,0.943924605526253,0.874138127135308,0.917964855184794,1.12020544048043,1.12266556301406,0.291720927252114,0.00547415598365529,-0.226875569169311,0.538424707529401,0.641654500246602,0.0824355567210018,0.416792050760294,0.446321675027228,-0.504578098615964,0.724531534978455,2.04455418113088,-0.391348688885798,-0.0922487271028942,1.35857045010122,-0.375024355916575,-1.00672353855961,0.762407081401742,1.37581220011629,0.0759519559752211,-0.115382978305131,-0.100894450061688,0.703657382637049,-2.26067473372252,-0.017646871584048,-0.689543980824615,-0.671523969190694,0.232143449791502,-1.16384090018251,-2.91081590296345,1.25679023127425,-1.23967902989064,-0.0164437477815769,-0.391348688885798,0.957154368308917,-0.321861540250354,-2.04469670535644,-0.706093598596545,0.592713710226646,-0.86805539531773,1.13620597443694,-1.42160305764979,-0.44849760935004,3.49866877560303,1.84076599441325,0.0479899816524777,-0.506783935891765,1.09354876858201,1.52258872060582,0.558450217042117,-0.240000251790199,0.682832724400303,-1.56531543697313,-2.14426714125797,-0.779122631666902,0.0986025896090331,1.14542214955724,0.589529123243989,0.0360411933666282,0.15346437026538,1.21769842418418,0.00457954007927846,-0.189444898148642,-0.96284821097941,0.974019321884281,0.806725466558606,2.66942089296036,0.0510141976217214,1.38655886502517,0.0903259248506256,-0.00454386804312309,-0.844839901037864,-0.494690868811617,-0.543205919690318,-1.00671795787817,0.978995691768727,-0.708705024057152,-0.854968167441532,-0.753136894569917,-0.586063398291218,-0.277522937462631,-0.919734696831824,-0.433845179637909,-0.230075729421995,-0.173931992421487,-0.361398252209622,1.25229100289144,0.948245147585665,-0.697698254915155,-0.51147345739279,1.32223233462417,3.14791254033394,-1.39341290226583,0.806954409675075,-0.315269840651936,-0.306913638938628,0.180388664803999,-0.149937701058835,0.176251652332003,-0.601380811530617,-0.611535701313945,2.7001717817511,-0.738257558223326,1.27788477050604,-0.000739682945828393,0.682832724400303,-0.938289124010825,1.62776672727661,0.391542377989094,0.682832724400303,-0.241958561604024,0.012169761977951,-0.10464827367642,1.11825455621509,-1.020402605573,0.13653539481965,2.93107018493785,-0.938572255698432,-1.08786729016467,-0.98037958715305,-1.33538393159564,0.0427225572111723,-0.58964979375619,-1.23321624918318,3.92278703254769,-0.0734685214771128,-1.38334975138032,-0.629843707397574,0.597099711877842,3.27642718339475,-0.145179466755593,-0.574978601284565,1.93476068017196,-1.21607586867302,-1.11857639274689,-0.34476848053886,0.831520535946791,-0.304397343978269,0.173123836996862
comm.and.crime_point_0855,comm.and.crime,regression,0.31,0.0559340294627598,anomaly,1.17800805584479,-0.171897892729153,0.0189685659473083,1.50628962112251,-0.669300457399169,-0.220112613605818,-0.639997445119629,3.6817581761754,1.00377984962083,0.321344892711017,0.142555914268554,-0.0176604331626889,0.124187285317004,0.682832724400303,-1.00841063129797,-0.591289644698518,0.776209747107756,-1.04277217999017,0.339056972600567,1.54059004370149,-0.532619661519134,-1.1887465803376,-1.1001642083812,-1.16726071762649,-0.822282657197971,-0.385406580997984,-0.319107477609904,-0.853606712675401,0.582249394501401,2.17519550191351,2.87867377187756,1.66250252420604,-0.677245088297676,1.41696387664109,-1.15535164718726,-0.673881504635512,0.50954497553961,0.044119426439209,-0.221904671622559,-0.719300011366178,-0.0823847549525736,-0.157377061081287,-0.404521482090398,2.08450199416005,-0.0540546487971503,-0.342407471398352,-0.0184324964327153,-0.0150576810207445,-0.00859578069383644,-0.665881730079667,-0.0579168405136468,-0.173931992421487,0.228695275045463,-0.137892390091274,-0.287410644307502,-0.243561843564225,-0.142989533805432,0.418318316003255,0.329508052938522,0.359998534991312,0.413595069572038,-3.46412515608878,2.59158618241041,2.55582860726454,2.55945069879157,1.58004448809894,1.42835616039443,1.72161194746473,-0.368353864419804,2.6373858007369,0.839464561867979,-1.23321624918318,0.353469022904782,-1.49233332135427,-0.26287797133625,1.49456317477031,-0.652615808821794,0.455215483407476,2.45225004295799,1.73024478037724,-0.956619933665339,-0.922036947615181,-0.845653115392282,-1.12336429511962,-0.967408893757168,-0.898012962874244,-1.00327058516075,-0.177731018223659,-0.692858958372798,-0.175584594524771,-0.189444898148642,-0.127274097367549,0.841279112836488,0.25012818008695,0.358142534415864,0.416792050760294,0.496770369545922,0.134929855663671,-0.407961060951538,-0.662221689003069,-0.391348688885798,-1.27898396480077,0.283147870703906,-0.296225771543798,1.76320493595548,-0.245827430569399,-0.870490792834442,-0.780009989472726,-0.34476848053886,-1.23477909898362,-0.722945859776196,-0.100894450061688,-0.017646871584048,0.46842532549381,-0.478219682404748,-0.752632720582405,0.559333928560141,0.723724330383386,-1.26315766384622,-0.531713688779321,-0.460870702131241,-0.391348688885798,-0.0477867027019386,2.69296167278221,-0.856817549342979,0.546377825711547,-0.630806040272269,0.740803615151647,0.672346098709078,-1.13966992969373,-0.592122486177232,-0.992293355466893,2.32407992805221,-1.26736429209379,0.585612258152271,0.617322065653698,0.690595290266559,-0.0562046492588845,0.755617991073163,-1.56531543697313,-1.56531543697313,-0.171235730638567,0.105565038245289,-0.281327002043937,0.742239561078903,0.133016085671751,-0.967408893757168,-0.342818397021626,-0.739281849167541,-1.53389703851044,-0.286904425214791,-0.307399221155361,0.545763313982127,0.499680118149013,0.0423983756329848,1.2545188948066,-0.20666076843211,-0.685616345951833,0.0449669127109041,-0.932377159094426,-1.01991441715099,-0.0713724957371486,-1.04789614836431,-0.100894450061688,-1.3576732534092,-0.193271420973861,0.510966613656022,0.855676662810112,-0.121200695287352,0.529604586295112,-0.277522937462631,0.114002523928599,1.17420997366526,-0.576459764357761,0.0881812846222431,0.808933979835743,0.857434586358428,-0.629843707397574,-0.888160673235742,0.0311816151752862,-1.55215513657527,-0.375024355916575,-0.838532752471447,0.723886084901063,0.0814626478570313,-0.241958561604024,1.17920255223971,1.97058090997594,2.59875134039038,-0.574978601284565,2.472029483481,0.641654500246602,1.00221121696188,0.30064753696682,1.76021367214008,-0.0208937288415306,0.0449669127109041,0.682832724400303,-0.333979422149212,-0.0895765918335127,-0.653776320283739,-0.838906555258306,-0.761660555595246,0.192692898382022,0.747939040788304,-0.252659454575957,0.0722445468239389,0.235087913437529,1.3941712884829,-0.444866529913555,-0.402172844262473,-1.23321624918318,-0.691582097088426,0.372996185038278,1.17800805584479,-0.550930207394384,-1.86617610507607,1.18218282021765,0.897849168625072,-0.165584803405107,0.155666779985624,0.68464204843914,-0.179776073400649,-0.000690227188266011,0.0108804772080765,-0.43486269553505,1.88807176993655
comm.and.crime_point_0975,comm.and.crime,regression,0.17,0.497320868951615,anomaly,0.324222120103087,-0.171897892729153,0.0189685659473083,-0.142900394170307,0.00146429262794278,0.189657297261516,0.221751815843521,-0.275373647350366,-0.607089206928712,-0.79314444928836,-0.397969848981704,1.71239030458445,0.124187285317004,0.682832724400303,0.711095016407226,-0.481947944658748,-1.08555357022468,1.03505545181761,1.49100722539581,-0.890344957479674,1.19806501745397,0.828839223120861,0.574277109441232,0.438699312006588,0.518095065368702,3.55935745304993,0.499680118149013,1.00349875849274,-0.277522937462631,-0.932377159094426,0.207127241592105,0.230460115746014,-0.103612505190179,-0.561556462298257,-0.0636258900830415,-0.179776073400649,-0.231377493520679,-0.458589923959548,-0.00718774078893893,-1.32217072016655,-0.0253843380978089,-1.41330154998685,-1.38487833794378,-0.308861968134177,0.837139404775339,0.77218486682801,1.12442813437682,0.924855861929795,0.287943781650617,0.0759519559752211,-0.241958561604024,-0.565328047091832,0.228695275045463,-0.868190997905353,-0.808924961997834,-0.839101164308632,-0.861049585201808,-0.175426554321479,-0.0513105662033324,0.0220735832329614,0.0729119884084963,-0.599035968609651,0.08835601335298,-0.445688830173635,-0.376966020067782,-0.130351673731295,-0.0280406076086237,-0.866859498853478,1.15381580742274,-0.649009732299257,-0.725679262825477,0.726172755495118,-0.37760024144161,1.13620597443694,1.03299019886025,0.0710446600743682,1.09354876858201,-1.05037612774876,-0.924361576905879,-0.548046173164703,1.00394925739407,0.805509844533911,0.557096293441894,0.746028405238823,0.705007918115826,0.833861965998727,0.730527251248644,-0.000739682945828393,0.748881102728531,2.16094301435965,-0.189444898148642,-0.226875569169311,0.971073857968097,0.494832130186732,1.9021016095071,0.516532026663808,1.15260339828895,-0.413219819433159,1.11844200312802,0.691166246063905,1.85557790941148,-0.503041693998314,-1.05037612774876,-0.296225771543798,-0.561556462298257,0.0507121317750543,0.511849510519854,0.36127260445787,-0.000690227188266011,0.223072592487436,-2.60606213976168,-1.01880107061754,-0.758443965028085,0.90955648980559,-0.607089206928712,1.3646360457215,0.35046425234891,-0.0516442527306052,1.25679023127425,-0.590710800538598,0.0329370249239415,-0.391348688885798,-0.595936377798769,2.87567823114782,-1.82871867699035,-0.706093598596545,0.886358450346385,1.08555911739508,0.0538662644052637,-0.374422868098694,-0.592122486177232,-0.0212745163166381,-0.938289124010825,0.924892830816656,0.221480193470925,-0.22930318399663,-0.679746830292226,0.517473225955383,-1.14079770961895,-1.56531543697313,0.6153882795591,1.08931211503494,-0.897080987655194,0.22524578682669,1.43340971275605,-0.665881730079667,0.943924605526253,0.451234030637584,-0.391374245016123,-0.739844610851231,-0.286904425214791,-0.143536973699349,-0.899600712687643,-0.779675500224294,0.472274787559283,-0.210617258288034,-0.440957773352299,0.592406217722805,-1.39084572915588,-0.494690868811617,-1.23875756229239,-0.543205919690318,0.352162328164607,-2.4766527620886,1.4741881110361,2.50865696043579,0.970640616647273,-1.92100789931097,-0.35568405855027,-1.40284779120747,-0.199361816374992,-0.34476848053886,-0.565328047091832,-0.576459764357761,0.0881812846222431,-0.79314444928836,0.627044535799378,0.0803777926311325,-0.463085094801143,-1.02533734250561,2.20474440874806,-0.217427187171022,0.992887438896841,0.414646167749156,-1.40242760634748,-0.333979422149212,-0.531713688779321,-0.363236207687417,-0.231370130585801,-0.933198174429091,-0.189129511616007,1.22894398048608,-0.708705024057152,0.682832724400303,-0.334146706962114,0.914832475982277,-0.598673237091449,0.165758647284414,-0.333979422149212,1.89447730749003,0.951367200568424,-0.0679036931627271,0.208622131821331,1.09121295537998,-0.0317506535508209,-0.840584712680936,-0.93654835490529,-1.02539690198974,-0.0450487366494222,0.0427225572111723,2.55058911026356,0.726172755495118,-0.324530007231007,0.317188096723854,0.385206829798923,-0.472016707391195,1.5019765425956,-0.199127291665113,-1.04597692458435,0.65320279235381,2.30104471844562,0.742239561078903,-0.624470961512025,-0.230075729421995,-0.194279537476602,-0.391374245016123,0.374882417342708
comm.and.crime_point_1645,comm.and.crime,regression,0.15,0.401610369272871,nominal,-0.468579105942779,1.22003874930914,-0.296225771543798,0.162505164217251,0.790599292659839,-0.629882524473152,0.461126610555507,-0.318385949779994,0.681606038310923,1.22686748308551,0.743140095657729,-1.58028690596656,-0.499564470154296,-1.56531543697313,-0.674062310910845,1.26751925597758,-0.056684368540964,-0.874299669303055,-1.73445348243088,-0.305119864602728,2.03356796592375,-0.93654835490529,-0.786206461289495,-0.899600712687643,-0.181232442057388,-0.567472613338656,-0.626152826019497,-0.471261468611373,-0.277522937462631,0.161838566612595,-0.58964979375619,-0.510251474836759,-0.772850518815592,1.46642688511458,0.281129612160397,-1.46445019461129,-0.402359601765361,-0.408318988919673,-0.597659300581394,-0.0616228744930443,-0.994391424628807,0.242235276297757,0.140121215605925,0.0145655943380156,0.0944776934649314,-0.0516442527306052,-0.0641469216650966,-0.58944929060163,-0.245827430569399,-0.152304562810898,-0.333979422149212,-0.521839596572905,-0.230075729421995,0.0446822618622457,-0.192589859272896,-0.0946770133781229,-0.348149548490111,-0.0481955106804643,-0.178250105917284,-0.146888892646214,-0.225185707609603,0.106216754462134,-0.412290020458506,-0.343942476362171,-0.219657981557459,0.459440106210166,0.60517537847966,0.506615146131691,-0.672787798788313,0.0177951584617036,0.143845084226443,0.726172755495118,-0.111756872588377,-1.44079333516229,-0.694834028068417,-0.75551447749102,-0.282217262099776,1.444604256453,0.969835185456777,-0.499571897557428,-0.555594417312278,-0.61971625898909,-0.760637999705362,-0.621819912096626,-0.824058881310911,-0.817460640601083,-0.768973580240562,-0.649707912297875,0.321698862402212,-1.57750115985543,-0.286904425214791,-0.226875569169311,-0.0240191880409045,-1.80538500075123,-1.62694770498715,-2.07670734682755,-3.28688171935617,-0.321861540250354,-0.358722252432842,-0.662221689003069,-0.391348688885798,-0.639972682963453,-0.0609873547032339,0.0977671503200851,-0.264778411457355,-1.01683029266498,1.31821468747653,1.27429867960235,-0.115382978305131,0.385056113761999,-2.2636773615825,-0.100894450061688,-0.440959496409212,-1.79237189160407,-0.349350157880785,-0.949587954657186,0.454899090454526,0.77218486682801,-1.21469712740159,-0.649707912297875,-0.411489929425723,-0.391348688885798,-0.321861540250354,-0.230503261067549,-0.424861492610813,1.10783053316,1.86517425074552,-0.23600364120476,0.569266126325109,0.108891065540274,0.365376692670713,-1.23504806525446,1.55883286645718,-0.664493583293417,-0.749538645679329,0.0881812846222431,1.27788477050604,0.968220127909451,0.992669953659678,0.682832724400303,-1.56531543697313,-0.0616228744930443,-0.838101809661048,-0.281327002043937,0.972629611637952,0.931913901423168,1.75624134272171,0.649747137552387,-0.391374245016123,-1.58352531523914,-0.286904425214791,0.0749460229086676,1.50933933176197,-0.4726301518147,0.281218604480928,-0.0536383847421805,2.88605969651438,0.546762554734425,-0.598673237091449,1.08097977620649,0.468218969810561,-1.01503934364349,2.94638832879172,-2.26067473372252,0.176251652332003,0.303001138876892,0.683344364777741,-1.60062121906623,-0.35568405855027,0.475925353586706,-0.35568405855027,0.114002523928599,-0.695793398648614,-0.576459764357761,-0.0705609496871936,-0.305555362163633,0.799837073718665,-0.629843707397574,-0.548100210488063,-0.919685446737523,-1.02301435554381,0.0977671503200851,2.30104471844562,-3.19315286568976,0.823407774959287,0.218145741121919,0.943214105202603,-0.0298337623069365,-0.78049817719312,0.960248140763403,-0.569295082344151,-1.21809552051175,0.412240099369111,0.188240128898148,1.5185567053206,-0.689269589429965,0.63909628175923,0.682832724400303,-0.333979422149212,-0.496562007079367,-0.653776320283739,0.406559606588398,-1.14977363056188,2.04589051594031,0.202156254750917,2.19702912086145,-0.331272613867753,-0.440171809112793,0.699375414281087,0.0427225572111723,-0.730257505876477,0.726172755495118,-0.48183804574133,3.21920868907389,1.17800805584479,-0.708757207400764,0.848454387077221,1.6723251179825,-0.619283391928622,2.95604290542576,-0.367596131833887,1.08782463691748,2.29075108277367,-0.230075729421995,-0.912339588872978,-0.347885794497196,-1.08786729016467
comm.and.crime_point_1520,comm.and.crime,regression,0.03,0.050212972486249,nominal,0.324222120103087,0.87205458879957,-0.453822940289352,0.406829610927298,-0.550930207394384,0.517473225955383,0.987751158921877,-0.490435159498505,-0.800393493714657,-1.55935587191293,-1.0586124485098,0.484612361667126,-0.343626531286471,0.682832724400303,2.5261287556516,0.502127355699187,-0.44863454061095,1.93357550881557,0.511849510519854,-1.29550079100987,0.780313543219086,2.44290786588763,2.24871842726367,2.1517233436152,1.74191820336436,-1.23504806525446,1.06259659023327,2.53287973474885,-0.433845179637909,-1.23875756229239,-1.2458191169842,-1.54724770165264,2.47773411879356,-1.45189061482096,0.396048112908209,-0.377418245894594,0.794515155947413,-1.66509236491657,2.5157361965061,-2.14426714125797,-0.880390590919278,-1.8129138873659,-1.98398530540973,0.0145655943380156,1.77784423910186,1.69293505927587,1.44442911100348,0.715986185718564,-1.43198567994721,-0.951202378562316,-0.333979422149212,-0.869747200724323,-0.230075729421995,-0.503041693998314,1.08749073869428,0.699375414281087,0.369910502906264,-0.175426554321479,0.710326672080377,0.444479772930899,0.243253528990267,0.106216754462134,-0.366776744657462,-0.700054714702294,-0.48183804574133,0.754335996180896,0.478532181262003,0.136833510943376,1.91490064334401,-0.791896494605177,-2.40675966712586,0.726172755495118,-0.510521925868227,1.03312600205297,2.05888583359914,-0.939194285838884,0.0881812846222431,-1.13640993410055,-1.04789614836431,-0.887366102415632,1.98423385292377,1.84203791982337,1.57727768168493,2.797800881242,2.90304144229176,2.32407992805221,2.88605969651438,0.943214105202603,0.695483322687741,1.43402331381783,-0.286904425214791,-0.226875569169311,0.278835217266183,-1.02233236043192,1.95724300504607,0.716011978470835,0.194078202433754,-0.504578098615964,0.478337492384979,2.61210396035251,-0.391348688885798,-0.00096140112613429,-2.12579870714607,-0.217427187171022,-1.20457557245354,0.821714993870633,-0.179320641157294,-0.551753470686607,-0.230075729421995,-0.586845013885375,0.703657382637049,0.385056113761999,1.14646284668515,-0.634402585285642,0.55273651378696,0.133665832754111,-0.223927357231975,-1.31161820029084,-0.4393285442876,-0.0597367947051054,-0.658393792953314,-0.391348688885798,-0.230503261067549,-0.413219819433159,-0.478855999702333,-0.878848277811454,-0.826569200352095,1.02809986702118,1.18774596062892,-0.777184479464502,-0.544247527234835,-0.264029226104202,1.23662357736453,-1.15775143594827,0.282168870917816,0.0352672065190975,-0.973391570411965,0.435519243781917,-0.524462606894016,0.682832724400303,0.682832724400303,-0.390461442929611,3.17248229394089,0.0986025896090331,-0.00652810323800724,-0.608817600383137,-0.537358856418398,-0.491703227207728,-0.304397343978269,1.29491473502549,-0.286904425214791,0.0203252737566635,-0.257216700834412,0.346157443944216,0.0901624214025735,-0.943185334835349,1.80829347388151,-0.868190997905353,0.441053158743122,-0.976145788122707,-0.888608530066145,0.0465858602511433,0.475696899623041,2.05888583359914,-0.94469347109426,0.0272941611820292,-0.982973896065542,0.748881102728531,-0.35568405855027,-0.705017765998204,0.582249394501401,-0.34476848053886,-0.391374245016123,-0.576459764357761,-0.811358043131231,-0.305555362163633,-0.00652810323800724,-0.51147345739279,1.78981547090223,0.400963250363601,1.1993769247883,-0.375024355916575,-0.105964675924132,0.00232627821327909,-0.808871504665675,0.310166601667107,-0.0597367947051054,2.30398335535642,-0.611535701313945,-0.626152826019497,0.486720391900693,0.00542422998716656,-0.0597367947051054,0.6153882795591,0.511652676906082,0.38013178751153,-1.04427026387769,-1.56531543697313,-0.241958561604024,0.0630429388836828,-0.738257558223326,-1.66921732982277,-0.438232993123054,-0.818142165740683,0.124187285317004,-0.497628312119698,-0.23039332369483,2.35090171076187,-0.144305290106824,-0.514522113788516,-1.15208064223734,-1.23321624918318,-0.324530007231007,2.9959763358162,-1.20039562229281,-0.51147345739279,-0.458589923959548,-0.3328024637828,1.04008034617698,0.44850589341408,-0.890859043653398,-0.409710691716343,0.709613702822105,-0.34476848053886,-0.50201955950362,-0.956724101762177,-0.432151904040676
comm.and.crime_point_1540,comm.and.crime,regression,0.34,0.0576099794765302,anomaly,-1.0174414932053,0.87205458879957,0.0189685659473083,-2.2196581912057,0.593315542651865,-0.138158631432351,-0.496372568292438,-0.318385949779994,-2.08908873895429,-1.69866703966285,-1.29884612106547,3.21920868907389,0.0462183158830917,0.682832724400303,-0.530770173602079,-2.83279449551381,-0.693603398154691,0.529637919756257,3.0461400666694,-0.890344957479674,1.01902867135331,-0.280832968781291,0.312645653531477,0.492231312994358,-0.530896195770433,1.19249903262118,-0.165584803405107,0.293429019516684,-0.121200695287352,-0.232079094641932,-0.0740881826484698,0.279840888451533,-0.533836942520802,-0.462630445351289,-1.67248490055242,-1.11857639274689,-1.25727014298877,-0.709944599158927,-0.382942369747774,0.486441406234567,-0.823390174064514,-0.157377061081287,0.140121215605925,-2.24942734296733,-0.747205579353531,-1.02085498162309,-0.338433473059384,-1.47714541449936,1.0589466437462,1.16017042020929,-0.0579168405136468,0.260952512767785,0.228695275045463,-0.503041693998314,-0.524462606894016,-0.541331503936429,-0.348149548490111,0.206266576601564,0.244881693129221,0.23327667808193,0.413595069572038,-0.158253016689785,0.179382564955068,-0.496562007079367,-0.691582097088426,-2.01768536954397,-2.56090455196176,-0.972511394621568,0.443469960562887,-0.0774626830755764,2.40460838656144,-1.23321624918318,1.48330334053102,-2.98699292092182,0.709023156311124,-0.571834669143156,-0.0705609496871936,1.18650283739765,-0.389045100585998,0.179067960944429,-0.243685682371009,-0.231018230755544,-0.165532189896924,0.700433461327641,0.609441243151654,0.632481160315823,0.636808449280568,0.589231434646941,0.748881102728531,-0.227507430277758,-0.286904425214791,-0.226875569169311,1.01433877301197,-2.44161527101066,-0.0278472343569434,-0.331257768516057,-0.966241771496221,-0.321861540250354,0.67529272645976,-0.356617961729881,-0.391348688885798,-0.503041693998314,0.369181677055691,-0.453822940289352,1.66427891900851,-0.127211605631618,0.511849510519854,-0.894138248865786,-0.115382978305131,1.51894076268393,-0.209368692507428,-1.82871867699035,0.0352672065190975,-1.02039235405845,-1.57361064085844,-0.06328940132067,0.0371597380320633,1.25679023127425,-0.245486398509103,0.412240099369111,-1.00405920189194,-0.391348688885798,-0.413219819433159,0.134929855663671,-0.856817549342979,-0.706093598596545,-0.435042880192443,0.281129612160397,0.105406250597248,-0.817460640601083,-0.639997445119629,0.949744322833616,-0.898012962874244,-1.70581571667588,-0.14265187121042,2.25765848685121,1.18000319046612,0.59942720812885,-0.808924961997834,0.637869761172835,0.682832724400303,0.541247834307328,0.223523394233582,-0.534613396479251,-0.467308204356106,-0.0381763034178386,1.42175798034711,0.351977477180183,-1.0002125522811,0.10383609353668,-0.189444898148642,-0.0342954753953406,-1.06019671565095,-0.574978601284565,-0.483006127832491,-0.786206461289495,-1.14384878811286,-0.913834660893733,-1.19280260613978,0.818368002036808,-1.15122030423583,-0.720143453672756,0.434518709136896,0.115083578304395,1.17920255223971,-0.579261189746669,-0.638218393822105,0.214903302320632,-0.277522937462631,-0.114546206205749,1.36386060537779,-0.000690227188266011,-0.391374245016123,-0.533447461928133,0.194009440828534,0.739278395960782,0.339056972600567,-0.590386957395979,-0.675622884018443,1.61596005169664,-1.65798329278156,3.64370344709503,-1.15249049956315,0.826966057285032,-1.45189061482096,-0.333979422149212,0.884216993443326,-0.744267573836537,0.23327667808193,0.44850589341408,1.07808905747781,-0.483983670212399,0.825219881684049,-1.56531543697313,0.551928838042662,-0.733827980135861,-0.747205579353531,-1.56531543697313,-0.241958561604024,-0.191322945644976,1.58497648511533,-0.660982817851633,0.532049694293523,-0.930457172865427,0.280125224184829,-0.938572255698432,1.03059780346671,-0.665258383296233,-0.243561843564225,0.739278395960782,0.535211903206109,-1.23321624918318,-0.534274058578104,-0.296700874734808,1.17800805584479,-0.4325599573896,-0.508860858999424,-0.110010510253322,-0.524462606894016,-0.779675500224294,-0.105964675924132,2.18217737707296,0.264918814710728,1.37562278621411,0.164750488221586,-0.43486269553505,-1.23918622542406
comm.and.crime_point_0320,comm.and.crime,regression,0.18,0.050639471551985,anomaly,-1.38334975138032,-1.21585037425788,-0.375024355916575,-0.387224840880353,-0.629843707397574,0.271611279434983,-0.209122814638054,0.326798586664425,-0.220480633356821,-0.514522113788516,-0.518086685259539,0.317188096723854,-0.499564470154296,-1.56531543697313,-0.721826356680434,-1.19266899491726,-0.056684368540964,-0.53735464792882,0.511849510519854,2.44093634043525,0.243204504917087,-0.734789774559444,-0.681553878925593,-0.739004709724335,-0.647450780341448,-0.567472613338656,-0.267933252874971,-1.07208970928342,-0.277522937462631,0.205607195640876,-0.261565132142186,0.0823177976294598,-0.725047803556634,0.477166715644901,-0.695677644196011,-0.130365530277162,0.50954497553961,0.848454387077221,-0.490300835164584,1.63737639576255,-0.424387256081161,2.41155939349828,2.10083492731269,-0.373547480628615,-1.14329182538575,-1.02085498162309,-1.11557870200987,-0.746101547760053,-1.07613820513387,-0.494689340990077,-0.241958561604024,-0.217420442940414,-0.230075729421995,1.68785412944392,2.03569858904034,1.7415692255838,1.34442057265849,0.545549359644269,0.541073952461775,0.359998534991312,0.200668143844824,0.106216754462134,0.224895840756112,0.26653564650661,0.0949580954631852,-0.425247563702025,-0.787899790914564,0.242485406711466,-1.02796072221824,0.589342207685384,1.01336943127836,-1.23321624918318,-0.444061083654919,1.03312600205297,-0.910812056434499,-0.0667151961865298,-0.864272121234376,0.369181677055691,0.352162328164607,-0.984314653630183,-0.0654521195474263,-0.0150748817369079,-0.0380095163665442,-0.16587047298481,-0.0595254815975429,-0.0924897401426294,-0.0192231644959594,1.00221121696188,0.642085542646951,-0.954427130819579,0.297852737182101,-0.127274097367549,-0.110549018128644,0.25012818008695,-1.29609933175331,-0.281387780564301,0.648116453102006,-0.504578098615964,0.133665832754111,-0.618564013678328,-0.391348688885798,0.135969587839005,0.670299999286939,-0.375024355916575,-1.30350158940051,-0.127211605631618,-1.3888684065923,0.874849771726638,0.228695275045463,-0.748828535159937,0.760721512333579,1.24896822722633,0.617322065653698,-1.29609933175331,-0.735958731452675,-0.949587954657186,0.298246833296102,0.966027012606508,1.59601398638663,-0.649707912297875,-1.64600924706368,-0.391348688885798,-0.321861540250354,-0.321861540250354,-0.424861492610813,-0.792470938203999,1.03318082040625,1.77507012188196,0.672346098709078,0.99496661054505,-0.496372568292438,1.31387638751496,-0.978565285147405,-2.25387999740349,-0.81022732312622,1.46394731530403,-0.19033893009266,0.886266145735984,0.044462103313619,0.480499389876695,0.682832724400303,0.102796409725239,0.69535681818675,0.0986025896090331,-0.121723128517532,0.30420847476134,1.42175798034711,1.4437995652116,2.65281729130878,-0.442074950479027,0.00547415598365529,-0.307399221155361,-0.578408706761027,0.192634769739419,-0.244185898984547,-0.00131209356022966,-0.487817174336336,-0.229179716068034,-2.92567993253073,-1.19498893326411,-0.62599675589646,-0.307289207713733,-0.100797767182985,0.115083578304395,-1.3576732534092,-1.40638212283126,-1.5001071494307,1.01587000293248,-0.277522937462631,-1.45652702391587,0.0351215468879261,-0.230075729421995,1.52211757781668,-0.533447461928133,-0.176389105893484,-0.862800033163321,-2.54081865938755,-0.35364645738641,0.939664314033033,-0.285774072128984,-0.0705609496871936,-0.217427187171022,-0.00131209356022966,0.620806112517094,-1.352964597874,-0.241958561604024,-0.000739682945828393,3.44707745380378,-0.189129511616007,-0.4726301518147,2.26082638863203,0.152246600047036,-1.00369058285354,0.682832724400303,-0.857736801737663,0.112781443276156,-0.00454386804312309,0.682832724400303,-0.333979422149212,-0.29306929945644,-0.569295082344151,-0.245827430569399,-2.76691144292284,-1.09892968355255,2.07341152116482,-0.644609626645943,-0.93654835490529,3.07117874814888,0.649747137552387,-0.444866529913555,1.28511970118097,2.68556176017342,-0.691582097088426,-1.63609499428098,-0.590548525334451,3.23691779275872,-0.709944599158927,1.13762442951176,0.945259561142375,1.06259659023327,-0.419922423015838,-0.58250322963563,0.413150444081187,1.26093003509725,-0.861049585201808,-0.608816497610759,-0.129514033521907
comm.and.crime_point_1902,comm.and.crime,regression,0.16,0.396073780364242,anomaly,0.690130378278102,1.56802290981872,-0.375024355916575,0.0403429408622278,-0.590386957395979,0.517473225955383,-0.687872404062027,-0.490435159498505,0.230562702477051,-0.305555362163633,-0.578145103398456,-0.464125139678079,-0.343626531286471,0.682832724400303,-0.387478036293313,0.11943140555999,1.0211786046515,-0.649669655053565,-0.294515666436819,-0.26010254976604,-0.234225751351356,-0.381712258954214,-0.52457500537974,-0.631940707748796,-0.705728072626956,-0.385406580997984,-1.13789507336882,-1.12671045843542,-0.35568405855027,-0.407153610755056,-0.308434369515615,0.230460115746014,-0.677245088297676,-0.215315402983871,0.281129612160397,0.709613702822105,-0.744323818254725,0.396015971718339,-0.382942369747774,0.376828550089045,-1.27939350890263,1.09854742782428,0.793692452841512,0.0145655943380156,0.29252081648104,0.190658429492517,0.712998307285384,0.402681671401718,-0.186519518100509,0.589529123243989,-0.333979422149212,-0.782770299686468,-0.34476848053886,-0.320467042044794,-0.808924961997834,-1.23612737813824,-1.52781963292701,-0.726761076765874,-0.728321444677741,-0.78049817719312,-0.778795714500358,0.855547772725906,-0.639856399463727,-0.59830836089083,-0.48183804574133,0.223523394233582,-0.0280406076086237,0.400963250363601,0.494208949624305,-0.410865128456057,-0.493806103611632,0.726172755495118,-0.311139399228302,-0.719233528474505,0.601034142128082,0.713923989291892,2.09891625254177,0.756333805638724,0.228627756706173,-0.25720051952105,-0.778386370841756,-0.749282268400272,-0.760637999705362,-0.986579463386079,-0.967408893757168,-0.857736801737663,-0.909551783192675,-1.3576732534092,-0.692858958372798,-0.279430266030745,-0.189444898148642,-0.226875569169311,-0.889317488918297,0.494832130186732,-0.248412816512834,0.167442111001511,0.547219064064617,-0.139144981884744,-0.8018715291011,-0.662221689003069,-0.391348688885798,0.0903259248506256,-2.12579870714607,-0.375024355916575,-0.808871504665675,1.47410203102843,0.972629611637952,1.10310629051276,-0.34476848053886,-1.77472416989883,-1.52184367552761,-0.370866985519292,-0.652615808821794,0.0824355567210018,0.617171276048942,-0.457199869470233,-1.79044992881621,1.547553449942,0.432961111715639,0.176251652332003,-0.164586065898132,-0.391348688885798,0.0435715764808665,-0.0477867027019386,0.655028649219603,0.935075853945092,-0.19033893009266,0.85572211589946,0.930046029669001,0.108891065540274,-0.0176229788684652,0.160791516024035,0.592204999179243,-0.554880727147895,-0.0212745163166381,-1.39341290226583,0.152246600047036,0.763335172475784,0.139282888348225,0.682832724400303,0.0983142024432111,-0.445267871002372,0.931273530163335,0.921783371523802,-0.870490792834442,0.4183367341544,-1.25410891864968,-0.541331503936429,0.695837017957058,0.699375414281087,-0.286904425214791,-1.01746896013141,0.278103309043281,0.755551241823674,0.854387153715993,-0.210617258288034,-0.768973580240562,-1.46155861675429,1.82735501985588,-0.232079094641932,0.94967388912165,0.518419284204312,1.1757261378875,0.331061606670478,-0.708705024057152,-0.854968167441532,1.08555911739508,-0.105483377924108,-0.121200695287352,-0.490300835164584,-0.433845179637909,-0.000690227188266011,0.391417864324567,0.455835493953308,0.82897837806628,-0.723488865413399,0.454251997880092,-0.590386957395979,3.10754976404949,0.453789198247646,-0.282217262099776,-0.296225771543798,-0.629227587743642,0.775426071093047,-0.215315402983871,-0.333979422149212,0.117254540572726,-0.744267573836537,-0.611535701313945,3.31426247857029,-0.738257558223326,-0.532924460232356,-1.29867614164992,0.682832724400303,-0.495251351508437,-0.912061542959443,0.63909628175923,-1.56531543697313,-0.333979422149212,-0.394815653267903,-0.696016939253532,-0.779598642789415,-0.373547480628615,0.641952926881002,0.202156254750917,0.972184833142749,-0.58347083930006,-0.575223753622857,1.3941712884829,0.739278395960782,-1.2458191169842,-1.23321624918318,-0.7440181099252,-1.46867072933771,0.324222120103087,-0.629843707397574,-0.508860858999424,-0.288244073076904,-0.240000251790199,0.44850589341408,-0.52457500537974,-0.00652810323800724,0.363739900957701,-0.34476848053886,0.0621704808792462,0.652348567438131,-0.23039332369483
comm.and.crime_point_1744,comm.and.crime,regression,0.11,0.02461510293961,nominal,-0.102670847767764,1.22003874930914,-0.453822940289352,0.406829610927298,-0.629843707397574,0.886266145735984,-0.544247527234835,-0.576459764357761,0.0372584156911057,0.460656060460939,0.022439077990719,-0.966397934507894,-0.499564470154296,-1.56531543697313,0.328982650250517,0.720810755778727,1.51111631973898,0.248850401944395,-0.640100742275393,-0.440171809112793,-1.06972869982113,0.173123836996862,-0.0536383847421805,-0.257216700834412,-1.17194641091102,2.95247067858102,-1.29141774757362,0.839636511036724,-0.433845179637909,-0.801071272009583,-0.167826657395328,-0.411489929425723,-0.868455949333508,-0.512093453824773,1.2579368685168,1.15430859093348,-0.972299962580968,0.948996257156972,-0.705017765998204,-0.390461442929611,-0.0253843380978089,-0.728251828765636,-0.567914291399295,0.337993156810208,0.589585501005203,0.820645403272635,0.575855031588241,1.13372553814103,1.77064159337288,1.90200410626417,-0.241958561604024,0.0435102601731493,-0.34476848053886,-1.46155861675429,-1.70972241982659,-1.98055152906875,0.421200506577434,-0.769171424646212,-0.770634624582392,-0.78049817719312,-0.736210329354915,0.767391182341933,-0.548829847861638,-0.394815653267903,-0.324530007231007,0.459440106210166,0.921783371523802,-0.708381655201343,0.849381873054233,-0.410865128456057,-0.493806103611632,0.726172755495118,-0.444061083654919,0.723886084901063,0.601034142128082,-0.75551447749102,-0.0705609496871936,0.842367611990508,-0.84200519593359,0.179067960944429,-0.243685682371009,-0.360584240166726,-0.505592652644603,0.198889078304643,0.0838245308487138,-0.13276590127921,-0.112941966464035,-0.885696359334983,0.428494422483792,-0.642890116301655,-0.286904425214791,-0.226875569169311,-0.889317488918297,1.13106240044617,0.137576952259974,-0.181647804660787,0.849911231176784,0.0435715764808665,-0.949587954657186,-0.574906338353587,-0.391348688885798,-0.274823379056414,0.455215483407476,0.255364319065638,0.823407774959287,0.287943781650617,0.742239561078903,-3.00551104763739,-0.34476848053886,0.331061606670478,-0.209368692507428,-0.154888957153209,0.0352672065190975,-1.35124072729229,-0.478219682404748,-0.407961060951538,-0.0150576810207445,0.675263793938761,-3.0077369758527,-0.413719465260767,0.576125524684642,-0.391348688885798,0.226288134846476,-0.413219819433159,-0.0468999429701671,-0.101452221344363,1.22894398048608,1.60269237076024,0.414646167749156,0.793585804862147,-0.0654979378108623,0.767678290492944,-0.0522135790060488,-0.993332151729983,-0.446095258444874,0.458579831344262,-0.728687620312182,0.927243136822718,0.897849168625072,-1.56531543697313,-1.56531543697313,0.541247834307328,-0.484226741696171,0.288567385435518,-0.352113179076581,0.190080215368281,0.752791255597911,0.0542078168079789,-0.91323565124325,2.73413476015781,-0.286904425214791,1.05811950764474,1.34874332879867,-0.267933252874971,2.95600516757789,0.364971944713428,0.917964855184794,-0.731260008940213,-0.994759483123667,-0.844839901037864,-1.19498893326411,0.341481750221874,-0.265510529127564,0.277067099578957,-0.590710800538598,-0.082988629895916,0.568425864029928,-0.265676718046478,-0.043039574199713,1.01271768067076,-0.433845179637909,-0.34476848053886,0.173975611729931,-0.576459764357761,-0.282217262099776,-0.375210946038594,-1.3888684065923,-0.669300457399169,-0.590607768331523,-1.76490061288224,-1.07592843364696,-0.453822940289352,-1.41412195547291,0.775426071093047,0.130925656330515,-0.241958561604024,-0.413719465260767,-0.410865128456057,0.106554821172549,-0.114410578670175,-0.78049817719312,0.299068970106906,1.65117944631393,-1.56531543697313,-0.69663215719134,1.09306603880586,0.63909628175923,-1.56531543697313,-0.149937701058835,-1.00529377613668,-0.273610749555595,0.347251694119508,3.31352673155438,-0.0319371158674677,-0.499564470154296,1.85407272030022,0.879278868207322,-0.26010254976604,-0.392446673750327,0.112378141086133,-0.964603692743623,-1.23321624918318,-0.376966020067782,-1.18963028776559,0.995053926757281,-0.669300457399169,1.5019765425956,-0.733827980135861,0.044462103313619,2.18842953440178,-0.419922423015838,-1.96484353298993,-1.16798693587037,-0.115382978305131,0.677650524933283,0.478394765362422,-0.432151904040676
comm.and.crime_point_0456,comm.and.crime,regression,0.1,0.042302510001237,nominal,1.23899276554062,-0.867866213748302,-0.375024355916575,1.9949385145426,-0.708757207400764,0.927243136822718,-0.592122486177232,-0.490435159498505,1.06821461188281,0.669622812085821,0.142555914268554,-0.575741316306927,-0.343626531286471,0.682832724400303,-0.626298265141257,0.11943140555999,1.65809763426522,-0.368882137241703,-0.236918153797056,0.145053283764153,0.481919633051309,-0.835669064732367,-1.04783791719925,-1.22079271861426,-1.63816474919508,-0.688849968232438,-1.54728887124828,-0.635123716067385,-0.277522937462631,0.161838566612595,-1.10521140486391,-0.757155338364351,-0.294823366226011,-0.561556462298257,-0.178544390830854,0.610792616575132,0.395556903376489,0.446286906758215,-0.490300835164584,-1.10294500787551,-1.05139184148357,-1.47038902675529,-1.38487833794378,2.79604263159887,1.1342040892995,1.25679023127425,0.758712732517766,1.02929070003541,-1.31336985500943,-1.35065128643802,-0.333979422149212,-0.869747200724323,-0.34476848053886,-0.411754368021554,-0.571872999411319,-0.839101164308632,-0.963629592544147,-0.684350728885536,-0.686008264773091,-0.696016939253532,-0.693624944209472,0.723312887149946,-0.594343123662683,3.72591167609637,3.92278703254769,2.34677380202284,2.50482333674451,1.72161194746473,0.392730971501469,0.446455445379464,-0.667710973022016,0.726172755495118,-0.444061083654919,0.775426071093047,0.43905062085352,-0.52591471705619,0.405665753241116,-0.0609873547032339,-0.347866910099853,-1.17821175605928,-0.64471119872407,-0.662904928792817,-0.675622884018443,-0.758604743830171,-0.919625556275082,-0.978565285147405,-0.909551783192675,-0.885696359334983,-0.212278938005688,-1.21404130958451,-0.286904425214791,-0.226875569169311,-0.759522743786688,0.886358450346385,0.247859743337919,0.416792050760294,0.042732118877671,-0.321861540250354,-0.555677486507623,-0.574906338353587,-0.391348688885798,-0.457398031009934,0.455215483407476,-0.296225771543798,-0.314241419930838,-0.423751167976071,1.37581220011629,1.38842693899541,-0.230075729421995,0.709023156311124,0.133016085671751,-0.100894450061688,-0.758443965028085,-0.579261189746669,-0.54265444466673,0.133665832754111,0.246029414243294,-1.89314463762633,0.77218486682801,0.589231434646941,-1.00405920189194,-0.391348688885798,0.0435715764808665,-0.321861540250354,-0.478855999702333,-0.706093598596545,0.299068970106906,0.0512926106647712,0.363106181557171,-0.334146706962114,0.41325165161311,-0.264029226104202,1.96159447782299,-0.8289128675117,-1.23504806525446,-1.23467066795639,0.494832130186732,-0.793790488820086,-0.287410644307502,0.682832724400303,0.480499389876695,0.157602837798,-0.720143453672756,-0.15468380482628,-0.121723128517532,0.817785642030109,0.179391205812885,-1.33538393159564,-0.652304948129686,-0.888729441037333,1.36990753490974,1.38584400255676,0.599295314969896,2.08608108493191,1.42755570295106,-0.419922423015838,1.38655886502517,-0.639972682963453,0.63909628175923,-0.669765384924741,-0.932377159094426,0.282502572227728,-0.965539767392024,-0.802823042251458,-0.649707912297875,0.192718347798946,-0.465840642700386,-0.265676718046478,0.191443789063205,1.38847230962959,-0.35568405855027,0.687466279512922,-0.217420442940414,-0.361398252209622,0.82897837806628,0.391000476585978,0.511849510519854,0.672229042655054,-0.675622884018443,-0.338600020013028,-0.440959496409212,0.0189685659473083,-0.943185334835349,-0.822313500858473,0.675018749538836,-0.333979422149212,-0.236728129982936,-0.172720524612857,-0.653776320283739,-1.59846309598321,-0.315851368525389,0.739536080286516,0.412240099369111,0.682832724400303,2.32407992805221,-0.867503152253548,-0.450140894829368,0.682832724400303,-0.149937701058835,-0.242196122550708,-0.189129511616007,-1.43198567994721,-0.244176455639738,-0.31272463367933,-0.265657561852559,0.923191061634,-1.13830693525114,-0.800310327806298,-1.38501220832434,1.01790073146063,-0.167826657395328,0.726172755495118,0.514446198157378,0.763652803239245,-0.468579105942779,-0.669300457399169,0.49655784179809,-0.778386370841756,1.18231152372889,-0.0632363539352424,-0.105964675924132,0.339056972600567,0.0178660990932967,11.1245066311476,-1.42523962558467,-0.478351146053977,1.18191673872609
comm.and.crime_point_0644,comm.and.crime,regression,0.06,0.02654538883548,nominal,1.23899276554062,-0.519882053238727,-0.138628602798245,1.87277629118758,-0.708757207400764,0.927243136822718,-0.44849760935004,-0.490435159498505,1.19708413640678,0.251689308836056,0.022439077990719,-0.519933227992503,-0.0317506535508209,0.682832724400303,0.376746696020106,0.611469055738957,0.482247118055266,0.978897948255237,-0.236918153797056,-0.440171809112793,0.839992325252642,0.173123836996862,-0.158290967106083,-0.36428070280995,-0.938837241768986,-0.446095258444874,-0.4726301518147,0.78501576188472,-0.277522937462631,-0.801071272009583,-1.2458191169842,-1.30034383812505,0.613428223694192,-0.907797521612643,0.338588862534303,-0.525649875265053,0.566539011621171,-0.609402729079175,0.583283819003517,-1.48659000438483,-0.595388506645455,-1.12786416614468,-1.33041406817415,2.3432440441378,1.1342040892995,1.3537113041635,0.941570433447291,1.34259521435226,-1.13544611760276,-1.35065128643802,-0.333979422149212,-0.956724101762177,-0.34476848053886,-0.685616345951833,-0.761514569480531,-0.64058805739383,-0.655889570517129,-0.684350728885536,-0.64369508486844,-0.653776320283739,-0.65103955906403,0.679234591957959,-0.548829847861638,3.47154579156771,3.87035101971092,2.11085709004626,2.44150173813568,0.717918937667871,1.10307681836132,-0.267978366150136,-1.36333045066355,0.726172755495118,-0.37760024144161,0.981586015860986,0.978995691768727,-0.847354381664952,-0.017646871584048,0.283147870703906,-0.84200519593359,-0.887366102415632,-0.3328024637828,-0.360584240166726,-0.335562421270764,-0.4394401364519,-0.537358856418398,-0.535527512645018,-0.628395377288449,-1.53466458868703,-1.2268367587807,-1.36980981684348,-0.286904425214791,-0.226875569169311,-0.672992913698949,0.543772920206689,0.964697885344563,0.217312098953267,0.446321675027228,-0.321861540250354,0.281382258310197,0.167274142167012,-0.391348688885798,-0.457398031009934,-1.9537310944425,0.255364319065638,-0.0669263775634199,0.821714993870633,0.454251997880092,0.817785642030109,-0.230075729421995,-1.12679008480058,0.24714434506481,-0.856817549342979,1.67560362771661,-0.138130025434889,-0.156045871094839,-0.604916295026319,1.76033456677472,1.20832969482963,-0.148565325619854,-0.590710800538598,-1.34972461083057,-0.391348688885798,2.32752855605099,-0.504578098615964,-0.424861492610813,-0.317395570362999,0.152246600047036,1.66015162113415,-0.461533597514582,-1.09939376855715,-0.639997445119629,-0.688849968232438,-0.253594384688952,-0.719300011366178,0.706989613046053,-0.864272121234376,-0.777628410332139,0.722358181389051,-1.18820810213626,-1.56531543697313,0.682832724400303,-0.390461442929611,0.0465858602511433,3.20136092144162,-0.00652810323800724,0.988978031119698,0.705007918115826,-1.58352531523914,-0.695793398648614,-0.243561843564225,-0.189444898148642,0.0203252737566635,0.0639753050922037,-0.267933252874971,0.0901624214025735,-0.681553878925593,1.38655886502517,1.7334977924323,0.688607062513258,3.05056808247913,-0.494690868811617,0.0465858602511433,-0.924361576905879,0.169078085395916,0.294245875850557,-1.84751328714304,-2.87912915840445,0.214903302320632,-0.121200695287352,-0.168225438914154,-0.121200695287352,-0.230075729421995,0.695837017957058,-0.490435159498505,-1.44632698036898,-0.375210946038594,-1.8496485077104,0.317118292640701,-1.10069846245304,0.0311816151752862,0.299837597034825,-0.375024355916575,-0.210617258288034,0.517726140133124,-0.165852394510387,-0.149937701058835,0.648228546406218,-0.839525415373817,-0.569295082344151,2.95604290542576,1.66945772305492,-0.0435165600327901,-1.71165592396486,0.682832724400303,-0.65635599605476,-0.243685682371009,-0.351119333321313,0.390573463421757,-0.333979422149212,-0.700054714702294,0.359998534991312,1.59271785596621,0.855477256765716,0.417322912631512,-0.343626531286471,-1.08555357022468,0.627080642775015,-0.350137179439416,-1.13687082468084,-1.55935587191293,0.675819615326396,0.726172755495118,0.0949580954631852,0.428804273352702,-1.38334975138032,0.238204792637512,-1.46400862475706,0.602923741041008,2.32016094414416,0.909073916028471,0.155666779985624,-0.0641256158777693,-0.0809549871536759,-0.230075729421995,0.0108804772080765,1.13072152314633,1.08103744855317
comm.and.crime_point_0256,comm.and.crime,regression,0.93,0.0102109571688171,anomaly,0.995053926757281,-1.21585037425788,0.334162903438415,0.895478504347391,1.93484504270609,-1.32649137294762,-0.256997773580451,-0.447422857068877,0.874910325096869,2.61997916058473,2.12448371285283,-1.52447881765213,0.358094193618742,0.682832724400303,-0.912882539758789,0.775481605798612,-0.742597169663439,-1.66050471917627,-1.61925845715135,0.280105228274217,-0.771334789653356,-1.1887465803376,-0.890859043653398,-0.792536710712104,-0.647450780341448,-0.14265187121042,-0.523804376549633,1.60432699916478,0.504088273413761,1.21228566329134,-0.167826657395328,0.329221661157051,-0.916258664592466,-0.462630445351289,1.2004776181429,-0.42682878901808,-1.14328207082565,0.446286906758215,-1.02709316224863,1.41815068347151,1.45662650012607,1.38398481166645,1.2838708807682,0.0792511068324541,-1.09378104463172,-1.26315766384622,-0.841292150615578,-2.20818928123867,0.0507121317750543,-0.665881730079667,0.402187462212296,1.95700208300595,-0.230075729421995,0.227256913815765,0.044462103313619,0.351977477180183,0.267330495563925,-0.514709337364183,-0.559068725059139,-0.527054463374357,-0.523283403627701,0.546999706382,-0.503316572060594,-0.0387034149277808,-0.114785955883911,-0.0713724957371486,-0.534613396479251,0.612267041899781,-2.0427405034466,0.398826524610824,1.07133772108182,-1.23321624918318,0.552851549544707,-1.0800134318184,-1.82871867699035,0.851683845552791,1.46394731530403,0.928401418342293,1.83457718566582,0.857707819446286,-0.689269589429965,-0.706093598596545,-0.718130441861903,-0.667414856007808,-0.632925531382569,-0.69663215719134,-0.534676575320374,-0.0597367947051054,0.0547099621982618,0.291720927252114,-0.0919853710824933,-0.0276726255657857,-0.672992913698949,-0.679746830292226,-2.1232202648379,-1.92709738297228,-3.18598433031878,0.683079530760502,-0.555677486507623,0.0363011161927887,0.856943865723802,0.181613250827385,0.584266192935153,-0.217427187171022,-0.759408496192192,0.347251694119508,0.511849510519854,1.559619328085,0.687466279512922,-2.09869121244796,-0.437625211293547,-0.26287797133625,0.723150221859989,2.06752579612401,-0.671523969190694,-0.358722252432842,0.0893771570848711,1.40217184060813,0.0452768201586437,-0.000739682945828393,1.66250252420604,-0.391348688885798,-0.595936377798769,-0.413219819433159,0.385056113761999,-0.965225617418908,0.690595290266559,-0.0636258900830415,1.03312600205297,-0.978565285147405,4.0517485312353,-1.11367071036067,-0.0119374178694681,0.102796409725239,0.282168870917816,0.141095362725389,-0.435042880192443,0.845289154649251,2.36757133666146,0.480499389876695,0.682832724400303,0.212409265870761,-0.543205919690318,0.60517537847966,-1.04328333075373,0.589529123243989,-0.632925531382569,-1.18649910140954,-0.652304948129686,-1.83166669888264,-0.286904425214791,-0.471261468611373,-0.578408706761027,3.46778515277508,0.137926467172162,1.14986631244269,-0.112941966464035,-0.503041693998314,0.738117843267285,0.774599373008527,0.643293485923684,-0.0123933177430025,-0.7596488149613,-0.586845013885375,-1.12168480637209,0.633849512110727,1.02809986702118,-1.70741677914781,-0.121200695287352,-1.18813086037385,0.0351215468879261,1.14623728398038,3.13119024701698,3.6817581761754,-0.652615808821794,-0.305555362163633,-0.0641256158777693,-0.4325599573896,2.98002709051911,-1.44794492557797,-1.1288425117501,-0.217427187171022,-0.315269840651936,-0.873853487050458,0.625555741065352,-0.149937701058835,-0.649707912297875,1.25614709844634,0.444479772930899,-0.0632363539352424,-0.696016939253532,0.445891340166776,0.943214105202603,0.682832724400303,0.43110035463292,-0.912061542959443,-1.09378104463172,0.660351242786569,-0.241958561604024,0.164789292695146,-0.189129511616007,-1.72852524229167,0.0145655943380156,-0.930457172865427,-0.499564470154296,-0.791590941172187,0.828839223120861,0.100035968927465,-0.0946770133781229,-0.723488865413399,-1.38642682910448,0.726172755495118,-0.639146084251652,-0.966397934507894,1.60490102371564,-0.669300457399169,1.5019765425956,-0.778386370841756,-0.287410644307502,-0.4726301518147,-0.52457500537974,-0.870490792834442,-0.575060418388539,-0.230075729421995,1.29313056898732,-0.608816497610759,-1.03742764507821
comm.and.crime_point_1481,comm.and.crime,regression,0.37,0.106612356035215,anomaly,0.507176249190595,0.87205458879957,-0.375024355916575,-0.753711510945423,0.63277229265346,-0.179135622519085,-0.400622650407643,-0.576459764357761,-0.54265444466673,-0.723488865413399,-0.458028267120621,1.37754177469791,-0.499564470154296,-1.56531543697313,-0.8651184939892,-0.864643894797944,0.139290717494029,-0.930457172865427,0.972629611637952,0.235087913437529,-0.0551894052506902,-0.835669064732367,-0.629227587743642,-0.631940707748796,-0.705728072626956,-1.23504806525446,0.141460545004487,-0.853606712675401,-0.277522937462631,0.293144453697438,1.3319889385544,1.56374097879501,-0.868455949333508,0.279314681750966,-0.523299893074292,2.98249868650247,-1.31426417907033,3.06037552883175,-0.973413929540229,0.322022122016284,-0.937391007774043,-0.0432021075444176,0.140121215605925,-0.891031580584123,-0.450140894829368,-0.4393285442876,-0.978435426312722,0.611551347612948,2.24510489312401,1.559619328085,-0.241958561604024,0.608860116919203,-0.34476848053886,-0.0922487271028942,-0.666693784445925,-0.144305290106824,0.216040491892755,-0.641940381005198,-0.686008264773091,-0.653776320283739,-0.608454173918587,0.723312887149946,-0.412290020458506,-0.700054714702294,-0.639146084251652,-0.779122631666902,-1.16782938256753,-0.127296228476849,0.139036026194378,-0.410865128456057,0.433686533243749,-1.23321624918318,-0.37760024144161,-0.10075369417069,0.277067099578957,-0.342234908708326,0.617322065653698,-0.491156386462159,0.928656994970632,-0.208726243913775,-0.912061542959443,-0.835659608007726,-0.803145557548822,-1.07776935120844,-1.11075890620342,-1.13966992969373,-1.00327058516075,-0.649707912297875,-0.319074498087268,0.18787525574614,-0.286904425214791,-0.226875569169311,-0.759522743786688,1.22894398048608,0.744132303188673,0.616272002567322,0.547219064064617,-0.230503261067549,-0.752632720582405,-0.70587936432781,-0.391348688885798,-0.0922487271028942,-0.147021161055019,1.51614166903007,-1.10564955550658,-1.31336985500943,-0.179320641157294,-2.32074149127903,-0.230075729421995,-0.100894450061688,0.988978031119698,0.709023156311124,-1.49924105847212,0.247859743337919,-0.156045871094839,-0.654155103545014,0.611551347612948,0.33604003882639,0.626803257494137,0.23524876409128,0.0329370249239415,-0.391348688885798,-0.230503261067549,-0.504578098615964,-0.424861492610813,1.75566058021591,-2.34373369097075,-1.5001071494307,0.260026209173202,-0.414699029235275,-0.352747691465246,0.282168870917816,-0.575803673781598,0.924892830816656,-0.324717903551093,-1.55215513657527,-1.07127315045188,0.0667263240013159,-0.571872999411319,0.682832724400303,-1.56531543697313,2.45947281685397,0.0465858602511433,0.795140174306145,0.799837073718665,0.532464993547459,1.08727461797251,0.749003691009788,0.391417864324567,-0.789472887579932,-0.286904425214791,0.948878009340733,-0.150152698858873,-0.319107477609904,-0.196421853214959,0.417298235895379,1.19912126108902,-0.137892390091274,-2.18301822122032,-0.932377159094426,-0.669765384924741,0.990252708157481,-0.84200519593359,-1.88271318408187,1.82817078159176,0.578708116571755,-0.178544390830854,1.12266556301406,-0.199361816374992,0.207529190044681,-0.433845179637909,-0.000690227188266011,-0.91323565124325,-0.232361344920738,-1.39341290226583,-0.723488865413399,0.281459459960805,-0.629843707397574,0.429573619911515,-0.549903811549208,-1.60506921467841,0.0977671503200851,-0.629227587743642,-0.0492137079787055,-0.709945487718708,-0.241958561604024,-0.413719465260767,1.82769414767002,-0.738257558223326,-0.728501275489362,-0.611535701313945,0.837417660326429,2.2411505639067,0.682832724400303,0.43110035463292,1.36041638304123,-2.13350744046629,0.682832724400303,0.218145741121919,-0.59830836089083,-0.273610749555595,-0.423751167976071,-0.56760401811193,-0.368882137241703,0.124187285317004,0.629228432581511,0.727959932947938,-0.440171809112793,1.24528645829679,-1.76832262353781,-0.870865217996765,0.726172755495118,-0.376966020067782,0.540420449981549,0.812099797669774,1.02733979266941,-0.609402729079175,-0.867503152253548,-0.287410644307502,0.755551241823674,-0.629227587743642,-0.0641256158777693,-1.21739747899386,1.26093003509725,0.369910502906264,0.565371666400276,-0.482591549127137
comm.and.crime_point_1506,comm.and.crime,regression,0.23,0.0892813946609866,anomaly,-1.6882732998595,0.87205458879957,-0.375024355916575,-0.509387064235377,0.672229042655054,-0.179135622519085,-0.544247527234835,-0.576459764357761,-0.220480633356821,-0.235899778288672,-0.157736176426034,0.372996185038278,-0.499564470154296,-1.56531543697313,-0.626298265141257,-0.700631344738288,0.923191061634,-0.76198466217831,0.339056972600567,0.415157172784282,-0.234225751351356,-0.432151904040676,-0.419922423015838,-0.36428070280995,-0.647450780341448,-0.0819631937635291,-0.626152826019497,2.25977598898883,-0.277522937462631,0.336913082725718,0.910165802193541,1.02055247903431,-0.199217935708095,0.0319996393835476,-0.408381392326479,1.20371913405697,-0.801317854336286,0.647370646917718,0.100170724627871,0.0479899816524777,-0.709389340354984,-0.385726968155027,-0.186664403011869,-0.373547480628615,0.0944776934649314,-0.00318371628598076,-0.0184324964327153,-0.276144776284783,0.0507121317750543,-0.323496951900488,-0.241958561604024,-0.13044354190256,-0.34476848053886,0.409831565769285,-0.287410644307502,-0.541331503936429,1.13926055797381,-0.59953003312486,-0.686008264773091,-0.696016939253532,-0.608454173918587,0.767391182341933,-0.594343123662683,-0.394815653267903,-0.376966020067782,-0.484226741696171,-0.407970199261594,-0.444251915781118,0.0882970371329595,-0.315607286918777,-0.261932944397787,0.726172755495118,-0.311139399228302,-0.306913638938628,0.00709456412135369,-0.112635148273496,-0.917186199337522,0.369181677055691,0.640409661567619,0.80923354383901,-0.733827980135861,-0.706093598596545,-0.633115326174983,-1.21455418294199,-1.11075890620342,-1.09939376855715,-1.09698938712883,-1.47566747692775,-1.49382565898465,-0.383275937536719,-0.286904425214791,-0.226875569169311,-0.802787658830557,0.837417660326429,0.137576952259974,0.217312098953267,0.294975591471144,0.226288134846476,-0.900349146138491,-0.70587936432781,-0.391348688885798,-0.548685356986693,-0.405122580110374,-0.375024355916575,1.66427891900851,0.643791256463961,0.742239561078903,2.24438888444335,-0.34476848053886,-0.0468999429701671,-1.46477954583108,0.43905062085352,-0.0705609496871936,-1.29609933175331,1.1326493741448,-0.260244635395451,0.0371597380320633,1.25679023127425,0.33604003882639,-1.82965014748341,-0.559632247542278,-0.391348688885798,8.53989154048173,-0.413219819433159,-0.748828535159937,-0.792470938203999,-0.0435165600327901,1.2004776181429,0.723886084901063,-0.65635599605476,0.796251323152288,-1.23504806525446,-0.978565285147405,0.541247834307328,-0.688849968232438,-0.599701730718649,1.18000319046612,-0.711836506646619,-0.808924961997834,0.682832724400303,-1.56531543697313,0.102796409725239,3.17248229394089,0.161924188217862,-0.640100742275393,-0.722945859776196,-0.632925531382569,-1.43464048505304,-0.782770299686468,0.550490584094985,0.00547415598365529,0.0203252737566635,-0.36428070280995,0.755551241823674,-0.530770173602079,-0.629227587743642,0.636808449280568,3.1028076820837,-0.450140894829368,-1.10745167520755,0.380681711753999,0.282502572227728,1.1757261378875,-0.100894450061688,-1.94764437100197,-1.90265468268201,-0.00616663970913513,1.4430522432588,-0.277522937462631,-1.29548932579066,-0.35568405855027,0.114002523928599,3.26165559857376,-0.576459764357761,0.82897837806628,3.52550175095922,-0.0641256158777693,-0.669300457399169,0.939664314033033,-1.23664113404179,-0.546787652615503,0.255364319065638,-0.262943549469985,1.13620597443694,0.72448175801232,-0.333979422149212,0.530234322887664,-0.0774626830755764,-0.611535701313945,-0.0632363539352424,3.44356371978626,-1.02233236043192,0.825219881684049,0.682832724400303,-0.65635599605476,3.18731040198295,-0.103565429551178,0.682832724400303,-0.333979422149212,-0.394815653267903,-0.611535701313945,0.228635869181726,-1.14977363056188,-0.0880946194298402,0.124187285317004,-1.18354111324217,0.7783995780344,-0.98037958715305,-0.342818397021626,3.3861905832093,0.722688852699825,-1.23321624918318,0.566882210994152,-1.9151354358531,0.812099797669774,-0.0774492073752468,-0.5591317940393,0.0682230525702607,-1.56749124227468,-1.24024352283868,-1.30946937310901,0.799837073718665,-0.723292047758998,-0.34476848053886,-0.912339588872978,0.260952512767785,-0.280832968781291
comm.and.crime_point_0480,comm.and.crime,regression,0.24,0.0369021380025443,anomaly,1.11702334614895,-0.867866213748302,-0.375024355916575,-0.753711510945423,0.593315542651865,-0.138158631432351,-0.496372568292438,-0.576459764357761,-0.156045871094839,-0.166244194413711,-0.157736176426034,0.819460891553668,-0.499564470154296,-1.56531543697313,-1.05617467706755,-0.919314744817829,0.335265803529022,-1.43587470492678,0.627044535799378,1.04539958049792,-1.18908626388824,-1.03742764507821,-0.890859043653398,-0.953132713675412,-0.647450780341448,-0.870916000573111,0.397331668679148,-1.45443495334745,-0.277522937462631,0.94967388912165,2.55058911026356,2.00816793314467,-1.05966681036934,0.0814626478570313,-0.465840642700386,2.63662488463807,-1.6562283955597,2.60793711347287,-1.40284779120747,1.30853782732598,-0.65238892350022,0.813110043982106,1.01154953192004,-0.826346068089685,-0.94524870236964,-0.87547337228922,-1.06986427677748,-0.328362195337591,1.29617829362176,0.874849771726638,-0.241958561604024,0.695837017957058,-0.34476848053886,0.272900576804145,2.50980251421337,2.98227614380132,2.93441068646475,-0.641940381005198,-0.474442365249838,-0.44257322543477,-0.480698018482259,0.811469477533919,-0.412290020458506,-0.649181537796562,-0.639146084251652,-0.66116427567861,-1.04118618534988,0.0311816151752862,-0.368353864419804,-0.267978366150136,0.549623112850672,-1.23321624918318,-0.37760024144161,-0.152293680362675,-0.20888346424473,-0.434074812882258,0.458579831344262,0.197114064352121,2.08164632858268,-0.111777692699224,-0.867503152253548,-0.878848277811454,-0.888160673235742,-1.30574407076435,-1.15854224368551,-1.01884144628399,-1.14384878811286,-0.413719465260767,-0.425870058168848,0.862872120534973,-0.286904425214791,-0.226875569169311,-0.802787658830557,1.22894398048608,-0.0278472343569434,0.616272002567322,0.79946253665809,-0.230503261067549,-0.752632720582405,-0.70587936432781,-0.391348688885798,-0.822547334916973,0.842367611990508,-0.138628602798245,-0.413167436877806,0.762407081401742,0.511849510519854,1.78787584687111,-0.115382978305131,-2.90860881882077,0.30420847476134,1.14097921304329,-1.55215513657527,2.12266719166299,-1.31587159181051,-0.900349146138491,0.298246833296102,-0.4393285442876,0.287579502381766,-0.000739682945828393,-0.609013020247796,1.0649926248254,-0.504578098615964,-0.0477867027019386,-1.39676262025819,-0.662904928792817,1.18000319046612,-1.67248490055242,0.826966057285032,1.80048983327666,0.0781269390163294,-0.567472613338656,-0.0924897401426294,0.541247834307328,0.52492358070538,-0.388045418306067,-1.46279947061153,0.845289154649251,-0.00294828920368394,0.592906797945366,0.682832724400303,-0.993332151729983,0.813315174175043,1.93492894926506,0.742239561078903,0.817785642030109,0.322741218259141,1.9400823324986,-0.695793398648614,0.94751679792459,-0.286904425214791,-0.635123716067385,-0.578408706761027,0.806725466558606,-0.769590402450023,0.364971944713428,0.215073840424229,2.92023303013018,0.589585501005203,-0.713534013953022,-0.976145788122707,-0.543205919690318,-0.512579672044432,0.385056113761999,-0.295725241742213,-0.524119794207697,1.43031461963852,0.962472222891692,-0.043039574199713,2.99884929088174,-0.199361816374992,-0.230075729421995,-0.782770299686468,-0.576459764357761,0.0881812846222431,-0.444866529913555,0.223861947321042,-0.669300457399169,-0.505592652644603,0.612267041899781,-1.92255368329729,-0.296225771543798,1.83010809780806,0.0538662644052637,0.526629724118384,-0.241958561604024,0.884216993443326,0.0177951584617036,-0.653776320283739,-1.54728887124828,-0.527054463374357,-0.386102090172486,-0.236728129982936,0.682832724400303,0.95469044940847,1.09306603880586,-0.301608552567286,-1.56531543697313,-0.241958561604024,-1.10704012994815,0.697923486749661,1.6520257684351,0.402678669304647,-0.930457172865427,-0.499564470154296,0.335265803529022,0.879278868207322,-0.485189123949481,0.649747137552387,0.251689308836056,-0.542780556382761,0.726172755495118,0.0949580954631852,-0.352508963049232,1.60490102371564,-0.4325599573896,1.04953812723672,-0.110010510253322,-0.761514569480531,0.0902863202695546,-0.158290967106083,1.31821468747653,-0.772702590882484,-0.34476848053886,0.780230532275621,-0.43486269553505,-0.684350129472983
comm.and.crime_point_0746,comm.and.crime,regression,0.23,0.137663749008412,anomaly,-0.285624976855271,-0.519882053238727,-0.296225771543798,-1.42560373939805,0.790599292659839,-0.834767479906819,1.89737537882743,-0.318385949779994,-0.284915395618803,2.06273448958504,1.46384111332474,-1.41286264102328,-0.265657561852559,0.682832724400303,0.424510741789694,1.43153180603724,-0.056684368540964,0.305007905506768,-1.90724602035016,-1.07041421682643,-1.30844382795535,0.526201352602092,0.731255982987085,0.706359316945435,1.10086798822378,-0.567472613338656,-0.01206212920031,0.402670517820692,-0.277522937462631,-0.275847723670213,-1.10521140486391,-1.30034383812505,1.76069338990919,-0.858334513139159,1.77507012188196,-1.46445019461129,1.47844358892614,-1.41373768971719,1.442151542338,0.541247834307328,2.25463233609278,0.984372474287411,0.793692452841512,-1.27914465555075,-0.648184017845477,-0.293946934953727,0.667283882053004,-0.328362195337591,0.465867519057289,1.16017042020929,-0.241958561604024,-0.260908893459341,-0.115382978305131,1.14013017358336,1.60900505638462,1.9400823324986,1.95990061671252,1.81785979605441,2.02203524912454,2.04962329378306,1.94666893480797,-0.378644492649718,-0.00267053824910844,-0.852674245419489,-0.953762161272296,-1.25095605562007,-1.9910101644823,-0.180122176360894,-1.63682859095526,0.208310841536264,1.53508403950952,-1.23321624918318,-0.311139399228302,0.260026209173202,-1.34276811316667,-0.939194285838884,-2.13420999570987,0.369181677055691,-0.84200519593359,-0.838891826808356,-0.377360854488696,-0.231018230755544,-0.0380095163665442,1.97709189084073,1.46954131782919,1.07551893281821,1.15226186010498,-0.531713688779321,-0.425870058168848,-0.850581459313604,-0.286904425214791,-0.226875569169311,1.01433877301197,-2.09902974087097,-1.90265468268201,-1.47826749140646,-2.32835652350098,-0.504578098615964,0.330621066828893,1.60797742788347,-0.391348688885798,0.501118891746045,0.369181677055691,-0.296225771543798,1.61481591053503,0.762407081401742,-0.524905716995868,-2.72019039915474,-0.000690227188266011,-0.96480656352602,-0.266432822203958,-0.154888957153209,-1.18175658985325,0.854415094266617,-0.800393493714657,-0.752632720582405,-0.171709938179167,0.481421648160263,0.869105939717259,1.82817078159176,-1.54724770165264,-0.391348688885798,-0.321861540250354,-0.321861540250354,0.169078085395916,-0.0582635515406352,-0.239279720112616,-0.0636258900830415,0.0538662644052637,-1.05911760742057,-0.544247527234835,-0.992293355466893,-0.454975190371856,0.322022122016284,0.828366967939835,0.246923518931679,0.690595290266559,-0.302066595779285,-0.477052214376713,0.682832724400303,0.637869761172835,0.760473546598372,-1.07401852163763,-0.281327002043937,-0.985685818113966,-0.266432822203958,0.370524555741227,0.252720923722782,-0.91323565124325,-0.392446673750327,-0.286904425214791,0.566532765276704,-0.899600712687643,-0.165584803405107,-0.8651184939892,0.103340488803673,-0.768973580240562,2.23557808530448,-0.549162456337422,-1.01991441715099,-1.06368304617927,-0.838101809661048,0.475696899623041,1.03299019886025,-1.47566747692775,0.523566721032782,-0.350922141952573,-0.212278938005688,-0.35568405855027,-0.060866973497344,-0.35568405855027,-0.000690227188266011,1.60909447885453,-0.40441055463925,-0.335131340202921,-0.653833281538438,0.627044535799378,2.56615304273161,3.10754976404949,-1.02533734250561,-1.07592843364696,-0.453822940289352,3.39989683326659,0.672346098709078,-0.264778411457355,-0.333979422149212,-0.708705024057152,-0.363236207687417,-0.611535701313945,-0.216759028140039,-0.10464827367642,-0.924450780392009,1.7101765580732,-0.261389503376538,-0.0522135790060488,-0.689269589429965,-0.648184017845477,0.682832724400303,-0.149937701058835,1.64011142296137,-0.569295082344151,-2.44022019191835,2.14918750665448,1.48431548031659,-0.499564470154296,0.335265803529022,-0.129514033521907,0.100035968927465,-0.888729441037333,0.251689308836056,-0.58964979375619,-1.23321624918318,-0.219657981557459,0.484612361667126,0.507176249190595,3.23691779275872,-0.860757404278554,1.04850764809996,2.8890856543518,-0.165584803405107,2.09173955371781,1.14542214955724,0.956666418439536,-0.34476848053886,-0.399439552161281,-1.0002125522811,-0.381712258954214
comm.and.crime_point_0518,comm.and.crime,regression,0.09,0.192253209799097,nominal,-1.44433446107615,-0.867866213748302,-0.296225771543798,-0.142900394170307,-0.35364645738641,0.640404199215584,-0.544247527234835,-0.533447461928133,1.26151889866876,1.08755631533559,1.40378269518582,-0.129276609791536,-0.499564470154296,-1.56531543697313,-0.817354448219611,0.0647605555401046,-0.15467191155846,-0.76198466217831,0.0510694094017551,-0.215085234929352,-0.7116560076198,-0.835669064732367,-0.733880170107544,-0.899600712687643,-0.647450780341448,-0.567472613338656,-0.830849724959226,-1.39981420419544,-0.199361816374992,0.336913082725718,0.347734953712392,0.427983206568087,-0.199217935708095,0.229851673277482,-0.408381392326479,0.215508271587242,-0.402359601765361,0.245203166598712,-0.275583904330964,-0.226042158711328,0.202617329321249,0.299322753066192,0.0311926760666601,-0.632289530606369,0.0944776934649314,0.0937373566032682,-0.0184324964327153,0.298246833296102,0.110020044243945,0.0759519559752211,-0.333979422149212,-0.608816497610759,-0.34476848053886,0.0903259248506256,-0.524462606894016,-0.938357717766034,-1.11749960355766,-0.684350728885536,-0.728321444677741,-0.738257558223326,-0.736210329354915,0.811469477533919,-0.548829847861638,-0.852674245419489,-0.796454122761974,-0.602185097684464,-0.407970199261594,-0.549903811549208,-0.216136897235549,-0.458494049224697,-0.145996364790864,0.726172755495118,-0.311139399228302,-0.0492137079787055,-0.316872478427771,-0.709594525404054,-0.282217262099776,1.10046903104586,1.42279528080437,-0.1602519683065,-0.778386370841756,-0.792470938203999,-0.718130441861903,-1.07776935120844,-1.11075890620342,-1.13966992969373,-0.956411184176713,-0.177731018223659,-0.105483377924108,-0.0198160872658089,-0.286904425214791,-0.226875569169311,-0.889317488918297,0.00542422998716656,-1.13067514513639,-1.22891755164768,-0.613100909865359,0.0435715764808665,-0.8018715291011,-0.618564013678328,-0.391348688885798,-0.594329019975073,1.01443522469408,-0.217427187171022,0.279314681750966,-0.898214467727196,0.0510694094017551,-0.209368692507428,-0.230075729421995,-0.424861492610813,0.988978031119698,1.41095174850089,0.352751675137971,-0.634402585285642,-0.156045871094839,-0.654155103545014,-2.73036347176675,-1.11777605451234,-0.827012835844596,0.176251652332003,1.02055247903431,-0.391348688885798,-0.413219819433159,-0.321861540250354,-0.856817549342979,-0.662904928792817,0.10330581002708,0.85572211589946,0.775426071093047,-0.213318223552372,-0.496372568292438,0.100102838577144,-0.0119374178694681,0.157602837798,0.221480193470925,0.82897837806628,1.03318082040625,0.927243136822718,-0.998566532067046,-1.56531543697313,0.682832724400303,1.74698925190807,0.0465858602511433,-1.10450778395871,1.31821468747653,-0.551753470686607,-1.15854224368551,-0.491703227207728,-0.43486269553505,-1.13687082468084,-0.286904425214791,0.23880827036468,-0.739004709724335,0.243808994474351,-0.8651184939892,1.3591714771705,-0.0660825654799971,1.45963581450202,0.143988474218959,0.380681711753999,0.993442518149931,0.69535681818675,-0.924361576905879,-0.424861492610813,-0.0597367947051054,-1.07553374959742,-0.695677644196011,0.855676662810112,-0.433845179637909,1.92526463671364,-0.199361816374992,-0.34476848053886,0.217464062248858,-0.490435159498505,0.934806534272571,-0.235899778288672,-0.294515666436819,-0.550930207394384,0.344558504224595,-0.180122176360894,-1.02301435554381,-0.375024355916575,-0.576901296561691,-0.0492137079787055,-1.45189061482096,-0.333979422149212,-0.590710800538598,-0.696638653067897,-0.653776320283739,-0.728501275489362,-0.315851368525389,0.886358450346385,1.65117944631393,0.682832724400303,1.84076599441325,-0.689269589429965,-0.94524870236964,0.682832724400303,0.12612488057673,-0.191322945644976,-0.569295082344151,0.58448334399507,-0.632289530606369,-0.649669655053565,0.202156254750917,-0.350646997593453,-0.129514033521907,-0.98037958715305,0.550490584094985,0.321344892711017,-0.823995980623335,-1.23321624918318,-0.0623499430471371,-0.0176604331626889,-1.20039562229281,0.47494529264708,-1.16238301451781,-0.555594417312278,-0.571872999411319,1.93255841072712,0.678929691805134,1.31821468747653,-0.624470961512025,0.114002523928599,2.01119062038369,-0.304397343978269,-0.58347083930006
comm.and.crime_point_1533,comm.and.crime,regression,0.49,0.0616526698164657,anomaly,-1.38334975138032,0.87205458879957,0.255364319065638,1.38412739776748,-0.235276207381626,-0.506951551212952,0.556876528440302,1.14403233282735,-0.478219682404748,0.112378141086133,-0.518086685259539,-1.6919030825954,0.358094193618742,0.682832724400303,0.663330970637638,1.10350670591792,-0.399640769102202,-0.9866146764278,-1.73445348243088,0.370139857947594,-1.06972869982113,0.425322062429169,-0.158290967106083,-0.150152698858873,0.57637235765421,-0.14265187121042,-0.01206212920031,-0.198157722851353,-0.043039574199713,-0.363384981726775,-0.636519031129619,-0.21396683860365,-0.772850518815592,0.378240698697934,0.683344364777741,0.610792616575132,-1.37125821515189,-0.257506183800045,-0.436621602456179,0.102796409725239,-0.766389757209749,0.242235276297757,0.140121215605925,1.5023323817101,0.540074720251176,0.432961111715639,0.255854054961572,0.454899090454526,-0.720290730320524,-1.29358715674149,0.0341040200315418,0.173975611729931,0.343388026162328,0.546762554734425,0.613386813521254,0.649747137552387,0.882810539617961,1.01206318632799,0.92189257160363,0.90912658159863,0.967205076462793,-0.687192558993624,0.589002047164466,0.927886946281123,1.09124233936189,1.75698202208138,1.61832095622091,1.61596005169664,0.443469960562887,1.06563141537178,-0.667710973022016,0.726172755495118,0.353469022904782,-0.66769354228252,0.547039635036561,-0.663674573317088,-1.07592843364696,2.08985780409139,-0.512579672044432,-0.548046173164703,0.647482131746904,0.460000486104092,0.302050946381135,0.700433461327641,0.561657905669569,0.511652676906082,0.449370845344417,0.707225658165495,2.40421228399302,-0.850581459313604,-0.286904425214791,-0.226875569169311,0.798014197792618,-0.288220510132573,-2.78491701130557,-0.0320378408055168,-0.00771657564102366,1.41394576422294,-0.8018715291011,-0.487590987704104,-0.391348688885798,0.0446822618622457,0.197114064352121,0.491760072183968,0.0814626478570313,0.110020044243945,0.742239561078903,-0.665881730079667,-0.34476848053886,1.62692977686698,1.90200410626417,-0.370866985519292,0.194009440828534,-0.082988629895916,1.26151889866876,-0.260244635395451,0.768203604771372,0.287579502381766,1.20832969482963,0.648228546406218,-1.25096306541953,0.524065851161242,0.0435715764808665,0.500362972394892,-0.100894450061688,1.02145319355255,0.396950550146819,1.2579368685168,-2.36851308661801,1.23662357736453,-0.352747691465246,-0.506783935891765,-1.13966992969373,-0.116429302565806,0.646300935599162,1.41103323720088,0.348009760126863,0.763335172475784,-1.18820810213626,-1.56531543697313,0.547943834717897,0.431634978161806,1.75698202208138,1.74496415343857,-1.04328333075373,1.16017042020929,0.0360411933666282,0.0542078168079789,-0.739281849167541,-0.144305290106824,-0.189444898148642,-0.853606712675401,-1.16726071762649,3.46778515277508,-0.00536567013660394,0.207993071167575,-1.65930219893728,0.455475228757665,-0.0540546487971503,-1.23875756229239,-0.713534013953022,0.931273530163335,-0.924361576905879,0.331061606670478,-1.18068191813137,1.68153602735121,0.625885114403834,-0.586063398291218,0.582249394501401,-0.221904671622559,-0.277522937462631,-0.000690227188266011,-0.260908893459341,1.87524147413103,-1.60506921467841,-0.444866529913555,-0.467308204356106,-0.51147345739279,1.91733814443261,-0.338600020013028,2.99845558029525,-0.453822940289352,-0.419922423015838,-0.873853487050458,-0.314241419930838,0.954312625483427,-0.531713688779321,-0.315607286918777,-0.738257558223326,0.499680118149013,-0.400332606464976,1.62047030064573,3.0081130167773,0.637869761172835,0.551928838042662,0.825715694570486,0.193499254972986,0.682832724400303,0.12612488057673,-0.496562007079367,-0.738257558223326,1.23687038115287,-0.050119918156423,-0.256567130116958,0.592001101920479,1.36413500521273,-0.785229419645906,1.99076319206837,0.401605753908883,-0.0269330266637888,-1.33955759173106,0.726172755495118,1.77291050623996,0.205571920095007,0.934069217061446,-0.274732957383221,-0.760215534198803,3.27642718339475,-0.42964182185941,0.0391120955346223,1.30684518598855,-0.352113179076581,1.4507718496744,-0.115382978305131,-0.50201955950362,0.739325468475985,0.173123836996862
comm.and.crime_point_1432,comm.and.crime,regression,0.51,0.0761092303755329,anomaly,1.17800805584479,0.87205458879957,-0.453822940289352,0.590072945959833,-0.35364645738641,-0.793790488820086,0.126001897958727,3.12259824459024,0.294997464739033,0.0427225572111723,-0.217794594564951,-0.631549404621351,-0.499564470154296,-1.56531543697313,-0.912882539758789,-0.0445811444996654,1.21715369068649,-0.818142165740683,-0.00652810323800724,-0.305119864602728,-0.472940879485578,-0.785229419645906,-0.9955116260173,-0.899600712687643,-0.589173488055941,-1.17435938780757,-0.267933252874971,-0.908227461827405,-0.277522937462631,1.03721114717821,1.66007360016841,1.16869479715086,-0.964061379851424,1.51588989358806,-0.810596144943824,0.413150444081187,-1.02929399866253,0.49655784179809,-0.973413929540229,0.157602837798,-0.709389340354984,0.0709728459924523,0.0856569458362924,0.984848281754593,0.0944776934649314,-0.148565325619854,-0.247004622594622,0.402681671401718,-1.31336985500943,-1.29358715674149,-0.333979422149212,-0.347885794497196,-0.230075729421995,1.14013017358336,0.471155635969346,1.29491473502549,1.39571057632966,0.418318316003255,0.0756289735106192,0.317757916021518,0.328424299281152,-2.05361970994521,0.953108253572819,0.877013769375391,0.881498288014796,0.754335996180896,0.541853779870831,0.982048677088096,-0.114658919112713,1.39903386075226,0.201813374029904,0.726172755495118,-0.311139399228302,-1.23463339039435,0.00709456412135369,2.78032183320536,1.41103323720088,0.283147870703906,1.99928994761039,1.58482195355542,-0.912061542959443,-0.878848277811454,-0.845653115392282,-0.986579463386079,-1.01519223123925,-0.978565285147405,-1.00327058516075,1.17920255223971,-1.2268367587807,-1.00634996657257,-0.286904425214791,-0.226875569169311,-0.0240191880409045,0.984240030386299,0.578708116571755,0.466662038712051,0.900359925695479,-0.413219819433159,-0.457199869470233,-0.662221689003069,-0.391348688885798,-0.0922487271028942,-0.0609873547032339,-0.375024355916575,1.02125980885322,0.940330818808414,1.03022712427771,-0.722945859776196,-0.34476848053886,0.763017663402644,0.703657382637049,2.00489132650762,1.83434586202605,-0.965250958519477,0.230562702477051,-0.949587954657186,-1.89488476692182,-0.148565325619854,1.547553449942,1.41519099927682,0.674887070095679,-0.391348688885798,-0.413219819433159,-0.321861540250354,0.601034142128082,3.18088668373891,0.984240030386299,0.740803615151647,-1.18309340420237,-0.978565285147405,4.0517485312353,-0.385406580997984,-0.65635599605476,0.431634978161806,-0.567472613338656,0.511493909447407,-0.0924573500527467,-2.55580110554962,-1.70972241982659,0.233203092125617,0.682832724400303,-1.76062214474864,1.63902366609309,-0.471291797870422,-0.352113179076581,0.589529123243989,-0.394008843972142,-0.789472887579932,0.869790820032767,-0.789472887579932,0.39531226424825,-0.689744465219389,-0.899600712687643,-1.34259197230855,-0.674062310910845,-0.890859043653398,-0.534676575320374,-1.32462762778915,-0.103565429551178,1.78127784065899,1.56243469551758,-0.838101809661048,-0.636114243502866,-1.23477909898362,0.176251652332003,-2.28864445145482,1.02809986702118,-1.33363231886228,-0.277522937462631,0.207529190044681,2.61443854278002,-0.34476848053886,-0.869747200724323,0.0687247720866572,0.0352672065190975,0.530311644335899,-0.755295767554917,-0.393103207388005,0.217035830694215,-0.180122176360894,0.405665753241116,-0.375024355916575,1.51615035071635,-0.925393473242442,0.378240698697934,-0.333979422149212,-1.23967902989064,2.97078824611738,-0.358091987495182,-0.984372399164023,-0.44257322543477,0.494832130186732,0.943214105202603,0.682832724400303,0.229719548950016,-0.778386370841756,1.72833345834783,0.682832724400303,-0.333979422149212,-0.750927891608026,-0.696016939253532,1.17756246868398,-2.24942734296733,-1.77281972630101,-0.265657561852559,-0.742597169663439,-1.59226374102929,0.145053283764153,-1.13687082468084,-0.514522113788516,-0.777126743249906,0.726172755495118,-0.796454122761974,-0.18508469810596,-0.224640267159436,0.869512792663029,-0.5591317940393,0.424690178217426,0.139282888348225,-0.216759028140039,-0.158290967106083,-1.50406343187183,1.94487728090926,-0.34476848053886,1.44700058000083,-0.652304948129686,-1.23918622542406
comm.and.crime_point_1435,comm.and.crime,regression,0.05,0.031377444520781,nominal,0.324222120103087,0.87205458879957,-0.375024355916575,-0.0207381708152835,-0.629843707397574,0.640404199215584,0.700501405267494,-0.490435159498505,-0.671523969190694,-1.28073353641309,-0.818378775954126,0.707844714924821,-0.265657561852559,0.682832724400303,3.05153325911707,0.338114805639531,-0.595615855137194,2.60746555156404,0.339056972600567,-1.07041421682643,-0.114868187284245,3.14906289709809,3.39989683326659,3.3829593663339,0.926036111367255,-1.23504806525446,1.47199038811273,3.35219097202891,-0.433845179637909,-1.15122030423583,-1.01147293011705,-1.39910538353609,3.05136670190105,-1.45189061482096,0.0512926106647712,-1.11857639274689,1.47844358892614,-1.86617610507607,2.99884929088174,-1.92504142896692,-0.65238892350022,-1.87000136413433,-1.9295210356401,-0.308861968134177,1.53029033533172,1.59601398638663,1.44442911100348,1.18594295719383,-1.90644897969834,-2.03542084279638,-0.333979422149212,-0.91323565124325,-0.115382978305131,-0.229179716068034,-0.287410644307502,-0.491703227207728,-0.50201955950362,0.29108727236224,0.244881693129221,0.148795440142343,0.200668143844824,-0.246409607073759,-0.321263468856418,-0.649181537796562,-0.534274058578104,0.223523394233582,0.415210582653175,-1.23664113404179,1.50898873085267,-0.791896494605177,-1.82707676909124,0.726172755495118,-0.444061083654919,1.03312600205297,1.35695724140937,-0.388154860795292,0.194009440828534,-1.3945113531559,-1.04789614836431,-0.499571897557428,2.78628488562989,3.18088668373891,3.10754976404949,2.15947166648545,2.09072470509631,2.20325144464247,1.99573107781766,0.23524876409128,-0.479267838209638,-0.175584594524771,-0.189444898148642,-0.226875569169311,0.754749282748749,-0.973391570411965,1.46097044519532,0.317052074856781,-0.310408742753192,-0.413219819433159,-0.309483443914147,3.57257281749682,-0.391348688885798,-0.548685356986693,-2.12579870714607,-0.217427187171022,-0.512093453824773,0.0507121317750543,3.0461400666694,-1.29358715674149,-0.34476848053886,0.385056113761999,-0.0381763034178386,-1.61274064862427,-0.493873574512357,-1.13067514513639,-1.05813254276258,2.49712864165149,-0.641666709654437,0.723724330383386,-0.342407471398352,0.176251652332003,0.576125524684642,-0.391348688885798,-0.504578098615964,-0.413219819433159,-1.61274064862427,-0.403772909970454,-1.46279947061153,-0.0636258900830415,0.414646167749156,0.95469044940847,-0.0654979378108623,-0.628161290785547,0.551928838042662,-0.33565501485685,-0.0212745163166381,1.99308809633548,1.32682556052599,-0.793790488820086,0.471155635969346,0.682832724400303,0.682832724400303,0.979699258889417,-1.66381030157909,-1.23115098117636,0.0510694094017551,-1.17945889734843,0.179391205812885,-1.03761427122343,1.0872330726274,0.550490584094985,-0.286904425214791,1.22198175510075,0.0639753050922037,-0.319107477609904,-0.960646585528377,-0.890859043653398,-1.1907081890969,0.364187902780905,0.29252081648104,0.336913082725718,-0.669765384924741,-1.07401852163763,-0.84200519593359,-0.532850506793854,0.648228546406218,-0.689543980824615,1.08555911739508,0.375096642443002,-0.199361816374992,-1.02709316224863,-0.35568405855027,-0.230075729421995,-0.304397343978269,-0.576459764357761,1.04063469047886,1.7841121540852,-0.00652810323800724,-0.274732957383221,0.132020715007295,-1.23664113404179,-1.7108973708847,-0.296225771543798,0.521950818259281,0.105406250597248,-0.561556462298257,0.0341040200315418,-1.53466458868703,-0.315607286918777,-0.189129511616007,-1.08672084863389,-0.696016939253532,0.396950550146819,0.766222769924772,0.682832724400303,0.0283387432671127,1.00394925739407,-0.40063011407534,-1.56531543697313,-0.333979422149212,-0.496562007079367,-0.0201670357368324,-0.720290730320524,0.596735206787962,-0.9866146764278,-0.499564470154296,-0.889578484189684,0.47576170751563,2.17083245141512,-0.0450487366494222,-0.305555362163633,-0.0272189452750407,0.726172755495118,-0.7440181099252,-0.575741316306927,-1.26138033198864,-0.590386957395979,1.0998090622766,0.692040522452799,1.65641544890192,-0.267933252874971,-0.943185334835349,-2.13763607090921,-0.179776073400649,-0.230075729421995,0.216040491892755,-0.43486269553505,3.14906289709809
comm.and.crime_point_1001,comm.and.crime,regression,0.06,0.050295421039701,nominal,1.60490102371564,0.176086267780421,0.176565734692862,-0.0818192824927953,-0.669300457399169,0.722358181389051,-0.352747691465246,-0.146336740061482,0.101693177953087,0.530311644335899,0.142555914268554,-0.798973669564622,0.202156254750917,0.682832724400303,0.185690512941751,0.775481605798612,-0.742597169663439,0.922740444692865,-0.640100742275393,-0.395154494276104,-0.532619661519134,0.173123836996862,-0.105964675924132,-0.203684699846642,-0.12295514977188,-0.446095258444874,-0.319107477609904,-0.416640719459369,-0.199361816374992,-0.669765384924741,-0.542780556382761,-0.707774565658833,0.18320378636357,-1.10564955550658,1.31539611889071,1.05548750468651,-0.0603953852759968,0.14466129651896,-0.00718774078893893,-0.00681644642028318,0.145616912466485,-0.100289584312853,-0.0777358634726045,0.143936619326893,0.441053158743122,0.578342721049512,0.301568480193953,0.246029414243294,0.821714993870633,1.04604216081623,-0.149937701058835,-0.347885794497196,-0.230075729421995,-0.594329019975073,-0.714104176963228,-0.590959780665129,-0.142989533805432,-0.59953003312486,-0.60138190496379,-0.569295082344151,-0.523283403627701,0.370686525614054,-0.321263468856418,-0.394815653267903,-0.376966020067782,-0.0713724957371486,0.668496977088488,-0.602729759433253,-0.165397908174131,-0.410865128456057,0.201813374029904,0.726172755495118,-0.244678557014993,0.775426071093047,-0.532850506793854,-0.801434429577986,-1.816725527091,0.584266192935153,-0.7596488149613,0.082119409729878,-0.377360854488696,-0.403772909970454,-0.505592652644603,0.335673910038188,0.22717454329497,0.189443387813436,0.121355038456154,-0.472716577020044,0.0547099621982618,-0.175584594524771,-0.189444898148642,-0.226875569169311,-0.54319816856734,0.837417660326429,-0.468978398668724,0.0677021350979969,0.547219064064617,-0.139144981884744,0.182904641272807,-0.356617961729881,-0.391348688885798,3.1028076820837,-1.86769728809072,-0.296225771543798,1.51588989358806,0.406559606588398,1.203019662197,1.67374758747806,-0.34476848053886,1.41095174850089,-0.722945859776196,0.331061606670478,0.0352672065190975,-1.35124072729229,-0.607089206928712,-0.457199869470233,-0.746101547760053,-0.778552299399972,-0.584710153621474,-0.590710800538598,-1.39910538353609,-0.391348688885798,-0.504578098615964,-0.139144981884744,1.41095174850089,-0.0582635515406352,-0.728687620312182,0.166211111412584,0.00232627821327909,-0.69663215719134,-0.400622650407643,-0.14265187121042,-0.253594384688952,1.1441185431077,-0.81022732312622,-0.864272121234376,-0.0435165600327901,-0.547928542299685,0.139282888348225,0.570425316331632,0.682832724400303,0.705667118525611,2.46473215801113,0.0352809910002048,-0.697698254915155,-0.152304562810898,-0.967408893757168,-0.987985994494734,0.130487161211004,2.73413476015781,-0.0919853710824933,-1.45443495334745,0.759891317933204,-0.421455927079768,-1.00841063129797,-0.629227587743642,-0.347238971384223,-0.959478323882113,-0.549162456337422,-0.757302642981302,0.643293485923684,-1.01503934364349,0.969835185456777,2.05888583359914,-1.59366170044631,1.68153602735121,2.06236637375149,-1.28023453882149,-0.277522937462631,0.153849957336276,-0.35568405855027,-0.34476848053886,-1.0002125522811,-0.447422857068877,1.30520508099459,-0.305555362163633,0.223861947321042,-0.393103207388005,0.344558504224595,2.67247900937754,-0.0705609496871936,-0.453822940289352,2.71965504790123,-0.409993611322597,0.971796800379738,-0.149937701058835,0.825219881684049,-0.458494049224697,0.148795440142343,-1.54728887124828,-0.653776320283739,0.641654500246602,-0.531713688779321,0.682832724400303,0.310271871223178,-0.154568900959218,0.837139404775339,0.660351242786569,-0.149937701058835,0.368282000318073,-0.653776320283739,-1.4912935924161,-1.66725773051738,-0.200409626554585,0.124187285317004,-0.889578484189684,0.576640997688553,-0.75529301296961,-0.0450487366494222,0.391000476585978,0.113388766845247,0.726172755495118,-0.376966020067782,-1.24543837608001,-1.38334975138032,-0.472016707391195,-1.41373768971719,2.38525936927683,0.281514065900134,0.294983219209284,-0.890859043653398,0.68464204843914,-1.16798693587037,-0.230075729421995,0.472490510248604,-0.521839596572905,-0.179953678608368
comm.and.crime_point_1524,comm.and.crime,regression,0.29,0.102202491131358,anomaly,-0.041686138071928,0.87205458879957,-0.375024355916575,-0.570468175912889,1.34299379268217,-0.916721462080286,0.365376692670713,-0.533447461928133,2.22804033259849,2.82894591220961,3.26559365749227,-0.91058984619347,-0.499564470154296,-1.56531543697313,-1.2949949059155,0.447456505679301,0.825203518616504,-0.53735464792882,-1.21607586867302,0.505191802457658,-1.36812260998891,-0.835669064732367,-0.943185334835349,-0.685472708736566,-0.938837241768986,1.13181035517429,-1.08672084863389,-0.689744465219389,-0.043039574199713,2.61288179219632,-0.214695894768757,-0.21396683860365,1.47387709835544,0.279314681750966,-0.695677644196011,-0.673881504635512,2.96028852704672,-0.609402729079175,0.905359215253946,-1.37697714823931,2.65363525407613,-0.728251828765636,-1.05809271932599,-0.438232993123054,-0.994759483123667,-0.972394445178469,-0.521291173988909,-1.32049315734094,0.762407081401742,0.24714434506481,-0.0579168405136468,3.0007248954602,-0.230075729421995,3.1028076820837,3.0313168319037,2.98227614380132,2.93441068646475,0.842421794806635,0.625700312271076,0.444479772930899,0.28583891413571,0.502921411190013,-0.230236917254329,-0.29306929945644,-0.48183804574133,-0.720143453672756,-0.407970199261594,-0.338600020013028,-1.33239465658675,0.0177951584617036,0.433686533243749,-1.23321624918318,-0.37760024144161,0.311566195365187,-1.39676262025819,3.65280092285772,0.194009440828534,0.928401418342293,0.805122423512198,-0.644994724379254,-0.733827980135861,-0.706093598596545,-0.675622884018443,-1.03217440729726,-0.967408893757168,-0.978565285147405,-1.00327058516075,2.94911590501802,-1.2268367587807,-0.590967280548668,-0.286904425214791,-0.226875569169311,-0.370138508391861,0.494832130186732,-1.18581654067537,-1.52813747935822,-0.51220352082797,-0.230503261067549,-0.555677486507623,-0.574906338353587,-0.391348688885798,-1.46155861675429,1.83175638503604,-0.375024355916575,-0.314241419930838,0.703099168932851,-0.236918153797056,-0.951202378562316,-0.34476848053886,1.35695724140937,1.21723454990582,0.169078085395916,0.194009440828534,-2.78491701130557,0.101693177953087,-0.900349146138491,-1.7382325097634,-0.197025862064479,-2.76543429362957,0.23524876409128,-0.0658245204870952,1.93879741305212,-0.413219819433159,-0.230503261067549,1.84290780523306,-0.662904928792817,1.27788477050604,-1.61502565017851,-1.13155341801038,-0.0119374178694681,-0.544247527234835,-1.23504806525446,-0.414699029235275,0.760473546598372,-0.14265187121042,0.352751675137971,0.837417660326429,0.927243136822718,-0.571872999411319,0.682832724400303,0.682832724400303,1.63737639576255,-1.13299769963178,0.668496977088488,-0.0641256158777693,0.4183367341544,-0.346225506490056,-1.13687082468084,0.130487161211004,-0.69021633412253,2.05212422437278,0.293429019516684,-0.685472708736566,-0.421455927079768,0.520038833328871,3.39989683326659,0.308792642392304,-0.183536053079654,1.62931189683977,-0.407153610755056,-0.757302642981302,-0.838101809661048,-0.306688719613709,-1.01880107061754,-0.472716577020044,-0.689543980824615,-1.61502565017851,-0.586063398291218,-0.199361816374992,-0.168225438914154,-0.277522937462631,-0.34476848053886,0.304440963286713,-0.576459764357761,-1.02301435554381,1.7841121540852,-0.640100742275393,2.80289354274117,-0.633115326174983,0.400963250363601,-0.758443965028085,-0.296225771543798,-0.576901296561691,-0.461533597514582,-0.215315402983871,0.494208322757484,-1.47566747692775,-0.220349445381496,-0.611535701313945,0.0391120955346223,-0.062407654706626,1.03318082040625,-0.413719465260767,-1.56531543697313,-1.38132689651321,-0.778386370841756,0.143988474218959,-1.56531543697313,-0.241958561604024,0.571774707941,1.75393896099451,1.35548620609065,-1.47320119303407,0.978897948255237,-0.109719622984733,-0.595615855137194,0.173123836996862,0.550209117294346,-0.938357717766034,-0.444866529913555,0.207127241592105,0.726172755495118,-0.429402032904556,-2.08255970079637,-1.38334975138032,3.23691779275872,-0.760215534198803,-0.689269589429965,-0.666693784445925,-0.882023949694159,-0.733880170107544,-1.21607586867302,-0.525649875265053,-0.34476848053886,-1.06620959988649,-0.652304948129686,-1.4409448057699
comm.and.crime_point_1076,comm.and.crime,regression,0.09,0.151950944417478,nominal,-0.651533235030286,0.176086267780421,-0.453822940289352,-0.142900394170307,-0.708757207400764,1.00919711899618,-0.687872404062027,-0.576459764357761,0.230562702477051,0.112378141086133,-0.0376193401481986,0.317188096723854,-0.499564470154296,-1.56531543697313,-0.674062310910845,-0.263264544579206,-0.399640769102202,-0.76198466217831,0.68464204843914,-0.0800332904192877,-0.234225751351356,-0.684350129472983,-0.733880170107544,-0.953132713675412,-1.69644204148058,-0.0819631937635291,1.88138418599218,-0.96284821097941,-0.35568405855027,-0.10077320755709,0.0196502920983885,0.724267842801197,-1.1074695256283,-0.0174633690899362,-0.23600364120476,1.25312967718045,-0.516347673928482,1.40143467251585,-1.29548932579066,0.815279974671134,-0.994391424628807,0.698935090445236,0.793692452841512,-0.244176455639738,-0.00454386804312309,-0.00318371628598076,-0.384147898291766,0.298246833296102,-0.00859578069383644,0.589529123243989,-0.333979422149212,-0.739281849167541,-0.34476848053886,-1.46155861675429,-1.70972241982659,-1.98055152906875,-0.861049585201808,-0.769171424646212,-0.770634624582392,-0.78049817719312,-0.736210329354915,0.899626067917892,-0.594343123662683,-0.547435183985099,-0.48183804574133,-0.130351673731295,-0.15468380482628,-0.0216443327087585,-0.0639199300512947,-0.220349445381496,0.549623112850672,-1.23321624918318,-0.444061083654919,0.672346098709078,-0.100894450061688,-0.388154860795292,0.934806534272571,-0.233054967406804,1.13454794740136,1.53634767794814,-0.822944761547652,-0.878848277811454,-0.845653115392282,-0.804199687741353,-0.824058881310911,-0.938289124010825,-0.768973580240562,-1.00369058285354,-1.92100789931097,-0.798658623560617,-0.189444898148642,-0.226875569169311,-0.889317488918297,1.42470714056591,0.137576952259974,0.865621942326106,1.00125731473287,-0.504578098615964,0.0351882157167206,-0.662221689003069,-0.391348688885798,0.364187902780905,0.0250464516485512,0.0977671503200851,-0.165852394510387,0.0507121317750543,1.08782463691748,0.190080215368281,-0.230075729421995,-1.50475163444123,0.817785642030109,-1.72072966280731,0.458579831344262,0.6889909076497,3.06569224200425,-0.851110337619796,0.507116509507333,-1.79622356473708,-1.02085498162309,-0.708705024057152,-0.609013020247796,-0.391348688885798,0.317646414029282,-0.230503261067549,-0.370866985519292,-0.749282268400272,1.03318082040625,-0.408381392326479,0.0538662644052637,0.874138127135308,4.0517485312353,-1.23504806525446,-1.05911760742057,0.431634978161806,-0.324717903551093,1.1993769247883,-0.826569200352095,0.804312163562517,-0.240000251790199,-1.56531543697313,0.682832724400303,-1.04813857980274,0.636377640192604,1.23839136456794,0.223861947321042,-0.266432822203958,-0.824058881310911,1.5926843953977,-0.826258750205395,-0.0946770133781229,-0.286904425214791,1.65894774831678,-1.22079271861426,0.65320279235381,-0.387478036293313,0.260319362349526,0.0276362364880784,-0.00096140112613429,0.391542377989094,-1.10745167520755,-0.888608530066145,-0.95606016564934,0.475696899623041,-0.154888957153209,0.648228546406218,0.413283929954837,0.568425864029928,-0.212278938005688,-0.277522937462631,-0.329263137039369,-0.35568405855027,0.228695275045463,-0.173931992421487,-0.447422857068877,1.88725994012919,0.251689308836056,0.972629611637952,0.0409210426295376,-0.590607768331523,-1.18381518615775,0.723150221859989,-0.217427187171022,-0.629227587743642,0.105406250597248,0.279314681750966,-0.241958561604024,-0.531713688779321,-0.744267573836537,-0.569295082344151,-0.370281702344836,-0.696016939253532,0.886358450346385,-0.118733906464382,0.682832724400303,-0.0119374178694681,0.692040522452799,-0.598673237091449,-0.935833951788567,2.15058381257088,0.978760123186855,-0.569295082344151,1.0589466437462,-1.020402605573,0.0803778912572774,0.358094193618742,2.39300420689645,3.14906289709809,-1.07041421682643,-1.13687082468084,0.391000476585978,-1.10521140486391,-1.23321624918318,-0.953762161272296,-1.02220602282232,0.629145668582266,-0.472016707391195,3.01010459379188,-0.956619933665339,0.565976421003951,0.0391120955346223,-0.681553878925593,-0.121723128517532,1.15430859093348,0.916851781746651,0.0621704808792462,-0.521839596572905,1.23235638381255
comm.and.crime_point_1873,comm.and.crime,regression,0.53,0.00244579210579392,anomaly,0.995053926757281,1.56802290981872,0.412961487811192,-0.26506261752533,2.48723954272842,-1.65430730164149,-0.496372568292438,-0.576459764357761,0.93934508735885,1.08755631533559,1.28366585890799,-0.0734685214771128,0.514032132486567,0.682832724400303,-0.674062310910845,-0.0992519945195506,-0.350646997593453,-0.705827158615937,-0.0641256158777693,0.370139857947594,0.00448937678286525,-0.533031194213599,-0.210617258288034,0.492231312994358,-0.530896195770433,-0.0212745163166381,-0.574978601284565,-0.0342954753953406,0.738571636676679,1.16851703426305,0.0196502920983885,0.0823177976294598,0.517822793176276,-0.314241419930838,-0.23600364120476,-1.21739747899386,1.13647937243678,-0.760215534198803,0.368566888169896,0.157602837798,1.74162858439989,0.299322753066192,0.249049755145189,0.0145655943380156,-1.44035650990991,-1.60238141895859,-1.20700755247463,-1.37271057639375,0.881022906339523,0.646593252940519,0.954312625483427,2.60932884078986,-0.230075729421995,1.00319918461822,0.565976421003951,0.302349200451482,0.267330495563925,-0.387478293723169,-0.474442365249838,-0.527054463374357,-0.523283403627701,0.635156296765973,-0.503316572060594,0.215662469600878,-0.0623499430471371,-0.602185097684464,-0.344648600652765,-0.338600020013028,-0.977221733156823,0.0177951584617036,0.549623112850672,-1.23321624918318,0.752234076184632,-0.770773514666489,-1.07279557770906,2.1833624560748,1.7814317839229,0.111080258000336,0.146271375733883,0.469913614588082,-0.466477635900487,-0.360584240166726,-0.0805170742100041,-0.758604743830171,-0.489575518936313,-0.535527512645018,-0.440957773352299,0.766222769924772,0.268301082361422,0.291720927252114,0.687690845446696,-0.226875569169311,-0.629727998655079,0.299068970106906,-0.634402585285642,-0.181647804660787,-0.613100909865359,0.500362972394892,-0.407961060951538,0.734823921388646,0.648895106622202,3.1028076820837,0.369181677055691,-0.375024355916575,-0.314241419930838,1.53340994349732,-1.61925845715135,-0.551753470686607,-0.34476848053886,0.115083578304395,-0.837074119169256,0.601034142128082,-0.864272121234376,0.6889909076497,-0.54265444466673,-0.70339391206371,0.298246833296102,-0.633170690066098,-0.730091762955347,-0.531713688779321,-0.312728384014686,-0.391348688885798,-0.504578098615964,-0.321861540250354,1.51894076268393,-0.61971625898909,0.984240030386299,1.02809986702118,0.620806112517094,-0.414699029235275,4.0517485312353,-0.567472613338656,-0.978565285147405,0.102796409725239,-1.23504806525446,0.881892456169426,0.935299240366342,-0.0562046492588845,0.186693280865528,-1.56531543697313,-0.216426540149069,0.102796409725239,1.46208613211065,0.921783371523802,-0.236918153797056,-0.152304562810898,0.322741218259141,0.00457954007927846,-0.695793398648614,-0.144305290106824,-0.286904425214791,-0.96284821097941,-0.0430886968833349,0.550854342883945,-0.626298265141257,-0.00131209356022966,0.871105454200756,3.1028076820837,1.38175799306964,1.08097977620649,-0.494690868811617,0.754335996180896,3.02874470976401,-1.34276811316667,2.12315634038814,1.40582904965634,0.108751861038678,0.0547099621982618,-0.433845179637909,-0.168225438914154,-0.199361816374992,0.114002523928599,-0.608816497610759,-0.533447461928133,1.09354876858201,-0.862800033163321,3.0461400666694,-0.037992457373652,-0.548100210488063,1.98574168688495,1.56977547151032,0.0189685659473083,-0.838532752471447,0.46618615394114,1.81266794442896,-0.0579168405136468,0.353242987609834,-0.172720524612857,-0.527054463374357,-0.67732705075443,-0.231370130585801,1.18000319046612,1.17920255223971,0.682832724400303,0.189443387813436,1.00394925739407,-0.796716360107558,0.682832724400303,-0.241958561604024,0.673521061752464,-0.78049817719312,-1.96575689216723,0.0145655943380156,0.922740444692865,-0.499564470154296,-0.497628312119698,-0.58347083930006,0.775295691477787,0.94751679792459,0.460656060460939,2.50371987289013,-1.23321624918318,-0.167221968720685,0.26138000840943,-1.0174414932053,-0.669300457399169,1.3008928024361,-0.733827980135861,0.565976421003951,0.141460545004487,-0.629227587743642,-0.294515666436819,0.51197153032816,-0.34476848053886,0.216040491892755,-0.0434666408647052,0.929718513293784
comm.and.crime_point_1877,comm.and.crime,regression,0.18,0.159678792728522,anomaly,-1.38334975138032,1.56802290981872,0.334162903438415,1.445208509445,-0.037992457373652,-0.302066595779285,0.365376692670713,0.62788470367182,-0.349350157880785,0.321344892711017,-0.217794594564951,-1.30124646439444,0.358094193618742,0.682832724400303,0.56780287909846,0.994165005878154,-0.595615855137194,-0.256567130116958,-1.15847835603325,-0.0350159755825995,0.899671107286197,0.324442772256246,-0.158290967106083,-0.0966206978711041,-0.181232442057388,-0.14265187121042,-0.0632363539352424,-0.307399221155361,-0.199361816374992,-0.669765384924741,-0.683388268503048,-0.460870702131241,-0.486034227261844,-0.413167436877806,-0.178544390830854,-0.772702590882484,-0.915305926499407,-0.20723524876017,-0.597659300581394,-0.280848586784089,0.886622331578425,0.413497706603062,-0.0777358634726045,0.27330764431577,0.243010035727013,0.287579502381766,0.164425204496809,0.193811995190487,-0.36444325550718,-0.209368692507428,-0.149937701058835,-0.217420442940414,0.114002523928599,-0.183536053079654,-0.0977690742382896,0.00457954007927846,-0.0404095264630932,-0.133016206441141,-0.093623746107983,-0.0201670357368324,-0.0548441670278318,-0.0260181311138255,0.133869289154024,0.0630429388836828,0.147394108299959,0.69535681818675,0.541853779870831,0.929222729204051,0.0375580480715412,0.160681920767624,-0.725679262825477,0.726172755495118,-0.178217714801685,0.672346098709078,0.115083578304395,-0.75551447749102,-0.599701730718649,1.27253664374943,-0.636114243502866,-0.644994724379254,0.513806959629217,0.416811816300365,0.344558504224595,0.882813236972367,0.752791255597911,0.793585804862147,0.730527251248644,0.353242987609834,1.49645002329959,-0.383275937536719,-0.286904425214791,-0.226875569169311,0.0625106420468348,-0.532924460232356,-1.5166649139092,-1.57800746730998,-0.259960048234497,-0.0477867027019386,0.133665832754111,-0.400275637054622,-0.391348688885798,-0.868190997905353,0.756333805638724,-0.0598300184254683,-0.0669263775634199,-0.36444325550718,2.29737240235249,-1.86422845370679,-0.115382978305131,-0.0468999429701671,-0.780009989472726,-0.26287797133625,-0.22930318399663,2.17780858720196,-0.220480633356821,-0.0140505928019747,-2.26040670029148,0.239118965937142,-0.827012835844596,-0.531713688779321,-0.855916883775387,-0.391348688885798,-0.0477867027019386,-0.413219819433159,-0.154888957153209,-1.00841428722264,1.7672926707056,-1.32772939830898,-0.976933459434427,-0.857736801737663,-0.352747691465246,-0.0819631937635291,-0.293870545825533,-1.65100928860312,-0.14265187121042,0.82897837806628,0.10330581002708,-0.711836506646619,0.234103673382831,-1.56531543697313,-1.56531543697313,-1.76062214474864,-0.0713724957371486,-0.724578192305735,-0.985685818113966,1.50255519838847,1.03949128049042,1.5926843953977,-0.695793398648614,0.649747137552387,-0.286904425214791,-0.525882217763377,0.920487320896512,1.77903573652232,0.806623107946404,0.888234856532939,-0.394098372368261,-0.0466050641145143,0.243010035727013,-0.976145788122707,-0.582228126868179,0.813315174175043,-0.800827005447445,-0.370866985519292,0.530234322887664,0.137576952259974,0.0512926106647712,-0.319074498087268,-0.35568405855027,-0.275583904330964,-0.277522937462631,-0.115382978305131,-0.826258750205395,0.240773981805169,1.41103323720088,-0.0965886105387498,-0.294515666436819,-0.51147345739279,-0.888160673235742,0.0840075630593312,1.56977547151032,-0.296225771543798,-0.105964675924132,-0.513073583706566,-0.264778411457355,-0.241958561604024,0.294245875850557,-0.220349445381496,-0.315851368525389,-0.421455927079768,3.44356371978626,-0.532924460232356,0.412240099369111,0.682832724400303,-0.495251351508437,-0.110010510253322,-0.648184017845477,0.682832724400303,-0.333979422149212,0.877013769375391,-0.653776320283739,0.465867519057289,-0.438232993123054,1.37200047319184,-0.499564470154296,-0.44863454061095,1.03059780346671,-0.215085234929352,1.543056118669,-0.514522113788516,3.20675843349157,-1.23321624918318,0.304702146810281,-1.80351925922425,1.17800805584479,-0.629843707397574,-0.106693378680418,0.692040522452799,-1.70972241982659,1.06259659023327,-1.04783791719925,1.26061717483676,-0.179776073400649,-0.34476848053886,-1.3739496219135,-0.521839596572905,0.0218049017374774
comm.and.crime_point_1087,comm.and.crime,regression,0.09,0.234197626680775,nominal,-1.26138033198864,0.176086267780421,0.491760072183968,-0.936954845977958,-0.629843707397574,0.558450217042117,0.41325165161311,-0.232361344920738,2.1636055703365,2.68963474445969,3.14547682121443,-1.18963028776559,0.514032132486567,0.682832724400303,-0.339713990523725,0.884823305838383,0.139290717494029,1.14737045894235,-1.50406343187183,-0.890344957479674,-1.36812260998891,0.526201352602092,0.364971944713428,0.278103309043281,-0.0646778574863729,0.100102838577144,-0.370281702344836,-0.416640719459369,0.582249394501401,0.862136631065088,-1.15208064223734,-1.59662847435816,2.90795855612418,-0.363704428404322,0.568425864029928,-0.82211313400597,2.39034816623111,-1.36346675467731,1.71054770588002,-0.226042158711328,3.22363942262377,0.185147799529322,-0.0232715937029722,-1.47320119303407,-0.252097771813259,0.0452768201586437,0.210139629729191,-0.850536385865668,0.465867519057289,0.475400863850929,-0.149937701058835,-0.43486269553505,0.228695275045463,1.91607244438582,1.75123623393652,1.6423126721264,1.34442057265849,1.01206318632799,0.752639851985028,0.613442248810074,0.45618045471748,0.238451640038094,-0.321263468856418,-0.954420599230953,-1.00619817410907,-1.42789358960251,-1.23115098117636,-0.972511394621568,-1.07869971127966,-0.410865128456057,0.665559692457595,-1.23321624918318,0.0211648118382402,0.620806112517094,-1.1807845918921,-0.709594525404054,-1.18175658985325,0.584266192935153,-0.677292433989011,-0.354149070735601,0.0682230525702607,0.114491127674274,0.174528272850755,0.335673910038188,0.322741218259141,0.471376515769501,0.121355038456154,1.88716789335104,-0.0520855978833183,-1.00634996657257,0.882609899578993,0.470334733443029,0.105775557090704,-2.05008895085101,-1.90265468268201,-2.17644732273106,-2.73194607965053,-0.0477867027019386,0.379859875347588,0.647508570739164,2.81260220127884,1.23141749956012,-2.12579870714607,-0.138628602798245,1.51588989358806,0.287943781650617,-0.524905716995868,0.589529123243989,-0.34476848053886,-1.01880107061754,1.61668345778153,1.62692977686698,1.30520508099459,-1.13067514513639,0.230562702477051,-0.998826763175882,-1.58158025260498,0.626803257494137,-1.74776302829246,0.589231434646941,0.378602433862569,-0.391348688885798,-0.321861540250354,-0.0477867027019386,0.547039635036561,-0.749282268400272,-0.0435165600327901,-0.810596144943824,-0.461533597514582,-0.0119374178694681,-0.592122486177232,-0.0819631937635291,-1.17994609083031,0.102796409725239,-0.81022732312622,-1.23467066795639,0.886358450346385,-0.0562046492588845,-1.23561849465356,0.682832724400303,0.682832724400303,0.431634978161806,-1.13299769963178,-0.977864586741049,1.03022712427771,-0.152304562810898,-1.68415895598845,0.749003691009788,-0.695793398648614,2.98227614380132,-0.286904425214791,-0.853606712675401,-0.0966206978711041,1.93255841072712,-0.8651184939892,-0.105964675924132,-0.8158329812246,0.181613250827385,-1.53937807141797,1.08097977620649,0.0305326795277526,3.17248229394089,-0.636114243502866,-0.748828535159937,-0.885696359334983,-0.579261189746669,0.798262865525553,-0.799654518454378,-0.121200695287352,-0.973413929540229,-0.35568405855027,-0.34476848053886,3.13119024701698,-0.576459764357761,-1.18175658985325,0.251689308836056,-0.870490792834442,0.790599292659839,0.982171871876493,0.665092989783826,0.194009440828534,-0.217427187171022,0.678929691805134,0.981586015860986,-0.957260530086126,-0.241958561604024,-0.118733906464382,0.0177951584617036,-0.231370130585801,1.16494503970313,0.106554821172549,0.886358450346385,0.117254540572726,0.682832724400303,1.35745206077428,-0.600152808018174,-0.994759483123667,-1.56531543697313,-0.149937701058835,0.520901531035269,0.0220735832329614,-1.60990941735388,0.0792511068324541,-0.200409626554585,-0.499564470154296,3.47086718008891,-0.633910484386522,-0.440171809112793,-0.392446673750327,1.50548981858535,0.347734953712392,-1.23321624918318,-0.0623499430471371,1.09850133312579,-0.285624976855271,-0.314189707384816,0.044119426439209,-1.09029510578303,-0.856335354515137,0.602028567618877,0.155666779985624,0.627044535799378,0.0178660990932967,-0.34476848053886,-1.73297964761169,1.34816377574097,-0.432151904040676
comm.and.crime_point_0443,comm.and.crime,regression,0.04,0.216748940887728,nominal,-1.44433446107615,-0.867866213748302,-0.375024355916575,-0.692630399267912,-0.708757207400764,1.00919711899618,-0.687872404062027,-0.576459764357761,-0.0271763465708762,-0.375210946038594,-0.277853012703869,0.763652803239245,-0.499564470154296,-1.56531543697313,-1.05617467706755,-1.13799814489737,1.21715369068649,-0.818142165740683,0.972629611637952,0.46017448762097,-0.771334789653356,-1.13830693525114,-0.890859043653398,-1.06019671565095,-0.181232442057388,-0.203340548657311,-1.64963732071814,-0.307399221155361,-0.199361816374992,0.862136631065088,1.89441978703555,1.56374097879501,-0.964061379851424,0.378240698697934,-0.810596144943824,1.94487728090926,-0.744323818254725,2.25604056819374,-1.18813086037385,0.924892830816656,-1.50739517632169,0.356410229834627,0.630299643532615,-0.891031580584123,0.243010035727013,0.190658429492517,-0.384147898291766,-0.0150576810207445,1.17756246868398,0.646593252940519,-0.333979422149212,-0.869747200724323,-0.34476848053886,-1.46155861675429,-1.70972241982659,-1.98055152906875,-2.19458968065222,-0.769171424646212,-0.770634624582392,-0.78049817719312,-0.778795714500358,0.943704363109879,-0.594343123662683,-0.954420599230953,-0.848890135598748,-0.543205919690318,-0.851221389523392,-0.0744702805928035,0.240514004317214,-0.506122969993337,-0.145996364790864,0.726172755495118,-0.37760024144161,0.260026209173202,0.331061606670478,0.713923989291892,0.0352672065190975,0.842367611990508,1.58750804274895,0.227542236551704,-0.956619933665339,-0.922036947615181,-0.888160673235742,-1.21455418294199,-1.2063255811676,-1.26049841310347,-1.28442699106498,-0.118733906464382,-1.2268367587807,-0.487121609042694,-0.286904425214791,-0.226875569169311,-0.932582403962166,0.788476870306472,0.0824355567210018,0.616272002567322,0.244526896952449,0.134929855663671,-0.900349146138491,-0.662221689003069,-0.391348688885798,0.592406217722805,-0.620207095989836,-0.296225771543798,-1.15511256398006,0.110020044243945,1.203019662197,-2.09248497249291,-0.34476848053886,0.871006677585685,-2.37780562097556,-1.28877360607514,2.25765848685121,0.633849512110727,-0.091611108832858,-0.06328940132067,-0.328362195337591,1.3537113041635,-1.06931551806772,0.23524876409128,-0.707774565658833,-0.391348688885798,-0.139144981884744,-0.139144981884744,-2.53064726918012,-0.576527589185363,-0.924450780392009,-0.982973896065542,0.775426071093047,-1.30077457424005,-0.256997773580451,-0.81022732312622,1.59910902759376,-0.554880727147895,-1.05298203291378,1.30520508099459,-0.875509990372052,-0.875744470993553,0.186693280865528,0.682832724400303,-1.56531543697313,1.30853782732598,2.81860722597601,-3.13079893944121,-0.179320641157294,1.559619328085,1.56510799279336,-0.144305290106824,-0.0869550913836323,-0.0946770133781229,-0.286904425214791,0.23880827036468,-0.36428070280995,-0.933198174429091,1.18873547410311,0.260319362349526,-0.394098372368261,0.592406217722805,-0.598673237091449,0.511987598838842,3.05056808247913,-0.838101809661048,1.38161709031822,0.49304512794504,-1.06268769461281,0.0272941611820292,-0.00616663970913513,0.321698862402212,0.504088273413761,-0.060866973497344,-0.199361816374992,-0.115382978305131,-0.565328047091832,-0.318385949779994,-1.23467066795639,0.0427225572111723,-0.928088305474204,-0.669300457399169,0.599603851285354,0.136833510943376,1.30520508099459,-0.217427187171022,-0.0536383847421805,0.311566195365187,0.229851673277482,-0.333979422149212,-0.649707912297875,-0.458494049224697,0.23327667808193,-0.574978601284565,2.68323257832997,1.08212161042621,-0.236728129982936,-1.56531543697313,0.592204999179243,-0.555594417312278,-0.846227140861585,0.682832724400303,0.494208322757484,2.14884319201868,2.26082638863203,1.82994950584177,0.337993156810208,1.93357550881557,-0.0317506535508209,-0.252659454575957,0.526201352602092,-1.02539690198974,0.252720923722782,-1.00211120091324,-0.120957420021899,-1.23321624918318,-0.534274058578104,-0.966397934507894,-0.956456783509466,-0.669300457399169,-0.659673664119051,-0.689269589429965,-0.619283391928622,-0.728501275489362,-0.472248714197789,0.223861947321042,-0.179776073400649,-0.34476848053886,-0.758469577859468,-0.695793398648614,-1.1887465803376
comm.and.crime_point_1199,comm.and.crime,regression,0.02,0.066799921531102,nominal,0.812099797669774,0.524070428289996,-0.453822940289352,0.834397392669879,-0.669300457399169,0.886266145735984,-0.44849760935004,-0.533447461928133,-0.349350157880785,-0.653833281538438,-0.578145103398456,-0.631549404621351,-0.499564470154296,-1.18313024953964,0.902151199485581,1.21284840595769,3.17690455103642,1.2596854660671,-0.640100742275393,-0.845327642642986,-0.472940879485578,0.627080642775015,0.312645653531477,0.117507306079973,-1.17194641091102,-1.23504806525446,1.77903573652232,-1.07208970928342,-0.433845179637909,-1.01991441715099,-0.730257505876477,-0.559632247542278,0.0397956405866952,-1.55081663176793,1.2004776181429,1.00607696156302,-0.858311890417847,0.546828776837966,-0.382942369747774,-1.26736429209379,-0.937391007774043,-1.64165145706059,-1.49380687748304,0.467364181799085,1.23322565080756,1.25679023127425,0.804427157750147,1.02929070003541,-0.483059080444962,-0.494689340990077,-0.333979422149212,-0.956724101762177,-0.34476848053886,-0.183536053079654,-0.714104176963228,-0.193933566835524,-0.142989533805432,-0.514709337364183,-0.60138190496379,-0.527054463374357,-0.523283403627701,0.591078001573987,-0.548829847861638,-0.191322945644976,0.0949580954631852,1.16719024213992,0.98510497013263,0.612267041899781,1.40751075272983,-0.649009732299257,-1.82707676909124,0.726172755495118,-0.510521925868227,1.08466598824495,1.51894076268393,-0.939194285838884,-0.176389105893484,0.584266192935153,-0.965539767392024,-1.17821175605928,0.38013178751153,0.546377825711547,0.472081177754975,0.290078966127006,0.274957880777056,0.269995710086597,0.355652043376342,-0.649707912297875,0.321698862402212,-0.74673578780763,-0.286904425214791,-0.226875569169311,-0.54319816856734,1.22894398048608,1.24040486303943,0.267182086905024,0.900359925695479,0.134929855663671,-0.998826763175882,-0.574906338353587,-0.391348688885798,0.181613250827385,1.35857045010122,1.91013459089395,0.229851673277482,-0.30513534303829,0.569447023159616,0.703657382637049,0.458080777279193,-0.586845013885375,-0.437625211293547,0.223072592487436,0.881892456169426,0.192718347798946,0.101693177953087,-0.260244635395451,0.663768766665756,0.578342721049512,-1.60238141895859,-0.295725241742213,-0.0164437477815769,-0.391348688885798,0.409004693212087,-0.321861540250354,1.57293526977546,0.805509844533911,0.00542422998716656,-0.86805539531773,0.826966057285032,-1.09939376855715,-0.256997773580451,-0.870916000573111,-0.65635599605476,1.08931211503494,0.464234903258489,0.934806534272571,-2.97996396123019,-0.711836506646619,-0.382231429342107,-1.56531543697313,0.682832724400303,0.760473546598372,1.4031069541165,0.541853779870831,0.396654485240329,0.133016085671751,0.22717454329497,-0.342818397021626,2.18096542220705e-05,0.94751679792459,-0.286904425214791,-2.10988394317149,0.117507306079973,-0.523804376549633,-1.05617467706755,-0.367596131833887,-0.675254778272487,-1.32462762778915,1.18371487005353,0.380681711753999,0.687062114951965,-0.838101809661048,-0.224332338641419,-2.85461431172925,2.18215345214742,0.799273698727645,-1.27027014793507,-1.49382565898465,-0.199361816374992,-0.275583904330964,-0.433845179637909,-0.230075729421995,0.0435102601731493,2.56343831300507,0.194009440828534,0.808933979835743,-0.640100742275393,3.07909079275234,2.34241372286721,0.929222729204051,-0.599701730718649,-0.453822940289352,-0.629227587743642,0.569266126325109,1.07072281732671,-0.333979422149212,-0.649707912297875,-0.315607286918777,-0.0201670357368324,-1.08672084863389,-0.315851368525389,0.25012818008695,-0.590710800538598,0.682832724400303,1.7199375110035,0.023664661864365,0.738117843267285,-1.56531543697313,-0.241958561604024,0.724394238658196,3.19012000596749,-1.13544611760276,-0.56760401811193,0.0242203876949048,-0.187688592418646,0.972184833142749,1.98895106010947,-0.530206438786169,0.0542078168079789,-1.00211120091324,-0.964603692743623,0.726172755495118,3.92278703254769,-1.80351925922425,1.17800805584479,-0.629843707397574,-0.760215534198803,-0.243685682371009,0.044462103313619,-1.64963732071814,-0.629227587743642,1.14542214955724,-0.575060418388539,-0.34476848053886,-0.963629592544147,0.217464062248858,-0.785229419645906
comm.and.crime_point_1209,comm.and.crime,regression,1,0.0225388492411512,anomaly,0.324222120103087,0.524070428289996,-0.217427187171022,-0.387224840880353,3.23691779275872,-3.08850198967716,-0.352747691465246,0.240773981805169,-0.156045871094839,0.112378141086133,-0.0376193401481986,-0.18508469810596,-0.109719622984733,0.682832724400303,-0.483006127832491,-0.372606244618977,-0.595615855137194,-1.37971720136441,0.16626443468128,1.13543421017129,-0.413262097452023,-0.533031194213599,-0.472248714197789,-0.203684699846642,0.168431311655657,-0.446095258444874,0.0391120955346223,-0.0889162245473447,-0.043039574199713,0.730830743980246,0.769558090073254,1.06993325173982,-0.390428796743927,1.46642688511458,-0.178544390830854,-0.575060418388539,0.566539011621171,0.49655784179809,-0.705017765998204,1.25373139925322,1.68462816754513,1.26980985812958,1.33833515053783,0.984848281754593,-2.38106134423643,-2.28082892918333,-1.20700755247463,-2.62592863366113,0.703099168932851,0.475400863850929,0.218145741121919,3.26165559857376,0.114002523928599,0.455475228757665,0.471155635969346,0.94751679792459,1.24184056531615,1.86027014393475,1.72584298979199,2.13410453172265,2.28735201597152,-0.643114263801638,0.998621529373863,1.6909845998671,1.03880632652512,-0.130351673731295,1.3650345617856,-0.0744702805928035,-2.24569645969228,1.01800249460314,1.94086206813374,-1.23321624918318,-0.244678557014993,0.260026209173202,-2.4766527620886,1.77008288729211,1.25229100289144,-0.878308515045191,0.722766042539909,3.13599877298823,-0.0654521195474263,0.114491127674274,0.217035830694215,0.290078966127006,0.418307893223313,0.350548032359759,0.308792642392304,0.412240099369111,1.12266556301406,1.38210047806485,-0.0919853710824933,-0.127274097367549,1.74984232875775,-0.483983670212399,0.633849512110727,1.11497188208489,0.547219064064617,-0.595936377798769,3.77733766313757,3.6598881681463,-0.391348688885798,0.0903259248506256,0.0250464516485512,-0.138628602798245,-0.0174633690899362,-0.898214467727196,-0.409710691716343,1.90200410626417,-0.000690227188266011,1.6809242839585,0.475400863850929,-0.802823042251458,2.09891625254177,-0.413837003129751,-0.0271763465708762,1.3646360457215,1.13372553814103,-0.923933908733845,-0.923933908733845,0.0582574288134486,1.51436020608949,-0.391348688885798,0.226288134846476,-0.595936377798769,1.9508968194161,-0.533338919381635,-0.19033893009266,-0.178544390830854,-0.203833666554659,0.229719548950016,-0.0176229788684652,0.52492358070538,2.32407992805221,-1.54139643245759,-1.23504806525446,0.0352672065190975,0.396950550146819,0.681381190302317,-1.18820810213626,0.682832724400303,-1.56531543697313,0.212409265870761,0.459440106210166,-0.15468380482628,-0.755295767554917,1.04604216081623,-0.967408893757168,0.897888521195889,0.0435102601731493,0.94751679792459,-0.189444898148642,-0.362019970307365,-0.310748701822181,2.5466491075463,-0.912882539758789,-0.00131209356022966,1.15226186010498,-0.594329019975073,1.33224721231561,-0.669765384924741,-0.494690868811617,0.164544216239436,-0.430223291072143,-0.100894450061688,-2.8915981591504,1.51611184073429,1.83252937225587,0.481892202524582,-0.121200695287352,-1.08077239495704,0.191443789063205,-0.34476848053886,2.0439789840438,0.455835493953308,-0.917186199337522,0.321344892711017,-1.15847835603325,-0.037992457373652,-0.293054863427304,0.189659458827421,-0.0705609496871936,-0.0598300184254683,1.72545551544416,0.105406250597248,-0.215315402983871,0.0341040200315418,-0.649707912297875,-0.125091603844216,-0.315851368525389,1.06259659023327,0.993607819538218,0.25012818008695,-0.94469347109426,0.682832724400303,1.47828054418402,2.11790902504146,-0.549162456337422,0.682832724400303,-0.333979422149212,1.02963330009259,-0.0201670357368324,-0.720290730320524,-0.438232993123054,-0.649669655053565,-0.109719622984733,0.531240889564015,0.47576170751563,-0.890344957479674,-0.243561843564225,3.52550175095922,-0.120957420021899,0.726172755495118,-0.376966020067782,-1.35705455270886,-1.38334975138032,-0.35364645738641,-0.106693378680418,-0.377360854488696,-0.382231429342107,-0.267933252874971,0.678929691805134,0.223861947321042,0.116687185340269,-0.34476848053886,-1.3739496219135,-0.478351146053977,0.7783995780344
comm.and.crime_point_0852,comm.and.crime,regression,0.04,0.02230888061279,nominal,-1.20039562229281,-0.171897892729153,-0.453822940289352,0.223586275894763,-0.629843707397574,0.927243136822718,-0.687872404062027,-0.533447461928133,-0.54265444466673,-0.375210946038594,-0.458028267120621,-1.02220602282232,-0.499564470154296,-1.56531543697313,0.997679291024758,1.10350670591792,1.41312877672148,0.698110430443375,-0.812893280194679,-0.935362272316362,-0.472940879485578,0.929718513293784,0.417298235895379,0.278103309043281,0.459817773083194,-0.931604678020002,-0.779675500224294,0.457291266972696,-0.433845179637909,-1.01991441715099,-0.870865217996765,-0.855916883775387,0.374414647399402,-0.660482479245224,1.54523312038634,-0.0315444440301896,0.566539011621171,-0.961299274358306,0.207529190044681,-0.609687155220656,-0.253386005516867,-1.07077668937625,-0.894699910017088,0.0792511068324541,1.28273643156158,1.11140862194038,0.941570433447291,0.768203604771372,0.940330818808414,1.10310629051276,-0.333979422149212,-0.826258750205395,-0.34476848053886,-1.00512198687049,-1.28302888717086,-1.23612737813824,-1.06620959988649,-0.641940381005198,-0.686008264773091,-0.653776320283739,-0.565868788773144,0.591078001573987,-0.639856399463727,-0.445688830173635,-0.324530007231007,0.518419284204312,0.478532181262003,-0.338600020013028,1.61046670897551,-0.649009732299257,-0.957552422039323,0.726172755495118,-0.444061083654919,0.105406250597248,1.62692977686698,1.35680331850942,2.46931479926379,-0.405122580110374,-0.84200519593359,2.06956470962817,0.469248568923321,0.460000486104092,0.387066062068055,0.153294134393461,0.513874568187483,0.793585804862147,0.683667850264606,-0.000739682945828393,0.962472222891692,-0.74673578780763,-0.286904425214791,-0.226875569169311,-0.413403423435731,0.396950550146819,0.799273698727645,-0.281387780564301,0.950808620214174,0.409004693212087,-1.04806557169458,-0.487590987704104,-0.391348688885798,1.18577383657174,0.584266192935153,-0.217427187171022,-0.512093453824773,0.169327956712836,-1.15847835603325,0.30420847476134,-0.34476848053886,0.223072592487436,0.0759519559752211,-1.1807845918921,-0.282217262099776,-0.689543980824615,-0.284915395618803,-0.555677486507623,0.924855861929795,-0.10010478917523,0.917566476161884,0.117254540572726,-0.510251474836759,-0.391348688885798,-0.413219819433159,-0.413219819433159,-0.20888346424473,-0.0582635515406352,-0.337161300152529,-0.0636258900830415,-0.770773514666489,-0.495251351508437,-0.44849760935004,-0.567472613338656,0.229719548950016,-0.883719295584461,-0.81022732312622,-0.335131340202921,0.886358450346385,1.00919711899618,1.3245427012808,0.682832724400303,-1.56531543697313,1.47295711154427,-0.602185097684464,0.478532181262003,-0.409710691716343,0.760721512333579,-0.537358856418398,-0.392446673750327,0.434906314843494,-0.293190120292925,1.95466469730663,1.38584400255676,0.652827315957665,0.0391120955346223,-0.8651184939892,0.888234856532939,0.215073840424229,1.09448651059498,-0.40063011407534,-0.538459497839898,-1.23875756229239,-0.130351673731295,-0.84200519593359,0.385056113761999,-1.41667036516848,1.13012207196148,0.625885114403834,-1.01324563861754,-0.35568405855027,-0.919734696831824,0.504088273413761,-0.115382978305131,-0.869747200724323,0.283786284234797,0.141095362725389,-0.653833281538438,-0.236918153797056,0.0803777926311325,-0.548100210488063,0.0840075630593312,-1.07592843364696,-0.375024355916575,-0.943185334835349,1.13620597443694,0.130925656330515,-0.241958561604024,-1.12168480637209,-0.267978366150136,1.75393896099451,-0.421455927079768,-0.738257558223326,0.00542422998716656,-0.885696359334983,0.682832724400303,0.43110035463292,-0.288244073076904,0.342031597235068,0.682832724400303,-0.333979422149212,-0.445688830173635,-0.653776320283739,-1.90644897969834,0.0792511068324541,-0.0880946194298402,-0.499564470154296,0.237278260511525,1.13147709363963,0.775295691477787,0.252720923722782,0.182033724961094,0.113388766845247,-1.23321624918318,0.514446198157378,-1.9151354358531,-1.6882732998595,-0.590386957395979,0.396015971718339,1.04850764809996,0.044462103313619,1.21611926443806,0.46962452707733,0.108666922041517,1.89546673778578,-0.34476848053886,0.0621704808792462,0.260952512767785,-0.58347083930006
comm.and.crime_point_1577,comm.and.crime,regression,0.14,0.365093033388299,nominal,-1.38334975138032,0.87205458879957,0.728155825302298,0.956559616024903,-0.274732957383221,-0.302066595779285,0.844126282094685,0.971983123108843,0.230562702477051,0.251689308836056,-0.157736176426034,-1.63609499428098,0.747939040788304,0.682832724400303,0.997679291024758,1.32219010599747,-0.252659454575957,-0.649669655053565,-1.73445348243088,-0.485189123949481,-1.2487650459218,0.828839223120861,0.312645653531477,0.33163531003105,0.57637235765421,0.706989613046053,0.192634769739419,0.23880827036468,-0.043039574199713,-0.757302642981302,-0.777126743249906,-0.806536111069869,-0.151415220449137,-0.413167436877806,1.08555911739508,0.0672766422167828,-0.801317854336286,-0.458589923959548,0.207529190044681,-0.171235730638567,-0.367386839226397,0.128060322760887,-0.0232715937029722,1.30827584422678,0.688607062513258,0.675263793938761,0.712998307285384,0.611551347612948,-0.542366992913852,-0.665881730079667,-0.0579168405136468,-0.478351146053977,0.572773528396057,-0.183536053079654,0.139282888348225,0.203092646994081,0.318620499235095,0.163856228721226,0.329508052938522,0.359998534991312,0.413595069572038,-0.466801083033691,0.08835601335298,0.571774707941,0.724190249504474,1.34412777612236,1.55499935761209,0.665092989783826,0.595686927747142,0.303568683073544,-0.899584132235861,0.726172755495118,0.419929865118091,-0.10075369417069,0.547039635036561,-0.617754621230122,-1.55215513657527,1.74572257868425,-0.7596488149613,-0.741943275593805,0.914832475982277,0.891887184141365,1.02467942971995,1.47554750781773,1.23062463041877,1.3171758996377,1.19912126108902,0.648228546406218,1.92363226362591,-0.850581459313604,-0.286904425214791,0.569936205244792,0.495159792485531,-0.288220510132573,-1.35124072729229,-1.37852751550295,0.194078202433754,0.409004693212087,-0.06328940132067,-0.574906338353587,-0.391348688885798,0.409831565769285,-0.0609873547032339,0.491760072183968,-0.0669263775634199,1.17756246868398,0.396654485240329,2.30145301413988,1.03154453286352,1.14097921304329,-0.437625211293547,0.169078085395916,0.511493909447407,1.01983928088354,0.0372584156911057,-0.309483443914147,0.0893771570848711,-0.4393285442876,1.25679023127425,-0.000739682945828393,0.131698570334978,-0.391348688885798,-0.0477867027019386,1.41394576422294,-1.34276811316667,-0.706093598596545,0.984240030386299,-0.0636258900830415,0.0538662644052637,-0.0119374178694681,-0.44849760935004,-0.688849968232438,0.95469044940847,1.1441185431077,1.19249903262118,1.67560362771661,-2.00114816083105,0.189657297261516,3.0313168319037,0.682832724400303,-1.56531543697313,1.8566021080536,0.518419284204312,-0.344648600652765,0.396654485240329,0.589529123243989,1.56510799279336,-0.987985994494734,1.78304828093024,-0.987985994494734,-0.286904425214791,0.0749460229086676,2.57997935151736,-1.34259197230855,0.711095016407226,0.312645653531477,-0.534676575320374,3.1028076820837,0.342031597235068,-0.669765384924741,-0.713534013953022,0.69535681818675,-1.04789614836431,-0.424861492610813,0.353242987609834,-0.413837003129751,0.510966613656022,-1.65401899910702,0.347766031238483,-1.34916855849906,-0.121200695287352,-0.115382978305131,-0.347885794497196,0.283786284234797,-0.599701730718649,-0.932455617038282,1.14542214955724,-0.708757207400764,-0.930668231079202,-0.708381655201343,0.564407987550553,-0.296225771543798,-0.943185334835349,0.156946236789233,-0.116389386036903,-0.333979422149212,0.0582574288134486,0.208310841536264,-0.400332606464976,0.65320279235381,-0.569295082344151,0.494832130186732,-0.649707912297875,0.682832724400303,-0.293870545825533,3.27642718339475,-1.53937807141797,0.682832724400303,-0.149937701058835,1.02963330009259,-0.696016939253532,-0.601674905382743,-1.14977363056188,-0.144252122992213,-0.265657561852559,-0.44863454061095,-0.835669064732367,1.0904168953346,-1.38501220832434,0.948245147585665,3.20675843349157,0.726172755495118,-0.429402032904556,0.707844714924821,-0.590548525334451,1.46136404268695,2.557666178433,0.602923741041008,1.4193634863154,0.499680118149013,0.678929691805134,0.511849510519854,0.215508271587242,-0.230075729421995,0.113460484550416,-1.0002125522811,1.08103744855317
comm.and.crime_point_1216,comm.and.crime,regression,0.06,0.04044356034226,nominal,1.17800805584479,0.524070428289996,-0.296225771543798,1.81169517951007,-0.35364645738641,0.312588270521716,-0.209122814638054,0.0687247720866572,-0.220480633356821,0.112378141086133,-0.878437194093044,-2.36160014236849,-0.499564470154296,-1.56531543697313,0.711095016407226,2.3062654063554,-1.03655979871593,-0.53735464792882,-2.54081865938755,-1.25048347617318,-2.38266190455935,0.324442772256246,-0.210617258288034,-0.310748701822181,-0.00640056520086566,0.0394141611302526,-0.4726301518147,-0.307399221155361,-0.35568405855027,-1.06368304617927,-1.10521140486391,-1.1522015200085,-0.103612505190179,-0.561556462298257,2.29220337524712,0.363739900957701,-1.59923435947814,-0.458589923959548,-0.329263137039369,-0.774106439438939,-1.39339434261216,-0.728251828765636,-0.785771370477824,1.76107443168785,1.38175799306964,1.30525076771888,0.987284858679672,1.39481263340506,1.53340994349732,1.21723454990582,-0.333979422149212,-0.826258750205395,-0.230075729421995,-0.731260008940213,-0.619283391928622,-0.0450487366494222,-0.142989533805432,-0.514709337364183,-0.474442365249838,-0.315851368525389,-0.352941863045931,0.238451640038094,-0.230236917254329,0.164789292695146,0.514446198157378,2.22881544603455,1.68164255482974,2.88378280091371,0.747903894931396,0.113052999998984,-2.46472795692932,0.726172755495118,-0.37760024144161,0.414646167749156,1.03299019886025,-0.847354381664952,-0.176389105893484,1.53063806280479,-0.7596488149613,-0.935840378022907,-0.466477635900487,-0.576527589185363,-0.633115326174983,1.06519301261709,0.609441243151654,0.310271871223178,1.05854305813691,-0.531713688779321,0.642085542646951,0.343643763005101,-0.286904425214791,-0.226875569169311,-0.283608678304122,-0.728687620312182,-0.854968167441532,-1.62787745526173,-0.663549604384054,-0.321861540250354,-0.358722252432842,-0.574906338353587,-0.391348688885798,-0.0922487271028942,-1.48054515950769,-0.375024355916575,-0.0669263775634199,0.287943781650617,-0.294515666436819,1.90200410626417,-0.34476848053886,0.655028649219603,-0.608817600383137,0.169078085395916,0.776064299963135,0.247859743337919,-0.349350157880785,-0.851110337619796,1.39481263340506,1.3537113041635,-0.972394445178469,0.23524876409128,-0.954678429186424,-0.391348688885798,-0.595936377798769,0.683079530760502,0.331061606670478,3.18088668373891,1.18000319046612,0.740803615151647,0.620806112517094,-0.374422868098694,-0.400622650407643,0.889055645386725,-1.34105073537663,-1.65100928860312,-0.0212745163166381,0.564407987550553,0.152246600047036,0.886266145735984,-0.0503586817209869,0.682832724400303,0.682832724400303,-1.04813857980274,0.223523394233582,-0.597934995088079,-0.179320641157294,-0.380561081597017,-0.537358856418398,0.600118860823686,3.26165559857376,-0.69021633412253,-0.286904425214791,0.23880827036468,0.278103309043281,1.36964193864286,-1.53381513476344,-0.315269840651936,-1.05012998614479,1.0488428476066,-0.450140894829368,-0.144541836585371,-0.801071272009583,0.577398462198459,-0.84200519593359,-0.26287797133625,-0.472716577020044,-0.854968167441532,0.510966613656022,0.642085542646951,-0.121200695287352,1.01271768067076,-0.277522937462631,0.114002523928599,-0.739281849167541,-0.490435159498505,-1.07592843364696,-0.584177697663477,-0.928088305474204,3.23691779275872,1.27972477678071,-1.1309892382737,0.987720612375717,-0.453822940289352,2.87663392144708,1.08466598824495,-0.709945487718708,-0.241958561604024,1.17920255223971,-0.696638653067897,0.317757916021518,2.29077798387164,-0.696016939253532,-1.02233236043192,1.17920255223971,0.682832724400303,-0.898012962874244,0.023664661864365,-1.53937807141797,-1.56531543697313,-0.149937701058835,-0.242196122550708,0.486720391900693,-0.127211605631618,1.76107443168785,-0.9866146764278,-0.421595500720383,0.139290717494029,-0.381712258954214,0.190070598600841,0.94751679792459,1.29652306696047,0.722688852699825,0.726172755495118,-0.639146084251652,-1.35705455270886,-1.50531917077199,-0.235276207381626,0.396015971718339,-0.555594417312278,-0.42964182185941,-0.779675500224294,-0.262943549469985,0.972629611637952,-1.01975530649992,-0.34476848053886,0.369910502906264,-0.43486269553505,-0.0790743884354456
comm.and.crime_point_1789,comm.and.crime,regression,0.39,0.0903545344357139,anomaly,0.324222120103087,1.22003874930914,-0.217427187171022,-0.0207381708152835,-0.0774492073752468,0.189657297261516,-0.544247527234835,-0.0172998327725985,0.101693177953087,-0.0269330266637888,-0.0976777582871161,0.0939557434661589,-0.187688592418646,0.682832724400303,-0.196421853214959,-0.208593694559321,-0.938572255698432,-0.705827158615937,0.511849510519854,0.280105228274217,0.899671107286197,-0.179953678608368,-0.315269840651936,-0.310748701822181,-0.414341611199418,-0.324717903551093,-0.882023949694159,-0.744365214371393,-0.199361816374992,-0.0132359495005283,0.300865716338963,0.674887070095679,-0.916258664592466,0.180388664803999,-0.0636258900830415,1.00607696156302,-0.687329782173164,0.747912516997469,-0.866055464123419,0.486441406234567,-0.0823847549525736,0.356410229834627,0.412442564454086,0.143936619326893,-0.796716360107558,-0.923933908733845,-1.38986525340415,-0.380579614390398,-0.720290730320524,-0.0381763034178386,-0.0579168405136468,1.17420997366526,-0.230075729421995,-0.594329019975073,-0.42964182185941,-0.69021633412253,-0.707179574188299,-0.59953003312486,-0.516755545154489,-0.569295082344151,-0.565868788773144,0.238451640038094,-0.230236917254329,0.0630429388836828,0.0425220826264111,0.223523394233582,0.161924188217862,0.295311354595511,0.0375580480715412,-0.363236207687417,0.143845084226443,0.726172755495118,-0.311139399228302,0.517726140133124,0.0610890712128745,1.12720355807459,0.670236143756844,-0.491156386462159,0.187449566220028,1.53634767794814,-0.600152808018174,-0.576527589185363,-0.548100210488063,-0.576224968185445,-0.155092156561714,-0.253594384688952,-0.159801367448073,0.353242987609834,-0.212278938005688,0.55133510601705,0.00547415598365529,-0.226875569169311,-0.54319816856734,0.592713710226646,0.854415094266617,0.965361918229619,0.648116453102006,0.500362972394892,-0.900349146138491,-0.31296028640514,-0.391348688885798,-0.685616345951833,-0.147021161055019,-0.375024355916575,-0.512093453824773,0.406559606588398,-1.04328333075373,-0.780009989472726,0.228695275045463,-0.478855999702333,2.01613236565723,0.223072592487436,-0.282217262099776,-0.910109562980505,-0.54265444466673,0.67529272645976,-0.0150576810207445,-0.536249617176849,0.190658429492517,0.648228546406218,-1.1522015200085,-0.391348688885798,-0.504578098615964,1.32258748504014,-0.694834028068417,-0.403772909970454,-1.2670363105317,1.54523312038634,0.878506043477017,-0.65635599605476,-0.352747691465246,-0.14265187121042,-0.0924897401426294,0.815279974671134,-0.628161290785547,-0.546787652615503,0.25012818008695,-2.55580110554962,3.0313168319037,-1.56531543697313,0.682832724400303,-1.04813857980274,-0.95606016564934,-0.0280406076086237,0.799837073718665,1.16017042020929,-0.0595254815975429,0.203092646994081,0.0869987106920766,-0.69021633412253,1.07752895371129,-0.853606712675401,-0.41781270379772,-0.984372399164023,-0.674062310910845,-1.72807970256461,-0.0660825654799971,0.683693543699564,1.08469330854548,-1.32629482034895,-1.15122030423583,-0.720143453672756,0.599231471081475,2.16687484778218,-0.590710800538598,1.13012207196148,0.568425864029928,-0.746256738413588,-0.35568405855027,-0.168225438914154,-0.277522937462631,-0.34476848053886,2.21793278611951,-0.361398252209622,2.62805703357323,-0.235899778288672,0.396654485240329,-0.35364645738641,-0.548100210488063,-0.232948124244939,-0.388045418306067,-0.375024355916575,0.992887438896841,0.0538662644052637,-1.40242760634748,-0.149937701058835,0.176251652332003,0.160681920767624,-0.569295082344151,-0.882023949694159,-0.738257558223326,0.690595290266559,-0.531713688779321,0.682832724400303,0.269995710086597,1.04850764809996,-0.94524870236964,0.682832724400303,-0.241958561604024,1.5383650691499,0.655682867779868,0.940330818808414,-1.020402605573,0.0803778912572774,-0.499564470154296,-0.644609626645943,0.425322062429169,-0.98037958715305,0.649747137552387,1.22686748308551,-0.449042081635903,0.726172755495118,0.566882210994152,-0.519933227992503,-1.6882732998595,-0.4325599573896,0.697641581957593,1.58320833657071,2.27275055162686,-0.0632363539352424,-1.04783791719925,-0.0641256158777693,0.215508271587242,-0.34476848053886,1.39571057632966,2.0439789840438,0.980158158380245
comm.and.crime_point_0090,comm.and.crime,regression,0.15,0.297040242676715,nominal,-1.38334975138032,-1.56383453476745,-0.138628602798245,-0.753711510945423,-0.669300457399169,0.558450217042117,-0.44849760935004,0.240773981805169,-0.671523969190694,-1.21107795253813,-0.938495612231962,2.04723883447099,-0.109719622984733,0.682832724400303,-0.483006127832491,-2.39542769535473,-0.595615855137194,0.0803778912572774,2.06698235179344,0.505191802457658,1.73517405575597,-0.331272613867753,-0.210617258288034,-0.36428070280995,0.401540480797687,0.160791516024035,0.397331668679148,-0.307399221155361,-0.277522937462631,-0.494690868811617,-0.214695894768757,0.329221661157051,-0.868455949333508,-0.314241419930838,-1.44264789905679,-1.0691658496234,-0.174383457439118,-0.00615150860066679,-0.490300835164584,0.267215693943522,-1.3363939257574,0.0138853692240173,0.140121215605925,-0.56760401811193,0.29252081648104,0.287579502381766,-0.429862323524147,0.715986185718564,-0.601674905382743,-0.951202378562316,-0.241958561604024,-0.521839596572905,-0.115382978305131,-0.731260008940213,-0.951156139549743,-0.789472887579932,-0.55330956317479,-0.429888641603507,-0.474442365249838,-0.358091987495182,-0.267771092755045,0.15029504965412,-0.184723641453285,-0.0895765918335127,-0.114785955883911,-0.543205919690318,-1.23115098117636,0.770744885551916,0.64642591680856,0.0654240792303436,1.07133772108182,-1.23321624918318,-0.178217714801685,0.105406250597248,1.03299019886025,-0.663674573317088,-0.388045418306067,0.369181677055691,-0.471401481558287,-0.402623346342877,0.023664661864365,0.114491127674274,0.174528272850755,0.153294134393461,0.131607868330799,0.108891065540274,0.0744956374721161,1.41519099927682,0.909074442850902,0.0840295842401654,0.00547415598365529,-0.226875569169311,-0.0240191880409045,-0.679746830292226,-0.413837003129751,-0.181647804660787,0.648116453102006,0.134929855663671,-0.654155103545014,-0.662221689003069,-0.391348688885798,0.364187902780905,1.444604256453,-0.138628602798245,0.229851673277482,0.169327956712836,0.396654485240329,1.61668345778153,-0.34476848053886,-0.96480656352602,-0.0381763034178386,1.78891329814154,0.194009440828534,0.523566721032782,-1.38030635407249,-0.900349146138491,-0.798318966812861,1.547553449942,-0.730091762955347,-0.708705024057152,0.230460115746014,1.10660237664572,-0.504578098615964,0.317646414029282,0.601034142128082,-0.403772909970454,1.08212161042621,-1.38518864868289,-0.564613569898551,-1.13966992969373,-0.209122814638054,-0.0819631937635291,0.269995710086597,-0.280848586784089,-1.23504806525446,-0.176389105893484,-1.9522073708111,-0.179135622519085,1.08749073869428,0.682832724400303,0.682832724400303,1.69218282383531,3.17248229394089,-0.534613396479251,-0.812893280194679,-0.0381763034178386,0.22717454329497,-1.48426876178174,0.82630236951384,-0.541331503936429,-0.286904425214791,3.29757022287691,-0.150152698858873,-0.01206212920031,-0.912882539758789,-0.419922423015838,-0.253520169416148,0.318544239792525,0.342031597235068,2.30650138899836,-0.757302642981302,-0.130351673731295,-1.04789614836431,0.709023156311124,0.294245875850557,-1.13067514513639,0.281129612160397,-0.212278938005688,-0.199361816374992,-0.919734696831824,-0.433845179637909,1.94908654179843,1.21769842418418,-0.361398252209622,1.56977547151032,-0.584177697663477,-0.236918153797056,-0.235276207381626,0.132020715007295,-0.866859498853478,0.0881812846222431,0.0189685659473083,-1.1001642083812,0.311566195365187,3.14816917321302,-0.241958561604024,2.06415922862887,-0.791896494605177,0.528961010870487,0.294983219209284,0.444479772930899,1.47364793058586,0.530234322887664,0.682832724400303,1.15607125509137,0.602923741041008,0.688607062513258,0.682832724400303,-0.333979422149212,-1.10704012994815,0.0220735832329614,0.762407081401742,-0.438232993123054,-0.368882137241703,-0.343626531286471,-0.889578484189684,-0.179953678608368,-1.25048347617318,-1.18649910140954,-0.79314444928836,-0.120957420021899,0.726172755495118,-0.167221968720685,0.149763831780583,-1.38334975138032,-0.708757207400764,1.75333121779498,2.02879224362967,1.4193634863154,-0.728501275489362,-0.210617258288034,1.26061717483676,1.35195076342743,-0.34476848053886,0.0108804772080765,0.434906314843494,-0.0790743884354456
comm.and.crime_point_1977,comm.and.crime,regression,0.08,0.19603528375858,nominal,-0.224640267159436,1.56802290981872,0.0189685659473083,-1.05911706933298,-0.590386957395979,0.722358181389051,0.126001897958727,-0.490435159498505,-1.44474111633447,-0.514522113788516,-0.698261939676291,0.875268979868092,0.0462183158830917,0.682832724400303,0.758859062176815,-0.0992519945195506,-0.399640769102202,1.54047298387896,0.339056972600567,-0.530206438786169,0.72063476118553,0.980158158380245,1.09754002126074,0.920487320896512,0.401540480797687,1.43525374240874,1.1137708149682,1.71356849746879,-0.277522937462631,-0.844839901037864,-0.823995980623335,-1.00405920189194,1.5216798136144,-0.561556462298257,0.625885114403834,-0.476239332141566,2.04838394974175,-1.31319581963744,1.76422693858843,-1.26736429209379,0.943622748433189,-1.29912659644998,-1.27594979840451,-0.56760401811193,0.688607062513258,0.77218486682801,0.89585600821491,0.402681671401718,0.110020044243945,0.190080215368281,-0.333979422149212,-0.826258750205395,0.114002523928599,0.272900576804145,-0.00294828920368394,-0.193933566835524,-0.296859544818942,0.587959707524607,0.329508052938522,0.23327667808193,0.200668143844824,-0.114174721497799,-0.230236917254329,-0.547435183985099,-0.586710071414878,-0.838101809661048,-0.344648600652765,-0.972511394621568,-0.165397908174131,-0.649009732299257,0.375718243440288,-1.23321624918318,-0.311139399228302,0.930046029669001,-0.424861492610813,-0.709594525404054,-0.388045418306067,-2.03976490079429,-0.965539767392024,-0.1602519683065,1.40497477374713,1.23739654257118,1.02467942971995,1.38435761999537,1.51732465531128,1.59910902759376,1.43341826600921,-0.531713688779321,-0.158881157964898,0.862872120534973,-0.286904425214791,-0.226875569169311,0.58168962257327,0.348009760126863,1.24040486303943,0.666141990519079,0.194078202433754,-0.504578098615964,2.3986510246141,3.39794211619785,-0.391348688885798,0.866268195653084,0.928401418342293,-0.296225771543798,-0.462630445351289,-0.36444325550718,0.511849510519854,1.38842693899541,1.37562278621411,0.331061606670478,0.24714434506481,1.03299019886025,-0.758443965028085,-1.29609933175331,-0.413784920142767,0.773770343497151,-1.16384090018251,1.49909291349738,0.481421648160263,-0.531713688779321,2.79826029643296,-0.391348688885798,-0.413219819433159,-0.504578098615964,-0.0468999429701671,-0.61971625898909,1.08212161042621,-1.21281089756117,0.46618615394114,-1.34105073537663,-0.735747363004424,0.646300935599162,-1.17994609083031,-1.26736429209379,-0.14265187121042,0.194009440828534,-0.386102090172486,0.59942720812885,-0.0503586817209869,0.682832724400303,0.682832724400303,-0.445267871002372,1.5210653101048,-0.218005403435109,1.49100722539581,-0.837074119169256,-0.776275543828826,0.401605753908883,-0.695793398648614,-1.58352531523914,-0.286904425214791,0.184187521212675,-0.203684699846642,0.857899691293538,-0.8651184939892,-0.0536383847421805,0.683667850264606,0.455475228757665,-0.549162456337422,-1.19498893326411,0.249375824669157,-0.189330851725441,-0.306688719613709,-1.39676262025819,-0.236728129982936,-2.01293747375996,-0.293462891578667,-0.105483377924108,0.738571636676679,-0.651338533289799,-0.35568405855027,-0.34476848053886,-0.782770299686468,-0.533447461928133,-0.599701730718649,-1.0717667847882,-2.13763607090921,-0.629843707397574,-0.930668231079202,1.03487462497214,0.617322065653698,1.12214874716618,-0.105964675924132,-2.36851308661801,-0.957260530086126,0.494208322757484,2.94911590501802,-0.410865128456057,0.90912658159863,0.141460545004487,0.317757916021518,1.08212161042621,0.294245875850557,-1.56531543697313,1.27689973850112,0.291015006099739,-0.0540546487971503,-1.18313024953964,0.954312625483427,-0.0895765918335127,0.486720391900693,0.406559606588398,0.337993156810208,1.48431548031659,-0.343626531286471,-0.889578484189684,-0.432151904040676,-0.26010254976604,-0.69021633412253,3.0379126638345,-1.19894987961077,0.726172755495118,-0.167221968720685,1.99143074615657,0.0192985716239078,-0.472016707391195,0.044119426439209,-0.0208937288415306,1.75123623393652,-1.18906929810375,-0.733880170107544,1.08782463691748,-1.76091345335221,-0.34476848053886,0.523780513919773,-0.565328047091832,-0.23039332369483
comm.and.crime_point_0186,comm.and.crime,regression,0.36,0.00635512740260619,anomaly,0.507176249190595,-1.56383453476745,1.7525374221484,-0.814792622622935,1.89538829270449,-1.24453739077415,-0.304872732522849,-0.533447461928133,0.55273651378696,0.739278395960782,0.863256931935564,-0.296700874734808,1.76153564342917,0.682832724400303,-0.339713990523725,0.556798205719072,-0.497628312119698,-0.368882137241703,-0.409710691716343,-0.395154494276104,-0.651977225586244,-0.179953678608368,0.0510141976217214,0.492231312994358,-0.297787026628403,0.0394141611302526,-0.319107477609904,0.402670517820692,0.973054999939597,-0.0132359495005283,-0.261565132142186,-0.164586065898132,0.565625508435234,-0.561556462298257,0.740803615151647,0.166097728463756,-0.117389421357558,0.14466129651896,-0.00718774078893893,0.376828550089045,0.715621081014131,0.527672660139931,0.52137110399335,-0.761660555595246,-0.747205579353531,-0.730091762955347,-0.658434449686053,-0.537231871548822,1.29617829362176,1.27429867960235,1.23037520711899,1.00025617158955,-0.000690227188266011,1.0488428476066,1.3719530937981,1.4437995652116,1.44700058000083,-0.345067945842831,-0.305189645631236,-0.358091987495182,-0.352941863045931,0.679234591957959,-0.45780329625955,-0.59830836089083,-0.639146084251652,-0.897080987655194,-0.851221389523392,-0.602729759433253,-0.571309820665477,-0.363236207687417,0.317749953636827,-1.23321624918318,1.41684249831772,0.0538662644052637,-0.640839520976896,1.35680331850942,-0.388045418306067,0.369181677055691,-0.0596195766968404,-0.354149070735601,-0.466477635900487,-0.446961579774181,-0.335562421270764,-0.393845192540718,-0.394008843972142,-0.454975190371856,-0.394098372368261,-0.472716577020044,-0.0520855978833183,-0.0717389230187961,0.492771791314399,-0.226875569169311,-0.629727998655079,0.25012818008695,-0.634402585285642,-0.231517792612544,-0.360857437271886,1.50530404340575,-0.211005826876756,-0.31296028640514,0.981773121184762,-0.366110705033174,-0.620207095989836,0.649357240929522,0.0319996393835476,-0.423751167976071,-0.00652810323800724,-1.40771541613455,-0.230075729421995,-1.55874614153275,-0.380561081597017,-0.370866985519292,-0.70552988692494,-0.248412816512834,-0.0271763465708762,-0.407961060951538,-0.276144776284783,0.820645403272635,0.966027012606508,2.18215345214742,0.0329370249239415,-0.391348688885798,0.409004693212087,-0.504578098615964,-0.640839520976896,-1.00841428722264,1.52258872060582,0.108751861038678,-0.10075369417069,0.229719548950016,-0.44849760935004,2.10282919432454,1.03524277168163,-0.719300011366178,-0.506783935891765,-0.440959496409212,-2.34373369097075,-1.16258340860069,0.044462103313619,0.682832724400303,0.682832724400303,0.979699258889417,-0.779122631666902,0.98510497013263,0.339056972600567,-1.46477954583108,0.561657905669569,-1.18649910140954,1.34816377574097,-1.58352531523914,-0.286904425214791,-0.416640719459369,2.47291534954182,0.192634769739419,-1.10393872283714,-0.472248714197789,-1.14384878811286,0.409831565769285,1.1342040892995,-0.844839901037864,-0.757302642981302,-0.543205919690318,-0.718470624475156,0.169078085395916,1.23819966399899,-1.40638212283126,-0.580759143448198,1.06926778297327,-0.433845179637909,0.744321517128731,-0.433845179637909,-0.230075729421995,0.434906314843494,0.283786284234797,0.987720612375717,-1.0717667847882,0.108666922041517,2.76343679273958,0.769634082659194,-1.97620440441842,0.776064299963135,-0.453822940289352,-0.367596131833887,0.620806112517094,0.378240698697934,-0.333979422149212,-1.47566747692775,0.0654240792303436,-0.738257558223326,0.44850589341408,-0.696016939253532,0.886358450346385,-0.177731018223659,0.682832724400303,1.27689973850112,2.6971681042181,-0.351119333321313,0.682832724400303,-0.333979422149212,2.35233589964161,0.106554821172549,-0.36444325550718,0.855477256765716,-1.26740219423966,-0.187688592418646,0.629228432581511,0.980158158380245,-0.26010254976604,-0.144305290106824,0.0427225572111723,-0.730257505876477,0.726172755495118,-1.05863418694584,-0.743165581250199,1.48293160432397,-0.629843707397574,-0.659673664119051,-0.912061542959443,-0.192589859272896,0.44850589341408,-0.52457500537974,0.972629611637952,-1.01975530649992,-0.34476848053886,2.93441068646475,-0.956724101762177,-0.93654835490529
comm.and.crime_point_0789,comm.and.crime,regression,0.01,0.029800109100715,nominal,-1.6882732998595,-0.519882053238727,-0.296225771543798,-0.448305952557865,-0.629843707397574,0.845289154649251,-0.304872732522849,-0.576459764357761,-0.413784920142767,-1.14142236866316,-0.758320357815209,0.540420449981549,-0.265657561852559,0.682832724400303,1.28426356564229,0.11943140555999,-0.252659454575957,1.76510299812845,0.16626443468128,-1.11543153166311,0.183525722883532,1.63587354450424,1.93476068017196,1.72346733571305,2.09158195707741,0.585612258152271,0.857899691293538,0.566532765276704,-0.433845179637909,-1.10745167520755,-1.29268835435763,-1.59662847435816,2.47773411879356,-1.352964597874,-0.0636258900830415,-1.21739747899386,1.59243166108926,-1.76563423499632,2.5157361965061,-1.54139643245759,-1.1653926751931,-0.671164351997201,-1.00362844955635,-0.56760401811193,1.1342040892995,1.25679023127425,0.987284858679672,0.768203604771372,-0.36444325550718,-0.722945859776196,-0.333979422149212,-0.869747200724323,-0.34476848053886,0.683693543699564,-0.0977690742382896,0.252720923722782,0.113460484550416,-0.345067945842831,-0.516755545154489,-0.484813844404564,-0.480698018482259,0.679234591957959,-0.503316572060594,-0.903547422325221,-0.796454122761974,-0.248310029719587,-0.218005403435109,-0.761207603085388,1.00159884023849,-0.791896494605177,-1.42129874046701,0.726172755495118,-0.37760024144161,0.723886084901063,0.925001184677206,-0.709594525404054,-0.282217262099776,0.584266192935153,-1.04789614836431,-0.354149070735601,0.201898224687947,0.244057137085456,0.302050946381135,0.153294134393461,-0.155092156561714,-0.173042062415791,-0.0192231644959594,-0.826699247575706,-1.33363231886228,-1.57750115985543,-0.286904425214791,-0.226875569169311,-0.586463083611209,-0.0435165600327901,0.0272941611820292,0.0677021350979969,-0.259960048234497,-0.413219819433159,-0.211005826876756,-0.70587936432781,-0.391348688885798,-0.229179716068034,0.928401418342293,0.0189685659473083,1.61481591053503,-0.423751167976071,0.627044535799378,-1.00826650825885,-0.230075729421995,-0.640839520976896,-0.437625211293547,0.49304512794504,0.352751675137971,-0.524119794207697,-0.284915395618803,-0.506438677988928,-0.58944929060163,1.11140862194038,0.578342721049512,-0.590710800538598,1.76126406961708,-0.391348688885798,0.317646414029282,1.50530404340575,1.41095174850089,-0.662904928792817,0.886358450346385,-0.0636258900830415,0.775426071093047,-0.69663215719134,-0.352747691465246,-0.0212745163166381,1.67966134986692,1.30853782732598,0.464234903258489,-1.07592843364696,0.494832130186732,-0.343043586866018,-1.33043927968817,0.682832724400303,-1.56531543697313,-0.8289128675117,1.10821106414577,-0.407970199261594,0.396654485240329,-1.46477954583108,0.896141268044168,-0.243561843564225,-0.217420442940414,-0.0450487366494222,-0.286904425214791,0.23880827036468,-0.631940707748796,-1.64963732071814,-0.0531297159061927,-0.943185334835349,-0.628395377288449,0.135969587839005,0.441053158743122,-0.188310465613652,-0.275847723670213,0.164544216239436,-0.883183386419734,0.115083578304395,0.353242987609834,0.799273698727645,0.568425864029928,-0.799654518454378,-0.199361816374992,-0.382942369747774,-0.043039574199713,-0.230075729421995,-0.0869550913836323,-0.490435159498505,1.04063469047886,-1.0717667847882,-0.352113179076581,-0.550930207394384,-0.675622884018443,-0.0216443327087585,-1.28758474605954,0.570558656556745,-0.838532752471447,0.414646167749156,3.14816917321302,0.310166601667107,-0.413719465260767,-0.601380811530617,-0.738257558223326,-0.626152826019497,-0.358091987495182,0.886358450346385,0.353242987609834,0.682832724400303,0.310271871223178,-0.689269589429965,-1.19280260613978,0.682832724400303,-0.333979422149212,0.571774707941,-0.738257558223326,-1.90644897969834,0.402678669304647,0.978897948255237,-0.187688592418646,-0.44863454061095,-0.633910484386522,1.72065930304824,0.203092646994081,-3.231089884912,1.75381207491527,-1.23321624918318,-0.0623499430471371,0.26138000840943,0.324222120103087,2.28995579272044,2.65820804851275,-0.867503152253548,-0.571872999411319,-0.370281702344836,-1.1001642083812,-0.524905716995868,-0.377418245894594,-0.34476848053886,0.369910502906264,-0.869747200724323,0.828839223120861
comm.and.crime_point_1700,comm.and.crime,regression,0.33,0.0202061504259028,anomaly,-1.38334975138032,1.22003874930914,-0.217427187171022,1.93385740286509,-0.629843707397574,-0.95769845316702,0.461126610555507,3.16561054701986,0.55273651378696,0.391000476585978,0.022439077990719,-1.18963028776559,-0.499564470154296,-1.56531543697313,0.56780287909846,0.775481605798612,0.482247118055266,-0.649669655053565,-0.985685818113966,1.22546883984467,-0.950371135754022,0.374882417342708,-0.210617258288034,0.0104433041044344,0.284985896226672,1.79938580709009,0.243808994474351,-0.416640719459369,-0.121200695287352,0.118069937584314,1.09764275168726,0.823029388212234,-0.533836942520802,0.72448175801232,0.568425864029928,0.314329357834215,-0.801317854336286,0.647370646917718,-0.651338533289799,-0.00681644642028318,0.316618163030779,0.470585183371496,0.249049755145189,2.21387301914892,-0.0540546487971503,-0.197025862064479,0.118710779264428,-0.328362195337591,0.347251694119508,-0.0952404331143684,-0.149937701058835,0.217464062248858,-0.000690227188266011,0.0903259248506256,0.37633485093474,0.500862307366285,0.472490510248604,0.800011446926297,1.00651893141293,1.03584843850801,0.967205076462793,-1.87730652917726,1.63580739058848,2.19971636892442,2.40214266028124,2.22881544603455,1.61832095622091,2.61965306149349,-0.723526787849732,2.20872551381914,-0.145996364790864,0.726172755495118,-0.444061083654919,1.08466598824495,-0.424861492610813,-0.388154860795292,-1.02301435554381,1.10046903104586,0.146271375733883,-0.208726243913775,1.62776672727661,1.66928324060846,1.44975500815455,0.700433461327641,1.03949128049042,0.99496661054505,0.917964855184794,1.06120832872116,2.03042782370749,-1.11019563807854,0.200393210115953,-0.226875569169311,1.05760368805584,-0.0435165600327901,-0.524119794207697,0.466662038712051,0.597667758583312,-0.321861540250354,0.133665832754111,-0.356617961729881,-0.391348688885798,3.01152035610694,-1.05037612774876,-0.296225771543798,-0.660482479245224,-0.36444325550718,0.223861947321042,0.874849771726638,0.687466279512922,-0.748828535159937,0.703657382637049,-0.424861492610813,0.776064299963135,0.744132303188673,0.166127940215069,0.232143449791502,0.715986185718564,-0.293946934953727,-0.0516442527306052,-0.590710800538598,-0.312728384014686,-0.391348688885798,-0.321861540250354,-0.504578098615964,1.78891329814154,-0.533338919381635,-1.12021394047183,-0.580759143448198,0.46618615394114,0.471376515769501,-0.44849760935004,-0.264029226104202,-0.69663215719134,-1.43178357631207,0.282168870917816,-1.76381144898785,-1.51174026063149,0.804312163562517,-1.61490163479198,-1.18313024953964,-1.56531543697313,0.596054262380089,0.223523394233582,-0.534613396479251,0.627044535799378,-1.17945889734843,1.32619130538294,0.00457954007927846,-0.173931992421487,0.0542078168079789,-0.286904425214791,1.54970625001278,0.599295314969896,1.06259659023327,-0.817354448219611,-0.943185334835349,0.121355038456154,0.409831565769285,-0.747205579353531,0.205607195640876,0.380681711753999,0.69535681818675,-0.471401481558287,0.547039635036561,-0.000739682945828393,-1.62694770498715,0.108751861038678,0.748881102728531,-0.35568405855027,2.5694154292145,-0.277522937462631,-0.34476848053886,-0.391374245016123,-0.361398252209622,0.776064299963135,1.36617865083543,-1.27367338131278,-0.156362707378436,-0.123024632053464,0.295311354595511,-0.388045418306067,0.255364319065638,-1.15249049956315,-1.33771336277832,-0.0669263775634199,-0.333979422149212,-0.177731018223659,-0.125091603844216,-0.78049817719312,1.93255841072712,-0.569295082344151,-2.19691132091088,0.589231434646941,0.682832724400303,-0.777184479464502,1.36041638304123,0.589585501005203,-1.56531543697313,1.04633348602862,-0.649181537796562,-0.44257322543477,1.17756246868398,-0.308861968134177,-1.43587470492678,-0.265657561852559,0.874197290125252,-0.0286347433489841,-0.620241068459545,0.00457954007927846,2.55032357670977,0.769558090073254,0.726172755495118,-0.534274058578104,0.038147655151735,-1.38334975138032,-0.708757207400764,-0.0564224436405426,-0.912061542959443,-0.571872999411319,0.243808994474351,-0.158290967106083,-1.73445348243088,-0.723292047758998,1.37562278621411,0.216040491892755,2.43537503871415,-1.08786729016467
comm.and.crime_point_0184,comm.and.crime,regression,0.02,0.042918027206983,nominal,0.324222120103087,-1.56383453476745,-0.453822940289352,1.26196517441246,-0.590386957395979,0.517473225955383,1.17925099469147,-0.490435159498505,-0.478219682404748,-1.14142236866316,-0.638203521537374,-0.129276609791536,-0.343626531286471,0.682832724400303,3.05153325911707,1.43153180603724,1.11916614766899,2.10204801950269,-0.352113179076581,-1.29550079100987,0.541598415084864,2.9977439618387,2.61500246553732,2.52644735052959,0.343263188512179,-0.628161290785547,1.52316461284766,2.31439673814083,-0.433845179637909,-1.15122030423583,-0.542780556382761,-1.1522015200085,2.04750968146293,-1.25403858092703,0.338588862534303,-0.377418245894594,0.680527083784293,-1.31319581963744,2.46205696379769,-1.97984785703968,-0.53838808979069,-2.21252622474494,-2.14737811471863,0.467364181799085,1.72833345834783,1.64447452283125,1.1701425596092,2.02142166203876,-2.02506480463612,-1.52184367552761,-0.333979422149212,-0.956724101762177,-0.230075729421995,-0.548685356986693,-0.619283391928622,-0.491703227207728,-0.296859544818942,-0.133016206441141,-0.135936926012634,-0.0201670357368324,0.0729119884084963,-0.114174721497799,-0.275750193055373,-0.140449768739244,0.147394108299959,1.28514859812821,0.921783371523802,1.24617841650832,1.8641616542826,-0.791896494605177,-2.52269624673278,0.726172755495118,-0.510521925868227,1.29082593301289,2.05888583359914,0.1628845642483,0.194009440828534,-0.319088773758589,-1.08907433885046,-0.402623346342877,2.02879224362967,1.92841525943082,1.83232302874569,2.47863627386372,2.99860811725593,2.32407992805221,2.88605969651438,-0.885696359334983,-0.0520855978833183,0.707103613276012,-0.189444898148642,-0.226875569169311,0.408629962397792,-0.386102090172486,1.2955462585784,0.0677021350979969,0.194078202433754,-0.413219819433159,-0.358722252432842,1.65163510320821,-0.391348688885798,-0.731260008940213,-0.405122580110374,-0.453822940289352,0.180388664803999,0.110020044243945,0.972629611637952,-0.722945859776196,-0.34476848053886,1.30296273431785,0.646593252940519,0.601034142128082,0.987720612375717,0.358142534415864,-0.413784920142767,0.379859875347588,0.0371597380320633,-0.827012835844596,1.30525076771888,0.0582574288134486,-1.05343997459746,3.353528974943,3.05839478951343,-0.413219819433159,0.223072592487436,-0.922036947615181,-0.0924573500527467,0.0512926106647712,-1.80157323850618,-0.736908318327921,-0.44849760935004,-0.0819631937635291,-1.09939376855715,0.157602837798,0.403546225811598,1.1993769247883,-0.581865250252313,0.681381190302317,0.897849168625072,0.682832724400303,-1.56531543697313,-0.445267871002372,-0.543205919690318,0.415210582653175,-2.54081865938755,1.50255519838847,-1.01519223123925,0.0542078168079789,-0.565328047091832,-0.342818397021626,-0.286904425214791,-0.689744465219389,-0.578408706761027,0.909073916028471,1.61861188602941,-0.681553878925593,-0.581535976304412,-0.320467042044794,-0.697694798599504,-0.0570045785288092,-0.669765384924741,-0.0123933177430025,1.66986442372124,-0.586845013885375,-1.00369058285354,0.0824355567210018,-1.27027014793507,0.108107742239052,-0.199361816374992,-0.543980067872989,-0.35568405855027,0.458080777279193,-0.869747200724323,3.33765975673838,0.299837597034825,0.182033724961094,-0.00652810323800724,-0.0774492073752468,-0.463085094801143,-0.285774072128984,-0.335131340202921,-0.296225771543798,-0.52457500537974,0.569266126325109,-1.05618654703309,2.24260467311607,-0.94469347109426,-0.696638653067897,-0.78049817719312,0.0902863202695546,1.7961795799643,-0.386102090172486,0.589231434646941,0.682832724400303,-0.495251351508437,-0.154568900959218,-1.98497509820421,-1.56531543697313,-0.333979422149212,-0.852674245419489,-0.569295082344151,-0.483059080444962,0.467364181799085,1.2596854660671,0.124187285317004,-0.497628312119698,0.727959932947938,-0.98037958715305,-1.03761427122343,0.321344892711017,-1.01147293011705,-1.23321624918318,-0.586710071414878,-0.296700874734808,0.812099797669774,0.277661542639106,0.194932231558836,-0.778386370841756,-0.382231429342107,-0.728501275489362,-0.472248714197789,-2.02244104562969,1.64841402216834,-0.230075729421995,-0.758469577859468,0.130487161211004,-1.13830693525114
comm.and.crime_point_1923,comm.and.crime,regression,0.32,0.0273067934776256,anomaly,-1.38334975138032,1.56802290981872,0.491760072183968,-0.692630399267912,-0.550930207394384,-0.384020577952752,-0.0654979378108623,1.87524147413103,-0.671523969190694,0.321344892711017,0.262672750546389,0.372996185038278,0.592001101920479,0.682832724400303,-0.00536567013660394,-0.427277094638862,0.629228432581511,0.417322912631512,0.108666922041517,-0.170067920092664,-0.234225751351356,0.1226841919104,0.626603400623183,0.974019321884281,0.0518767270846419,0.100102838577144,0.141460545004487,-0.471261468611373,0.347766031238483,0.118069937584314,0.160258004218676,-0.164586065898132,0.804639084730025,-0.512093453824773,0.453507363282115,-0.772702590882484,0.50954497553961,-0.860757404278554,0.314887655461491,0.705667118525611,1.39962608327131,1.09854742782428,0.902620992380776,-0.373547480628615,-0.450140894829368,-0.584710153621474,-0.0184324964327153,-0.432797033443206,0.228635869181726,0.0188878262786913,0.12612488057673,0.217464062248858,1.14623728398038,0.911911858641464,0.992669953659678,0.997145074653291,0.9853905469603,2.70847710154151,2.572106587885,2.42978886451121,2.28735201597152,-1.34836698687342,1.95440032119579,1.23312600771551,0.566882210994152,-0.66116427567861,-0.787899790914564,-0.0744702805928035,-1.53535061283242,1.4466627815209,1.53508403950952,-1.23321624918318,0.154086496264857,0.46618615394114,-1.50475163444123,-0.75551447749102,-1.28758474605954,-0.319088773758589,-0.471401481558287,1.10007919748266,2.83084327633579,3.008132004524,3.10754976404949,1.42995256390655,1.42175798034711,1.80048983327666,1.24598066207306,1.88716789335104,2.24401894387065,-1.36980981684348,1.46736706197588,0.86874062065008,1.9661669039771,-1.07127315045188,-0.910109562980505,-0.281387780564301,-0.310408742753192,-0.139144981884744,0.724531534978455,0.254589492816494,1.14821212846604,-0.731260008940213,0.670299999286939,-0.296225771543798,0.675018749538836,2.00787324324845,-0.928088305474204,-0.323496951900488,-0.34476848053886,-0.586845013885375,-0.494689340990077,-1.61274064862427,-0.388045418306067,-1.57180630944818,-0.156045871094839,-0.654155103545014,-0.537231871548822,0.287579502381766,0.917566476161884,1.23819966399899,-0.658393792953314,-0.391348688885798,-0.321861540250354,-0.139144981884744,0.817012170494165,0.200868467281728,1.32682556052599,-1.09789239681336,0.569266126325109,2.28380376691563,-0.256997773580451,-0.14265187121042,-0.65635599605476,-0.500074299075133,-0.324717903551093,1.46394731530403,0.494832130186732,0.0257493329145824,-1.42526006472277,0.682832724400303,-1.56531543697313,-1.15775143594827,-0.602185097684464,-0.218005403435109,0.857434586358428,-1.00826650825885,-0.441792181454227,0.798631967738489,2.18096542220705e-05,0.302349200451482,0.297852737182101,1.16736100594875,-0.0430886968833349,-0.67732705075443,-0.817354448219611,-0.838532752471447,1.94887167683362,-0.913834660893733,0.193499254972986,-0.144541836585371,-0.407153610755056,-0.0713724957371486,0.722766042539909,0.817012170494165,-0.413719465260767,-0.689543980824615,-1.09789239681336,-0.425870058168848,0.347766031238483,-1.18813086037385,-0.35568405855027,-0.34476848053886,-0.956724101762177,-0.18934904249111,0.934806534272571,-0.166244194413711,-0.697698254915155,0.711685792656649,-0.0805170742100041,-0.866859498853478,0.405665753241116,-0.296225771543798,-1.04783791719925,-1.80157323850618,1.41696387664109,-0.333979422149212,-0.413719465260767,0.113052999998984,-0.653776320283739,-0.728501275489362,-0.696016939253532,-1.6096218406714,-0.649707912297875,0.682832724400303,0.471376515769501,-0.511036026606383,-0.351119333321313,-0.193945058535335,0.862291764938238,-0.445688830173635,-0.400332606464976,-1.01683029266498,0.532049694293523,0.417322912631512,0.124187285317004,1.80507894879147,-0.381712258954214,-0.485189123949481,-1.18649910140954,1.22686748308551,-0.0740881826484698,-1.23321624918318,-1.32081425112971,0.763652803239245,1.05603863645312,-0.669300457399169,-0.860757404278554,-0.912061542959443,-0.145179466755593,0.602028567618877,1.4638240595344,-0.121723128517532,-0.920934220252943,-0.34476848053886,-0.348149548490111,-0.869747200724323,0.7783995780344
comm.and.crime_point_1698,comm.and.crime,regression,0.04,0.156062072209846,nominal,0.934069217061446,1.22003874930914,-0.296225771543798,1.9949385145426,-0.590386957395979,0.59942720812885,0.126001897958727,-0.533447461928133,3.71003986462407,2.27170124120992,3.44576891190902,-0.408317051363656,-0.499564470154296,-1.56531543697313,0.233454558711339,-0.208593694559321,0.972184833142749,0.866582941130492,-0.0641256158777693,-0.485189123949481,0.541598415084864,0.173123836996862,-0.210617258288034,-0.257216700834412,-0.356064318913911,-0.688849968232438,-0.728501275489362,-0.744365214371393,-0.35568405855027,-0.582228126868179,-0.777126743249906,-0.757155338364351,1.28266623731961,-0.264778411457355,-0.350922141952573,-0.871523677129457,1.70641973325238,-1.06184114443806,0.529604586295112,-1.21255786402103,1.96963025181895,-1.52747650352372,-1.38487833794378,-0.050119918156423,0.688607062513258,0.675263793938761,1.30728583530634,-0.641666709654437,-0.127211605631618,0.24714434506481,-0.333979422149212,-0.521839596572905,-0.230075729421995,1.59656680346716,1.46677387883271,1.14602990483939,1.19055056164498,0.418318316003255,0.287194873033872,0.106554821172549,0.0729119884084963,0.41476482080604,-0.503316572060594,-0.445688830173635,-0.376966020067782,-0.0123933177430025,0.0352809910002048,-0.180122176360894,0.544947938685724,-0.506122969993337,-0.377869524004709,0.726172755495118,0.353469022904782,-3.70855272760961,0.547039635036561,-0.250395004534394,2.20474440874806,0.283147870703906,-0.84200519593359,3.66921580466826,0.513806959629217,0.589566495515274,0.642111409128814,0.153294134393461,0.322741218259141,0.511652676906082,0.355652043376342,0.530234322887664,0.695483322687741,-0.175584594524771,-0.189444898148642,-0.226875569169311,-0.197078848216383,-0.288220510132573,-0.524119794207697,-1.32865752755119,-1.52117741120186,0.865796089126112,-0.949587954657186,-0.487590987704104,-0.391348688885798,-0.503041693998314,0.111080258000336,-0.375024355916575,1.12018582580019,-0.186519518100509,0.742239561078903,-1.00826650825885,-0.34476848053886,1.46494625559241,0.703657382637049,0.223072592487436,0.405665753241116,0.192718347798946,-0.800393493714657,0.232143449791502,-0.485014452496014,0.869105939717259,0.77218486682801,-1.53466458868703,-1.59662847435816,-0.391348688885798,-0.321861540250354,0.0435715764808665,-1.50475163444123,-0.490150249577908,0.935299240366342,-0.178544390830854,0.981586015860986,0.0283387432671127,-0.592122486177232,-0.203340548657311,0.95469044940847,-0.226042158711328,1.92076316198387,2.09891625254177,0.10330581002708,-1.16258340860069,0.044462103313619,-1.56531543697313,0.682832724400303,1.74698925190807,0.931273530163335,-0.218005403435109,-0.697698254915155,-0.837074119169256,-1.06297556872134,-0.0946770133781229,-0.739281849167541,0.15346437026538,-0.286904425214791,-0.525882217763377,-0.578408706761027,-0.728501275489362,-0.626298265141257,-0.838532752471447,0.215073840424229,-0.503041693998314,-0.450140894829368,-0.275847723670213,-0.932377159094426,1.46208613211065,1.29926070934593,-0.0468999429701671,-0.708705024057152,-0.303554212051806,0.453507363282115,-1.06664341865833,-0.433845179637909,0.798000749837136,-0.043039574199713,-0.34476848053886,0.956767721070621,1.87524147413103,0.511493909447407,0.112378141086133,0.0510694094017551,-0.708757207400764,-0.250547305583844,0.559441094015736,1.41103323720088,-0.217427187171022,-1.30946937310901,0.672346098709078,-0.660482479245224,-0.333979422149212,0.23524876409128,-0.601380811530617,2.89443567317894,-0.779675500224294,-0.146888892646214,1.08212161042621,-0.708705024057152,0.682832724400303,-0.857736801737663,-0.377360854488696,-0.00454386804312309,0.480499389876695,-0.333979422149212,-0.547435183985099,-0.653776320283739,0.881022906339523,-0.696975043100807,0.529637919756257,-0.265657561852559,0.972184833142749,-0.734789774559444,1.67564198821155,0.0542078168079789,3.52550175095922,-0.120957420021899,0.726172755495118,-0.691582097088426,1.32173368638348,1.17800805584479,0.987883042667813,-0.961299274358306,-0.377360854488696,-1.37784967220547,0.44850589341408,0.364971944713428,-0.00652810323800724,0.610792616575132,-0.34476848053886,0.369910502906264,-0.391374245016123,0.7783995780344
comm.and.crime_point_1201,comm.and.crime,regression,0.82,0.0315068515332026,anomaly,-1.0174414932053,0.524070428289996,0.964551578420628,-0.753711510945423,1.54027754269014,-0.95769845316702,-0.209122814638054,-0.40441055463925,2.67908366843236,2.89860149608457,3.3857104937701,-0.91058984619347,1.05981491852395,0.682832724400303,-0.769590402450023,0.939494155858268,-0.350646997593453,-0.425039640804075,-1.15847835603325,-0.485189123949481,-0.950371135754022,-0.331272613867753,-0.367596131833887,-0.0966206978711041,-0.530896195770433,-0.0212745163166381,-0.4726301518147,-0.362019970307365,1.36386060537779,1.25605429231962,-0.58964979375619,-0.757155338364351,1.42607438309648,-0.165852394510387,0.22367036178649,-1.76091345335221,1.42144955284458,-1.21265394955768,1.01271768067076,0.0479899816524777,2.48263400351183,0.299322753066192,0.194585485375557,-0.891031580584123,-1.2423133868938,-1.16623659095697,-0.932721001080341,-1.32049315734094,1.47410203102843,1.50255519838847,0.77027090439305,1.69607137989238,0.114002523928599,1.18577383657174,0.992669953659678,1.09640162811069,1.03668055063147,-0.00578516280012634,-0.093623746107983,-0.10464827367642,-0.18260032246416,0.458843115998027,-0.45780329625955,-0.547435183985099,-0.7440181099252,-1.13299769963178,-0.851221389523392,-0.814033550969433,-1.12943870034108,0.0177951584617036,0.89743285167144,-1.23321624918318,1.15099912946448,-0.358453625130612,-1.23477909898362,-0.158555100360462,-1.28758474605954,1.01443522469408,-0.265510529127564,-0.402623346342877,-0.600152808018174,-0.533338919381635,-0.505592652644603,-0.4394401364519,-0.441792181454227,-0.374422868098694,-0.347238971384223,1.65117944631393,-0.586063398291218,-0.175584594524771,0.590231318380547,0.470334733443029,-0.370138508391861,-0.679746830292226,-1.57180630944818,-1.82735740706876,-1.01669046601492,1.04851264749172,-0.358722252432842,-0.00735655913195239,2.43811443489596,-0.457398031009934,1.18650283739765,-0.138628602798245,1.02125980885322,-1.96575689216723,-1.44646591923207,0.874849771726638,-0.34476848053886,0.978995691768727,0.24714434506481,-0.586845013885375,0.246923518931679,1.2955462585784,1.71256223450263,2.00474055646453,-0.0150576810207445,-0.923933908733845,1.40217184060813,-0.472716577020044,0.625506297390161,-0.391348688885798,-0.413219819433159,-0.139144981884744,0.871006677585685,-1.05160295702636,-1.07127315045188,0.338588862534303,0.156946236789233,-0.898012962874244,-0.592122486177232,0.585612258152271,0.0686149044036935,0.705667118525611,0.100102838577144,0.194009440828534,0.543772920206689,0.640404199215584,-0.0977690742382896,0.682832724400303,0.682832724400303,0.979699258889417,0.105565038245289,0.415210582653175,-1.3888684065923,0.703657382637049,-0.72849220634674,-1.13687082468084,1.04374462210848,-0.938357717766034,0.102933683049804,-0.689744465219389,0.385167311018819,-0.574978601284565,1.52308379449023,-0.629227587743642,-0.347238971384223,1.0488428476066,1.08469330854548,1.2998229213479,1.08097977620649,0.0465858602511433,0.55805328059533,0.385056113761999,-0.649707912297875,0.137576952259974,-0.293462891578667,2.61780340415618,-0.35568405855027,1.54951000775481,1.36386060537779,-0.34476848053886,-0.0434666408647052,0.197761679375541,-1.44632698036898,-0.0965886105387498,-0.409710691716343,-0.472016707391195,-0.760637999705362,0.717918937667871,1.09354876858201,-0.375024355916575,-0.838532752471447,-0.770773514666489,0.922333791906255,-0.149937701058835,-0.177731018223659,-0.791896494605177,0.782404724689249,-0.574978601284565,0.0643142022027552,-1.70750342071131,-0.531713688779321,-1.56531543697313,0.551928838042662,0.157339833982052,0.0449669127109041,0.682832724400303,-0.333979422149212,-0.343942476362171,-0.653776320283739,-0.957522380196087,-0.438232993123054,0.81042543756812,-0.499564470154296,2.63797306444019,-0.684350129472983,-0.215085234929352,2.68450648342911,0.112378141086133,0.675819615326396,0.726172755495118,-0.00991393021036301,-1.18963028776559,1.60490102371564,-0.195819457380031,-1.06184114443806,2.07335063433556,-1.14079770961895,-0.626152826019497,-1.57110082901876,0.91503209899819,-0.723292047758998,0.458080777279193,-0.758469577859468,-0.391374245016123,-0.129514033521907
comm.and.crime_point_1038,comm.and.crime,regression,0.4,0.375638625282756,anomaly,-0.224640267159436,0.176086267780421,0.255364319065638,-0.326143729202842,-0.4325599573896,0.394542252695183,0.126001897958727,0.0257124696570293,-0.413784920142767,0.460656060460939,0.262672750546389,-0.296700874734808,0.280125224184829,0.682832724400303,0.758859062176815,0.775481605798612,-0.203665683067209,0.417322912631512,-0.58250322963563,-0.26010254976604,-0.234225751351356,1.03059780346671,0.888234856532939,0.813423318920973,0.751204234510732,0.160791516024035,1.06259659023327,0.0203252737566635,-0.199361816374992,-0.669765384924741,-0.683388268503048,-0.806536111069869,1.09145537628377,0.180388664803999,0.798262865525553,0.0672766422167828,0.50954497553961,-1.01157020939818,1.06639691337916,-0.445267871002372,0.82962191472366,-0.442814444923462,-0.404521482090398,-0.438232993123054,0.29252081648104,0.33604003882639,0.0729963540320473,-0.0150576810207445,0.821714993870633,0.874849771726638,-0.0579168405136468,-0.0434666408647052,0.228695275045463,0.774980869676324,0.897849168625072,0.94751679792459,0.677650524933283,0.927242490567312,0.92189257160363,0.824645343659043,0.669107380444694,-0.246409607073759,0.270409116557157,-0.547435183985099,-0.586710071414878,-0.543205919690318,0.0986025896090331,-0.814033550969433,-0.368353864419804,-0.315607286918777,0.201813374029904,0.726172755495118,-0.0452960303750682,0.517726140133124,-0.640839520976896,-0.434074812882258,-1.02301435554381,-0.0609873547032339,-0.594936053016721,0.179067960944429,1.09306603880586,0.935075853945092,0.854649198346114,0.609243573505277,1.1350579554546,1.11579509395479,1.10540245912095,-0.236728129982936,0.0547099621982618,0.447489434511076,0.200393210115953,-0.226875569169311,0.58168962257327,0.10330581002708,0.413283929954837,0.117572123049754,-0.00771657564102366,0.0435715764808665,-0.06328940132067,-0.00735655913195239,1.98040716487244,1.87042878139744,0.756333805638724,-0.453822940289352,-0.215315402983871,-0.542366992913852,0.339056972600567,-0.665881730079667,-0.230075729421995,-1.55874614153275,1.50255519838847,-0.478855999702333,0.0352672065190975,0.247859743337919,0.746040800572905,-0.555677486507623,1.02929070003541,-0.0516442527306052,0.481421648160263,-1.29867614164992,-1.6953900197692,-0.391348688885798,-0.504578098615964,-0.504578098615964,-1.61274064862427,-0.749282268400272,-0.728687620312182,0.798262865525553,-3.70855272760961,-0.0924897401426294,-0.209122814638054,-0.264029226104202,1.03524277168163,-1.04813857980274,-0.688849968232438,-1.34049882416269,0.299068970106906,0.845289154649251,0.328924458417437,0.682832724400303,-1.56531543697313,-1.26736429209379,-0.248310029719587,-0.0913622062174521,0.16626443468128,1.61668345778153,0.131607868330799,1.5926843953977,-0.695793398648614,0.00457954007927846,-0.286904425214791,0.348049768668688,0.0104433041044344,0.346157443944216,0.854387153715993,-0.419922423015838,0.0276362364880784,-1.46155861675429,0.391542377989094,2.74418767928116,1.38736017940446,-0.838101809661048,-0.883183386419734,0.00709456412135369,0.0582574288134486,-1.84751328714304,-0.121085140456948,2.40421228399302,-0.277522937462631,-0.758696998706609,-0.35568405855027,-0.230075729421995,1.95700208300595,-0.533447461928133,-0.811358043131231,1.92342332183512,0.972629611637952,-0.669300457399169,0.387066062068055,2.88378280091371,-0.864272121234376,0.334162903438415,-0.52457500537974,-0.0492137079787055,-0.314241419930838,-0.0579168405136468,-0.531713688779321,0.0177951584617036,-0.527054463374357,-0.01206212920031,-0.653776320283739,0.0543650200071232,-1.53466458868703,0.682832724400303,1.47828054418402,-0.822944761547652,1.6788226775938,-1.56531543697313,2.97877155747757,-0.343942476362171,-0.569295082344151,1.6520257684351,-0.308861968134177,0.13653539481965,-0.499564470154296,0.38425957503777,-0.93654835490529,-0.845327642642986,0.15346437026538,3.52550175095922,3.20675843349157,-1.23321624918318,-0.324530007231007,-0.240892786420384,-0.590548525334451,-0.708757207400764,0.14466129651896,-0.689269589429965,0.37633485093474,-0.67732705075443,-0.681553878925593,-1.90724602035016,2.58721434151458,-0.34476848053886,0.0108804772080765,1.17420997366526,-1.03742764507821
comm.and.crime_point_1754,comm.and.crime,regression,0.6,0.0189359126308985,anomaly,-1.0174414932053,1.22003874930914,0.176565734692862,-0.99803595765547,0.0409210426295376,0.23063428834825,-0.161247855695657,-0.361398252209622,-0.284915395618803,0.0427225572111723,0.0824974961296363,0.763652803239245,0.202156254750917,0.682832724400303,-0.578534219371668,-0.755302194758174,-0.399640769102202,-0.144252122992213,0.511849510519854,-0.530206438786169,1.25774379948753,-0.58347083930006,-0.367596131833887,-0.41781270379772,-0.530896195770433,-0.324717903551093,-0.67732705075443,0.0203252737566635,0.113282667975565,0.118069937584314,-0.495911319009332,-0.164586065898132,-0.342626081484969,0.130925656330515,-0.523299893074292,0.314329357834215,-0.744323818254725,-0.358048053879797,-0.168225438914154,1.03450568696218,0.0886164956117204,0.927284997518976,0.957085262150409,-1.14977363056188,-0.549162456337422,-0.681631226510723,-0.429862323524147,-0.223927357231975,0.169327956712836,-0.0381763034178386,0.0341040200315418,0.0869987106920766,-0.000690227188266011,0.683693543699564,0.471155635969346,0.302349200451482,0.0621704808792462,0.121445880840888,-0.00899738629868194,-0.10464827367642,-0.18260032246416,0.326608230422067,-0.366776744657462,-0.649181537796562,-0.691582097088426,-0.95606016564934,-0.977864586741049,-0.602729759433253,-0.317614875358386,-0.315607286918777,0.491654823047211,-1.23321624918318,0.552851549544707,-0.873853487050458,-0.316872478427771,-0.0667151961865298,-0.388045418306067,1.01443522469408,0.228627756706173,-0.838891826808356,-0.600152808018174,-0.61971625898909,-0.633115326174983,-0.0746805851624468,-0.202875494043799,-0.334146706962114,-0.20666076843211,0.471237211128387,-0.212278938005688,-0.850581459313604,0.102933683049804,-0.0276726255657857,-0.153813933172513,-2.09902974087097,-0.965250958519477,-1.02943759984065,-2.02566435638881,0.134929855663671,-0.309483443914147,-0.662221689003069,-0.391348688885798,0.318544239792525,0.670299999286939,-0.138628602798245,0.0814626478570313,0.406559606588398,-1.8496485077104,0.817785642030109,1.37562278621411,2.11288034069066,0.30420847476134,-0.532850506793854,0.881892456169426,-0.0278472343569434,-0.413784920142767,-1.09730438021327,-0.380579614390398,-0.0516442527306052,0.77218486682801,-0.118733906464382,-0.411489929425723,2.1052364203334,0.0435715764808665,-0.321861540250354,0.655028649219603,-0.792470938203999,-1.21809552051175,0.510966613656022,0.260026209173202,1.07551893281821,-0.496372568292438,0.585612258152271,0.592204999179243,-0.0616228744930443,-0.264029226104202,-0.758443965028085,0.739536080286516,0.59942720812885,-0.287410644307502,0.682832724400303,0.682832724400303,-0.33565501485685,-0.189330851725441,0.541853779870831,-0.985685818113966,-0.380561081597017,-0.0117421441154574,-1.48426876178174,-0.13044354190256,1.5926843953977,0.00547415598365529,-0.525882217763377,-1.11372871663872,0.65320279235381,-0.721826356680434,-0.733880170107544,-0.0660825654799971,-0.731260008940213,-0.153076210305205,-0.932377159094426,0.118069937584314,0.164544216239436,-1.00671795787817,0.709023156311124,1.17920255223971,-0.579261189746669,-0.178544390830854,-1.86761011927018,0.113282667975565,0.690642284420326,-0.199361816374992,1.37562278621411,-0.217420442940414,-0.576459764357761,-0.22930318399663,-0.514522113788516,-0.179320641157294,0.514402042648675,-0.930668231079202,-0.180122176360894,-0.864272121234376,-0.296225771543798,-0.943185334835349,0.517726140133124,0.229851673277482,-0.241958561604024,-0.472716577020044,1.35140493998362,-0.738257558223326,-1.24024352283868,-0.146888892646214,0.641654500246602,-1.3576732534092,-1.56531543697313,-0.535527512645018,-0.822944761547652,-2.67812602876059,0.682832724400303,-0.333979422149212,-0.496562007079367,3.44356371978626,-1.01683029266498,-0.438232993123054,1.37200047319184,-0.0317506535508209,0.188284489002777,-0.179953678608368,-1.02539690198974,0.451234030637584,-0.514522113788516,0.0196502920983885,-1.23321624918318,-0.272093994394233,0.596228538295973,0.629145668582266,-0.708757207400764,0.295474101638588,-0.3328024637828,-0.0503586817209869,-0.523804376549633,-0.472248714197789,-0.00652810323800724,-0.624470961512025,-0.34476848053886,1.34442057265849,-0.13044354190256,2.64466644623347
comm.and.crime_point_0743,comm.and.crime,regression,0.59,0.0031556279652069,anomaly,0.507176249190595,-0.519882053238727,-0.375024355916575,-0.936954845977958,2.56615304273161,-1.69528429272822,-0.687872404062027,-0.576459764357761,-0.284915395618803,-0.584177697663477,-0.337911430842786,1.32173368638348,-0.499564470154296,-1.56531543697313,-1.05617467706755,-0.864643894797944,-0.644609626645943,-1.15508718711492,1.203019662197,1.31550346951804,-0.413262097452023,-1.03742764507821,-0.629227587743642,-0.0966206978711041,-0.705728072626956,-1.23504806525446,-0.0632363539352424,-0.798985963523397,-0.277522937462631,0.905905260093369,1.23825046380754,1.51436020608949,-0.58163965777976,0.971796800379738,-0.982973896065542,2.24134053965018,-0.516347673928482,2.30631150323362,-0.597659300581394,1.08931211503494,-0.0253843380978089,0.984372474287411,1.12047807145931,-0.761660555595246,-2.48008290574448,-2.28082892918333,-2.39558260851654,-2.78258089081955,0.169327956712836,0.589529123243989,-0.0579168405136468,2.30490968715737,-0.34476848053886,-0.0466050641145143,0.803028383590466,0.500862307366285,0.318620499235095,-0.684350728885536,-0.60138190496379,-0.653776320283739,-0.65103955906403,0.767391182341933,-0.412290020458506,-0.29306929945644,-0.376966020067782,-0.838101809661048,-1.42111577700285,-0.0216443327087585,-0.926482744095404,-0.363236207687417,0.491654823047211,-1.23321624918318,-0.37760024144161,0.260026209173202,-0.694834028068417,0.484324228857062,0.141095362725389,-0.233054967406804,1.25808251885979,0.179067960944429,-0.822944761547652,-0.792470938203999,-0.718130441861903,-1.16895923903081,-1.15854224368551,-1.13966992969373,-0.909551783192675,0.530234322887664,0.321698862402212,0.291720927252114,-0.189444898148642,-0.226875569169311,-0.802787658830557,1.08212161042621,0.192718347798946,1.01523190618138,0.79946253665809,-0.413219819433159,-0.457199869470233,-0.70587936432781,-0.391348688885798,-0.503041693998314,-0.792274708693406,-0.217427187171022,0.229851673277482,0.762407081401742,-1.3888684065923,0.24714434506481,-0.000690227188266011,0.655028649219603,0.874849771726638,1.41095174850089,1.67560362771661,-0.634402585285642,1.71256223450263,-0.604916295026319,-1.32049315734094,-0.0516442527306052,1.7413955957205,-1.23967902989064,0.92179093362327,-0.391348688885798,-0.504578098615964,-0.413219819433159,0.547039635036561,0.33043447669291,0.543772920206689,1.08555911739508,0.260026209173202,0.0283387432671127,-0.496372568292438,0.160791516024035,-0.69663215719134,-1.26736429209379,-1.23504806525446,2.68097111167637,0.837417660326429,-0.179135622519085,-0.761514569480531,-1.56531543697313,-0.418759874672678,0.102796409725239,1.75698202208138,1.55499935761209,0.857434586358428,-1.35065128643802,-0.107308819079628,-0.392446673750327,0.34792941380564,-0.193933566835524,-0.286904425214791,-0.525882217763377,-1.80964472947972,-0.984372399164023,-0.578534219371668,2.77198133908318,-0.722114179256525,-1.46155861675429,1.43126877382367,0.774599373008527,-1.06368304617927,0.164544216239436,-0.883183386419734,-0.640839520976896,-1.06268769461281,-0.193271420973861,-0.465840642700386,0.748881102728531,-0.35568405855027,0.153849957336276,-0.35568405855027,-0.230075729421995,-0.565328047091832,-0.490435159498505,-0.652615808821794,-1.76832262353781,-0.524905716995868,-0.472016707391195,1.02467942971995,1.93291573900091,0.194009440828534,-0.296225771543798,0.835908565350987,1.03312600205297,0.526629724118384,-0.241958561604024,-0.767702135816429,2.6373858007369,-0.062407654706626,0.550854342883945,-0.696016939253532,-0.728687620312182,-0.236728129982936,0.682832724400303,-0.0119374178694681,-0.778386370841756,0.490563939497149,0.637869761172835,-0.333979422149212,-0.191322945644976,-0.611535701313945,-0.30513534303829,2.66667160660999,-0.0880946194298402,-0.499564470154296,0.0902969459852806,-0.129514033521907,-0.530206438786169,-0.938357717766034,1.08755631533559,-0.917734455370194,0.726172755495118,-0.324530007231007,-1.13382219945117,0.56816095888643,0.0409210426295376,-1.76563423499632,-0.689269589429965,-0.240000251790199,-0.319107477609904,-0.681553878925593,1.203019662197,-0.130365530277162,-0.230075729421995,-0.707179574188299,-0.956724101762177,-0.734789774559444
comm.and.crime_point_0304,comm.and.crime,regression,0.25,0.150179624987886,anomaly,-0.956456783509466,-1.21585037425788,-0.296225771543798,-0.692630399267912,0.119834542632727,-0.015227658172151,-0.44849760935004,-0.103324437631854,0.166127940215069,0.391000476585978,0.382789586824224,-0.0176604331626889,-0.499564470154296,-1.56531543697313,-0.721826356680434,0.174102255579875,-0.791590941172187,-0.930457172865427,-0.0641256158777693,0.0100013392540886,-1.42780139202247,-0.633910484386522,-0.00131209356022966,-0.0430886968833349,-0.239509734342896,-0.567472613338656,3.46778515277508,-0.580502966915381,-0.199361816374992,0.380681711753999,1.84755054966212,1.41559866067845,-0.247020650967053,-0.0669263775634199,0.338588862534303,2.98249868650247,-1.31426417907033,2.10522776307411,-0.436621602456179,1.69218282383531,-0.139385171807338,1.55524724197176,1.610656499386,-0.502918505617492,-0.697694798599504,-0.681631226510723,-0.384147898291766,0.0371597380320633,0.881022906339523,0.874849771726638,-0.241958561604024,-0.391374245016123,-0.230075729421995,1.77914145542068,2.46239212169607,2.18822371614211,2.1650606313972,0.375907968122917,0.456447592652474,0.275517297051724,0.200668143844824,0.370686525614054,0.224895840756112,-0.242196122550708,-0.324530007231007,-0.602185097684464,-0.914542988132221,0.0311816151752862,-1.33239465658675,0.0654240792303436,0.839464561867979,-1.23321624918318,-0.244678557014993,-0.358453625130612,-1.23477909898362,-0.479994764969224,-0.811358043131231,0.670299999286939,2.45225004295799,0.179067960944429,-0.733827980135861,-0.61971625898909,-0.293054863427304,-0.804199687741353,-0.776275543828826,-0.817460640601083,-0.862692382208638,-1.3576732534092,-1.54722343902544,-0.383275937536719,0.00547415598365529,-0.226875569169311,-0.240343763260253,0.10330581002708,-0.689543980824615,-0.231517792612544,-0.764446993421443,-0.139144981884744,-0.654155103545014,-0.662221689003069,-0.391348688885798,-0.183536053079654,-2.12579870714607,0.176565734692862,0.180388664803999,-2.7960676667317,-0.467308204356106,0.24714434506481,-0.230075729421995,-0.96480656352602,-1.00826650825885,0.601034142128082,2.46931479926379,-0.138130025434889,-1.50917587859646,1.61083008831497,1.23816037624664,0.481421648160263,-1.99006571051558,-0.94469347109426,1.46497943338397,-0.391348688885798,0.591721251577697,0.409004693212087,1.46494625559241,-0.749282268400272,1.18000319046612,-0.00616663970913513,0.105406250597248,0.0686149044036935,4.0517485312353,0.52492358070538,0.793585804862147,1.08931211503494,-0.324717903551093,-0.176389105893484,0.445891340166776,-1.12160641751395,0.755617991073163,0.682832724400303,0.682832724400303,1.47295711154427,-0.248310029719587,0.668496977088488,0.627044535799378,-1.52184367552761,-0.776275543828826,2.43636509978561,2.65281729130878,0.351977477180183,-0.189444898148642,1.00349875849274,1.18814732583536,-0.370281702344836,-0.339713990523725,1.83010809780806,1.10540245912095,-0.913834660893733,-1.48986729066394,1.60620332454586,0.905905260093369,-0.602185097684464,0.310984137678462,-0.154888957153209,-0.472716577020044,1.40582904965634,-1.27027014793507,0.268301082361422,0.191443789063205,-1.56388548933269,-0.433845179637909,-0.34476848053886,0.956767721070621,-0.533447461928133,-0.811358043131231,0.112378141086133,-0.755295767554917,0.119834542632727,1.44975500815455,-0.180122176360894,-0.493873574512357,-0.453822940289352,-0.158290967106083,0.517726140133124,-0.709945487718708,-0.241958561604024,-0.0597367947051054,-0.649009732299257,-0.189129511616007,-0.626152826019497,0.444479772930899,0.0543650200071232,-1.41667036516848,0.682832724400303,1.67966134986692,-0.733827980135861,-1.48986729066394,-0.261389503376538,-0.333979422149212,1.64011142296137,-0.738257558223326,-0.779598642789415,-1.40851568053963,-1.6043472156139,-0.343626531286471,-0.15467191155846,0.727959932947938,0.415157172784282,0.451234030637584,0.739278395960782,-0.823995980623335,0.726172755495118,-0.114785955883911,-0.687357492935775,-1.38334975138032,-0.4325599573896,0.194932231558836,-0.199127291665113,-0.00294828920368394,0.294983219209284,-0.943185334835349,-1.96484353298993,-1.41503965148781,-0.34476848053886,-0.55330956317479,1.69607137989238,-1.03742764507821
comm.and.crime_point_1254,comm.and.crime,regression,0.39,0.0174632251837745,anomaly,1.17800805584479,0.524070428289996,-0.296225771543798,0.162505164217251,2.48723954272842,-1.77723827490169,-0.639997445119629,-0.40441055463925,0.617171276048942,-0.0269330266637888,0.142555914268554,0.707844714924821,-0.499564470154296,-1.56531543697313,-1.15170276860673,-1.4113523949968,-0.252659454575957,-0.9866146764278,0.91503209899819,1.67564198821155,-0.532619661519134,-1.13830693525114,-0.9955116260173,-0.578408706761027,-0.822282657197971,-0.446095258444874,-0.67732705075443,-1.01746896013141,-0.043039574199713,1.64997195357414,0.535211903206109,0.823029388212234,-0.58163965777976,0.922333791906255,-1.38518864868289,0.215508271587242,0.281568831213367,0.848454387077221,-0.490300835164584,0.65086069045285,-0.139385171807338,0.356410229834627,0.52137110399335,0.27330764431577,-1.04427026387769,-1.21469712740159,-1.11557870200987,-0.58944929060163,0.0507121317750543,0.0759519559752211,-0.149937701058835,0.782813918994912,-0.34476848053886,0.592406217722805,0.328924458417437,0.451234030637584,0.626360521262113,-0.557119685244521,-0.60138190496379,-0.569295082344151,-0.565868788773144,0.723312887149946,-0.366776744657462,0.470028354129537,0.357138159647056,-0.0713724957371486,-0.787899790914564,0.929222729204051,-0.165397908174131,0.208310841536264,0.0279085046195201,0.726172755495118,-0.178217714801685,-0.925393473242442,0.223072592487436,0.346564372596164,1.94017401823234,-0.491156386462159,1.99928994761039,1.58482195355542,-1.04573671507713,-0.965225617418908,-0.888160673235742,-1.26014912685317,-1.15854224368551,-1.13966992969373,-1.00327058516075,0.589231434646941,-0.799654518454378,0.862872120534973,-0.0919853710824933,-0.226875569169311,-0.759522743786688,0.935299240366342,0.303001138876892,0.416792050760294,0.698565147620701,0.0435715764808665,-0.752632720582405,-0.70587936432781,-0.391348688885798,3.1028076820837,0.842367611990508,-0.296225771543798,0.526629724118384,-0.30513534303829,-0.352113179076581,-0.0952404331143684,-0.34476848053886,1.14097921304329,-0.380561081597017,1.51894076268393,-0.0705609496871936,1.13012207196148,0.617171276048942,-0.8018715291011,-0.537231871548822,-0.633170690066098,-3.0077369758527,0.23524876409128,-0.115205293192613,-0.391348688885798,0.0435715764808665,0.0435715764808665,0.655028649219603,-0.576527589185363,-0.924450780392009,-0.982973896065542,0.414646167749156,0.95469044940847,0.221751815843521,-0.628161290785547,-0.13276590127921,0.486441406234567,1.79938580709009,1.30520508099459,-0.581865250252313,0.435519243781917,1.3719530937981,-1.56531543697313,0.682832724400303,0.596054262380089,-0.248310029719587,-0.0913622062174521,-1.3888684065923,-0.951202378562316,-0.394008843972142,-1.58352531523914,-1.0002125522811,-0.392446673750327,-0.286904425214791,-0.744365214371393,1.08108332385982,-0.01206212920031,-0.8651184939892,0.678929691805134,-1.00327058516075,-1.18769663882401,0.143988474218959,-0.407153610755056,-0.10077320755709,0.341481750221874,-0.965539767392024,-0.20888346424473,-1.12168480637209,-1.62694770498715,0.568425864029928,-0.319074498087268,-0.433845179637909,-0.651338533289799,-0.433845179637909,-0.230075729421995,0.304440963286713,-0.533447461928133,0.299837597034825,-0.305555362163633,0.108666922041517,1.34299379268217,-0.803145557548822,-0.497077863665163,0.194009440828534,-0.296225771543798,2.09173955371781,-0.873853487050458,1.66427891900851,-0.241958561604024,0.23524876409128,-0.696638653067897,0.0643142022027552,-0.574978601284565,3.44356371978626,-1.16915473049179,0.530234322887664,0.682832724400303,-0.817460640601083,-0.64471119872407,-2.82665837102267,0.682832724400303,-0.149937701058835,-0.496562007079367,-0.696016939253532,0.406559606588398,-0.244176455639738,1.70894549456608,-0.0317506535508209,-0.15467191155846,0.1226841919104,-1.29550079100987,2.23785199287081,-0.862800033163321,0.394604191085821,-1.23321624918318,-0.167221968720685,-0.519933227992503,1.17800805584479,-0.314189707384816,-0.659673664119051,-0.64471119872407,1.89346741148843,0.704377017088742,-0.786206461289495,-0.928088305474204,0.610792616575132,0.114002523928599,-0.963629592544147,-0.608816497610759,-0.432151904040676
comm.and.crime_point_0131,comm.and.crime,regression,0.23,0.00510514609943215,anomaly,-0.041686138071928,-1.56383453476745,-0.296225771543798,-0.509387064235377,3.15800429275553,-2.18700818576902,-0.687872404062027,-0.576459764357761,0.101693177953087,-0.653833281538438,-0.397969848981704,0.875268979868092,-0.499564470154296,-1.56531543697313,-1.2949949059155,-1.73937749511611,0.286272032020273,-1.04277217999017,1.03022712427771,2.08079782174174,0.0641681588164208,-1.28962587051052,-0.890859043653398,-0.257216700834412,-0.822282657197971,-0.749538645679329,0.243808994474351,1.33122325340476,-0.043039574199713,2.39403864705492,1.05077351431383,0.773648615506715,-0.342626081484969,2.45568705458425,-1.78740340130023,-0.42682878901808,0.50954497553961,-0.106693378680418,0.368566888169896,0.870086402743895,0.0316160787569558,0.756022567213671,0.848156722611144,0.0145655943380156,-2.03448587895824,-2.03852624696021,-2.44129703374892,-2.05153702408025,0.525175431526179,-0.152304562810898,0.0341040200315418,2.60932884078986,-0.34476848053886,-0.457398031009934,-0.951156139549743,-1.33538393159564,-1.63039964026935,-0.726761076765874,-0.770634624582392,-0.78049817719312,-0.778795714500358,0.855547772725906,-0.594343123662683,0.0630429388836828,-0.0623499430471371,-0.366268385707879,-0.851221389523392,0.348137302479556,-0.216136897235549,-0.0774626830755764,-0.203964654594325,0.726172755495118,-0.178217714801685,-1.02847344562641,0.00709456412135369,0.484324228857062,1.30520508099459,-0.491156386462159,1.01101337594292,1.48787340234087,-0.912061542959443,-0.878848277811454,-0.803145557548822,-1.57931373423144,-1.49302560606011,-1.26049841310347,-1.28442699106498,0.648228546406218,-0.0520855978833183,1.84940599984173,-0.286904425214791,-0.226875569169311,-0.889317488918297,1.13106240044617,0.90955648980559,1.01523190618138,0.597667758583312,-0.230503261067549,-0.555677486507623,-0.487590987704104,-0.391348688885798,-1.23334030181239,0.111080258000336,-0.296225771543798,0.922333791906255,-0.00859578069383644,-1.3888684065923,-2.66312626945821,-0.34476848053886,1.51894076268393,0.703657382637049,-0.0468999429701671,2.09891625254177,-0.579261189746669,1.00377984962083,0.724531534978455,1.44703005245787,0.190658429492517,0.142197893047893,0.530234322887664,-1.59662847435816,-0.391348688885798,-0.413219819433159,1.41394576422294,0.169078085395916,1.32377388217864,0.396950550146819,0.108751861038678,0.569266126325109,0.632481160315823,0.796251323152288,0.221480193470925,1.47828054418402,0.815279974671134,0.52492358070538,-0.970100277440667,-0.532924460232356,0.845289154649251,-0.287410644307502,0.682832724400303,0.682832724400303,0.157602837798,-1.01503934364349,0.351888984044347,-0.294515666436819,0.874849771726638,-0.441792181454227,0.401605753908883,-0.956724101762177,0.749003691009788,-0.286904425214791,1.44046475170877,-0.631940707748796,-0.319107477609904,1.37979165718147,0.521950818259281,0.589949048296531,-0.0466050641145143,0.342031597235068,1.38736017940446,-0.494690868811617,0.69535681818675,1.25808251885979,-0.694834028068417,-1.23967902989064,0.137576952259974,0.0512926106647712,-1.06664341865833,0.425927152326122,-0.866055464123419,-0.199361816374992,-0.34476848053886,2.21793278611951,-0.576459764357761,-0.652615808821794,0.182033724961094,0.91503209899819,-0.629843707397574,0.769634082659194,-0.497077863665163,1.09354876858201,-0.453822940289352,-0.210617258288034,-0.358453625130612,-0.0669263775634199,-0.241958561604024,-1.18068191813137,0.0654240792303436,-0.653776320283739,-0.01206212920031,-0.738257558223326,0.0543650200071232,-0.708705024057152,0.0758327208294768,0.310271871223178,0.424690178217426,-0.40063011407534,0.682832724400303,-0.241958561604024,-0.801801068513758,1.7961795799643,0.940330818808414,0.0792511068324541,-0.53735464792882,-0.499564470154296,0.0413031744765323,-0.533031194213599,0.325122543110906,-1.68278186869654,-0.305555362163633,3.20675843349157,-1.23321624918318,-0.534274058578104,0.875268979868092,0.812099797669774,-0.116905957376842,-1.26292488459756,0.291015006099739,-0.145179466755593,-0.165584803405107,-0.576901296561691,0.511849510519854,1.64841402216834,-0.230075729421995,0.164750488221586,-0.869747200724323,0.173123836996862
comm.and.crime_point_1926,comm.and.crime,regression,0.29,0.0246304654744873,anomaly,-1.38334975138032,1.56802290981872,-0.217427187171022,1.81169517951007,-0.35364645738641,-1.49039933729455,-0.0176229788684652,3.6817581761754,0.874910325096869,0.391000476585978,0.022439077990719,-1.07801411113674,-0.499564470154296,-1.56531543697313,-0.674062310910845,-0.153922844539436,0.923191061634,-1.71666222273864,-0.524905716995868,2.30588439592518,-0.890692353720466,-0.785229419645906,-0.9955116260173,-0.739004709724335,-0.530896195770433,-0.324717903551093,-0.370281702344836,-0.853606712675401,0.0351215468879261,1.38736017940446,2.26937368602299,1.66250252420604,-0.772850518815592,3.04924315626605,-1.15535164718726,-1.36562910836432,0.395556903376489,-0.156964313720294,-0.221904671622559,-0.171235730638567,-0.0253843380978089,0.413497706603062,0.140121215605925,2.53730058162112,-0.252097771813259,-0.342407471398352,-0.704148874918434,0.193811995190487,-1.90644897969834,-2.20661323188597,-0.0579168405136468,0.478394765362422,0.343388026162328,-0.00096140112613429,-0.00294828920368394,-0.0450487366494222,-0.0916995301342629,2.0299115354561,1.97972206921989,1.88066081790389,1.86149816451709,-3.46412515608878,3.68390480163547,2.30146272273588,2.34970664744447,1.99289873405796,1.99825054787388,1.93291573900091,-0.825004765972568,3.8281088199529,0.723527982261056,-1.23321624918318,-0.311139399228302,0.414646167749156,-0.748828535159937,-0.0207952440995638,-0.493873574512357,0.756333805638724,0.269805947192317,-0.111777692699224,-0.421919245194591,-0.446961579774181,-0.505592652644603,-0.485035080363082,-0.441792181454227,-0.414699029235275,-0.394098372368261,1.65117944631393,0.0547099621982618,-0.74673578780763,0.00547415598365529,-0.226875569169311,2.83146520485449,-0.630806040272269,-0.303554212051806,0.117572123049754,0.0931808133963657,-0.413219819433159,0.921486769053237,-0.574906338353587,-0.391348688885798,0.774980869676324,0.928401418342293,-0.296225771543798,-0.759408496192192,-0.660982817851633,0.799837073718665,1.27429867960235,-0.230075729421995,-0.0468999429701671,0.24714434506481,-0.26287797133625,0.352751675137971,0.744132303188673,0.230562702477051,-1.04806557169458,-0.693884128707245,0.675263793938761,0.966027012606508,-0.177731018223659,1.06993325173982,-0.391348688885798,0.226288134846476,-0.595936377798769,0.223072592487436,-1.00841428722264,0.837417660326429,0.338588862534303,-0.255373652746643,-0.777184479464502,0.0781269390163294,0.100102838577144,-0.334146706962114,0.0479899816524777,-0.385406580997984,2.57514295547008,-0.483983670212399,-0.261089604692552,-0.145179466755593,0.682832724400303,0.660351242786569,-0.774106439438939,0.459440106210166,-0.534613396479251,0.108666922041517,-2.37780562097556,-0.250658831525885,-0.590959780665129,2.60932884078986,-0.739844610851231,-0.286904425214791,-0.198157722851353,0.117507306079973,1.06259659023327,-0.578534219371668,-0.681553878925593,2.27688748372189,-0.503041693998314,1.18371487005353,2.39403864705492,-0.0132359495005283,-0.248310029719587,-1.08907433885046,-0.26287797133625,-0.0597367947051054,-1.90265468268201,0.85572211589946,1.28285890313643,-0.121200695287352,-0.705017765998204,-0.433845179637909,0.343388026162328,-0.652304948129686,-0.318385949779994,0.617322065653698,3.3861905832093,-0.00652810323800724,2.21104229271725,-0.505592652644603,-0.708381655201343,0.82897837806628,-0.375024355916575,0.155666779985624,1.08466598824495,-1.352964597874,-0.333979422149212,0.0582574288134486,-0.553751890761977,-0.400332606464976,0.602028567618877,-0.569295082344151,0.690595290266559,0.766222769924772,-1.56531543697313,2.12269912236931,3.27642718339475,-0.301608552567286,0.368091981808023,0.678250043847861,-0.343942476362171,-0.653776320283739,-0.483059080444962,1.69638891919342,0.58579542331863,0.358094193618742,1.46212254823023,0.173123836996862,-0.350137179439416,0.203092646994081,-0.514522113788516,-0.58964979375619,-1.23321624918318,-0.901326148435522,0.484612361667126,-1.38334975138032,1.18516679267579,3.06037552883175,-0.243685682371009,1.08749073869428,-0.67732705075443,-0.943185334835349,0.108666922041517,0.857845332192564,-0.34476848053886,1.19055056164498,-0.391374245016123,0.980158158380245
comm.and.crime_point_1922,comm.and.crime,regression,0.16,0.0626078696213389,anomaly,-1.38334975138032,1.56802290981872,-0.296225771543798,2.17818184957514,0.396031792643891,-1.53137632838129,4.0517485312353,0.670897006101448,0.359432227001014,0.182033724961094,-0.397969848981704,-1.97094352416752,-0.187688592418646,0.682832724400303,0.56780287909846,1.26751925597758,-0.693603398154691,-0.930457172865427,-1.79205099507064,0.865330321151163,-0.174546969317801,0.223563482083323,-0.52457500537974,-0.41781270379772,0.168431311655657,0.221480193470925,-0.626152826019497,-0.362019970307365,-0.277522937462631,-0.275847723670213,-0.355303606889044,-0.460870702131241,-0.82065323407455,0.526629724118384,0.740803615151647,-0.525649875265053,-1.08628803474409,-0.0564224436405426,-0.919734696831824,-0.226042158711328,-0.53838808979069,0.0709728459924523,-0.0777358634726045,2.3432440441378,0.490563939497149,0.33604003882639,0.301568480193953,0.402681671401718,-0.30513534303829,-0.551753470686607,-0.241958561604024,-0.173931992421487,-0.000690227188266011,0.272900576804145,0.613386813521254,0.550490584094985,1.08797055430264,1.09688388208866,1.38733755055479,1.20481091438719,1.56340046849899,-0.951662330145544,0.862081701970731,1.84360413058429,2.19239860893415,2.58269051399943,2.44150173813568,2.5140011657254,0.0375580480715412,1.25614709844634,-1.30536216086009,0.726172755495118,-0.37760024144161,0.569266126325109,0.223072592487436,3.65280092285772,-1.44632698036898,1.53063806280479,-0.14197595766913,0.324490787766255,0.602923741041008,0.33043447669291,0.0895131571638354,0.609243573505277,0.513874568187483,0.874138127135308,0.636808449280568,2.18215345214742,2.08382560374828,-1.00634996657257,-0.286904425214791,-0.226875569169311,1.23066334823131,-0.728687620312182,-2.06807886929893,-2.1265773347793,-0.562652215346664,-0.504578098615964,1.46311366275889,-0.225644935755658,-0.391348688885798,-0.639972682963453,0.283147870703906,-0.296225771543798,-0.611019470771741,0.940330818808414,0.454251997880092,-0.0381763034178386,0.114002523928599,-0.316872478427771,1.33136280929888,0.709023156311124,0.141095362725389,2.34323277381888,-0.091611108832858,0.0351882157167206,0.559333928560141,1.01448754905113,-2.13544731984946,0.23524876409128,0.971171706328788,1.10660237664572,-0.504578098615964,-0.321861540250354,-0.26287797133625,0.460000486104092,1.18000319046612,1.37285536926462,0.363106181557171,-0.173042062415791,-0.256997773580451,0.464234903258489,0.672757321452404,-0.554880727147895,-0.264029226104202,1.04063469047886,0.396950550146819,-0.465974560126219,-0.666693784445925,0.682832724400303,-1.56531543697313,0.376828550089045,-0.66116427567861,0.858461772914973,0.569447023159616,1.21723454990582,-0.537358856418398,0.94751679792459,-0.478351146053977,0.351977477180183,-0.189444898148642,1.71356849746879,0.866955319908742,0.0391120955346223,-0.387478036293313,-0.419922423015838,-1.05012998614479,2.73765837817666,0.490563939497149,-1.10745167520755,1.86881509871555,-0.720143453672756,-0.883183386419734,0.0610890712128745,-0.118733906464382,-0.579261189746669,0.568425864029928,1.60324558338117,-0.121200695287352,-0.651338533289799,-0.433845179637909,-0.34476848053886,-0.217420442940414,-0.619472066787389,-1.1288425117501,3.52550175095922,0.0510694094017551,-0.037992457373652,3.10754976404949,-1.02533734250561,-0.388045418306067,-0.217427187171022,-0.210617258288034,0.620806112517094,-1.15511256398006,-0.333979422149212,-0.531713688779321,-0.267978366150136,0.148795440142343,3.46778515277508,-0.611535701313945,0.494832130186732,1.82817078159176,-1.56531543697313,-1.26049841310347,0.291015006099739,-0.895737921615612,0.682832724400303,-0.241958561604024,-0.59830836089083,-0.315851368525389,1.94856533077955,0.0145655943380156,0.305007905506768,-0.109719622984733,0.38425957503777,-0.886108709818829,-0.26010254976604,0.848260244467189,-1.48970028803797,-0.167826657395328,0.726172755495118,-0.324530007231007,-2.08255970079637,1.23899276554062,-0.590386957395979,0.999267192196847,1.40497477374713,1.08749073869428,-1.08672084863389,-0.733880170107544,1.26061717483676,0.166097728463756,-0.34476848053886,-0.399439552161281,-0.521839596572905,0.929718513293784
comm.and.crime_point_1424,comm.and.crime,regression,0.06,0.091618390402237,nominal,0.812099797669774,0.87205458879957,-0.375024355916575,-1.36452262772054,-0.708757207400764,0.968220127909451,-0.687872404062027,-0.576459764357761,-0.993697780500602,-0.584177697663477,-0.397969848981704,1.6007741279556,-0.499564470154296,-1.56531543697313,-0.674062310910845,-0.864643894797944,-0.791590941172187,0.473480416193885,1.14542214955724,-0.305119864602728,-0.234225751351356,-0.482591549127137,-0.262943549469985,-0.41781270379772,-1.46333287233855,-1.23504806525446,-0.882023949694159,-0.580502966915381,-0.35568405855027,-0.407153610755056,1.37885817592783,1.06993325173982,-0.916258664592466,-1.00672353855961,-0.121085140456948,2.38957216902064,-1.31426417907033,2.35658243827349,-1.13445162766544,0.376828550089045,-0.823390174064514,-0.157377061081287,0.0856569458362924,-1.34383016804519,0.0944776934649314,0.239118965937142,-0.0184324964327153,0.0893771570848711,0.110020044243945,0.30420847476134,-0.333979422149212,-0.608816497610759,-0.34476848053886,-0.229179716068034,-0.240000251790199,-0.491703227207728,-0.912339588872978,-0.684350728885536,-0.686008264773091,-0.696016939253532,-0.736210329354915,0.767391182341933,-0.639856399463727,-0.954420599230953,-0.953762161272296,-1.30993523361422,-1.16782938256753,-0.972511394621568,-0.419092853481222,-0.696638653067897,-0.0880280749874027,0.726172755495118,-0.444061083654919,0.569266126325109,-0.532850506793854,-0.388154860795292,0.141095362725389,-1.86769728809072,0.146271375733883,0.906182095053561,-0.555594417312278,-0.533338919381635,-0.548100210488063,-0.667414856007808,-0.72849220634674,-0.777184479464502,-0.722114179256525,-0.94469347109426,-0.319074498087268,-0.0717389230187961,-0.286904425214791,-0.226875569169311,-0.802787658830557,1.18000319046612,0.578708116571755,0.416792050760294,0.849911231176784,-0.504578098615964,0.478337492384979,-0.574906338353587,-0.391348688885798,0.501118891746045,0.584266192935153,-0.375024355916575,1.31803785969412,-0.00859578069383644,-1.67685596979111,0.36127260445787,-0.34476848053886,0.169078085395916,0.589529123243989,1.46494625559241,2.46931479926379,-0.0278472343569434,0.230562702477051,-0.358722252432842,-0.171709938179167,0.578342721049512,1.40217184060813,-0.295725241742213,0.971171706328788,-0.391348688885798,-0.230503261067549,-0.595936377798769,-1.01880107061754,-0.922036947615181,-2.14797053089092,1.2004776181429,0.46618615394114,1.11579509395479,0.365376692670713,-1.23504806525446,0.0686149044036935,-0.280848586784089,-0.688849968232438,-0.758443965028085,0.299068970106906,-3.08850198967716,1.22972191624619,-0.238908021762804,0.682832724400303,-1.32217072016655,0.223523394233582,-0.914542988132221,-0.00652810323800724,-0.209368692507428,-0.824058881310911,-1.38501220832434,0.217464062248858,2.28748026959951,-0.286904425214791,0.675774263580712,0.652827315957665,-0.728501275489362,-0.14865780744537,-1.04783791719925,1.01168365715287,0.135969587839005,-0.747205579353531,0.730830743980246,-0.976145788122707,0.931273530163335,0.187449566220028,0.817012170494165,-0.531713688779321,0.744132303188673,2.63695887749056,-0.319074498087268,0.113282667975565,-0.543980067872989,-0.433845179637909,-0.34476848053886,2.69630574182771,0.0257124696570293,1.7814317839229,-1.14142236866316,1.26061717483676,1.57973429269174,0.174528272850755,1.03487462497214,-0.864272121234376,-0.217427187171022,0.521950818259281,-0.152293680362675,1.21911184274716,-0.241958561604024,0.412240099369111,-0.744267573836537,-0.738257558223326,-0.01206212920031,-0.696016939253532,1.57152951062578,0.0582574288134486,0.682832724400303,0.99496661054505,-0.199127291665113,-0.994759483123667,0.682832724400303,-0.333979422149212,-0.852674245419489,-0.484813844404564,0.0507121317750543,-0.114805430650861,0.754267934005747,-0.499564470154296,-1.03655979871593,-0.734789774559444,-0.710275698132921,-0.590959780665129,-0.723488865413399,-1.05834216749048,0.726172755495118,-0.167221968720685,-0.18508469810596,1.29997747523646,-0.235276207381626,-0.20723524876017,-0.377360854488696,-0.382231429342107,0.141460545004487,-1.15249049956315,2.06698235179344,1.25312967718045,-0.34476848053886,-0.142989533805432,2.60932884078986,0.526201352602092
comm.and.crime_point_0752,comm.and.crime,regression,0.1,0.205245696274132,nominal,-1.38334975138032,-0.519882053238727,-0.296225771543798,2.30034407293016,0.159291292634322,-0.384020577952752,1.03562611786427,0.197761679375541,-0.54265444466673,0.739278395960782,0.0824974961296363,-2.02675161248195,-0.187688592418646,0.682832724400303,1.57084784025982,1.81422775617643,0.0413031744765323,0.417322912631512,-1.8496485077104,-0.575223753622857,-1.06972869982113,1.23235638381255,0.312645653531477,0.545763313982127,-0.822282657197971,-0.203340548657311,0.243808994474351,-0.0342954753953406,-0.35568405855027,-0.888608530066145,-1.19894987961077,-0.806536111069869,0.0875983558456533,-0.957260530086126,-0.293462891578667,-0.377418245894594,-1.31426417907033,-0.961299274358306,0.314887655461491,1.41815068347151,1.00062316528795,0.641847613676801,0.957085262150409,0.337993156810208,0.837139404775339,0.77218486682801,0.712998307285384,0.715986185718564,0.762407081401742,0.532464993547459,-0.149937701058835,1.21769842418418,-0.230075729421995,-0.594329019975073,-0.477052214376713,-0.144305290106824,-0.194279537476602,-0.302657597962493,-0.220563285821935,-0.062407654706626,-0.0548441670278318,-0.0260181311138255,-0.230236917254329,0.012169761977951,0.0949580954631852,0.813315174175043,0.795140174306145,0.823570833435961,0.139036026194378,-0.315607286918777,-1.42129874046701,0.726172755495118,-0.444061083654919,1.03312600205297,0.169078085395916,-0.939194285838884,-1.7108973708847,0.842367611990508,-0.924361576905879,-0.935840378022907,1.89511707151198,1.62609457080473,1.61978523952839,2.56982616168609,2.23407471754256,1.96159447782299,2.23002808273785,0.0582574288134486,1.81683670354433,-0.487121609042694,-0.286904425214791,-0.226875569169311,0.105775557090704,-0.288220510132573,-1.29609933175331,-1.72761743116525,-0.360857437271886,-0.413219819433159,-0.0140505928019747,-0.181987260430917,-0.391348688885798,-0.594329019975073,0.111080258000336,0.255364319065638,-1.00672353855961,-0.483059080444962,1.43340971275605,0.703657382637049,2.98132130185021,-1.23477909898362,-0.323496951900488,-1.1807845918921,1.72851770581975,0.6889909076497,0.101693177953087,-0.70339391206371,-0.0672751000735523,1.01448754905113,0.239118965937142,-0.295725241742213,-0.510251474836759,-0.391348688885798,0.0435715764808665,-0.504578098615964,0.925001184677206,-0.187829560951817,-0.532924460232356,-0.121085140456948,0.517726140133124,1.19634741622795,-0.400622650407643,-0.0819631937635291,-0.13276590127921,-0.774106439438939,1.55663109730253,0.0352672065190975,1.27788477050604,0.968220127909451,0.897849168625072,0.592906797945366,-1.56531543697313,-0.664493583293417,0.459440106210166,0.415210582653175,-0.409710691716343,0.646593252940519,0.561657905669569,-0.839101164308632,1.47862912729775,0.94751679792459,-0.0919853710824933,0.348049768668688,-0.203684699846642,-1.13789507336882,0.997679291024758,-0.733880170107544,-0.112941966464035,0.135969587839005,0.738117843267285,-1.10745167520755,-1.15122030423583,-0.838101809661048,-0.306688719613709,-0.26287797133625,0.412240099369111,-0.854968167441532,0.0512926106647712,-0.105483377924108,-0.121200695287352,-1.29548932579066,-0.433845179637909,-0.34476848053886,-0.347885794497196,-0.40441055463925,0.141095362725389,-0.444866529913555,-0.294515666436819,0.277661542639106,-0.845653115392282,-0.127296228476849,-0.917186199337522,-0.375024355916575,1.14986631244269,-0.306913638938628,-0.116389386036903,-0.241958561604024,-0.649707912297875,-0.506122969993337,3.44356371978626,0.346157443944216,2.97891691111852,0.494832130186732,1.29719677575826,-1.56531543697313,-1.22022225196689,0.201898224687947,0.391542377989094,-1.56531543697313,-0.333979422149212,-0.242196122550708,-0.611535701313945,1.88925741831066,0.596735206787962,1.70894549456608,-0.343626531286471,-0.203665683067209,-0.280832968781291,-0.350137179439416,-1.08724254795214,-0.0965886105387498,1.84755054966212,0.726172755495118,-0.0623499430471371,-0.352508963049232,-0.651533235030286,0.198748042635917,0.747912516997469,-0.733827980135861,0.992669953659678,-0.319107477609904,-1.04783791719925,2.00938483915367,-1.51386073773478,-0.34476848053886,0.216040491892755,-0.739281849167541,0.0722445468239389
comm.and.crime_point_0210,comm.and.crime,regression,0.15,0.098547979203463,nominal,0.995053926757281,-1.21585037425788,-0.453822940289352,-0.936954845977958,0.238204792637512,-0.0562046492588845,0.509001569497905,-0.533447461928133,3.51673557783812,3.52550175095922,3.98629467515928,-0.18508469810596,-0.499564470154296,-1.56531543697313,-0.8651184939892,0.338114805639531,-0.00769059703221596,0.922740444692865,-0.640100742275393,-1.25048347617318,0.243204504917087,0.576640997688553,-0.262943549469985,-0.257216700834412,-0.530896195770433,-0.506783935891765,-0.421455927079768,0.730395012732716,-0.199361816374992,2.00012098580039,-0.636519031129619,-1.00405920189194,2.76455041034731,-0.0669263775634199,-0.925514645691636,-0.624470961512025,3.18826467137296,-0.810486469238678,1.76422693858843,-1.92504142896692,3.22363942262377,-1.92708884090277,-2.03844957517937,-1.08508811806744,0.589585501005203,0.626803257494137,0.850141582982528,1.08150811908822,-0.779598642789415,0.0188878262786913,-0.333979422149212,-0.478351146053977,-0.34476848053886,2.23557808530448,2.03569858904034,1.8904540557699,1.75474060202785,0.800011446926297,0.583387132366426,0.402239153961105,0.328424299281152,0.41476482080604,-0.412290020458506,-0.750927891608026,-0.901326148435522,-0.779122631666902,-0.534613396479251,-0.497077863665163,-1.02796072221824,-0.458494049224697,0.491654823047211,-1.23321624918318,-0.444061083654919,0.620806112517094,-1.12679008480058,-0.939194285838884,0.141095362725389,1.01443522469408,0.146271375733883,-0.838891826808356,-0.377360854488696,-0.317395570362999,-0.293054863427304,-0.485035080363082,-0.489575518936313,-0.213318223552372,-0.534676575320374,3.0081130167773,-1.17343897873991,-0.798658623560617,-0.286904425214791,-0.226875569169311,-0.110549018128644,-1.07127315045188,-1.40638212283126,-2.8247571661039,-2.58059999609445,-0.413219819433159,-0.506438677988928,-0.70587936432781,-0.391348688885798,0.135969587839005,-0.491156386462159,0.0189685659473083,0.378240698697934,-0.838906555258306,0.569447023159616,1.10310629051276,-0.34476848053886,-0.154888957153209,-0.0952404331143684,-0.478855999702333,-1.34049882416269,-1.84751328714304,0.423866989262996,0.330621066828893,0.298246833296102,-0.293946934953727,1.69293505927587,-1.23967902989064,-0.658393792953314,-0.391348688885798,-0.504578098615964,0.500362972394892,-0.100894450061688,-0.965225617418908,0.690595290266559,0.396048112908209,1.03312600205297,-0.65635599605476,-0.639997445119629,0.100102838577144,0.0283387432671127,-1.10294500787551,0.52492358070538,-0.546787652615503,-0.973391570411965,0.640404199215584,-0.714104176963228,-1.56531543697313,0.682832724400303,0.102796409725239,1.34412777612236,-0.407970199261594,0.857434586358428,0.0759519559752211,-0.72849220634674,-0.0946770133781229,0.173975611729931,0.302349200451482,-0.286904425214791,-0.471261468611373,0.545763313982127,-0.267933252874971,-0.196421853214959,-0.105964675924132,0.168214439440191,0.318544239792525,1.18371487005353,-0.669765384924741,-0.888608530066145,-0.543205919690318,-0.347866910099853,-0.316872478427771,-0.767702135816429,1.2955462585784,0.281129612160397,-1.17343897873991,0.191443789063205,0.475925353586706,-0.35568405855027,-0.34476848053886,-0.0434666408647052,0.842946215819959,0.299837597034825,-1.42004470416301,-0.467308204356106,1.30353704268057,-0.208039747740384,1.51030815592855,0.352751675137971,-0.453822940289352,0.521950818259281,-3.3993128104577,-0.759408496192192,-0.333979422149212,-1.59366170044631,-0.601380811530617,-0.78049817719312,1.01142236549834,2.13410453172265,0.886358450346385,0.353242987609834,0.682832724400303,-1.26049841310347,-0.956619933665339,-0.0540546487971503,-1.56531543697313,0.862291764938238,-0.445688830173635,-0.273610749555595,0.999638731277305,1.5023323817101,2.21436302662743,0.669970071354392,-0.889578484189684,-1.1887465803376,0.370139857947594,0.401605753908883,-0.305555362163633,2.59745834763699,0.726172755495118,0.776626262341248,-0.0734685214771128,0.324222120103087,-0.51147345739279,-0.5591317940393,-0.867503152253548,2.36757133666146,-0.165584803405107,-0.943185334835349,0.68464204843914,-1.46445019461129,1.14623728398038,1.44700058000083,1.91351363248702,-0.835669064732367
comm.and.crime_point_0885,comm.and.crime,regression,0.09,0.39047665592679,nominal,-0.651533235030286,-0.171897892729153,-0.296225771543798,-0.814792622622935,-0.4325599573896,0.722358181389051,-0.592122486177232,-0.576459764357761,-0.156045871094839,-0.0269330266637888,-0.0976777582871161,0.317188096723854,-0.265657561852559,0.682832724400303,-0.626298265141257,-0.0445811444996654,-0.056684368540964,-0.200409626554585,0.223861947321042,-0.440171809112793,0.60127719711842,-0.633910484386522,-0.576901296561691,-0.739004709724335,-0.297787026628403,-0.628161290785547,-1.24024352283868,-1.34519345504344,-0.277522937462631,-0.275847723670213,0.0665195294718176,0.230460115746014,-1.05966681036934,-0.0669263775634199,-0.00616663970913513,0.363739900957701,-1.02929399866253,0.798183452037345,-1.13445162766544,1.1441185431077,-0.65238892350022,1.32689733489802,1.2838708807682,-0.761660555595246,-0.301608552567286,-0.245486398509103,-0.155575772129859,0.141594576137679,1.0589466437462,0.760721512333579,-0.333979422149212,-0.608816497610759,-0.34476848053886,0.455475228757665,1.04008034617698,0.600118860823686,0.0621704808792462,-0.641940381005198,-0.64369508486844,-0.653776320283739,-0.693624944209472,0.811469477533919,-0.503316572060594,-0.750927891608026,-0.7440181099252,-0.779122631666902,-0.407970199261594,-0.866859498853478,-0.216136897235549,-0.553751890761977,0.317749953636827,-1.23321624918318,-0.37760024144161,0.311566195365187,-0.424861492610813,-0.112635148273496,-0.917186199337522,0.283147870703906,-0.0596195766968404,-0.838891826808356,-0.778386370841756,-0.835659608007726,-0.888160673235742,-0.530630024274263,-0.680708868864655,-0.777184479464502,-0.722114179256525,-0.413719465260767,-1.44042787894386,-0.435198773289707,-0.189444898148642,-0.226875569169311,-0.846052573874427,-0.728687620312182,0.137576952259974,-0.231517792612544,-0.259960048234497,-0.413219819433159,-0.211005826876756,-0.618564013678328,-0.391348688885798,0.409831565769285,-1.13640993410055,-0.217427187171022,1.76320493595548,0.110020044243945,1.83659230123439,0.133016085671751,-0.34476848053886,0.385056113761999,-0.209368692507428,0.385056113761999,0.776064299963135,-0.579261189746669,-0.284915395618803,0.0351882157167206,0.141594576137679,-0.730091762955347,-0.10010478917523,-0.826699247575706,-0.510251474836759,-0.391348688885798,-0.139144981884744,-0.504578098615964,-1.61274064862427,-0.61971625898909,1.08212161042621,-1.61502565017851,0.0538662644052637,-0.616079834918179,-0.496372568292438,-0.688849968232438,-0.817460640601083,0.541247834307328,-0.203340548657311,-0.917186199337522,-0.19033893009266,0.59942720812885,0.091872495830922,0.682832724400303,0.682832724400303,-0.774106439438939,-1.60483112358495,-0.407970199261594,-0.58250322963563,0.0759519559752211,0.0360411933666282,-0.193933566835524,-0.695793398648614,1.4437995652116,-0.189444898148642,-0.252778472003357,-0.899600712687643,0.857899691293538,1.42755570295106,-0.105964675924132,-1.14384878811286,-0.320467042044794,-0.301608552567286,-0.976145788122707,0.468218969810561,-0.484226741696171,-0.7596488149613,0.547039635036561,1.17920255223971,1.35068765411737,-0.178544390830854,1.4430522432588,1.36386060537779,0.851679982545541,-0.35568405855027,0.114002523928599,0.304440963286713,0.41282319152368,-0.599701730718649,0.112378141086133,0.396654485240329,-0.590386957395979,0.344558504224595,-0.549903811549208,0.776064299963135,-0.217427187171022,2.09173955371781,0.775426071093047,-0.314241419930838,-0.149937701058835,0.412240099369111,-0.172720524612857,-0.653776320283739,-0.728501275489362,-0.189129511616007,-1.41385868059157,0.0582574288134486,-1.56531543697313,-0.978565285147405,-0.689269589429965,0.0944776934649314,0.682832724400303,-0.333979422149212,-0.750927891608026,0.486720391900693,-0.0679036931627271,-0.696975043100807,-0.705827158615937,-0.499564470154296,0.874197290125252,-0.280832968781291,-0.620241068459545,-0.392446673750327,0.530311644335899,0.675819615326396,0.726172755495118,-0.48183804574133,0.652036626610397,-1.62728859016366,-0.669300457399169,-0.106693378680418,0.647482131746904,-0.477052214376713,1.06259659023327,-0.105964675924132,-0.467308204356106,-0.278597159647621,-0.115382978305131,1.85732060937019,-0.0869550913836323,0.7783995780344
comm.and.crime_point_1908,comm.and.crime,regression,0.41,0.017803582438508,anomaly,-0.468579105942779,1.56802290981872,2.85571760336727,-0.99803595765547,1.57973429269174,-0.916721462080286,-0.544247527234835,-0.576459764357761,-0.284915395618803,-0.166244194413711,-0.217794594564951,0.652036626610397,2.85310121550394,0.682832724400303,-1.05617467706755,-1.13799814489737,-0.203665683067209,-0.818142165740683,0.799837073718665,1.0904168953346,0.243204504917087,-0.986987999991752,-0.681553878925593,-0.524876705773258,-0.647450780341448,-0.446095258444874,-0.779675500224294,-0.416640719459369,3.78685535909461,1.2998229213479,0.582081140579538,0.92179093362327,-0.486034227261844,0.872870783432771,-0.925514645691636,-0.179776073400649,0.50954497553961,0.446286906758215,-0.436621602456179,1.74698925190807,0.658620664159367,1.44107228843489,1.610656499386,-0.438232993123054,-1.98497509820421,-1.94160517407096,-1.70986623003082,-1.79044992881621,0.0507121317750543,0.0759519559752211,3.80695930238427,2.00049053352487,-0.000690227188266011,1.45963581450202,1.2771323087635,1.24528645829679,0.9853905469603,-0.472298989483845,-0.516755545154489,-0.569295082344151,-0.565868788773144,0.767391182341933,-0.548829847861638,-0.0895765918335127,-0.324530007231007,-1.01503934364349,-0.914542988132221,-0.708381655201343,-0.520570831604059,-0.172720524612857,1.12930601088529,-1.23321624918318,3.34420692250366,-0.409993611322597,-0.532850506793854,3.65280092285772,0.881892456169426,-1.3945113531559,0.846300613998343,0.421439338980806,-0.956619933665339,-0.922036947615181,-0.845653115392282,-1.12336429511962,-1.06297556872134,-1.05911760742057,-1.14384878811286,-0.000739682945828393,-1.17343897873991,-0.0717389230187961,4.2936933468942,0.569936205244792,-0.759522743786688,1.08212161042621,0.46842532549381,1.2147118579884,0.749013842139396,1.04851264749172,0.626053917941065,1.38968905125976,-0.183299929784198,0.638049880711185,0.670299999286939,2.0677317596395,-0.808871504665675,-0.779598642789415,0.16626443468128,-0.380561081597017,-0.34476848053886,0.49304512794504,-1.00826650825885,-0.0468999429701671,0.141095362725389,-0.744685376363587,-0.220480633356821,1.2661584286841,-0.432797033443206,1.15986915838501,0.190658429492517,-0.767702135816429,-1.39910538353609,3.7696264931462,-0.413219819433159,-0.413219819433159,-0.532850506793854,2.36030195746809,-0.679746830292226,-0.580759143448198,-0.255373652746643,1.80048983327666,-0.639997445119629,-1.17435938780757,-0.616079834918179,1.69218282383531,-0.628161290785547,-0.652615808821794,-0.973391570411965,-0.752813497733353,0.803028383590466,0.682832724400303,-1.56531543697313,-0.0616228744930443,-0.248310029719587,-0.15468380482628,-1.56166094451159,0.30420847476134,0.131607868330799,-1.08724254795214,-0.782770299686468,0.252720923722782,-0.286904425214791,-0.0889162245473447,0.920487320896512,1.21611926443806,-0.578534219371668,1.20219260362464,-0.253520169416148,-1.27898396480077,-1.2423133868938,-0.407153610755056,2.39403864705492,-0.897080987655194,-0.965539767392024,-0.370866985519292,-0.177731018223659,0.247859743337919,-0.178544390830854,0.161505522279842,-0.199361816374992,-0.275583904330964,-0.043039574199713,-0.230075729421995,-0.608816497610759,-0.533447461928133,2.68097111167637,-1.35038912028805,0.91503209899819,-0.669300457399169,-0.548100210488063,-0.285774072128984,0.82897837806628,-0.217427187171022,-0.419922423015838,0.208486222981217,-0.314241419930838,-0.149937701058835,0.176251652332003,0.113052999998984,-0.273610749555595,-0.984372399164023,1.28929215232677,1.03318082040625,-1.82965014748341,0.682832724400303,0.229719548950016,-0.912061542959443,-0.252097771813259,0.682832724400303,-0.333979422149212,-0.547435183985099,-0.484813844404564,2.48233654299957,-0.1794909431453,-0.930457172865427,-0.343626531286471,0.335265803529022,-0.533031194213599,1.18045152500798,0.451234030637584,-0.862800033163321,-0.636519031129619,2.68556176017342,-0.7440181099252,0.26138000840943,0.507176249190595,-0.550930207394384,-1.06184114443806,-0.600152808018174,0.37633485093474,0.65320279235381,-0.890859043653398,0.454251997880092,2.8836776002555,-0.34476848053886,0.9853905469603,-0.956724101762177,0.47576170751563
comm.and.crime_point_0712,comm.and.crime,regression,0.62,0.0419928777274006,anomaly,0.629145668582266,-0.519882053238727,0.334162903438415,-0.326143729202842,0.63277229265346,-0.138158631432351,-0.592122486177232,-0.576459764357761,0.488301751524978,0.182033724961094,0.382789586824224,0.372996185038278,0.358094193618742,0.682832724400303,-0.960646585528377,-1.08332729487748,-0.938572255698432,-1.04277217999017,0.569447023159616,1.76567661788493,1.13838623542042,-0.93654835490529,-0.838532752471447,-0.953132713675412,-0.472618903484926,-0.688849968232438,0.192634769739419,-0.635123716067385,0.582249394501401,1.08097977620649,0.0665195294718176,0.823029388212234,-0.964061379851424,1.07072281732671,-1.09789239681336,0.709613702822105,0.45255093945805,1.25062186739623,-0.758696998706609,1.19892497118046,0.0316160787569558,1.09854742782428,1.17494234122894,-0.308861968134177,-1.09378104463172,-1.06931551806772,-1.38986525340415,-1.42492799544655,-0.0679036931627271,-0.494689340990077,0.310166601667107,0.695837017957058,-0.34476848053886,0.181613250827385,-0.0503586817209869,-0.392446673750327,-0.55330956317479,-0.641940381005198,-0.686008264773091,-0.696016939253532,-0.693624944209472,0.811469477533919,-0.594343123662683,-0.140449768739244,-0.167221968720685,-0.484226741696171,-0.724578192305735,0.0840075630593312,-0.622048809726895,-0.410865128456057,0.433686533243749,-1.23321624918318,0.287008180691474,-0.152293680362675,-0.478855999702333,1.99968264772694,0.82897837806628,-1.48054515950769,1.09336975691521,0.421439338980806,-0.912061542959443,-0.922036947615181,-0.930668231079202,-1.03217440729726,-1.06297556872134,-1.05911760742057,-0.862692382208638,0.412240099369111,-1.38703009890307,0.0840295842401654,-0.286904425214791,-0.0276726255657857,-0.802787658830557,1.08212161042621,-0.0278472343569434,0.716011978470835,0.597667758583312,-0.139144981884744,0.330621066828893,-0.443933312379363,2.14684617215372,-0.411754368021554,0.111080258000336,-0.0598300184254683,-0.462630445351289,1.11825455621509,-1.15847835603325,-0.837074119169256,2.0637792929153,1.41095174850089,2.529709532926,-0.370866985519292,1.04063469047886,-0.744685376363587,-0.735958731452675,-0.0140505928019747,-0.328362195337591,-0.00318371628598076,-2.28082892918333,0.766222769924772,-0.460870702131241,1.73074865395052,-0.230503261067549,7.62630874865368,-0.910812056434499,-0.749282268400272,-0.532924460232356,-1.15535164718726,0.775426071093047,-0.213318223552372,-0.209122814638054,-0.203340548657311,-0.65635599605476,-1.37697714823931,0.282168870917816,-0.282217262099776,0.886358450346385,-0.465974560126219,0.992669953659678,0.188240128898148,-1.56531543697313,0.486441406234567,-0.366268385707879,0.478532181262003,0.281459459960805,-0.380561081597017,-1.01519223123925,0.0542078168079789,1.0872330726274,1.04677335138199,-0.189444898148642,0.566532765276704,-1.43492072256534,-0.67732705075443,-0.960646585528377,-0.9955116260173,-0.628395377288449,0.409831565769285,0.0449669127109041,-0.844839901037864,-0.363384981726775,-1.30993523361422,1.05219156642907,-0.532850506793854,0.23524876409128,1.68153602735121,-0.00616663970913513,0.375096642443002,-0.35568405855027,2.30101926567248,0.191443789063205,-0.34476848053886,-0.217420442940414,-0.490435159498505,-1.1288425117501,-0.235899778288672,0.627044535799378,-0.590386957395979,-0.675622884018443,2.5140011657254,-0.017646871584048,-0.375024355916575,-0.52457500537974,-0.358453625130612,-0.264778411457355,-0.241958561604024,-1.59366170044631,1.6848073853641,2.80995443523935,0.294983219209284,-0.358091987495182,0.494832130186732,-0.531713688779321,0.682832724400303,-0.495251351508437,-0.199127291665113,-0.153076210305205,-1.56531543697313,-0.241958561604024,-0.59830836089083,-0.44257322543477,0.287943781650617,-1.020402605573,-0.53735464792882,0.0462183158830917,-0.644609626645943,0.980158158380245,-0.26010254976604,0.550490584094985,-0.932455617038282,1.56633512542155,-1.23321624918318,-0.848890135598748,1.15430942144021,1.66588573341148,3.23691779275872,0.0943903614790845,-0.733827980135861,-0.00294828920368394,0.550854342883945,-0.838532752471447,0.396654485240329,1.25312967718045,-0.230075729421995,0.728940528604452,-0.391374245016123,0.727959932947938
comm.and.crime_point_1716,comm.and.crime,regression,0.08,0.331367618888213,nominal,0.0192985716239078,1.22003874930914,-0.375024355916575,0.46791072260481,-0.51147345739279,0.763335172475784,-0.496372568292438,-0.447422857068877,-0.0271763465708762,0.251689308836056,-0.277853012703869,-1.30124646439444,-0.265657561852559,0.682832724400303,-0.196421853214959,1.15817755593781,-0.644609626645943,-0.76198466217831,-1.3888684065923,-0.665258383296233,-0.353583315418467,-0.331272613867753,-0.629227587743642,-0.792536710712104,-0.297787026628403,-0.324717903551093,-0.4726301518147,-0.198157722851353,-0.35568405855027,-0.582228126868179,-0.636519031129619,-0.312728384014686,-0.916258664592466,-0.165852394510387,1.31539611889071,-0.0809549871536759,-0.915305926499407,0.446286906758215,-1.02709316224863,0.486441406234567,-1.10839225833834,0.698935090445236,0.575835373762982,0.467364181799085,0.441053158743122,0.529882184604888,0.987284858679672,-0.328362195337591,-0.245827430569399,0.532464993547459,-0.333979422149212,-0.695793398648614,-0.34476848053886,-0.320467042044794,-0.666693784445925,-0.789472887579932,-0.912339588872978,-0.641940381005198,-0.686008264773091,-0.696016939253532,-0.693624944209472,0.723312887149946,-0.548829847861638,-0.191322945644976,-0.114785955883911,0.636377640192604,0.161924188217862,1.29900436439237,0.189775015255796,-0.267978366150136,-0.493806103611632,0.726172755495118,-0.37760024144161,0.105406250597248,0.43905062085352,-0.847354381664952,-0.917186199337522,0.756333805638724,0.105093185247738,-0.305674795128326,-0.689269589429965,-0.706093598596545,-0.760637999705362,-0.485035080363082,-0.537358856418398,-0.495251351508437,-0.440957773352299,-0.767702135816429,-0.692858958372798,-0.954427130819579,-0.286904425214791,-0.226875569169311,-0.716257828742818,-0.19033893009266,-0.854968167441532,-1.47826749140646,-0.966241771496221,-0.321861540250354,-0.555677486507623,-0.618564013678328,-0.391348688885798,-0.913834660893733,2.00382399773961,-0.453822940289352,-1.45189061482096,-0.127211605631618,0.857434586358428,-0.323496951900488,-0.34476848053886,0.871006677585685,-0.380561081597017,0.115083578304395,0.0352672065190975,2.01238440058504,-0.864828255976639,0.330621066828893,-0.328362195337591,-0.342407471398352,-0.536249617176849,0.530234322887664,-0.0658245204870952,-0.391348688885798,-0.504578098615964,-0.413219819433159,-0.0468999429701671,0.287245806889183,1.18000319046612,0.281129612160397,0.156946236789233,1.35745206077428,0.269626774785918,-0.385406580997984,1.96159447782299,2.8431178133633,-0.506783935891765,-0.282217262099776,0.494832130186732,0.681381190302317,-1.14079770961895,-1.56531543697313,0.682832724400303,-1.15775143594827,-0.95606016564934,-0.534613396479251,-1.04328333075373,-0.323496951900488,0.131607868330799,-0.342818397021626,2.60932884078986,-1.13687082468084,-0.189444898148642,-0.362019970307365,-0.471344704785489,-0.0632363539352424,-0.769590402450023,-0.733880170107544,-1.14384878811286,0.0446822618622457,0.0449669127109041,0.293144453697438,0.774599373008527,-0.366268385707879,-0.430223291072143,-0.478855999702333,0.471237211128387,0.578708116571755,1.31539611889071,-0.319074498087268,-0.199361816374992,0.851679982545541,-0.043039574199713,-0.34476848053886,0.695837017957058,-0.447422857068877,-0.70552988692494,-0.932455617038282,-0.640100742275393,-0.629843707397574,0.514588735598435,2.35552332207326,1.30520508099459,0.885752994047852,0.207993071167575,0.878506043477017,0.229851673277482,0.310166601667107,-0.708705024057152,0.208310841536264,-0.78049817719312,0.909073916028471,-0.611535701313945,1.52258872060582,2.06415922862887,0.682832724400303,-1.05911760742057,-0.555594417312278,-0.153076210305205,0.682832724400303,-0.241958561604024,0.26653564650661,-0.653776320283739,0.525175431526179,-0.244176455639738,1.70894549456608,-0.343626531286471,0.433253346546518,-0.58347083930006,0.415157172784282,0.848260244467189,-1.28073353641309,-1.15208064223734,0.726172755495118,3.60817095552705,-0.798973669564622,-0.468579105942779,2.32941254272204,1.90414402291461,0.023664661864365,-0.0977690742382896,-1.08672084863389,-0.943185334835349,0.281459459960805,-0.278597159647621,0.572773528396057,0.164750488221586,-0.173931992421487,-1.1887465803376
comm.and.crime_point_0951,comm.and.crime,regression,0.27,0.592079578206007,anomaly,-0.224640267159436,-0.171897892729153,-0.453822940289352,0.162505164217251,-0.669300457399169,0.968220127909451,-0.639997445119629,-0.576459764357761,-0.413784920142767,-0.375210946038594,-0.458028267120621,-0.129276609791536,-0.421595500720383,-0.216426540149069,0.520038833328871,0.392785655659416,-0.350646997593453,0.0803778912572774,0.339056972600567,-0.0800332904192877,0.183525722883532,0.47576170751563,0.207993071167575,0.0639753050922037,2.26641383393393,-0.567472613338656,-1.64963732071814,-2.10988394317149,-0.433845179637909,-0.713534013953022,0.0665195294718176,0.0823177976294598,-0.247020650967053,0.229851673277482,0.510966613656022,0.956666418439536,-0.3453655656838,0.345745036678463,-0.436621602456179,-1.21255786402103,-0.253386005516867,-1.07077668937625,-1.16702125886525,0.337993156810208,1.03518252779145,0.869105939717259,0.712998307285384,0.454899090454526,-0.127211605631618,0.760721512333579,-0.333979422149212,-0.565328047091832,-0.34476848053886,-1.00512198687049,-0.192589859272896,-0.69021633412253,-0.912339588872978,-0.684350728885536,-0.60138190496379,-0.653776320283739,-0.65103955906403,0.502921411190013,-0.639856399463727,-0.140449768739244,-0.00991393021036301,0.518419284204312,0.668496977088488,-0.0744702805928035,0.697164905869978,-0.553751890761977,-0.551774393415093,0.726172755495118,-0.444061083654919,0.569266126325109,0.601034142128082,-0.0207952440995638,-0.22930318399663,-1.05037612774876,-0.7596488149613,0.0336451341226025,0.424690178217426,0.373623146496638,0.259543388537675,-0.348250248629537,0.179391205812885,0.189443387813436,0.261933241408267,-0.708705024057152,0.428494422483792,0.55133510601705,-0.286904425214791,-0.226875569169311,-0.672992913698949,0.935299240366342,0.633849512110727,0.616272002567322,0.698565147620701,0.134929855663671,-0.998826763175882,-0.662221689003069,-0.391348688885798,0.318544239792525,0.842367611990508,-0.375024355916575,0.0814626478570313,-0.660982817851633,0.0510694094017551,0.646593252940519,-0.115382978305131,0.169078085395916,0.0188878262786913,-1.12679008480058,-0.0705609496871936,-0.248412816512834,-0.800393493714657,2.79256149276366,-0.485014452496014,-0.00318371628598076,-0.827012835844596,-0.649707912297875,0.724267842801197,1.73074865395052,-0.413219819433159,-0.321861540250354,-1.61274064862427,-0.61971625898909,-0.630806040272269,-2.47691440578711,-0.564613569898551,-0.736908318327921,-0.400622650407643,1.31387638751496,-0.374422868098694,2.56908567299949,-0.81022732312622,-0.864272121234376,0.592713710226646,0.35356526160845,-1.70972241982659,0.682832724400303,0.480499389876695,0.705667118525611,-0.484226741696171,0.22524578682669,-0.755295767554917,0.24714434506481,-0.489575518936313,-0.839101164308632,2.08746743456273,-0.938357717766034,-0.286904425214791,3.29757022287691,0.438699312006588,-0.830849724959226,0.137926467172162,-0.315269840651936,-0.534676575320374,0.911911858641464,-1.73742119443407,-0.538459497839898,1.21228566329134,-0.248310029719587,-1.08907433885046,0.978995691768727,-0.0597367947051054,-0.524119794207697,0.510966613656022,0.588687762606162,0.582249394501401,-1.34916855849906,-0.35568405855027,-0.34476848053886,1.60909447885453,-0.576459764357761,1.25229100289144,3.52550175095922,-0.179320641157294,0.00146429262794278,-0.803145557548822,0.348137302479556,-0.917186199337522,0.0977671503200851,-0.9955116260173,0.878506043477017,-1.352964597874,-0.333979422149212,0.589231434646941,-0.220349445381496,-0.273610749555595,-0.523804376549633,1.33153277129657,1.81623346072556,-1.12168480637209,0.682832724400303,-1.09939376855715,0.112781443276156,0.193499254972986,0.682832724400303,8.59204405073407,-0.954420599230953,0.402239153961105,-0.30513534303829,-0.1794909431453,0.417322912631512,0.825908010222217,-0.301653226084705,-0.835669064732367,0.775295691477787,-0.69021633412253,-0.723488865413399,-1.38642682910448,0.726172755495118,2.71675873730189,0.205571920095007,0.56816095888643,-0.669300457399169,0.194932231558836,-0.822944761547652,-0.0977690742382896,-1.34259197230855,-0.315269840651936,2.06698235179344,0.166097728463756,-0.230075729421995,0.164750488221586,2.18096542220705e-05,0.274003127169785
comm.and.crime_point_0528,comm.and.crime,regression,0.07,0.195424757332171,nominal,0.446191539494759,-0.867866213748302,-0.453822940289352,-0.692630399267912,-0.669300457399169,0.927243136822718,-0.544247527234835,-0.533447461928133,-0.091611108832858,-0.0965886105387498,-0.0976777582871161,0.707844714924821,-0.499564470154296,-1.56531543697313,-0.817354448219611,-1.35668154497691,-0.644609626645943,-0.593512151491192,0.68464204843914,1.67564198821155,0.959349889319753,-0.633910484386522,-0.733880170107544,-0.899600712687643,0.984313403652762,-0.870916000573111,-1.24024352283868,-1.29057270589143,-0.277522937462631,0.555756227867123,-0.0740881826484698,0.526744751979124,-0.868455949333508,1.66427891900851,-1.09789239681336,1.00607696156302,-0.288371529602239,1.0998090622766,-0.758696998706609,0.705667118525611,-0.196385588662103,0.698935090445236,0.739228183071879,-0.244176455639738,-0.846227140861585,-0.536249617176849,-1.20700755247463,-0.746101547760053,-1.13544611760276,-1.35065128643802,-0.241958561604024,-0.391374245016123,-0.34476848053886,-0.776903671928593,-1.04597692458435,-0.590959780665129,0.113460484550416,-0.641940381005198,-0.686008264773091,-0.611535701313945,-0.523283403627701,0.546999706382,-0.45780329625955,-0.0895765918335127,-0.219657981557459,-0.484226741696171,-0.407970199261594,-0.232948124244939,-0.723526787849732,-0.506122969993337,0.0279085046195201,0.726172755495118,-0.37760024144161,0.260026209173202,-0.748828535159937,-0.52591471705619,0.194009440828534,-1.78166348173893,0.55805328059533,0.130593685337154,-0.689269589429965,-0.706093598596545,-0.760637999705362,-0.667414856007808,-0.72849220634674,-0.777184479464502,-0.722114179256525,0.530234322887664,-1.33363231886228,0.18787525574614,-0.286904425214791,-0.226875569169311,-0.629727998655079,1.57152951062578,0.0272941611820292,0.915491930277863,1.05170600925156,-0.504578098615964,0.281382258310197,-0.181987260430917,-0.391348688885798,0.135969587839005,1.10046903104586,-0.375024355916575,-1.05618654703309,-1.60990941735388,-0.870490792834442,0.874849771726638,-0.230075729421995,-0.478855999702333,-0.837074119169256,-1.1807845918921,0.881892456169426,1.07498067642251,0.488301751524978,0.182904641272807,1.08150811908822,-0.681631226510723,-0.342407471398352,0.0582574288134486,-0.0658245204870952,3.64479723768524,0.0435715764808665,0.134929855663671,-1.50475163444123,-0.274206900559272,0.0543650200071232,0.338588862534303,0.00232627821327909,-0.857736801737663,-0.209122814638054,3.01315935602791,1.47828054418402,1.30853782732598,-0.506783935891765,-0.176389105893484,-1.02233236043192,0.35356526160845,-1.09338731710165,0.682832724400303,0.682832724400303,0.979699258889417,-0.366268385707879,0.351888984044347,-0.870490792834442,0.760721512333579,1.08727461797251,-0.0450487366494222,0.739325468475985,-1.73241014542524,-0.286904425214791,3.35219097202891,-0.739004709724335,0.0391120955346223,0.663330970637638,-0.890859043653398,2.83920029553034,0.501118891746045,0.143988474218959,-0.232079094641932,-0.275847723670213,-0.0123933177430025,1.13454794740136,1.57293526977546,-0.118733906464382,-1.57180630944818,-0.178544390830854,-0.265676718046478,-0.433845179637909,-0.597659300581394,-0.35568405855027,-0.34476848053886,-0.695793398648614,-0.576459764357761,0.352751675137971,0.0427225572111723,0.108666922041517,-0.669300457399169,0.174528272850755,-0.0744702805928035,0.564407987550553,-0.296225771543798,-0.838532752471447,0.00232627821327909,-1.05618654703309,-0.241958561604024,-0.767702135816429,0.160681920767624,-0.611535701313945,0.294983219209284,-0.0201670357368324,-0.288220510132573,-0.118733906464382,0.682832724400303,-0.535527512645018,-0.689269589429965,0.886650185529367,0.682832724400303,-0.241958561604024,-0.801801068513758,-0.569295082344151,-0.720290730320524,0.984848281754593,1.42815797675422,-0.499564470154296,-0.105678140049712,-1.03742764507821,-0.305119864602728,-1.98055152906875,1.29652306696047,-0.870865217996765,-1.23321624918318,-1.26837823829294,0.372996185038278,-1.38334975138032,-0.590386957395979,-0.106693378680418,-0.822944761547652,-1.37784967220547,-0.626152826019497,-0.315269840651936,-0.755295767554917,-1.51386073773478,-0.34476848053886,-0.50201955950362,0.521883215881349,-0.633910484386522
comm.and.crime_point_0898,comm.and.crime,regression,0.22,0.150327808924626,anomaly,-1.20039562229281,-0.171897892729153,-0.138628602798245,-0.692630399267912,-0.314189707384816,0.47649623486865,-0.44849760935004,-0.361398252209622,-0.607089206928712,0.0427225572111723,-0.217794594564951,0.484612361667126,-0.0317506535508209,0.682832724400303,-0.339713990523725,-0.481947944658748,-0.595615855137194,0.0803778912572774,0.454251997880092,0.46017448762097,0.660955979151975,-0.179953678608368,-0.105964675924132,-0.203684699846642,-0.181232442057388,-0.0212745163166381,1.06259659023327,-0.362019970307365,-0.121200695287352,0.0305326795277526,0.582081140579538,0.526744751979124,-0.533836942520802,0.427703707171417,-0.121085140456948,0.363739900957701,-0.00340134919443606,0.345745036678463,-0.543980067872989,0.541247834307328,0.0316160787569558,0.641847613676801,0.630299643532615,-0.56760401811193,-0.598673237091449,-0.536249617176849,-0.704148874918434,-0.693884128707245,0.110020044243945,-0.152304562810898,-0.149937701058835,0.0869987106920766,-0.230075729421995,-1.00512198687049,-0.951156139549743,-0.839101164308632,-0.963629592544147,-0.641940381005198,-0.60138190496379,-0.527054463374357,-0.523283403627701,0.238451640038094,-0.412290020458506,-0.547435183985099,-0.534274058578104,-0.543205919690318,-0.534613396479251,-0.232948124244939,-0.672787798788313,-0.458494049224697,0.433686533243749,-1.23321624918318,0.0211648118382402,-0.409993611322597,-0.694834028068417,-0.479994764969224,0.987720612375717,-1.86769728809072,-0.183154148155274,-0.25720051952105,0.201898224687947,0.157679797478001,0.0895131571638354,-0.16587047298481,0.0838245308487138,0.0686149044036935,0.121355038456154,0.176251652332003,0.962472222891692,0.655180777523025,-0.189444898148642,-0.0276726255657857,-0.370138508391861,0.152246600047036,0.137576952259974,0.666141990519079,0.0931808133963657,0.134929855663671,-0.604916295026319,-0.487590987704104,-0.391348688885798,-0.183536053079654,0.928401418342293,-0.296225771543798,0.576092732591868,0.643791256463961,-0.524905716995868,-1.35065128643802,1.49031553733097,1.35695724140937,-0.0381763034178386,-0.0468999429701671,2.20474440874806,0.358142534415864,-0.091611108832858,-0.06328940132067,-1.0594060620769,-0.633170690066098,1.06294808549576,-1.12168480637209,-0.905297656480906,-0.391348688885798,-0.321861540250354,-0.321861540250354,1.78891329814154,-0.61971625898909,0.494832130186732,-0.638218393822105,-0.873853487050458,1.07551893281821,-0.44849760935004,-0.385406580997984,-0.857736801737663,-1.26736429209379,0.160791516024035,0.564407987550553,1.13106240044617,0.47649623486865,-0.240000251790199,0.682832724400303,0.682832724400303,0.322022122016284,1.04923188615163,-0.724578192305735,0.16626443468128,0.703657382637049,-0.776275543828826,0.15346437026538,1.5656060283356,0.302349200451482,-0.286904425214791,-0.416640719459369,-0.578408706761027,-0.0632363539352424,0.56780287909846,0.783582274169036,-0.112941966464035,2.78330204116504,-0.301608552567286,-0.757302642981302,1.47489743746102,-0.0713724957371486,-0.594936053016721,0.871006677585685,0.589231434646941,1.51611184073429,0.453507363282115,-0.0520855978833183,0.191443789063205,1.01271768067076,-0.433845179637909,0.228695275045463,2.56584039027093,0.0687247720866572,0.0352672065190975,-0.584177697663477,0.454251997880092,-0.669300457399169,-0.718130441861903,-0.444251915781118,1.51686139340717,-0.138628602798245,-0.838532752471447,0.0538662644052637,-1.45189061482096,-0.333979422149212,-0.767702135816429,-0.744267573836537,2.38754824554141,-0.0632363539352424,-0.696016939253532,1.27788477050604,3.0081130167773,0.682832724400303,-0.0522135790060488,-0.600152808018174,-0.153076210305205,0.682832724400303,-0.0579168405136468,1.08050647699832,0.359998534991312,1.35548620609065,-0.114805430650861,-1.49203220848915,0.124187285317004,-0.301653226084705,1.98895106010947,-0.215085234929352,1.29491473502549,-1.69866703966285,0.253996478965534,-1.23321624918318,-0.796454122761974,0.428804273352702,1.60490102371564,-0.590386957395979,-1.31319581963744,0.914832475982277,0.613386813521254,-0.984372399164023,-0.786206461289495,0.569447023159616,0.561382073451646,-0.34476848053886,2.11377062772603,-0.782770299686468,0.324442772256246
comm.and.crime_point_0234,comm.and.crime,regression,0.88,0.0461298256841346,anomaly,-1.20039562229281,-1.21585037425788,1.0433501627934,-0.142900394170307,2.05321529271087,-1.90016924816189,-0.0176229788684652,0.41282319152368,0.810475562834887,1.36617865083543,1.22360744076907,-0.240892786420384,1.13778388795787,0.682832724400303,-0.626298265141257,-0.645960494718403,-0.644609626645943,-0.481197144366448,-0.0641256158777693,1.76567661788493,-0.771334789653356,-0.58347083930006,-0.419922423015838,-0.0430886968833349,-0.239509734342896,-0.446095258444874,-0.267933252874971,-0.689744465219389,1.36386060537779,1.12474840523477,0.44147342845925,0.576125524684642,0.326611932140444,1.26857485122064,-0.638218393822105,-0.179776073400649,2.04838394974175,0.044119426439209,0.207529190044681,0.431634978161806,2.65363525407613,0.527672660139931,0.52137110399335,0.143936619326893,-2.77714759026865,-2.76543429362957,-2.34986818328416,-3.04366798608359,-1.25406194254054,-1.35065128643802,2.42664639420644,3.26165559857376,0.458080777279193,1.09448651059498,0.850438776107769,0.749003691009788,0.677650524933283,0.587959707524607,0.371821232843173,0.275517297051724,0.200668143844824,-0.599035968609651,0.452462219761333,0.571774707941,0.0949580954631852,-0.66116427567861,-0.281327002043937,-0.180122176360894,-2.19495747063086,0.160681920767624,1.53508403950952,-1.23321624918318,1.2839208138911,-0.513073583706566,-2.206680226631,2.64256197694447,-0.176389105893484,-1.78166348173893,0.763944233026054,0.179067960944429,0.335573396805634,0.416811816300365,0.429573619911515,0.0165093026599163,0.322741218259141,0.310271871223178,0.355652043376342,1.23819966399899,0.748881102728531,1.38210047806485,7.41239821301095,0.17153031803774,0.105775557090704,-0.386102090172486,-0.524119794207697,0.0178321471462401,-0.915793076977527,-0.139144981884744,1.70930770535236,1.60797742788347,0.940163369364442,-0.0466050641145143,-0.405122580110374,-0.217427187171022,-1.25403858092703,0.110020044243945,0.454251997880092,0.475400863850929,0.572773528396057,-0.100894450061688,-0.665881730079667,-0.154888957153209,-0.123475027790339,0.6889909076497,0.0372584156911057,0.576815109422369,0.611551347612948,0.0937373566032682,0.917566476161884,-0.826699247575706,0.477363979273606,2.43811443489596,0.500362972394892,-0.139144981884744,1.62692977686698,0.805509844533911,-0.679746830292226,-0.00616663970913513,0.363106181557171,1.47828054418402,-0.687872404062027,0.585612258152271,-1.13966992969373,0.431634978161806,-0.81022732312622,1.99308809633548,-2.14797053089092,0.845289154649251,-0.334821036824805,0.682832724400303,0.6153882795591,-0.500074299075133,-0.484226741696171,0.541853779870831,-0.294515666436819,-0.665881730079667,-1.15854224368551,0.897888521195889,1.21769842418418,-0.392446673750327,-0.286904425214791,3.13370797542089,-0.524876705773258,2.59782333228124,1.33202761141188,1.77778180662611,-0.8158329812246,0.272900576804145,-1.2423133868938,-0.801071272009583,-0.538459497839898,-1.30993523361422,-0.84200519593359,0.871006677585685,0.707225658165495,1.01983928088354,-0.810596144943824,1.65664336342196,0.113282667975565,-0.221904671622559,-0.35568405855027,-0.230075729421995,-0.347885794497196,3.6817581761754,0.0881812846222431,0.878589563710704,-1.10088084339349,-0.708757207400764,-0.165532189896924,0.242485406711466,-0.970100277440667,-0.296225771543798,-0.210617258288034,0.672346098709078,-0.0669263775634199,0.310166601667107,0.530234322887664,0.970373573834504,1.66945772305492,2.23960375913671,-0.696016939253532,1.57152951062578,-1.77065303572414,0.120795684056945,-0.495251351508437,1.80600029010019,0.441053158743122,0.682832724400303,-0.241958561604024,-0.343942476362171,-0.611535701313945,-0.483059080444962,0.467364181799085,1.09121295537998,-0.265657561852559,-0.252659454575957,0.223563482083323,-0.98037958715305,-0.789472887579932,-0.723488865413399,-0.449042081635903,-1.23321624918318,-0.796454122761974,-0.408317051363656,-1.20039562229281,-0.669300457399169,1.65278934771523,1.09306603880586,0.518566028486648,-0.01206212920031,1.51615035071635,0.16626443468128,-0.723292047758998,-0.230075729421995,0.216040491892755,-0.173931992421487,-0.482591549127137
comm.and.crime_point_0452,comm.and.crime,regression,0.05,0.144255428323126,nominal,1.60490102371564,-0.867866213748302,-0.138628602798245,-0.753711510945423,-0.708757207400764,0.804312163562517,-0.0176229788684652,-0.533447461928133,-0.671523969190694,-0.79314444928836,-0.698261939676291,1.15430942144021,-0.499564470154296,-1.56531543697313,-0.721826356680434,-0.809973044778059,-0.889578484189684,1.09121295537998,1.26061717483676,0.280105228274217,0.481919633051309,-0.633910484386522,-0.576901296561691,-0.685472708736566,-0.589173488055941,-0.446095258444874,-1.39376619704348,-1.07208970928342,-0.199361816374992,-0.144541836585371,0.582081140579538,0.279840888451533,-0.677245088297676,-0.0669263775634199,-0.580759143448198,2.24134053965018,-0.288371529602239,1.70306028275511,-0.705017765998204,-0.445267871002372,-0.424387256081161,-0.899514259070941,-0.731307100708191,-0.438232993123054,0.441053158743122,0.626803257494137,0.347282905426335,0.559333928560141,1.0589466437462,0.874849771726638,-0.241958561604024,-0.608816497610759,-0.230075729421995,2.32686541128124,1.60900505638462,1.04677335138199,1.65216059468551,-0.0906058585608025,-0.262876465726585,-0.400332606464976,-0.352941863045931,0.546999706382,-0.230236917254329,-0.394815653267903,-0.48183804574133,-0.720143453672756,-0.534613396479251,-0.972511394621568,0.392730971501469,-0.553751890761977,-0.203964654594325,0.726172755495118,-0.311139399228302,0.672346098709078,0.223072592487436,-0.479994764969224,0.934806534272571,-1.13640993410055,-0.347866910099853,-0.548046173164703,-0.822944761547652,-0.878848277811454,-0.888160673235742,-0.986579463386079,-1.11075890620342,-1.13966992969373,-1.1907081890969,-0.94469347109426,-1.38703009890307,-0.487121609042694,-0.286904425214791,-0.226875569169311,-0.586463083611209,1.37576635054595,0.854415094266617,0.965361918229619,0.849911231176784,-0.230503261067549,-0.211005826876756,-0.487590987704104,-0.391348688885798,-1.05076564985887,1.444604256453,1.12214874716618,-0.660482479245224,-0.720290730320524,-0.524905716995868,-0.437625211293547,-0.34476848053886,-1.23477909898362,-2.37780562097556,0.331061606670478,0.458579831344262,1.2955462585784,-0.413784920142767,-0.752632720582405,-1.00718864302409,1.64447452283125,-0.681631226510723,0.176251652332003,-0.510251474836759,-0.391348688885798,0.774437809943307,-0.413219819433159,1.51894076268393,-0.835659608007726,1.03318082040625,-0.121085140456948,0.105406250597248,0.43110035463292,-0.352747691465246,0.221480193470925,-0.293870545825533,-1.21255786402103,4.04486687262505,-0.017646871584048,-0.435042880192443,-1.36746836403435,0.281514065900134,0.30064753696682,0.682832724400303,1.41815068347151,-1.42789358960251,0.858461772914973,0.91503209899819,-0.437625211293547,0.322741218259141,-1.33538393159564,-0.521839596572905,-0.839101164308632,0.980069426645142,-1.50905570249945,-0.578408706761027,-0.779675500224294,-0.674062310910845,-0.838532752471447,2.88605969651438,-1.23334030181239,-0.252097771813259,-0.62599675589646,-0.932377159094426,0.990252708157481,-0.224332338641419,-0.586845013885375,-0.000739682945828393,0.799273698727645,-0.580759143448198,1.17606334305485,-0.199361816374992,0.422246120878301,-0.35568405855027,-0.34476848053886,1.5656060283356,-0.533447461928133,-0.493873574512357,-0.723488865413399,0.569447023159616,1.14571004267419,-0.760637999705362,-0.0744702805928035,-1.07592843364696,-0.375024355916575,-0.52457500537974,1.03312600205297,-1.10564955550658,-0.241958561604024,0.294245875850557,-0.0298337623069365,-0.062407654706626,-0.4726301518147,-0.400332606464976,-0.0435165600327901,-1.65265881220558,0.682832724400303,0.793585804862147,-0.867503152253548,-0.598673237091449,-1.56531543697313,-0.333979422149212,-0.750927891608026,0.0220735832329614,0.821714993870633,-0.761660555595246,-1.09892968355255,-0.499564470154296,-0.350646997593453,-0.886108709818829,-0.125050605255976,-0.888729441037333,-0.862800033163321,-0.636519031129619,-1.23321624918318,-0.796454122761974,0.0939557434661589,-1.44433446107615,0.751142542658244,-0.810486469238678,-1.00117832437123,-0.808924961997834,-0.984372399164023,-0.786206461289495,-1.15847835603325,1.15430859093348,-0.230075729421995,-0.296859544818942,0.173975611729931,1.88807176993655
comm.and.crime_point_1890,comm.and.crime,regression,0.1,0.432512196353402,nominal,1.17800805584479,1.56802290981872,-0.375024355916575,0.956559616024903,-0.235276207381626,-0.547928542299685,-0.687872404062027,2.00427838141991,1.51925794771669,0.59996722821086,0.623023259379894,-0.240892786420384,-0.499564470154296,-1.56531543697313,-0.769590402450023,-0.372606244618977,3.47086718008891,-0.76198466217831,0.16626443468128,0.280105228274217,-2.02458921235802,-0.886108709818829,-0.786206461289495,-0.631940707748796,-0.880559949483478,-0.14265187121042,1.42081616337779,-0.798985963523397,-0.277522937462631,0.905905260093369,1.28511970118097,1.16869479715086,-0.772850518815592,0.32877769022445,-0.523299893074292,-1.76091345335221,0.338562867294928,0.446286906758215,-0.758696998706609,-0.500074299075133,-0.481387672935926,-0.842426782302506,-0.676842830938559,1.17890481923791,0.540074720251176,0.239118965937142,0.210139629729191,0.715986185718564,-0.36444325550718,-0.722945859776196,-0.333979422149212,-0.565328047091832,-0.34476848053886,-0.959478323882113,-0.90374574703244,-1.03761427122343,-1.01491959621532,-0.684350728885536,-0.64369508486844,-0.653776320283739,-0.608454173918587,-1.26021039648945,0.452462219761333,0.927886946281123,0.986370313688344,0.931273530163335,0.60517537847966,1.24617841650832,0.443469960562887,1.01800249460314,-0.145996364790864,0.726172755495118,-0.311139399228302,-1.18309340420237,0.655028649219603,0.438404276770096,1.14646284668515,0.283147870703906,2.04046813809654,0.712284992624459,-1.00117832437123,-0.922036947615181,-0.845653115392282,-1.07776935120844,-1.06297556872134,-1.01884144628399,-1.09698938712883,0.530234322887664,-0.532665618250428,-0.0198160872658089,-0.286904425214791,-0.226875569169311,-0.54319816856734,1.22894398048608,0.0272941611820292,0.416792050760294,1.25350078732634,-0.321861540250354,-0.555677486507623,-0.618564013678328,-0.391348688885798,0.592406217722805,-1.9537310944425,-0.453822940289352,0.229851673277482,2.12648906818623,0.972629611637952,-1.00826650825885,-0.230075729421995,-0.20888346424473,0.24714434506481,0.547039635036561,-0.123475027790339,0.358142534415864,0.488301751524978,2.98951672683844,1.02929070003541,-0.342407471398352,-1.21469712740159,-1.06268769461281,-0.0658245204870952,-0.391348688885798,-0.504578098615964,0.409004693212087,0.547039635036561,-0.662904928792817,1.57152951062578,1.31539611889071,-0.358453625130612,-0.374422868098694,-0.639997445119629,-0.0819631937635291,1.11579509395479,0.596054262380089,-0.264029226104202,-1.23467066795639,1.08212161042621,0.763335172475784,-0.571872999411319,0.682832724400303,-1.56531543697313,0.212409265870761,-0.838101809661048,0.731818575697316,-1.21607586867302,0.36127260445787,1.70845800523962,1.4437995652116,-0.739281849167541,-0.0450487366494222,-0.286904425214791,-0.798985963523397,-0.524876705773258,-0.165584803405107,-0.769590402450023,-0.315269840651936,1.01168365715287,0.592406217722805,0.490563939497149,-0.363384981726775,-1.01991441715099,-0.66116427567861,-0.7596488149613,0.49304512794504,0.766222769924772,1.13012207196148,0.568425864029928,-0.959847858576748,0.582249394501401,-0.114546206205749,-0.35568405855027,-0.230075729421995,-1.0002125522811,-0.232361344920738,-0.388045418306067,0.59996722821086,-1.50406343187183,2.80289354274117,-0.293054863427304,1.4574822080445,-0.440959496409212,-0.375024355916575,-0.733880170107544,0.414646167749156,-0.907797521612643,-0.333979422149212,0.589231434646941,-0.601380811530617,-0.569295082344151,0.0902863202695546,-0.738257558223326,-0.630806040272269,-0.649707912297875,0.682832724400303,-0.334146706962114,-0.3328024637828,0.787628624021312,0.210721610511883,0.0341040200315418,-0.59830836089083,-0.358091987495182,0.347251694119508,-0.373547480628615,-0.200409626554585,-0.499564470154296,1.11916614766899,0.1226841919104,0.325122543110906,0.252720923722782,-0.584177697663477,1.05077351431383,0.726172755495118,0.147394108299959,1.09850133312579,1.48293160432397,-0.472016707391195,1.0998090622766,1.98423385292377,-0.761514569480531,-0.779675500224294,-0.52457500537974,1.26061717483676,-0.871523677129457,-0.34476848053886,1.13926055797381,0.869790820032767,1.08103744855317
comm.and.crime_point_0021,comm.and.crime,regression,0.34,0.00607464360994471,anomaly,-1.38334975138032,-1.56383453476745,1.51614166903007,0.46791072260481,-0.51147345739279,-0.179135622519085,1.56225066623064,0.670897006101448,-0.0271763465708762,-0.0965886105387498,-0.337911430842786,-0.575741316306927,1.52762873512743,0.682832724400303,-0.14865780744537,-0.0445811444996654,0.38425957503777,-0.705827158615937,-0.467308204356106,1.45055541402811,-0.234225751351356,-0.280832968781291,-0.315269840651936,-0.257216700834412,-0.356064318913911,-0.203340548657311,-0.779675500224294,-0.471261468611373,1.05121612102724,0.161838566612595,0.113388766845247,0.230460115746014,-0.58163965777976,1.12018582580019,-0.408381392326479,-0.0809549871536759,-0.174383457439118,0.194932231558836,-0.436621602456179,0.760473546598372,-0.481387672935926,1.09854742782428,0.957085262150409,0.726106231776839,-0.0540546487971503,-0.0516442527306052,-0.109861346897478,0.141594576137679,-1.19475403007165,-1.29358715674149,0.402187462212296,-0.13044354190256,1.26093003509725,-0.0466050641145143,0.423745243452043,0.848260244467189,1.08797055430264,0.418318316003255,0.752639851985028,0.951367200568424,1.00979046160824,-0.643114263801638,0.907594977771775,0.826140592469659,0.724190249504474,0.577398462198459,0.288567385435518,1.03487462497214,-0.469831842542641,0.970373573834504,-0.0880280749874027,0.726172755495118,0.486390707331399,0.569266126325109,-0.316872478427771,-0.52591471705619,-1.44632698036898,1.01443522469408,-0.512579672044432,0.179067960944429,0.201898224687947,0.200868467281728,0.174528272850755,0.244484022215825,0.131607868330799,0.108891065540274,0.0744956374721161,0.943214105202603,0.748881102728531,-1.00634996657257,0.882609899578993,0.669537677046554,0.711484367704879,-0.141398140072703,-1.24095793621434,-0.730217672130112,0.395872980508533,0.226288134846476,1.11844200312802,-0.487590987704104,2.77099244945852,-0.685616345951833,0.283147870703906,-0.375024355916575,1.07072281732671,0.228635869181726,-0.985685818113966,1.84493997656764,-0.230075729421995,-0.910812056434499,0.36127260445787,1.51894076268393,-0.599701730718649,-0.965250958519477,-0.091611108832858,-0.309483443914147,-0.954971223971284,-1.11777605451234,1.3537113041635,-1.29867614164992,1.66250252420604,-0.391348688885798,-0.139144981884744,2.87567823114782,0.115083578304395,-0.231018230755544,-0.337161300152529,0.453507363282115,0.00232627821327909,-1.05911760742057,-0.544247527234835,-0.567472613338656,0.632481160315823,1.91140853612636,0.342857548364707,0.723150221859989,-0.239279720112616,-0.015227658172151,2.74685447679989,0.682832724400303,0.682832724400303,0.267215693943522,0.0465858602511433,0.858461772914973,0.972629611637952,-0.608817600383137,-1.54080894354219,-0.293190120292925,0.565371666400276,2.43636509978561,-0.0919853710824933,-0.471261468611373,-0.471344704785489,-1.64963732071814,-1.19946681437632,-1.25714308192706,0.215073840424229,-0.959478323882113,-0.0540546487971503,0.468218969810561,-0.538459497839898,-1.13299769963178,1.95811175712425,-0.26287797133625,-0.472716577020044,-0.799826771902559,0.108751861038678,0.802278882769321,-0.433845179637909,-0.382942369747774,-0.121200695287352,-0.34476848053886,-0.869747200724323,-0.447422857068877,1.51686139340717,0.0427225572111723,-0.870490792834442,-0.629843707397574,-0.548100210488063,-0.444251915781118,0.564407987550553,-0.217427187171022,0.260319362349526,1.13620597443694,0.378240698697934,-0.333979422149212,-1.12168480637209,-0.601380811530617,-0.44257322543477,-0.882023949694159,0.0220735832329614,-1.07127315045188,0.825219881684049,-1.56531543697313,0.229719548950016,-0.243685682371009,1.03518252779145,0.682832724400303,-0.333979422149212,3.72591167609637,1.75393896099451,0.643791256463961,-0.114805430650861,-0.200409626554585,-0.499564470154296,-0.644609626645943,-0.835669064732367,2.12581513657843,0.897888521195889,-0.375210946038594,-0.58964979375619,0.726172755495118,1.61560246772963,-0.129276609791536,-0.224640267159436,0.435488542645486,-0.358048053879797,1.22674121092355,-0.0977690742382896,3.46778515277508,1.20219260362464,0.223861947321042,1.30254022030394,-0.34476848053886,-0.55330956317479,-0.695793398648614,-0.533031194213599
comm.and.crime_point_0118,comm.and.crime,regression,0.05,0.114794282392014,nominal,0.812099797669774,-1.56383453476745,-0.296225771543798,0.406829610927298,-0.629843707397574,0.763335172475784,0.269626774785918,-0.576459764357761,-0.92926301823862,-1.14142236866316,-0.698261939676291,1.21011750975464,-0.187688592418646,0.682832724400303,1.14097142833352,0.11943140555999,0.38425957503777,1.65278799100371,1.08782463691748,-0.935362272316362,1.55613770965531,1.18191673872609,0.888234856532939,0.706359316945435,1.04259069593827,-1.23504806525446,0.704377017088742,0.293429019516684,-0.35568405855027,-0.932377159094426,-0.58964979375619,-0.806536111069869,0.565625508435234,-1.352964597874,-0.00616663970913513,-0.673881504635512,0.737521119865853,-1.16238301451781,1.01271768067076,-1.76062214474864,-0.310386422371632,-1.8129138873659,-1.82059249610084,-0.050119918156423,1.28273643156158,1.20832969482963,1.26157141007396,1.08150811908822,-1.19475403007165,-0.951202378562316,-0.333979422149212,-1.0002125522811,-0.230075729421995,-0.913834660893733,-0.998566532067046,-1.03761427122343,-0.809759581530638,-0.472298989483845,-0.432129185345187,-0.400332606464976,-0.267771092755045,0.0621384592701477,-0.139210365652241,-0.343942476362171,-0.167221968720685,0.282502572227728,0.351888984044347,-1.1309892382737,1.66120569803692,-0.696638653067897,-1.5952036098774,0.726172755495118,-0.444061083654919,1.03312600205297,1.62692977686698,-0.939194285838884,-1.18175658985325,-0.405122580110374,-1.00671795787817,-0.790417551201081,0.736598913158695,0.632755165319001,0.514588735598435,0.974003124794731,0.752791255597911,0.713033482588985,0.730527251248644,0.412240099369111,-0.158881157964898,-0.383275937536719,-0.286904425214791,-0.226875569169311,0.105775557090704,0.984240030386299,1.9021016095071,1.26458184594016,1.20305209280765,-0.321861540250354,-0.211005826876756,0.210931817491753,-0.391348688885798,-0.274823379056414,-1.48054515950769,-0.375024355916575,-0.363704428404322,1.23687038115287,-0.294515666436819,1.84493997656764,-0.115382978305131,-2.04469670535644,0.817785642030109,-1.72072966280731,0.564407987550553,-0.0278472343569434,-0.413784920142767,-0.06328940132067,-0.432797033443206,-1.02085498162309,0.966027012606508,-0.885696359334983,0.625506297390161,-0.391348688885798,-0.504578098615964,-0.413219819433159,-2.85461431172925,-0.792470938203999,0.690595290266559,2.06236637375149,0.105406250597248,1.5185567053206,-0.639997445119629,0.100102838577144,-0.0924897401426294,0.322022122016284,-1.23504806525446,0.617322065653698,-1.21809552051175,-1.49039933729455,1.22972191624619,0.682832724400303,0.682832724400303,-0.774106439438939,1.10821106414577,0.0352809910002048,0.16626443468128,0.36127260445787,-0.29844216900797,-0.144305290106824,0.913279270551694,-0.839101164308632,0.200393210115953,-0.143536973699349,-0.0966206978711041,-0.574978601284565,-1.19946681437632,-0.52457500537974,2.08944987978574,0.501118891746045,1.18371487005353,2.26273275997008,-0.757302642981302,-0.602185097684464,3.02874470976401,1.24896822722633,-0.531713688779321,-1.13067514513639,0.453507363282115,-1.2268367587807,5.50640002302267,-0.543980067872989,0.191443789063205,-0.230075729421995,0.217464062248858,-0.576459764357761,0.776064299963135,-0.862800033163321,0.223861947321042,0.00146429262794278,0.939664314033033,-0.444251915781118,0.194009440828534,-0.138628602798245,0.835908565350987,0.620806112517094,0.872870783432771,-0.333979422149212,-1.53466458868703,0.0654240792303436,0.57120162984028,-0.523804376549633,0.23327667808193,-0.630806040272269,-0.885696359334983,0.682832724400303,-0.575803673781598,-0.377360854488696,-0.747205579353531,0.682832724400303,-0.333979422149212,-0.903547422325221,-0.10464827367642,-1.60990941735388,0.143936619326893,1.37200047319184,1.68356667399525,0.237278260511525,1.33323567398548,-0.665258383296233,-0.789472887579932,-0.235899778288672,0.300865716338963,-1.23321624918318,-0.48183804574133,0.372996185038278,-1.38334975138032,-0.195819457380031,-0.91102833931843,1.6723251179825,-0.571872999411319,-0.779675500224294,-0.472248714197789,-0.121723128517532,1.05548750468651,-0.115382978305131,-2.04071966963871,-0.956724101762177,-0.986987999991752
comm.and.crime_point_0148,comm.and.crime,regression,0.05,0.137633411105648,nominal,0.812099797669774,-1.56383453476745,-0.375024355916575,-0.753711510945423,-0.590386957395979,0.886266145735984,-0.592122486177232,-0.576459764357761,-0.478219682404748,-0.584177697663477,-0.397969848981704,1.37754177469791,-0.499564470154296,-1.56531543697313,-0.960646585528377,-1.57536494505645,-0.889578484189684,-0.593512151491192,1.72139727595486,0.595226432131034,0.183525722883532,-0.886108709818829,-0.681553878925593,-0.899600712687643,-0.880559949483478,-0.628161290785547,3.21191402910042,0.675774263580712,-0.277522937462631,0.42445034078228,0.347734953712392,0.724267842801197,-0.868455949333508,0.477166715644901,-1.15535164718726,0.90725587531605,0.167580759050246,1.55224747763548,-0.919734696831824,-0.116429302565806,0.145616912466485,-0.328639491386592,-0.241128672781501,-0.1794909431453,-0.351119333321313,-0.197025862064479,-0.841292150615578,-1.11162348112971,-0.660982817851633,-0.209368692507428,-0.241958561604024,0.260952512767785,-0.34476848053886,-1.46155861675429,-1.70972241982659,-1.98055152906875,-1.93813966229637,-0.769171424646212,-0.770634624582392,-0.78049817719312,-0.778795714500358,0.723312887149946,-0.639856399463727,-0.29306929945644,-0.429402032904556,-0.720143453672756,-0.281327002043937,-1.07816329038966,0.291252993378632,-0.696638653067897,-0.725679262825477,0.726172755495118,-0.311139399228302,-0.152293680362675,0.0610890712128745,-0.388154860795292,2.25765848685121,-2.12579870714607,-0.224332338641419,1.73024478037724,-1.04573671507713,-1.00841428722264,-0.930668231079202,-1.26014912685317,-1.11075890620342,-1.01884144628399,-1.33128639204901,-0.177731018223659,-1.44042787894386,0.707103613276012,-0.286904425214791,-0.226875569169311,-0.759522743786688,1.86517425074552,1.2955462585784,1.61367176160246,1.35439817636373,-0.504578098615964,0.478337492384979,-0.487590987704104,-0.391348688885798,-0.0466050641145143,-1.3945113531559,-0.217427187171022,-0.611019470771741,0.940330818808414,-1.04328333075373,-0.0952404331143684,-0.115382978305131,0.00709456412135369,0.0759519559752211,-0.532850506793854,0.299837597034825,0.247859743337919,0.423866989262996,0.232143449791502,-2.73036347176675,1.69293505927587,1.01448754905113,-0.177731018223659,0.279840888451533,2.35489493125532,-0.321861540250354,-0.0477867027019386,1.24896822722633,-0.662904928792817,-0.483983670212399,-0.408381392326479,1.18774596062892,-0.0119374178694681,-0.544247527234835,-0.385406580997984,1.03524277168163,0.870086402743895,0.403546225811598,1.14646284668515,-0.630806040272269,-1.44942234620782,-1.70972241982659,0.682832724400303,0.682832724400303,-0.445267871002372,-0.602185097684464,-0.724578192305735,0.396654485240329,0.760721512333579,0.0360411933666282,0.500862307366285,-0.0434666408647052,-1.23612737813824,-0.286904425214791,1.27660250425276,-0.524876705773258,0.499680118149013,0.615566924868049,1.09754002126074,-0.8158329812246,3.1028076820837,-1.58888885217199,0.993442518149931,-1.01991441715099,3.17248229394089,0.434518709136896,1.03299019886025,-0.295725241742213,-1.5166649139092,0.85572211589946,-0.479267838209638,-0.433845179637909,0.261208422753086,0.191443789063205,-0.34476848053886,-0.347885794497196,-0.619472066787389,1.7814317839229,3.52550175095922,-1.3888684065923,2.05321529271087,0.387066062068055,-0.285774072128984,0.723150221859989,-0.217427187171022,0.103340488803673,-0.719233528474505,0.378240698697934,0.0341040200315418,-0.000739682945828393,-0.506122969993337,0.782404724689249,-0.4726301518147,-0.653776320283739,-0.924450780392009,-0.708705024057152,0.637869761172835,-0.173042062415791,2.16246741574736,0.936160966283394,0.480499389876695,-0.241958561604024,-0.343942476362171,-0.78049817719312,1.41479411855954,-0.114805430650861,-0.593512151491192,-0.499564470154296,3.47086718008891,-0.129514033521907,-1.02539690198974,0.252720923722782,-0.514522113788516,0.207127241592105,-1.23321624918318,-0.639146084251652,-1.24543837608001,-0.956456783509466,-0.708757207400764,0.14466129651896,-0.956619933665339,0.613386813521254,-0.114410578670175,1.51615035071635,-0.58250322963563,-0.476239332141566,-0.230075729421995,-0.142989533805432,0.130487161211004,-0.633910484386522
comm.and.crime_point_0775,comm.and.crime,regression,0.24,0.166221376560612,anomaly,0.0192985716239078,-0.519882053238727,-0.296225771543798,-1.12019818101049,-0.274732957383221,0.640404199215584,-0.592122486177232,-0.576459764357761,-0.478219682404748,-0.514522113788516,-0.458028267120621,1.26592559806906,-0.499564470154296,-1.56531543697313,-1.10393872283714,-1.19266899491726,0.237278260511525,-0.425039640804075,1.49100722539581,0.190070598600841,-0.174546969317801,-1.03742764507821,-0.890859043653398,-1.00666471466318,-0.647450780341448,-0.628161290785547,-0.984372399164023,0.23880827036468,-0.199361816374992,0.380681711753999,0.863296564820112,0.773648615506715,-0.964061379851424,1.21911184274716,-0.753136894569917,0.759024245945591,-0.117389421357558,1.5019765425956,-0.812376231415014,0.705667118525611,-0.994391424628807,0.413497706603062,0.575835373762982,-0.891031580584123,-0.00454386804312309,-0.197025862064479,-0.201290197362241,-0.380579614390398,1.47410203102843,0.874849771726638,-0.333979422149212,-0.652304948129686,-0.34476848053886,1.87042878139744,1.3245427012808,1.14602990483939,1.39571057632966,-0.557119685244521,-0.60138190496379,-0.653776320283739,-0.608454173918587,0.811469477533919,-0.548829847861638,-0.547435183985099,-0.586710071414878,-0.95606016564934,-1.16782938256753,-0.602729759433253,0.392730971501469,-0.506122969993337,0.549623112850672,-1.23321624918318,-0.178217714801685,-0.616153556090535,0.43905062085352,-0.250395004534394,0.881892456169426,-0.878308515045191,1.05219156642907,0.372965063373531,-1.04573671507713,-1.00841428722264,-0.973175788922662,-1.12336429511962,-1.15854224368551,-1.17994609083031,-1.05012998614479,0.0582574288134486,-1.06664341865833,0.291720927252114,-0.286904425214791,-0.226875569169311,-0.846052573874427,0.837417660326429,0.247859743337919,0.117572123049754,0.496770369545922,-0.321861540250354,-0.407961060951538,-0.618564013678328,-0.391348688885798,-0.00096140112613429,-0.147021161055019,-0.453822940289352,-0.363704428404322,0.643791256463961,0.511849510519854,0.24714434506481,-0.34476848053886,-2.53064726918012,-0.494689340990077,0.601034142128082,0.0352672065190975,-1.90265468268201,-0.284915395618803,-0.555677486507623,-0.537231871548822,0.723724330383386,-0.487789080732225,0.766222769924772,-0.658393792953314,-0.391348688885798,-0.413219819433159,0.0435715764808665,-0.424861492610813,1.32377388217864,-0.141398140072703,0.0512926106647712,0.826966057285032,-0.334146706962114,-0.639997445119629,0.100102838577144,-0.938289124010825,-0.171235730638567,0.160791516024035,0.564407987550553,1.22894398048608,0.927243136822718,-0.761514569480531,0.435536426649226,-1.56531543697313,-0.33565501485685,-0.543205919690318,0.478532181262003,0.396654485240329,-1.23652302704496,1.08727461797251,-0.0946770133781229,-0.43486269553505,-1.58352531523914,-0.286904425214791,-0.580502966915381,-0.310748701822181,-0.779675500224294,-0.769590402450023,-0.9955116260173,2.74548149356226,-0.503041693998314,0.143988474218959,0.0305326795277526,0.205607195640876,0.164544216239436,-0.430223291072143,0.601034142128082,-1.18068191813137,-1.35124072729229,0.453507363282115,-1.2268367587807,-0.35568405855027,0.100170724627871,-0.35568405855027,-0.34476848053886,-0.695793398648614,-0.447422857068877,0.299837597034825,-0.584177697663477,-0.697698254915155,-0.472016707391195,-0.888160673235742,-0.761207603085388,0.723150221859989,-0.296225771543798,-0.210617258288034,0.723886084901063,1.51588989358806,-0.333979422149212,-0.236728129982936,-0.601380811530617,-0.44257322543477,-0.370281702344836,-0.569295082344151,1.37576635054595,-0.826699247575706,-1.56531543697313,1.80048983327666,-0.511036026606383,-2.3315505634824,-1.56531543697313,-0.333979422149212,-0.445688830173635,2.64099195936017,0.999638731277305,0.596735206787962,-1.15508718711492,-0.343626531286471,-1.18354111324217,-0.785229419645906,-1.11543153166311,-0.888729441037333,-0.444866529913555,-0.964603692743623,0.726172755495118,-0.7440181099252,1.87981456952772,-0.468579105942779,-0.669300457399169,0.446286906758215,-0.689269589429965,0.660797206038557,0.44850589341408,-0.367596131833887,-0.928088305474204,0.413150444081187,-0.34476848053886,-0.655889570517129,-0.608816497610759,-0.533031194213599
comm.and.crime_point_0531,comm.and.crime,regression,0.04,0.0852431536684291,nominal,0.324222120103087,-0.867866213748302,-0.453822940289352,-0.448305952557865,-0.195819457380031,0.35356526160845,0.269626774785918,-0.361398252209622,-1.05813254276258,-0.653833281538438,-0.638203521537374,0.596228538295973,-0.343626531286471,0.682832724400303,1.04544333679435,0.0647605555401046,-0.350646997593453,1.20352796250473,0.627044535799378,-0.575223753622857,0.302883286950643,1.08103744855317,0.992887438896841,0.920487320896512,0.751204234510732,0.706989613046053,0.346157443944216,1.11274025679674,-0.433845179637909,-1.10745167520755,-0.308434369515615,-0.510251474836759,0.517822793176276,-0.907797521612643,0.568425864029928,-0.328007702771107,-0.231377493520679,-1.01157020939818,0.690642284420326,-0.993332151729983,-0.0253843380978089,-0.842426782302506,-0.894699910017088,0.0145655943380156,0.936160966283394,0.869105939717259,1.21585698484158,1.13372553814103,-1.37267776747832,-0.780009989472726,-0.333979422149212,-0.521839596572905,-0.230075729421995,-0.639972682963453,-0.382231429342107,-0.144305290106824,-0.55330956317479,-0.133016206441141,0.0756289735106192,0.23327667808193,0.0303266032630535,-0.202331311881772,-0.230236917254329,-0.191322945644976,-0.219657981557459,-0.248310029719587,0.795140174306145,-1.55359682134606,0.595686927747142,-0.649009732299257,-0.319901234201248,0.726172755495118,-0.444061083654919,0.723886084901063,0.0610890712128745,-0.29631495662136,-1.65798329278156,-0.706240902341621,-1.04789614836431,-1.17821175605928,1.49409155515892,1.32377388217864,1.10969454540687,1.794712115196,1.70845800523962,1.76021367214008,1.71457467191344,1.23819966399899,0.695483322687741,2.3686343573716,-0.286904425214791,-0.226875569169311,0.58168962257327,-0.679746830292226,1.2955462585784,0.865621942326106,0.244526896952449,-0.595936377798769,0.724531534978455,1.78260812918243,-0.391348688885798,-0.639972682963453,-1.22244374045233,0.491760072183968,-1.05618654703309,-2.49952810438724,-1.3888684065923,-1.40771541613455,0.228695275045463,0.49304512794504,-0.323496951900488,-2.69263079045468,-1.1288425117501,1.2955462585784,-0.220480633356821,0.133665832754111,0.559333928560141,0.675263793938761,-0.390868007842976,1.17920255223971,-1.1522015200085,-0.391348688885798,0.683079530760502,-0.504578098615964,1.46494625559241,2.96494333472027,-1.02233236043192,-0.350922141952573,0.569266126325109,-0.69663215719134,-0.687872404062027,1.31387638751496,-0.898012962874244,-0.938525723657223,-1.23504806525446,0.194009440828534,0.641654500246602,0.640404199215584,0.091872495830922,0.682832724400303,0.682832724400303,-0.500074299075133,1.28514859812821,-1.10450778395871,0.281459459960805,-1.40771541613455,-0.776275543828826,0.00457954007927846,2.56584039027093,0.252720923722782,-0.286904425214791,-0.143536973699349,-0.631940707748796,-0.728501275489362,-0.435242082062902,-0.838532752471447,-0.862692382208638,0.455475228757665,0.391542377989094,-0.0570045785288092,-1.01991441715099,-0.720143453672756,-0.14197595766913,1.35695724140937,-0.118733906464382,0.0272941611820292,-1.38518864868289,0.695483322687741,-0.199361816374992,0.798000749837136,-0.35568405855027,-0.34476848053886,-0.478351146053977,2.69247522029396,1.51686139340717,-0.514522113788516,-0.755295767554917,-0.669300457399169,-0.463085094801143,-1.39511897769393,-1.07592843364696,-0.296225771543798,-1.15249049956315,0.826966057285032,0.0319996393835476,-0.149937701058835,-0.531713688779321,-0.267978366150136,2.42978886451121,0.909073916028471,-0.189129511616007,-1.21809552051175,0.353242987609834,0.682832724400303,-0.293870545825533,-0.778386370841756,-1.34133494840186,0.682832724400303,-0.333979422149212,-0.700054714702294,-0.189129511616007,0.287943781650617,-0.891031580584123,-2.39055226548711,-0.421595500720383,-0.301653226084705,-0.93654835490529,-1.02539690198974,0.10383609353668,-0.235899778288672,1.0039042769404,-1.23321624918318,0.40957417248383,0.98688515649694,1.3609621849323,-0.708757207400764,-0.810486469238678,1.40497477374713,0.139282888348225,-0.882023949694159,-0.838532752471447,-2.13763607090921,-0.723292047758998,-0.34476848053886,-0.912339588872978,1.69607137989238,-0.93654835490529
comm.and.crime_point_1477,comm.and.crime,regression,0.12,0.354313991452783,nominal,0.812099797669774,0.87205458879957,0.491760072183968,-0.6315492875904,-0.590386957395979,0.845289154649251,-0.496372568292438,-0.576459764357761,0.0372584156911057,-0.305555362163633,0.0824974961296363,1.76819839289887,0.514032132486567,0.682832724400303,-0.960646585528377,-1.68470664509622,-1.18354111324217,-0.0880946194298402,1.89418981387415,0.68526106180441,0.899671107286197,-0.835669064732367,-0.786206461289495,-0.953132713675412,-0.938837241768986,-0.446095258444874,-0.370281702344836,-1.18133120758743,0.425927152326122,0.42445034078228,0.300865716338963,0.625506297390161,-0.772850518815592,0.229851673277482,-1.27027014793507,0.264918814710728,0.281568831213367,0.999267192196847,-0.758696998706609,-0.226042158711328,0.601620247304602,-0.614076875228766,-0.404521482090398,-0.1794909431453,-0.351119333321313,-0.245486398509103,-0.429862323524147,-0.0672751000735523,-0.720290730320524,-0.837074119169256,-0.0579168405136468,-0.304397343978269,-0.230075729421995,-0.320467042044794,-0.42964182185941,-0.342818397021626,-0.45072955583245,-0.557119685244521,-0.60138190496379,-0.569295082344151,-0.608454173918587,0.502921411190013,-0.503316572060594,-0.0387034149277808,-0.167221968720685,-0.779122631666902,-0.407970199261594,-0.761207603085388,-0.469831842542641,-0.649009732299257,-0.0880280749874027,0.726172755495118,0.419929865118091,-0.152293680362675,-0.640839520976896,-0.0207952440995638,0.881892456169426,-2.12579870714607,-0.430223291072143,0.0336451341226025,-0.778386370841756,-0.749282268400272,-0.718130441861903,-1.03217440729726,-1.01519223123925,-0.978565285147405,-1.05012998614479,-0.0597367947051054,-0.853052298495168,0.914794956287961,-0.0919853710824933,-0.226875569169311,-0.629727998655079,1.47364793058586,1.35068765411737,1.2147118579884,0.849911231176784,0.0435715764808665,0.182904641272807,0.0363011161927887,2.06362666851308,0.683693543699564,0.584266192935153,-0.375024355916575,1.36750086816761,-1.25406194254054,-1.8496485077104,1.27429867960235,-0.115382978305131,1.03299019886025,-0.0381763034178386,-0.910812056434499,0.299837597034825,0.0824355567210018,0.423866989262996,-0.161767018358061,0.82042102382418,-3.0077369758527,-0.827012835844596,-0.000739682945828393,-1.05343997459746,2.1052364203334,0.409004693212087,-0.413219819433159,-0.96480656352602,-0.446961579774181,1.18000319046612,0.85572211589946,1.03312600205297,-0.0924897401426294,-0.592122486177232,0.221480193470925,-0.978565285147405,-0.938525723657223,-0.870916000573111,-1.76381144898785,-0.581865250252313,0.271611279434983,0.518566028486648,0.682832724400303,-1.56531543697313,-1.26736429209379,3.17248229394089,-0.344648600652765,2.18217737707296,1.44549106869194,-0.202875494043799,0.00457954007927846,0.608860116919203,1.8904540557699,-0.189444898148642,0.348049768668688,0.0639753050922037,-0.574978601284565,0.281218604480928,-1.15249049956315,1.24598066207306,-0.0466050641145143,-0.0540546487971503,1.7375092116307,1.21228566329134,-0.484226741696171,1.5463298522628,-0.586845013885375,0.117254540572726,1.68153602735121,-0.178544390830854,0.909074442850902,0.425927152326122,0.690642284420326,-0.199361816374992,0.114002523928599,0.0435102601731493,-0.447422857068877,-1.02301435554381,0.251689308836056,-0.928088305474204,1.18516679267579,1.19470966109379,0.453789198247646,0.246923518931679,1.20094733153896,-0.419922423015838,1.03312600205297,-0.759408496192192,-0.0579168405136468,-0.531713688779321,-0.315607286918777,-0.189129511616007,2.59782333228124,-0.738257558223326,0.788476870306472,-1.3576732534092,0.682832724400303,-0.69663215719134,-0.199127291665113,-0.598673237091449,0.682832724400303,0.218145741121919,-0.547435183985099,-0.358091987495182,2.36372071806179,-0.826346068089685,0.305007905506768,-0.343626531286471,1.46212254823023,-0.684350129472983,-0.98037958715305,0.351977477180183,0.460656060460939,-0.214695894768757,0.726172755495118,-0.691582097088426,0.931077068182516,0.446191539494759,-0.708757207400764,0.747912516997469,-0.956619933665339,1.3245427012808,-0.267933252874971,-0.838532752471447,-0.0641256158777693,-1.51386073773478,-0.34476848053886,-0.50201955950362,-0.13044354190256,1.03059780346671
comm.and.crime_point_0181,comm.and.crime,regression,0.12,0.650725550421127,nominal,0.629145668582266,-1.56383453476745,-0.217427187171022,-0.753711510945423,0.751142542658244,-0.261089604692552,-0.687872404062027,-0.447422857068877,-0.220480633356821,-0.235899778288672,-0.277853012703869,0.317188096723854,-0.499564470154296,-1.56531543697313,-0.8651184939892,-0.645960494718403,-0.742597169663439,-0.705827158615937,0.68464204843914,0.370139857947594,0.60127719711842,-0.785229419645906,-0.681553878925593,-0.685472708736566,-0.530896195770433,-0.567472613338656,-0.574978601284565,-0.798985963523397,-0.121200695287352,0.42445034078228,-0.0740881826484698,0.576125524684642,-1.1074695256283,1.07072281732671,-0.408381392326479,1.30254022030394,-0.630335746091604,1.60251841267536,-1.13445162766544,1.36334425539874,-0.139385171807338,1.04145995105585,1.17494234122894,-0.050119918156423,-1.09378104463172,-1.02085498162309,-0.429862323524147,-0.485014452496014,1.41479411855954,0.931913901423168,-0.0579168405136468,0.521883215881349,-0.34476848053886,-0.274823379056414,-0.477052214376713,-0.64058805739383,-1.01491959621532,-0.684350728885536,-0.686008264773091,-0.696016939253532,-0.693624944209472,0.723312887149946,-0.594343123662683,0.0630429388836828,-0.114785955883911,-0.543205919690318,-0.534613396479251,-0.338600020013028,-0.317614875358386,-0.410865128456057,0.317749953636827,-1.23321624918318,-0.0452960303750682,-0.719233528474505,-0.370866985519292,-0.663674573317088,0.776064299963135,-1.69562967538715,0.763944233026054,-0.499571897557428,-0.822944761547652,-0.835659608007726,-0.845653115392282,-0.849794631652535,-0.871842218792997,-0.938289124010825,-0.956411184176713,-0.649707912297875,-1.49382565898465,-0.0717389230187961,-0.0919853710824933,-0.226875569169311,-0.802787658830557,1.08212161042621,0.358142534415864,1.01523190618138,0.900359925695479,-0.321861540250354,0.084427024235416,-0.618564013678328,-0.391348688885798,-1.46155861675429,0.928401418342293,4.11649495333169,-0.611019470771741,0.881022906339523,-0.352113179076581,-0.380561081597017,-0.115382978305131,-1.82871867699035,0.703657382637049,-2.26067473372252,2.3634866430575,-0.193271420973861,-0.0271763465708762,-0.70339391206371,-0.693884128707245,1.06294808549576,-1.36007873673546,1.06120832872116,0.625506297390161,2.06362666851308,-0.413219819433159,-0.139144981884744,-0.748828535159937,-0.878848277811454,-0.630806040272269,-0.121085140456948,-1.44079333516229,0.632481160315823,1.46650074834585,-0.446095258444874,-0.616079834918179,1.1441185431077,-0.203340548657311,-0.176389105893484,1.08212161042621,0.968220127909451,0.281514065900134,0.682832724400303,0.233203092125617,-1.48659000438483,-0.838101809661048,-0.597934995088079,0.627044535799378,0.4183367341544,-0.346225506490056,-0.839101164308632,-0.826258750205395,1.09640162811069,-0.189444898148642,-1.18133120758743,-0.631940707748796,-1.03554662389896,-0.530770173602079,0.103340488803673,-0.862692382208638,-0.00096140112613429,-0.895737921615612,-0.757302642981302,-1.15122030423583,-0.543205919690318,0.269805947192317,1.30296273431785,-0.94469347109426,-1.18581654067537,0.85572211589946,-0.265676718046478,-0.043039574199713,-1.08077239495704,0.66041051558904,-0.34476848053886,2.21793278611951,-0.40441055463925,0.0881812846222431,-1.14142236866316,-0.352113179076581,0.356575042642296,-0.590607768331523,-0.180122176360894,-0.388045418306067,-0.375024355916575,-0.105964675924132,0.105406250597248,-0.709945487718708,-0.241958561604024,-1.00369058285354,-0.0298337623069365,-0.062407654706626,-1.64963732071814,1.20481091438719,-1.31597710055166,-1.18068191813137,0.682832724400303,-0.0119374178694681,-0.511036026606383,1.72833345834783,-1.56531543697313,0.218145741121919,-0.496562007079367,-0.484813844404564,-0.838906555258306,-1.020402605573,0.866582941130492,-0.265657561852559,-0.98756602720718,-0.0790743884354456,3.07117874814888,0.252720923722782,-0.0965886105387498,-0.777126743249906,0.726172755495118,-0.376966020067782,0.484612361667126,0.324222120103087,-0.156362707378436,0.999267192196847,-0.733827980135861,-0.0977690742382896,0.65320279235381,-0.262943549469985,-1.44646591923207,-0.476239332141566,-0.34476848053886,0.9853905469603,-0.652304948129686,-0.886108709818829
comm.and.crime_point_0715,comm.and.crime,regression,0.23,0.166241360399135,anomaly,-0.468579105942779,-0.519882053238727,-0.453822940289352,-0.570468175912889,-0.35364645738641,0.681381190302317,-0.639997445119629,-0.576459764357761,-0.284915395618803,-0.514522113788516,-0.397969848981704,1.26592559806906,-0.499564470154296,-1.56531543697313,-1.2949949059155,-1.95806089519565,1.26614746219524,-0.930457172865427,1.60620225067534,1.4955727288648,-0.114868187284245,-1.1887465803376,-0.943185334835349,-1.11372871663872,-0.530896195770433,-0.385406580997984,-1.03554662389896,-1.78215944825947,-0.277522937462631,1.25605429231962,3.20675843349157,1.90940638773364,-0.629442373038718,-0.0669263775634199,-2.01724040279586,-0.328007702771107,0.395556903376489,-0.00615150860066679,-0.382942369747774,0.431634978161806,-0.196385588662103,0.527672660139931,0.52137110399335,-1.020402605573,-0.747205579353531,-0.681631226510723,-0.704148874918434,0.0893771570848711,-1.84714106722945,-1.00826650825885,-0.333979422149212,-0.391374245016123,-0.34476848053886,-1.46155861675429,-0.90374574703244,-1.13687082468084,0.0108804772080765,-0.769171424646212,-0.770634624582392,-0.78049817719312,-0.736210329354915,0.899626067917892,-0.594343123662683,-0.750927891608026,-0.7440181099252,-1.07401852163763,-1.29447257978519,-0.497077863665163,-0.469831842542641,-0.601380811530617,0.491654823047211,-1.23321624918318,-0.37760024144161,-0.255373652746643,-0.370866985519292,-0.75551447749102,0.776064299963135,-0.319088773758589,1.46397347129051,0.712284992624459,-1.00117832437123,-0.965225617418908,-0.888160673235742,-1.30574407076435,-1.34967559361385,-1.38132689651321,-1.47186459500113,-0.295725241742213,-1.70741677914781,-0.642890116301655,-0.286904425214791,-0.226875569169311,-0.889317488918297,1.13106240044617,0.247859743337919,0.865621942326106,0.900359925695479,-0.321861540250354,-0.70339391206371,-0.443933312379363,-0.391348688885798,-0.685616345951833,-1.3945113531559,-0.453822940289352,-1.00672353855961,0.821714993870633,-0.00652810323800724,-1.17945889734843,-0.000690227188266011,-0.316872478427771,-0.152304562810898,-0.0468999429701671,-0.0705609496871936,0.46842532549381,-0.607089206928712,-0.211005826876756,-0.746101547760053,-1.69930249184784,-0.730091762955347,-0.649707912297875,-0.510251474836759,-0.391348688885798,-0.230503261067549,1.96209543931977,-0.26287797133625,-0.749282268400272,-0.435042880192443,0.85572211589946,0.569266126325109,-0.616079834918179,0.269626774785918,-0.628161290785547,0.229719548950016,-1.65100928860312,-0.0212745163166381,0.0352672065190975,1.03318082040625,0.0667263240013159,-1.23561849465356,-1.56531543697313,0.682832724400303,-1.10294500787551,0.636377640192604,-1.42111577700285,1.203019662197,-0.323496951900488,2.23407471754256,-0.0946770133781229,-0.304397343978269,-0.789472887579932,-0.286904425214791,-0.198157722851353,1.56287133274974,-0.370281702344836,0.615566924868049,-0.838532752471447,-1.00327058516075,0.364187902780905,-1.53937807141797,0.249375824669157,1.03721114717821,0.69535681818675,-0.677292433989011,-0.0468999429701671,1.53318522279537,0.137576952259974,0.108751861038678,0.108107742239052,-0.199361816374992,-0.436621602456179,-0.043039574199713,-0.34476848053886,0.956767721070621,2.86452443001247,-0.335131340202921,-0.862800033163321,0.799837073718665,-0.116905957376842,0.132020715007295,-0.919685446737523,-0.22930318399663,-0.375024355916575,-0.681553878925593,0.826966057285032,2.9008541308456,-0.333979422149212,-0.649707912297875,0.255939762304904,-0.78049817719312,0.602028567618877,-0.44257322543477,-0.386102090172486,-0.118733906464382,0.682832724400303,0.99496661054505,-0.778386370841756,-0.598673237091449,-1.56531543697313,-0.333979422149212,-0.0895765918335127,-0.146888892646214,0.347251694119508,-1.66725773051738,-0.0880946194298402,-0.265657561852559,-0.301653226084705,-0.633910484386522,3.07117874814888,-0.64058805739383,-0.166244194413711,-0.823995980623335,0.726172755495118,-0.48183804574133,-0.408317051363656,1.17800805584479,-0.629843707397574,-0.358048053879797,-0.867503152253548,-1.04597692458435,0.65320279235381,-0.158290967106083,0.16626443468128,2.19192999652669,-0.230075729421995,1.13926055797381,-0.91323565124325,1.38367531907194
comm.and.crime_point_1785,comm.and.crime,regression,0.09,0.065064091704308,nominal,1.17800805584479,1.22003874930914,-0.138628602798245,1.38412739776748,1.54027754269014,-1.44942234620782,1.08350107680667,0.111737074516285,0.423866989262996,-0.653833281538438,-0.578145103398456,-1.85932734753867,-0.0317506535508209,0.682832724400303,1.42755570295106,1.9235694562162,0.580234661072763,0.473480416193885,-2.08003855826945,-1.1604488464998,-1.60683773812313,1.13147709363963,0.626603400623183,0.974019321884281,0.518095065368702,1.19249903262118,0.0902863202695546,0.730395012732716,-0.35568405855027,-0.976145788122707,-1.01147293011705,-1.34972461083057,1.37827166783752,-1.00672353855961,1.77507012188196,-0.772702590882484,0.50954497553961,-1.21265394955768,1.28111384421278,-0.883719295584461,-0.994391424628807,-0.385726968155027,-0.622378561168927,1.04953379424903,0.886650185529367,0.869105939717259,1.03299928391205,0.402681671401718,1.94856533077955,1.559619328085,-0.241958561604024,-0.347885794497196,-0.115382978305131,-0.0466050641145143,0.186693280865528,0.203092646994081,0.626360521262113,0.121445880840888,0.244881693129221,0.23327667808193,0.371009684426595,-0.114174721497799,-0.139210365652241,0.0630429388836828,0.357138159647056,1.69800284408723,1.30171296317677,2.30269737418922,1.20455479648416,-0.0774626830755764,-2.58066453653624,0.726172755495118,-0.244678557014993,0.156946236789233,1.46494625559241,-0.52591471705619,0.405665753241116,1.35857045010122,-0.965539767392024,-0.111777692699224,-0.466477635900487,-0.446961579774181,-0.378069979114223,0.882813236972367,0.65722458063374,0.471376515769501,1.19912126108902,-1.29867614164992,0.161505522279842,-0.435198773289707,-0.286904425214791,-0.226875569169311,0.278835217266183,-0.386102090172486,-0.579261189746669,-1.37852751550295,0.194078202433754,0.0435715764808665,-0.506438677988928,-0.443933312379363,-0.391348688885798,-1.46155861675429,0.111080258000336,0.334162903438415,-0.0669263775634199,0.465867519057289,0.16626443468128,-0.494689340990077,-0.230075729421995,-0.316872478427771,-1.57890780522414,0.385056113761999,0.246923518931679,0.6889909076497,0.55273651378696,-0.309483443914147,-0.223927357231975,-0.00318371628598076,-0.778552299399972,2.12315634038814,0.0823177976294598,-0.391348688885798,-0.139144981884744,-0.321861540250354,1.03299019886025,-0.61971625898909,0.00542422998716656,1.83252937225587,0.517726140133124,-1.05911760742057,1.17925099469147,-1.23504806525446,1.27689973850112,1.30853782732598,-0.749538645679329,0.141095362725389,-0.239279720112616,0.968220127909451,-0.571872999411319,0.682832724400303,-1.56531543697313,-0.226042158711328,-1.60483112358495,1.30171296317677,1.203019662197,-1.1223947676519,0.179391205812885,0.203092646994081,-0.956724101762177,0.401605753908883,-0.189444898148642,0.293429019516684,-0.0430886968833349,-1.64963732071814,-1.34275895168509,0.626603400623183,-0.20666076843211,-0.320467042044794,-2.38106134423643,0.118069937584314,-0.319616352698494,1.75698202208138,-0.800827005447445,-1.01880107061754,-1.41667036516848,-1.13067514513639,-0.580759143448198,-1.2268367587807,-0.043039574199713,-0.436621602456179,0.347766031238483,-0.34476848053886,-0.91323565124325,-0.576459764357761,0.299837597034825,0.112378141086133,-0.0641256158777693,-0.590386957395979,-0.845653115392282,-0.761207603085388,-1.86963960519414,-0.0598300184254683,-1.1001642083812,-0.564613569898551,0.378240698697934,-0.241958561604024,0.353242987609834,0.160681920767624,-0.44257322543477,1.47199038811273,-0.527054463374357,0.690595290266559,0.530234322887664,0.682832724400303,2.32407992805221,-0.822944761547652,1.08469330854548,0.682832724400303,-0.149937701058835,-1.05616695304242,0.740164105719455,0.110020044243945,0.0145655943380156,0.0803778912572774,-0.343626531286471,0.776209747107756,0.274003127169785,-1.11543153166311,-0.789472887579932,0.321344892711017,0.769558090073254,-1.23321624918318,-0.48183804574133,0.26138000840943,-1.38334975138032,-0.314189707384816,-0.106693378680418,0.157339833982052,-1.09338731710165,0.44850589341408,-0.367596131833887,0.223861947321042,0.264918814710728,-0.230075729421995,-0.245569541147772,-0.695793398648614,-0.0790743884354456
comm.and.crime_point_1051,comm.and.crime,regression,0.13,0.212995954218995,nominal,1.60490102371564,0.176086267780421,1.83133600652117,-0.753711510945423,-0.393103207388005,0.435519243781917,0.41325165161311,-0.447422857068877,1.32595366093074,1.99307890571008,2.24460054913067,-0.854781757879046,1.83950461286308,0.682832724400303,-0.339713990523725,0.830152455818498,0.335265803529022,1.20352796250473,-1.04328333075373,-0.350137179439416,-0.831013571686911,0.1226841919104,-0.0536383847421805,-0.0966206978711041,-0.530896195770433,-0.264029226104202,-0.779675500224294,-0.307399221155361,1.59834396864071,0.511987598838842,-0.870865217996765,-1.20158229271402,1.56948252887335,-0.957260530086126,0.798262865525553,-1.01975530649992,2.04838394974175,-0.91102833931843,0.798000749837136,-0.500074299075133,2.25463233609278,-0.499901921691897,-0.513450021629662,-0.891031580584123,-0.00454386804312309,0.142197893047893,0.0729963540320473,-0.11949251912636,1.35548620609065,1.38842693899541,0.310166601667107,-0.0869550913836323,0.458080777279193,2.32686541128124,2.17792976659225,2.039338885956,1.90861061304135,0.630370055404945,0.456447592652474,0.317757916021518,0.200668143844824,0.370686525614054,-0.366776744657462,-0.750927891608026,-0.7440181099252,-1.01503934364349,-0.471291797870422,-0.919685446737523,-0.875743755033986,-0.220349445381496,0.607591402654133,-1.23321624918318,0.419929865118091,0.878506043477017,-1.12679008480058,-0.617754621230122,-0.970100277440667,-0.0609873547032339,-0.677292433989011,0.0336451341226025,-0.466477635900487,-0.490150249577908,-0.505592652644603,0.062104246571098,-0.0117421441154574,-0.0119374178694681,-0.159801367448073,0.648228546406218,-0.158881157964898,0.135952419993153,0.882609899578993,-0.127274097367549,-0.197078848216383,0.152246600047036,-1.24095793621434,-0.879827635985382,-0.764446993421443,0.957154368308917,0.232143449791502,1.17140067463606,2.60455344217724,-1.05076564985887,2.08985780409139,0.255364319065638,0.526629724118384,0.110020044243945,-0.121723128517532,-0.951202378562316,-0.230075729421995,0.385056113761999,0.817785642030109,-0.154888957153209,0.246923518931679,2.17780858720196,-0.607089206928712,-1.04806557169458,0.611551347612948,1.01448754905113,1.40217184060813,2.94911590501802,-1.39910538353609,1.35626088756764,0.500362972394892,-0.504578098615964,-0.370866985519292,0.200868467281728,-0.386102090172486,-0.178544390830854,-0.719233528474505,1.84076599441325,-0.592122486177232,-0.14265187121042,-0.777184479464502,0.815279974671134,-0.0819631937635291,2.89262742408896,-0.728687620312182,0.148680306174783,2.13051937407495,0.682832724400303,0.682832724400303,-1.32217072016655,-1.01503934364349,-1.42111577700285,-0.755295767554917,0.24714434506481,0.466091230705398,-0.442074950479027,-0.217420442940414,-0.938357717766034,-0.286904425214791,-0.307399221155361,0.492231312994358,-0.523804376549633,-1.19946681437632,-0.890859043653398,-1.09698938712883,3.1028076820837,0.540074720251176,-1.19498893326411,1.38736017940446,-0.602185097684464,-0.636114243502866,-0.478855999702333,1.06120832872116,-1.29609933175331,0.281129612160397,-0.158881157964898,-0.199361816374992,-0.436621602456179,-0.433845179637909,-0.115382978305131,-0.826258750205395,-0.576459764357761,-1.76381144898785,0.59996722821086,1.26061717483676,-0.629843707397574,-0.760637999705362,-0.655555707317298,1.30520508099459,-0.296225771543798,-0.262943549469985,1.29082593301289,-1.20457557245354,-0.241958561604024,-0.649707912297875,-0.315607286918777,-0.738257558223326,-0.4726301518147,-0.696016939253532,-0.0435165600327901,0.707225658165495,0.682832724400303,-0.575803673781598,-0.778386370841756,-0.351119333321313,0.682832724400303,-0.333979422149212,-0.343942476362171,-0.273610749555595,1.11825455621509,2.08450199416005,0.529637919756257,-0.499564470154296,-1.28152865625967,-1.13830693525114,0.100035968927465,-1.38501220832434,0.321344892711017,0.0196502920983885,0.726172755495118,1.45829442921931,0.317188096723854,-0.651533235030286,-0.550930207394384,-1.01157020939818,-0.912061542959443,-1.70972241982659,0.294983219209284,-0.158290967106083,-1.21607586867302,0.413150444081187,-0.34476848053886,1.24184056531615,1.21769842418418,-0.58347083930006
comm.and.crime_point_1253,comm.and.crime,regression,0.06,0.159126322892451,nominal,-1.6882732998595,0.524070428289996,-0.375024355916575,0.895478504347391,0.119834542632727,0.312588270521716,-0.639997445119629,-0.576459764357761,-0.091611108832858,-0.0269330266637888,-0.458028267120621,-1.18963028776559,-0.343626531286471,0.682832724400303,0.472274787559283,1.15817755593781,-0.301653226084705,-0.649669655053565,-1.44646591923207,-0.710275698132921,-1.54715895608958,0.223563482083323,-0.315269840651936,-0.41781270379772,-0.12295514977188,-0.264029226104202,-0.421455927079768,-0.689744465219389,-0.35568405855027,-0.713534013953022,-0.214695894768757,-0.0658245204870952,0.135401071104611,-1.20457557245354,1.08555911739508,-0.624470961512025,-0.402359601765361,-0.358048053879797,0.207529190044681,-0.8289128675117,-1.3363939257574,-0.785339305534071,-0.840235640247456,0.467364181799085,0.985671747037421,0.820645403272635,1.3987146857711,1.23816037624664,0.58448334399507,-0.0952404331143684,-0.333979422149212,-0.695793398648614,-0.34476848053886,0.820624532664704,0.328924458417437,0.302349200451482,0.0108804772080765,-0.59953003312486,-0.64369508486844,-0.653776320283739,-0.693624944209472,0.811469477533919,-0.639856399463727,-0.496562007079367,-0.219657981557459,1.10821106414577,0.921783371523802,0.823570833435961,1.306032774607,-0.410865128456057,-1.5952036098774,0.726172755495118,-0.444061083654919,0.672346098709078,1.46494625559241,-0.939194285838884,-0.917186199337522,1.444604256453,-0.553757862530577,2.0210904340209,-0.466477635900487,-0.490150249577908,-0.590607768331523,-0.986579463386079,-0.680708868864655,-0.69663215719134,-0.487817174336336,-1.77065303572414,-1.44042787894386,-0.798658623560617,-0.286904425214791,-0.226875569169311,-0.802787658830557,0.445891340166776,-0.744685376363587,-1.42839750345471,-0.411306131790581,-0.139144981884744,-0.851110337619796,-0.662221689003069,-0.391348688885798,0.501118891746045,-1.05037612774876,-0.138628602798245,1.16964883427367,-0.245827430569399,0.281459459960805,1.78787584687111,-0.34476848053886,-1.12679008480058,0.817785642030109,-1.1807845918921,-0.652615808821794,-0.579261189746669,-0.284915395618803,-0.900349146138491,-0.380579614390398,-0.342407471398352,-0.633170690066098,0.176251652332003,-1.05343997459746,-0.391348688885798,0.409004693212087,-0.321861540250354,-0.802823042251458,-0.878848277811454,0.641654500246602,-1.38518864868289,0.826966057285032,1.47828054418402,-0.11337289675326,-1.23504806525446,0.511652676906082,0.102796409725239,0.160791516024035,0.511493909447407,1.03318082040625,0.23063428834825,-1.70972241982659,0.682832724400303,0.525462353104163,-1.04813857980274,-1.30993523361422,0.0986025896090331,-0.00652810323800724,0.190080215368281,-1.2063255811676,0.699375414281087,1.43514067677882,-0.541331503936429,-0.0919853710824933,0.5119120161247,1.18814732583536,-0.319107477609904,-0.196421853214959,-0.210617258288034,0.0276362364880784,-0.913834660893733,-1.19280260613978,0.161838566612595,0.905905260093369,-0.0713724957371486,-0.594936053016721,-0.478855999702333,-1.06268769461281,1.01983928088354,1.02809986702118,0.214903302320632,0.504088273413761,1.81790617129683,-0.35568405855027,0.228695275045463,-0.43486269553505,-0.447422857068877,-0.811358043131231,0.460656060460939,0.0510694094017551,-0.51147345739279,0.217035830694215,-0.549903811549208,0.141095362725389,-0.296225771543798,0.364971944713428,0.569266126325109,-0.660482479245224,0.0341040200315418,0.353242987609834,-0.839525415373817,-0.696016939253532,0.806725466558606,-0.400332606464976,-0.728687620312182,-1.94764437100197,0.660351242786569,2.32407992805221,1.93967546221788,1.43126877382367,0.682832724400303,-0.241958561604024,-0.140449768739244,-0.0201670357368324,-1.37267776747832,0.726106231776839,-1.15508718711492,-0.499564470154296,-0.350646997593453,-0.179953678608368,-1.11543153166311,0.401605753908883,0.321344892711017,-1.2458191169842,-1.23321624918318,3.92278703254769,0.596228538295973,0.324222120103087,2.28995579272044,-0.00615150860066679,0.513806959629217,-0.192589859272896,0.243808994474351,-0.629227587743642,1.14542214955724,0.215508271587242,-0.230075729421995,-1.06620959988649,-0.0869550913836323,-0.432151904040676
comm.and.crime_point_1598,comm.and.crime,regression,0.46,0.0669428637724754,anomaly,-0.285624976855271,1.22003874930914,-0.296225771543798,-1.24236040436552,-0.35364645738641,0.722358181389051,-0.592122486177232,-0.576459764357761,-0.478219682404748,-0.932455617038282,-0.458028267120621,1.76819839289887,-0.187688592418646,0.682832724400303,-1.34275895168509,-2.5047693953945,-1.08555357022468,-0.76198466217831,2.1245798644332,1.8557112475583,1.07870745338686,-1.28962587051052,-0.786206461289495,-0.953132713675412,-0.705728072626956,0.52492358070538,1.72786151178739,2.42363823644484,-0.043039574199713,1.7375092116307,0.769558090073254,0.872410160917752,-0.964061379851424,1.76320493595548,-2.18961815391758,-0.920934220252943,1.02249130027366,0.396015971718339,-0.651338533289799,0.924892830816656,-0.424387256081161,0.813110043982106,0.902620992380776,-1.020402605573,-1.29182416764783,-1.06931551806772,-2.16701048235463,-1.37271057639375,-0.957522380196087,-1.40771541613455,-0.149937701058835,0.0435102601731493,-0.34476848053886,-0.731260008940213,-1.14079770961895,-1.38501220832434,-1.32265961824234,-0.726761076765874,-0.728321444677741,-0.738257558223326,-0.736210329354915,0.811469477533919,-0.594343123662683,-0.649181537796562,-0.691582097088426,-1.19197687762592,-1.29447257978519,-0.708381655201343,-0.520570831604059,-0.744267573836537,-0.0300597851839413,0.726172755495118,-0.111756872588377,-0.719233528474505,-0.532850506793854,0.530244180944028,2.20474440874806,-2.12579870714607,0.434518709136896,-0.305674795128326,-1.00117832437123,-0.965225617418908,-0.930668231079202,-1.21455418294199,-1.25410891864968,-1.22022225196689,-1.33128639204901,0.589231434646941,-0.959847858576748,0.343643763005101,-0.0919853710824933,-0.226875569169311,-0.802787658830557,0.739536080286516,0.46842532549381,1.06510189413313,0.496770369545922,-0.413219819433159,0.0351882157167206,-0.356617961729881,-0.391348688885798,-0.685616345951833,0.670299999286939,-0.453822940289352,-1.45189061482096,0.525175431526179,0.68464204843914,-0.551753470686607,-0.34476848053886,0.223072592487436,0.760721512333579,-0.26287797133625,-0.017646871584048,0.744132303188673,0.230562702477051,-0.654155103545014,-0.171709938179167,-0.342407471398352,0.432961111715639,1.17920255223971,-1.00405920189194,-0.391348688885798,-0.139144981884744,-0.504578098615964,-0.856817549342979,-0.878848277811454,0.201187390066993,-0.178544390830854,1.03312600205297,-0.414699029235275,-0.304872732522849,0.342857548364707,-0.0522135790060488,2.02102139227188,-0.324717903551093,-0.758443965028085,-0.0435165600327901,0.722358181389051,0.518566028486648,0.682832724400303,-1.56531543697313,0.212409265870761,-0.0713724957371486,-0.534613396479251,-1.67685596979111,0.4183367341544,-1.06297556872134,-0.392446673750327,-0.260908893459341,0.0542078168079789,-0.286904425214791,2.20515523983683,-0.471344704785489,-1.64963732071814,-0.960646585528377,-0.629227587743642,0.730527251248644,0.455475228757665,-0.895737921615612,1.08097977620649,1.2998229213479,-0.95606016564934,0.475696899623041,-0.100894450061688,1.82817078159176,-2.1232202648379,0.568425864029928,0.748881102728531,0.113282667975565,-0.651338533289799,-0.35568405855027,-0.34476848053886,-0.217420442940414,-0.490435159498505,-1.76381144898785,0.321344892711017,1.08782463691748,-0.629843707397574,-0.378069979114223,-0.0216443327087585,-0.652615808821794,-0.296225771543798,-1.2048167907451,0.672346098709078,-0.611019470771741,-0.241958561604024,0.884216993443326,-0.0774626830755764,-0.44257322543477,-0.626152826019497,-0.273610749555595,0.396950550146819,1.4741881110361,0.682832724400303,-0.898012962874244,-0.466477635900487,-0.648184017845477,-1.56531543697313,-0.149937701058835,-0.343942476362171,-0.527054463374357,-1.13544611760276,0.27330764431577,0.0242203876949048,-0.265657561852559,-0.889578484189684,1.18191673872609,0.0550186540907768,-0.392446673750327,-0.235899778288672,-0.636519031129619,-1.23321624918318,-0.429402032904556,1.48915795132675,-1.38334975138032,0.317118292640701,2.30631150323362,-0.377360854488696,1.51418427135001,-0.728501275489362,-0.629227587743642,-0.294515666436819,-0.970344763376429,0.458080777279193,-0.60459956684596,-0.608816497610759,-0.533031194213599
comm.and.crime_point_0665,comm.and.crime,regression,0.09,0.434162306633523,nominal,0.751115087973938,-0.519882053238727,-0.375024355916575,-0.814792622622935,-0.708757207400764,0.804312163562517,-0.352747691465246,-0.40441055463925,-0.54265444466673,-0.862800033163321,-0.638203521537374,1.54496603964118,-0.499564470154296,-1.56531543697313,-0.960646585528377,-1.90339004517576,0.188284489002777,-0.31272463367933,1.31821468747653,0.415157172784282,0.839992325252642,-0.93654835490529,-0.681553878925593,-0.846068711699873,-0.647450780341448,-0.203340548657311,-0.4726301518147,-0.580502966915381,-0.199361816374992,0.730830743980246,-0.261565132142186,0.131698570334978,-0.725047803556634,1.26857485122064,-1.38518864868289,0.314329357834215,-0.00340134919443606,0.898725322117096,-0.543980067872989,1.58256996768979,-0.823390174064514,1.44107228843489,1.55619222961636,-0.891031580584123,-0.846227140861585,-0.681631226510723,-1.93843835619273,-0.0672751000735523,0.347251694119508,0.646593252940519,-0.241958561604024,-0.0869550913836323,-0.34476848053886,-0.503041693998314,-0.524462606894016,-0.64058805739383,-0.399439552161281,-0.59953003312486,-0.60138190496379,-0.611535701313945,-0.565868788773144,0.723312887149946,-0.503316572060594,-0.343942476362171,-0.429402032904556,-0.897080987655194,-1.16782938256753,-0.232948124244939,-0.723526787849732,-0.125091603844216,0.781496272064518,-1.23321624918318,-0.37760024144161,0.620806112517094,-0.640839520976896,-0.29631495662136,-0.335131340202921,0.111080258000336,0.640409661567619,0.469913614588082,-0.600152808018174,-0.61971625898909,-0.633115326174983,-0.393845192540718,-0.537358856418398,-0.65635599605476,-0.581535976304412,1.76917366983248,0.535289982565372,0.810949284781987,0.200393210115953,-0.226875569169311,-0.629727998655079,-1.51174026063149,-1.24095793621434,-0.430997744419571,-0.966241771496221,-0.413219819433159,-0.0140505928019747,-0.70587936432781,-0.391348688885798,-0.457398031009934,1.01443522469408,-0.453822940289352,0.922333791906255,0.406559606588398,-0.467308204356106,0.36127260445787,-0.230075729421995,0.169078085395916,0.532464993547459,0.277067099578957,1.83434586202605,0.90955648980559,0.166127940215069,0.330621066828893,1.39481263340506,1.20832969482963,1.547553449942,0.943214105202603,-0.510251474836759,-0.391348688885798,-0.321861540250354,-0.413219819433159,0.49304512794504,-0.835659608007726,-0.826569200352095,0.683344364777741,0.775426071093047,-0.857736801737663,-0.304872732522849,-0.324717903551093,-0.65635599605476,0.815279974671134,0.282168870917816,1.04063469047886,0.152246600047036,-0.670859515559886,-1.09338731710165,0.682832724400303,0.682832724400303,-0.719300011366178,-0.130351673731295,0.0352809910002048,1.26061717483676,0.817785642030109,-1.15854224368551,-0.144305290106824,-0.956724101762177,0.401605753908883,-0.286904425214791,-0.635123716067385,-0.36428070280995,-0.114410578670175,-0.483006127832491,0.0510141976217214,-1.00327058516075,0.638049880711185,-0.549162456337422,-0.450922239783337,-1.19498893326411,-0.484226741696171,-0.594936053016721,-0.748828535159937,-0.94469347109426,-0.138130025434889,-0.350922141952573,-0.692858958372798,-0.35568405855027,-0.436621602456179,-0.199361816374992,-0.230075729421995,3.26165559857376,0.62788470367182,0.987720612375717,1.15721189921055,0.281459459960805,1.30353704268057,-0.505592652644603,-0.866859498853478,-1.02301435554381,0.334162903438415,-0.890859043653398,1.18774596062892,0.0814626478570313,-0.333979422149212,1.29719677575826,-0.744267573836537,-0.527054463374357,0.550854342883945,-0.738257558223326,0.152246600047036,-0.118733906464382,-1.56531543697313,-0.293870545825533,0.602923741041008,-0.301608552567286,-1.56531543697313,-0.0579168405136468,-0.343942476362171,-0.738257558223326,0.169327956712836,0.0792511068324541,0.81042543756812,-0.499564470154296,-0.889578484189684,-0.886108709818829,-0.98037958715305,0.500862307366285,0.251689308836056,-0.0272189452750407,0.726172755495118,-0.796454122761974,-0.296700874734808,1.17800805584479,0.830056042661434,-0.00615150860066679,1.00394925739407,0.565976421003951,-0.01206212920031,-0.419922423015838,-0.0641256158777693,0.0178660990932967,-0.115382978305131,0.0621704808792462,-1.04370100280003,1.23235638381255
comm.and.crime_point_1002,comm.and.crime,regression,1,0.0996256999045411,anomaly,-1.6882732998595,0.176086267780421,-0.296225771543798,-0.0818192824927953,2.28995579272044,-1.53137632838129,-0.352747691465246,-0.619472066787389,0.294997464739033,0.251689308836056,0.022439077990719,-0.240892786420384,-0.265657561852559,0.637869761172835,-0.626298265141257,-0.153922844539436,-0.889578484189684,-1.21124469067729,-0.00652810323800724,0.370139857947594,-0.890692353720466,-0.533031194213599,-0.576901296561691,-0.150152698858873,-0.589173488055941,-1.17435938780757,-0.779675500224294,-0.689744465219389,-0.121200695287352,1.08097977620649,0.957035039566971,0.674887070095679,-0.294823366226011,0.378240698697934,0.108751861038678,1.64841402216834,0.566539011621171,1.3008928024361,-0.490300835164584,0.541247834307328,-0.139385171807338,0.641847613676801,0.630299643532615,0.0792511068324541,-1.04427026387769,-1.21469712740159,-1.48129410386892,-0.902753804918476,2.36372071806179,1.73081171717458,-0.0579168405136468,1.47862912729775,-0.34476848053886,-0.366110705033174,2.08310898155765,1.8904540557699,1.90861061304135,-0.641940381005198,-0.432129185345187,-0.484813844404564,-0.480698018482259,0.767391182341933,-0.412290020458506,-0.0387034149277808,-0.00991393021036301,0.0465858602511433,-0.0913622062174521,0.295311354595511,-0.165397908174131,0.208310841536264,-0.203964654594325,0.726172755495118,-0.244678557014993,-0.203833666554659,-0.100894450061688,0.713923989291892,0.458579831344262,0.670299999286939,1.09336975691521,0.615336441409908,-0.778386370841756,-0.706093598596545,-0.675622884018443,-1.39693395858671,-1.25410891864968,-1.05911760742057,-1.09698938712883,-0.472716577020044,-1.92100789931097,0.18787525574614,0.00547415598365529,-0.226875569169311,-0.759522743786688,1.03318082040625,0.303001138876892,0.666141990519079,0.496770369545922,0.591721251577697,-0.949587954657186,-0.618564013678328,-0.391348688885798,1.77914145542068,0.111080258000336,-0.138628602798245,0.32877769022445,0.525175431526179,0.16626443468128,0.4183367341544,-0.34476848053886,1.78891329814154,-0.551753470686607,2.00489132650762,0.0352672065190975,-1.40638212283126,-0.993697780500602,-0.407961060951538,-1.84266734786902,-0.778552299399972,-0.681631226510723,-0.0597367947051054,1.31683711526742,-0.391348688885798,0.134929855663671,-0.0477867027019386,-0.586845013885375,-0.922036947615181,1.08212161042621,1.31539611889071,1.03312600205297,-0.938289124010825,-0.11337289675326,-1.17435938780757,0.632481160315823,-0.00681644642028318,-0.0212745163166381,-1.18175658985325,0.152246600047036,-2.35091615011596,-0.666693784445925,-1.56531543697313,0.682832724400303,0.102796409725239,-0.425247563702025,-0.281327002043937,0.68464204843914,-2.43486975067209,1.1350579554546,-0.789472887579932,-0.391374245016123,-0.0450487366494222,-0.189444898148642,-0.416640719459369,0.224571308055511,-0.984372399164023,0.615566924868049,-0.576901296561691,0.496230246328455,0.592406217722805,-0.697694798599504,0.293144453697438,1.7375092116307,2.64166969199357,-0.512579672044432,0.385056113761999,1.4741881110361,-0.468978398668724,-1.72994415092632,0.0547099621982618,7.38226692912601,1.60318924046321,-0.433845179637909,0.572773528396057,0.0869987106920766,3.6817581761754,-0.282217262099776,2.06273448958504,0.742239561078903,3.00017729274915,-0.675622884018443,-0.814033550969433,-0.917186199337522,4.11649495333169,-0.9955116260173,-0.719233528474505,0.477166715644901,-0.241958561604024,0.0582574288134486,0.398826524610824,-0.569295082344151,-0.626152826019497,-0.569295082344151,-1.31597710055166,3.0081130167773,0.682832724400303,1.67966134986692,-0.689269589429965,-0.648184017845477,0.682832724400303,-0.241958561604024,0.0630429388836828,-0.738257558223326,1.0589466437462,0.0145655943380156,0.13653539481965,-0.187688592418646,-0.791590941172187,-0.482591549127137,2.39591902559856,0.0542078168079789,-0.305555362163633,2.31624292339641,0.726172755495118,-0.219657981557459,-0.743165581250199,1.11702334614895,0.356575042642296,-1.01157020939818,-1.00117832437123,-0.619283391928622,-0.626152826019497,-0.786206461289495,0.281459459960805,-0.871523677129457,1.49031553733097,0.472490510248604,2.08746743456273,-0.129514033521907
comm.and.crime_point_0380,comm.and.crime,regression,0.23,0.0527658100775734,anomaly,0.995053926757281,-1.21585037425788,-0.375024355916575,-0.814792622622935,0.47494529264708,-0.015227658172151,-0.44849760935004,-0.576459764357761,-0.220480633356821,0.112378141086133,-0.277853012703869,-0.0734685214771128,-0.343626531286471,0.682832724400303,-0.0531297159061927,0.611469055738957,0.0902969459852806,-0.256567130116958,-0.294515666436819,-0.665258383296233,0.422240851017754,-0.0790743884354456,0.155666779985624,0.224571308055511,-0.589173488055941,-0.14265187121042,1.21611926443806,2.09591374153282,-0.35568405855027,-0.275847723670213,-0.542780556382761,-0.411489929425723,0.18320378636357,-0.907797521612643,0.510966613656022,0.264918814710728,-0.00340134919443606,-0.408318988919673,0.583283819003517,0.322022122016284,-0.595388506645455,0.641847613676801,0.52137110399335,-0.56760401811193,-0.153076210305205,-0.10010478917523,0.210139629729191,-0.432797033443206,0.643791256463961,0.24714434506481,-0.241958561604024,0.869790820032767,-0.34476848053886,0.0446822618622457,-0.571872999411319,-0.69021633412253,-0.758469577859468,-0.641940381005198,-0.686008264773091,-0.696016939253532,-0.693624944209472,0.855547772725906,-0.639856399463727,-0.700054714702294,-0.691582097088426,-0.602185097684464,-0.471291797870422,-0.602729759433253,0.139036026194378,-0.506122969993337,-0.0300597851839413,0.726172755495118,-0.311139399228302,-0.203833666554659,0.0610890712128745,-0.0207952440995638,-0.493873574512357,0.283147870703906,-0.347866910099853,-0.838891826808356,-0.600152808018174,-0.61971625898909,-0.590607768331523,-0.576224968185445,-0.585142193900484,-0.69663215719134,-0.487817174336336,-1.71165592396486,-1.54722343902544,-0.74673578780763,-0.286904425214791,-0.226875569169311,-0.759522743786688,-2.24585211093084,-0.0278472343569434,-0.231517792612544,-1.31938263312708,-0.139144981884744,-0.752632720582405,-0.662221689003069,-0.391348688885798,-0.822547334916973,1.53063806280479,-0.375024355916575,-0.314241419930838,-0.660982817851633,0.223861947321042,0.133016085671751,-0.230075729421995,-0.100894450061688,0.0188878262786913,0.655028649219603,1.72851770581975,0.578708116571755,0.359432227001014,-0.752632720582405,-1.84266734786902,0.33604003882639,-0.0516442527306052,0.412240099369111,0.773648615506715,-0.391348688885798,0.134929855663671,-0.139144981884744,-0.802823042251458,-0.706093598596545,1.7672926707056,-1.09789239681336,0.775426071093047,-0.65635599605476,-0.496372568292438,-0.0212745163166381,0.833861965998727,0.760473546598372,0.949744322833616,-1.55215513657527,0.445891340166776,-0.015227658172151,0.044462103313619,-1.56531543697313,0.682832724400303,-1.70581571667588,-0.838101809661048,-0.281327002043937,0.454251997880092,0.30420847476134,0.0360411933666282,-0.442074950479027,-0.608816497610759,-0.839101164308632,-0.286904425214791,0.293429019516684,-0.953132713675412,-0.01206212920031,-1.05617467706755,-1.30946937310901,0.730527251248644,-1.00512198687049,1.48077955457769,-1.10745167520755,-1.23875756229239,1.46208613211065,1.09336975691521,-1.72072966280731,-0.295725241742213,-0.138130025434889,-0.23600364120476,-0.425870058168848,0.582249394501401,-1.13445162766544,-0.35568405855027,-0.34476848053886,-0.869747200724323,-0.40441055463925,-0.917186199337522,0.182033724961094,0.972629611637952,-0.274732957383221,0.769634082659194,-0.232948124244939,-0.0705609496871936,0.255364319065638,0.207993071167575,0.208486222981217,-0.759408496192192,-0.333979422149212,-0.000739682945828393,0.827486811528584,0.486720391900693,-0.216759028140039,2.42978886451121,-0.0435165600327901,-0.236728129982936,0.682832724400303,0.95469044940847,-0.867503152253548,1.92637658136394,-1.56531543697313,-0.333979422149212,0.419155177223805,-0.569295082344151,0.110020044243945,-0.56760401811193,1.09121295537998,-0.343626531286471,0.0413031744765323,-0.179953678608368,-0.935362272316362,1.8408257790412,-0.862800033163321,1.19138122643412,-1.23321624918318,-0.00991393021036301,-0.798973669564622,-1.38334975138032,-0.669300457399169,-1.36346675467731,-0.0208937288415306,1.70382584141922,-0.574978601284565,-0.315269840651936,-0.409710691716343,-0.723292047758998,-0.34476848053886,0.626360521262113,0.304440963286713,-0.886108709818829
comm.and.crime_point_0482,comm.and.crime,regression,0.22,0.224387984441308,anomaly,-1.38334975138032,-0.867866213748302,-0.217427187171022,0.834397392669879,-0.590386957395979,0.435519243781917,0.0781269390163294,0.541860098812564,-0.220480633356821,0.0427225572111723,-0.458028267120621,-1.35705455270886,-0.499564470154296,-1.56531543697313,0.854387153715993,0.884823305838383,1.51111631973898,-0.31272463367933,-1.27367338131278,-0.710275698132921,-0.413262097452023,0.526201352602092,0.260319362349526,0.171039307067742,0.692926942225224,0.403546225811598,0.192634769739419,-0.0342954753953406,-0.35568405855027,-0.801071272009583,-0.823995980623335,-0.954678429186424,-0.103612505190179,-0.611019470771741,1.08555911739508,-0.42682878901808,-1.20027610690721,-0.307777118839921,0.0464914919194661,-0.116429302565806,-1.05139184148357,-0.271552014618157,-0.241128672781501,0.726106231776839,0.936160966283394,0.966027012606508,0.575855031588241,0.507116509507333,-0.423751167976071,-0.722945859776196,-0.333979422149212,-0.695793398648614,-0.115382978305131,0.181613250827385,0.660797206038557,1.09640162811069,0.934100543289131,0.248676924481902,0.498760772557125,0.613442248810074,0.498765839862923,-0.202331311881772,0.452462219761333,0.164789292695146,0.304702146810281,1.22616942013407,1.30171296317677,0.929222729204051,0.0882970371329595,0.160681920767624,-0.609742683218555,0.726172755495118,0.0211648118382402,-1.69849326612221,0.0610890712128745,-0.847354381664952,-1.60506921467841,2.17589161044318,-0.718470624475156,-1.17821175605928,1.09306603880586,1.02145319355255,1.06718698756341,1.24757278826182,0.991707943008339,1.03524277168163,0.871105454200756,0.412240099369111,2.72459896423776,-0.435198773289707,-0.286904425214791,-0.226875569169311,0.278835217266183,-0.532924460232356,-2.95034119792249,-3.12397709381444,-0.915793076977527,0.0435715764808665,-0.70339391206371,-0.70587936432781,-0.391348688885798,-0.229179716068034,1.27253664374943,-0.217427187171022,-0.660482479245224,-0.245827430569399,0.16626443468128,0.532464993547459,-0.34476848053886,-0.640839520976896,1.10310629051276,1.30296273431785,1.1993769247883,-0.193271420973861,-0.54265444466673,-0.407961060951538,-0.223927357231975,-0.633170690066098,-0.730091762955347,-0.649707912297875,1.02055247903431,-0.391348688885798,-0.413219819433159,-0.413219819433159,1.19497372013481,2.01479259903827,-0.141398140072703,0.510966613656022,0.156946236789233,0.753309643725566,-0.687872404062027,0.342857548364707,-0.0119374178694681,0.541247834307328,2.406272581559,-1.65798329278156,1.32682556052599,0.804312163562517,1.13490113121159,0.637869761172835,0.682832724400303,0.924892830816656,0.282502572227728,-0.281327002043937,-0.58250322963563,1.38842693899541,-0.871842218792997,-0.590959780665129,-0.173931992421487,-0.293190120292925,-0.286904425214791,1.27660250425276,-0.792536710712104,-1.24024352283868,-0.674062310910845,-0.9955116260173,0.636808449280568,0.272900576804145,0.490563939497149,-0.932377159094426,0.161838566612595,2.1698362680404,-0.14197595766913,0.223072592487436,0.589231434646941,0.413283929954837,1.43031461963852,0.909074442850902,-0.35568405855027,-0.221904671622559,1.36386060537779,1.49031553733097,0.391417864324567,-0.361398252209622,0.987720612375717,0.182033724961094,-0.812893280194679,-0.669300457399169,-0.803145557548822,-1.23664113404179,1.25229100289144,-0.296225771543798,-0.52457500537974,-0.255373652746643,1.07072281732671,-0.241958561604024,0.648228546406218,2.82790148381146,-0.400332606464976,1.57433883758259,1.88066081790389,1.81623346072556,-0.649707912297875,0.682832724400303,-0.0119374178694681,-0.154568900959218,-1.53937807141797,-1.56531543697313,-0.241958561604024,3.67503849919064,-0.569295082344151,0.347251694119508,-1.73194324301182,-0.76198466217831,-0.343626531286471,-1.18354111324217,-1.23918622542406,-0.305119864602728,0.997145074653291,-0.375210946038594,-0.777126743249906,-1.23321624918318,-0.219657981557459,-2.19417587742522,-0.590548525334451,-0.472016707391195,-1.66509236491657,1.04850764809996,-1.23561849465356,0.44850589341408,0.0510141976217214,0.454251997880092,-0.130365530277162,1.60500828844784,0.216040491892755,-0.739281849167541,1.38367531907194
comm.and.crime_point_0643,comm.and.crime,regression,0.65,0.404213924731459,anomaly,-1.6882732998595,-0.519882053238727,-0.453822940289352,0.10142405253974,-0.195819457380031,0.558450217042117,-0.687872404062027,-0.576459764357761,0.166127940215069,-0.235899778288672,-0.217794594564951,-0.408317051363656,-0.343626531286471,0.682832724400303,-0.244185898984547,0.283443955619646,-0.056684368540964,-0.818142165740683,-0.00652810323800724,-0.845327642642986,0.780313543219086,-0.432151904040676,-0.629227587743642,-0.739004709724335,-0.647450780341448,-0.0819631937635291,-1.64963732071814,-1.29057270589143,-0.35568405855027,-0.538459497839898,0.0196502920983885,0.378602433862569,-1.1074695256283,-0.611019470771741,-0.350922141952573,0.660203159698619,-0.801317854336286,0.848454387077221,-1.08077239495704,-0.445267871002372,-1.05139184148357,-0.385726968155027,-0.404521482090398,-0.114805430650861,0.738117843267285,0.626803257494137,0.941570433447291,0.507116509507333,-0.483059080444962,-0.837074119169256,-0.333979422149212,-0.782770299686468,-0.34476848053886,0.911911858641464,0.091872495830922,0.252720923722782,-0.245569541147772,-0.684350728885536,-0.728321444677741,-0.696016939253532,-0.736210329354915,0.811469477533919,-0.685369675264771,-0.700054714702294,-0.534274058578104,0.459440106210166,0.288567385435518,0.400963250363601,0.900120862115651,-0.458494049224697,-1.24739387105663,0.726172755495118,-0.444061083654919,0.620806112517094,0.978995691768727,-0.434074812882258,0.246923518931679,0.670299999286939,-0.0596195766968404,-0.838891826808356,-0.733827980135861,-0.749282268400272,-0.803145557548822,-0.758604743830171,-0.919625556275082,-1.05911760742057,-0.909551783192675,-2.00664148276125,-1.60062121906623,-1.31788698109049,-0.286904425214791,-0.226875569169311,-0.889317488918297,0.837417660326429,0.964697885344563,1.2147118579884,0.749013842139396,-0.321861540250354,-0.70339391206371,-0.662221689003069,-0.391348688885798,-1.18769663882401,1.74572257868425,-0.0598300184254683,0.279314681750966,-0.660982817851633,0.627044535799378,-0.323496951900488,0.458080777279193,1.03299019886025,0.532464993547459,1.19497372013481,0.0352672065190975,0.413283929954837,-0.413784920142767,0.379859875347588,-0.902753804918476,-0.633170690066098,-0.293946934953727,0.176251652332003,1.46497943338397,-0.391348688885798,-0.139144981884744,-0.321861540250354,0.00709456412135369,-0.490150249577908,0.984240030386299,-0.408381392326479,1.03312600205297,-0.69663215719134,-0.352747691465246,-1.05298203291378,0.672757321452404,0.322022122016284,-0.506783935891765,1.72851770581975,0.886358450346385,0.107703315088049,-0.0503586817209869,0.682832724400303,0.637869761172835,1.03450568696218,0.577398462198459,0.98510497013263,-0.524905716995868,2.35851714383641,0.131607868330799,-0.243561843564225,-0.739281849167541,-0.590959780665129,-0.286904425214791,-0.252778472003357,1.24167932682313,-1.24024352283868,1.37979165718147,-0.733880170107544,-1.00327058516075,3.1028076820837,-0.796716360107558,-0.62599675589646,1.86881509871555,1.46208613211065,-0.924361576905879,-0.748828535159937,1.17920255223971,-0.524119794207697,-0.0636258900830415,-0.158881157964898,-0.35568405855027,-0.00718774078893893,-0.277522937462631,-0.230075729421995,3.26165559857376,-0.533447461928133,-1.7108973708847,-0.932455617038282,0.339056972600567,-0.274732957383221,-0.548100210488063,-0.444251915781118,0.405665753241116,-0.375024355916575,-0.315269840651936,-0.0492137079787055,-0.957260530086126,0.12612488057673,-0.0597367947051054,-0.125091603844216,-0.653776320283739,2.23960375913671,-0.611535701313945,0.739536080286516,-0.413719465260767,-1.56531543697313,0.632481160315823,-1.04573671507713,0.936160966283394,-1.56531543697313,0.862291764938238,-0.445688830173635,0.359998534991312,0.347251694119508,-0.438232993123054,1.8774180052532,-0.499564470154296,1.31514123370399,0.526201352602092,-0.530206438786169,0.500862307366285,1.43583423471039,1.37885817592783,-1.23321624918318,-0.429402032904556,0.205571920095007,-1.20039562229281,-0.393103207388005,-1.01157020939818,-0.555594417312278,0.281514065900134,0.294983219209284,-0.367596131833887,-0.0641256158777693,-1.21739747899386,-0.34476848053886,0.934100543289131,-0.521839596572905,0.677520287861476
comm.and.crime_point_0738,comm.and.crime,regression,0.04,0.124455296513138,nominal,0.263237410407251,-0.519882053238727,-0.453822940289352,3.27764185977035,-0.669300457399169,0.845289154649251,-0.161247855695657,-0.576459764357761,3.71003986462407,3.52550175095922,3.98629467515928,-1.52447881765213,-0.421595500720383,0.188240128898148,0.711095016407226,0.830152455818498,-0.203665683067209,2.38283553731455,-0.812893280194679,-0.75529301296961,0.481919633051309,1.53499425433132,-0.472248714197789,-0.631940707748796,-0.822282657197971,-1.23504806525446,-0.882023949694159,0.0749460229086676,-0.35568405855027,0.905905260093369,-1.38642682910448,-1.84353233788575,3.05136670190105,0.72448175801232,-1.44264789905679,-1.21739747899386,3.18826467137296,-1.51427955979694,0.798000749837136,-2.47310570969453,3.22363942262377,-2.78340099242929,-2.69202081241495,-0.56760401811193,0.936160966283394,1.15986915838501,0.987284858679672,-0.380579614390398,-0.601674905382743,0.190080215368281,-0.333979422149212,0.217464062248858,-0.34476848053886,2.32686541128124,2.08310898155765,1.7911975023125,1.498290583672,0.333497620242578,0.16025533331992,0.0220735832329614,-0.0974295521732745,0.502921411190013,-0.503316572060594,-0.700054714702294,-0.272093994394233,0.223523394233582,0.351888984044347,0.242485406711466,-0.368353864419804,-0.0774626830755764,-0.319901234201248,0.726172755495118,-0.510521925868227,0.569266126325109,-0.424861492610813,-0.0207952440995638,0.511493909447407,0.283147870703906,-1.00671795787817,-1.08126320484473,1.04850764809996,0.848698514337638,0.812141640502654,-0.16587047298481,0.131607868330799,1.35745206077428,-0.0660825654799971,3.0081130167773,0.962472222891692,-0.798658623560617,-0.286904425214791,-0.226875569169311,-0.370138508391861,-2.05008895085101,-2.39892724253276,-3.12397709381444,-3.28688171935617,-0.0477867027019386,-0.949587954657186,-0.0946719097814345,-0.391348688885798,0.592406217722805,-0.319088773758589,0.0189685659473083,-0.264778411457355,0.0507121317750543,0.569447023159616,-0.722945859776196,-0.115382978305131,-0.26287797133625,-1.80716432401026,0.49304512794504,0.934806534272571,-0.193271420973861,-0.413784920142767,-0.358722252432842,-1.00718864302409,1.11140862194038,0.966027012606508,0.648228546406218,-0.312728384014686,3.7696264931462,-0.230503261067549,-0.504578098615964,1.62692977686698,-0.965225617418908,-0.532924460232356,-1.04043314643945,-0.0492137079787055,0.833861965998727,4.0517485312353,2.406272581559,0.99496661054505,-1.10294500787551,-0.628161290785547,-1.23467066795639,0.886358450346385,0.312588270521716,0.37633485093474,0.682832724400303,0.682832724400303,0.267215693943522,0.223523394233582,-0.597934995088079,-1.79205099507064,0.0188878262786913,0.0360411933666282,-0.0946770133781229,1.43514067677882,-0.193933566835524,-0.286904425214791,-0.471261468611373,-0.631940707748796,-0.370281702344836,-0.387478036293313,1.20219260362464,0.40251144436038,-0.959478323882113,-0.846227140861585,0.555756227867123,-0.932377159094426,-1.01503934364349,0.393340518650751,0.223072592487436,0.176251652332003,0.0824355567210018,-0.695677644196011,1.49645002329959,-0.121200695287352,0.798000749837136,-0.433845179637909,-0.230075729421995,-0.782770299686468,3.6817581761754,0.723150221859989,-0.723488865413399,-1.10088084339349,-0.51147345739279,-0.123024632053464,0.929222729204051,-0.176389105893484,0.0977671503200851,0.888234856532939,-0.409993611322597,0.180388664803999,-0.333979422149212,0.176251652332003,-0.506122969993337,0.782404724689249,-1.18906929810375,0.57120162984028,1.03318082040625,-0.531713688779321,0.682832724400303,-0.65635599605476,1.58320833657071,-0.994759483123667,0.682832724400303,-0.333979422149212,-0.496562007079367,0.23327667808193,0.881022906339523,-0.1794909431453,-0.53735464792882,-0.421595500720383,-0.44863454061095,-0.179953678608368,2.71104022945538,0.15346437026538,0.669622812085821,2.08189673652927,0.726172755495118,-0.7440181099252,0.038147655151735,-1.6882732998595,0.47494529264708,0.546828776837966,-0.421919245194591,-0.998566532067046,-0.728501275489362,0.574277109441232,1.6637997633151,0.363739900957701,-0.34476848053886,-0.963629592544147,-0.521839596572905,0.425322062429169
comm.and.crime_point_0917,comm.and.crime,regression,0.09,0.066891054377066,nominal,-1.20039562229281,-0.171897892729153,0.176565734692862,-0.6315492875904,-0.550930207394384,0.640404199215584,0.0781269390163294,-0.361398252209622,-0.800393493714657,-1.14142236866316,-0.638203521537374,1.6007741279556,0.280125224184829,0.682832724400303,1.28426356564229,-0.372606244618977,-0.105678140049712,1.8774180052532,1.08782463691748,-0.665258383296233,1.31742258152108,1.58543389941778,2.09173955371781,2.04465934163967,0.518095065368702,0.221480193470925,0.550854342883945,0.894257260188728,-0.277522937462631,-0.976145788122707,-0.542780556382761,-0.905297656480906,1.90410153568606,-0.759408496192192,-0.178544390830854,-0.772702590882484,1.42144955284458,-1.21265394955768,1.87158540400524,-1.43178357631207,-0.253386005516867,-1.12786416614468,-1.22148552863488,-0.761660555595246,0.936160966283394,1.01448754905113,1.03299928391205,0.507116509507333,0.110020044243945,0.4183367341544,-0.241958561604024,-0.739281849167541,0.228695275045463,0.0446822618622457,-0.192589859272896,-0.392446673750327,-0.55330956317479,0.418318316003255,0.244881693129221,0.148795440142343,0.0729119884084963,-0.202331311881772,-0.00267053824910844,-0.700054714702294,-0.639146084251652,-0.66116427567861,-0.534613396479251,-1.1309892382737,0.950859851177069,-0.696638653067897,-0.667710973022016,0.726172755495118,-0.111756872588377,0.620806112517094,0.817012170494165,-0.801434429577986,-0.864272121234376,-1.05037612774876,-1.00671795787817,-0.935840378022907,1.22674121092355,1.15101920296373,1.23721721893725,1.24757278826182,1.08727461797251,1.03524277168163,1.05854305813691,0.117254540572726,-0.212278938005688,0.499412270264063,-0.286904425214791,-0.226875569169311,0.62495453761714,-0.386102090172486,1.13012207196148,0.815751954374349,0.194078202433754,-0.0477867027019386,-0.0140505928019747,0.341904843465976,1.35626088756764,-0.913834660893733,-0.319088773758589,0.0977671503200851,-1.00672353855961,0.0507121317750543,-0.0641256158777693,-1.35065128643802,0.114002523928599,-0.910812056434499,-0.323496951900488,-0.586845013885375,-1.7108973708847,-0.854968167441532,-0.800393493714657,-0.555677486507623,-0.432797033443206,0.675263793938761,-0.87547337228922,-0.590710800538598,0.181079343040496,-0.391348688885798,0.774437809943307,-0.230503261067549,-0.26287797133625,0.632755165319001,-0.435042880192443,-0.810596144943824,-0.925393473242442,0.0283387432671127,-0.304872732522849,4.10555555007194,-0.65635599605476,-1.70581571667588,-1.23504806525446,-1.23467066795639,1.57152951062578,0.886266145735984,-0.0503586817209869,0.682832724400303,0.682832724400303,0.65086069045285,0.813315174175043,0.858461772914973,-1.27367338131278,0.475400863850929,-0.346225506490056,-1.43464048505304,0.695837017957058,0.15346437026538,-0.286904425214791,-0.744365214371393,0.974019321884281,1.52316461284766,-0.0531297159061927,0.207993071167575,-1.23756759008094,0.409831565769285,1.62931189683977,-0.188310465613652,0.468218969810561,3.11350311594674,-0.965539767392024,1.41095174850089,0.825219881684049,-1.29609933175331,-1.15535164718726,-0.0520855978833183,-0.277522937462631,-0.382942369747774,-0.35568405855027,0.228695275045463,0.217464062248858,-0.318385949779994,2.31057256495435,0.251689308836056,-1.04328333075373,-0.274732957383221,-0.845653115392282,-0.602729759433253,-1.28758474605954,-0.138628602798245,-0.890859043653398,0.826966057285032,3.14816917321302,-0.333979422149212,-0.708705024057152,-0.744267573836537,0.359998534991312,-0.574978601284565,-0.484813844404564,0.0543650200071232,1.4741881110361,0.682832724400303,-1.09939376855715,-0.822944761547652,-0.895737921615612,0.682832724400303,-0.241958561604024,-0.59830836089083,-0.653776320283739,-1.43198567994721,-0.114805430650861,-1.26740219423966,-0.499564470154296,0.237278260511525,-0.280832968781291,-1.02539690198974,-1.13687082468084,-1.00211120091324,1.51946588804812,0.726172755495118,-0.376966020067782,0.26138000840943,0.995053926757281,3.23691779275872,1.15007999731647,-0.689269589429965,0.471155635969346,0.0391120955346223,-0.158290967106083,-1.04328333075373,0.363739900957701,-0.34476848053886,-0.296859544818942,-0.304397343978269,0.1226841919104
comm.and.crime_point_1919,comm.and.crime,regression,0.29,0.14237255511706,anomaly,1.17800805584479,1.56802290981872,-0.375024355916575,-0.203981505847819,-0.235276207381626,-0.0562046492588845,-0.639997445119629,0.541860098812564,0.810475562834887,0.112378141086133,0.442848004963141,0.875268979868092,-0.499564470154296,-1.56531543697313,-1.24723086014591,-1.52069409503657,2.19702912086145,-0.930457172865427,1.43340971275605,1.0904168953346,-0.592298443552689,-1.23918622542406,-1.1001642083812,-1.16726071762649,-0.880559949483478,-0.567472613338656,-1.18906929810375,-1.12671045843542,-0.121200695287352,1.43112880843274,1.14451198906069,1.16869479715086,-0.629442373038718,1.36750086816761,-1.55756639980461,0.314329357834215,0.281568831213367,0.999267192196847,-0.919734696831824,0.431634978161806,-0.139385171807338,0.413497706603062,0.412442564454086,-0.244176455639738,-0.301608552567286,-0.633170690066098,-0.841292150615578,-0.11949251912636,-0.779598642789415,-1.06533063795537,-0.241958561604024,-0.217420442940414,-0.34476848053886,-0.548685356986693,-0.00294828920368394,0.0542078168079789,0.164750488221586,-0.557119685244521,-0.432129185345187,-0.44257322543477,-0.438112633336816,0.0180601640781611,-0.0936970898511967,-0.0895765918335127,-0.167221968720685,-0.484226741696171,-0.851221389523392,0.136833510943376,-0.0639199300512947,0.160681920767624,0.607591402654133,-1.23321624918318,-0.111756872588377,-1.59541329373824,0.115083578304395,0.254724468422232,1.51686139340717,-0.706240902341621,2.04046813809654,0.082119409729878,-1.09029510578303,-1.05160295702636,-0.973175788922662,-1.16895923903081,-1.11075890620342,-1.13966992969373,-1.14384878811286,0.530234322887664,-0.158881157964898,0.55133510601705,-0.286904425214791,-0.226875569169311,-0.49993325352347,1.13106240044617,-0.248412816512834,-0.0819078287572736,0.900359925695479,-0.321861540250354,-0.506438677988928,-0.574906338353587,-0.391348688885798,-0.776903671928593,0.283147870703906,-0.217427187171022,-0.413167436877806,-0.957522380196087,-0.0641256158777693,-0.722945859776196,-0.34476848053886,-0.20888346424473,-0.551753470686607,0.385056113761999,1.30520508099459,0.247859743337919,1.58369270997867,-0.555677486507623,0.298246833296102,0.287579502381766,0.675263793938761,-0.118733906464382,-0.263347611309168,-0.391348688885798,-0.139144981884744,-0.504578098615964,0.169078085395916,1.92841525943082,-0.141398140072703,0.281129612160397,0.878506043477017,2.08242296123273,-0.256997773580451,3.68073480794371,-0.575803673781598,-0.719300011366178,-0.385406580997984,0.141095362725389,0.984240030386299,0.271611279434983,0.281514065900134,-1.56531543697313,-1.56531543697313,-1.04813857980274,-0.602185097684464,-2.56090455196176,0.281459459960805,-1.29358715674149,2.99860811725593,0.401605753908883,0.0869987106920766,-0.342818397021626,-0.189444898148642,-1.12671045843542,0.813423318920973,0.499680118149013,0.758859062176815,0.783582274169036,-0.8158329812246,-1.14205297583563,0.0449669127109041,-0.232079094641932,-0.363384981726775,-1.48687276759666,-1.04789614836431,-0.802823042251458,-0.649707912297875,-1.57180630944818,0.338588862534303,-1.2268367587807,-0.121200695287352,0.0464914919194661,-0.433845179637909,-0.230075729421995,-0.43486269553505,-0.490435159498505,1.09354876858201,0.251689308836056,0.511849510519854,-0.550930207394384,-0.803145557548822,0.348137302479556,-0.440959496409212,-0.375024355916575,-0.52457500537974,-0.409993611322597,-1.00672353855961,-0.333979422149212,0.707225658165495,2.82790148381146,0.697923486749661,-0.728501275489362,-0.738257558223326,1.13106240044617,1.76917366983248,0.682832724400303,2.32407992805221,-0.243685682371009,0.0449669127109041,-1.56531543697313,-0.333979422149212,0.520901531035269,-0.738257558223326,0.287943781650617,-0.438232993123054,0.978897948255237,0.825908010222217,-0.546622083628446,-1.03742764507821,-0.440171809112793,0.500862307366285,0.59996722821086,-0.777126743249906,0.726172755495118,-0.953762161272296,1.93562265784215,1.17800805584479,-0.393103207388005,-1.31319581963744,-0.733827980135861,-1.70972241982659,-0.01206212920031,0.207993071167575,0.0510694094017551,0.0672766422167828,-0.34476848053886,-0.0404095264630932,0.739325468475985,0.223563482083323
comm.and.crime_point_0458,comm.and.crime,regression,1,0.0365220765038479,anomaly,-1.0174414932053,-0.867866213748302,-0.217427187171022,0.590072945959833,1.066796542671,-1.08062942642722,-0.496372568292438,2.17632759113842,0.0372584156911057,0.530311644335899,0.262672750546389,-0.519933227992503,-0.187688592418646,0.682832724400303,-1.00841063129797,-0.317935394599092,0.678222204090259,-1.54818971205152,-0.697698254915155,1.00038226566123,-0.950371135754022,-1.23918622542406,-0.9955116260173,-0.846068711699873,-0.822282657197971,-0.628161290785547,-0.67732705075443,-1.01746896013141,0.113282667975565,2.17519550191351,2.22250444864956,2.00816793314467,-1.15527224088726,0.427703707171417,-0.23600364120476,-1.66209236710524,-1.54224032339657,0.396015971718339,-1.56388548933269,1.41815068347151,0.544619830449837,1.38398481166645,1.33833515053783,0.726106231776839,-1.93546431745018,-1.99006571051558,-2.34986818328416,-2.46927637650271,-1.31336985500943,-1.35065128643802,0.310166601667107,3.26165559857376,0.114002523928599,0.272900576804145,1.4193634863154,1.5926843953977,2.01119062038369,1.47857701301171,2.61441976778965,2.55651072142059,2.79837663771683,-2.05361970994521,3.18325876782398,1.5383650691499,1.40585841638254,0.754335996180896,-0.534613396479251,1.61596005169664,-2.14421848156944,3.1136750084233,2.17273522734759,-1.23321624918318,0.0211648118382402,-1.54387330754626,-1.72072966280731,0.1628845642483,-1.44632698036898,0.928401418342293,3.02874470976401,-0.838891826808356,-0.600152808018174,-0.61971625898909,-0.590607768331523,-0.71300979991899,-0.585142193900484,-0.575803673781598,-0.534676575320374,1.35619388751754,0.321698862402212,-0.227507430277758,-0.0919853710824933,-0.127274097367549,1.62004758362614,-1.56068105065144,-1.68208910052612,-0.331257768516057,-1.26893393860839,-0.321861540250354,-0.211005826876756,-0.0946719097814345,-0.391348688885798,-0.137892390091274,-0.319088773758589,0.334162903438415,-0.957260530086126,0.881022906339523,2.1245798644332,-2.54899801006515,-0.34476848053886,0.00709456412135369,-0.494689340990077,-0.424861492610813,0.299837597034825,-0.634402585285642,-0.091611108832858,-0.506438677988928,1.39481263340506,-1.26315766384622,1.20832969482963,0.471237211128387,-0.312728384014686,3.47835823040396,-0.321861540250354,-0.413219819433159,0.925001184677206,-0.576527589185363,0.445891340166776,1.77507012188196,0.981586015860986,2.32407992805221,-0.400622650407643,1.92076316198387,-1.17994609083031,-0.280848586784089,-1.23504806525446,0.511493909447407,0.299068970106906,0.845289154649251,-0.571872999411319,0.6153882795591,-1.56531543697313,-1.32217072016655,-0.720143453672756,-1.42111577700285,0.396654485240329,-0.551753470686607,1.42175798034711,-1.98055152906875,2.30490968715737,2.63487820670041,-0.0919853710824933,-0.580502966915381,-0.0966206978711041,-1.64963732071814,-0.960646585528377,-0.105964675924132,1.2928400630571,-0.685616345951833,0.985671747037421,-0.713534013953022,-0.494690868811617,0.872294352169189,0.722766042539909,-0.478855999702333,-0.826699247575706,-0.579261189746669,-0.178544390830854,1.38965446321801,-0.433845179637909,-1.24181009308225,0.191443789063205,-0.34476848053886,0.130487161211004,-0.619472066787389,-0.599701730718649,-0.0269330266637888,-0.236918153797056,-0.669300457399169,-0.803145557548822,0.665092989783826,1.04063469047886,-0.375024355916575,-1.15249049956315,0.620806112517094,0.229851673277482,-0.333979422149212,0.825219881684049,-0.601380811530617,-0.484813844404564,-0.0632363539352424,-0.653776320283739,-0.141398140072703,-1.23967902989064,0.682832724400303,0.833861965998727,-0.64471119872407,-0.94524870236964,-1.56531543697313,-0.0579168405136468,-0.394815653267903,0.317757916021518,-1.4912935924161,-0.050119918156423,-1.77281972630101,0.358094193618742,-0.693603398154691,-0.734789774559444,-0.0350159755825995,0.302349200451482,-1.90763379128774,1.37885817592783,0.726172755495118,-0.48183804574133,0.707844714924821,-0.224640267159436,1.89538829270449,0.446286906758215,0.38013178751153,2.55721290673067,-0.4726301518147,-0.52457500537974,2.41256742763201,1.4507718496744,-0.34476848053886,-1.73297964761169,-0.173931992421487,0.0722445468239389
comm.and.crime_point_1419,comm.and.crime,regression,0.13,0.090082091134962,nominal,0.324222120103087,0.87205458879957,0.0189685659473083,2.11710073789762,0.63277229265346,-1.12160641751395,3.33362414709934,-0.146336740061482,2.35690985712245,2.06273448958504,2.42477580354742,-1.30124646439444,0.0462183158830917,0.682832724400303,1.33202761141188,1.65021520611678,-0.791590941172187,0.754267934005747,-1.21607586867302,-0.75529301296961,-0.890692353720466,1.23235638381255,0.312645653531477,0.33163531003105,0.692926942225224,1.55663109730253,-0.01206212920031,0.457291266972696,-0.35568405855027,-1.06368304617927,-0.542780556382761,-0.658393792953314,0.709033654212108,-0.512093453824773,0.798262865525553,0.314329357834215,-0.00340134919443606,-0.156964313720294,0.0464914919194661,-1.32217072016655,1.85562941810942,-1.29912659644998,-1.33041406817415,0.855477256765716,1.03518252779145,0.723724330383386,1.21585698484158,1.02929070003541,0.821714993870633,0.817785642030109,-0.149937701058835,-0.13044354190256,0.343388026162328,0.318544239792525,0.613386813521254,0.94751679792459,0.831520535946791,1.35134596937069,1.59890345007804,1.75393896099451,1.56340046849899,-0.819427444569584,0.224895840756112,0.520901531035269,0.619318223830926,0.931273530163335,1.55499935761209,-0.285774072128984,0.64642591680856,0.0177951584617036,-0.435837813808171,0.726172755495118,-0.311139399228302,0.826966057285032,0.331061606670478,-0.571834669143156,-0.599701730718649,0.283147870703906,-0.883183386419734,-0.935840378022907,0.825715694570486,0.719132504926456,0.514588735598435,1.42995256390655,1.03949128049042,0.833861965998727,0.824246053216719,-0.649707912297875,0.481892202524582,0.0840295842401654,-0.286904425214791,-0.226875569169311,1.40372300840679,-0.435042880192443,0.137576952259974,-1.02943759984065,-0.0581652701597183,-0.139144981884744,-0.112528209839365,0.734823921388646,-0.391348688885798,-0.320467042044794,0.369181677055691,0.570558656556745,-0.561556462298257,-0.245827430569399,2.87334752875011,-1.00826650825885,-0.230075729421995,-0.20888346424473,-0.152304562810898,0.115083578304395,0.194009440828534,-1.24095793621434,-0.220480633356821,1.21691962016541,-0.328362195337591,0.384500575271014,1.45063237705275,-0.708705024057152,-0.806536111069869,-0.391348688885798,-0.230503261067549,-0.321861540250354,0.601034142128082,3.18088668373891,-0.141398140072703,0.22367036178649,-1.49233332135427,-0.938289124010825,-0.256997773580451,0.0394141611302526,2.32407992805221,-0.00681644642028318,4.83381967943463,-0.017646871584048,-1.02233236043192,-1.69528429272822,-0.524462606894016,-1.56531543697313,0.682832724400303,0.376828550089045,-0.484226741696171,-0.407970199261594,0.223861947321042,-0.665881730079667,1.70845800523962,-0.293190120292925,-0.739281849167541,0.401605753908883,-0.286904425214791,1.22198175510075,1.08108332385982,1.16494503970313,1.42755570295106,-0.52457500537974,2.7923408945463,-0.594329019975073,-0.796716360107558,-1.10745167520755,1.95635235677211,-1.19197687762592,0.805122423512198,-0.316872478427771,-0.885696359334983,-1.95779607822098,0.798262865525553,-0.372472278128058,-0.121200695287352,-0.490300835164584,-0.35568405855027,-0.34476848053886,0.0435102601731493,2.73548752272359,-0.652615808821794,-0.584177697663477,-1.33127089395254,2.6056097927332,-0.718130441861903,0.242485406711466,0.299837597034825,0.806954409675075,-1.2048167907451,1.03312600205297,-0.0174633690899362,-0.149937701058835,-1.23967902989064,-0.601380811530617,0.782404724689249,-0.882023949694159,-0.78049817719312,0.299068970106906,-1.18068191813137,0.682832724400303,-1.50215537992296,3.27642718339475,-1.53937807141797,0.682832724400303,0.310166601667107,2.55582860726454,0.0220735832329614,0.643791256463961,0.0792511068324541,-1.37971720136441,0.280125224184829,-0.644609626645943,-0.986987999991752,-0.530206438786169,-0.193933566835524,1.29652306696047,1.3319889385544,0.726172755495118,0.40957417248383,0.038147655151735,-0.468579105942779,-0.669300457399169,1.45170560755573,-0.733827980135861,1.84605701897113,-1.34259197230855,2.71965504790123,-0.294515666436819,0.363739900957701,-0.34476848053886,-0.194279537476602,-0.43486269553505,-1.1887465803376
comm.and.crime_point_1631,comm.and.crime,regression,0.02,0.078554179014196,nominal,1.60490102371564,1.22003874930914,-0.453822940289352,-0.692630399267912,-0.708757207400764,0.968220127909451,-0.639997445119629,-0.619472066787389,-0.671523969190694,-0.375210946038594,-0.397969848981704,0.707844714924821,-0.343626531286471,0.682832724400303,-0.817354448219611,-1.0286564448576,-0.399640769102202,0.473480416193885,0.91503209899819,0.46017448762097,0.243204504917087,-0.633910484386522,-0.786206461289495,-0.953132713675412,1.56708632650784,-0.992293355466893,-1.59846309598321,-0.580502966915381,-0.35568405855027,-0.0570045785288092,1.05077351431383,0.279840888451533,-0.82065323407455,0.32877769022445,-0.753136894569917,1.40136130655091,0.395556903376489,1.15007999731647,-0.597659300581394,-0.500074299075133,0.316618163030779,-0.100289584312853,-0.241128672781501,-0.56760401811193,-0.153076210305205,0.142197893047893,-0.384147898291766,-0.171709938179167,0.881022906339523,0.874849771726638,-0.333979422149212,-0.43486269553505,-0.34476848053886,-1.46155861675429,-1.70972241982659,-1.78203842215394,-1.3739496219135,-0.769171424646212,-0.770634624582392,-0.78049817719312,-0.736210329354915,0.767391182341933,-0.548829847861638,-0.59830836089083,-0.639146084251652,-0.897080987655194,-0.471291797870422,-1.07816329038966,-0.0131809409898764,-0.649009732299257,0.375718243440288,-1.23321624918318,-0.444061083654919,0.620806112517094,-0.26287797133625,-0.0667151961865298,0.299837597034825,-0.964342321396976,-0.471401481558287,0.372965063373531,-0.867503152253548,-0.922036947615181,-0.930668231079202,-0.940984519474898,-0.919625556275082,-0.938289124010825,-1.00327058516075,0.23524876409128,-0.906450078535958,0.447489434511076,-0.286904425214791,-0.226875569169311,-0.889317488918297,1.08212161042621,0.303001138876892,0.716011978470835,0.648116453102006,-0.321861540250354,-0.604916295026319,-0.662221689003069,-0.391348688885798,1.09448651059498,1.01443522469408,-0.217427187171022,-0.808871504665675,1.29617829362176,-0.236918153797056,0.0188878262786913,-0.230075729421995,0.925001184677206,0.874849771726638,-1.72072966280731,-0.388045418306067,0.578708116571755,-0.54265444466673,-0.358722252432842,1.08150811908822,-0.730091762955347,1.3537113041635,-0.649707912297875,1.31683711526742,-0.391348688885798,-0.504578098615964,-0.0477867027019386,-0.96480656352602,-0.446961579774181,1.22894398048608,-0.00616663970913513,-1.18309340420237,-0.978565285147405,-0.687872404062027,-0.931604678020002,-0.0924897401426294,-0.00681644642028318,-0.506783935891765,-0.864272121234376,0.886358450346385,-1.28551438186089,-1.28302888717086,0.660351242786569,0.682832724400303,-0.883719295584461,-0.366268385707879,0.668496977088488,-1.10088084339349,-0.494689340990077,-0.537358856418398,0.351977477180183,-0.478351146053977,-0.789472887579932,0.492771791314399,0.402670517820692,-0.524876705773258,1.01142236549834,1.42755570295106,-1.1001642083812,-0.8158329812246,-0.229179716068034,0.886650185529367,0.161838566612595,-1.19498893326411,-0.484226741696171,-0.883183386419734,-0.532850506793854,1.06120832872116,0.413283929954837,-0.00616663970913513,1.76343892350354,-0.277522937462631,0.851679982545541,-0.199361816374992,-0.34476848053886,-0.695793398648614,-0.361398252209622,0.82897837806628,0.948245147585665,-1.15847835603325,2.6056097927332,-0.803145557548822,3.14791254033394,-1.18175658985325,-0.217427187171022,-0.419922423015838,-1.64695327993023,-1.00672353855961,-0.241958561604024,-1.12168480637209,-0.220349445381496,-0.44257322543477,-0.319107477609904,-0.738257558223326,-0.875509990372052,0.23524876409128,0.502980871490429,-1.13966992969373,-0.822944761547652,0.143988474218959,-1.56531543697313,-0.333979422149212,-0.191322945644976,-0.611535701313945,0.169327956712836,-0.632289530606369,-0.874299669303055,-0.109719622984733,-0.105678140049712,-0.886108709818829,0.865330321151163,-1.23612737813824,-0.305555362163633,0.910165802193541,-1.23321624918318,-0.0623499430471371,-0.0176604331626889,-1.38334975138032,0.790599292659839,-0.659673664119051,-0.421919245194591,0.328924458417437,-0.830849724959226,0.783582274169036,-1.04328333075373,-1.26680802211735,1.26093003509725,0.0621704808792462,1.47862912729775,0.627080642775015
comm.and.crime_point_0631,comm.and.crime,regression,0.89,0.0393024865132031,anomaly,-0.651533235030286,-0.519882053238727,0.885752994047852,0.46791072260481,3.23691779275872,-3.08850198967716,-0.687872404062027,-0.18934904249111,0.810475562834887,0.0427225572111723,-0.0376193401481986,-0.296700874734808,0.903876979656129,0.682832724400303,-1.10393872283714,-1.30201069495703,-0.889578484189684,-2.10976474767525,0.627044535799378,2.35090171076187,1.01902867135331,-1.1887465803376,-1.15249049956315,-0.899600712687643,-0.414341611199418,-0.324717903551093,-0.67732705075443,-0.580502966915381,1.98914957407891,2.13142687288523,0.394604191085821,1.16869479715086,-1.15527224088726,3.14816917321302,-1.78740340130023,1.00607696156302,0.45255093945805,1.40143467251585,-1.13445162766544,2.02102139227188,1.11462399899748,1.9548595793508,2.04637065754305,1.30827584422678,-3.02470149403878,-3.0077369758527,-3.03558456176988,-2.52149379555552,-0.838906555258306,-0.951202378562316,2.61068811529682,3.26165559857376,-0.230075729421995,-0.959478323882113,-1.33043927968817,-1.48426876178174,-1.68168964394052,-0.726761076765874,-0.728321444677741,-0.738257558223326,-0.736210329354915,0.502921411190013,-0.503316572060594,1.6909845998671,1.45829442921931,0.754335996180896,0.668496977088488,0.823570833435961,-0.368353864419804,0.589342207685384,0.433686533243749,-1.23321624918318,1.61622502495764,-1.3892533489703,-0.316872478427771,3.65280092285772,2.57514295547008,-0.792274708693406,1.21690432837365,0.615336441409908,-1.09029510578303,-1.05160295702636,-1.05819090460958,-1.21455418294199,-1.2063255811676,-1.17994609083031,-0.956411184176713,1.23819966399899,-0.906450078535958,1.74556032833576,0.200393210115953,0.271131789839503,-0.759522743786688,-0.0435165600327901,1.24040486303943,1.41419180979543,0.79946253665809,0.683079530760502,-0.211005826876756,0.778481596713387,2.89582170491948,0.181613250827385,-0.405122580110374,1.91013459089395,0.971796800379738,-0.423751167976071,0.396654485240329,-0.437625211293547,-0.230075729421995,0.0610890712128745,-0.0381763034178386,0.00709456412135369,-0.282217262099776,-0.854968167441532,0.294997464739033,-0.506438677988928,0.663768766665756,0.33604003882639,-0.536249617176849,1.7101765580732,-0.905297656480906,-0.391348688885798,-0.230503261067549,-0.230503261067549,0.0610890712128745,3.09450934413146,0.494832130186732,0.970640616647273,-0.770773514666489,-0.0119374178694681,-0.639997445119629,-1.23504806525446,-0.173042062415791,1.52776353961703,-0.0212745163166381,0.617322065653698,0.690595290266559,0.394542252695183,0.091872495830922,0.6153882795591,0.637869761172835,-0.609687155220656,0.223523394233582,0.921783371523802,0.799837073718665,0.646593252940519,-0.871842218792997,-0.789472887579932,0.217464062248858,-1.43464048505304,9.45904828140007,2.86060422966087,3.3829593663339,-0.574978601284565,-0.674062310910845,-0.105964675924132,1.99573107781766,0.272900576804145,-0.0540546487971503,0.118069937584314,-1.01991441715099,-0.897080987655194,1.01101337594292,-0.26287797133625,0.294245875850557,0.46842532549381,-0.925514645691636,0.268301082361422,-0.35568405855027,1.97894386942205,-0.277522937462631,-0.230075729421995,0.0435102601731493,-0.103324437631854,0.0352672065190975,0.251689308836056,-0.294515666436819,-0.550930207394384,-0.760637999705362,-0.0216443327087585,-0.176389105893484,-0.296225771543798,-0.52457500537974,-0.513073583706566,-0.0174633690899362,0.12612488057673,-1.65265881220558,-0.649009732299257,-0.738257558223326,0.346157443944216,1.88066081790389,-0.337161300152529,0.766222769924772,0.682832724400303,-0.334146706962114,1.22674121092355,-0.499651675583395,0.682832724400303,-0.241958561604024,-0.496562007079367,-0.653776320283739,-1.31336985500943,-0.308861968134177,-0.200409626554585,-0.343626531286471,-0.595615855137194,-0.179953678608368,-0.665258383296233,0.550490584094985,-0.723488865413399,-0.449042081635903,-1.23321624918318,-0.48183804574133,1.76819839289887,-0.224640267159436,-0.708757207400764,-0.358048053879797,-0.689269589429965,1.84605701897113,1.47199038811273,-0.629227587743642,0.627044535799378,-1.41503965148781,-0.34476848053886,1.44700058000083,-0.782770299686468,-0.58347083930006
comm.and.crime_point_1176,comm.and.crime,regression,0.22,0.265167906981782,anomaly,0.751115087973938,0.176086267780421,0.0189685659473083,-0.692630399267912,-0.669300457399169,0.722358181389051,-0.400622650407643,-0.232361344920738,-0.478219682404748,-0.653833281538438,-0.518086685259539,0.763652803239245,0.0462183158830917,0.682832724400303,-0.626298265141257,-0.864643894797944,-0.546622083628446,-0.0880946194298402,0.569447023159616,0.145053283764153,0.123846940849976,-0.58347083930006,-0.262943549469985,-0.41781270379772,-0.647450780341448,-0.203340548657311,-0.882023949694159,-0.744365214371393,0.0351215468879261,0.336913082725718,-0.542780556382761,-0.411489929425723,-0.390428796743927,0.378240698697934,-0.523299893074292,-0.575060418388539,-0.459353637846922,0.446286906758215,-0.543980067872989,1.25373139925322,-0.880390590919278,1.38398481166645,1.33833515053783,-0.891031580584123,-0.40063011407534,-0.293946934953727,-0.841292150615578,0.141594576137679,-0.601674905382743,-0.0381763034178386,-0.149937701058835,-0.0869550913836323,-0.230075729421995,-0.685616345951833,-0.42964182185941,-0.442074950479027,-0.45072955583245,-0.59953003312486,-0.516755545154489,-0.527054463374357,-0.523283403627701,0.546999706382,-0.366776744657462,-0.394815653267903,-0.429402032904556,-0.543205919690318,-0.597934995088079,-0.232948124244939,-0.419092853481222,-0.172720524612857,0.201813374029904,0.726172755495118,-0.244678557014993,0.723886084901063,-0.424861492610813,-0.158555100360462,-0.970100277440667,0.369181677055691,0.0639149947615938,-0.499571897557428,-0.555594417312278,-0.576527589185363,-0.548100210488063,-0.348250248629537,-0.394008843972142,-0.414699029235275,-0.394098372368261,0.766222769924772,0.0547099621982618,0.291720927252114,0.297852737182101,-0.127274097367549,-0.49993325352347,-1.21809552051175,-1.24095793621434,-0.430997744419571,-1.26893393860839,-0.139144981884744,-0.112528209839365,-0.400275637054622,-0.391348688885798,-0.594329019975073,-0.878308515045191,-0.375024355916575,-1.20457557245354,1.11825455621509,-1.21607586867302,-1.17945889734843,-0.115382978305131,-0.96480656352602,0.4183367341544,0.871006677585685,-0.0705609496871936,0.0272941611820292,0.294997464739033,0.379859875347588,-0.223927357231975,0.0937373566032682,0.190658429492517,-0.118733906464382,-1.44848615624161,-0.391348688885798,-0.504578098615964,-0.413219819433159,0.0610890712128745,0.200868467281728,0.886358450346385,0.396048112908209,-0.152293680362675,-0.978565285147405,0.461126610555507,-0.324717903551093,-0.938289124010825,0.102796409725239,-0.688849968232438,0.776064299963135,1.08212161042621,-0.629882524473152,-0.0503586817209869,0.682832724400303,-1.18313024953964,1.03450568696218,-0.720143453672756,-1.86436696726465,0.396654485240329,1.10310629051276,0.561657905669569,-0.193933566835524,-0.608816497610759,-0.0946770133781229,-0.286904425214791,-0.580502966915381,-0.631940707748796,-0.267933252874971,-0.8651184939892,-1.15249049956315,0.121355038456154,-1.18769663882401,-0.153076210305205,-0.407153610755056,-0.494690868811617,0.69535681818675,0.105093185247738,0.817012170494165,0.471237211128387,0.137576952259974,0.85572211589946,2.24401894387065,-0.35568405855027,0.475925353586706,-0.121200695287352,1.94908654179843,-0.13044354190256,-0.361398252209622,-0.652615808821794,-0.0269330266637888,0.16626443468128,-0.708757207400764,-0.378069979114223,0.242485406711466,-0.599701730718649,0.0189685659473083,-0.890859043653398,0.981586015860986,0.378240698697934,-0.149937701058835,0.353242987609834,-0.601380811530617,-0.696016939253532,-0.319107477609904,-0.738257558223326,-0.581865250252313,-0.0597367947051054,0.682832724400303,0.511652676906082,-1.04573671507713,0.837139404775339,0.682832724400303,-0.333979422149212,0.26653564650661,-0.527054463374357,0.525175431526179,-0.632289530606369,0.978897948255237,-0.499564470154296,-0.840584712680936,-0.734789774559444,-1.11543153166311,-0.739844610851231,-0.653833281538438,1.75381207491527,-1.23321624918318,-0.429402032904556,3.21920868907389,0.202252700711415,-0.590386957395979,-0.760215534198803,0.157339833982052,-0.666693784445925,0.294983219209284,-0.262943549469985,0.799837073718665,-0.42682878901808,-0.34476848053886,-0.758469577859468,-0.695793398648614,-1.03742764507821
comm.and.crime_point_0627,comm.and.crime,regression,0.1,0.084589733510106,nominal,0.324222120103087,-0.519882053238727,-0.375024355916575,-0.26506261752533,-0.708757207400764,0.968220127909451,-0.544247527234835,-0.533447461928133,-0.413784920142767,-1.14142236866316,-0.758320357815209,1.54496603964118,-0.499564470154296,-1.56531543697313,-0.14865780744537,-1.52069409503657,-0.399640769102202,0.305007905506768,1.77899478859462,-0.350137179439416,2.21260431202442,-0.331272613867753,-0.158290967106083,-0.36428070280995,-1.69644204148058,-0.446095258444874,3.46778515277508,0.948878009340733,-0.35568405855027,-0.494690868811617,-0.261565132142186,0.477363979273606,-0.868455949333508,0.0814626478570313,-0.925514645691636,-1.46445019461129,-0.3453655656838,-0.408318988919673,-0.705017765998204,-0.719300011366178,-0.880390590919278,-0.671164351997201,-0.676842830938559,-0.438232993123054,0.540074720251176,0.481421648160263,0.255854054961572,1.13372553814103,-1.13544611760276,-0.266432822203958,-0.333979422149212,-0.652304948129686,-0.34476848053886,-1.05076564985887,-1.28302888717086,-1.48426876178174,-1.73297964761169,-0.641940381005198,-0.686008264773091,-0.653776320283739,-0.693624944209472,0.41476482080604,-0.503316572060594,-0.394815653267903,-0.324530007231007,-0.0713724957371486,-0.597934995088079,0.929222729204051,1.25529378554558,-0.553751890761977,-1.42129874046701,0.726172755495118,0.619312391758016,-3.70855272760961,1.51894076268393,-0.801434429577986,0.776064299963135,1.01443522469408,-0.512579672044432,-0.0633034170919484,0.246456615393843,0.244057137085456,0.217035830694215,0.791623349150004,0.896141268044168,0.713033482588985,1.33969946404113,1.12020544048043,2.61780340415618,2.57632570038355,-0.286904425214791,-0.226875569169311,-0.370138508391861,0.152246600047036,0.578708116571755,0.416792050760294,0.950808620214174,0.683079530760502,-1.04806557169458,-0.487590987704104,-0.391348688885798,-0.868190997905353,-1.69562967538715,-0.296225771543798,1.86213095290244,0.228635869181726,-0.985685818113966,-2.20661323188597,-0.34476848053886,-1.39676262025819,0.4183367341544,-0.532850506793854,-0.970100277440667,-0.634402585285642,0.294997464739033,0.921486769053237,0.977073280982603,-1.16623659095697,0.529882184604888,-0.295725241742213,-0.609013020247796,-0.391348688885798,-0.413219819433159,-0.139144981884744,-0.316872478427771,-0.749282268400272,0.152246600047036,0.510966613656022,0.363106181557171,-1.30077457424005,0.796251323152288,0.828366967939835,-0.414699029235275,-0.226042158711328,-0.324717903551093,1.67560362771661,-0.826569200352095,0.0257493329145824,-0.714104176963228,0.682832724400303,-1.56531543697313,-1.87023500089416,1.5210653101048,1.55499935761209,0.281459459960805,1.16017042020929,0.131607868330799,0.749003691009788,-0.956724101762177,0.649747137552387,1.46736706197588,0.293429019516684,-1.4884527235531,0.65320279235381,-0.0531297159061927,-0.262943549469985,0.308792642392304,0.592406217722805,-0.153076210305205,-0.888608530066145,0.249375824669157,-1.78176865756739,0.310984137678462,0.223072592487436,1.41519099927682,0.523566721032782,-1.61502565017851,-1.70741677914781,-0.199361816374992,1.12007614608757,-0.277522937462631,-0.34476848053886,-0.347885794497196,-0.619472066787389,-0.335131340202921,-1.14142236866316,-0.928088305474204,-0.590386957395979,-0.0380095163665442,-0.655555707317298,-0.811358043131231,0.0189685659473083,1.41149776835245,-2.11081315565809,-1.00672353855961,-0.333979422149212,-0.826699247575706,-0.125091603844216,-0.738257558223326,-0.4726301518147,-0.484813844404564,0.25012818008695,-0.649707912297875,-1.56531543697313,0.793585804862147,-0.733827980135861,0.193499254972986,0.682832724400303,0.310166601667107,-0.0387034149277808,-0.315851368525389,0.0507121317750543,-0.891031580584123,0.36116540906914,1.83950461286308,2.39300420689645,-0.331272613867753,2.30588439592518,-0.0946770133781229,1.15721189921055,-0.214695894768757,-1.23321624918318,-0.219657981557459,-1.80351925922425,0.690130378278102,-0.393103207388005,-0.408318988919673,0.112781443276156,-0.382231429342107,1.06259659023327,-0.315269840651936,0.799837073718665,-0.772702590882484,-0.34476848053886,-0.142989533805432,0.0869987106920766,0.980158158380245
comm.and.crime_point_0020,comm.and.crime,regression,0.03,0.137807734511179,nominal,0.812099797669774,-1.56383453476745,-0.453822940289352,-0.326143729202842,-0.51147345739279,0.845289154649251,-0.687872404062027,-0.576459764357761,-0.349350157880785,-0.862800033163321,-0.578145103398456,0.707844714924821,-0.421595500720383,-0.261389503376538,-0.626298265141257,-1.19266899491726,0.188284489002777,0.0803778912572774,1.31821468747653,0.190070598600841,2.33196187609153,-0.684350129472983,-0.681553878925593,-0.846068711699873,-0.297787026628403,-0.324717903551093,-1.64963732071814,-0.416640719459369,-0.35568405855027,-0.10077320755709,-0.214695894768757,-0.0164437477815769,-0.82065323407455,1.76320493595548,-1.44264789905679,-0.0315444440301896,-0.516347673928482,0.49655784179809,-0.543980067872989,-0.8289128675117,-0.823390174064514,-1.24203911968155,-1.05809271932599,-0.502918505617492,0.738117843267285,0.578342721049512,0.758712732517766,1.6036823096163,-0.30513534303829,-1.23652302704496,-0.333979422149212,-0.826258750205395,-0.34476848053886,-1.46155861675429,-1.70972241982659,-1.98055152906875,-2.19458968065222,-0.769171424646212,-0.770634624582392,-0.78049817719312,-0.778795714500358,0.679234591957959,-0.594343123662683,-0.852674245419489,-0.691582097088426,-0.0123933177430025,-0.281327002043937,0.0311816151752862,1.35677176366841,-0.696638653067897,-0.435837813808171,0.726172755495118,-0.444061083654919,0.156946236789233,1.51894076268393,0.484324228857062,2.15183033064492,-0.233054967406804,-0.883183386419734,-0.305674795128326,-0.822944761547652,-0.749282268400272,-0.718130441861903,-1.30574407076435,-1.2063255811676,-1.09939376855715,-0.862692382208638,-1.77065303572414,-1.33363231886228,-0.642890116301655,-0.286904425214791,-0.226875569169311,-0.846052573874427,1.81623346072556,2.06752579612401,0.765881966422592,1.40484687088243,0.226288134846476,-0.998826763175882,-0.487590987704104,-0.391348688885798,0.135969587839005,0.842367611990508,-0.296225771543798,-1.10564955550658,-2.20298854204279,-1.21607586867302,-0.323496951900488,0.114002523928599,-1.1807845918921,-1.23652302704496,0.925001184677206,0.194009440828534,-1.62694770498715,1.00377984962083,-0.604916295026319,0.141594576137679,-1.06931551806772,0.481421648160263,0.353242987609834,1.86002561502812,-0.391348688885798,0.0435715764808665,-0.230503261067549,1.41095174850089,0.0281137880668194,1.22894398048608,0.338588862534303,0.569266126325109,0.229719548950016,-0.639997445119629,0.282168870917816,0.189443387813436,-0.226042158711328,3.98417819517816,-0.440959496409212,1.57152951062578,-2.02310022142209,0.613386813521254,0.682832724400303,0.682832724400303,-0.280848586784089,0.69535681818675,0.668496977088488,-0.755295767554917,-1.52184367552761,0.991707943008339,-0.64058805739383,-0.0434666408647052,0.203092646994081,-0.189444898148642,-0.198157722851353,-0.846068711699873,0.65320279235381,-0.483006127832491,-1.04783791719925,-0.862692382208638,-0.411754368021554,-0.202586991059232,2.56911316316804,-0.669765384924741,0.0465858602511433,-0.306688719613709,0.925001184677206,-0.590710800538598,0.6889909076497,-2.01724040279586,0.0547099621982618,-0.433845179637909,-1.13445162766544,1.36386060537779,-0.34476848053886,0.478394765362422,-0.447422857068877,1.09354876858201,-0.514522113788516,0.223861947321042,-0.669300457399169,-0.548100210488063,-0.497077863665163,-0.017646871584048,-0.138628602798245,2.19639213608172,0.414646167749156,0.229851673277482,-0.241958561604024,-0.708705024057152,-0.553751890761977,0.782404724689249,0.602028567618877,-0.738257558223326,-0.630806040272269,1.00221121696188,0.368091981808023,-0.414699029235275,0.825715694570486,0.342031597235068,-1.56531543697313,-0.333979422149212,-0.0387034149277808,-0.44257322543477,-0.483059080444962,2.3432440441378,-0.593512151491192,-0.343626531286471,1.56011009124773,-0.129514033521907,-0.845327642642986,2.33710854632821,0.0427225572111723,-0.636519031129619,0.726172755495118,-0.48183804574133,-0.296700874734808,1.17800805584479,2.21104229271725,-0.358048053879797,-0.822944761547652,0.423745243452043,-1.39376619704348,-0.576901296561691,-0.812893280194679,-0.624470961512025,-0.34476848053886,-1.63039964026935,0.0869987106920766,-0.280832968781291
comm.and.crime_point_1526,comm.and.crime,regression,0.05,0.234886361407501,nominal,0.629145668582266,0.87205458879957,-0.296225771543798,-0.448305952557865,-0.35364645738641,0.681381190302317,-0.496372568292438,-0.619472066787389,-0.413784920142767,-0.375210946038594,-0.458028267120621,0.0939557434661589,-0.499564470154296,-1.56531543697313,-0.339713990523725,-0.208593694559321,0.237278260511525,-0.0319371158674677,0.281459459960805,-0.26010254976604,0.60127719711842,-0.280832968781291,-0.472248714197789,-0.631940707748796,-0.356064318913911,-0.0212745163166381,0.346157443944216,0.948878009340733,-0.277522937462631,-0.232079094641932,-0.261565132142186,0.0823177976294598,-0.486034227261844,-0.561556462298257,0.166211111412584,2.24134053965018,-0.687329782173164,0.898725322117096,-0.168225438914154,0.322022122016284,-0.994391424628807,0.356410229834627,0.357978294684454,-0.308861968134177,0.193499254972986,0.239118965937142,-0.0184324964327153,0.246029414243294,0.110020044243945,0.24714434506481,-0.241958561604024,-0.391374245016123,-0.34476848053886,2.60072738921152,1.4193634863154,0.848260244467189,0.575070517590943,-0.429888641603507,-0.559068725059139,-0.611535701313945,-0.608454173918587,0.767391182341933,-0.548829847861638,-0.59830836089083,-0.534274058578104,-0.307289207713733,-0.344648600652765,-0.180122176360894,0.0375580480715412,-0.649009732299257,-0.319901234201248,0.726172755495118,-0.37760024144161,0.620806112517094,0.00709456412135369,-0.0667151961865298,-0.176389105893484,-0.491156386462159,0.434518709136896,-0.354149070735601,-0.689269589429965,-0.706093598596545,-0.675622884018443,-0.758604743830171,-0.72849220634674,-0.777184479464502,-0.675254778272487,-0.649707912297875,-1.70741677914781,-0.74673578780763,-0.286904425214791,-0.226875569169311,-0.802787658830557,1.03318082040625,0.247859743337919,0.666141990519079,0.749013842139396,-0.413219819433159,-0.211005826876756,-0.574906338353587,-0.391348688885798,-1.37027129077753,0.756333805638724,-0.296225771543798,-0.709945487718708,0.169327956712836,-1.10088084339349,-0.551753470686607,-0.34476848053886,0.385056113761999,0.646593252940519,-0.0468999429701671,0.723150221859989,0.0272941611820292,-1.31587159181051,-0.851110337619796,-0.223927357231975,0.869105939717259,-1.26315766384622,-0.531713688779321,1.36621788797293,2.56294369035692,-0.504578098615964,-0.504578098615964,-0.316872478427771,-0.878848277811454,-0.435042880192443,-0.465840642700386,-1.23463339039435,-0.0522135790060488,-0.44849760935004,-1.23504806525446,-0.616079834918179,1.58256996768979,0.464234903258489,1.1993769247883,0.494832130186732,0.681381190302317,0.565976421003951,0.682832724400303,0.682832724400303,0.596054262380089,-1.13299769963178,-0.281327002043937,-0.352113179076581,-1.6930360646172,-0.680708868864655,0.997145074653291,2.18096542220705e-05,0.00457954007927846,-0.286904425214791,-0.0342954753953406,1.93759533966413,-0.01206212920031,0.233454558711339,1.30684518598855,1.71457467191344,0.774980869676324,-0.895737921615612,-0.0132359495005283,1.60620332454586,0.577398462198459,0.887478804484488,-0.370866985519292,-0.413719465260767,-1.02039235405845,-1.04043314643945,-0.425870058168848,-0.35568405855027,0.207529190044681,-0.277522937462631,8.94534435992718,1.43514067677882,-0.576459764357761,0.0881812846222431,-1.14142236866316,0.799837073718665,0.0409210426295376,-0.165532189896924,0.348137302479556,0.776064299963135,-0.453822940289352,0.888234856532939,0.00232627821327909,-0.264778411457355,-0.241958561604024,3.0081130167773,0.0177951584617036,-0.569295082344151,3.05839135489563,-0.696016939253532,0.935299240366342,0.530234322887664,0.682832724400303,0.149167226676855,-0.778386370841756,-0.895737921615612,0.682832724400303,-0.333979422149212,-1.00529377613668,-0.527054463374357,-0.720290730320524,-0.891031580584123,0.13653539481965,0.903876979656129,-0.595615855137194,0.879278868207322,0.145053283764153,-1.18649910140954,-0.166244194413711,0.0665195294718176,0.726172755495118,-0.324530007231007,-0.240892786420384,1.17800805584479,1.89538829270449,-0.307777118839921,-0.243685682371009,1.08749073869428,0.0902863202695546,-0.105964675924132,-0.755295767554917,1.99428782403275,-0.34476848053886,-1.52781963292701,-0.956724101762177,-0.381712258954214
comm.and.crime_point_0922,comm.and.crime,regression,0.03,0.00987920110631602,nominal,0.324222120103087,-0.171897892729153,-0.375024355916575,0.0403429408622278,-0.590386957395979,0.722358181389051,0.173876856901124,-0.490435159498505,-1.18700206728655,-1.28073353641309,-1.11867086664871,-0.296700874734808,-0.343626531286471,0.480499389876695,2.86047707603872,1.21284840595769,-0.546622083628446,2.21436302662743,-1.15847835603325,-1.20546616133649,-0.592298443552689,3.04818360692517,3.29524425090269,3.22236336337059,0.984313403652762,0.889055645386725,1.267293489173,3.35219097202891,-0.433845179637909,-1.23875756229239,-0.964603692743623,-1.44848615624161,2.57333954931147,-1.20457557245354,0.568425864029928,-0.328007702771107,0.224574795131807,-1.56455049483681,2.5157361965061,-0.554880727147895,-0.310386422371632,-1.29912659644998,-1.00362844955635,-0.438232993123054,1.72833345834783,1.64447452283125,1.3987146857711,1.34259521435226,-1.31336985500943,-1.35065128643802,-0.333979422149212,-1.0002125522811,-0.230075729421995,-0.274823379056414,-0.619283391928622,-0.392446673750327,-0.399439552161281,-0.217836902201817,-0.347502825535886,-0.231370130585801,-0.225185707609603,0.194373344846107,-0.412290020458506,-0.852674245419489,-0.7440181099252,-0.248310029719587,-0.281327002043937,-0.919685446737523,1.50898873085267,-0.839525415373817,-0.667710973022016,0.726172755495118,-0.444061083654919,0.569266126325109,1.46494625559241,-0.709594525404054,-0.440959496409212,1.27253664374943,-0.84200519593359,-0.548046173164703,2.07335063433556,2.23073594805691,2.46993639639759,0.335673910038188,2.99860811725593,2.32407992805221,2.88605969651438,-0.413719465260767,1.33625668317722,-0.227507430277758,-0.286904425214791,-0.226875569169311,-0.0240191880409045,-0.581865250252313,-0.303554212051806,-1.97696737092403,-0.663549604384054,0.0435715764808665,-0.851110337619796,0.734823921388646,-0.391348688885798,-0.0466050641145143,-1.78166348173893,-0.453822940289352,-0.561556462298257,-0.720290730320524,-0.58250322963563,0.0188878262786913,-0.34476848053886,0.223072592487436,0.475400863850929,-0.640839520976896,-0.493873574512357,0.523566721032782,-0.413784920142767,-0.112528209839365,0.35046425234891,-0.633170690066098,-0.827012835844596,-0.472716577020044,0.576125524684642,-0.391348688885798,0.500362972394892,-0.504578098615964,1.73491879105002,-0.101452221344363,-0.0435165600327901,0.166211111412584,1.13620597443694,0.0283387432671127,-0.11337289675326,-0.264029226104202,0.108891065540274,0.431634978161806,0.100102838577144,-0.282217262099776,-0.0435165600327901,0.927243136822718,0.044462103313619,0.682832724400303,0.682832724400303,-0.883719295584461,1.28514859812821,-0.661256593696907,0.16626443468128,-2.49193388036862,0.370524555741227,0.203092646994081,-0.869747200724323,-1.98055152906875,-0.286904425214791,2.42363823644484,0.759891317933204,-0.267933252874971,-0.14865780744537,1.30684518598855,0.0276362364880784,1.5052794774904,1.08469330854548,0.643293485923684,-0.976145788122707,-0.720143453672756,1.87575537615196,-0.586845013885375,3.0081130167773,0.854415094266617,0.453507363282115,-0.0520855978833183,-0.199361816374992,-0.221904671622559,-0.121200695287352,-0.34476848053886,2.0439789840438,-0.576459764357761,0.0881812846222431,-0.723488865413399,-0.812893280194679,-0.590386957395979,1.70480035521531,-0.0744702805928035,-1.28758474605954,1.27974591591174,-0.733880170107544,-3.70855272760961,1.02125980885322,-0.333979422149212,0.589231434646941,-0.791896494605177,-0.358091987495182,-0.933198174429091,-0.231370130585801,-0.581865250252313,-0.000739682945828393,-0.126500613694132,-1.05911760742057,0.647482131746904,-0.301608552567286,0.682832724400303,0.678250043847861,-0.496562007079367,-0.273610749555595,-0.601674905382743,1.24359033173235,-0.53735464792882,7.29733247323696,-0.644609626645943,-0.432151904040676,-0.620241068459545,-0.541331503936429,2.13239007346,-0.683388268503048,-1.23321624918318,-0.219657981557459,0.652036626610397,1.60490102371564,-0.669300457399169,0.345745036678463,-0.867503152253548,-0.571872999411319,-0.165584803405107,0.155666779985624,0.569447023159616,-0.673881504635512,0.228695275045463,-0.0404095264630932,1.21769842418418,0.173123836996862
comm.and.crime_point_0924,comm.and.crime,regression,0.15,0.126684109527966,nominal,0.324222120103087,-0.171897892729153,0.0189685659473083,-0.814792622622935,-0.393103207388005,0.35356526160845,0.748376364209891,-0.232361344920738,-1.05813254276258,-0.444866529913555,-0.458028267120621,1.04269324481136,0.0462183158830917,0.682832724400303,0.472274787559283,-0.0992519945195506,-0.889578484189684,0.978897948255237,0.799837073718665,-0.710275698132921,0.839992325252642,0.828839223120861,0.626603400623183,0.492231312994358,0.401540480797687,-0.0212745163166381,0.499680118149013,0.5119120161247,-0.277522937462631,-0.713534013953022,-0.120957420021899,-0.0658245204870952,0.18320378636357,-0.165852394510387,0.281129612160397,0.0672766422167828,0.167580759050246,-0.709944599158927,0.207529190044681,-0.883719295584461,0.430618996740308,-0.899514259070941,-0.894699910017088,-0.244176455639738,0.688607062513258,0.675263793938761,0.850141582982528,0.193811995190487,-0.423751167976071,-0.209368692507428,-0.241958561604024,-0.608816497610759,0.114002523928599,0.135969587839005,0.234103673382831,0.203092646994081,0.267330495563925,0.587959707524607,0.625700312271076,0.613442248810074,0.583936610153808,-0.466801083033691,-0.00267053824910844,-0.29306929945644,-0.429402032904556,-0.602185097684464,0.288567385435518,-1.18381518615775,-0.114658919112713,-0.458494049224697,0.781496272064518,-1.23321624918318,-0.244678557014993,0.672346098709078,-0.586845013885375,-0.617754621230122,0.617322065653698,-1.9537310944425,-0.924361576905879,-0.305674795128326,0.914832475982277,0.762321174730183,0.514588735598435,0.700433461327641,0.65722458063374,0.632481160315823,0.543089647312493,-0.708705024057152,0.962472222891692,2.3686343573716,-0.286904425214791,-0.226875569169311,0.754749282748749,0.445891340166776,1.2955462585784,0.666141990519079,0.496770369545922,-0.504578098615964,2.3494122160954,1.69529277853295,-0.391348688885798,-0.0922487271028942,-1.05037612774876,-0.453822940289352,1.66427891900851,-1.55060150488499,-1.33127089395254,0.190080215368281,-0.34476848053886,-0.316872478427771,0.30420847476134,0.223072592487436,0.141095362725389,-1.5166649139092,-0.671523969190694,-0.555677486507623,-1.42492799544655,1.30525076771888,0.287579502381766,-0.531713688779321,1.06993325173982,2.313285179435,0.226288134846476,0.0435715764808665,-0.154888957153209,-0.0582635515406352,0.0543650200071232,0.281129612160397,0.672346098709078,-0.495251351508437,-0.639997445119629,-0.203340548657311,-0.334146706962114,-0.171235730638567,0.403546225811598,0.352751675137971,0.348009760126863,-1.16258340860069,0.897849168625072,-1.56531543697313,0.682832724400303,-0.0616228744930443,-1.01503934364349,-1.16782938256753,-0.467308204356106,0.703657382637049,-1.06297556872134,1.5926843953977,-0.173931992421487,1.04677335138199,-0.286904425214791,0.730395012732716,-0.41781270379772,-0.165584803405107,0.758859062176815,0.364971944713428,1.62085586994536,0.227256913815765,0.143988474218959,-0.669765384924741,-0.669765384924741,-0.0713724957371486,-0.471401481558287,0.00709456412135369,-0.590710800538598,0.523566721032782,0.568425864029928,-1.49382565898465,-0.433845179637909,-0.490300835164584,-0.199361816374992,-0.230075729421995,-0.260908893459341,-0.447422857068877,2.15183033064492,0.182033724961094,0.972629611637952,0.356575042642296,-0.378069979114223,0.770744885551916,-1.76381144898785,-0.138628602798245,-0.210617258288034,-0.0492137079787055,-1.40242760634748,-0.241958561604024,-0.94469347109426,0.732228969991304,-0.569295082344151,-0.574978601284565,-0.611535701313945,-0.0924573500527467,0.353242987609834,0.682832724400303,0.592204999179243,-0.867503152253548,-0.94524870236964,0.637869761172835,3.99100102347465,-0.0895765918335127,-0.273610749555595,-1.25406194254054,0.920162769260154,1.8774180052532,-0.499564470154296,-0.546622083628446,0.627080642775015,-1.11543153166311,0.252720923722782,-0.862800033163321,-0.870865217996765,0.726172755495118,2.13996259609737,0.372996185038278,0.934069217061446,-0.51147345739279,-0.20723524876017,1.09306603880586,0.613386813521254,-1.64963732071814,0.992887438896841,3.0461400666694,0.660203159698619,-0.34476848053886,0.831520535946791,-0.826258750205395,0.7783995780344
comm.and.crime_point_1312,comm.and.crime,regression,0.06,0.120582336329796,nominal,1.3609621849323,0.524070428289996,-0.217427187171022,0.895478504347391,-0.195819457380031,0.47649623486865,-0.304872732522849,-0.490435159498505,3.71003986462407,3.52550175095922,3.98629467515928,-0.631549404621351,-0.499564470154296,-1.56531543697313,-0.626298265141257,0.556798205719072,-0.00769059703221596,0.192692898382022,-0.524905716995868,-0.26010254976604,-1.06972869982113,-0.533031194213599,-0.681553878925593,-0.792536710712104,-0.530896195770433,-0.0819631937635291,-0.984372399164023,-1.18133120758743,-0.043039574199713,1.16851703426305,0.160258004218676,0.0329370249239415,0.470020077917318,-0.512093453824773,-0.753136894569917,-0.278597159647621,0.965497264192096,-0.0564224436405426,0.100170724627871,-0.774106439438939,3.05263817205948,-1.01368921260781,-0.894699910017088,-1.21445914305632,-0.351119333321313,-0.197025862064479,-0.247004622594622,0.246029414243294,0.406559606588398,0.4183367341544,-0.241958561604024,0.34792941380564,-0.34476848053886,2.1899344223161,1.98828819652304,1.7415692255838,1.60087059101434,-0.175426554321479,-0.262876465726585,-0.358091987495182,-0.395527248191373,0.635156296765973,-0.412290020458506,-0.801801068513758,-0.7440181099252,-0.720143453672756,-0.851221389523392,-0.127296228476849,-1.53535061283242,-0.601380811530617,0.0279085046195201,0.726172755495118,-0.311139399228302,0.414646167749156,-1.50475163444123,-0.571834669143156,-0.70552988692494,0.928401418342293,0.393340518650751,-0.741943275593805,-0.377360854488696,-0.317395570362999,-0.250547305583844,-0.485035080363082,-0.489575518936313,-0.454975190371856,-0.534676575320374,-0.118733906464382,0.0547099621982618,-1.00634996657257,-0.286904425214791,-0.226875569169311,-0.629727998655079,-0.337161300152529,-1.79237189160407,-2.87462715405565,-1.06713916053361,-0.139144981884744,-0.407961060951538,-0.225644935755658,-0.391348688885798,1.14013017358336,0.584266192935153,-0.217427187171022,-0.413167436877806,0.228635869181726,1.83659230123439,-0.0952404331143684,-0.34476848053886,1.51894076268393,-1.86422845370679,0.49304512794504,-0.22930318399663,0.413283929954837,0.423866989262996,-0.06328940132067,0.402681671401718,1.06294808549576,0.481421648160263,1.17920255223971,-1.64600924706368,-0.391348688885798,-0.504578098615964,0.0435715764808665,0.0610890712128745,0.589566495515274,-0.826569200352095,-0.695677644196011,-2.31697310042603,-0.495251351508437,-0.11337289675326,-0.446095258444874,-0.777184479464502,-0.226042158711328,-0.81022732312622,-1.34049882416269,0.886358450346385,-0.0562046492588845,-0.00294828920368394,0.255684573739351,-1.56531543697313,-1.76062214474864,1.22616942013407,-1.5477589742205,0.0510694094017551,0.24714434506481,0.800574593079997,-0.392446673750327,-0.826258750205395,1.9897106092273,0.00547415598365529,0.566532765276704,-0.36428070280995,-0.370281702344836,-1.34275895168509,0.155666779985624,-1.1907081890969,-0.0922487271028942,1.6788226775938,-0.10077320755709,-0.582228126868179,-0.0123933177430025,2.90521013830558,1.24896822722633,-0.590710800538598,1.13012207196148,-1.61502565017851,-0.532665618250428,-0.043039574199713,-0.221904671622559,-0.35568405855027,-0.115382978305131,-0.695793398648614,-0.40441055463925,0.723150221859989,0.0427225572111723,-2.02244104562969,-0.669300457399169,0.897156756189573,-0.866859498853478,0.458579831344262,1.12214874716618,-0.9955116260173,0.878506043477017,2.15890900374335,-0.333979422149212,0.766222769924772,-0.601380811530617,1.41601400923616,-0.165584803405107,-0.569295082344151,0.984240030386299,0.530234322887664,0.682832724400303,1.03524277168163,0.335573396805634,-0.747205579353531,0.682832724400303,0.494208322757484,-0.496562007079367,0.824645343659043,0.228635869181726,-1.08508811806744,0.58579542331863,-0.499564470154296,-0.938572255698432,1.33323567398548,-0.350137179439416,0.0542078168079789,-0.862800033163321,0.0665195294718176,0.726172755495118,-0.796454122761974,0.0939557434661589,1.11702334614895,2.25049904271885,0.597099711877842,-0.867503152253548,0.37633485093474,0.806725466558606,0.312645653531477,0.16626443468128,0.709613702822105,-0.230075729421995,-0.0916995301342629,0.478394765362422,3.04818360692517
comm.and.crime_point_1769,comm.and.crime,regression,0.08,0.0349106573683921,nominal,1.23899276554062,1.22003874930914,-0.375024355916575,3.27764185977035,-0.708757207400764,0.886266145735984,-0.496372568292438,-0.447422857068877,1.64812747224065,0.59996722821086,0.022439077990719,-1.07801411113674,-0.343626531286471,0.682832724400303,-0.291949944754136,0.22877310559976,2.53998552142269,-0.0880946194298402,-0.294515666436819,-0.26010254976604,0.72063476118553,-0.533031194213599,-1.2048167907451,-1.38138872157757,-1.69644204148058,-0.324717903551093,-0.830849724959226,-1.07208970928342,-0.35568405855027,-0.450922239783337,-0.402172844262473,-0.559632247542278,-0.247020650967053,0.0319996393835476,-0.0636258900830415,-0.229186616524135,0.908503228110535,0.194932231558836,-0.060866973497344,-1.65100928860312,-0.196385588662103,-1.64165145706059,-1.65719968679194,3.31352673155438,1.23322565080756,1.25679023127425,1.03299928391205,1.18594295719383,-0.00859578069383644,-0.209368692507428,-0.333979422149212,-1.0002125522811,-0.34476848053886,0.0446822618622457,-0.571872999411319,-0.243561843564225,0.421200506577434,-0.641940381005198,-0.686008264773091,-0.653776320283739,-0.608454173918587,0.723312887149946,-0.503316572060594,3.72591167609637,3.92278703254769,3.17248229394089,3.20136092144162,2.61965306149349,0.849381873054233,0.541713286916744,-1.13145729144971,0.726172755495118,-0.510521925868227,0.981586015860986,0.925001184677206,0.438404276770096,0.82897837806628,0.584266192935153,-0.636114243502866,0.227542236551704,-0.600152808018174,-0.662904928792817,-0.718130441861903,-0.530630024274263,-0.72849220634674,-0.736908318327921,-0.675254778272487,-0.649707912297875,0.0547099621982618,-0.487121609042694,-0.286904425214791,-0.226875569169311,-0.759522743786688,1.03318082040625,0.744132303188673,0.815751954374349,0.547219064064617,-0.413219819433159,-0.112528209839365,-0.487590987704104,-0.391348688885798,-0.229179716068034,1.74572257868425,-0.296225771543798,-0.957260530086126,-1.43198567994721,-1.21607586867302,0.36127260445787,0.343388026162328,0.331061606670478,0.589529123243989,-1.07279557770906,2.04600217443863,-0.358695607590779,0.423866989262996,-0.8018715291011,-0.171709938179167,-0.972394445178469,-0.536249617176849,-0.708705024057152,-0.460870702131241,-0.391348688885798,0.134929855663671,-0.321861540250354,0.601034142128082,1.49652856139355,0.788476870306472,1.71761087150805,0.00232627821327909,0.0283387432671127,-0.639997445119629,-0.628161290785547,1.96159447782299,-0.00681644642028318,-0.81022732312622,-0.282217262099776,-1.51174026063149,0.927243136822718,1.75123623393652,0.682832724400303,-1.56531543697313,-0.883719295584461,1.81596120007553,-0.471291797870422,-0.524905716995868,-1.17945889734843,-1.2063255811676,1.6919409488551,1.65258292937346,-1.38501220832434,-0.286904425214791,0.184187521212675,-0.953132713675412,-0.01206212920031,-0.100893761675781,0.521950818259281,0.261933241408267,0.0903259248506256,-0.846227140861585,0.774599373008527,-1.23875756229239,-0.838101809661048,0.187449566220028,1.35695724140937,0.412240099369111,-1.40638212283126,-1.09789239681336,0.108107742239052,-0.277522937462631,-0.114546206205749,-0.277522937462631,-0.000690227188266011,-0.739281849167541,-0.576459764357761,0.723150221859989,-1.35038912028805,-0.121723128517532,0.47494529264708,-0.123024632053464,-0.761207603085388,-0.493873574512357,-0.375024355916575,-0.472248714197789,-0.513073583706566,0.229851673277482,-0.333979422149212,0.294245875850557,0.208310841536264,-0.146888892646214,-0.319107477609904,2.97891691111852,0.543772920206689,-0.826699247575706,0.682832724400303,-1.13966992969373,-0.511036026606383,-0.252097771813259,0.682832724400303,-0.0579168405136468,-0.903547422325221,-0.696016939253532,-0.0679036931627271,-1.020402605573,1.09121295537998,-0.109719622984733,0.580234661072763,-0.734789774559444,0.865330321151163,0.699375414281087,-0.0269330266637888,0.488342665832679,-1.23321624918318,-0.796454122761974,-0.854781757879046,-1.38334975138032,0.514402042648675,0.597099711877842,-0.867503152253548,0.044462103313619,0.806725466558606,-0.210617258288034,0.16626443468128,-0.723292047758998,-0.34476848053886,-0.912339588872978,1.87002518196809,-1.03742764507821
comm.and.crime_point_1042,comm.and.crime,regression,1,0.0327942620730673,anomaly,-1.0174414932053,0.176086267780421,0.334162903438415,-1.42560373939805,1.50082079268855,-0.875744470993553,-0.592122486177232,-0.18934904249111,-1.57361064085844,-1.21107795253813,-0.938495612231962,2.38208736435754,0.358094193618742,0.682832724400303,-0.291949944754136,-1.73937749511611,-0.693603398154691,0.248850401944395,1.72139727595486,-0.305119864602728,0.243204504917087,-0.280832968781291,0.364971944713428,0.974019321884281,-0.705728072626956,4.83381967943463,0.0902863202695546,0.348049768668688,0.347766031238483,0.511987598838842,0.0665195294718176,0.329221661157051,-0.390428796743927,0.130925656330515,-1.21281089756117,-1.16798693587037,-0.744323818254725,-0.358048053879797,-0.382942369747774,1.63737639576255,-0.0823847549525736,0.756022567213671,1.12047807145931,-1.47320119303407,-1.7869319751881,-2.18390785629408,-1.16129312724225,-1.58158025260498,0.228635869181726,0.30420847476134,0.678250043847861,1.78304828093024,0.458080777279193,-0.137892390091274,0.281514065900134,0.500862307366285,1.03668055063147,0.460728663883593,0.794953031889678,0.90912658159863,1.18013200219001,-0.290487902265745,0.497975495562377,0.317408823412342,-0.0623499430471371,-1.48687276759666,-2.05433176309113,-0.391425967897073,-0.216136897235549,0.779857890759944,2.17273522734759,-1.23321624918318,3.21128523807704,-3.70855272760961,0.0610890712128745,-0.571834669143156,-0.546787652615503,0.842367611990508,0.475696899623041,-0.402623346342877,-0.377360854488696,-0.187829560951817,0.217035830694215,0.335673910038188,0.22717454329497,0.310271871223178,0.215073840424229,1.00221121696188,0.748881102728531,-0.0717389230187961,-0.189444898148642,1.26714650785713,0.884544027880357,-2.00114816083105,-0.193271420973861,0.217312098953267,-0.51220352082797,-0.0477867027019386,0.330621066828893,0.167274142167012,3.7696264931462,-0.0922487271028942,-1.48054515950769,0.176565734692862,-1.30350158940051,-0.0679036931627271,-1.21607586867302,-1.00826650825885,-0.115382978305131,0.169078085395916,-0.437625211293547,-1.07279557770906,1.72851770581975,0.247859743337919,0.423866989262996,-0.506438677988928,-0.58944929060163,-0.633170690066098,0.287579502381766,0.117254540572726,0.329221661157051,-0.391348688885798,-0.230503261067549,-0.504578098615964,-0.802823042251458,-0.446961579774181,0.690595290266559,-0.293462891578667,-1.02847344562641,-0.0119374178694681,-0.44849760935004,-0.870916000573111,-0.898012962874244,-1.92504142896692,-0.0212745163166381,2.99845558029525,-0.337161300152529,-0.0971816403456179,0.234103673382831,0.682832724400303,-1.56531543697313,1.36334425539874,1.63902366609309,-1.10450778395871,0.339056972600567,0.4183367341544,1.08727461797251,2.23785199287081,1.13072152314633,2.18822371614211,-0.286904425214791,0.129566772060671,-0.953132713675412,2.34195220860657,2.00072425218612,-0.681553878925593,0.121355038456154,0.409831565769285,-1.19280260613978,1.03721114717821,-0.582228126868179,0.40046092821602,0.146271375733883,-0.26287797133625,-0.708705024057152,0.303001138876892,-0.753136894569917,2.61780340415618,0.113282667975565,-0.705017765998204,-0.277522937462631,-0.34476848053886,3.0007248954602,1.23005693768661,-0.652615808821794,-0.375210946038594,0.742239561078903,-0.35364645738641,-0.250547305583844,-0.0216443327087585,-0.599701730718649,-0.296225771543798,-0.52457500537974,0.363106181557171,0.0814626478570313,0.77027090439305,0.825219881684049,-0.410865128456057,-0.611535701313945,0.243808994474351,-0.189129511616007,-0.679746830292226,0.117254540572726,0.682832724400303,-0.495251351508437,1.89511707151198,-0.103565429551178,0.188240128898148,-0.0579168405136468,-0.750927891608026,-0.611535701313945,1.17756246868398,0.726106231776839,-1.21124469067729,-0.499564470154296,2.53998552142269,-0.886108709818829,-0.215085234929352,1.04677335138199,0.112378141086133,-1.01147293011705,0.726172755495118,-0.429402032904556,-1.13382219945117,-1.38334975138032,-0.4325599573896,1.45170560755573,1.6723251179825,1.60900505638462,-1.03554662389896,1.14986631244269,0.511849510519854,-0.476239332141566,0.114002523928599,-0.399439552161281,-0.521839596572905,-0.0286347433489841
comm.and.crime_point_0610,comm.and.crime,regression,0.01,0.013583407532974,nominal,0.812099797669774,-0.519882053238727,-0.296225771543798,0.712235169314856,-0.590386957395979,0.722358181389051,0.126001897958727,-0.533447461928133,-0.349350157880785,-1.21107795253813,-0.818378775954126,-0.91058984619347,-0.187688592418646,0.547943834717897,2.86047707603872,1.59554435609689,-0.350646997593453,2.10204801950269,-1.21607586867302,-1.1604488464998,-0.651977225586244,2.69510609131993,2.45802359199147,2.25878734559074,1.56708632650784,4.83381967943463,2.08608108493191,2.04129299238081,-0.433845179637909,-1.19498893326411,-1.33955759173106,-1.54724770165264,2.47773411879356,-1.15511256398006,1.08555911739508,-0.0809549871536759,0.794515155947413,-1.46400862475706,2.35469849838088,-1.59620286053036,-0.937391007774043,-1.75582641059746,-1.71166395656157,0.467364181799085,1.72833345834783,1.69293505927587,1.35300026053872,1.23816037624664,-0.838906555258306,-0.780009989472726,-0.333979422149212,-0.956724101762177,-0.230075729421995,-1.05076564985887,-0.808924961997834,-0.789472887579932,-0.861049585201808,-0.59953003312486,-0.474442365249838,-0.44257322543477,-0.438112633336816,0.458843115998027,-0.594343123662683,-0.394815653267903,-0.167221968720685,1.04923188615163,0.98510497013263,-0.285774072128984,1.76268367615976,-0.839525415373817,-2.00098163850163,2.68556176017342,-0.444061083654919,0.878506043477017,1.78891329814154,-0.709594525404054,-0.599701730718649,1.01443522469408,-1.04789614836431,-0.935840378022907,1.31585799233534,1.32377388217864,1.32223233462417,2.52423121777491,1.80402468020379,1.80048983327666,2.13630928076977,-1.23967902989064,0.642085542646951,-0.0198160872658089,-0.286904425214791,-0.226875569169311,-0.197078848216383,-1.36491789057162,0.578708116571755,-0.530737720323085,-1.57162610572056,-0.139144981884744,-0.555677486507623,1.17140067463606,-0.391348688885798,-1.46155861675429,-0.620207095989836,-0.217427187171022,2.35676103763728,-0.0679036931627271,0.281459459960805,-0.551753470686607,-0.230075729421995,-1.1807845918921,-1.06533063795537,-1.28877360607514,1.1993769247883,1.07498067642251,-1.31587159181051,-0.900349146138491,0.559333928560141,0.0452768201586437,1.3537113041635,-0.236728129982936,-0.510251474836759,-0.391348688885798,0.0435715764808665,-0.321861540250354,-0.0468999429701671,0.244057137085456,-1.80538500075123,0.281129612160397,0.260026209173202,0.310271871223178,-0.0176229788684652,0.949744322833616,-0.253594384688952,0.705667118525611,0.342857548364707,0.352751675137971,0.0543650200071232,0.845289154649251,-0.998566532067046,0.682832724400303,0.120795684056945,-1.32217072016655,0.223523394233582,0.161924188217862,1.26061717483676,0.703657382637049,-0.0117421441154574,2.63487820670041,-0.91323565124325,-0.144305290106824,-0.189444898148642,-0.744365214371393,1.83053133768859,-0.830849724959226,0.376746696020106,0.888234856532939,-0.909551783192675,-0.274823379056414,1.03518252779145,0.687062114951965,0.336913082725718,-0.720143453672756,-0.883183386419734,0.169078085395916,0.589231434646941,-0.634402585285642,0.970640616647273,2.72459896423776,-0.35568405855027,-0.490300835164584,-0.121200695287352,1.26093003509725,-0.0869550913836323,-0.275373647350366,-0.440959496409212,-0.0269330266637888,0.511849510519854,-0.195819457380031,-1.01568334676612,-0.391425967897073,0.987720612375717,-0.453822940289352,-0.943185334835349,0.723886084901063,2.99978014779257,-0.333979422149212,-1.71165592396486,-0.791896494605177,-0.315851368525389,-0.216759028140039,-0.44257322543477,1.13106240044617,0.23524876409128,0.682832724400303,-1.26049841310347,-0.867503152253548,0.985671747037421,0.682832724400303,-0.333979422149212,-0.0387034149277808,-0.146888892646214,-0.36444325550718,-0.438232993123054,-0.425039640804075,1.29372182682569,-0.056684368540964,-0.482591549127137,0.235087913437529,-0.0946770133781229,0.391000476585978,-0.167826657395328,-1.23321624918318,3.92278703254769,-1.02220602282232,0.446191539494759,-0.274732957383221,-0.760215534198803,3.27642718339475,-1.28302888717086,1.267293489173,-0.733880170107544,-0.121723128517532,0.314329357834215,-0.115382978305131,-1.06620959988649,0.608860116919203,0.1226841919104
comm.and.crime_point_0998,comm.and.crime,regression,0.07,0.199953826278699,nominal,-1.26138033198864,-0.171897892729153,-0.453822940289352,-0.936954845977958,-0.708757207400764,0.640404199215584,-0.687872404062027,0.240773981805169,0.294997464739033,-0.235899778288672,-0.0976777582871161,0.707844714924821,-0.499564470154296,-1.56531543697313,-1.05617467706755,-0.973985594837714,3.47086718008891,-0.256567130116958,0.68464204843914,0.0550186540907768,-0.771334789653356,-1.08786729016467,-0.943185334835349,-1.06019671565095,1.15914528050928,-0.264029226104202,-1.18906929810375,-1.18133120758743,-0.35568405855027,0.599524856895403,0.0665195294718176,-0.0164437477815769,-0.772850518815592,-0.561556462298257,-0.23600364120476,-1.21739747899386,0.395556903376489,0.49655784179809,-1.13445162766544,0.322022122016284,-0.481387672935926,-0.157377061081287,0.0856569458362924,-0.56760401811193,-0.0540546487971503,0.239118965937142,0.0729963540320473,-0.11949251912636,-0.186519518100509,-0.0952404331143684,-0.333979422149212,-0.43486269553505,-0.34476848053886,0.0446822618622457,-0.524462606894016,-0.442074950479027,-0.707179574188299,-0.472298989483845,-0.60138190496379,-0.569295082344151,-0.608454173918587,0.370686525614054,-0.503316572060594,-0.496562007079367,-0.586710071414878,-0.95606016564934,-1.04118618534988,-0.602729759433253,-0.114658919112713,-0.363236207687417,0.375718243440288,-1.23321624918318,-0.37760024144161,-0.66769354228252,-0.100894450061688,0.484324228857062,1.67560362771661,-0.706240902341621,0.846300613998343,0.179067960944429,-0.956619933665339,-0.965225617418908,-0.930668231079202,-1.21455418294199,-1.2063255811676,-1.13966992969373,-1.33128639204901,-0.94469347109426,-0.265676718046478,0.291720927252114,-0.286904425214791,-0.226875569169311,-0.586463083611209,-0.141398140072703,0.0824355567210018,0.117572123049754,0.395872980508533,-0.504578098615964,-0.358722252432842,-0.618564013678328,-0.391348688885798,0.272900576804145,0.670299999286939,0.0189685659473083,1.96105696984941,2.77887610534402,1.83659230123439,1.33136280929888,-0.000690227188266011,-0.20888346424473,-2.09248497249291,0.763017663402644,1.56977547151032,1.79181881842915,-0.735958731452675,-0.604916295026319,-0.58944929060163,0.529882184604888,-0.0516442527306052,-0.531713688779321,-0.757155338364351,-0.391348688885798,-0.230503261067549,-0.413219819433159,-1.12679008480058,-0.792470938203999,0.396950550146819,0.970640616647273,0.311566195365187,-1.13966992969373,-0.0654979378108623,-0.264029226104202,0.229719548950016,-0.500074299075133,2.22420654921832,-0.758443965028085,0.152246600047036,0.886266145735984,0.897849168625072,-1.56531543697313,-1.56531543697313,-1.54139643245759,-0.484226741696171,0.795140174306145,0.627044535799378,-1.40771541613455,-0.202875494043799,-1.03761427122343,1.78304828093024,-0.69021633412253,-0.286904425214791,-0.252778472003357,1.9911273406519,-1.08672084863389,-0.721826356680434,1.72545551544416,-1.05012998614479,-0.0466050641145143,0.985671747037421,0.993442518149931,1.91258372774383,0.518419284204312,-1.00671795787817,-1.23477909898362,-0.000739682945828393,-1.95779607822098,2.86679587898618,0.695483322687741,0.269604910150844,-0.114546206205749,-0.121200695287352,5.27517632418751,-1.08718945331896,-0.576459764357761,-0.388045418306067,0.321344892711017,-0.755295767554917,-0.590386957395979,-0.675622884018443,-1.76490061288224,-0.22930318399663,-0.375024355916575,-0.00131209356022966,-0.152293680362675,0.72448175801232,-0.333979422149212,0.176251652332003,-0.791896494605177,0.0220735832329614,-0.216759028140039,2.85219505420914,0.00542422998716656,-0.649707912297875,0.682832724400303,-0.69663215719134,-0.110010510253322,1.1342040892995,0.682832724400303,-0.333979422149212,-0.445688830173635,-0.78049817719312,-0.0679036931627271,-0.050119918156423,2.10204801950269,-0.499564470154296,0.874197290125252,-0.734789774559444,-0.440171809112793,0.749003691009788,0.112378141086133,-0.636519031129619,0.726172755495118,-0.114785955883911,0.0939557434661589,-1.38334975138032,-0.669300457399169,-0.810486469238678,-0.733827980135861,-0.192589859272896,-0.0632363539352424,-1.1001642083812,0.281459459960805,-1.76091345335221,-0.34476848053886,-0.348149548490111,0.478394765362422,1.03059780346671
comm.and.crime_point_0831,comm.and.crime,regression,0.08,0.269918651923728,nominal,-1.0174414932053,-0.171897892729153,-0.138628602798245,-1.05911706933298,-0.629843707397574,0.886266145735984,-0.496372568292438,-0.490435159498505,-1.05813254276258,-1.35038912028805,-0.938495612231962,2.15885501109984,-0.0317506535508209,0.682832724400303,-0.530770173602079,-1.52069409503657,-0.105678140049712,0.248850401944395,1.77899478859462,-0.845327642642986,2.39164065812508,-0.633910484386522,-0.367596131833887,-0.524876705773258,0.692926942225224,-0.0819631937635291,-1.03554662389896,0.23880827036468,-0.199361816374992,-0.407153610755056,-0.636519031129619,-0.21396683860365,-0.629442373038718,-0.561556462298257,-0.810596144943824,-1.21739747899386,-0.3453655656838,-0.810486469238678,-0.382942369747774,0.102796409725239,-1.27939350890263,0.0138853692240173,0.0311926760666601,-1.66725773051738,0.441053158743122,0.384500575271014,0.667283882053004,-0.276144776284783,0.881022906339523,1.38842693899541,-0.241958561604024,-0.782770299686468,-0.230075729421995,-1.18769663882401,-1.23561849465356,-1.38501220832434,-1.42523962558467,-0.684350728885536,-0.64369508486844,-0.611535701313945,-0.608454173918587,0.41476482080604,-0.503316572060594,-1.00529377613668,-0.901326148435522,-0.838101809661048,-1.29447257978519,-0.127296228476849,0.950859851177069,-0.553751890761977,0.839464561867979,-1.23321624918318,0.220547338478165,-1.18309340420237,1.19497372013481,-0.75551447749102,-1.1288425117501,1.65968877233247,-0.553757862530577,-0.451097621950152,-0.377360854488696,-0.446961579774181,-0.548100210488063,0.290078966127006,0.0838245308487138,-0.0522135790060488,0.261933241408267,0.825219881684049,1.06926778297327,-0.850581459313604,-0.286904425214791,-0.226875569169311,-0.240343763260253,-2.34373369097075,-0.965250958519477,-1.02943759984065,-2.17701043994489,-0.0477867027019386,-0.407961060951538,-0.574906338353587,-0.391348688885798,1.9617161073742,-1.9537310944425,-0.0598300184254683,-0.413167436877806,-0.660982817851633,-0.294515666436819,-0.323496951900488,-0.115382978305131,0.00709456412135369,0.532464993547459,-1.28877360607514,-0.758443965028085,-0.579261189746669,-0.156045871094839,0.133665832754111,0.977073280982603,0.0452768201586437,0.675263793938761,0.412240099369111,1.61312175150053,-0.391348688885798,0.226288134846476,0.409004693212087,-2.206680226631,-0.835659608007726,0.837417660326429,0.510966613656022,0.878506043477017,-0.777184479464502,0.317501733728316,-0.446095258444874,0.229719548950016,-0.280848586784089,-0.81022732312622,-1.76381144898785,0.396950550146819,0.47649623486865,-0.856335354515137,0.682832724400303,0.682832724400303,-0.280848586784089,-0.602185097684464,0.22524578682669,-0.524905716995868,0.532464993547459,2.99860811725593,-0.541331503936429,-0.478351146053977,-1.03761427122343,5.36574814462183,0.0203252737566635,-0.41781270379772,0.141460545004487,-0.8651184939892,-0.105964675924132,1.10540245912095,0.683693543699564,0.936160966283394,-0.363384981726775,-0.582228126868179,-0.0123933177430025,-0.718470624475156,0.49304512794504,0.648228546406218,-0.468978398668724,0.396048112908209,1.01587000293248,-0.277522937462631,0.905359215253946,-0.121200695287352,-0.34476848053886,0.391417864324567,-0.275373647350366,0.0352672065190975,1.71445657021024,0.68464204843914,2.28995579272044,-0.675622884018443,0.876396781320006,-0.176389105893484,0.0977671503200851,0.364971944713428,-0.409993611322597,-0.808871504665675,-0.333979422149212,2.2411505639067,2.97078824611738,-0.527054463374357,1.62551306231752,-0.653776320283739,0.837417660326429,3.0081130167773,0.682832724400303,-1.13966992969373,-0.778386370841756,0.837139404775339,0.682832724400303,-0.149937701058835,0.419155177223805,-0.569295082344151,0.703099168932851,-1.020402605573,1.70894549456608,-0.343626531286471,-0.203665683067209,-0.734789774559444,0.550209117294346,0.500862307366285,-0.653833281538438,1.51946588804812,0.726172755495118,0.619318223830926,-0.743165581250199,-0.651533235030286,-0.472016707391195,0.396015971718339,-0.867503152253548,-0.382231429342107,-0.67732705075443,0.888234856532939,-0.640100742275393,0.363739900957701,1.49031553733097,-0.50201955950362,-0.0869550913836323,-0.93654835490529
comm.and.crime_point_0057,comm.and.crime,regression,0.22,0.0136613100260788,anomaly,-1.38334975138032,-1.56383453476745,0.806954409675075,-0.142900394170307,-0.51147345739279,0.0257493329145824,1.80162546094263,0.283786284234797,-0.349350157880785,-0.0269330266637888,-0.217794594564951,-0.743165581250199,0.903876979656129,0.682832724400303,0.663330970637638,0.775481605798612,-0.399640769102202,0.13653539481965,-1.04328333075373,-0.0350159755825995,-0.174546969317801,0.576640997688553,0.417298235895379,0.385167311018819,0.57637235765421,0.282168870917816,0.0391120955346223,0.293429019516684,0.113282667975565,-0.62599675589646,-0.917734455370194,-1.00405920189194,0.278809216881485,-0.561556462298257,1.08555911739508,-0.970344763376429,-0.687329782173164,-0.659673664119051,0.153849957336276,0.596054262380089,0.0886164956117204,1.15563490459271,0.902620992380776,-0.114805430650861,0.0449669127109041,0.142197893047893,0.210139629729191,-0.223927357231975,0.0507121317750543,0.4183367341544,-0.0579168405136468,-0.521839596572905,0.916851781746651,0.638049880711185,0.850438776107769,1.09640162811069,1.03668055063147,1.139294229969,1.21808483093618,1.28929215232677,1.13754661704456,-0.422722787841705,0.224895840756112,-0.0387034149277808,-0.0623499430471371,0.0465858602511433,-0.15468380482628,0.453789198247646,-0.266875886296968,0.255939762304904,-0.203964654594325,0.726172755495118,0.0876256540515485,0.723886084901063,-0.100894450061688,-0.709594525404054,-1.60506921467841,0.369181677055691,-0.7596488149613,-0.935840378022907,1.09306603880586,1.06464186335627,1.06718698756341,1.38435761999537,1.08727461797251,1.11579509395479,1.01168365715287,0.943214105202603,1.06926778297327,-1.11019563807854,0.00547415598365529,-0.127274097367549,0.884544027880357,-0.581865250252313,-0.634402585285642,-0.430997744419571,-0.159062659197108,0.134929855663671,0.429098683866283,1.73895045385769,1.98040716487244,0.181613250827385,-0.0609873547032339,-0.0598300184254683,0.0319996393835476,-1.37267776747832,-0.870490792834442,0.133016085671751,-0.34476848053886,0.00709456412135369,-1.80716432401026,-0.640839520976896,0.881892456169426,0.137576952259974,0.166127940215069,-0.112528209839365,0.0371597380320633,-2.28082892918333,0.142197893047893,0.23524876409128,-0.510251474836759,-0.391348688885798,0.226288134846476,-0.504578098615964,-0.640839520976896,1.19420787276746,0.10330581002708,1.71761087150805,0.414646167749156,-0.817460640601083,-0.639997445119629,-0.567472613338656,0.390824193496339,-1.15775143594827,-0.0819631937635291,1.04063469047886,0.299068970106906,0.0257493329145824,0.565976421003951,0.682832724400303,-1.56531543697313,0.267215693943522,-0.779122631666902,-0.0913622062174521,0.972629611637952,-0.837074119169256,1.32619130538294,-0.293190120292925,-0.43486269553505,0.302349200451482,-0.286904425214791,-0.744365214371393,-0.524876705773258,-0.216759028140039,0.94991524525517,-1.04783791719925,-0.628395377288449,-0.822547334916973,-0.549162456337422,-1.06368304617927,-0.669765384924741,-0.248310029719587,-0.84200519593359,-1.01880107061754,0.117254540572726,1.9021016095071,0.108751861038678,-0.692858958372798,-0.121200695287352,0.100170724627871,-0.35568405855027,-0.34476848053886,-0.565328047091832,-0.146336740061482,-1.34049882416269,-0.932455617038282,1.03022712427771,-0.629843707397574,-0.930668231079202,-1.07816329038966,0.723150221859989,-0.453822940289352,-1.04783791719925,-1.80157323850618,-0.314241419930838,1.1383543465738,-0.236728129982936,0.398826524610824,-0.738257558223326,0.192634769739419,1.03584843850801,0.494832130186732,0.117254540572726,0.682832724400303,0.874138127135308,1.09306603880586,1.18371487005353,-1.56531543697313,2.33462553366125,-0.0895765918335127,3.44356371978626,0.228635869181726,0.467364181799085,-0.930457172865427,-0.499564470154296,-1.13454734173342,-0.835669064732367,0.145053283764153,0.649747137552387,0.391000476585978,-0.777126743249906,-1.23321624918318,0.462010185320604,0.0939557434661589,-1.38334975138032,-0.708757207400764,-0.609402729079175,-0.243685682371009,-0.382231429342107,-0.267933252874971,-0.472248714197789,-0.409710691716343,1.15430859093348,-0.230075729421995,0.472490510248604,0.130487161211004,0.173123836996862
comm.and.crime_point_0838,comm.and.crime,regression,0.13,0.485801089529276,nominal,-1.38334975138032,-0.171897892729153,-0.0598300184254683,-0.753711510945423,-0.669300457399169,0.517473225955383,0.0781269390163294,0.41282319152368,-0.92926301823862,-0.375210946038594,-0.397969848981704,0.038147655151735,0.0462183158830917,0.682832724400303,0.997679291024758,-0.153922844539436,0.237278260511525,0.36116540906914,-0.409710691716343,-0.935362272316362,0.243204504917087,1.18191673872609,1.51615035071635,1.4558073307742,0.226708603941165,2.77040464624034,0.857899691293538,0.293429019516684,-0.199361816374992,-0.582228126868179,-0.964603692743623,-1.20158229271402,0.756836369471066,-0.907797521612643,0.683344364777741,-0.772702590882484,-0.459353637846922,-0.961299274358306,0.583283819003517,0.541247834307328,-0.0823847549525736,0.584760136908366,0.52137110399335,-1.020402605573,0.441053158743122,0.481421648160263,0.89585600821491,-0.432797033443206,-0.30513534303829,-0.551753470686607,-0.241958561604024,-0.695793398648614,-0.000690227188266011,0.820624532664704,0.660797206038557,0.649747137552387,0.626360521262113,1.01206318632799,0.837266211794329,0.740164105719455,0.669107380444694,-0.158253016689785,0.452462219761333,-0.394815653267903,-0.429402032904556,-0.484226741696171,-0.787899790914564,0.0311816151752862,-0.419092853481222,0.255939762304904,0.491654823047211,-1.23321624918318,0.220547338478165,-0.873853487050458,-0.316872478427771,-0.939194285838884,-1.34049882416269,1.01443522469408,-0.800827005447445,-0.402623346342877,2.38525936927683,2.533056636683,2.76748930130181,1.97709189084073,1.70845800523962,1.88104215554983,1.57399646896132,1.41519099927682,2.35081450395223,-0.850581459313604,-0.189444898148642,-0.226875569169311,0.62495453761714,-0.924450780392009,-1.62694770498715,-0.580607708274842,-0.259960048234497,-0.139144981884744,-0.161767018358061,-0.443933312379363,-0.391348688885798,0.911911858641464,-1.3945113531559,-0.138628602798245,-0.363704428404322,-1.19475403007165,0.799837073718665,0.0759519559752211,-0.230075729421995,-1.12679008480058,0.475400863850929,-0.370866985519292,-1.49924105847212,0.192718347798946,-0.607089206928712,-0.998826763175882,0.872638442876987,1.25679023127425,0.917566476161884,0.176251652332003,1.51436020608949,-0.391348688885798,-0.504578098615964,-0.504578098615964,0.49304512794504,1.97160392923455,-2.00114816083105,-0.810596144943824,0.620806112517094,-1.13966992969373,-0.639997445119629,0.282168870917816,-1.13966992969373,-0.554880727147895,0.0394141611302526,-0.123475027790339,0.690595290266559,0.804312163562517,-1.18820810213626,-1.56531543697313,0.637869761172835,0.541247834307328,0.0465858602511433,1.30171296317677,0.0510694094017551,0.817785642030109,-0.250658831525885,0.10383609353668,1.69607137989238,0.0542078168079789,-0.286904425214791,0.675774263580712,-0.631940707748796,-0.882023949694159,0.328982650250517,2.35337100962757,-0.534676575320374,-0.137892390091274,-0.598673237091449,0.468218969810561,-0.450922239783337,-0.0713724957371486,0.0227368042754491,-0.856817549342979,0.294245875850557,0.578708116571755,0.338588862534303,0.321698862402212,1.36386060537779,-0.168225438914154,-0.433845179637909,-0.230075729421995,-0.695793398648614,-0.576459764357761,-1.86963960519414,0.112378141086133,0.627044535799378,3.23691779275872,-0.760637999705362,-1.34229302980988,-0.017646871584048,-0.375024355916575,-0.52457500537974,-1.18309340420237,0.378240698697934,-0.241958561604024,-0.649707912297875,-0.791896494605177,0.90912658159863,2.13725530966685,-0.44257322543477,0.641654500246602,0.176251652332003,-1.56531543697313,1.88104215554983,1.93967546221788,1.08469330854548,0.682832724400303,-0.333979422149212,-1.10704012994815,0.0643142022027552,0.0507121317750543,-0.050119918156423,-0.9866146764278,-0.109719622984733,-0.546622083628446,-1.4409448057699,2.17083245141512,-0.293190120292925,-0.375210946038594,-0.495911319009332,-1.23321624918318,-0.639146084251652,0.763652803239245,0.324222120103087,-0.590386957395979,0.396015971718339,-0.3328024637828,0.565976421003951,-0.728501275489362,-0.472248714197789,0.972629611637952,-0.772702590882484,-0.230075729421995,-1.32265961824234,-0.695793398648614,-1.13830693525114
comm.and.crime_point_0367,comm.and.crime,regression,0.32,0.101046262386099,anomaly,0.812099797669774,-1.21585037425788,0.806954409675075,-0.387224840880353,0.198748042635917,0.148680306174783,-0.592122486177232,-0.447422857068877,0.230562702477051,0.182033724961094,0.262672750546389,0.596228538295973,0.825908010222217,0.682832724400303,-0.912882539758789,-1.0286564448576,-0.98756602720718,-0.144252122992213,0.857434586358428,1.40553809919142,0.839992325252642,-0.886108709818829,-0.838532752471447,-0.899600712687643,-0.530896195770433,-0.264029226104202,-0.728501275489362,-1.23595195673943,0.973054999939597,0.905905260093369,-0.0740881826484698,0.477363979273606,-0.725047803556634,1.12018582580019,-0.86805539531773,0.808434789069078,0.338562867294928,0.747912516997469,-0.651338533289799,0.705667118525611,0.715621081014131,0.185147799529322,0.412442564454086,0.0145655943380156,-1.14329182538575,-1.02085498162309,-1.43557967863653,-0.954971223971284,-0.660982817851633,-0.722945859776196,0.678250043847861,0.869790820032767,-0.115382978305131,-0.594329019975073,-0.856335354515137,-1.03761427122343,-1.06620959988649,-0.641940381005198,-0.64369508486844,-0.696016939253532,-0.65103955906403,0.41476482080604,-0.321263468856418,0.164789292695146,-0.00991393021036301,-0.484226741696171,-0.344648600652765,-0.285774072128984,-0.368353864419804,-0.410865128456057,-0.0880280749874027,0.726172755495118,0.619312391758016,-0.0492137079787055,-0.424861492610813,1.44864322268335,1.25229100289144,-1.9537310944425,0.310984137678462,0.227542236551704,-0.912061542959443,-0.922036947615181,-0.930668231079202,-1.07776935120844,-1.15854224368551,-1.13966992969373,-1.09698938712883,0.117254540572726,-1.2268367587807,0.343643763005101,0.980069426645142,-0.226875569169311,-0.672992913698949,1.22894398048608,0.633849512110727,1.16484187003665,0.900359925695479,-0.0477867027019386,0.872247960534541,0.210931817491753,1.39787063938796,-0.320467042044794,-2.12579870714607,-0.0598300184254683,-1.55081663176793,-0.127211605631618,1.72139727595486,1.04604216081623,-0.115382978305131,-1.50475163444123,0.36127260445787,2.00489132650762,-0.917186199337522,-0.303554212051806,-0.800393493714657,-0.211005826876756,-0.432797033443206,0.239118965937142,-1.65084195540321,-1.41667036516848,1.11931402444534,1.35626088756764,-0.321861540250354,-0.413219819433159,1.03299019886025,2.79218865550537,0.592713710226646,-0.23600364120476,0.930046029669001,-0.374422868098694,1.27500091257626,-0.324717903551093,1.5185567053206,0.212409265870761,-0.688849968232438,0.617322065653698,-1.41385868059157,0.0257493329145824,-1.47267045724008,0.682832724400303,0.682832724400303,0.541247834307328,0.69535681818675,0.98510497013263,0.339056972600567,0.24714434506481,-0.202875494043799,0.401605753908883,-0.782770299686468,-1.48426876178174,0.00547415598365529,-0.744365214371393,-0.203684699846642,1.47199038811273,1.52308379449023,-0.210617258288034,0.871105454200756,0.364187902780905,0.985671747037421,-0.976145788122707,-1.10745167520755,-0.366268385707879,-0.512579672044432,1.14097921304329,0.23524876409128,0.413283929954837,-1.44264789905679,0.0547099621982618,-0.35568405855027,-0.436621602456179,-0.277522937462631,9.28942261327777,0.739325468475985,0.455835493953308,-0.970100277440667,-0.375210946038594,-1.44646591923207,-0.629843707397574,-1.05819090460958,-0.972511394621568,0.352751675137971,0.255364319065638,0.312645653531477,1.08466598824495,-1.00672353855961,-0.333979422149212,-1.71165592396486,0.875115732297224,-0.569295082344151,-0.626152826019497,1.83842019893409,0.396950550146819,-0.000739682945828393,0.682832724400303,-0.293870545825533,-0.867503152253548,0.589585501005203,0.682832724400303,0.77027090439305,-0.547435183985099,-0.189129511616007,0.287943781650617,-0.438232993123054,0.192692898382022,-0.0317506535508209,-0.399640769102202,1.88807176993655,-0.215085234929352,-0.987985994494734,-0.375210946038594,-1.2458191169842,0.726172755495118,0.462010185320604,0.428804273352702,-0.224640267159436,-0.550930207394384,-0.961299274358306,0.023664661864365,-0.90374574703244,3.46778515277508,-0.472248714197789,1.72139727595486,-1.56327128085826,0.687466279512922,0.472490510248604,-0.956724101762177,-0.533031194213599
comm.and.crime_point_0949,comm.and.crime,regression,0.17,0.223980073727622,anomaly,1.17800805584479,-0.171897892729153,-0.296225771543798,0.895478504347391,0.55385879265027,-0.547928542299685,0.365376692670713,0.0687247720866572,0.810475562834887,1.50548981858535,0.923315350074482,-2.02675161248195,-0.187688592418646,0.682832724400303,-0.721826356680434,1.75955690615655,-0.00769059703221596,-1.15508718711492,-2.13763607090921,-0.575223753622857,1.31742258152108,-1.03742764507821,-1.04783791719925,-1.16726071762649,-0.472618903484926,0.221480193470925,-0.882023949694159,-0.744365214371393,-0.199361816374992,0.0305326795277526,-0.870865217996765,-0.954678429186424,-0.725047803556634,0.72448175801232,0.85572211589946,-1.46445019461129,0.224574795131807,-0.458589923959548,-0.705017765998204,-0.8289128675117,-1.39339434261216,-0.499901921691897,-0.676842830938559,0.726106231776839,0.837139404775339,0.675263793938761,0.667283882053004,0.0893771570848711,-0.186519518100509,-0.608817600383137,-0.333979422149212,-0.826258750205395,-0.230075729421995,0.364187902780905,0.37633485093474,0.15346437026538,0.216040491892755,0.121445880840888,0.0756289735106192,-0.0201670357368324,-0.0122587818823892,-0.0260181311138255,-0.321263468856418,-0.191322945644976,-0.00991393021036301,1.22616942013407,0.98510497013263,1.4574822080445,-1.07869971127966,0.351197603842184,-0.493806103611632,0.726172755495118,-0.111756872588377,-1.44079333516229,-0.910812056434499,-0.75551447749102,0.723150221859989,1.18650283739765,0.228627756706173,3.66921580466826,-0.733827980135861,-0.749282268400272,-0.803145557548822,-0.4394401364519,-0.537358856418398,-0.616079834918179,-0.440957773352299,0.353242987609834,0.375096642443002,-0.227507430277758,-0.286904425214791,-0.226875569169311,-0.0240191880409045,-2.09902974087097,-1.95779607822098,-3.12397709381444,-3.28688171935617,-0.413219819433159,-0.112528209839365,-0.662221689003069,-0.391348688885798,0.181613250827385,-2.12579870714607,0.0977671503200851,0.0319996393835476,0.58448334399507,-0.236918153797056,-0.323496951900488,0.458080777279193,0.00709456412135369,1.04604216081623,0.871006677585685,-0.388045418306067,-1.84751328714304,-0.92926301823862,-0.998826763175882,0.298246833296102,-2.13544731984946,0.578342721049512,-0.885696359334983,0.872410160917752,-0.391348688885798,-0.504578098615964,0.0435715764808665,0.169078085395916,0.675943835122729,-0.581865250252313,0.798262865525553,-3.70855272760961,-0.495251351508437,-0.352747691465246,-0.446095258444874,0.592204999179243,0.815279974671134,-0.324717903551093,-0.123475027790339,-1.85432579077118,0.517473225955383,-1.33043927968817,-1.36298210244952,0.682832724400303,-1.43178357631207,0.518419284204312,-0.218005403435109,0.857434586358428,0.817785642030109,0.896141268044168,-1.28575565486694,-0.869747200724323,-1.38501220832434,-0.286904425214791,-0.0889162245473447,1.13461532484759,-0.4726301518147,-0.483006127832491,-0.472248714197789,-0.8158329812246,-0.776903671928593,0.688607062513258,0.905905260093369,-0.888608530066145,0.0465858602511433,1.50515166177666,0.169078085395916,0.648228546406218,0.358142534415864,1.60269237076024,1.81683670354433,-0.043039574199713,-0.060866973497344,-0.433845179637909,-0.34476848053886,-0.608816497610759,-0.576459764357761,0.617322065653698,0.251689308836056,-0.352113179076581,-0.472016707391195,1.32223233462417,0.189659458827421,1.04063469047886,-0.0598300184254683,0.312645653531477,0.826966057285032,-1.30350158940051,-0.333979422149212,0.825219881684049,0.208310841536264,-0.44257322543477,-1.08672084863389,0.486720391900693,0.641654500246602,-1.23967902989064,0.682832724400303,-0.65635599605476,0.914832475982277,1.6788226775938,0.188240128898148,0.310166601667107,-0.191322945644976,0.402239153961105,-0.00859578069383644,-0.308861968134177,-1.09892968355255,-0.109719622984733,-0.056684368540964,-0.533031194213599,0.595226432131034,0.550490584094985,-0.0269330266637888,3.20675843349157,-1.23321624918318,-0.534274058578104,1.04269324481136,-1.38334975138032,-0.590386957395979,-1.16238301451781,0.647482131746904,-1.70972241982659,-0.0632363539352424,-0.629227587743642,1.54860473803558,-0.377418245894594,0.114002523928599,-0.194279537476602,-0.695793398648614,-0.0790743884354456
comm.and.crime_point_1394,comm.and.crime,regression,0.29,0.0676931580825808,anomaly,1.3609621849323,0.524070428289996,-0.296225771543798,-0.448305952557865,1.26408029267898,-0.711836506646619,-0.352747691465246,-0.490435159498505,-0.0271763465708762,0.0427225572111723,-0.0976777582871161,-0.0176604331626889,-0.187688592418646,0.682832724400303,-0.530770173602079,-0.208593694559321,-0.497628312119698,-1.09892968355255,0.0510694094017551,0.145053283764153,1.13838623542042,-0.58347083930006,-0.629227587743642,-0.524876705773258,-0.472618903484926,-0.688849968232438,-0.370281702344836,-0.416640719459369,-0.199361816374992,0.336913082725718,0.535211903206109,0.92179093362327,-1.05966681036934,0.477166715644901,-0.23600364120476,0.413150444081187,-1.02929399866253,0.948996257156972,-1.13445162766544,1.1441185431077,-0.367386839226397,0.698935090445236,0.902620992380776,-0.438232993123054,-1.09378104463172,-1.11777605451234,-1.16129312724225,-0.485014452496014,0.287943781650617,0.0759519559752211,-0.0579168405136468,1.04374462210848,-0.34476848053886,-0.411754368021554,-0.90374574703244,-0.789472887579932,-0.758469577859468,-0.59953003312486,-0.64369508486844,-0.611535701313945,-0.608454173918587,0.635156296765973,-0.548829847861638,-0.29306929945644,-0.272093994394233,-0.248310029719587,-0.534613396479251,0.242485406711466,-0.520570831604059,-0.315607286918777,-0.435837813808171,0.726172755495118,-0.311139399228302,0.156946236789233,-0.424861492610813,0.1628845642483,-0.0705609496871936,0.111080258000336,1.29926070934593,0.857707819446286,-0.778386370841756,-0.792470938203999,-0.803145557548822,-0.986579463386079,-0.824058881310911,-0.857736801737663,-0.675254778272487,-0.649707912297875,-1.33363231886228,-0.279430266030745,-0.286904425214791,-0.226875569169311,-0.629727998655079,0.10330581002708,0.247859743337919,-0.0819078287572736,-0.0581652701597183,-0.321861540250354,-0.211005826876756,-0.618564013678328,-0.391348688885798,-1.18769663882401,0.584266192935153,-0.296225771543798,0.427703707171417,-0.601674905382743,0.91503209899819,0.532464993547459,0.572773528396057,-0.424861492610813,0.760721512333579,-0.694834028068417,1.09354876858201,0.633849512110727,-0.220480633356821,0.379859875347588,1.08150811908822,-0.4393285442876,0.239118965937142,0.294245875850557,-0.0658245204870952,-0.391348688885798,-0.595936377798769,-0.413219819433159,0.115083578304395,-0.446961579774181,-0.679746830292226,0.108751861038678,0.00232627821327909,-0.454975190371856,-0.161247855695657,0.585612258152271,-0.777184479464502,-0.226042158711328,0.646300935599162,-0.335131340202921,-1.75644421073127,-1.12160641751395,-0.334821036824805,0.682832724400303,0.682832724400303,-1.76062214474864,0.0465858602511433,-1.29447257978519,-0.179320641157294,-0.894138248865786,0.131607868330799,0.0542078168079789,-0.608816497610759,-0.392446673750327,-0.286904425214791,-0.0342954753953406,1.72346733571305,2.29077798387164,0.233454558711339,-0.9955116260173,-0.534676575320374,0.272900576804145,1.08469330854548,-0.275847723670213,-1.23875756229239,0.164544216239436,-0.677292433989011,0.385056113761999,1.4741881110361,1.2955462585784,0.683344364777741,-1.2268367587807,-0.35568405855027,-0.060866973497344,-0.121200695287352,0.228695275045463,2.30490968715737,3.6817581761754,0.564407987550553,-0.375210946038594,-1.96484353298993,-0.550930207394384,1.49226256599801,-1.34229302980988,-0.0705609496871936,-0.453822940289352,-0.576901296561691,0.569266126325109,-0.660482479245224,-0.241958561604024,-0.0597367947051054,0.0177951584617036,0.697923486749661,-0.67732705075443,-0.653776320283739,1.22894398048608,-0.000739682945828393,-1.56531543697313,0.592204999179243,-0.154568900959218,0.837139404775339,0.682832724400303,-0.333979422149212,-0.801801068513758,-0.696016939253532,0.287943781650617,-0.56760401811193,-1.77281972630101,0.0462183158830917,-0.399640769102202,-0.986987999991752,-0.665258383296233,1.9400823324986,0.112378141086133,-0.167826657395328,-1.23321624918318,0.566882210994152,-0.798973669564622,0.751115087973938,-0.669300457399169,1.90414402291461,0.870274085276382,-0.382231429342107,-0.216759028140039,-0.629227587743642,-0.928088305474204,-1.51386073773478,-0.34476848053886,1.03668055063147,-0.304397343978269,-0.633910484386522
comm.and.crime_point_0208,comm.and.crime,regression,0.19,0.671472635906798,anomaly,0.629145668582266,-1.21585037425788,-0.453822940289352,-0.692630399267912,-0.590386957395979,0.804312163562517,-0.639997445119629,-0.447422857068877,-0.220480633356821,-0.514522113788516,-0.518086685259539,0.652036626610397,-0.499564470154296,-1.56531543697313,-0.626298265141257,-0.208593694559321,2.49099174991394,0.13653539481965,0.972629611637952,-0.26010254976604,0.541598415084864,-0.633910484386522,-0.629227587743642,-0.792536710712104,0.284985896226672,0.0394141611302526,0.44850589341408,-0.635123716067385,-0.35568405855027,-0.319616352698494,-0.308434369515615,0.0823177976294598,-0.868455949333508,-0.116389386036903,-0.121085140456948,2.14251945340321,-0.288371529602239,2.30631150323362,-0.866055464123419,-0.0616228744930443,-1.10839225833834,-0.271552014618157,-0.186664403011869,-0.56760401811193,0.391542377989094,0.432961111715639,0.53014060635586,0.402681671401718,0.58448334399507,1.27429867960235,-0.333979422149212,-0.739281849167541,-0.34476848053886,-1.46155861675429,-1.70972241982659,-1.98055152906875,-1.16878960722883,-0.769171424646212,-0.770634624582392,-0.78049817719312,-0.778795714500358,0.811469477533919,-0.548829847861638,-0.59830836089083,-0.534274058578104,-0.543205919690318,-0.724578192305735,-0.285774072128984,0.595686927747142,-0.649009732299257,-0.609742683218555,0.726172755495118,-0.37760024144161,-0.0492137079787055,0.655028649219603,-0.342234908708326,1.04063469047886,-1.30847754680412,0.393340518650751,0.712284992624459,-0.912061542959443,-0.922036947615181,-0.888160673235742,-0.986579463386079,-1.06297556872134,-1.17994609083031,-1.00327058516075,-1.41667036516848,-1.70741677914781,-0.850581459313604,-0.189444898148642,-0.226875569169311,-0.889317488918297,0.984240030386299,0.6889909076497,0.815751954374349,0.698565147620701,-0.504578098615964,-0.260244635395451,-0.662221689003069,-0.391348688885798,-0.0466050641145143,-1.05037612774876,-0.296225771543798,0.130925656330515,0.0507121317750543,0.569447023159616,1.50255519838847,-0.230075729421995,-0.100894450061688,-0.0952404331143684,1.46494625559241,1.83434586202605,0.46842532549381,-1.31587159181051,0.379859875347588,0.768203604771372,-0.4393285442876,-1.36007873673546,0.353242987609834,-0.0164437477815769,-0.391348688885798,0.226288134846476,-0.413219819433159,-1.72072966280731,-0.922036947615181,-0.337161300152529,0.740803615151647,-0.976933459434427,0.99496661054505,-0.256997773580451,-0.506783935891765,0.874138127135308,0.212409265870761,0.403546225811598,0.723150221859989,-0.630806040272269,-0.261089604692552,0.613386813521254,0.682832724400303,-1.56531543697313,-0.33565501485685,-1.07401852163763,-0.15468380482628,0.627044535799378,-1.1223947676519,-0.871842218792997,0.550490584094985,0.173975611729931,0.401605753908883,-0.189444898148642,-0.798985963523397,-0.953132713675412,-0.01206212920031,2.47836470988201,-1.78040599374657,-0.394098372368261,-0.320467042044794,0.243010035727013,0.905905260093369,-1.32629482034895,0.577398462198459,-0.965539767392024,0.331061606670478,-0.649707912297875,0.192718347798946,-0.925514645691636,-0.799654518454378,-0.35568405855027,-0.275583904330964,-0.199361816374992,-0.230075729421995,0.478394765362422,-0.40441055463925,-0.123475027790339,-0.723488865413399,-1.33127089395254,-0.669300457399169,-0.760637999705362,0.770744885551916,-1.39341290226583,-0.296225771543798,-1.1001642083812,-0.255373652746643,1.41696387664109,-0.149937701058835,-2.18363281803908,-0.601380811530617,-0.189129511616007,1.52316461284766,-0.569295082344151,-1.80538500075123,-1.23967902989064,0.682832724400303,-0.817460640601083,0.112781443276156,-0.0540546487971503,0.682832724400303,-0.0579168405136468,-0.191322945644976,-0.78049817719312,0.525175431526179,1.56701789420454,-1.49203220848915,1.91747358229699,-0.105678140049712,-0.331272613867753,-0.215085234929352,-1.03761427122343,0.878589563710704,-0.308434369515615,-1.23321624918318,-0.48183804574133,1.04269324481136,-1.6882732998595,-0.669300457399169,0.245203166598712,0.870274085276382,-0.808924961997834,-1.64963732071814,-0.629227587743642,0.0510694094017551,0.215508271587242,-0.34476848053886,-0.655889570517129,-0.782770299686468,-0.179953678608368
comm.and.crime_point_1594,comm.and.crime,regression,0.02,0.0594403744292989,nominal,0.629145668582266,0.87205458879957,-0.453822940289352,0.0403429408622278,-0.708757207400764,0.886266145735984,-0.209122814638054,-0.576459764357761,-0.800393493714657,-1.35038912028805,-0.638203521537374,1.93562265784215,-0.343626531286471,0.682832724400303,0.663330970637638,-0.700631344738288,-1.03655979871593,2.04589051594031,2.06698235179344,-1.1604488464998,3.10778604252775,0.526201352602092,0.312645653531477,0.117507306079973,-0.181232442057388,-0.385406580997984,2.5466491075463,1.49508550086077,-0.433845179637909,-1.15122030423583,-0.308434369515615,-0.0658245204870952,-0.486034227261844,-0.611019470771741,-0.925514645691636,0.215508271587242,-0.573341710010043,-0.20723524876017,-0.168225438914154,-2.14426714125797,-0.65238892350022,-2.49796360858712,-2.36523519379716,-0.438232993123054,1.57980111608575,1.40217184060813,1.44442911100348,1.39481263340506,-1.13544611760276,-1.00826650825885,-0.333979422149212,-1.0002125522811,-0.230075729421995,-1.23334030181239,-1.52008084975738,-1.53389703851044,-1.63039964026935,-0.641940381005198,-0.64369508486844,-0.527054463374357,-0.523283403627701,-0.378644492649718,-0.00267053824910844,-0.394815653267903,-0.167221968720685,0.40046092821602,-0.0280406076086237,0.453789198247646,2.21933457771252,-0.839525415373817,-2.87050598555355,0.726172755495118,-0.510521925868227,1.44544589158885,2.43684738323979,-0.204475052447428,0.82897837806628,0.197114064352121,-1.04789614836431,-0.1602519683065,-0.0208937288415306,-0.101452221344363,-0.250547305583844,0.10769919048228,-0.0117421441154574,0.471376515769501,-0.0192231644959594,-1.29867614164992,-1.33363231886228,-0.590967280548668,-0.286904425214791,-0.226875569169311,0.451894877441661,0.984240030386299,2.50865696043579,1.61367176160246,1.40484687088243,-0.504578098615964,-0.112528209839365,-0.0946719097814345,-0.391348688885798,-0.411754368021554,-0.405122580110374,-0.453822940289352,1.61481591053503,-0.00859578069383644,0.396654485240329,-0.0381763034178386,0.114002523928599,-0.26287797133625,-1.52184367552761,-0.100894450061688,0.670236143756844,0.578708116571755,-0.478219682404748,-0.506438677988928,0.977073280982603,-0.923933908733845,0.239118965937142,0.353242987609834,0.0329370249239415,-0.391348688885798,-0.413219819433159,-0.321861540250354,-0.20888346424473,-0.965225617418908,-2.88208238119027,1.14301836776899,-0.925393473242442,0.43110035463292,-0.11337289675326,-1.23504806525446,0.793585804862147,2.29505353263568,0.342857548364707,-0.388045418306067,0.984240030386299,0.35356526160845,0.660797206038557,0.682832724400303,0.682832724400303,-1.26736429209379,0.0465858602511433,-0.281327002043937,0.627044535799378,-1.63597193492067,1.37397464286502,-1.43464048505304,0.521883215881349,-0.64058805739383,-0.0919853710824933,-0.143536973699349,-0.899600712687643,0.806725466558606,-0.14865780744537,0.783582274169036,0.0744956374721161,0.957555521629844,-0.00454386804312309,1.12474840523477,1.2998229213479,0.577398462198459,1.46397347129051,-2.31466924081404,-0.177731018223659,0.578708116571755,0.970640616647273,0.428494422483792,-0.277522937462631,0.207529190044681,-0.35568405855027,0.114002523928599,-0.869747200724323,-0.619472066787389,1.30520508099459,0.739278395960782,-0.409710691716343,1.22462354267738,-0.548100210488063,0.136833510943376,-1.39341290226583,0.491760072183968,-0.838532752471447,-0.255373652746643,-1.20457557245354,0.586229183302673,-1.3576732534092,-0.458494049224697,0.148795440142343,-0.523804376549633,2.42978886451121,-0.679746830292226,0.943214105202603,-1.56531543697313,-0.777184479464502,-0.689269589429965,0.540074720251176,0.682832724400303,-0.333979422149212,-0.140449768739244,-0.527054463374357,1.82994950584177,-0.56760401811193,0.36116540906914,-0.421595500720383,3.47086718008891,-0.432151904040676,-0.0350159755825995,-1.03761427122343,-0.444866529913555,-0.214695894768757,0.726172755495118,-0.586710071414878,0.26138000840943,-1.38334975138032,-0.629843707397574,-0.257506183800045,0.513806959629217,-0.192589859272896,3.46778515277508,-0.629227587743642,0.742239561078903,0.51197153032816,-0.34476848053886,-0.50201955950362,-0.739281849167541,-0.633910484386522
comm.and.crime_point_0319,comm.and.crime,regression,0.04,0.083783105988704,nominal,0.629145668582266,-1.21585037425788,-0.453822940289352,-1.36452262772054,-0.629843707397574,0.845289154649251,-0.44849760935004,-0.490435159498505,-0.993697780500602,-0.862800033163321,-0.578145103398456,2.15885501109984,-0.343626531286471,0.682832724400303,-0.530770173602079,-1.13799814489737,-1.23253488475092,0.529637919756257,1.60620225067534,-0.75529301296961,2.27228309405797,-0.381712258954214,-0.262943549469985,-0.471344704785489,-0.181232442057388,-1.23504806525446,0.499680118149013,0.402670517820692,-0.35568405855027,-0.757302642981302,-0.214695894768757,0.625506297390161,-1.20307495614621,-0.759408496192192,-0.86805539531773,1.20371913405697,-0.972299962580968,0.999267192196847,-1.24181009308225,-0.280848586784089,-0.424387256081161,-0.728251828765636,-0.513450021629662,-1.14977363056188,0.342031597235068,0.529882184604888,0.941570433447291,0.82042102382418,-0.660982817851633,-0.437625211293547,-0.333979422149212,-0.739281849167541,-0.230075729421995,-1.18769663882401,-1.28302888717086,-1.38501220832434,-1.27136961457117,-0.59953003312486,-0.559068725059139,-0.527054463374357,-0.438112633336816,-0.0700964263058121,-0.321263468856418,-0.750927891608026,-0.7440181099252,-1.13299769963178,-0.724578192305735,-1.55359682134606,0.494208949624305,-0.649009732299257,0.0279085046195201,0.726172755495118,-0.510521925868227,1.29082593301289,0.169078085395916,-0.939194285838884,-1.49924105847212,-0.491156386462159,-0.924361576905879,-0.887366102415632,-0.421919245194591,-0.533338919381635,-0.633115326174983,-0.211465416895992,-0.441792181454227,-0.65635599605476,-0.722114179256525,-1.18068191813137,-1.54722343902544,-0.0198160872658089,-0.286904425214791,-0.226875569169311,0.149040472134574,0.788476870306472,1.79181881842915,1.71341173750597,1.35439817636373,-0.504578098615964,-0.0140505928019747,0.298247168141235,-0.391348688885798,1.77914145542068,0.842367611990508,0.649357240929522,0.180388664803999,0.881022906339523,0.339056972600567,0.817785642030109,-0.34476848053886,-0.26287797133625,0.646593252940519,2.05888583359914,1.62268954961346,0.6889909076497,-0.0271763465708762,-0.407961060951538,0.35046425234891,1.01448754905113,0.626803257494137,-0.000739682945828393,-0.115205293192613,3.72801674132588,-0.321861540250354,-0.504578098615964,-0.532850506793854,0.632755165319001,-0.483983670212399,0.568425864029928,0.826966057285032,-0.414699029235275,0.700501405267494,-0.506783935891765,0.471376515769501,-1.65100928860312,0.100102838577144,-2.02838183950358,-0.239279720112616,0.189657297261516,-1.23561849465356,0.682832724400303,0.682832724400303,0.815279974671134,0.40046092821602,0.921783371523802,-1.50406343187183,-0.551753470686607,-0.72849220634674,0.0542078168079789,-0.826258750205395,0.203092646994081,-0.286904425214791,0.78501576188472,0.866955319908742,0.192634769739419,3.05153325911707,0.521950818259281,-0.581535976304412,-0.411754368021554,1.38175799306964,0.468218969810561,-0.62599675589646,-0.425247563702025,-0.7596488149613,-2.90860881882077,0.412240099369111,-0.138130025434889,-1.04043314643945,-0.372472278128058,-0.043039574199713,0.744321517128731,-0.433845179637909,-0.230075729421995,-0.0869550913836323,1.44511844983475,0.194009440828534,-1.42004470416301,-0.812893280194679,-0.274732957383221,-0.463085094801143,0.295311354595511,1.41103323720088,-0.217427187171022,-0.315269840651936,0.00232627821327909,0.477166715644901,0.0341040200315418,1.00221121696188,-0.125091603844216,-0.44257322543477,-0.165584803405107,-0.0201670357368324,1.13106240044617,0.766222769924772,0.682832724400303,-0.65635599605476,-0.511036026606383,0.143988474218959,0.682832724400303,0.0341040200315418,-0.59830836089083,-0.738257558223326,0.525175431526179,1.76107443168785,-0.31272463367933,-0.187688592418646,0.531240889564015,0.425322062429169,3.07117874814888,-0.0946770133781229,-1.00211120091324,-0.308434369515615,-1.23321624918318,0.0949580954631852,-0.240892786420384,-1.38334975138032,-0.156362707378436,1.45170560755573,1.00394925739407,-0.619283391928622,0.294983219209284,0.626603400623183,-0.00652810323800724,0.314329357834215,-0.34476848053886,-0.707179574188299,0.173975611729931,0.173123836996862
comm.and.crime_point_1561,comm.and.crime,regression,0.29,0.10051444410138,anomaly,-1.38334975138032,0.87205458879957,-0.138628602798245,0.895478504347391,-0.51147345739279,0.148680306174783,0.604751487382699,1.31608154254587,-0.349350157880785,0.0427225572111723,-0.458028267120621,-1.07801411113674,-0.499564470154296,-1.56531543697313,0.520038833328871,0.775481605798612,-0.105678140049712,-0.874299669303055,-0.985685818113966,0.145053283764153,-0.7116560076198,0.324442772256246,-0.210617258288034,-0.310748701822181,0.168431311655657,0.100102838577144,0.141460545004487,-0.198157722851353,-0.277522937462631,-0.538459497839898,-0.0272189452750407,0.0329370249239415,-0.868455949333508,0.477166715644901,0.568425864029928,0.0178660990932967,-0.858311890417847,0.49655784179809,-1.08077239495704,0.541247834307328,-0.53838808979069,0.128060322760887,0.303514024914822,1.17890481923791,0.490563939497149,0.384500575271014,0.53014060635586,0.507116509507333,-0.36444325550718,-0.608817600383137,-0.241958561604024,-0.173931992421487,-0.115382978305131,-0.411754368021554,-0.382231429342107,-0.342818397021626,-0.194279537476602,-0.0906058585608025,-0.0513105662033324,-0.0201670357368324,0.0729119884084963,-0.687192558993624,0.315922392358201,0.673521061752464,0.776626262341248,1.22616942013407,1.04842656874146,1.40465626016046,-0.317614875358386,1.01800249460314,-0.435837813808171,0.726172755495118,-0.178217714801685,-0.203833666554659,-0.20888346424473,-0.571834669143156,-0.0705609496871936,1.27253664374943,-0.183154148155274,-0.984314653630183,0.692040522452799,0.675943835122729,0.557096293441894,0.518053685682914,0.561657905669569,0.632481160315823,0.543089647312493,0.176251652332003,2.03042782370749,-0.954427130819579,-0.189444898148642,-0.226875569169311,0.322100132310052,0.00542422998716656,-1.13067514513639,-1.777487419117,0.446321675027228,-0.321861540250354,0.281382258310197,-0.574906338353587,-0.391348688885798,0.592406217722805,-0.491156386462159,0.0189685659473083,1.21911184274716,0.465867519057289,-0.409710691716343,0.931913901423168,-0.34476848053886,-0.424861492610813,-1.46477954583108,-0.316872478427771,0.0881812846222431,-0.468978398668724,-0.607089206928712,-1.09730438021327,0.977073280982603,-2.4262105385172,-1.02085498162309,0.117254540572726,-1.64600924706368,-0.391348688885798,-0.413219819433159,-0.413219819433159,-0.748828535159937,-0.835659608007726,0.837417660326429,0.510966613656022,0.569266126325109,0.269995710086597,1.51437570728825,1.79938580709009,-1.34105073537663,-0.00681644642028318,0.0394141611302526,0.881892456169426,-0.924450780392009,0.271611279434983,0.37633485093474,0.682832724400303,0.682832724400303,1.30853782732598,2.28779462402869,-0.281327002043937,0.91503209899819,0.646593252940519,0.65722458063374,-1.08724254795214,0.782813918994912,-0.69021633412253,-0.286904425214791,-1.18133120758743,1.02755132287205,-1.49611464651335,-0.721826356680434,-0.262943549469985,-0.534676575320374,-0.137892390091274,-0.252097771813259,-0.976145788122707,-0.713534013953022,-0.130351673731295,0.352162328164607,-0.424861492610813,-0.590710800538598,0.523566721032782,-0.121085140456948,0.0547099621982618,-0.277522937462631,1.12007614608757,-0.199361816374992,-0.230075729421995,-0.869747200724323,-0.533447461928133,-0.22930318399663,0.391000476585978,-1.33127089395254,-0.0774492073752468,-0.845653115392282,-1.18381518615775,0.617322065653698,-0.0598300184254683,-0.9955116260173,0.105406250597248,0.378240698697934,-0.333979422149212,-0.413719465260767,-0.410865128456057,-0.569295082344151,2.13725530966685,-0.44257322543477,0.837417660326429,-0.649707912297875,0.682832724400303,0.713033482588985,-1.00117832437123,-0.549162456337422,0.682832724400303,-0.241958561604024,-0.649181537796562,-0.189129511616007,-0.838906555258306,0.143936619326893,0.305007905506768,-0.499564470154296,1.26614746219524,-0.331272613867753,-1.02539690198974,-0.243561843564225,-0.0965886105387498,-0.683388268503048,-1.23321624918318,-0.691582097088426,-1.02220602282232,0.324222120103087,2.68452329273639,-0.709944599158927,0.424690178217426,-1.28302888717086,-0.0632363539352424,-0.105964675924132,0.742239561078903,0.660203159698619,-0.34476848053886,-0.912339588872978,-0.173931992421487,-0.58347083930006
comm.and.crime_point_0398,comm.and.crime,regression,0.09,0.256904210076794,nominal,0.812099797669774,-1.21585037425788,-0.375024355916575,-0.936954845977958,-0.195819457380031,0.517473225955383,-0.400622650407643,-0.533447461928133,-1.18700206728655,0.0427225572111723,-0.518086685259539,0.317188096723854,-0.343626531286471,0.682832724400303,-0.14865780744537,0.22877310559976,-1.03655979871593,0.0242203876949048,0.16626443468128,-0.170067920092664,0.422240851017754,-0.0286347433489841,-0.0536383847421805,-0.150152698858873,0.110154019370149,-1.23504806525446,-1.08672084863389,-0.798985963523397,-0.35568405855027,-0.757302642981302,0.0196502920983885,0.279840888451533,-0.342626081484969,-0.858334513139159,0.568425864029928,0.709613702822105,-0.630335746091604,0.446286906758215,-0.651338533289799,0.267215693943522,0.487619413595073,0.242235276297757,0.249049755145189,-0.502918505617492,-0.00454386804312309,0.0937373566032682,0.210139629729191,0.193811995190487,-0.0679036931627271,0.36127260445787,-0.241958561604024,-0.13044354190256,-0.34476848053886,-1.32462762778915,-0.998566532067046,-1.28575565486694,-1.01491959621532,-0.726761076765874,-0.64369508486844,-0.653776320283739,-0.608454173918587,0.41476482080604,-0.366776744657462,-0.343942476362171,-0.429402032904556,-0.779122631666902,-0.407970199261594,-0.866859498853478,-0.165397908174131,-0.601380811530617,-0.0880280749874027,0.726172755495118,-0.37760024144161,0.414646167749156,-0.370866985519292,0.0710446600743682,-0.017646871584048,-0.964342321396976,-0.718470624475156,-0.790417551201081,-0.199127291665113,-0.274206900559272,-0.293054863427304,0.472458741771733,0.274957880777056,0.149167226676855,0.261933241408267,-0.236728129982936,0.481892202524582,0.914794956287961,-0.286904425214791,-0.226875569169311,-0.49993325352347,1.03318082040625,0.413283929954837,-0.13177781670903,0.395872980508533,-0.504578098615964,0.576815109422369,-0.269302611080399,-0.391348688885798,-1.09640931284725,-0.0609873547032339,-0.138628602798245,-0.0669263775634199,-0.36444325550718,-1.61925845715135,0.24714434506481,-0.34476848053886,-0.26287797133625,-0.551753470686607,0.115083578304395,1.14646284668515,1.24040486303943,2.8723879552183,0.182904641272807,-1.99931960502744,0.432961111715639,-1.79622356473708,1.06120832872116,-0.954678429186424,-0.391348688885798,-0.0477867027019386,-0.504578098615964,0.709023156311124,-0.576527589185363,-0.141398140072703,0.568425864029928,-0.0492137079787055,-1.13966992969373,-0.687872404062027,-0.385406580997984,-1.17994609083031,0.705667118525611,3.31660274326236,-0.758443965028085,-1.02233236043192,0.271611279434983,-0.951156139549743,0.682832724400303,0.682832724400303,0.924892830816656,-0.0713724957371486,-0.534613396479251,-0.179320641157294,0.4183367341544,-1.25410891864968,-0.839101164308632,1.17420997366526,-0.392446673750327,-0.286904425214791,0.78501576188472,-0.310748701822181,-0.0632363539352424,0.0901624214025735,-0.681553878925593,-0.628395377288449,0.135969587839005,-1.7869319751881,-0.494690868811617,-0.757302642981302,0.105565038245289,0.269805947192317,0.655028649219603,-0.295725241742213,0.633849512110727,-0.523299893074292,-1.97440567935176,-0.433845179637909,1.81790617129683,-0.35568405855027,-0.230075729421995,-0.0434666408647052,3.46669666402726,0.194009440828534,-0.375210946038594,0.742239561078903,-0.4325599573896,1.32223233462417,-0.180122176360894,-0.811358043131231,-0.296225771543798,-1.36179566429096,0.260026209173202,0.0814626478570313,-0.333979422149212,2.00516211686959,-0.744267573836537,-0.10464827367642,-0.882023949694159,-0.738257558223326,-1.90326658079114,-0.590710800538598,0.682832724400303,1.03524277168163,-0.956619933665339,-0.301608552567286,0.682832724400303,-0.241958561604024,1.64011142296137,-0.696016939253532,-2.32160436698057,0.143936619326893,-0.481197144366448,-0.499564470154296,-1.13454734173342,0.879278868207322,-0.305119864602728,0.798631967738489,-0.0269330266637888,0.394604191085821,0.726172755495118,-0.796454122761974,-1.63609499428098,-0.651533235030286,0.119834542632727,-0.810486469238678,-0.867503152253548,1.18231152372889,0.0391120955346223,-0.00131209356022966,0.511849510519854,-1.11857639274689,-0.230075729421995,1.03668055063147,2.26142123663844,-0.482591549127137
comm.and.crime_point_0025,comm.and.crime,regression,0.31,0.0513259232989338,anomaly,-1.38334975138032,-1.56383453476745,-0.296225771543798,3.0333174130603,-0.51147345739279,-3.08850198967716,4.0517485312353,3.6817581761754,0.746040800572905,0.59996722821086,0.322731168685307,-0.519933227992503,-0.499564470154296,-1.56531543697313,-0.960646585528377,0.283443955619646,0.580234661072763,-1.9974497405505,0.108666922041517,2.71104022945538,-1.18908626388824,-1.28962587051052,-1.41412195547291,-0.899600712687643,-0.880559949483478,-0.567472613338656,-0.779675500224294,-0.96284821097941,-0.043039574199713,1.43112880843274,3.20675843349157,3.04516415996056,-1.25087767140517,3.14816917321302,-1.61502565017851,-1.51386073773478,-1.02929399866253,-0.358048053879797,-1.51020625662428,-0.993332151729983,0.316618163030779,-0.728251828765636,-0.894699910017088,3.31352673155438,-0.351119333321313,-0.778552299399972,-1.11557870200987,0.0893771570848711,-0.186519518100509,-0.323496951900488,-0.0579168405136468,0.782813918994912,0.343388026162328,0.181613250827385,0.281514065900134,0.649747137552387,0.882810539617961,3.4718633633876,3.46068336588266,3.44356371978626,3.47974280004391,-3.46412515608878,3.86595790483965,3.72591167609637,3.92278703254769,3.17248229394089,3.20136092144162,3.14791254033394,-0.875743755033986,3.87573774072154,0.781496272064518,-1.23321624918318,-0.444061083654919,0.775426071093047,-0.694834028068417,-0.250395004534394,-0.758443965028085,0.197114064352121,1.05219156642907,3.66921580466826,-0.555594417312278,-0.61971625898909,-0.718130441861903,-0.758604743830171,-0.72849220634674,-0.777184479464502,-0.768973580240562,0.0582574288134486,0.535289982565372,-1.00634996657257,-0.286904425214791,-0.226875569169311,3.39390910042479,-0.875509990372052,0.0272941611820292,0.366922062808537,0.446321675027228,-0.413219819433159,-0.06328940132067,-0.618564013678328,-0.391348688885798,-0.731260008940213,-0.405122580110374,-0.375024355916575,-0.709945487718708,1.17756246868398,0.742239561078903,-0.152304562810898,-0.34476848053886,0.0610890712128745,1.16017042020929,0.115083578304395,1.62268954961346,0.413283929954837,-0.735958731452675,-0.70339391206371,-0.171709938179167,-1.40853927318009,1.49909291349738,0.117254540572726,0.427983206568087,-0.391348688885798,0.317646414029282,-0.504578098615964,0.115083578304395,0.50318915590782,-1.41385868059157,-0.810596144943824,0.672346098709078,0.833861965998727,-0.496372568292438,-0.264029226104202,-1.13966992969373,1.47295711154427,-0.688849968232438,-1.18175658985325,-0.875509990372052,0.558450217042117,3.0313168319037,-1.56531543697313,-1.56531543697313,-0.226042158711328,1.28514859812821,-1.04118618534988,-0.00652810323800724,-0.152304562810898,1.66067466775754,-0.0946770133781229,-0.91323565124325,-0.789472887579932,-0.286904425214791,1.98667224322881,-0.310748701822181,0.243808994474351,0.806623107946404,-0.315269840651936,0.730527251248644,-0.229179716068034,1.43126877382367,-0.538459497839898,0.555756227867123,-0.779122631666902,-0.883183386419734,-1.1807845918921,-0.000739682945828393,0.964697885344563,0.0512926106647712,-1.44042787894386,-0.35568405855027,0.475925353586706,4.64662769105864,0.572773528396057,-0.695793398648614,0.111737074516285,-0.917186199337522,1.43583423471039,2.35496991499225,0.593315542651865,0.684618966972274,-0.338600020013028,1.1993769247883,-0.217427187171022,0.992887438896841,0.878506043477017,-0.512093453824773,-0.149937701058835,-0.531713688779321,-0.649009732299257,-0.611535701313945,-0.4726301518147,-0.653776320283739,-0.630806040272269,0.589231434646941,0.682832724400303,-0.938289124010825,-0.689269589429965,0.391542377989094,0.210721610511883,-0.333979422149212,-0.750927891608026,-0.484813844404564,1.23687038115287,-0.56760401811193,1.37200047319184,-0.343626531286471,-0.546622083628446,0.374882417342708,0.730278376641099,0.798631967738489,-0.166244194413711,-0.214695894768757,-1.23321624918318,-0.324530007231007,0.819460891553668,0.995053926757281,-0.314189707384816,-1.31319581963744,-0.912061542959443,-1.47267045724008,0.550854342883945,-0.105964675924132,0.569447023159616,0.166097728463756,-0.115382978305131,-0.50201955950362,-0.739281849167541,-0.533031194213599
comm.and.crime_point_0814,comm.and.crime,regression,0.1,0.071199715746769,nominal,1.5439163140198,-0.171897892729153,-0.296225771543798,-0.875873734300447,-0.393103207388005,0.722358181389051,-0.639997445119629,-0.576459764357761,-0.607089206928712,-1.14142236866316,-0.818378775954126,1.43334986301233,-0.265657561852559,0.682832724400303,-0.435242082062902,-1.30201069495703,-0.742597169663439,0.529637919756257,1.49100722539581,-0.125050605255976,2.27228309405797,-0.381712258954214,-0.262943549469985,-0.471344704785489,-0.12295514977188,-0.446095258444874,3.46778515277508,0.894257260188728,-0.277522937462631,-0.275847723670213,0.535211903206109,0.329221661157051,-0.916258664592466,0.279314681750966,-1.61502565017851,2.24134053965018,-0.516347673928482,1.45170560755573,-1.02709316224863,-0.33565501485685,-0.880390590919278,-0.671164351997201,-0.513450021629662,-1.020402605573,0.243010035727013,0.33604003882639,0.0729963540320473,1.13372553814103,-1.01683029266498,-1.57890780522414,-0.241958561604024,-0.695793398648614,-0.34476848053886,-1.32462762778915,-1.56749124227468,-1.78203842215394,-2.04071966963871,-0.726761076765874,-0.728321444677741,-0.738257558223326,-0.736210329354915,0.28252993523008,-0.412290020458506,-0.954420599230953,-0.848890135598748,-0.720143453672756,-0.724578192305735,-0.761207603085388,0.747903894931396,-0.696638653067897,-0.493806103611632,0.726172755495118,-0.311139399228302,0.46618615394114,0.709023156311124,-0.112635148273496,1.35811915909774,-0.706240902341621,-0.306688719613709,-1.03278892923746,-0.867503152253548,-0.835659608007726,-0.845653115392282,-1.03217440729726,-1.11075890620342,-1.17994609083031,-0.956411184176713,-1.71165592396486,-2.34819013963729,-0.850581459313604,-0.286904425214791,-0.226875569169311,-0.49993325352347,-0.532924460232356,1.79181881842915,1.06510189413313,0.79946253665809,-0.139144981884744,-0.654155103545014,-0.487590987704104,-0.391348688885798,-1.46155861675429,-0.405122580110374,-0.296225771543798,0.180388664803999,-0.00859578069383644,-0.236918153797056,0.817785642030109,-0.000690227188266011,0.00709456412135369,-3.00551104763739,0.223072592487436,-1.07592843364696,-0.358695607590779,-0.220480633356821,0.0351882157167206,-0.171709938179167,-0.633170690066098,-0.584710153621474,-0.118733906464382,0.0329370249239415,-0.391348688885798,0.0435715764808665,-0.230503261067549,-0.532850506793854,-0.0150748817369079,-2.05008895085101,1.71761087150805,-2.78083297615389,0.350548032359759,-0.496372568292438,-1.23504806525446,-0.334146706962114,2.29505353263568,-0.628161290785547,-0.176389105893484,0.837417660326429,1.00919711899618,-0.90374574703244,0.682832724400303,0.682832724400303,1.03450568696218,0.518419284204312,-1.29447257978519,0.91503209899819,0.703657382637049,-0.871842218792997,0.997145074653291,-0.43486269553505,1.24528645829679,-0.189444898148642,0.566532765276704,0.759891317933204,1.52316461284766,-0.291949944754136,-0.158290967106083,0.871105454200756,-0.0922487271028942,0.29252081648104,-0.669765384924741,-0.407153610755056,-0.95606016564934,1.29926070934593,2.05888583359914,-0.472716577020044,0.413283929954837,-0.695677644196011,-1.70741677914781,-0.35568405855027,-1.13445162766544,-0.433845179637909,-0.34476848053886,-0.739281849167541,-0.232361344920738,0.141095362725389,-1.21107795253813,0.569447023159616,-0.590386957395979,0.217035830694215,1.08770057285619,0.246923518931679,-0.296225771543798,1.83010809780806,0.981586015860986,0.279314681750966,-0.333979422149212,0.825219881684049,-0.649009732299257,-0.358091987495182,-1.24024352283868,-0.273610749555595,0.396950550146819,0.176251652332003,-1.56531543697313,-0.736908318327921,1.27129960162944,1.1342040892995,-1.56531543697313,-0.241958561604024,2.70844813798174,-0.78049817719312,0.347251694119508,-1.08508811806744,0.529637919756257,-0.499564470154296,-0.546622083628446,-1.34006551559698,-0.890344957479674,0.500862307366285,-0.584177697663477,0.347734953712392,0.726172755495118,-0.48183804574133,0.205571920095007,0.324222120103087,-0.629843707397574,0.044119426439209,1.13762442951176,0.328924458417437,-1.08672084863389,-0.838532752471447,-1.50406343187183,0.264918814710728,-0.115382978305131,0.0108804772080765,-0.304397343978269,-0.835669064732367
comm.and.crime_point_1141,comm.and.crime,regression,0.21,0.18433167701065,anomaly,0.812099797669774,0.176086267780421,-0.453822940289352,-0.509387064235377,-0.393103207388005,0.681381190302317,-0.639997445119629,-0.447422857068877,-0.413784920142767,-0.0965886105387498,-0.217794594564951,0.763652803239245,-0.343626531286471,0.682832724400303,-0.769590402450023,-0.536618794678632,-1.42850997078591,-0.425039640804075,1.14542214955724,0.46017448762097,0.302883286950643,-0.734789774559444,-0.681553878925593,-0.792536710712104,-0.12295514977188,-0.567472613338656,-0.728501275489362,-1.07208970928342,-0.35568405855027,-0.10077320755709,0.488342665832679,1.46497943338397,-1.25087767140517,-0.264778411457355,-0.00616663970913513,2.98249868650247,-1.42825225123345,3.06037552883175,-1.7249231874579,0.870086402743895,-0.0823847549525736,0.299322753066192,0.575835373762982,-0.308861968134177,-0.549162456337422,-0.584710153621474,-1.34415082817177,0.0371597380320633,2.18579698065512,1.44549106869194,-0.241958561604024,0.565371666400276,-0.34476848053886,3.1028076820837,2.55721290673067,1.6423126721264,1.39571057632966,-0.557119685244521,-0.64369508486844,-0.696016939253532,-0.693624944209472,0.723312887149946,-0.503316572060594,-0.343942476362171,-0.429402032904556,-0.484226741696171,-0.15468380482628,-0.708381655201343,0.189775015255796,-0.553751890761977,-0.203964654594325,0.726172755495118,-0.444061083654919,0.46618615394114,0.00709456412135369,3.28544130616199,1.51686139340717,-2.12579870714607,0.146271375733883,3.66921580466826,-0.733827980135861,-0.749282268400272,-0.803145557548822,-0.849794631652535,-0.824058881310911,-0.817460640601083,-0.862692382208638,0.353242987609834,-0.105483377924108,0.343643763005101,0.200393210115953,-0.226875569169311,-0.889317488918297,1.81623346072556,0.413283929954837,1.26458184594016,1.30394948184504,-0.595936377798769,0.67529272645976,-0.269302611080399,-0.391348688885798,-0.00096140112613429,0.197114064352121,-0.217427187171022,-1.10564955550658,0.643791256463961,-0.409710691716343,0.988978031119698,-0.230075729421995,-2.206680226631,0.4183367341544,-0.100894450061688,-1.65798329278156,-0.193271420973861,-1.18700206728655,-0.949587954657186,0.977073280982603,1.11140862194038,0.190658429492517,-1.12168480637209,-1.20158229271402,-0.391348688885798,0.683079530760502,1.23122920585733,-0.154888957153209,2.10116993864573,0.984240030386299,0.798262865525553,-0.66769354228252,-0.575803673781598,-0.161247855695657,0.221480193470925,0.269995710086597,0.705667118525611,-0.264029226104202,-0.335131340202921,-0.679746830292226,0.59942720812885,1.51418427135001,-1.56531543697313,0.682832724400303,-0.445267871002372,-0.66116427567861,0.541853779870831,1.60620225067534,-0.0952404331143684,0.752791255597911,0.203092646994081,-0.826258750205395,1.6423126721264,-0.286904425214791,-1.78215944825947,0.866955319908742,-0.370281702344836,-0.674062310910845,0.521950818259281,-0.20666076843211,-0.548685356986693,0.886650185529367,0.468218969810561,0.818368002036808,-1.42789358960251,-0.553757862530577,-0.20888346424473,-0.826699247575706,1.24040486303943,-1.44264789905679,-0.586063398291218,-0.35568405855027,2.5694154292145,-0.35568405855027,-0.34476848053886,-0.521839596572905,-0.533447461928133,1.41103323720088,-0.375210946038594,0.16626443468128,2.52669629273001,0.0470055993203757,0.295311354595511,1.99308809633548,-0.453822940289352,-0.52457500537974,0.826966057285032,-0.462630445351289,-0.333979422149212,-0.708705024057152,-0.315607286918777,3.44356371978626,2.29077798387164,-0.400332606464976,-0.337161300152529,2.06415922862887,0.682832724400303,0.108891065540274,-0.466477635900487,0.391542377989094,0.682832724400303,0.402187462212296,0.419155177223805,0.402239153961105,-1.25406194254054,-0.502918505617492,1.2596854660671,-0.343626531286471,-0.791590941172187,0.828839223120861,-1.29550079100987,0.649747137552387,-1.21107795253813,0.113388766845247,0.726172755495118,1.35342240354576,0.596228538295973,1.29997747523646,-0.669300457399169,-0.257506183800045,-0.511036026606383,-0.477052214376713,0.550854342883945,-0.262943549469985,-0.928088305474204,-0.377418245894594,-0.34476848053886,-0.758469577859468,-0.739281849167541,-0.734789774559444
comm.and.crime_point_0016,comm.and.crime,regression,0.3,0.296563415946429,anomaly,-0.590548525334451,-1.56383453476745,-0.217427187171022,-0.753711510945423,-0.472016707391195,0.722358181389051,-0.592122486177232,-0.490435159498505,-0.220480633356821,-0.584177697663477,-0.337911430842786,0.875268979868092,-0.499564470154296,-1.56531543697313,-0.8651184939892,-0.755302194758174,2.53998552142269,-0.0319371158674677,0.857434586358428,0.235087913437529,-0.413262097452023,-0.835669064732367,-0.681553878925593,-0.846068711699873,-0.764005364912463,-0.506783935891765,0.704377017088742,-0.580502966915381,-0.199361816374992,0.118069937584314,-0.0740881826484698,-0.0658245204870952,-0.58163965777976,-0.215315402983871,-0.465840642700386,-0.0809549871536759,0.224574795131807,0.446286906758215,-0.436621602456179,0.212409265870761,-0.53838808979069,-0.214464537849722,-0.0232715937029722,-0.696975043100807,-0.301608552567286,-0.10010478917523,-0.247004622594622,-0.328362195337591,0.821714993870633,1.04604216081623,-0.241958561604024,-0.260908893459341,-0.34476848053886,-1.23334030181239,-1.52008084975738,-1.83166669888264,-1.52781963292701,-0.769171424646212,-0.770634624582392,-0.78049817719312,-0.736210329354915,0.723312887149946,-0.548829847861638,-0.649181537796562,-0.691582097088426,-0.838101809661048,-0.661256593696907,-0.972511394621568,0.291252993378632,-0.696638653067897,0.201813374029904,0.726172755495118,-0.244678557014993,0.208486222981217,0.169078085395916,0.943523749726722,0.194009440828534,-1.05037612774876,-0.100797767182985,0.954656370660837,-1.00117832437123,-0.965225617418908,-0.930668231079202,-1.12336429511962,-1.15854224368551,-1.13966992969373,-1.1907081890969,-0.531713688779321,-1.33363231886228,-0.279430266030745,-0.189444898148642,-0.226875569169311,-0.802787658830557,1.18000319046612,0.358142534415864,0.566402014615565,0.648116453102006,-0.230503261067549,-0.407961060951538,-0.531248663028845,-0.391348688885798,-0.594329019975073,-0.792274708693406,-0.453822940289352,-0.116389386036903,0.287943781650617,1.14542214955724,-0.0952404331143684,-0.34476848053886,-1.01880107061754,-0.494689340990077,-0.856817549342979,-0.70552988692494,0.0272941611820292,0.746040800572905,-0.407961060951538,-0.223927357231975,1.30525076771888,-1.11777605451234,0.589231434646941,0.0823177976294598,1.10660237664572,-0.230503261067549,-0.321861540250354,-1.01880107061754,-0.0582635515406352,0.152246600047036,-0.121085140456948,0.569266126325109,-1.13966992969373,1.46650074834585,-0.385406580997984,-1.22022225196689,-2.19907356933073,-0.203340548657311,-0.70552988692494,0.10330581002708,-0.179135622519085,0.945259561142375,-0.84590802533363,0.682832724400303,1.47295711154427,1.5210653101048,3.20136092144162,-0.640100742275393,-0.608817600383137,2.61634141739925,-0.739844610851231,0.956767721070621,0.550490584094985,-0.286904425214791,-0.143536973699349,-0.150152698858873,-0.523804376549633,0.758859062176815,-0.943185334835349,0.121355038456154,0.501118891746045,-2.97519071328475,1.16851703426305,-1.19498893326411,-0.838101809661048,-0.924361576905879,0.601034142128082,0.589231434646941,0.578708116571755,0.798262865525553,0.748881102728531,-0.121200695287352,1.442151542338,-0.433845179637909,-0.34476848053886,2.18096542220705e-05,-0.533447461928133,-1.49924105847212,-0.166244194413711,1.03022712427771,2.68452329273639,0.514588735598435,-0.655555707317298,-0.811358043131231,-0.217427187171022,1.09754002126074,-0.976933459434427,0.477166715644901,0.310166601667107,0.117254540572726,-0.601380811530617,-0.484813844404564,0.346157443944216,-0.400332606464976,0.935299240366342,0.648228546406218,-1.56531543697313,-1.13966992969373,-0.199127291665113,-1.29182416764783,0.682832724400303,-0.241958561604024,-0.903547422325221,-0.653776320283739,0.287943781650617,0.402678669304647,-1.26740219423966,-0.499564470154296,-0.693603398154691,-1.23918622542406,0.190070598600841,0.351977477180183,-0.235899778288672,-1.05834216749048,0.726172755495118,0.304702146810281,-0.240892786420384,-0.224640267159436,3.23691779275872,2.00468589299436,-0.377360854488696,0.281514065900134,-0.165584803405107,-0.629227587743642,0.627044535799378,1.74723510841532,1.03154453286352,0.164750488221586,-0.43486269553505,0.0722445468239389
comm.and.crime_point_1992,comm.and.crime,regression,0.23,0.00939521661198977,anomaly,-1.20039562229281,1.56802290981872,0.806954409675075,-0.570468175912889,0.277661542639106,-0.261089604692552,-0.544247527234835,0.455835493953308,-0.478219682404748,0.0427225572111723,-0.157736176426034,0.652036626610397,0.825908010222217,0.682832724400303,-0.244185898984547,-0.481947944658748,-0.595615855137194,-0.256567130116958,0.627044535799378,0.730278376641099,0.541598415084864,-0.129514033521907,-0.210617258288034,-0.150152698858873,-0.239509734342896,-0.0819631937635291,-0.216759028140039,-0.580502966915381,0.504088273413761,0.0305326795277526,0.957035039566971,0.971171706328788,-0.725047803556634,0.675018749538836,-0.23600364120476,1.15430859093348,-0.231377493520679,0.747912516997469,-0.651338533289799,0.212409265870761,0.544619830449837,0.0709728459924523,0.140121215605925,-0.114805430650861,-0.94524870236964,-0.972394445178469,-0.88700657584796,-0.58944929060163,-0.720290730320524,-0.380561081597017,0.862291764938238,1.26118687470311,0.343388026162328,-0.913834660893733,-0.90374574703244,-0.789472887579932,-0.861049585201808,-0.472298989483845,-0.389816005440537,-0.315851368525389,-0.267771092755045,-0.819427444569584,0.589002047164466,-0.0387034149277808,-0.167221968720685,-0.425247563702025,-0.281327002043937,-0.180122176360894,-0.926482744095404,-0.172720524612857,0.955401141474902,-1.23321624918318,0.885155760611249,-0.358453625130612,-0.96480656352602,1.49456317477031,0.0881812846222431,-0.878308515045191,0.187449566220028,0.227542236551704,0.291015006099739,0.244057137085456,0.0895131571638354,-0.302655304718355,-0.155092156561714,-0.13276590127921,-0.0660825654799971,0.176251652332003,0.695483322687741,0.655180777523025,0.297852737182101,-0.0276726255657857,0.149040472134574,0.348009760126863,0.413283929954837,0.815751954374349,0.547219064064617,0.134929855663671,0.429098683866283,0.0799587915175297,3.39513872676332,0.227256913815765,-0.792274708693406,0.885752994047852,-0.957260530086126,-1.4912935924161,0.68464204843914,0.0759519559752211,-0.34476848053886,0.601034142128082,0.30420847476134,0.223072592487436,0.194009440828534,-0.524119794207697,-2.73343636157411,-0.851110337619796,0.507116509507333,0.239118965937142,-1.99006571051558,0.530234322887664,-0.510251474836759,-0.391348688885798,-0.139144981884744,0.500362972394892,-2.09869121244796,-0.533338919381635,1.13106240044617,0.338588862534303,0.46618615394114,0.874138127135308,-0.304872732522849,0.342857548364707,0.43110035463292,-1.59620286053036,2.95247067858102,-0.388045418306067,1.18000319046612,-0.138158631432351,-0.240000251790199,0.682832724400303,0.682832724400303,0.924892830816656,-0.366268385707879,-0.281327002043937,-1.10088084339349,-0.209368692507428,-0.871842218792997,-1.13687082468084,-0.13044354190256,-1.03761427122343,-0.286904425214791,-0.798985963523397,-0.36428070280995,0.704377017088742,-0.291949944754136,-1.1001642083812,-0.0192231644959594,-0.594329019975073,-0.40063011407534,-0.669765384924741,0.730830743980246,-0.779122631666902,-1.00671795787817,-0.532850506793854,1.06120832872116,0.744132303188673,0.568425864029928,0.0547099621982618,0.347766031238483,1.01271768067076,-0.35568405855027,0.114002523928599,-0.869747200724323,-0.576459764357761,0.723150221859989,0.0427225572111723,1.203019662197,-0.472016707391195,0.259543388537675,-0.232948124244939,1.25229100289144,0.255364319065638,0.0510141976217214,0.208486222981217,-0.165852394510387,-0.241958561604024,-1.12168480637209,-0.839525415373817,-0.696016939253532,1.36964193864286,-0.527054463374357,-0.924450780392009,-0.118733906464382,0.682832724400303,2.24352760577905,1.00394925739407,0.243010035727013,0.682832724400303,-0.241958561604024,-0.496562007079367,-0.611535701313945,-0.36444325550718,0.467364181799085,0.922740444692865,-0.0317506535508209,-0.203665683067209,-0.785229419645906,1.58560735853817,-0.739844610851231,-0.653833281538438,-0.917734455370194,0.726172755495118,-0.796454122761974,-2.36160014236849,0.629145668582266,0.356575042642296,0.898725322117096,1.93967546221788,1.65641544890192,-0.114410578670175,1.04521373007879,2.52776245291154,0.808434789069078,-0.34476848053886,-0.245569541147772,-0.652304948129686,-1.13830693525114
comm.and.crime_point_0399,comm.and.crime,regression,0.18,0.0467277139327509,anomaly,1.3609621849323,-1.21585037425788,-0.375024355916575,-0.448305952557865,0.948426292666218,-0.465974560126219,-0.44849760935004,-0.447422857068877,1.90586652128858,2.20204565733496,2.54489263982525,0.038147655151735,-0.265657561852559,0.682832724400303,-0.530770173602079,0.0100897055202199,-0.644609626645943,-0.481197144366448,0.223861947321042,-0.26010254976604,-0.234225751351356,-0.432151904040676,-0.262943549469985,-0.150152698858873,-0.297787026628403,-0.203340548657311,-0.830849724959226,-0.198157722851353,-0.277522937462631,0.0743013085560334,0.347734953712392,0.329221661157051,0.278809216881485,-1.00672353855961,-0.0636258900830415,-1.31621856524083,0.338562867294928,-0.257506183800045,-0.00718774078893893,1.1441185431077,1.34262566641654,0.299322753066192,0.684763913302247,-0.955717093078561,-1.14329182538575,-1.06931551806772,-0.612720024453672,-1.00718864302409,0.58448334399507,0.817785642030109,-0.149937701058835,1.26118687470311,-0.34476848053886,1.59656680346716,1.08749073869428,1.04677335138199,1.24184056531615,-0.175426554321479,-0.347502825535886,-0.358091987495182,-0.352941863045931,0.679234591957959,-0.366776744657462,-0.29306929945644,-0.534274058578104,-1.25095605562007,-1.10450778395871,-0.655555707317298,-1.78904555813951,-0.315607286918777,1.24524259049221,-1.23321624918318,-0.311139399228302,-0.10075369417069,-1.82871867699035,0.254724468422232,-0.917186199337522,0.111080258000336,1.05219156642907,-0.0148291414846731,-0.199127291665113,-0.101452221344363,0.0895131571638354,0.244484022215825,0.179391205812885,-0.0119374178694681,0.168214439440191,0.294245875850557,-0.212278938005688,-0.435198773289707,-0.189444898148642,1.16754503605537,-0.586463083611209,-0.141398140072703,-0.965250958519477,-2.27618729863457,-0.764446993421443,-0.321861540250354,-0.407961060951538,-0.181987260430917,-0.391348688885798,-0.274823379056414,-1.05037612774876,-0.453822940289352,1.02125980885322,-1.96575689216723,-0.179320641157294,0.30420847476134,-0.230075729421995,1.84290780523306,-0.665881730079667,-0.20888346424473,0.564407987550553,1.62639463181223,0.488301751524978,-0.900349146138491,-0.58944929060163,0.820645403272635,0.384500575271014,-1.88864725924269,-0.658393792953314,-0.391348688885798,-0.504578098615964,-0.139144981884744,1.19497372013481,-0.317395570362999,-0.19033893009266,1.2004776181429,0.517726140133124,2.32407992805221,-0.639997445119629,-1.23504806525446,0.229719548950016,0.486441406234567,-0.14265187121042,0.617322065653698,1.27788477050604,0.35356526160845,-0.761514569480531,-1.56531543697313,-1.56531543697313,-1.15775143594827,-0.248310029719587,-0.724578192305735,0.511849510519854,2.24438888444335,-0.776275543828826,-0.590959780665129,-0.91323565124325,0.0542078168079789,0.492771791314399,-0.580502966915381,-0.203684699846642,-0.728501275489362,-1.00841063129797,-0.576901296561691,-1.28442699106498,0.135969587839005,0.391542377989094,-0.844839901037864,-0.494690868811617,1.63902366609309,1.50515166177666,-0.26287797133625,-0.295725241742213,-0.579261189746669,-0.23600364120476,-1.44042787894386,-0.277522937462631,2.03262310213045,-0.35568405855027,-0.34476848053886,-0.652304948129686,-0.576459764357761,2.25765848685121,-0.0269330266637888,-1.56166094451159,0.198748042635917,0.00449804147691576,-0.497077863665163,-0.22930318399663,-0.375024355916575,-0.105964675924132,-0.358453625130612,0.180388664803999,-0.333979422149212,-0.177731018223659,-0.125091603844216,-0.146888892646214,1.01142236549834,-0.10464827367642,1.52258872060582,0.0582574288134486,0.682832724400303,1.27689973850112,-0.689269589429965,-0.697694798599504,-0.396278393058944,-0.333979422149212,-0.0895765918335127,-0.696016939253532,-0.36444325550718,3.31352673155438,-0.368882137241703,-0.343626531286471,-0.44863454061095,-1.4409448057699,3.07117874814888,-0.590959780665129,0.251689308836056,-0.823995980623335,-1.23321624918318,-0.114785955883911,0.98688515649694,1.66588573341148,-0.274732957383221,1.0998090622766,-0.555594417312278,-1.37784967220547,-0.728501275489362,1.09754002126074,-0.524905716995868,0.51197153032816,-0.34476848053886,-1.11749960355766,-0.739281849167541,1.03059780346671
comm.and.crime_point_1545,comm.and.crime,regression,0.75,0.0317138093686313,anomaly,-0.102670847767764,0.87205458879957,4.11649495333169,-1.30344151604303,0.277661542639106,-0.343043586866018,0.509001569497905,-0.447422857068877,-0.54265444466673,0.669622812085821,0.322731168685307,-0.240892786420384,4.02263575701263,0.682832724400303,-0.626298265141257,-0.153922844539436,-0.44863454061095,0.0803778912572774,-0.467308204356106,0.865330321151163,-0.771334789653356,-0.482591549127137,-0.105964675924132,0.117507306079973,-0.530896195770433,-0.628161290785547,-0.933198174429091,-0.416640719459369,4.25582208562044,0.818368002036808,-0.449042081635903,-0.460870702131241,0.613428223694192,0.279314681750966,0.338588862534303,-0.476239332141566,1.02249130027366,-0.307777118839921,0.368566888169896,1.03450568696218,2.31163275294754,0.527672660139931,0.739228183071879,-0.696975043100807,-1.58888885217199,-1.40853927318009,-1.43557967863653,-1.7382325097634,-0.00859578069383644,-0.266432822203958,3.99100102347465,2.08746743456273,1.37562278621411,1.23141749956012,1.3245427012808,1.4437995652116,1.498290583672,0.29108727236224,0.244881693129221,0.23327667808193,0.200668143844824,0.28252993523008,-0.184723641453285,0.012169761977951,-0.429402032904556,-1.36891441160836,-1.10450778395871,-1.07816329038966,-0.77426577691115,-0.125091603844216,1.36117917009913,-1.23321624918318,3.74297197578351,0.0538662644052637,-0.910812056434499,1.26496341433548,-0.599701730718649,-2.12579870714607,-0.14197595766913,0.615336441409908,-0.511036026606383,-0.533338919381635,-0.548100210488063,-0.16587047298481,-0.202875494043799,-0.173042062415791,-0.440957773352299,0.707225658165495,-0.158881157964898,-0.0198160872658089,5.75558625288642,0.370733261641266,-0.153813933172513,0.0543650200071232,-0.689543980824615,-0.13177781670903,-0.360857437271886,0.865796089126112,1.61083008831497,3.31062676554837,0.524065851161242,-1.37027129077753,0.283147870703906,-0.217427187171022,-0.0669263775634199,0.643791256463961,-0.755295767554917,0.817785642030109,0.228695275045463,0.00709456412135369,-0.0381763034178386,0.115083578304395,0.0352672065190975,-0.965250958519477,-0.220480633356821,0.67529272645976,0.559333928560141,0.529882184604888,1.3537113041635,-1.12168480637209,-1.10282074730298,-0.391348688885798,-0.0477867027019386,1.50530404340575,-0.586845013885375,-0.0582635515406352,-0.19033893009266,0.740803615151647,-1.18309340420237,-0.817460640601083,1.94525033776982,-0.688849968232438,1.03524277168163,0.924892830816656,-0.264029226104202,0.0352672065190975,1.03318082040625,0.558450217042117,-1.47267045724008,0.682832724400303,0.45801790826296,-0.390461442929611,-0.130351673731295,0.0986025896090331,-0.870490792834442,0.703657382637049,-1.15854224368551,0.0542078168079789,-0.695793398648614,-0.839101164308632,0.00547415598365529,0.23880827036468,1.02755132287205,0.960248140763403,0.997679291024758,0.46962452707733,-0.347238971384223,0.638049880711185,1.18371487005353,-0.582228126868179,-0.757302642981302,-0.307289207713733,0.228627756706173,1.35695724140937,0.766222769924772,0.192718347798946,0.338588862534303,-1.92100789931097,1.20753836320251,1.81790617129683,0.816732757764318,-0.230075729421995,-0.826258750205395,-0.576459764357761,-1.1288425117501,-0.444866529913555,1.08782463691748,-0.629843707397574,2.42742883855413,-0.866859498853478,-1.60506921467841,0.806954409675075,-0.262943549469985,0.569266126325109,-1.30350158940051,-0.241958561604024,-0.295725241742213,1.58954954382682,0.0643142022027552,-0.114410578670175,-0.653776320283739,0.543772920206689,-0.0597367947051054,0.682832724400303,-0.13276590127921,-0.689269589429965,0.29252081648104,-1.56531543697313,-0.241958561604024,1.02963330009259,0.993607819538218,-0.0679036931627271,-0.826346068089685,0.305007905506768,0.514032132486567,-0.301653226084705,0.1226841919104,0.820313006314475,0.798631967738489,-0.166244194413711,0.0196502920983885,0.726172755495118,-1.00619817410907,-0.464125139678079,-1.38334975138032,-0.708757207400764,3.06037552883175,1.40497477374713,0.328924458417437,-1.34259197230855,-0.210617258288034,1.03022712427771,-0.525649875265053,-0.34476848053886,0.9853905469603,0.130487161211004,0.173123836996862
comm.and.crime_point_0962,comm.and.crime,regression,0.51,0.0780363279168354,anomaly,-1.6882732998595,-0.171897892729153,0.412961487811192,-0.203981505847819,2.01375854270928,-1.32649137294762,-0.352747691465246,-0.576459764357761,2.55021414390839,2.20204565733496,2.84518473051984,-0.296700874734808,0.436063163052654,0.682832724400303,-1.10393872283714,-0.153922844539436,-0.595615855137194,-0.76198466217831,-0.294515666436819,0.325122543110906,-0.651977225586244,-0.785229419645906,-0.681553878925593,-0.36428070280995,-0.764005364912463,-0.0819631937635291,-0.779675500224294,-0.96284821097941,0.894893878851958,1.78127784065899,0.347734953712392,0.477363979273606,0.374414647399402,0.378240698697934,-1.27027014793507,-0.772702590882484,2.44734220231267,-0.307777118839921,0.368566888169896,-0.116429302565806,2.14063150238325,-0.0432021075444176,-0.0777358634726045,-0.308861968134177,-1.19280260613978,-1.36007873673546,-1.16129312724225,-1.21605831923532,0.762407081401742,0.646593252940519,0.586229183302673,1.91351363248702,-0.230075729421995,3.1028076820837,2.84167526183449,2.18822371614211,1.90861061304135,-0.133016206441141,-0.220563285821935,-0.358091987495182,-0.395527248191373,0.723312887149946,-0.548829847861638,-0.0895765918335127,-0.324530007231007,-0.838101809661048,-0.471291797870422,-0.655555707317298,-0.977221733156823,-0.125091603844216,0.491654823047211,-1.23321624918318,0.0876256540515485,0.363106181557171,-1.12679008480058,0.116964612161334,0.299837597034825,0.369181677055691,0.352162328164607,0.566862165802633,-0.733827980135861,-0.662904928792817,-0.590607768331523,-1.07776935120844,-0.967408893757168,-0.938289124010825,-0.909551783192675,1.82817078159176,-0.746256738413588,-0.279430266030745,-0.189444898148642,0.0719288462359772,-0.672992913698949,0.690595290266559,-0.579261189746669,-0.780087660081869,-0.411306131790581,0.683079530760502,-0.457199869470233,-0.574906338353587,3.7696264931462,1.0488428476066,0.928401418342293,-0.375024355916575,-0.907797521612643,2.24510489312401,-1.50406343187183,-2.49193388036862,-0.34476848053886,-2.15268571953948,-0.837074119169256,0.331061606670478,1.83434586202605,-0.413837003129751,0.55273651378696,-0.70339391206371,0.35046425234891,0.142197893047893,-0.0516442527306052,0.117254540572726,-1.1522015200085,3.7696264931462,-0.504578098615964,-0.0477867027019386,0.331061606670478,-0.878848277811454,-2.19691132091088,0.166211111412584,0.517726140133124,1.84076599441325,-0.209122814638054,-0.385406580997984,-0.817460640601083,-0.226042158711328,-0.567472613338656,0.0352672065190975,0.543772920206689,0.845289154649251,0.328924458417437,0.682832724400303,0.682832724400303,-0.445267871002372,-1.19197687762592,-0.344648600652765,-0.179320641157294,1.50255519838847,-0.346225506490056,-1.68278186869654,0.695837017957058,-0.938357717766034,-0.286904425214791,0.184187521212675,-0.41781270379772,-0.216759028140039,0.902151199485581,0.155666779985624,0.121355038456154,-1.00512198687049,1.08469330854548,-0.976145788122707,-0.713534013953022,-0.602185097684464,-0.965539767392024,0.49304512794504,0.412240099369111,1.13012207196148,-1.27027014793507,-0.746256738413588,-0.35568405855027,0.744321517128731,0.582249394501401,-0.34476848053886,0.434906314843494,-0.232361344920738,-1.28758474605954,0.321344892711017,-0.467308204356106,-0.393103207388005,-0.845653115392282,-0.444251915781118,0.141095362725389,-0.375024355916575,0.260319362349526,0.878506043477017,0.477166715644901,-0.241958561604024,0.176251652332003,0.160681920767624,-0.44257322543477,-0.728501275489362,-0.44257322543477,-0.630806040272269,0.648228546406218,0.682832724400303,-0.535527512645018,0.736598913158695,-1.19280260613978,0.660351242786569,-0.333979422149212,-0.140449768739244,-0.696016939253532,1.47410203102843,-0.56760401811193,-0.930457172865427,0.358094193618742,-0.497628312119698,-0.179953678608368,-0.575223753622857,-1.88129497561135,0.321344892711017,2.17563521127613,-1.23321624918318,0.724190249504474,1.26592559806906,-1.38334975138032,-0.629843707397574,-1.11211207947793,-0.867503152253548,-0.334821036824805,-0.574978601284565,-0.890859043653398,-0.870490792834442,1.25312967718045,-0.34476848053886,1.13926055797381,-0.782770299686468,0.929718513293784
comm.and.crime_point_1321,comm.and.crime,regression,0.3,0.0553882306389261,anomaly,0.690130378278102,0.524070428289996,-0.296225771543798,-0.692630399267912,0.198748042635917,-0.384020577952752,-0.592122486177232,-0.40441055463925,-0.284915395618803,-0.79314444928836,-0.758320357815209,1.15430942144021,-0.499564470154296,-1.56531543697313,-1.00841063129797,-1.52069409503657,1.31514123370399,-0.874299669303055,1.03022712427771,0.550209117294346,0.0641681588164208,-0.986987999991752,-0.52457500537974,-0.41781270379772,-0.880559949483478,-0.567472613338656,-0.523804376549633,-0.908227461827405,-0.121200695287352,1.21228566329134,0.207127241592105,0.477363979273606,-0.58163965777976,0.72448175801232,-1.15535164718726,-0.575060418388539,0.224574795131807,0.396015971718339,-0.490300835164584,1.41815068347151,-1.22239309204787,1.04145995105585,1.22940661099857,-0.56760401811193,-0.648184017845477,-0.778552299399972,-0.88700657584796,-1.52936283355217,-0.30513534303829,-0.0952404331143684,-0.149937701058835,0.217464062248858,-0.34476848053886,-1.27898396480077,-0.0977690742382896,0.94751679792459,1.85732060937019,-0.769171424646212,-0.64369508486844,-0.569295082344151,-0.523283403627701,0.723312887149946,-0.639856399463727,-0.445688830173635,-0.429402032904556,-0.720143453672756,-1.29447257978519,0.348137302479556,-0.0131809409898764,-0.267978366150136,0.143845084226443,0.726172755495118,-0.0452960303750682,-1.33771336277832,0.277067099578957,-0.388154860795292,1.09354876858201,-0.319088773758589,1.5463298522628,-0.354149070735601,-1.00117832437123,-0.965225617418908,-0.845653115392282,-1.26014912685317,-1.15854224368551,-1.09939376855715,-1.05012998614479,-0.413719465260767,-0.425870058168848,0.291720927252114,0.102933683049804,-0.226875569169311,-0.759522743786688,0.543772920206689,0.137576952259974,0.466662038712051,0.547219064064617,0.683079530760502,-0.949587954657186,-0.662221689003069,-0.391348688885798,-1.46155861675429,1.53063806280479,-0.138628602798245,0.477166715644901,1.23687038115287,-2.13763607090921,0.4183367341544,-0.34476848053886,1.19497372013481,0.703657382637049,0.655028649219603,0.299837597034825,-1.24095793621434,2.67908366843236,2.94027791831975,1.08150811908822,0.287579502381766,0.626803257494137,1.53318522279537,-0.312728384014686,-0.391348688885798,4.2460524188899,3.60654446461026,-1.45075712734971,-0.706093598596545,0.348009760126863,1.77507012188196,0.46618615394114,1.92131831668641,1.03562611786427,-0.506783935891765,0.0283387432671127,-1.65100928860312,-0.324717903551093,-0.22930318399663,0.152246600047036,0.722358181389051,0.186693280865528,-1.56531543697313,0.682832724400303,0.760473546598372,3.17248229394089,0.22524578682669,1.203019662197,-1.17945889734843,-0.155092156561714,1.543056118669,-0.13044354190256,-0.293190120292925,0.492771791314399,-0.471261468611373,0.652827315957665,0.192634769739419,-0.0531297159061927,-1.15249049956315,0.543089647312493,0.911911858641464,1.03518252779145,0.862136631065088,-0.10077320755709,0.459440106210166,1.05219156642907,-0.154888957153209,0.117254540572726,-0.468978398668724,-0.810596144943824,-0.959847858576748,-0.433845179637909,-0.382942369747774,-0.35568405855027,-0.34476848053886,-0.565328047091832,-0.40441055463925,0.352751675137971,0.182033724961094,0.108666922041517,1.30353704268057,-1.01568334676612,0.823570833435961,-1.39341290226583,0.491760072183968,-0.576901296561691,0.775426071093047,-0.413167436877806,-0.333979422149212,-0.0597367947051054,-0.553751890761977,-0.611535701313945,-0.574978601284565,0.444479772930899,0.837417660326429,3.0081130167773,-1.56531543697313,-0.978565285147405,0.959390866688173,-0.00454386804312309,0.682832724400303,-0.333979422149212,0.26653564650661,-0.44257322543477,0.465867519057289,0.6614207192824,-0.481197144366448,0.202156254750917,-0.44863454061095,-0.633910484386522,-0.665258383296233,1.6423126721264,0.0427225572111723,-0.261565132142186,0.726172755495118,-0.429402032904556,0.038147655151735,0.324222120103087,-0.669300457399169,0.597099711877842,-0.822944761547652,-0.0503586817209869,1.06259659023327,-0.158290967106083,1.60620225067534,-0.179776073400649,-0.34476848053886,0.677650524933283,3.26165559857376,0.828839223120861
comm.and.crime_point_0144,comm.and.crime,regression,0.05,0.085813431504273,nominal,0.324222120103087,-1.56383453476745,-0.296225771543798,1.445208509445,-0.669300457399169,0.968220127909451,-0.592122486177232,-0.447422857068877,-0.0271763465708762,-0.444866529913555,-0.758320357815209,-1.52447881765213,-0.499564470154296,-1.56531543697313,1.37979165718147,1.48620265605712,-0.301653226084705,0.417322912631512,-1.3888684065923,-1.02539690198974,-0.890692353720466,0.980158158380245,0.364971944713428,0.171039307067742,1.97502737250639,-1.23504806525446,2.39312643334151,1.27660250425276,-0.433845179637909,-1.06368304617927,-0.964603692743623,-1.1522015200085,-0.00800707467226295,-0.413167436877806,1.08555911739508,-0.0809549871536759,-0.630335746091604,-0.458589923959548,0.261208422753086,-1.15775143594827,-0.937391007774043,-1.69873893382903,-1.49380687748304,1.5023323817101,1.57980111608575,1.49909291349738,1.30728583530634,1.08150811908822,-1.66921732982277,-1.17945889734843,-0.333979422149212,-0.869747200724323,-0.230075729421995,-1.14205297583563,-1.37784967220547,-1.68278186869654,-1.73297964761169,-0.684350728885536,-0.686008264773091,-0.696016939253532,-0.693624944209472,0.546999706382,-0.639856399463727,0.0630429388836828,0.304702146810281,1.81596120007553,1.61832095622091,0.770744885551916,1.8641616542826,-0.601380811530617,-1.07348900164625,0.726172755495118,0.154086496264857,-3.3993128104577,1.9508968194161,-0.709594525404054,2.99845558029525,0.928401418342293,-1.04789614836431,-0.1602519683065,0.647482131746904,0.50318915590782,0.387066062068055,1.47554750781773,1.42175798034711,1.47828054418402,1.80829347388151,-0.767702135816429,1.49645002329959,0.914794956287961,-0.286904425214791,-0.226875569169311,-0.413403423435731,0.348009760126863,0.854415094266617,-0.381127756467814,1.00125731473287,1.23122920585733,-0.998826763175882,-0.400275637054622,-0.391348688885798,0.409831565769285,1.65968877233247,0.806954409675075,-0.512093453824773,0.169327956712836,-0.00652810323800724,-0.209368692507428,-0.115382978305131,-2.09869121244796,-0.209368692507428,-1.12679008480058,-1.1288425117501,-0.303554212051806,-0.156045871094839,3.77733766313757,1.18594295719383,-0.148565325619854,-1.06931551806772,-1.29867614164992,-0.362109156720205,-0.391348688885798,-0.0477867027019386,-0.139144981884744,-0.370866985519292,-0.749282268400272,1.22894398048608,-1.5001071494307,0.878506043477017,2.32407992805221,-0.496372568292438,-0.385406580997984,1.03524277168163,-0.171235730638567,-0.0819631937635291,-0.493873574512357,-0.337161300152529,0.517473225955383,0.186693280865528,0.682832724400303,0.682832724400303,-1.87023500089416,1.99289873405796,0.288567385435518,0.16626443468128,-0.494689340990077,0.848357930562082,-1.28575565486694,0.739325468475985,-0.392446673750327,-0.286904425214791,-0.853606712675401,-0.257216700834412,-0.370281702344836,-1.19946681437632,-0.262943549469985,-0.8158329812246,-1.32462762778915,0.787628624021312,-0.62599675589646,1.08097977620649,0.0465858602511433,0.352162328164607,1.14097921304329,1.12020544048043,-0.689543980824615,2.06236637375149,-0.212278938005688,-0.043039574199713,-0.329263137039369,-0.35568405855027,-0.34476848053886,1.04374462210848,-0.533447461928133,-0.758443965028085,-0.166244194413711,1.203019662197,0.0803777926311325,2.38492128071067,0.295311354595511,-0.864272121234376,-0.453822940289352,-0.838532752471447,-1.13155341801038,1.02125980885322,-0.241958561604024,-0.885696359334983,-0.172720524612857,-0.315851368525389,-0.267933252874971,0.402239153961105,1.03318082040625,0.117254540572726,0.682832724400303,1.5185567053206,0.602923741041008,-0.103565429551178,0.682832724400303,-0.241958561604024,3.72591167609637,-0.146888892646214,-0.601674905382743,-0.632289530606369,1.20352796250473,-0.343626531286471,1.26614746219524,1.68631318959071,2.53097097010862,1.14602990483939,-0.444866529913555,-0.58964979375619,0.726172755495118,-0.167221968720685,-0.687357492935775,1.3609621849323,0.830056042661434,0.446286906758215,-0.555594417312278,-1.37784967220547,-0.165584803405107,-1.25714308192706,-0.640100742275393,-0.377418245894594,-0.34476848053886,0.831520535946791,0.521883215881349,-0.381712258954214
comm.and.crime_point_0923,comm.and.crime,regression,0.28,0.364376201175559,anomaly,-0.224640267159436,-0.171897892729153,-0.375024355916575,0.345748499249786,-0.669300457399169,0.968220127909451,-0.639997445119629,-0.576459764357761,-0.220480633356821,-0.235899778288672,-0.337911430842786,0.0939557434661589,-0.343626531286471,0.14327716567068,0.233454558711339,-0.0445811444996654,-0.301653226084705,0.248850401944395,0.454251997880092,0.0550186540907768,0.0641681588164208,0.173123836996862,-0.210617258288034,-0.41781270379772,0.751204234510732,-0.264029226104202,-0.421455927079768,0.675774263580712,-0.35568405855027,-0.713534013953022,0.207127241592105,0.378602433862569,-0.533836942520802,0.625555741065352,0.22367036178649,0.857845332192564,-0.174383457439118,0.345745036678463,-0.329263137039369,-0.8289128675117,-0.253386005516867,-0.671164351997201,-0.731307100708191,0.27330764431577,0.342031597235068,0.432961111715639,0.301568480193953,-0.0672751000735523,0.940330818808414,0.646593252940519,-0.333979422149212,-0.43486269553505,-0.34476848053886,-1.32462762778915,-1.37784967220547,-1.68278186869654,-1.8868496586252,-0.726761076765874,-0.686008264773091,-0.738257558223326,-0.736210329354915,0.41476482080604,-0.503316572060594,-0.343942476362171,-0.272093994394233,0.40046092821602,0.731818575697316,0.189659458827421,-0.216136897235549,-0.601380811530617,-0.783647552628939,0.726172755495118,-0.444061083654919,0.46618615394114,-0.370866985519292,0.0251247079874021,-0.017646871584048,-1.69562967538715,-0.718470624475156,-0.548046173164703,0.469248568923321,0.373623146496638,0.217035830694215,-0.0290856412512651,0.179391205812885,0.108891065540274,0.168214439440191,0.117254540572726,-0.105483377924108,0.291720927252114,-0.286904425214791,-0.226875569169311,-0.456668338479601,1.08212161042621,0.578708116571755,1.16484187003665,0.900359925695479,-0.139144981884744,-0.851110337619796,-0.662221689003069,-0.391348688885798,0.227256913815765,2.08985780409139,-0.296225771543798,0.130925656330515,0.0507121317750543,-0.467308204356106,-0.0381763034178386,-0.115382978305131,1.84290780523306,0.36127260445787,-1.61274064862427,0.670236143756844,0.303001138876892,-0.54265444466673,-0.900349146138491,1.29037779529945,-0.148565325619854,-0.10010478917523,-0.118733906464382,-1.1522015200085,-0.391348688885798,-0.230503261067549,-0.321861540250354,-1.93670769117339,-0.576527589185363,-1.90326658079114,-1.04043314643945,1.13620597443694,0.189443387813436,-0.592122486177232,-0.567472613338656,-0.535527512645018,-0.609687155220656,-1.23504806525446,1.62268954961346,1.13106240044617,0.35356526160845,0.044462103313619,0.682832724400303,0.682832724400303,0.541247834307328,-0.484226741696171,-0.661256593696907,0.339056972600567,-0.152304562810898,0.322741218259141,-0.193933566835524,-0.478351146053977,2.28748026959951,0.297852737182101,-0.798985963523397,-0.150152698858873,0.704377017088742,0.0901624214025735,-0.786206461289495,-0.862692382208638,-1.37027129077753,1.57980111608575,1.60620332454586,-1.06368304617927,0.105565038245289,0.763944233026054,-2.90860881882077,0.766222769924772,-1.5166649139092,0.798262865525553,-1.06664341865833,0.191443789063205,-1.40284779120747,0.347766031238483,-0.34476848053886,0.260952512767785,-0.576459764357761,0.246923518931679,1.08755631533559,-2.02244104562969,0.198748042635917,0.514588735598435,-0.444251915781118,0.299837597034825,-0.453822940289352,0.94056114771489,0.620806112517094,0.279314681750966,2.24260467311607,0.23524876409128,-0.839525415373817,-0.696016939253532,-1.24024352283868,-0.44257322543477,-0.777628410332139,-0.826699247575706,-1.56531543697313,0.511652676906082,-0.733827980135861,-1.2423133868938,-1.36298210244952,0.218145741121919,3.26805308394478,-0.062407654706626,1.0589466437462,-1.14977363056188,-0.200409626554585,4.33451163474828,-1.13454734173342,-0.633910484386522,0.68526106180441,1.24528645829679,0.182033724961094,0.0665195294718176,0.726172755495118,-0.114785955883911,-0.0176604331626889,-1.38334975138032,3.23691779275872,-0.91102833931843,-0.555594417312278,1.2771323087635,0.550854342883945,-0.681553878925593,0.857434586358428,0.166097728463756,-0.34476848053886,-0.399439552161281,-0.739281849167541,-0.785229419645906
comm.and.crime_point_1957,comm.and.crime,regression,0.3,0.0303579827503084,anomaly,0.507176249190595,1.56802290981872,-0.217427187171022,-0.570468175912889,0.869512792663029,-0.302066595779285,-0.592122486177232,-0.576459764357761,-0.220480633356821,-0.166244194413711,0.022439077990719,0.707844714924821,-0.187688592418646,0.682832724400303,-0.626298265141257,-0.208593694559321,-0.595615855137194,-0.76198466217831,0.511849510519854,0.145053283764153,-0.234225751351356,-0.533031194213599,-0.367596131833887,-0.257216700834412,-0.589173488055941,-0.203340548657311,-0.165584803405107,-1.18133120758743,-0.199361816374992,0.0305326795277526,0.722688852699825,1.02055247903431,-0.677245088297676,-0.709945487718708,0.108751861038678,1.20371913405697,-1.08628803474409,1.65278934771523,-0.919734696831824,0.760473546598372,-0.367386839226397,0.185147799529322,0.412442564454086,-0.696975043100807,-0.598673237091449,-0.778552299399972,-0.56700559922129,0.193811995190487,0.821714993870633,1.16017042020929,-0.0579168405136468,0.739325468475985,-0.34476848053886,0.638049880711185,1.51418427135001,0.94751679792459,0.728940528604452,-0.59953003312486,-0.559068725059139,-0.611535701313945,-0.608454173918587,0.811469477533919,-0.548829847861638,-0.496562007079367,-0.48183804574133,-0.543205919690318,-0.787899790914564,-0.127296228476849,-0.165397908174131,-0.172720524612857,0.491654823047211,-1.23321624918318,-0.244678557014993,0.0538662644052637,-0.100894450061688,0.300644420509198,0.82897837806628,-0.405122580110374,0.187449566220028,-0.596520448771979,-0.778386370841756,-0.706093598596545,-0.590607768331523,-0.849794631652535,-0.776275543828826,-0.777184479464502,-0.675254778272487,-1.12168480637209,-0.372472278128058,0.0840295842401654,-0.189444898148642,-0.127274097367549,-0.802787658830557,0.837417660326429,0.303001138876892,0.416792050760294,0.194078202433754,-0.0477867027019386,-0.654155103545014,-0.70587936432781,-0.391348688885798,-0.137892390091274,1.01443522469408,-0.296225771543798,-0.858334513139159,0.0507121317750543,-0.467308204356106,1.10310629051276,-0.230075729421995,0.871006677585685,-0.494689340990077,-1.28877360607514,0.934806534272571,0.303001138876892,-0.091611108832858,-0.358722252432842,-0.850536385865668,-1.02085498162309,-0.0516442527306052,-0.413719465260767,0.0329370249239415,-0.391348688885798,-0.504578098615964,0.0435715764808665,0.925001184677206,0.546377825711547,-0.141398140072703,-0.293462891578667,-0.513073583706566,-0.0119374178694681,0.461126610555507,-0.0212745163166381,-0.898012962874244,0.541247834307328,-0.203340548657311,1.72851770581975,0.837417660326429,0.0257493329145824,-0.0977690742382896,0.682832724400303,-1.56531543697313,2.07582782034464,-0.366268385707879,-0.0913622062174521,0.281459459960805,-2.66312626945821,-1.01519223123925,0.00457954007927846,-0.695793398648614,-0.0450487366494222,-0.286904425214791,-0.635123716067385,-0.631940707748796,0.192634769739419,2.04848829795571,0.626603400623183,-1.00327058516075,-0.366110705033174,0.29252081648104,0.555756227867123,-0.888608530066145,0.0465858602511433,-0.84200519593359,1.03299019886025,-0.472716577020044,-1.84751328714304,0.510966613656022,-0.212278938005688,-0.433845179637909,-0.221904671622559,-0.35568405855027,-0.115382978305131,-0.91323565124325,-0.361398252209622,0.299837597034825,-0.584177697663477,0.511849510519854,3.23691779275872,-0.420577536957683,0.400963250363601,1.09354876858201,1.67373883777562,-0.733880170107544,0.517726140133124,0.625555741065352,1.41441692820937,0.648228546406218,-0.506122969993337,0.106554821172549,0.243808994474351,-0.146888892646214,0.10330581002708,-0.000739682945828393,0.682832724400303,0.99496661054505,-0.466477635900487,-0.450140894829368,0.682832724400303,-0.149937701058835,-0.59830836089083,-0.400332606464976,-1.01683029266498,-0.1794909431453,2.2705205301898,-0.499564470154296,-0.497628312119698,0.828839223120861,-1.20546616133649,0.302349200451482,-0.0269330266637888,0.863296564820112,0.726172755495118,-0.586710071414878,-1.6919030825954,0.263237410407251,-0.393103207388005,0.345745036678463,-0.466477635900487,0.613386813521254,0.294983219209284,-0.9955116260173,1.95178732651391,0.166097728463756,-0.34476848053886,-1.42523962558467,-0.478351146053977,-0.280832968781291
comm.and.crime_point_0984,comm.and.crime,regression,0.08,0.195565609040436,nominal,0.629145668582266,-0.171897892729153,-0.296225771543798,-0.0207381708152835,-0.472016707391195,0.804312163562517,-0.544247527234835,-0.576459764357761,0.101693177953087,-0.235899778288672,-0.217794594564951,-0.631549404621351,-0.265657561852559,0.390573463421757,0.0901624214025735,0.556798205719072,0.139290717494029,-0.0880946194298402,-0.467308204356106,-0.305119864602728,0.660955979151975,0.0218049017374774,-0.210617258288034,-0.36428070280995,-0.472618903484926,-0.0212745163166381,-1.29141774757362,0.621153514428708,-0.277522937462631,-0.538459497839898,-0.58964979375619,-0.21396683860365,-0.725047803556634,-0.907797521612643,0.798262865525553,-0.525649875265053,-0.459353637846922,0.345745036678463,-0.543980067872989,-0.00681644642028318,-0.880390590919278,0.242235276297757,0.140121215605925,-0.1794909431453,0.342031597235068,0.287579502381766,0.53014060635586,0.141594576137679,0.58448334399507,0.874849771726638,-0.241958561604024,-0.391374245016123,-0.34476848053886,-0.457398031009934,-0.42964182185941,-0.193933566835524,-0.45072955583245,-0.684350728885536,-0.686008264773091,-0.696016939253532,-0.693624944209472,0.811469477533919,-0.594343123662683,-0.649181537796562,-0.534274058578104,0.223523394233582,0.22524578682669,0.0311816151752862,0.595686927747142,-0.601380811530617,-0.783647552628939,0.726172755495118,-0.37760024144161,0.775426071093047,0.547039635036561,-0.204475052447428,-0.546787652615503,0.455215483407476,-0.430223291072143,-0.111777692699224,-0.421919245194591,-0.490150249577908,-0.548100210488063,-0.16587047298481,-0.346225506490056,-0.495251351508437,-0.347238971384223,-0.767702135816429,-0.265676718046478,-0.487121609042694,-0.286904425214791,-0.226875569169311,-0.802787658830557,1.03318082040625,-0.082988629895916,0.965361918229619,0.849911231176784,0.409004693212087,-0.851110337619796,-0.31296028640514,-0.391348688885798,-0.868190997905353,-0.405122580110374,-0.217427187171022,0.279314681750966,-1.01683029266498,0.281459459960805,0.589529123243989,-0.230075729421995,1.78891329814154,0.988978031119698,0.0610890712128745,1.56977547151032,-1.40638212283126,-0.478219682404748,-0.900349146138491,1.39481263340506,-1.84468410118171,0.239118965937142,-0.649707912297875,-0.855916883775387,2.1052364203334,0.0435715764808665,-0.230503261067549,-1.55874614153275,0.97826452374882,-1.41385868059157,1.54523312038634,0.363106181557171,0.269995710086597,-0.400622650407643,-0.14265187121042,2.32407992805221,1.03450568696218,1.55663109730253,1.04063469047886,0.935299240366342,-0.711836506646619,0.37633485093474,0.682832724400303,0.682832724400303,-0.445267871002372,-1.25095605562007,-0.787899790914564,0.108666922041517,-0.437625211293547,-1.30189225613177,0.94751679792459,-0.521839596572905,-1.53389703851044,-0.286904425214791,1.11274025679674,0.438699312006588,0.294983219209284,0.520038833328871,-0.943185334835349,-0.0660825654799971,-1.23334030181239,-0.796716360107558,-1.28252619132067,-1.01991441715099,-0.897080987655194,-0.924361576905879,0.709023156311124,0.117254540572726,-2.01293747375996,-0.0636258900830415,-1.17343897873991,-0.199361816374992,0.153849957336276,-0.121200695287352,-0.34476848053886,0.0869987106920766,-0.533447461928133,-0.652615808821794,-0.235899778288672,0.68464204843914,2.92126379274596,-0.675622884018443,-0.0216443327087585,1.83434586202605,-0.138628602798245,-0.52457500537974,-0.152293680362675,-0.611019470771741,0.0341040200315418,0.0582574288134486,-0.744267573836537,-0.611535701313945,-0.165584803405107,-0.146888892646214,0.10330581002708,1.23819966399899,0.682832724400303,2.32407992805221,-0.778386370841756,-0.301608552567286,0.682832724400303,3.25483413911314,-0.445688830173635,-0.315851368525389,0.58448334399507,-0.308861968134177,0.192692898382022,-0.499564470154296,0.188284489002777,-0.0286347433489841,0.100035968927465,-0.442074950479027,0.112378141086133,-0.261565132142186,-1.23321624918318,-0.48183804574133,0.763652803239245,-1.38334975138032,2.36886929272363,0.044119426439209,-0.912061542959443,0.945259561142375,-0.779675500224294,-0.890859043653398,0.396654485240329,0.808434789069078,0.114002523928599,0.0108804772080765,-0.565328047091832,-0.432151904040676
comm.and.crime_point_0788,comm.and.crime,regression,0.04,0.181492970823663,nominal,0.934069217061446,-0.519882053238727,-0.217427187171022,-0.142900394170307,-0.669300457399169,0.968220127909451,-0.592122486177232,-0.576459764357761,-0.800393493714657,-0.653833281538438,-0.458028267120621,0.819460891553668,-0.187688592418646,0.390573463421757,-0.0531297159061927,-0.263264544579206,-0.105678140049712,-0.0319371158674677,0.799837073718665,-0.170067920092664,0.243204504917087,-0.0286347433489841,-0.210617258288034,-0.36428070280995,0.226708603941165,0.160791516024035,-0.4726301518147,-1.01746896013141,-0.277522937462631,-0.582228126868179,0.253996478965534,0.971171706328788,-0.772850518815592,-0.363704428404322,0.0512926106647712,0.462560987204673,-0.516347673928482,0.14466129651896,-0.597659300581394,-0.719300011366178,-0.310386422371632,-0.671164351997201,-0.731307100708191,-0.114805430650861,0.688607062513258,0.626803257494137,0.941570433447291,-0.276144776284783,-0.779598642789415,-0.0381763034178386,-0.241958561604024,-0.652304948129686,-0.230075729421995,-0.731260008940213,-1.14079770961895,-1.28575565486694,-1.47652962925584,-0.557119685244521,-0.64369508486844,-0.653776320283739,-0.65103955906403,0.15029504965412,-0.321263468856418,-0.649181537796562,-0.534274058578104,-0.0123933177430025,0.351888984044347,-1.02533734250561,1.00159884023849,-0.649009732299257,-0.319901234201248,0.726172755495118,-0.37760024144161,0.775426071093047,0.763017663402644,0.484324228857062,0.82897837806628,0.197114064352121,-0.965539767392024,-0.741943275593805,0.246456615393843,0.244057137085456,0.174528272850755,-0.71300979991899,-0.155092156561714,-0.0119374178694681,-0.0660825654799971,0.117254540572726,0.909074442850902,1.1744091350529,-0.286904425214791,-0.226875569169311,-0.413403423435731,1.37576635054595,1.68153602735121,1.5638017736507,1.15260339828895,0.0435715764808665,-0.70339391206371,-0.31296028640514,-0.391348688885798,-0.548685356986693,0.111080258000336,-0.375024355916575,-0.314241419930838,0.228635869181726,-0.294515666436819,-1.97835671309985,11.1245066311476,-0.478855999702333,-0.380561081597017,-0.694834028068417,0.987720612375717,0.0824355567210018,-0.413784920142767,-0.654155103545014,-0.0672751000735523,0.481421648160263,1.06294808549576,-0.413719465260767,0.773648615506715,-0.391348688885798,-0.413219819433159,0.226288134846476,0.978995691768727,-0.965225617418908,-0.435042880192443,-1.44264789905679,0.620806112517094,-0.173042062415791,1.27500091257626,-1.23504806525446,-0.253594384688952,-1.21255786402103,-1.17435938780757,0.617322065653698,-2.49055606103062,-0.0971816403456179,-1.28302888717086,0.682832724400303,0.682832724400303,-0.280848586784089,-0.779122631666902,-0.407970199261594,-0.409710691716343,-0.494689340990077,0.513874568187483,-0.64058805739383,0.695837017957058,0.649747137552387,0.882609899578993,1.11274025679674,-0.310748701822181,-0.370281702344836,1.04544333679435,-0.629227587743642,-0.8158329812246,-1.46155861675429,-1.53937807141797,0.161838566612595,-0.669765384924741,0.0465858602511433,-1.00671795787817,1.41095174850089,0.412240099369111,0.0824355567210018,1.08555911739508,-1.97440567935176,-0.277522937462631,-1.24181009308225,4.568466569971,-0.230075729421995,0.173975611729931,-0.146336740061482,0.299837597034825,-0.305555362163633,1.37581220011629,-0.51147345739279,-0.590607768331523,-0.180122176360894,0.776064299963135,-0.138628602798245,-0.00131209356022966,1.08466598824495,-1.45189061482096,-0.333979422149212,-0.472716577020044,0.446455445379464,-0.569295082344151,-0.984372399164023,-0.653776320283739,1.27788477050604,-0.118733906464382,-1.36298210244952,-0.857736801737663,0.781157303864591,1.18371487005353,0.682832724400303,-0.241958561604024,-1.00529377613668,-0.44257322543477,-1.25406194254054,-0.696975043100807,0.0803778912572774,-0.187688592418646,1.16815991917774,0.727959932947938,0.190070598600841,0.302349200451482,-0.235899778288672,0.535211903206109,0.726172755495118,0.147394108299959,-1.35705455270886,-0.346609686551107,3.07909079275234,0.044119426439209,1.18218282021765,1.46677387883271,0.243808994474351,-0.786206461289495,-0.409710691716343,0.0672766422167828,-0.34476848053886,-0.399439552161281,-0.565328047091832,-0.331272613867753
comm.and.crime_point_1625,comm.and.crime,regression,0.32,0.101244663412031,anomaly,1.17800805584479,1.22003874930914,-0.453822940289352,-0.448305952557865,-0.116905957376842,-0.0971816403456179,-0.0176229788684652,0.326798586664425,0.359432227001014,0.878589563710704,0.382789586824224,-1.07801411113674,-0.343626531286471,0.682832724400303,-0.483006127832491,0.939494155858268,-0.546622083628446,-1.49203220848915,-1.33127089395254,-0.530206438786169,-1.7858740842238,-0.482591549127137,-0.419922423015838,-0.471344704785489,-0.0646778574863729,-0.0212745163166381,-0.0632363539352424,-0.525882217763377,-0.35568405855027,-0.363384981726775,0.0196502920983885,0.0329370249239415,-0.725047803556634,-0.314241419930838,1.08555911739508,-0.920934220252943,-1.02929399866253,-0.20723524876017,-0.812376231415014,2.34985996070845,-0.310386422371632,2.24029696319298,2.31869200639122,0.0145655943380156,-0.499651675583395,-0.4393285442876,0.210139629729191,-1.58158025260498,-0.127211605631618,0.190080215368281,-0.333979422149212,-0.565328047091832,-0.230075729421995,0.364187902780905,0.37633485093474,0.451234030637584,1.80603060569902,-0.00578516280012634,-0.0513105662033324,-0.062407654706626,0.28583891413571,0.0621384592701477,0.497975495562377,-0.0895765918335127,-0.219657981557459,-0.366268385707879,0.351888984044347,-0.180122176360894,-1.7383065690781,0.446455445379464,1.24524259049221,-1.23321624918318,-0.311139399228302,-0.66769354228252,-1.88271318408187,-0.342234908708326,0.299837597034825,1.444604256453,0.0227368042754491,-1.17821175605928,-0.64471119872407,-0.662904928792817,-0.718130441861903,-0.257060360807173,-0.489575518936313,-0.65635599605476,-0.487817174336336,-1.12168480637209,-0.906450078535958,0.55133510601705,-0.286904425214791,-0.226875569169311,-0.110549018128644,-0.0435165600327901,-1.79237189160407,-0.181647804660787,0.244526896952449,-0.321861540250354,-0.654155103545014,-0.443933312379363,-0.391348688885798,-0.229179716068034,-2.12579870714607,0.255364319065638,1.26857485122064,1.71133368090399,-1.15847835603325,1.10310629051276,-0.230075729421995,0.763017663402644,0.190080215368281,-0.640839520976896,-0.917186199337522,-1.79237189160407,3.71003986462407,-0.457199869470233,0.768203604771372,0.820645403272635,-0.148565325619854,0.23524876409128,0.427983206568087,-0.391348688885798,0.0435715764808665,1.87073716013697,-0.586845013885375,-0.360584240166726,0.0543650200071232,-1.44264789905679,0.826966057285032,1.07551893281821,4.0517485312353,0.100102838577144,-0.777184479464502,0.596054262380089,1.25318771006807,0.0352672065190975,1.22894398048608,0.927243136822718,-0.761514569480531,0.682832724400303,0.682832724400303,-0.00681644642028318,-1.19197687762592,-0.661256593696907,0.511849510519854,0.589529123243989,0.752791255597911,0.0542078168079789,-0.391374245016123,0.15346437026538,-0.286904425214791,0.948878009340733,-0.257216700834412,-0.728501275489362,-0.674062310910845,2.09173955371781,-0.909551783192675,0.0903259248506256,-0.598673237091449,0.643293485923684,0.118069937584314,-0.366268385707879,1.91693356663811,1.41095174850089,-0.708705024057152,0.523566721032782,0.396048112908209,-1.49382565898465,-0.121200695287352,1.06639691337916,-0.35568405855027,-0.230075729421995,-0.695793398648614,-0.40441055463925,1.56977547151032,-0.862800033163321,1.203019662197,-0.669300457399169,-0.505592652644603,-0.232948124244939,0.617322065653698,-0.217427187171022,1.5684766418983,0.775426071093047,0.72448175801232,-0.241958561604024,0.176251652332003,0.303568683073544,-0.78049817719312,-0.523804376549633,0.486720391900693,-0.924450780392009,-0.35472235350149,0.682832724400303,0.833861965998727,-0.466477635900487,-1.2423133868938,0.255684573739351,0.310166601667107,-0.445688830173635,-0.738257558223326,1.71133368090399,-0.696975043100807,0.866582941130492,-0.499564470154296,0.776209747107756,-0.633910484386522,2.03578050690505,-1.98055152906875,-1.14142236866316,0.910165802193541,0.726172755495118,-0.796454122761974,-0.519933227992503,1.5439163140198,-0.629843707397574,-0.508860858999424,-0.600152808018174,-1.70972241982659,0.346157443944216,0.783582274169036,0.223861947321042,2.24134053965018,0.458080777279193,0.164750488221586,-0.91323565124325,1.23235638381255
comm.and.crime_point_1006,comm.and.crime,regression,0.13,0.242553681922478,nominal,-1.38334975138032,0.176086267780421,-0.375024355916575,1.50628962112251,0.277661542639106,-2.76068606098329,4.0517485312353,0.197761679375541,-0.156045871094839,-0.514522113788516,-0.758320357815209,-1.74771117090983,-0.265657561852559,0.682832724400303,1.76190402333818,2.19692370631563,-0.693603398154691,0.529637919756257,-2.36802612146826,-0.485189123949481,-1.60683773812313,1.38367531907194,0.626603400623183,0.974019321884281,1.2756998650803,0.403546225811598,0.294983219209284,0.730395012732716,-0.433845179637909,-1.15122030423583,-0.870865217996765,-1.20158229271402,0.948047230506899,-0.611019470771741,1.88998862262977,-0.82211313400597,-0.459353637846922,-0.760215534198803,0.583283819003517,-0.938525723657223,-0.595388506645455,-0.671164351997201,-0.840235640247456,1.82575994418229,1.23322565080756,1.01448754905113,1.03299928391205,1.29037779529945,2.12648906818623,2.30145301413988,-0.333979422149212,-0.956724101762177,-0.000690227188266011,-0.548685356986693,-0.477052214376713,-0.0946770133781229,0.0621704808792462,1.09688388208866,1.38733755055479,2.00738267481327,2.20218124568063,-2.14177630032918,0.63451532296551,1.28399918462125,1.51073044205609,1.87494037806967,1.49167775900326,2.35552332207326,1.50898873085267,0.827486811528584,-0.725679262825477,0.726172755495118,-0.37760024144161,0.260026209173202,1.78891329814154,-0.75551447749102,-1.39341290226583,2.00382399773961,-1.00671795787817,0.227542236551704,1.27129960162944,1.41015122178609,1.32223233462417,2.98018065688672,2.61634141739925,2.32407992805221,2.7923408945463,0.176251652332003,2.19062116382986,-0.435198773289707,-0.286904425214791,-0.226875569169311,3.09105469511771,-0.728687620312182,-1.29609933175331,-1.47826749140646,0.496770369545922,-0.504578098615964,0.084427024235416,0.822139272038128,-0.391348688885798,-0.137892390091274,0.111080258000336,-0.453822940289352,-0.759408496192192,-0.245827430569399,-1.3888684065923,1.10310629051276,-0.230075729421995,-1.12679008480058,-0.266432822203958,0.601034142128082,1.30520508099459,1.84696021396812,0.0372584156911057,1.3153972372028,-0.380579614390398,-0.148565325619854,-0.536249617176849,-0.118733906464382,-0.954678429186424,-0.391348688885798,-0.595936377798769,-0.321861540250354,1.41095174850089,0.33043447669291,-1.02233236043192,-1.44264789905679,-1.80157323850618,-0.817460640601083,3.71662381863852,0.706989613046053,-0.938289124010825,-0.280848586784089,0.0394141611302526,-0.70552988692494,0.494832130186732,-2.35091615011596,-0.0503586817209869,-1.56531543697313,-1.56531543697313,0.705667118525611,-1.13299769963178,-0.977864586741049,0.223861947321042,-1.35065128643802,-0.155092156561714,-0.839101164308632,2.08746743456273,-0.392446673750327,2.05212422437278,0.129566772060671,0.706359316945435,0.0391120955346223,0.0423983756329848,-0.943185334835349,-0.253520169416148,0.0446822618622457,0.936160966283394,-1.28252619132067,-0.10077320755709,-0.720143453672756,-1.00671795787817,-1.12679008480058,1.65117944631393,-1.84751328714304,-1.84486265167414,0.108107742239052,0.347766031238483,0.314887655461491,-0.277522937462631,0.114002523928599,-0.739281849167541,-0.576459764357761,0.82897837806628,3.52550175095922,-2.02244104562969,0.593315542651865,-0.888160673235742,1.72161194746473,-1.18175658985325,0.255364319065638,0.103340488803673,0.00232627821327909,-1.40242760634748,-0.241958561604024,-0.826699247575706,-0.601380811530617,1.20481091438719,1.47199038811273,-0.569295082344151,-1.16915473049179,-0.295725241742213,-1.56531543697313,-0.898012962874244,-0.377360854488696,-0.103565429551178,-1.56531543697313,-0.333979422149212,1.38574553843271,-0.738257558223326,0.762407081401742,-0.308861968134177,-0.0319371158674677,0.280125224184829,-0.44863454061095,-0.129514033521907,-0.215085234929352,-0.0450487366494222,-1.0717667847882,0.816427327446683,0.726172755495118,-0.429402032904556,0.652036626610397,1.17800805584479,-0.4325599573896,0.546828776837966,-0.822944761547652,-0.666693784445925,0.857899691293538,0.0510141976217214,2.23977488971272,1.00607696156302,-0.230075729421995,-0.758469577859468,-0.826258750205395,-0.785229419645906
comm.and.crime_point_0171,comm.and.crime,regression,0.23,0.108408098902962,anomaly,1.5439163140198,-1.56383453476745,0.0977671503200851,-1.12019818101049,-0.195819457380031,0.558450217042117,-0.592122486177232,-0.576459764357761,0.810475562834887,0.182033724961094,0.863256931935564,1.32173368638348,0.202156254750917,0.682832724400303,-1.19946681437632,-1.90339004517576,-0.938572255698432,-0.705827158615937,1.60620225067534,0.640243746967722,1.37710136355464,-0.986987999991752,-0.629227587743642,-0.739004709724335,-0.647450780341448,-0.506783935891765,1.16494503970313,-0.525882217763377,0.425927152326122,1.34359155037618,0.44147342845925,0.477363979273606,-0.151415220449137,1.81266794442896,-2.07469965316976,-0.772702590882484,1.59243166108926,-0.307777118839921,0.422246120878301,0.65086069045285,0.259617746176014,0.413497706603062,0.52137110399335,-1.020402605573,-0.697694798599504,-0.633170690066098,-0.795577725383197,-0.850536385865668,-1.19475403007165,-1.1223947676519,-0.0579168405136468,-0.217420442940414,-0.34476848053886,0.729337206687944,0.613386813521254,0.351977477180183,0.113460484550416,-0.59953003312486,-0.60138190496379,-0.653776320283739,-0.65103955906403,0.767391182341933,-0.594343123662683,-0.801801068513758,-0.848890135598748,-1.30993523361422,-1.29447257978519,-0.972511394621568,-0.317614875358386,-0.649009732299257,0.549623112850672,-1.23321624918318,0.619312391758016,-1.18309340420237,-0.424861492610813,0.484324228857062,1.72851770581975,-1.56657896585947,1.50515166177666,0.27601651215898,-0.912061542959443,-0.878848277811454,-0.845653115392282,-1.07776935120844,-1.11075890620342,-1.13966992969373,-1.09698938712883,1.59218233455465,-1.33363231886228,-0.642890116301655,0.102933683049804,-0.127274097367549,-0.802787658830557,0.837417660326429,0.247859743337919,0.0677021350979969,0.194078202433754,-0.230503261067549,0.379859875347588,-0.31296028640514,3.7696264931462,0.501118891746045,0.369181677055691,-0.453822940289352,0.675018749538836,1.23687038115287,1.203019662197,0.646593252940519,-0.34476848053886,0.871006677585685,1.50255519838847,-0.100894450061688,0.141095362725389,0.413283929954837,-0.284915395618803,-0.407961060951538,-0.954971223971284,-0.342407471398352,0.33604003882639,0.884216993443326,0.625506297390161,-0.391348688885798,-0.321861540250354,0.134929855663671,1.08698470595177,1.49652856139355,-0.532924460232356,-2.47691440578711,-1.13155341801038,-0.454975190371856,-0.687872404062027,-0.324717903551093,0.0686149044036935,-2.25387999740349,-0.14265187121042,1.09354876858201,0.494832130186732,0.845289154649251,0.613386813521254,0.682832724400303,0.682832724400303,-0.226042158711328,0.990252708157481,3.20136092144162,0.0510694094017551,-0.494689340990077,0.131607868330799,0.649747137552387,-0.869747200724323,-0.243561843564225,-0.0919853710824933,-0.689744465219389,-1.00666471466318,-1.29141774757362,-1.05617467706755,0.521950818259281,-0.440957773352299,0.181613250827385,1.1342040892995,-0.844839901037864,0.555756227867123,1.5210653101048,0.352162328164607,-0.478855999702333,-0.472716577020044,-0.138130025434889,0.913181366273366,-0.212278938005688,-0.433845179637909,0.529604586295112,-0.433845179637909,0.228695275045463,-0.869747200724323,-0.533447461928133,-1.02301435554381,-0.444866529913555,-0.640100742275393,-0.629843707397574,0.0470055993203757,-0.285774072128984,0.299837597034825,0.491760072183968,-0.52457500537974,0.517726140133124,-0.858334513139159,0.402187462212296,-0.295725241742213,-0.506122969993337,-0.696016939253532,-0.779675500224294,0.23327667808193,0.984240030386299,0.589231434646941,0.682832724400303,-0.454975190371856,-0.243685682371009,0.837139404775339,0.682832724400303,-0.241958561604024,1.23312600771551,-0.0201670357368324,-0.542366992913852,-0.308861968134177,-0.368882137241703,4.33451163474828,-0.350646997593453,0.526201352602092,-0.890344957479674,0.351977477180183,0.251689308836056,0.300865716338963,0.726172755495118,0.199830121136733,0.317188096723854,-1.6882732998595,1.61919104269333,0.14466129651896,-0.778386370841756,-0.666693784445925,0.857899691293538,-0.786206461289495,-1.90724602035016,1.10489804781,-0.34476848053886,0.164750488221586,-0.826258750205395,0.0722445468239389
comm.and.crime_point_1488,comm.and.crime,regression,0.51,0.0669797300623161,anomaly,-0.285624976855271,0.87205458879957,-0.0598300184254683,-0.448305952557865,0.277661542639106,0.0257493329145824,-0.161247855695657,-0.447422857068877,-0.478219682404748,0.530311644335899,0.142555914268554,-0.352508963049232,-0.0317506535508209,0.682832724400303,0.0901624214025735,0.666139905758843,-0.840584712680936,-0.144252122992213,-0.755295767554917,-0.350137179439416,-0.234225751351356,0.0722445468239389,-0.00131209356022966,0.0104433041044344,-0.12295514977188,-0.264029226104202,-0.114410578670175,0.293429019516684,-0.199361816374992,-0.450922239783337,-0.120957420021899,-0.0658245204870952,0.0875983558456533,-1.10564955550658,1.14301836776899,-0.82211313400597,-0.00340134919443606,-0.5591317940393,-0.114546206205749,0.924892830816656,-0.0253843380978089,0.641847613676801,0.793692452841512,-0.438232993123054,-0.301608552567286,-0.245486398509103,0.118710779264428,-0.223927357231975,0.940330818808414,0.817785642030109,-0.0579168405136468,0.608860116919203,-0.230075729421995,2.28122174829286,1.60900505638462,1.3445430117542,1.13926055797381,0.0366251850802118,-0.178250105917284,-0.273610749555595,-0.310356477900488,0.591078001573987,-0.412290020458506,-0.445688830173635,-0.534274058578104,-0.543205919690318,-0.534613396479251,-0.0744702805928035,-1.28165566752533,-0.410865128456057,0.0858767944229815,0.726172755495118,-0.178217714801685,0.363106181557171,-1.23477909898362,-0.479994764969224,-0.970100277440667,0.842367611990508,0.187449566220028,0.0336451341226025,-0.0208937288415306,-0.0150748817369079,-0.0380095163665442,0.472458741771733,0.513874568187483,0.350548032359759,0.449370845344417,-0.295725241742213,0.321698862402212,-0.0198160872658089,0.00547415598365529,-0.0276726255657857,-0.54319816856734,-0.435042880192443,-1.18581654067537,-0.929697623937139,-1.47072871668317,-0.139144981884744,-0.260244635395451,-0.138329585106176,-0.391348688885798,0.181613250827385,0.756333805638724,0.964551578420628,-1.25403858092703,-0.483059080444962,-0.755295767554917,1.10310629051276,2.17847204403216,2.11288034069066,-1.63597193492067,0.763017663402644,0.511493909447407,-0.358695607590779,0.101693177953087,-0.407961060951538,-0.485014452496014,1.20832969482963,-0.0516442527306052,2.18215345214742,-0.411489929425723,-0.391348688885798,-0.413219819433159,-0.230503261067549,0.223072592487436,-0.706093598596545,0.984240030386299,-2.18961815391758,0.208486222981217,1.67966134986692,-0.639997445119629,1.31387638751496,1.15607125509137,2.02102139227188,0.221480193470925,-1.1288425117501,-0.239279720112616,-1.24453739077415,-0.334821036824805,-1.56531543697313,0.682832724400303,-1.92504142896692,-1.25095605562007,-0.724578192305735,-0.467308204356106,-0.551753470686607,1.42175798034711,0.500862307366285,-0.304397343978269,0.649747137552387,-0.286904425214791,-0.798985963523397,0.0104433041044344,-0.01206212920031,-0.00536567013660394,-0.315269840651936,-0.581535976304412,0.0903259248506256,1.23322565080756,-1.19498893326411,0.687062114951965,0.282502572227728,-0.347866910099853,1.78891329814154,-0.295725241742213,-1.5166649139092,0.108751861038678,1.49645002329959,0.894893878851958,0.583283819003517,-0.433845179637909,0.343388026162328,0.304440963286713,0.455835493953308,0.511493909447407,0.112378141086133,1.54860473803558,0.790599292659839,1.02467942971995,-0.708381655201343,0.617322065653698,-0.0598300184254683,1.62080293308025,0.569266126325109,-0.413167436877806,-0.333979422149212,-0.472716577020044,-0.363236207687417,-0.400332606464976,1.21611926443806,-0.611535701313945,0.10330581002708,-1.06268769461281,-1.56531543697313,0.269995710086597,1.00394925739407,0.985671747037421,0.682832724400303,-0.0579168405136468,0.215662469600878,-0.484813844404564,-1.13544611760276,1.04953379424903,0.417322912631512,-0.343626531286471,-0.840584712680936,-0.785229419645906,0.0550186540907768,1.3445430117542,3.52550175095922,0.0665195294718176,0.726172755495118,-0.376966020067782,-0.240892786420384,-1.38334975138032,-0.4325599573896,0.245203166598712,-0.154568900959218,1.13490113121159,-0.728501275489362,0.0510141976217214,0.108666922041517,-0.328007702771107,-0.230075729421995,-0.707179574188299,-0.304397343978269,-0.129514033521907
comm.and.crime_point_1063,comm.and.crime,regression,0.07,0.108339745995253,nominal,1.60490102371564,0.176086267780421,-0.375024355916575,-1.73100929778561,-0.590386957395979,0.804312163562517,-0.256997773580451,-0.490435159498505,-1.25143682954853,-0.723488865413399,-0.818378775954126,0.707844714924821,-0.343626531286471,0.682832724400303,0.0901624214025735,-0.153922844539436,0.0902969459852806,1.59663048744133,0.223861947321042,-0.98037958715305,-0.651977225586244,0.727959932947938,1.30684518598855,1.18814732583536,-0.239509734342896,-0.14265187121042,0.602028567618877,0.457291266972696,-0.35568405855027,-0.669765384924741,-0.964603692743623,-1.34972461083057,2.52553683405251,-1.25403858092703,0.568425864029928,-0.82211313400597,3.01728256312828,-1.56455049483681,2.78413236004812,-0.500074299075133,0.259617746176014,0.0138853692240173,-0.132200133242237,-0.891031580584123,0.490563939497149,0.917566476161884,0.987284858679672,0.402681671401718,0.287943781650617,0.532464993547459,-0.333979422149212,-0.695793398648614,-0.230075729421995,1.0488428476066,0.37633485093474,0.0542078168079789,-0.0916995301342629,0.375907968122917,0.0333157936059686,-0.10464827367642,-0.140014937318717,0.194373344846107,-0.275750193055373,-0.750927891608026,-0.901326148435522,-1.60483112358495,-0.407970199261594,-1.81772656076629,-0.520570831604059,-0.791896494605177,0.781496272064518,-1.23321624918318,-0.444061083654919,1.13620597443694,-1.12679008480058,-0.939194285838884,-0.493873574512357,-2.12579870714607,-1.04789614836431,-0.596520448771979,-0.0208937288415306,-0.0150748817369079,0.0470055993203757,0.381268853949369,0.131607868330799,0.310271871223178,-0.0660825654799971,-0.413719465260767,-0.212278938005688,0.135952419993153,-0.286904425214791,-0.226875569169311,-0.0240191880409045,0.10330581002708,-0.303554212051806,0.217312098953267,0.14362950791506,-0.595936377798769,2.49712864165149,0.778481596713387,-0.391348688885798,-0.366110705033174,1.18650283739765,-0.296225771543798,-0.561556462298257,0.406559606588398,-1.04328333075373,0.931913901423168,-0.000690227188266011,0.817012170494165,0.874849771726638,-1.50475163444123,-0.970100277440667,0.523566721032782,0.359432227001014,0.773770343497151,-0.223927357231975,1.30525076771888,1.20832969482963,-0.0597367947051054,0.0329370249239415,-0.391348688885798,1.50530404340575,-0.139144981884744,-0.370866985519292,0.97826452374882,0.592713710226646,-1.44264789905679,0.260026209173202,-0.817460640601083,-0.496372568292438,0.221480193470925,0.0283387432671127,-0.0616228744930443,-1.05298203291378,-0.811358043131231,0.837417660326429,-0.629882524473152,-1.70972241982659,-1.56531543697313,-0.441241356286412,-0.664493583293417,0.813315174175043,-1.16782938256753,-1.15847835603325,0.874849771726638,0.705007918115826,-1.18649910140954,-0.91323565124325,-0.839101164308632,0.102933683049804,0.293429019516684,0.385167311018819,-1.29141774757362,-0.0531297159061927,-1.30946937310901,-1.23756759008094,-1.46155861675429,0.886650185529367,-0.319616352698494,-0.0570045785288092,-1.36891441160836,-0.553757862530577,-0.0468999429701671,2.35914478742525,0.523566721032782,0.22367036178649,0.748881102728531,-0.199361816374992,-0.597659300581394,0.269604910150844,-0.000690227188266011,-0.695793398648614,0.326798586664425,-0.123475027790339,-0.932455617038282,2.52776245291154,-0.669300457399169,-0.718130441861903,-0.972511394621568,-0.970100277440667,-0.138628602798245,1.6731292242622,1.29082593301289,1.02125980885322,-0.149937701058835,-0.236728129982936,0.208310841536264,-0.315851368525389,0.397331668679148,-0.738257558223326,-2.97996396123019,-0.826699247575706,0.682832724400303,-0.616079834918179,2.60805132280631,-1.04427026387769,0.682832724400303,-0.333979422149212,-0.547435183985099,-0.696016939253532,-0.423751167976071,-1.020402605573,-1.43587470492678,-0.343626531286471,0.923191061634,-0.835669064732367,-0.665258383296233,0.00457954007927846,1.08755631533559,-0.355303606889044,-1.23321624918318,-0.534274058578104,0.707844714924821,-1.38334975138032,-0.116905957376842,1.5019765425956,1.13762442951176,1.60900505638462,-0.4726301518147,-1.62342712020071,0.339056972600567,1.25312967718045,-0.230075729421995,-0.348149548490111,-0.0869550913836323,-1.08786729016467
comm.and.crime_point_1230,comm.and.crime,regression,0.33,0.0735255968247042,anomaly,-1.50531917077199,0.524070428289996,-0.296225771543798,-0.692630399267912,-0.669300457399169,0.722358181389051,-0.544247527234835,-0.103324437631854,-1.31587159181051,-1.48970028803797,-0.998554030370879,1.87981456952772,-0.499564470154296,-1.56531543697313,-0.674062310910845,-0.973985594837714,-0.644609626645943,-0.76198466217831,1.31821468747653,-0.305119864602728,2.39164065812508,-0.835669064732367,-0.52457500537974,-0.685472708736566,-0.297787026628403,-0.0212745163166381,-0.574978601284565,-0.362019970307365,-0.277522937462631,0.118069937584314,-0.58964979375619,0.427983206568087,-1.05966681036934,0.229851673277482,-1.09789239681336,-1.8103239964757,-1.88420453988594,-0.709944599158927,-1.18813086037385,2.24024710456292,-1.50739517632169,1.04145995105585,1.610656499386,-1.8613142680007,-0.40063011407534,-0.633170690066098,-0.0184324964327153,0.246029414243294,0.110020044243945,0.817785642030109,-0.333979422149212,-0.739281849167541,-0.230075729421995,-0.0922487271028942,-0.192589859272896,-0.193933566835524,-0.45072955583245,-0.429888641603507,-0.432129185345187,-0.44257322543477,-0.480698018482259,0.502921411190013,-0.412290020458506,-0.547435183985099,-0.534274058578104,-0.897080987655194,-1.86436696726465,0.453789198247646,-0.469831842542641,0.113052999998984,1.47711574970605,-1.23321624918318,1.15099912946448,-3.70855272760961,0.00709456412135369,-0.801434429577986,-0.970100277440667,1.444604256453,2.61696280490257,-0.305674795128326,-0.243685682371009,-0.231018230755544,-0.0805170742100041,0.153294134393461,-0.0117421441154574,-0.0119374178694681,0.168214439440191,0.943214105202603,0.909074442850902,0.291720927252114,-0.286904425214791,-0.226875569169311,-0.456668338479601,-2.97996396123019,-1.73723049606509,-2.57540722634511,-3.28688171935617,0.500362972394892,-0.949587954657186,-0.443933312379363,-0.391348688885798,0.501118891746045,0.928401418342293,-0.296225771543798,1.31803785969412,1.11825455621509,0.569447023159616,-0.608817600383137,-0.230075729421995,0.169078085395916,1.27429867960235,0.978995691768727,0.881892456169426,0.578708116571755,1.26151889866876,-0.752632720582405,-0.11949251912636,0.966027012606508,0.820645403272635,0.589231434646941,-1.1522015200085,-0.391348688885798,-0.413219819433159,-0.321861540250354,0.00709456412135369,-0.749282268400272,0.690595290266559,0.396048112908209,0.672346098709078,-1.13966992969373,-0.639997445119629,-0.446095258444874,0.672757321452404,-0.445267871002372,-0.446095258444874,-1.18175658985325,-0.973391570411965,-1.08062942642722,0.992669953659678,-1.56531543697313,0.682832724400303,-0.8289128675117,-0.0123933177430025,-0.0280406076086237,0.16626443468128,-0.209368692507428,1.70845800523962,-0.0946770133781229,0.521883215881349,-0.392446673750327,-0.286904425214791,-1.07208970928342,-0.685472708736566,0.294983219209284,3.05153325911707,-1.2048167907451,-1.14384878811286,0.501118891746045,0.490563939497149,1.7375092116307,1.60620332454586,-0.720143453672756,-0.924361576905879,-0.910812056434499,-0.767702135816429,-0.413837003129751,-1.72994415092632,0.0547099621982618,-0.199361816374992,1.06639691337916,0.738571636676679,-0.230075729421995,0.652348567438131,-0.447422857068877,-0.440959496409212,-1.83797820741278,0.742239561078903,-0.590386957395979,1.02467942971995,0.929222729204051,2.20474440874806,0.570558656556745,2.40569730080952,-0.0492137079787055,-0.759408496192192,-0.241958561604024,0.176251652332003,-0.458494049224697,-0.78049817719312,-0.114410578670175,1.88066081790389,1.32682556052599,-0.472716577020044,0.682832724400303,0.592204999179243,-0.64471119872407,1.08469330854548,0.682832724400303,-0.333979422149212,-0.59830836089083,-0.569295082344151,-0.779598642789415,-0.696975043100807,-0.9866146764278,1.29372182682569,0.972184833142749,1.33323567398548,2.12581513657843,-0.541331503936429,-0.932455617038282,-0.683388268503048,0.726172755495118,-0.48183804574133,1.48915795132675,1.11702334614895,-0.0774492073752468,1.5019765425956,-0.243685682371009,-0.714104176963228,-0.523804376549633,-0.262943549469985,-0.812893280194679,-0.328007702771107,-0.230075729421995,-1.83555965495403,3.26165559857376,3.14906289709809
comm.and.crime_point_0430,comm.and.crime,regression,0.42,0.0638369771777181,anomaly,-1.38334975138032,-0.867866213748302,1.0433501627934,0.162505164217251,-0.116905957376842,-0.547928542299685,1.03562611786427,1.18704463525698,-0.478219682404748,0.251689308836056,-0.0376193401481986,0.26138000840943,1.05981491852395,0.682832724400303,-0.00536567013660394,-0.372606244618977,-0.105678140049712,0.0242203876949048,0.16626443468128,0.235087913437529,1.61581649168886,-0.179953678608368,-0.158290967106083,0.0104433041044344,-0.181232442057388,0.403546225811598,-0.421455927079768,-0.635123716067385,0.504088273413761,-0.188310465613652,-0.308434369515615,-0.362109156720205,-0.342626081484969,0.32877769022445,-0.121085140456948,-0.377418245894594,-0.972299962580968,-0.106693378680418,-0.543980067872989,0.102796409725239,-0.595388506645455,0.527672660139931,0.303514024914822,0.0145655943380156,0.143988474218959,-0.10010478917523,0.0729963540320473,-0.171709938179167,-0.127211605631618,-0.380561081597017,0.310166601667107,0.130487161211004,1.14623728398038,0.501118891746045,0.70820759855586,0.699375414281087,0.677650524933283,1.26652527361002,1.30271119074548,1.24705153335698,1.13754661704456,-0.863505739761571,1.135161356777,0.826140592469659,0.776626262341248,0.40046092821602,-0.407970199261594,1.24617841650832,-0.672787798788313,1.2085181776777,0.839464561867979,-1.23321624918318,1.01807744503787,-0.358453625130612,-0.316872478427771,-0.75551447749102,-1.34049882416269,1.35857045010122,-0.224332338641419,-0.1602519683065,0.558365350335113,0.719132504926456,0.769634082659194,1.24757278826182,0.991707943008339,0.833861965998727,0.871105454200756,1.88716789335104,2.5110078440746,-1.00634996657257,0.00547415598365529,9.73327161100698,1.05760368805584,-1.41385868059157,-1.84751328714304,-1.47826749140646,-1.31938263312708,0.500362972394892,0.133665832754111,0.298247168141235,2.39650468307564,-0.868190997905353,0.928401418342293,-0.375024355916575,-0.413167436877806,0.762407081401742,-1.79205099507064,-1.35065128643802,0.114002523928599,0.925001184677206,1.21723454990582,1.41095174850089,-1.02301435554381,-1.79237189160407,-0.349350157880785,1.41387485424019,-3.04366798608359,1.11140862194038,-0.487789080732225,0.766222769924772,-0.757155338364351,-0.391348688885798,-0.139144981884744,0.226288134846476,-1.66673515571579,1.06464186335627,1.7672926707056,1.08555911739508,0.723886084901063,1.35745206077428,-0.44849760935004,-1.23504806525446,-1.34105073537663,-0.609687155220656,-0.14265187121042,-1.7108973708847,0.641654500246602,-0.711836506646619,-0.240000251790199,0.682832724400303,0.682832724400303,0.979699258889417,-0.0123933177430025,0.478532181262003,0.223861947321042,0.931913901423168,-0.72849220634674,0.203092646994081,3.26165559857376,-1.38501220832434,-0.286904425214791,1.33122325340476,0.438699312006588,-0.4726301518147,0.328982650250517,1.83010809780806,2.88605969651438,2.78330204116504,0.143988474218959,0.730830743980246,2.08765824385695,0.223523394233582,0.146271375733883,-0.424861492610813,2.06415922862887,1.01983928088354,0.281129612160397,-0.532665618250428,-0.277522937462631,0.368566888169896,0.0351215468879261,-0.34476848053886,-0.869747200724323,0.0257124696570293,-0.917186199337522,-0.166244194413711,-0.121723128517532,-0.629843707397574,-0.208039747740384,0.400963250363601,0.405665753241116,-0.0598300184254683,-0.262943549469985,-0.152293680362675,-1.45189061482096,0.310166601667107,1.06120832872116,2.97078824611738,2.26082638863203,0.499680118149013,-0.358091987495182,1.08212161042621,0.766222769924772,-1.56531543697313,-0.777184479464502,0.558365350335113,-0.301608552567286,0.682832724400303,0.0341040200315418,-0.140449768739244,-0.78049817719312,0.0507121317750543,0.726106231776839,-1.37971720136441,-0.109719622984733,-0.350646997593453,-0.23039332369483,-1.1604488464998,1.5926843953977,1.22686748308551,0.535211903206109,0.726172755495118,-0.639146084251652,0.428804273352702,-1.0174414932053,-0.472016707391195,-1.06184114443806,-0.154568900959218,-1.28302888717086,0.346157443944216,-0.576901296561691,-0.121723128517532,1.05548750468651,1.14623728398038,-0.50201955950362,2.21793278611951,0.0722445468239389
comm.and.crime_point_0353,comm.and.crime,regression,0.08,0.071455604807761,nominal,1.05603863645312,-1.21585037425788,-0.296225771543798,-0.692630399267912,-0.708757207400764,0.763335172475784,-0.592122486177232,-0.619472066787389,0.681606038310923,0.460656060460939,0.623023259379894,0.372996185038278,-0.499564470154296,-1.56531543697313,-0.8651184939892,-0.372606244618977,3.47086718008891,0.417322912631512,0.569447023159616,-0.395154494276104,-1.01004991778758,-0.684350129472983,-0.629227587743642,-0.792536710712104,-1.46333287233855,-0.324717903551093,0.346157443944216,-1.07208970928342,-0.199361816374992,0.0743013085560334,0.816427327446683,-0.0164437477815769,-0.00800707467226295,-0.907797521612643,0.396048112908209,-0.920934220252943,1.07948533635522,-0.307777118839921,-0.114546206205749,-0.774106439438939,0.0316160787569558,-0.956601735839376,-0.894699910017088,-0.502918505617492,0.193499254972986,0.432961111715639,0.438711755891097,0.141594576137679,1.29617829362176,1.61668345778153,-0.241958561604024,-0.565328047091832,-0.34476848053886,0.501118891746045,-0.192589859272896,-0.69021633412253,0.113460484550416,-0.641940381005198,-0.686008264773091,-0.696016939253532,-0.693624944209472,0.458843115998027,-0.503316572060594,-0.700054714702294,-0.691582097088426,-0.838101809661048,-0.15468380482628,-1.23664113404179,-0.0639199300512947,-0.601380811530617,0.491654823047211,-1.23321624918318,-0.244678557014993,0.156946236789233,-0.424861492610813,-0.52591471705619,0.141095362725389,-0.491156386462159,0.0227368042754491,-0.354149070735601,-0.867503152253548,-0.878848277811454,-0.845653115392282,-1.03217440729726,-1.06297556872134,-1.05911760742057,-1.23756759008094,-0.708705024057152,-1.06664341865833,0.0840295842401654,-0.189444898148642,-0.226875569169311,-0.802787658830557,0.788476870306472,-0.082988629895916,-0.0819078287572736,0.244526896952449,-0.413219819433159,0.084427024235416,-0.70587936432781,-0.391348688885798,1.18577383657174,-1.9537310944425,0.176565734692862,-0.808871504665675,0.0507121317750543,-0.870490792834442,0.30420847476134,-0.34476848053886,-1.1807845918921,-1.35065128643802,-1.01880107061754,-1.28758474605954,-2.78491701130557,-0.091611108832858,-0.555677486507623,0.507116509507333,-0.827012835844596,0.190658429492517,-0.35472235350149,1.90940638773364,-0.391348688885798,-0.321861540250354,-0.230503261067549,-1.07279557770906,-0.490150249577908,0.592713710226646,1.43031461963852,-0.873853487050458,0.149167226676855,-0.11337289675326,0.464234903258489,0.310271871223178,-0.445267871002372,-0.203340548657311,-0.440959496409212,-0.0924573500527467,0.517473225955383,-0.524462606894016,0.547943834717897,0.255684573739351,-1.43178357631207,0.0465858602511433,-0.15468380482628,0.281459459960805,0.817785642030109,-0.537358856418398,0.649747137552387,-1.0002125522811,0.10383609353668,-0.286904425214791,-0.798985963523397,-0.739004709724335,-0.574978601284565,-0.912882539758789,0.207993071167575,-0.628395377288449,-0.229179716068034,-0.103565429551178,-1.06368304617927,-0.62599675589646,-0.484226741696171,-1.00671795787817,-0.640839520976896,-0.649707912297875,-0.689543980824615,-1.15535164718726,-0.959847858576748,-0.043039574199713,-1.18813086037385,1.20753836320251,-0.230075729421995,0.0435102601731493,-0.576459764357761,0.564407987550553,-0.514522113788516,1.49100722539581,0.987883042667813,-0.803145557548822,0.295311354595511,-1.23467066795639,-0.453822940289352,2.35337100962757,0.00232627821327909,-1.25403858092703,-0.333979422149212,0.766222769924772,-0.649009732299257,-0.0201670357368324,-0.626152826019497,0.613442248810074,0.886358450346385,0.648228546406218,-0.059056168852929,-0.938289124010825,-0.867503152253548,1.18371487005353,-1.56531543697313,-0.333979422149212,-0.394815653267903,0.528961010870487,1.6520257684351,-0.1794909431453,1.20352796250473,-0.0317506535508209,0.482247118055266,2.24114928554178,1.76567661788493,0.94751679792459,0.112378141086133,0.863296564820112,0.726172755495118,-0.586710071414878,-0.352508963049232,0.812099797669774,0.198748042635917,0.798183452037345,-0.511036026606383,0.660797206038557,0.141460545004487,-0.890859043653398,-1.15847835603325,-1.26680802211735,-0.34476848053886,-1.52781963292701,0.0435102601731493,3.14906289709809
comm.and.crime_point_0195,comm.and.crime,regression,0.02,0.07062329778771,nominal,1.23899276554062,-1.56383453476745,-0.453822940289352,3.09439852473781,-0.708757207400764,0.886266145735984,-0.44849760935004,-0.490435159498505,1.77699699676461,0.251689308836056,-0.157736176426034,-1.35705455270886,-0.343626531286471,0.682832724400303,0.615566924868049,0.994165005878154,1.75608517728272,0.529637919756257,-1.04328333075373,-1.25048347617318,0.123846940849976,0.223563482083323,-0.629227587743642,-0.792536710712104,2.49952300307596,-0.385406580997984,-0.165584803405107,-0.471261468611373,-0.433845179637909,-1.06368304617927,-1.33955759173106,-1.49786692894712,0.66123093895315,-0.611019470771741,0.798262865525553,0.264918814710728,-0.0603953852759968,-0.760215534198803,0.905359215253946,-1.92504142896692,-0.65238892350022,-1.8129138873659,-1.9295210356401,3.31352673155438,1.48077955457769,1.547553449942,1.26157141007396,1.49924747151068,-0.779598642789415,-0.608817600383137,-0.333979422149212,-1.0002125522811,-0.34476848053886,0.409831565769285,0.139282888348225,0.451234030637584,0.421200506577434,-0.59953003312486,-0.60138190496379,-0.611535701313945,-0.608454173918587,0.679234591957959,-0.639856399463727,3.72591167609637,3.92278703254769,3.17248229394089,3.20136092144162,2.09139358265304,1.76268367615976,-0.125091603844216,-2.11691821810855,0.726172755495118,-0.510521925868227,1.29082593301289,1.89690231232458,0.897603797639757,0.352751675137971,0.928401418342293,-1.08907433885046,-0.644994724379254,-0.377360854488696,-0.446961579774181,-0.548100210488063,-0.393845192540718,-0.537358856418398,-0.454975190371856,-0.487817174336336,-1.65265881220558,-0.158881157964898,-1.11019563807854,-0.286904425214791,-0.226875569169311,-0.759522743786688,0.837417660326429,0.90955648980559,0.566402014615565,0.294975591471144,-0.413219819433159,-0.358722252432842,-0.356617961729881,-0.391348688885798,-0.411754368021554,-0.319088773758589,-0.375024355916575,-1.69920565718838,1.0589466437462,-0.0641256158777693,2.01613236565723,-0.34476848053886,-0.100894450061688,0.0188878262786913,-0.640839520976896,-0.440959496409212,-2.01293747375996,-0.92926301823862,-0.998826763175882,0.0371597380320633,-0.10010478917523,-0.342407471398352,-0.531713688779321,-0.658393792953314,-0.391348688885798,3.51518618542746,-0.413219819433159,0.00709456412135369,-0.576527589185363,-0.435042880192443,-0.350922141952573,-1.54387330754626,-0.616079834918179,-0.304872732522849,0.342857548364707,2.32407992805221,0.596054262380089,-0.0819631937635291,0.352751675137971,-0.0924573500527467,-0.834767479906819,-0.382231429342107,-1.56531543697313,0.592906797945366,-0.774106439438939,0.459440106210166,0.60517537847966,-0.58250322963563,-0.323496951900488,0.179391205812885,-0.541331503936429,0.434906314843494,0.252720923722782,-0.286904425214791,-0.580502966915381,0.278103309043281,-0.0632363539352424,0.328982650250517,-0.576901296561691,-0.675254778272487,0.774980869676324,-0.40063011407534,-0.713534013953022,-0.407153610755056,-1.19197687762592,0.928656994970632,-1.72072966280731,-0.649707912297875,1.2955462585784,0.22367036178649,-1.44042787894386,-0.35568405855027,-0.114546206205749,-0.199361816374992,0.114002523928599,-0.173931992421487,-0.576459764357761,0.987720612375717,-0.862800033163321,0.16626443468128,-0.629843707397574,0.897156756189573,0.506615146131691,-1.02301435554381,0.334162903438415,-0.786206461289495,-1.33771336277832,0.625555741065352,-0.0579168405136468,-1.3576732534092,-0.315607286918777,-0.273610749555595,0.806725466558606,-0.44257322543477,-1.51174026063149,0.0582574288134486,-1.56531543697313,0.672757321452404,-0.243685682371009,-0.00454386804312309,0.682832724400303,3.99100102347465,-0.140449768739244,-0.358091987495182,-0.423751167976071,0.27330764431577,-0.256567130116958,-0.499564470154296,-0.693603398154691,0.0218049017374774,2.12581513657843,0.10383609353668,1.01790073146063,-0.167826657395328,0.726172755495118,-0.376966020067782,0.819460891553668,1.17800805584479,1.22462354267738,0.0943903614790845,0.736598913158695,-0.192589859272896,0.806725466558606,-0.9955116260173,-0.179320641157294,0.0178660990932967,0.802159030629787,2.93441068646475,0.304440963286713,-0.835669064732367
comm.and.crime_point_0434,comm.and.crime,regression,0.18,0.0034105526272809,anomaly,-0.041686138071928,-0.867866213748302,-0.0598300184254683,-0.509387064235377,2.76343679273958,-1.85919225707515,-0.592122486177232,-0.576459764357761,0.101693177953087,-0.235899778288672,-0.157736176426034,0.652036626610397,-0.499564470154296,-1.56531543697313,-1.19946681437632,-1.35668154497691,-0.889578484189684,-1.26740219423966,0.91503209899819,1.31550346951804,-0.174546969317801,-1.1887465803376,-0.838532752471447,-0.203684699846642,-0.938837241768986,-1.05298203291378,1.31846771390793,-0.198157722851353,0.347766031238483,1.91258372774383,0.628950377952967,0.823029388212234,-0.58163965777976,1.31803785969412,-1.27027014793507,-0.229186616524135,0.338562867294928,0.194932231558836,-0.382942369747774,1.1441185431077,0.0886164956117204,1.04145995105585,1.12047807145931,-0.050119918156423,-1.88595353669616,-1.89314463762633,-2.02986720665749,-1.94710218597463,0.643791256463961,0.24714434506481,0.402187462212296,2.13095588508166,-0.34476848053886,-0.137892390091274,-0.0503586817209869,0.550490584094985,0.421200506577434,-0.726761076765874,-0.728321444677741,-0.738257558223326,-0.736210329354915,0.855547772725906,-0.639856399463727,0.26653564650661,0.147394108299959,-0.484226741696171,-0.851221389523392,0.136833510943376,-0.520570831604059,0.0177951584617036,0.0279085046195201,0.726172755495118,0.0211648118382402,-0.409993611322597,-0.370866985519292,0.713923989291892,1.14646284668515,-0.147021161055019,1.46397347129051,1.53634767794814,-0.912061542959443,-0.878848277811454,-0.845653115392282,-1.39693395858671,-1.25410891864968,-1.13966992969373,-1.28442699106498,0.0582574288134486,-0.959847858576748,-0.0717389230187961,-0.0919853710824933,0.370733261641266,-0.889317488918297,1.08212161042621,0.46842532549381,0.815751954374349,0.496770369545922,0.317646414029282,-0.654155103545014,-0.574906338353587,-0.391348688885798,-0.457398031009934,1.74572257868425,-0.375024355916575,1.07072281732671,1.0589466437462,2.29737240235249,-1.63597193492067,-0.34476848053886,0.00709456412135369,0.646593252940519,0.0610890712128745,0.670236143756844,1.13012207196148,0.359432227001014,-0.112528209839365,-0.11949251912636,0.33604003882639,1.15986915838501,-0.295725241742213,0.971171706328788,-0.391348688885798,-0.413219819433159,-0.595936377798769,1.41095174850089,-0.0150748817369079,-0.630806040272269,-0.408381392326479,0.981586015860986,-0.65635599605476,0.700501405267494,-0.385406580997984,0.551928838042662,0.267215693943522,0.403546225811598,-0.864272121234376,0.0543650200071232,0.886266145735984,-0.619283391928622,0.682832724400303,-1.56531543697313,-0.883719295584461,1.5210653101048,-0.534613396479251,2.1245798644332,1.10310629051276,1.23062463041877,-0.293190120292925,-0.782770299686468,0.749003691009788,-0.286904425214791,-0.744365214371393,-0.524876705773258,2.34195220860657,-0.817354448219611,-0.838532752471447,1.57399646896132,-0.822547334916973,-0.00454386804312309,1.12474840523477,1.16851703426305,-0.366268385707879,-0.224332338641419,0.169078085395916,-0.0597367947051054,1.51611184073429,0.338588862534303,0.481892202524582,-0.35568405855027,1.38847230962959,-0.043039574199713,-0.230075729421995,1.52211757781668,-0.490435159498505,-0.546787652615503,-0.0965886105387498,-0.179320641157294,3.23691779275872,-0.633115326174983,-0.549903811549208,0.82897837806628,-0.217427187171022,-0.890859043653398,0.208486222981217,0.279314681750966,0.862291764938238,-1.59366170044631,-0.172720524612857,-0.10464827367642,0.499680118149013,-0.78049817719312,-0.483983670212399,0.353242987609834,-1.56531543697313,-0.293870545825533,0.602923741041008,1.72833345834783,-1.56531543697313,-0.333979422149212,-0.29306929945644,0.23327667808193,-0.898214467727196,-0.438232993123054,0.0242203876949048,-0.343626531286471,0.237278260511525,-0.280832968781291,-0.710275698132921,1.8408257790412,-1.55935587191293,-0.636519031129619,-1.23321624918318,2.40214266028124,0.540420449981549,-1.38334975138032,0.277661542639106,-0.709944599158927,1.04850764809996,0.091872495830922,-0.779675500224294,-1.25714308192706,0.0510694094017551,0.0178660990932967,-0.34476848053886,-1.57910963659818,-0.91323565124325,0.374882417342708
comm.and.crime_point_1513,comm.and.crime,regression,0.35,0.0156957948504811,anomaly,0.446191539494759,0.87205458879957,1.51614166903007,-0.570468175912889,0.869512792663029,-0.547928542299685,-0.11337289675326,-0.40441055463925,0.93934508735885,1.15721189921055,1.28366585890799,0.205571920095007,1.52762873512743,0.682832724400303,-0.960646585528377,-0.864643894797944,-0.938572255698432,-0.481197144366448,0.339056972600567,1.36052078435473,0.183525722883532,-0.835669064732367,-0.733880170107544,-0.685472708736566,-0.472618903484926,-0.446095258444874,-0.67732705075443,-1.07208970928342,1.98914957407891,1.2998229213479,0.300865716338963,0.576125524684642,-0.0558097899312211,0.823407774959287,-0.982973896065542,-0.624470961512025,1.64942569717082,-0.156964313720294,0.0464914919194661,0.541247834307328,2.25463233609278,0.299322753066192,0.412442564454086,-0.1794909431453,-2.18301822122032,-1.94160517407096,-2.16701048235463,-1.94710218597463,-0.542366992913852,-0.608817600383137,2.15058381257088,2.56584039027093,0.458080777279193,0.911911858641464,0.70820759855586,0.451234030637584,0.113460484550416,0.206266576601564,0.0756289735106192,-0.062407654706626,-0.140014937318717,0.15029504965412,-0.184723641453285,0.26653564650661,-0.114785955883911,-0.897080987655194,-0.597934995088079,-0.602729759433253,-1.43387263470959,-0.315607286918777,0.549623112850672,-1.23321624918318,1.81560755159757,-0.513073583706566,-1.55874614153275,0.576164133030994,-0.493873574512357,-2.12579870714607,1.01101337594292,0.227542236551704,-0.600152808018174,-0.61971625898909,-0.633115326174983,-0.4394401364519,-0.489575518936313,-0.495251351508437,-0.534676575320374,1.12020544048043,-0.372472278128058,1.22633197080588,2.05212422437278,0.968342092451843,-0.110549018128644,0.690595290266559,-0.468978398668724,0.167442111001511,0.0931808133963657,0.0435715764808665,1.56159127979628,1.9572388304814,2.85421195309916,-0.274823379056414,1.18650283739765,1.12214874716618,-0.858334513139159,0.406559606588398,0.281459459960805,-1.1223947676519,-0.230075729421995,-0.370866985519292,0.30420847476134,0.223072592487436,-1.02301435554381,-0.579261189746669,1.00377984962083,-0.506438677988928,-1.79044992881621,0.529882184604888,-0.87547337228922,0.530234322887664,-0.954678429186424,-0.391348688885798,-0.413219819433159,-0.321861540250354,-0.100894450061688,0.0713024578705468,-1.16915473049179,1.31539611889071,0.569266126325109,-1.13966992969373,0.269626774785918,0.282168870917816,-0.454975190371856,0.924892830816656,1.37456506496185,-1.49924105847212,-2.53949685105058,0.189657297261516,0.565976421003951,0.547943834717897,-1.56531543697313,-1.43178357631207,1.34412777612236,0.60517537847966,0.511849510519854,0.931913901423168,-1.39745893109594,2.98227614380132,0.565371666400276,-0.491703227207728,-0.0919853710824933,1.27660250425276,-0.310748701822181,1.57433883758259,0.137926467172162,-0.158290967106083,0.824246053216719,-0.411754368021554,0.540074720251176,-1.19498893326411,0.293144453697438,0.754335996180896,0.352162328164607,-0.748828535159937,1.59218233455465,-1.79237189160407,0.568425864029928,1.87023448358512,-0.043039574199713,-0.543980067872989,-0.199361816374992,-0.34476848053886,-0.173931992421487,-0.490435159498505,-1.44632698036898,0.251689308836056,1.14542214955724,-0.629843707397574,-0.845653115392282,1.08770057285619,-0.599701730718649,-0.217427187171022,-0.419922423015838,0.156946236789233,-0.215315402983871,-0.333979422149212,-0.472716577020044,0.160681920767624,-0.44257322543477,1.06259659023327,-0.696016939253532,0.690595290266559,-0.177731018223659,0.682832724400303,-0.898012962874244,1.44953316445302,0.936160966283394,0.525462353104163,-0.241958561604024,1.43661871533844,0.148795440142343,-0.36444325550718,0.790791744271277,-0.0880946194298402,0.0462183158830917,-0.203665683067209,-0.886108709818829,-0.350137179439416,0.10383609353668,-0.79314444928836,-0.308434369515615,0.726172755495118,-0.848890135598748,0.763652803239245,0.324222120103087,-0.669300457399169,-0.106693378680418,-1.04573671507713,-0.00294828920368394,-0.779675500224294,0.364971944713428,0.223861947321042,-0.130365530277162,-0.230075729421995,-1.27136961457117,2.87025954390342,-0.179953678608368
comm.and.crime_point_0493,comm.and.crime,regression,0.1,0.027330703475918,nominal,-0.224640267159436,-0.867866213748302,-0.375024355916575,1.01764072770241,-0.629843707397574,0.763335172475784,0.126001897958727,-0.533447461928133,-0.156045871094839,-1.14142236866316,-0.578145103398456,-1.35705455270886,-0.343626531286471,0.45801790826296,3.05153325911707,1.59554435609689,0.0413031744765323,2.32667803375218,-1.3888684065923,-0.98037958715305,-0.831013571686911,3.14906289709809,3.29524425090269,3.11529936139505,2.20813654164842,2.52764993645278,2.03490686019698,0.23880827036468,-0.433845179637909,-1.23875756229239,-1.29268835435763,-1.6953900197692,3.05136670190105,-1.30350158940051,1.31539611889071,0.660203159698619,1.19347340851834,-1.51427955979694,2.99884929088174,-1.70581571667588,-0.595388506645455,-1.58456398029216,-1.65719968679194,0.596735206787962,1.62931189683977,1.64447452283125,1.30728583530634,0.872638442876987,-0.30513534303829,-0.266432822203958,-0.333979422149212,-0.91323565124325,-0.230075729421995,-0.639972682963453,-0.477052214376713,-0.193933566835524,-0.45072955583245,-0.387478293723169,-0.305189645631236,-0.189129511616007,-0.267771092755045,0.458843115998027,-0.548829847861638,-0.59830836089083,-0.376966020067782,1.28514859812821,1.17506976595912,-0.0744702805928035,1.91490064334401,-0.839525415373817,-2.58066453653624,2.68556176017342,-0.510521925868227,1.13620597443694,2.00489132650762,-0.939194285838884,0.670236143756844,0.197114064352121,-1.04789614836431,-0.596520448771979,2.11790902504146,2.36030195746809,2.55495151208451,-0.758604743830171,0.991707943008339,2.32407992805221,0.730527251248644,0.294245875850557,0.0547099621982618,0.707103613276012,-0.286904425214791,-0.226875569169311,-0.0240191880409045,-0.239279720112616,1.62639463181223,0.566402014615565,0.395872980508533,0.0435715764808665,-0.900349146138491,-0.181987260430917,-0.391348688885798,-0.503041693998314,0.842367611990508,1.12214874716618,-0.512093453824773,-1.01683029266498,-0.928088305474204,-0.0952404331143684,-0.34476848053886,-1.99070219826491,-0.209368692507428,2.05888583359914,-0.176389105893484,0.358142534415864,-0.156045871094839,-0.506438677988928,-0.380579614390398,-0.972394445178469,-0.245486398509103,0.648228546406218,0.526744751979124,1.0649926248254,-0.230503261067549,0.134929855663671,-0.370866985519292,0.33043447669291,0.152246600047036,0.625885114403834,0.208486222981217,-0.0119374178694681,-0.592122486177232,1.67800845219631,0.914414288271889,1.41815068347151,0.282168870917816,-1.23467066795639,-0.826569200352095,-0.384020577952752,-0.00294828920368394,0.682832724400303,0.682832724400303,-1.15775143594827,0.459440106210166,2.56814493535334,0.799837073718665,0.817785642030109,-0.537358856418398,0.600118860823686,-0.869747200724323,-0.69021633412253,-0.286904425214791,1.33122325340476,-0.36428070280995,0.346157443944216,-0.8651184939892,-0.733880170107544,0.0744956374721161,-0.137892390091274,0.441053158743122,-1.06368304617927,0.730830743980246,-1.66381030157909,-1.00671795787817,-0.154888957153209,-0.531713688779321,-2.95034119792249,0.22367036178649,-0.746256738413588,-0.199361816374992,0.153849957336276,-0.35568405855027,0.114002523928599,-0.652304948129686,-0.490435159498505,-0.970100277440667,1.71445657021024,-1.61925845715135,-0.51147345739279,0.897156756189573,-0.497077863665163,0.246923518931679,0.0977671503200851,0.207993071167575,-1.13155341801038,-1.45189061482096,-0.241958561604024,0.294245875850557,-0.410865128456057,-0.10464827367642,-0.421455927079768,-0.527054463374357,-0.239279720112616,-0.767702135816429,0.660351242786569,-0.777184479464502,-0.511036026606383,-0.747205579353531,-1.56531543697313,-0.149937701058835,2.19971636892442,-0.738257558223326,0.110020044243945,0.402678669304647,1.76510299812845,-0.343626531286471,-0.98756602720718,-1.08786729016467,0.46017448762097,1.24528645829679,-0.166244194413711,0.816427327446683,0.726172755495118,-0.429402032904556,0.652036626610397,0.324222120103087,1.22462354267738,0.747912516997469,-0.778386370841756,-1.70972241982659,-0.574978601284565,-0.472248714197789,0.339056972600567,0.0178660990932967,0.458080777279193,-0.50201955950362,-0.956724101762177,-1.03742764507821
comm.and.crime_point_0606,comm.and.crime,regression,0.24,0.437042778305847,anomaly,-0.468579105942779,-0.519882053238727,-0.375024355916575,0.0403429408622278,-0.629843707397574,0.927243136822718,-0.639997445119629,-0.576459764357761,-0.220480633356821,0.391000476585978,-0.0376193401481986,-0.854781757879046,-0.265657561852559,0.682832724400303,-0.00536567013660394,1.10350670591792,-0.791590941172187,0.0803778912572774,-0.640100742275393,-0.665258383296233,-0.831013571686911,-0.129514033521907,-0.367596131833887,-0.524876705773258,0.343263188512179,2.10282919432454,-0.779675500224294,2.09591374153282,-0.35568405855027,-0.757302642981302,-0.636519031129619,-0.460870702131241,-0.533836942520802,-1.20457557245354,1.54523312038634,-0.0315444440301896,-1.25727014298877,0.295474101638588,-0.705017765998204,-0.00681644642028318,-0.709389340354984,0.0709728459924523,0.0311926760666601,0.208622131821331,0.441053158743122,0.481421648160263,0.804427157750147,0.193811995190487,0.881022906339523,0.988978031119698,-0.333979422149212,-0.695793398648614,-0.34476848053886,0.774980869676324,0.328924458417437,0.252720923722782,-0.245569541147772,-0.59953003312486,-0.64369508486844,-0.653776320283739,-0.693624944209472,0.811469477533919,-0.548829847861638,-0.29306929945644,-0.219657981557459,0.341481750221874,0.60517537847966,-0.127296228476849,0.494208949624305,-0.506122969993337,-0.377869524004709,0.726172755495118,-0.444061083654919,0.930046029669001,0.385056113761999,-0.571834669143156,-1.1288425117501,0.455215483407476,-0.677292433989011,-0.25720051952105,-0.555594417312278,-0.662904928792817,-0.760637999705362,-0.16587047298481,-0.394008843972142,-0.575803673781598,-0.628395377288449,-1.77065303572414,-1.86761011927018,-0.74673578780763,-0.286904425214791,-0.226875569169311,-0.802787658830557,0.25012818008695,0.303001138876892,-0.0819078287572736,0.042732118877671,-0.413219819433159,-0.358722252432842,0.0363011161927887,-0.391348688885798,0.181613250827385,-0.0609873547032339,-0.375024355916575,0.378240698697934,0.0507121317750543,1.49100722539581,2.30145301413988,-0.115382978305131,0.601034142128082,0.589529123243989,-0.586845013885375,-0.017646871584048,0.247859743337919,-0.993697780500602,-0.604916295026319,-0.537231871548822,0.869105939717259,-0.148565325619854,-0.531713688779321,0.872410160917752,0.856943865723802,-0.230503261067549,-0.0477867027019386,0.331061606670478,-0.61971625898909,1.91411504076547,-0.350922141952573,-0.358453625130612,2.32407992805221,-0.161247855695657,-1.05298203291378,2.32407992805221,2.02102139227188,-0.567472613338656,0.194009440828534,-0.728687620312182,0.23063428834825,0.70820759855586,0.682832724400303,0.682832724400303,1.58256996768979,-0.0713724957371486,-0.15468380482628,0.511849510519854,-2.54899801006515,1.03949128049042,-1.38501220832434,0.173975611729931,-0.69021633412253,-0.286904425214791,-0.0342954753953406,-0.899600712687643,-1.13789507336882,-1.34275895168509,-0.419922423015838,-1.14384878811286,0.181613250827385,-1.04427026387769,0.555756227867123,1.78127784065899,-1.19197687762592,-0.0184413862106956,-0.316872478427771,2.12315634038814,-1.79237189160407,-1.04043314643945,-0.799654518454378,-0.277522937462631,0.690642284420326,-0.433845179637909,-0.230075729421995,0.260952512767785,-0.40441055463925,-1.07592843364696,-0.305555362163633,0.339056972600567,-0.590386957395979,0.387066062068055,-1.1309892382737,1.41103323720088,-0.217427187171022,-0.629227587743642,0.156946236789233,-0.165852394510387,-0.333979422149212,-0.531713688779321,1.58954954382682,-0.231370130585801,1.21611926443806,-0.231370130585801,1.03318082040625,-0.708705024057152,0.682832724400303,-0.454975190371856,-0.110010510253322,-0.351119333321313,0.682832724400303,0.12612488057673,2.45408225345308,-0.231370130585801,1.11825455621509,-0.114805430650861,-0.368882137241703,0.669970071354392,-0.644609626645943,-1.28962587051052,0.370139857947594,0.15346437026538,-0.0965886105387498,0.347734953712392,-1.23321624918318,-0.48183804574133,1.54496603964118,0.446191539494759,-0.629843707397574,0.647370646917718,0.825715694570486,-0.761514569480531,-0.01206212920031,-0.838532752471447,-1.73445348243088,0.363739900957701,-0.115382978305131,-2.19458968065222,0.0435102601731493,-0.533031194213599
comm.and.crime_point_0359,comm.and.crime,regression,0.03,0.210043186032758,nominal,-0.651533235030286,-1.21585037425788,-0.375024355916575,-0.814792622622935,-0.629843707397574,0.927243136822718,-0.687872404062027,-0.576459764357761,-0.0271763465708762,-0.305555362163633,-0.397969848981704,0.931077068182516,-0.499564470154296,-1.56531543697313,-1.00841063129797,-0.700631344738288,-0.791590941172187,-0.481197144366448,0.972629611637952,0.235087913437529,0.481919633051309,-0.93654835490529,-0.943185334835349,-1.06019671565095,-0.997114534054493,-0.81022732312622,0.44850589341408,-0.908227461827405,-0.277522937462631,0.511987598838842,0.0196502920983885,0.674887070095679,-1.29868038666413,1.41696387664109,-0.695677644196011,1.89546673778578,-0.3453655656838,1.75333121779498,-1.40284779120747,1.41815068347151,-0.709389340354984,1.32689733489802,1.4472636900771,-0.56760401811193,-0.697694798599504,-0.536249617176849,-0.704148874918434,-1.42492799544655,1.77064159337288,1.33136280929888,-0.333979422149212,-0.608816497610759,-0.34476848053886,-0.776903671928593,-1.18820810213626,-0.888729441037333,-1.2200796109,-0.726761076765874,-0.728321444677741,-0.738257558223326,-0.736210329354915,0.855547772725906,-0.639856399463727,-0.445688830173635,-0.48183804574133,-0.779122631666902,-0.977864586741049,-0.338600020013028,-0.0131809409898764,-0.649009732299257,0.201813374029904,0.726172755495118,-0.37760024144161,0.105406250597248,0.0610890712128745,-0.0667151961865298,1.25229100289144,-2.12579870714607,1.05219156642907,-0.208726243913775,-1.04573671507713,-1.05160295702636,-1.05819090460958,-1.12336429511962,-1.2063255811676,-1.26049841310347,-1.1907081890969,-0.94469347109426,-1.65401899910702,-0.590967280548668,-0.286904425214791,-0.127274097367549,-0.846052573874427,1.42470714056591,0.6889909076497,0.965361918229619,1.05170600925156,-0.413219819433159,-0.06328940132067,-0.662221689003069,-0.391348688885798,0.0446822618622457,-0.792274708693406,-0.375024355916575,0.378240698697934,-0.245827430569399,-0.294515666436819,-1.23652302704496,-0.230075729421995,0.331061606670478,1.21723454990582,1.57293526977546,0.141095362725389,1.40582904965634,-0.220480633356821,-0.358722252432842,-0.276144776284783,0.239118965937142,-2.57159214785108,-0.649707912297875,-1.6953900197692,-0.391348688885798,-0.413219819433159,0.500362972394892,0.169078085395916,-0.792470938203999,-1.2670363105317,0.108751861038678,-0.152293680362675,-1.05911760742057,0.556876528440302,0.52492358070538,1.88104215554983,-0.8289128675117,-0.324717903551093,-0.652615808821794,0.10330581002708,0.968220127909451,-1.09338731710165,0.682832724400303,0.368091981808023,0.760473546598372,-0.897080987655194,0.478532181262003,1.43340971275605,-0.494689340990077,2.23407471754256,-0.491703227207728,-0.608816497610759,-0.888729441037333,-0.286904425214791,0.293429019516684,1.18814732583536,-0.830849724959226,-0.626298265141257,2.87663392144708,-0.768973580240562,-0.457398031009934,1.62931189683977,0.511987598838842,1.82504646968727,-0.0123933177430025,-0.965539767392024,1.08698470595177,-1.18068191813137,-0.082988629895916,1.54523312038634,2.40421228399302,-0.121200695287352,0.314887655461491,0.816732757764318,-0.230075729421995,-0.739281849167541,-0.40441055463925,0.776064299963135,3.52550175095922,0.742239561078903,-0.708757207400764,-0.803145557548822,-0.180122176360894,-0.70552988692494,-0.138628602798245,-0.733880170107544,0.105406250597248,-1.40242760634748,-0.241958561604024,0.117254540572726,0.446455445379464,1.37377339026636,-0.216759028140039,-0.78049817719312,0.886358450346385,1.17920255223971,0.547943834717897,0.833861965998727,-0.3328024637828,1.23322565080756,0.682832724400303,-0.333979422149212,2.96281402251039,-0.611535701313945,0.525175431526179,0.726106231776839,-0.0880946194298402,-0.499564470154296,-0.350646997593453,-0.482591549127137,-1.25048347617318,-0.64058805739383,0.878589563710704,0.628950377952967,0.726172755495118,2.34970664744447,-1.07801411113674,0.812099797669774,2.05321529271087,0.245203166598712,-0.243685682371009,2.13051937407495,-0.4726301518147,0.521950818259281,-0.640100742275393,0.610792616575132,0.228695275045463,1.13926055797381,-0.0434666408647052,-0.280832968781291
comm.and.crime_point_0785,comm.and.crime,regression,0.06,0.028650018770065,nominal,0.324222120103087,-0.519882053238727,0.0189685659473083,-0.203981505847819,-0.4325599573896,0.107703315088049,2.23250009142421,-0.275373647350366,-0.735958731452675,0.182033724961094,-0.217794594564951,-0.854781757879046,0.124187285317004,0.682832724400303,1.33202761141188,1.43153180603724,-0.056684368540964,1.14737045894235,-1.15847835603325,-0.98037958715305,-1.06972869982113,1.4341149641584,1.20219260362464,1.18814732583536,1.56708632650784,-0.14265187121042,0.346157443944216,1.11274025679674,-0.35568405855027,-1.15122030423583,-0.636519031129619,-0.757155338364351,0.852441799988983,-1.10564955550658,1.43031461963852,0.264918814710728,-0.744323818254725,-0.810486469238678,0.690642284420326,-0.774106439438939,0.487619413595073,-0.842426782302506,-0.840235640247456,0.143936619326893,1.08469330854548,1.06294808549576,1.03299928391205,1.08150811908822,-0.483059080444962,-0.380561081597017,-0.241958561604024,-0.739281849167541,0.228695275045463,0.0446822618622457,0.234103673382831,0.500862307366285,0.626360521262113,0.884832142686974,1.00651893141293,1.20481091438719,1.22271738733545,-0.599035968609651,0.179382564955068,-0.29306929945644,-0.324530007231007,-0.0713724957371486,0.921783371523802,-0.972511394621568,0.139036026194378,-0.363236207687417,0.317749953636827,-1.23321624918318,-0.311139399228302,0.930046029669001,-0.316872478427771,-0.663674573317088,-0.440959496409212,0.111080258000336,-0.800827005447445,1.34245057551904,1.18218282021765,1.19420787276746,1.19470966109379,1.97709189084073,1.27840796790085,0.99496661054505,1.15226186010498,-0.708705024057152,0.108107742239052,-0.0198160872658089,-0.286904425214791,-0.226875569169311,1.23066334823131,-0.337161300152529,0.799273698727645,-0.13177781670903,-0.0581652701597183,0.0435715764808665,-0.309483443914147,0.0363011161927887,-0.391348688885798,-0.229179716068034,-0.405122580110374,-0.375024355916575,-0.363704428404322,-0.30513534303829,-0.697698254915155,0.874849771726638,-0.34476848053886,1.41095174850089,1.10310629051276,-0.478855999702333,0.0352672065190975,-0.303554212051806,-0.800393493714657,-0.309483443914147,1.44703005245787,0.578342721049512,-0.972394445178469,-0.295725241742213,-0.115205293192613,-0.391348688885798,-0.504578098615964,-0.321861540250354,-0.856817549342979,-0.446961579774181,0.445891340166776,0.453507363282115,-1.28617337658633,0.350548032359759,1.46650074834585,-0.264029226104202,-1.13966992969373,1.30853782732598,-0.0212745163166381,0.881892456169426,0.837417660326429,0.927243136822718,0.660797206038557,0.682832724400303,0.682832724400303,-0.664493583293417,0.69535681818675,0.0352809910002048,-1.56166094451159,1.21723454990582,0.22717454329497,-1.38501220832434,-0.739281849167541,-0.243561843564225,-0.286904425214791,-1.34519345504344,-0.203684699846642,-0.165584803405107,-0.387478036293313,-0.210617258288034,0.215073840424229,-0.366110705033174,0.936160966283394,1.25605429231962,0.774599373008527,3.17248229394089,0.805122423512198,1.84290780523306,-0.649707912297875,-0.910109562980505,0.108751861038678,0.695483322687741,-0.199361816374992,-0.812376231415014,-0.199361816374992,-0.34476848053886,1.91351363248702,-0.533447461928133,-1.76381144898785,-0.723488865413399,0.799837073718665,-0.35364645738641,1.53477012384147,1.4574822080445,-0.440959496409212,-0.0598300184254683,0.0510141976217214,0.105406250597248,-1.10564955550658,-0.333979422149212,-0.885696359334983,-0.601380811530617,-0.400332606464976,0.806725466558606,-0.062407654706626,-0.0435165600327901,-0.708705024057152,0.682832724400303,-0.374422868098694,-0.466477635900487,-0.697694798599504,0.480499389876695,-0.241958561604024,-0.954420599230953,2.93667629214873,-0.0679036931627271,0.402678669304647,-0.200409626554585,-0.499564470154296,0.237278260511525,1.58543389941778,-1.02539690198974,-0.64058805739383,-0.584177697663477,0.910165802193541,0.726172755495118,0.199830121136733,-0.0734685214771128,0.324222120103087,-0.590386957395979,-0.358048053879797,1.27129960162944,-1.18820810213626,-0.523804376549633,-0.52457500537974,-0.0641256158777693,-0.970344763376429,-0.230075729421995,-0.707179574188299,1.39165222625989,1.83763212485009
comm.and.crime_point_0986,comm.and.crime,regression,0.05,0.028918849898999,nominal,0.812099797669774,-0.171897892729153,-0.375024355916575,0.345748499249786,-0.669300457399169,0.845289154649251,-0.209122814638054,-0.533447461928133,-1.05813254276258,-1.90763379128774,-1.23878770292655,1.21011750975464,-0.343626531286471,0.345610500194289,0.806623107946404,-0.317935394599092,-0.203665683067209,1.70894549456608,0.569447023159616,-0.98037958715305,0.481919633051309,0.7783995780344,0.888234856532939,0.759891317933204,0.692926942225224,-0.264029226104202,0.44850589341408,1.22198175510075,-0.433845179637909,-1.19498893326411,-0.0740881826484698,-0.21396683860365,0.709033654212108,-1.30350158940051,-0.350922141952573,0.363739900957701,0.45255093945805,-0.508860858999424,1.12007614608757,-1.32217072016655,-1.27939350890263,-1.69873893382903,-1.54827114725268,-0.438232993123054,1.43126877382367,1.45063237705275,1.30728583530634,1.39481263340506,-0.245827430569399,0.0759519559752211,-0.333979422149212,-0.739281849167541,-0.230075729421995,-0.913834660893733,-0.856335354515137,-0.987985994494734,-1.01491959621532,-0.557119685244521,-0.516755545154489,-0.484813844404564,-0.480698018482259,0.238451640038094,-0.45780329625955,-0.903547422325221,-0.7440181099252,0.0465858602511433,0.0352809910002048,-1.02533734250561,1.61046670897551,-0.791896494605177,-1.71114018948432,0.726172755495118,-0.444061083654919,1.08466598824495,1.57293526977546,-0.29631495662136,0.511493909447407,0.0250464516485512,-1.04789614836431,0.518387890195357,0.157339833982052,0.200868467281728,0.259543388537675,-0.530630024274263,0.131607868330799,0.350548032359759,-0.0192231644959594,-0.295725241742213,-0.105483377924108,-0.227507430277758,-0.286904425214791,-0.226875569169311,-0.197078848216383,0.739536080286516,1.13012207196148,0.815751954374349,0.446321675027228,-0.139144981884744,-0.70339391206371,-0.443933312379363,-0.391348688885798,0.957555521629844,-2.12579870714607,0.0977671503200851,-0.512093453824773,0.110020044243945,0.627044535799378,-0.0952404331143684,-0.000690227188266011,0.00709456412135369,1.67374758747806,0.0610890712128745,0.670236143756844,0.0272941611820292,-0.0271763465708762,-0.70339391206371,1.08150811908822,0.675263793938761,-0.972394445178469,-1.65265881220558,-0.658393792953314,-0.391348688885798,-0.413219819433159,5.98185972336319,0.169078085395916,0.287245806889183,0.788476870306472,-2.64929215690883,-0.152293680362675,-0.736908318327921,-0.0176229788684652,0.342857548364707,-1.26049841310347,-0.226042158711328,1.67800845219631,-0.70552988692494,-2.39267448099071,0.804312163562517,-0.477052214376713,-0.0365746872391946,-1.56531543697313,-1.43178357631207,0.223523394233582,-0.534613396479251,0.68464204843914,0.36127260445787,-0.824058881310911,1.14602990483939,0.130487161211004,-0.64058805739383,-0.286904425214791,0.894257260188728,0.974019321884281,-0.165584803405107,1.14097142833352,-0.367596131833887,-0.722114179256525,-0.0466050641145143,0.243010035727013,0.687062114951965,-0.976145788122707,-1.07401852163763,0.187449566220028,0.169078085395916,0.353242987609834,-0.303554212051806,-0.523299893074292,-0.425870058168848,-0.277522937462631,0.851679982545541,1.52018284755307,-0.34476848053886,0.695837017957058,-0.533447461928133,1.72851770581975,-0.932455617038282,-0.236918153797056,1.38245054268376,0.174528272850755,0.0311816151752862,-0.123475027790339,0.176565734692862,-0.786206461289495,-1.02847344562641,-0.413167436877806,-0.241958561604024,-0.0597367947051054,-0.458494049224697,0.486720391900693,-0.370281702344836,2.21858576966224,0.299068970106906,0.766222769924772,0.682832724400303,1.96159447782299,0.558365350335113,1.38175799306964,-1.56531543697313,-0.149937701058835,-0.649181537796562,-0.653776320283739,0.287943781650617,-1.27914465555075,-0.31272463367933,7.06342556493522,0.433253346546518,-0.482591549127137,-1.20546616133649,0.203092646994081,0.112378141086133,0.582081140579538,0.726172755495118,-0.48183804574133,-0.966397934507894,0.324222120103087,-0.708757207400764,-0.20723524876017,-0.555594417312278,-1.52008084975738,-0.626152826019497,-0.681553878925593,2.87334752875011,0.808434789069078,-0.34476848053886,-0.0404095264630932,0.304440963286713,-0.835669064732367
comm.and.crime_point_0878,comm.and.crime,regression,0.28,0.43422644380093,anomaly,0.507176249190595,-0.171897892729153,-0.0598300184254683,0.345748499249786,0.238204792637512,-0.0971816403456179,0.556876528440302,-0.490435159498505,3.71003986462407,3.52550175095922,3.98629467515928,-1.02220602282232,-0.0317506535508209,0.682832724400303,-0.244185898984547,0.775481605798612,0.727215975599007,1.42815797675422,-1.10088084339349,-0.98037958715305,-0.592298443552689,0.7783995780344,0.155666779985624,0.278103309043281,-0.414341611199418,-0.203340548657311,-0.267933252874971,-0.307399221155361,-0.121200695287352,0.511987598838842,-0.964603692743623,-1.44848615624161,3.05136670190105,-0.611019470771741,-0.580759143448198,-1.46445019461129,3.18826467137296,-1.61482142987669,1.97894386942205,-1.32217072016655,3.22363942262377,-1.18495164291312,-1.22148552863488,-1.34383016804519,-0.153076210305205,0.0452768201586437,0.575855031588241,-0.537231871548822,-0.0679036931627271,0.133016085671751,-0.241958561604024,0.0435102601731493,-0.115382978305131,3.01152035610694,2.36757133666146,2.23785199287081,1.80603060569902,1.64821840453306,1.09114529122223,0.90912658159863,0.626521995299251,0.194373344846107,-0.321263468856418,-0.954420599230953,-1.00619817410907,-1.42789358960251,-0.914542988132221,-1.02533734250561,-1.43387263470959,-0.506122969993337,1.01336943127836,-1.23321624918318,-0.111756872588377,-0.0492137079787055,-1.61274064862427,-0.801434429577986,-0.811358043131231,0.928401418342293,-0.594936053016721,-1.17821175605928,0.157339833982052,0.33043447669291,0.557096293441894,0.10769919048228,-0.107308819079628,-0.0924897401426294,-0.0660825654799971,0.825219881684049,0.268301082361422,-1.11019563807854,-0.189444898148642,-0.127274097367549,0.105775557090704,-1.21809552051175,-2.28864445145482,-3.12397709381444,-2.37880521801967,-0.139144981884744,-0.161767018358061,0.647508570739164,-0.391348688885798,0.0903259248506256,-1.13640993410055,-0.453822940289352,-0.808871504665675,0.228635869181726,-1.3888684065923,-2.37780562097556,-0.34476848053886,0.709023156311124,0.817785642030109,0.0610890712128745,-0.123475027790339,-0.0278472343569434,0.617171276048942,-0.851110337619796,-0.746101547760053,1.40217184060813,0.869105939717259,0.707225658165495,0.0329370249239415,-0.391348688885798,-0.0477867027019386,-0.504578098615964,0.655028649219603,1.79884925001964,-0.288220510132573,-0.408381392326479,-0.152293680362675,-1.50215537992296,0.604751487382699,-0.264029226104202,-0.495251351508437,0.541247834307328,1.67800845219631,1.72851770581975,0.837417660326429,0.927243136822718,0.992669953659678,0.682832724400303,0.682832724400303,0.0479899816524777,-0.720143453672756,0.921783371523802,0.799837073718665,1.50255519838847,-1.11075890620342,0.600118860823686,-0.739281849167541,-1.98055152906875,-0.286904425214791,-1.07208970928342,-0.524876705773258,0.0902863202695546,0.328982650250517,1.20219260362464,-1.00327058516075,-0.548685356986693,0.787628624021312,-0.582228126868179,-0.450922239783337,3.11350311594674,0.434518709136896,0.601034142128082,1.53318522279537,-0.358695607590779,-1.15535164718726,0.855676662810112,-0.35568405855027,2.5157361965061,-0.35568405855027,-0.230075729421995,-0.478351146053977,-0.490435159498505,-1.02301435554381,0.530311644335899,0.0510694094017551,1.02733979266941,-0.548100210488063,2.09139358265304,0.0881812846222431,2.85571760336727,-0.576901296561691,0.775426071093047,-0.512093453824773,-0.241958561604024,-0.177731018223659,-0.0774626830755764,1.75393896099451,-0.370281702344836,-0.400332606464976,-1.02233236043192,-0.708705024057152,0.682832724400303,1.03524277168163,-0.778386370841756,0.63909628175923,0.682832724400303,-0.333979422149212,-0.750927891608026,-0.062407654706626,0.287943781650617,0.596735206787962,0.978897948255237,-0.265657561852559,-0.938572255698432,-0.58347083930006,-0.170067920092664,-0.491703227207728,0.112378141086133,-0.683388268503048,-1.23321624918318,-0.7440181099252,-0.798973669564622,1.60490102371564,-0.629843707397574,-0.20723524876017,0.424690178217426,1.13490113121159,0.243808994474351,1.30684518598855,1.26061717483676,-1.26680802211735,-0.34476848053886,-1.11749960355766,-0.739281849167541,-0.785229419645906
comm.and.crime_point_0381,comm.and.crime,regression,0.49,0.0243103167655552,anomaly,0.812099797669774,-1.21585037425788,0.412961487811192,-0.6315492875904,0.0409210426295376,-0.302066595779285,-0.304872732522849,0.842946215819959,-0.091611108832858,0.182033724961094,0.142555914268554,0.707844714924821,0.436063163052654,0.682832724400303,-0.912882539758789,-0.919314744817829,-1.03655979871593,-0.649669655053565,0.857434586358428,1.18045152500798,0.302883286950643,-0.886108709818829,-0.786206461289495,-0.739004709724335,-0.414341611199418,0.585612258152271,-0.830849724959226,-1.12671045843542,0.582249394501401,0.905905260093369,1.09764275168726,1.76126406961708,-1.15527224088726,1.02125980885322,-0.638218393822105,1.4507718496744,-0.801317854336286,2.05495682803424,-1.34916855849906,1.1441185431077,0.715621081014131,0.984372474287411,1.06601380168967,-0.114805430650861,-1.7869319751881,-1.79622356473708,-1.80129508049558,-1.58158025260498,-0.127211605631618,-0.608817600383137,0.77027090439305,2.0439789840438,-0.115382978305131,0.455475228757665,0.660797206038557,0.848260244467189,0.677650524933283,-0.217836902201817,-0.220563285821935,-0.189129511616007,-0.267771092755045,-0.599035968609651,0.816568426169687,0.470028354129537,0.147394108299959,-0.543205919690318,-0.597934995088079,-0.180122176360894,-0.520570831604059,0.0177951584617036,-0.0880280749874027,0.726172755495118,0.486390707331399,-0.306913638938628,-0.478855999702333,2.22928240816177,0.511493909447407,-2.12579870714607,0.516875090109185,0.906182095053561,-1.00117832437123,-1.00841428722264,-0.973175788922662,-0.758604743830171,-0.776275543828826,-0.777184479464502,-0.862692382208638,0.117254540572726,-1.28023453882149,0.343643763005101,0.687690845446696,-0.226875569169311,-0.413403423435731,0.935299240366342,0.358142534415864,0.865621942326106,0.395872980508533,-0.321861540250354,2.15245698202062,1.08408532398657,2.313285179435,-0.320467042044794,0.197114064352121,-0.375024355916575,-1.00672353855961,0.228635869181726,-0.409710691716343,0.817785642030109,-0.230075729421995,0.277067099578957,1.04604216081623,-1.01880107061754,1.09354876858201,1.9021016095071,-0.607089206928712,-0.407961060951538,-0.58944929060163,1.69293505927587,0.869105939717259,-1.06268769461281,0.0823177976294598,3.7696264931462,0.409004693212087,0.134929855663671,-0.316872478427771,-0.533338919381635,-1.85432579077118,0.510966613656022,0.878506043477017,1.59910902759376,-0.44849760935004,-0.446095258444874,-0.374422868098694,0.486441406234567,-0.264029226104202,1.7814317839229,-0.630806040272269,0.271611279434983,1.79864662645383,0.682832724400303,0.682832724400303,-1.8154285728214,-0.543205919690318,-0.787899790914564,2.64295747819106,0.4183367341544,0.466091230705398,-0.839101164308632,-0.260908893459341,-1.98055152906875,-0.286904425214791,-0.198157722851353,-0.846068711699873,0.499680118149013,-0.483006127832491,0.835908565350987,0.917964855184794,-1.46155861675429,1.1342040892995,0.205607195640876,0.511987598838842,-0.366268385707879,-0.183154148155274,0.43905062085352,-0.708705024057152,-1.02039235405845,-0.753136894569917,-0.692858958372798,-0.433845179637909,-0.114546206205749,-0.35568405855027,0.114002523928599,0.0435102601731493,-0.0603121352022264,1.30520508099459,0.530311644335899,0.857434586358428,0.159291292634322,2.46993639639759,-0.708381655201343,0.564407987550553,-0.217427187171022,0.46962452707733,0.981586015860986,-0.264778411457355,-0.241958561604024,-1.00369058285354,2.06583875151322,-0.653776320283739,2.29077798387164,-0.062407654706626,0.00542422998716656,-0.94469347109426,0.682832724400303,-0.173042062415791,-0.421919245194591,-0.994759483123667,0.682832724400303,-0.241958561604024,3.72591167609637,0.148795440142343,-1.78783315476056,0.0145655943380156,-0.0880946194298402,-0.187688592418646,-1.03655979871593,0.828839223120861,-0.845327642642986,0.500862307366285,-1.14142236866316,-0.964603692743623,-1.23321624918318,-0.429402032904556,-0.575741316306927,0.324222120103087,-0.629843707397574,-1.16238301451781,-0.778386370841756,2.17792976659225,2.80252023122097,-0.52457500537974,-0.985685818113966,-0.130365530277162,-0.34476848053886,0.0108804772080765,3.26165559857376,2.3420285757147
comm.and.crime_point_1859,comm.and.crime,regression,0.14,0.216889784383194,nominal,0.0192985716239078,1.56802290981872,-0.138628602798245,-0.448305952557865,-0.0774492073752468,0.394542252695183,-0.352747691465246,-0.576459764357761,1.39038842319272,1.29652306696047,1.82419162215824,0.149763831780583,-0.499564470154296,-1.56531543697313,-0.8651184939892,-0.263264544579206,0.580234661072763,-0.0880946194298402,0.16626443468128,-0.215085234929352,-0.174546969317801,-0.58347083930006,-0.576901296561691,-0.631940707748796,-0.705728072626956,-0.264029226104202,-0.370281702344836,-0.798985963523397,-0.043039574199713,0.730830743980246,0.347734953712392,0.0329370249239415,0.135401071104611,0.180388664803999,-0.293462891578667,-0.624470961512025,1.07948533635522,-0.257506183800045,-0.168225438914154,-0.280848586784089,0.772621497868896,-0.442814444923462,-0.350057212320766,-0.761660555595246,0.0449669127109041,-0.0516442527306052,-0.429862323524147,0.35046425234891,0.881022906339523,0.703657382637049,-0.149937701058835,0.130487161211004,-0.34476848053886,3.1028076820837,2.74685447679989,2.23785199287081,1.80603060569902,-0.175426554321479,-0.347502825535886,-0.400332606464976,-0.480698018482259,0.679234591957959,-0.503316572060594,-0.59830836089083,-0.639146084251652,-0.897080987655194,-0.597934995088079,-0.919685446737523,-0.216136897235549,-0.553751890761977,0.375718243440288,-1.23321624918318,-0.111756872588377,-0.255373652746643,-0.370866985519292,-0.204475052447428,-0.493873574512357,0.111080258000336,0.599231471081475,0.80923354383901,-0.778386370841756,-0.706093598596545,-0.675622884018443,-0.940984519474898,-1.01519223123925,-1.05911760742057,-1.00327058516075,0.707225658165495,-1.38703009890307,0.0840295842401654,-0.286904425214791,-0.226875569169311,-0.716257828742818,0.690595290266559,-0.413837003129751,-0.780087660081869,0.042732118877671,-0.0477867027019386,-0.555677486507623,-0.662221689003069,-0.391348688885798,3.1028076820837,-0.0609873547032339,-0.375024355916575,-0.116389386036903,0.58448334399507,-0.640100742275393,-0.209368692507428,-0.115382978305131,0.763017663402644,0.4183367341544,0.277067099578957,1.35811915909774,-0.965250958519477,-0.864828255976639,0.330621066828893,0.768203604771372,-0.390868007842976,0.77218486682801,1.23819966399899,0.131698570334978,-0.391348688885798,-0.504578098615964,-0.321861540250354,1.46494625559241,-0.878848277811454,0.935299240366342,-1.55756639980461,0.672346098709078,0.189443387813436,-0.592122486177232,-1.23504806525446,2.32407992805221,0.0479899816524777,-1.23504806525446,0.0881812846222431,0.0543650200071232,0.394542252695183,-0.524462606894016,0.682832724400303,0.682832724400303,-1.10294500787551,1.75698202208138,0.0352809910002048,0.857434586358428,0.874849771726638,-0.0117421441154574,-1.38501220832434,2.60932884078986,-0.293190120292925,-0.286904425214791,0.948878009340733,0.0104433041044344,-0.216759028140039,-0.626298265141257,-0.890859043653398,1.01168365715287,0.729337206687944,-0.0540546487971503,0.599524856895403,2.35027001802664,-0.897080987655194,-0.183154148155274,-0.316872478427771,1.17920255223971,0.413283929954837,-0.178544390830854,-0.0520855978833183,-0.277522937462631,0.744321517128731,0.113282667975565,-0.115382978305131,-1.0002125522811,-0.576459764357761,1.41103323720088,-0.0965886105387498,-1.50406343187183,-0.669300457399169,-0.930668231079202,0.136833510943376,0.458579831344262,0.649357240929522,0.835908565350987,0.620806112517094,-0.215315402983871,-0.333979422149212,0.766222769924772,-0.649009732299257,0.57120162984028,-0.626152826019497,-0.44257322543477,1.22894398048608,-1.06268769461281,0.0308697576020081,-1.13966992969373,-0.822944761547652,-1.63839963292602,0.682832724400303,0.0341040200315418,-0.140449768739244,-0.527054463374357,-0.423751167976071,-0.050119918156423,1.09121295537998,-0.265657561852559,-0.791590941172187,-0.381712258954214,1.31550346951804,1.7415692255838,2.75929032833465,-0.823995980623335,0.726172755495118,3.92278703254769,-0.0176604331626889,-1.38334975138032,3.23691779275872,1.04953812723672,2.38525936927683,-0.145179466755593,0.294983219209284,3.39989683326659,-0.00652810323800724,0.363739900957701,-0.34476848053886,-1.3739496219135,1.78304828093024,-0.331272613867753
comm.and.crime_point_1331,comm.and.crime,regression,0.02,0.00271740960732203,nominal,-1.20039562229281,0.524070428289996,-0.375024355916575,0.528991834282321,-0.669300457399169,0.845289154649251,-0.256997773580451,-0.490435159498505,-0.220480633356821,-0.653833281538438,-0.518086685259539,-1.02220602282232,-0.343626531286471,0.0758327208294768,2.0962523437253,1.15817755593781,0.531240889564015,1.54047298387896,-0.928088305474204,-1.1604488464998,-0.651977225586244,1.88807176993655,1.62080293308025,1.4558073307742,1.74191820336436,-0.385406580997984,0.550854342883945,0.948878009340733,-0.433845179637909,-1.10745167520755,-1.01147293011705,-1.20158229271402,1.47387709835544,-0.709945487718708,1.2579368685168,0.759024245945591,-0.174383457439118,-1.06184114443806,1.22743461150438,-1.26736429209379,-0.481387672935926,-1.18495164291312,-1.22148552863488,0.467364181799085,1.48077955457769,1.45063237705275,1.30728583530634,1.18594295719383,-0.542366992913852,-0.152304562810898,-0.333979422149212,-0.91323565124325,-0.230075729421995,-0.183536053079654,-0.334821036824805,-0.342818397021626,-0.296859544818942,-0.175426554321479,-0.220563285821935,-0.231370130585801,-0.18260032246416,0.194373344846107,-0.503316572060594,-0.445688830173635,-0.219657981557459,0.813315174175043,0.795140174306145,-0.497077863665163,1.76268367615976,-0.744267573836537,-1.5952036098774,0.726172755495118,-0.37760024144161,-0.152293680362675,1.78891329814154,-0.434074812882258,-0.017646871584048,0.584266192935153,-1.00671795787817,-0.887366102415632,1.44953316445302,1.45333989158982,1.53477012384147,1.97709189084073,1.94737469265005,1.96159447782299,2.18316868175381,-0.590710800538598,1.06926778297327,0.655180777523025,-0.286904425214791,-0.226875569169311,-0.0240191880409045,-1.41385868059157,0.303001138876892,0.0677021350979969,-1.168036549571,-0.0477867027019386,-0.851110337619796,-0.225644935755658,-0.391348688885798,-0.274823379056414,0.369181677055691,-0.453822940289352,-0.957260530086126,2.18579698065512,2.1245798644332,1.78787584687111,-0.230075729421995,0.169078085395916,-0.266432822203958,-0.424861492610813,-0.0705609496871936,0.0824355567210018,1.97030128355056,-0.407961060951538,-1.52936283355217,-1.74776302829246,0.287579502381766,-0.94469347109426,-1.20158229271402,-0.391348688885798,-0.321861540250354,-0.321861540250354,0.00709456412135369,-0.965225617418908,-2.49055606103062,-0.178544390830854,0.981586015860986,-0.65635599605476,-0.256997773580451,0.282168870917816,-0.65635599605476,-1.37697714823931,-0.749538645679329,-1.1288425117501,-0.826569200352095,-2.51482411446289,-1.70972241982659,0.682832724400303,0.682832724400303,0.705667118525611,-0.543205919690318,0.858461772914973,2.18217737707296,-0.780009989472726,1.18284129293668,-0.541331503936429,-0.652304948129686,0.0542078168079789,3.51401713036501,-0.96284821097941,1.4558073307742,2.5466491075463,0.663330970637638,-1.30946937310901,1.01168365715287,-0.183536053079654,-1.39084572915588,-1.01991441715099,-0.0570045785288092,-0.307289207713733,0.310984137678462,0.925001184677206,1.7101765580732,1.51611184073429,0.740803615151647,0.802278882769321,0.504088273413761,-1.40284779120747,7.38226692912601,-0.34476848053886,-0.43486269553505,-0.18934904249111,-0.758443965028085,0.530311644335899,1.08782463691748,0.987883042667813,-0.760637999705362,-1.02533734250561,-0.017646871584048,-0.375024355916575,-0.419922423015838,0.930046029669001,-1.10564955550658,-0.241958561604024,-0.531713688779321,1.16088925690906,-0.696016939253532,-0.933198174429091,-0.189129511616007,1.22894398048608,-1.12168480637209,0.682832724400303,2.32407992805221,-0.867503152253548,1.18371487005353,0.682832724400303,-0.333979422149212,-0.852674245419489,-0.358091987495182,-0.36444325550718,-0.826346068089685,0.529637919756257,-0.499564470154296,-0.98756602720718,0.173123836996862,-1.38553542068324,-0.541331503936429,0.0427225572111723,-0.495911319009332,0.726172755495118,-0.7440181099252,-1.58028690596656,-1.38334975138032,-0.629843707397574,0.697641581957593,0.825715694570486,0.281514065900134,-0.728501275489362,-1.15249049956315,0.281459459960805,-0.278597159647621,1.26093003509725,0.164750488221586,-0.869747200724323,0.223563482083323
comm.and.crime_point_1249,comm.and.crime,regression,0.03,0.053983757623054,nominal,-1.20039562229281,0.524070428289996,-0.138628602798245,0.773316280992368,-0.629843707397574,0.845289154649251,-0.256997773580451,-0.490435159498505,-0.54265444466673,-1.0717667847882,-0.638203521537374,0.484612361667126,-0.109719622984733,0.682832724400303,2.14401638949489,0.22877310559976,-0.546622083628446,1.98973301237794,0.742239561078903,-1.02539690198974,0.839992325252642,1.98895106010947,1.72545551544416,1.50933933176197,4.13128718707017,-0.203340548657311,0.243808994474351,1.44046475170877,-0.35568405855027,-1.15122030423583,-0.261565132142186,-0.609013020247796,1.04365266102481,-0.611019470771741,0.22367036178649,0.363739900957701,0.281568831213367,-1.26292488459756,1.38847230962959,-2.08946071318521,-0.65238892350022,-2.04126379443964,-2.092913844949,0.467364181799085,1.62931189683977,1.45063237705275,1.35300026053872,1.34259521435226,-1.25406194254054,-0.551753470686607,-0.333979422149212,-0.869747200724323,-0.115382978305131,-0.822547334916973,-0.951156139549743,-1.08724254795214,-1.16878960722883,-0.387478293723169,-0.347502825535886,-0.358091987495182,-0.352941863045931,-0.114174721497799,-0.366776744657462,-0.343942476362171,-0.114785955883911,1.04923188615163,0.858461772914973,0.136833510943376,2.01637862146685,-0.791896494605177,-2.17488650791201,0.726172755495118,-0.444061083654919,1.13620597443694,2.16687484778218,-0.52591471705619,-0.123475027790339,-0.147021161055019,-1.04789614836431,-0.548046173164703,1.76144189939429,1.66928324060846,1.57727768168493,-0.895389575563716,1.18284129293668,2.32407992805221,2.0425904788017,-1.23967902989064,0.535289982565372,1.01864062779394,-0.286904425214791,-0.226875569169311,0.278835217266183,-0.0924573500527467,1.9021016095071,1.11497188208489,0.547219064064617,0.0435715764808665,-0.604916295026319,-0.356617961729881,-0.391348688885798,0.592406217722805,1.35857045010122,4.4316892908228,0.872870783432771,-0.00859578069383644,-0.409710691716343,-0.951202378562316,-0.34476848053886,0.0610890712128745,2.01613236565723,0.43905062085352,0.141095362725389,-0.082988629895916,3.71003986462407,0.872247960534541,-0.641666709654437,-2.28082892918333,1.45063237705275,-1.12168480637209,-0.707774565658833,-0.391348688885798,-0.504578098615964,0.409004693212087,0.115083578304395,-0.662904928792817,-1.90326658079114,-0.86805539531773,-0.719233528474505,-0.0924897401426294,-0.544247527234835,-0.688849968232438,0.43110035463292,1.08931211503494,4.83381967943463,-0.864272121234376,1.03318082040625,0.681381190302317,-1.42526006472277,0.682832724400303,-1.56531543697313,0.870086402743895,-0.0713724957371486,-0.471291797870422,1.08782463691748,0.646593252940519,-1.25410891864968,0.600118860823686,-0.43486269553505,-1.58352531523914,-0.286904425214791,1.00349875849274,-0.0430886968833349,-0.216759028140039,0.185690512941751,0.783582274169036,0.964824256168832,-0.639972682963453,-0.994759483123667,-0.669765384924741,-0.976145788122707,-0.602185097684464,0.434518709136896,1.41095174850089,-0.295725241742213,0.303001138876892,0.568425864029928,0.535289982565372,-0.35568405855027,1.54951000775481,-0.043039574199713,-0.34476848053886,2.18096542220705e-05,1.35909384497549,-0.335131340202921,0.182033724961094,-0.467308204356106,-0.35364645738641,-0.293054863427304,-0.180122176360894,-1.02301435554381,-0.375024355916575,-0.52457500537974,0.981586015860986,-0.314241419930838,-0.0579168405136468,-0.413719465260767,0.589342207685384,0.275517297051724,-0.370281702344836,-0.696016939253532,0.396950550146819,-0.590710800538598,0.682832724400303,-0.978565285147405,-0.421919245194591,-0.00454386804312309,-1.56531543697313,0.678250043847861,-0.700054714702294,-0.696016939253532,0.58448334399507,-1.08508811806744,0.866582941130492,-0.499564470154296,0.188284489002777,-0.734789774559444,0.730278376641099,-1.03761427122343,3.52550175095922,0.675819615326396,-1.23321624918318,-0.429402032904556,-0.0734685214771128,-1.44433446107615,-0.35364645738641,-0.106693378680418,2.83084327633579,-0.145179466755593,-0.01206212920031,-0.367596131833887,-0.179320641157294,-0.42682878901808,-0.34476848053886,-0.963629592544147,-0.652304948129686,-0.684350129472983
comm.and.crime_point_1958,comm.and.crime,regression,1,0.00714932672258875,anomaly,-1.44433446107615,1.56802290981872,1.67373883777562,-0.875873734300447,1.89538829270449,-1.20356039968742,-0.496372568292438,-0.576459764357761,-0.220480633356821,0.112378141086133,-0.0976777582871161,-0.18508469810596,1.68356667399525,0.682832724400303,-0.530770173602079,0.11943140555999,0.0902969459852806,-0.481197144366448,-0.352113179076581,-0.26010254976604,-0.353583315418467,-0.381712258954214,-0.00131209356022966,0.545763313982127,-0.530896195770433,0.828366967939835,-0.114410578670175,0.402670517820692,1.36386060537779,0.336913082725718,-0.495911319009332,-0.411489929425723,0.613428223694192,-0.264778411457355,0.281129612160397,-0.920934220252943,1.07948533635522,-0.508860858999424,0.583283819003517,0.979699258889417,0.0886164956117204,1.26980985812958,1.17494234122894,-0.373547480628615,-0.94524870236964,-1.02085498162309,-0.658434449686053,-1.0594060620769,1.23687038115287,1.10310629051276,1.41441692820937,1.21769842418418,-0.115382978305131,0.957555521629844,0.70820759855586,0.848260244467189,0.882810539617961,-0.429888641603507,-0.474442365249838,-0.484813844404564,-0.523283403627701,0.723312887149946,-0.548829847861638,-0.191322945644976,-0.324530007231007,-0.779122631666902,-0.534613396479251,-0.708381655201343,-0.317614875358386,-0.220349445381496,0.259781663833366,0.726172755495118,2.48021597373065,-0.770773514666489,-0.478855999702333,2.3211223123357,0.0881812846222431,0.455215483407476,0.352162328164607,0.227542236551704,-0.733827980135861,-0.662904928792817,-0.548100210488063,-0.621819912096626,-0.632925531382569,-0.65635599605476,-0.487817174336336,0.176251652332003,-0.479267838209638,-0.0198160872658089,0.492771791314399,-0.226875569169311,-0.672992913698949,0.592713710226646,-0.248412816512834,0.366922062808537,0.244526896952449,2.14481199768538,-0.457199869470233,-0.356617961729881,1.31465113574732,-0.411754368021554,-1.69562967538715,0.0189685659473083,-0.363704428404322,-1.01683029266498,-0.524905716995868,-0.437625211293547,-0.34476848053886,-0.154888957153209,1.04604216081623,0.169078085395916,0.0352672065190975,1.68153602735121,-0.156045871094839,-0.407961060951538,1.13372553814103,1.06294808549576,-1.94160517407096,-0.531713688779321,-0.954678429186424,-0.391348688885798,-0.0477867027019386,-0.504578098615964,-1.01880107061754,-0.878848277811454,1.03318082040625,0.510966613656022,0.105406250597248,0.874138127135308,-0.352747691465246,-1.23504806525446,-0.616079834918179,-0.774106439438939,-0.264029226104202,-1.02301435554381,-0.0924573500527467,0.107703315088049,0.613386813521254,-1.56531543697313,0.682832724400303,-0.664493583293417,1.16719024213992,-1.48443737561168,0.16626443468128,-2.2636773615825,-1.25410891864968,1.6919409488551,-0.521839596572905,-1.63315359196784,-0.286904425214791,-0.252778472003357,3.11529936139505,0.243808994474351,0.233454558711339,-0.105964675924132,-0.394098372368261,-1.27898396480077,-0.00454386804312309,0.730830743980246,-1.06368304617927,0.636377640192604,-0.924361576905879,1.19497372013481,-1.53466458868703,-0.082988629895916,-0.925514645691636,-0.479267838209638,-0.433845179637909,-0.436621602456179,-0.121200695287352,-0.230075729421995,-0.739281849167541,-0.576459764357761,-0.758443965028085,0.182033724961094,-0.697698254915155,-0.669300457399169,-0.845653115392282,-0.0216443327087585,-0.493873574512357,-0.453822940289352,0.103340488803673,0.46618615394114,-0.0669263775634199,-0.149937701058835,-0.295725241742213,-0.696638653067897,-0.696016939253532,-0.626152826019497,0.23327667808193,-0.581865250252313,-0.826699247575706,0.682832724400303,1.43800438304744,-0.377360854488696,-0.94524870236964,-1.56531543697313,-0.241958561604024,-0.649181537796562,0.486720391900693,1.6520257684351,0.337993156810208,-0.481197144366448,-0.343626531286471,-0.546622083628446,1.13147709363963,2.621005599782,-1.63315359196784,-0.0965886105387498,-1.01147293011705,0.726172755495118,0.0425220826264111,-0.240892786420384,-1.0174414932053,-0.472016707391195,0.647370646917718,-0.600152808018174,-0.240000251790199,0.550854342883945,0.94056114771489,-0.0641256158777693,-0.525649875265053,-0.230075729421995,0.113460484550416,0.956767721070621,-1.13830693525114
comm.and.crime_point_0532,comm.and.crime,regression,0.15,0.077635811112994,nominal,-1.26138033198864,-0.867866213748302,-0.138628602798245,-0.142900394170307,-0.669300457399169,0.722358181389051,-0.544247527234835,-0.103324437631854,-0.349350157880785,-0.653833281538438,-0.758320357815209,-0.129276609791536,-0.499564470154296,-1.56531543697313,-0.244185898984547,0.392785655659416,0.0413031744765323,0.305007905506768,-0.121723128517532,-0.395154494276104,-0.472940879485578,-0.331272613867753,-0.367596131833887,-0.524876705773258,0.80948152679624,-0.81022732312622,-0.216759028140039,-0.307399221155361,-0.199361816374992,-0.450922239783337,-0.495911319009332,-0.609013020247796,-0.342626081484969,-0.363704428404322,0.396048112908209,1.30254022030394,-0.402359601765361,0.396015971718339,-0.382942369747774,-0.0616228744930443,-1.10839225833834,0.242235276297757,0.0856569458362924,-0.114805430650861,0.391542377989094,0.529882184604888,0.301568480193953,0.559333928560141,0.643791256463961,0.817785642030109,-0.241958561604024,-0.695793398648614,-0.34476848053886,-0.959478323882113,-1.33043927968817,-1.48426876178174,-1.32265961824234,-0.726761076765874,-0.728321444677741,-0.738257558223326,-0.736210329354915,0.635156296765973,-0.548829847861638,-0.547435183985099,-0.429402032904556,0.0465858602511433,-0.0280406076086237,0.189659458827421,0.0882970371329595,-0.458494049224697,-0.609742683218555,0.726172755495118,-0.311139399228302,0.620806112517094,0.0610890712128745,-0.663674573317088,-0.440959496409212,0.928401418342293,-0.265510529127564,-1.03278892923746,-0.466477635900487,-0.533338919381635,-0.590607768331523,-0.348250248629537,-0.441792181454227,-0.454975190371856,-0.581535976304412,-0.708705024057152,0.214903302320632,-0.590967280548668,-0.0919853710824933,-0.226875569169311,-0.759522743786688,-1.21809552051175,-0.468978398668724,-0.181647804660787,-0.310408742753192,-0.0477867027019386,-0.407961060951538,-0.70587936432781,-0.391348688885798,0.272900576804145,-0.319088773758589,-0.138628602798245,-0.709945487718708,-0.720290730320524,1.203019662197,-0.437625211293547,-0.34476848053886,-0.20888346424473,-3.00551104763739,-2.26067473372252,-0.388045418306067,-1.68208910052612,0.810475562834887,-0.407961060951538,-0.328362195337591,-2.91081590296345,0.432961111715639,0.117254540572726,-1.54724770165264,-0.391348688885798,-0.139144981884744,-0.230503261067549,0.277067099578957,0.287245806889183,-0.679746830292226,1.08555911739508,0.878506043477017,-1.09939376855715,-0.687872404062027,-0.506783935891765,0.43110035463292,-1.26736429209379,-1.23504806525446,0.246923518931679,-1.12021394047183,-3.08850198967716,-0.00294828920368394,-1.56531543697313,0.682832724400303,-0.445267871002372,-0.779122631666902,3.20136092144162,0.108666922041517,0.190080215368281,-0.0595254815975429,-0.541331503936429,0.434906314843494,-0.293190120292925,-0.0919853710824933,-0.525882217763377,-0.0966206978711041,0.243808994474351,-0.0531297159061927,0.521950818259281,0.543089647312493,-1.32462762778915,-2.62861524800656,-0.932377159094426,-0.844839901037864,-1.25095605562007,0.722766042539909,-0.154888957153209,-0.708705024057152,1.01983928088354,-1.5001071494307,1.01587000293248,7.38226692912601,-0.275583904330964,-0.121200695287352,-0.230075729421995,-0.869747200724323,-0.361398252209622,0.194009440828534,-0.166244194413711,-0.294515666436819,0.514402042648675,-0.930668231079202,-1.39511897769393,0.194009440828534,-0.296225771543798,-0.158290967106083,0.414646167749156,0.180388664803999,-0.0579168405136468,0.766222769924772,-0.696638653067897,-0.315851368525389,0.243808994474351,1.83842019893409,0.0543650200071232,-0.531713688779321,0.682832724400303,-0.65635599605476,0.291015006099739,0.342031597235068,-1.56531543697313,-0.0579168405136468,-0.140449768739244,-0.44257322543477,-0.483059080444962,-0.56760401811193,-0.31272463367933,-0.343626531286471,-0.840584712680936,0.1226841919104,1.76567661788493,0.500862307366285,0.112378141086133,1.05077351431383,2.68556176017342,-0.639146084251652,-0.631549404621351,1.60490102371564,0.751142542658244,-0.860757404278554,0.335573396805634,-0.666693784445925,-0.67732705075443,-0.629227587743642,-0.812893280194679,2.14251945340321,-0.230075729421995,-1.11749960355766,2.21793278611951,-0.482591549127137
comm.and.crime_point_0226,comm.and.crime,regression,0.1,0.573652219720422,nominal,-1.6882732998595,-1.21585037425788,-0.453822940289352,-0.936954845977958,1.1062532926726,-0.506951551212952,-0.687872404062027,-0.619472066787389,-0.349350157880785,-0.584177697663477,-0.277853012703869,1.43334986301233,-0.343626531286471,0.682832724400303,-1.05617467706755,-1.13799814489737,-0.15467191155846,-1.32355969780203,1.37581220011629,1.00038226566123,0.780313543219086,-0.93654835490529,-0.838532752471447,-0.792536710712104,-0.705728072626956,-0.0212745163166381,0.0902863202695546,0.0749460229086676,-0.277522937462631,1.08097977620649,0.957035039566971,1.06993325173982,-0.772850518815592,0.576092732591868,-1.09789239681336,0.51197153032816,-0.288371529602239,1.45170560755573,-0.866055464123419,0.541247834307328,-0.823390174064514,0.242235276297757,0.412442564454086,-0.696975043100807,-0.846227140861585,-1.11777605451234,-0.56700559922129,-1.11162348112971,0.0507121317750543,0.0759519559752211,-0.241958561604024,1.0872330726274,-0.34476848053886,3.1028076820837,2.9364960468691,2.73413476015781,1.95990061671252,-0.514709337364183,-0.60138190496379,-0.653776320283739,-0.65103955906403,0.855547772725906,-0.548829847861638,-0.29306929945644,-0.324530007231007,-0.720143453672756,-1.23115098117636,0.136833510943376,-0.0131809409898764,-0.410865128456057,-0.0880280749874027,0.726172755495118,-0.37760024144161,-0.255373652746643,0.223072592487436,-0.112635148273496,0.776064299963135,-0.792274708693406,1.05219156642907,0.130593685337154,-0.912061542959443,-0.922036947615181,-0.845653115392282,-1.57931373423144,-1.49302560606011,-1.46187921878637,-1.37814579303305,0.471237211128387,-1.28023453882149,0.0840295842401654,-0.286904425214791,-0.226875569169311,-0.889317488918297,0.984240030386299,1.13012207196148,0.965361918229619,0.950808620214174,-0.413219819433159,-0.506438677988928,-0.662221689003069,-0.391348688885798,0.820624532664704,1.18650283739765,-0.453822940289352,0.971796800379738,-2.49952810438724,-0.0641256158777693,0.760721512333579,-0.230075729421995,1.84290780523306,0.4183367341544,0.277067099578957,-0.017646871584048,-1.07553374959742,-0.091611108832858,-0.161767018358061,-0.432797033443206,0.142197893047893,-0.536249617176849,-0.826699247575706,0.872410160917752,-0.391348688885798,-0.413219819433159,-0.139144981884744,0.547039635036561,-0.576527589185363,1.08212161042621,1.31539611889071,-0.719233528474505,-1.09939376855715,-0.11337289675326,-0.992293355466893,-0.978565285147405,-0.33565501485685,-0.14265187121042,0.405665753241116,0.690595290266559,-1.90016924816189,-1.70972241982659,0.682832724400303,0.390573463421757,-0.390461442929611,-1.36891441160836,-0.407970199261594,-1.27367338131278,0.133016085671751,0.752791255597911,0.252720923722782,-0.0434666408647052,-1.28575565486694,-0.286904425214791,-0.362019970307365,-0.41781270379772,-1.44494042177841,1.14097142833352,0.312645653531477,-0.20666076843211,-1.18769663882401,-0.598673237091449,-0.757302642981302,-0.538459497839898,1.5210653101048,-0.594936053016721,-0.748828535159937,1.00221121696188,-1.24095793621434,2.1198256241254,0.481892202524582,0.191443789063205,-0.329263137039369,-0.277522937462631,-0.230075729421995,-0.565328047091832,-0.0172998327725985,-0.282217262099776,-0.514522113788516,-0.697698254915155,1.89538829270449,-0.803145557548822,0.189659458827421,-0.017646871584048,-0.375024355916575,-1.04783791719925,-0.616153556090535,2.15890900374335,-0.333979422149212,1.23819966399899,-0.458494049224697,-0.738257558223326,0.294983219209284,-0.44257322543477,1.27788477050604,2.00516211686959,0.682832724400303,-0.777184479464502,0.558365350335113,-0.648184017845477,0.682832724400303,-0.333979422149212,-0.547435183985099,-0.358091987495182,-1.25406194254054,-0.438232993123054,2.32667803375218,-0.343626531286471,-0.889578484189684,-0.432151904040676,-0.890344957479674,0.649747137552387,-0.235899778288672,-1.10521140486391,0.726172755495118,3.03137481432253,-0.408317051363656,-1.44433446107615,-0.708757207400764,-0.810486469238678,0.157339833982052,-1.23561849465356,-0.574978601284565,3.29524425090269,0.857434586358428,-1.01975530649992,-0.34476848053886,-0.912339588872978,-1.0002125522811,-0.93654835490529
comm.and.crime_point_1609,comm.and.crime,regression,0.13,0.366650998359539,nominal,-0.956456783509466,1.22003874930914,-0.296225771543798,0.590072945959833,2.01375854270928,-1.65430730164149,0.221751815843521,-0.0603121352022264,0.681606038310923,2.13239007346,1.10349060449123,-2.13836778911079,-0.499564470154296,-1.56531543697313,-0.721826356680434,1.65021520611678,-1.13454734173342,-1.6043472156139,-2.25283109618874,0.415157172784282,-1.06972869982113,-1.03742764507821,-0.9955116260173,-0.846068711699873,-0.530896195770433,-0.506783935891765,-0.779675500224294,-0.689744465219389,-0.199361816374992,0.687062114951965,-0.964603692743623,-0.954678429186424,-0.294823366226011,0.625555741065352,1.02809986702118,-1.21739747899386,-0.288371529602239,-0.00615150860066679,-0.114546206205749,-0.500074299075133,-1.3363939257574,0.299322753066192,-0.0777358634726045,0.402678669304647,-0.00454386804312309,-0.00318371628598076,-0.475576748756528,-0.0672751000735523,-0.601674905382743,-0.780009989472726,-0.241958561604024,0.695837017957058,-0.230075729421995,0.592406217722805,0.945259561142375,0.649747137552387,0.882810539617961,-0.0481955106804643,0.0333157936059686,-0.10464827367642,-0.0548441670278318,0.106216754462134,-0.366776744657462,-0.242196122550708,-0.0623499430471371,0.931273530163335,0.98510497013263,1.03487462497214,-1.38313364564817,0.446455445379464,-0.377869524004709,0.726172755495118,-0.311139399228302,0.105406250597248,-1.34276811316667,-0.204475052447428,-0.176389105893484,1.65968877233247,-0.183154148155274,-0.208726243913775,-0.600152808018174,-0.662904928792817,-0.718130441861903,-0.530630024274263,-0.441792181454227,-0.454975190371856,-0.394098372368261,0.117254540572726,1.33625668317722,0.655180777523025,-0.286904425214791,-0.226875569169311,-0.240343763260253,-1.90326658079114,-2.67463422022763,-3.12397709381444,-3.28688171935617,-0.321861540250354,-0.407961060951538,-0.618564013678328,-0.391348688885798,-0.959478323882113,1.35857045010122,0.885752994047852,0.0319996393835476,-0.36444325550718,-2.02244104562969,0.4183367341544,-0.000690227188266011,0.115083578304395,-0.494689340990077,1.41095174850089,0.934806534272571,0.137576952259974,1.06821461188281,-0.70339391206371,-1.58158025260498,1.45063237705275,0.675263793938761,-0.118733906464382,-0.658393792953314,-0.391348688885798,-0.230503261067549,-0.504578098615964,0.115083578304395,0.33043447669291,-0.0924573500527467,0.970640616647273,0.414646167749156,-1.34105073537663,0.748376364209891,-0.264029226104202,1.84076599441325,-2.08946071318521,-0.628161290785547,-0.440959496409212,0.348009760126863,0.23063428834825,-1.18820810213626,0.682832724400303,0.682832724400303,1.69218282383531,-0.897080987655194,-0.407970199261594,-1.15847835603325,-1.00826650825885,-1.01519223123925,1.3445430117542,0.260952512767785,0.15346437026538,-0.286904425214791,0.129566772060671,-0.578408706761027,2.34195220860657,-0.244185898984547,1.3591714771705,0.355652043376342,-0.0466050641145143,-0.301608552567286,-0.0132359495005283,1.08097977620649,-0.0123933177430025,-0.965539767392024,-0.100894450061688,2.30014767566597,0.744132303188673,-0.178544390830854,1.60324558338117,-0.35568405855027,1.87158540400524,-0.35568405855027,1.26093003509725,-0.565328047091832,-0.576459764357761,-1.7108973708847,0.321344892711017,-1.61925845715135,-0.590386957395979,0.0895131571638354,-1.55359682134606,-1.1288425117501,-0.296225771543798,-0.158290967106083,-1.59541329373824,-0.611019470771741,-0.241958561604024,0.825219881684049,-0.553751890761977,-0.696016939253532,-1.03554662389896,-0.78049817719312,-0.679746830292226,-0.295725241742213,-1.56531543697313,-0.454975190371856,1.53864994586482,1.23322565080756,-1.56531543697313,1.32239606766418,-0.343942476362171,3.44356371978626,-1.19475403007165,0.0145655943380156,-0.9866146764278,-0.499564470154296,-0.105678140049712,0.526201352602092,-0.800310327806298,0.451234030637584,0.391000476585978,-1.33955759173106,0.726172755495118,-0.219657981557459,-0.631549404621351,-1.20039562229281,0.238204792637512,-0.358048053879797,0.959390866688173,-0.524462606894016,-0.165584803405107,-0.838532752471447,1.203019662197,2.58721434151458,-0.115382978305131,-1.06620959988649,-0.956724101762177,-1.03742764507821
comm.and.crime_point_1883,comm.and.crime,regression,0.08,0.094786895629686,nominal,-0.224640267159436,1.56802290981872,-0.375024355916575,0.284667387572275,-0.669300457399169,0.927243136822718,-0.44849760935004,-0.576459764357761,-0.349350157880785,-0.235899778288672,-0.157736176426034,-0.519933227992503,-0.343626531286471,0.255684573739351,0.94991524525517,0.775481605798612,-0.105678140049712,0.58579542331863,-0.236918153797056,-0.800310327806298,0.302883286950643,0.980158158380245,0.521950818259281,0.33163531003105,0.0518767270846419,-0.931604678020002,1.77903573652232,-0.471261468611373,-0.35568405855027,-0.844839901037864,-1.10521140486391,-1.1522015200085,0.326611932140444,-0.413167436877806,0.913181366273366,0.215508271587242,0.224574795131807,-0.508860858999424,0.744321517128731,-0.664493583293417,0.0886164956117204,-0.614076875228766,-0.676842830938559,0.402678669304647,0.688607062513258,0.917566476161884,0.484426181123479,1.08150811908822,0.525175431526179,0.0759519559752211,-0.333979422149212,-0.739281849167541,-0.34476848053886,-0.411754368021554,-0.382231429342107,-0.541331503936429,-0.707179574188299,-0.557119685244521,-0.516755545154489,-0.569295082344151,-0.565868788773144,0.767391182341933,-0.548829847861638,0.012169761977951,0.0425220826264111,0.459440106210166,1.30171296317677,-0.919685446737523,0.64642591680856,-0.696638653067897,-0.203964654594325,0.726172755495118,-0.444061083654919,0.775426071093047,0.223072592487436,-0.434074812882258,0.0352672065190975,0.0250464516485512,-0.965539767392024,-0.741943275593805,0.914832475982277,0.719132504926456,0.642111409128814,1.06519301261709,0.991707943008339,0.833861965998727,0.917964855184794,-0.826699247575706,-0.212278938005688,0.0840295842401654,-0.286904425214791,-0.226875569169311,-0.54319816856734,1.08212161042621,1.46097044519532,0.516532026663808,0.648116453102006,-0.0477867027019386,-0.851110337619796,0.429220194115458,-0.391348688885798,0.181613250827385,-0.491156386462159,-0.217427187171022,-1.40242760634748,-0.00859578069383644,-0.985685818113966,-0.437625211293547,-0.230075729421995,0.223072592487436,-0.0381763034178386,0.331061606670478,-0.22930318399663,0.303001138876892,-0.091611108832858,-0.555677486507623,0.0893771570848711,-1.11777605451234,1.25679023127425,-0.000739682945828393,1.71188329691156,1.273041383927,0.957154368308917,-0.230503261067549,-1.55874614153275,0.675943835122729,-0.924450780392009,0.798262865525553,-0.925393473242442,-1.05911760742057,-0.544247527234835,0.342857548364707,-1.13966992969373,0.924892830816656,-0.446095258444874,-1.39341290226583,-0.483983670212399,0.517473225955383,0.234103673382831,0.682832724400303,0.682832724400303,-0.938525723657223,-0.720143453672756,0.0986025896090331,-1.67685596979111,0.133016085671751,0.0838245308487138,-1.43464048505304,1.91351363248702,-0.888729441037333,1.17498848077744,0.348049768668688,-1.00666471466318,-1.64963732071814,-0.435242082062902,-0.576901296561691,0.730527251248644,-0.731260008940213,0.441053158743122,1.5186660664893,-0.888608530066145,0.223523394233582,0.599231471081475,-0.316872478427771,-0.295725241742213,1.79181881842915,-2.4194551554132,0.268301082361422,-0.277522937462631,-0.221904671622559,0.191443789063205,-0.000690227188266011,0.652348567438131,-0.447422857068877,-1.07592843364696,-0.514522113788516,-1.15847835603325,-0.708757207400764,-0.590607768331523,-0.866859498853478,1.35811915909774,-0.296225771543798,-0.786206461289495,-1.44079333516229,-1.60027964024141,-0.241958561604024,-1.77065303572414,-0.744267573836537,-0.0201670357368324,-0.319107477609904,2.09186391275286,1.18000319046612,-0.826699247575706,0.390573463421757,-1.30077457424005,0.38013178751153,1.53029033533172,0.682832724400303,-0.333979422149212,-0.29306929945644,-0.569295082344151,1.23687038115287,0.467364181799085,0.305007905506768,0.124187285317004,-0.15467191155846,0.526201352602092,0.0550186540907768,1.7911975023125,-0.79314444928836,-1.01147293011705,0.726172755495118,-0.848890135598748,0.931077068182516,-1.38334975138032,-0.629843707397574,-1.16238301451781,-0.377360854488696,0.70820759855586,1.36964193864286,-0.838532752471447,1.37581220011629,1.15430859093348,0.343388026162328,0.164750488221586,0.304440963286713,-0.58347083930006
comm.and.crime_point_0894,comm.and.crime,regression,0.02,0.023628020766458,nominal,1.05603863645312,-0.171897892729153,-0.375024355916575,0.528991834282321,-0.669300457399169,0.845289154649251,-0.209122814638054,-0.619472066787389,3.71003986462407,3.52550175095922,3.98629467515928,-0.687357492935775,-0.499564470154296,-1.56531543697313,-1.05617467706755,0.556798205719072,3.47086718008891,0.473480416193885,-0.467308204356106,-0.665258383296233,-0.7116560076198,-0.633910484386522,-0.9955116260173,-1.16726071762649,-0.997114534054493,-0.688849968232438,-0.4726301518147,-1.39981420419544,-0.199361816374992,1.34359155037618,0.113388766845247,-0.658393792953314,0.948047230506899,-0.808871504665675,-0.0636258900830415,-0.377418245894594,1.64942569717082,0.14466129651896,-0.168225438914154,-1.8154285728214,3.22363942262377,-1.69873893382903,-1.7661282263312,-0.632289530606369,0.540074720251176,0.77218486682801,-0.247004622594622,0.82042102382418,1.41479411855954,0.817785642030109,-0.333979422149212,-0.478351146053977,-0.34476848053886,1.00319918461822,2.13051937407495,1.9400823324986,1.60087059101434,-0.387478293723169,-0.262876465726585,-0.315851368525389,-0.395527248191373,0.635156296765973,-0.503316572060594,-0.750927891608026,-0.796454122761974,-0.897080987655194,-0.15468380482628,-0.972511394621568,-0.723526787849732,-0.506122969993337,0.781496272064518,-1.23321624918318,-0.37760024144161,0.414646167749156,-1.01880107061754,-0.709594525404054,0.881892456169426,0.584266192935153,-0.471401481558287,-0.402623346342877,-0.733827980135861,-0.749282268400272,-0.803145557548822,-0.986579463386079,-0.919625556275082,-0.978565285147405,-1.1907081890969,1.06120832872116,-1.17343897873991,-1.00634996657257,-0.286904425214791,-0.226875569169311,-0.629727998655079,0.00542422998716656,-1.84751328714304,-2.32605728658633,-1.168036549571,-0.321861540250354,-0.506438677988928,-0.662221689003069,-0.391348688885798,0.592406217722805,-0.878308515045191,-0.138628602798245,-0.611019470771741,-0.601674905382743,1.08782463691748,0.0759519559752211,-0.230075729421995,2.05888583359914,0.190080215368281,-2.4766527620886,0.564407987550553,0.192718347798946,-0.478219682404748,0.281382258310197,-0.0150576810207445,1.01448754905113,-0.584710153621474,-1.18068191813137,-1.00405920189194,-0.391348688885798,-0.595936377798769,-0.504578098615964,-0.856817549342979,-0.533338919381635,1.22894398048608,-2.87912915840445,-0.306913638938628,0.43110035463292,-0.496372568292438,-1.05298203291378,-0.736908318327921,0.760473546598372,-0.506783935891765,1.88725994012919,-0.924450780392009,-0.261089604692552,1.04008034617698,0.6153882795591,0.682832724400303,-2.25387999740349,1.22616942013407,0.478532181262003,-1.15847835603325,0.24714434506481,-1.01519223123925,2.43636509978561,1.91351363248702,0.302349200451482,-0.286904425214791,-1.12671045843542,0.759891317933204,-0.4726301518147,-0.721826356680434,-0.419922423015838,-1.00327058516075,0.364187902780905,0.540074720251176,-1.15122030423583,0.336913082725718,0.223523394233582,-0.965539767392024,-0.0468999429701671,0.766222769924772,0.413283929954837,0.510966613656022,-0.586063398291218,-0.277522937462631,0.0464914919194661,-0.121200695287352,-0.230075729421995,-0.173931992421487,-0.361398252209622,-0.811358043131231,0.460656060460939,1.26061717483676,-0.669300457399169,-0.335562421270764,2.19704547842113,-0.493873574512357,0.176565734692862,-1.1001642083812,0.363106181557171,-0.709945487718708,0.218145741121919,0.530234322887664,1.73243630613274,-0.653776320283739,1.52316461284766,-0.738257558223326,-0.826569200352095,0.353242987609834,0.682832724400303,-0.0924897401426294,-0.466477635900487,1.28273643156158,0.682832724400303,0.12612488057673,-0.750927891608026,0.106554821172549,0.169327956712836,-0.373547480628615,-0.874299669303055,1.44965976569352,-0.938572255698432,-0.432151904040676,-0.665258383296233,-1.38501220832434,0.0427225572111723,0.628950377952967,0.726172755495118,-0.691582097088426,-0.575741316306927,-0.224640267159436,0.869512792663029,0.999267192196847,-0.288244073076904,-0.714104176963228,0.499680118149013,0.521950818259281,-0.467308204356106,1.94487728090926,-0.34476848053886,-0.142989533805432,-0.260908893459341,-1.03742764507821
comm.and.crime_point_1893,comm.and.crime,regression,0.15,0.377572840595894,nominal,-0.224640267159436,1.56802290981872,0.491760072183968,-0.99803595765547,-0.629843707397574,0.517473225955383,1.17925099469147,-0.533447461928133,-0.92926301823862,0.321344892711017,0.022439077990719,0.707844714924821,0.514032132486567,0.682832724400303,0.185690512941751,-0.153922844539436,-0.840584712680936,0.0242203876949048,0.454251997880092,0.0550186540907768,0.72063476118553,0.374882417342708,0.364971944713428,0.278103309043281,0.226708603941165,0.0394141611302526,-0.319107477609904,0.0203252737566635,-0.043039574199713,-0.582228126868179,-0.58964979375619,-0.510251474836759,0.0397956405866952,0.378240698697934,0.396048112908209,-0.920934220252943,0.281568831213367,-0.709944599158927,0.153849957336276,-0.445267871002372,1.22862483270701,-0.785339305534071,-0.622378561168927,-0.244176455639738,-0.00454386804312309,0.142197893047893,0.438711755891097,0.246029414243294,-0.36444325550718,-0.323496951900488,-0.0579168405136468,-0.347885794497196,0.343388026162328,0.409831565769285,0.423745243452043,0.649747137552387,0.421200506577434,0.587959707524607,0.541073952461775,0.613442248810074,0.45618045471748,0.0180601640781611,0.179382564955068,0.0630429388836828,-0.219657981557459,-0.897080987655194,-0.0280406076086237,-1.07816329038966,-0.622048809726895,-0.410865128456057,1.24524259049221,-1.23321624918318,0.220547338478165,0.414646167749156,-1.01880107061754,-0.434074812882258,0.299837597034825,-1.69562967538715,-0.800827005447445,-0.354149070735601,0.692040522452799,0.589566495515274,0.429573619911515,0.563648629594096,0.991707943008339,0.914414288271889,0.871105454200756,-0.000739682945828393,-0.0520855978833183,0.862872120534973,0.102933683049804,-0.127274097367549,0.495159792485531,0.886358450346385,0.633849512110727,0.0178321471462401,0.496770369545922,-0.139144981884744,0.921486769053237,3.6598881681463,-0.391348688885798,-0.913834660893733,0.756333805638724,-0.138628602798245,1.31803785969412,1.6520257684351,-0.0641256158777693,0.0759519559752211,0.114002523928599,-0.26287797133625,0.36127260445787,0.223072592487436,0.0881812846222431,-0.248412816512834,-0.800393493714657,-0.407961060951538,0.663768766665756,0.675263793938761,-2.18390785629408,-0.413719465260767,0.0823177976294598,-0.391348688885798,-0.413219819433159,-0.321861540250354,0.0610890712128745,1.88522658962709,0.152246600047036,-1.32772939830898,0.569266126325109,0.350548032359759,-0.44849760935004,-0.0212745163166381,-0.414699029235275,0.102796409725239,0.342857548364707,-0.70552988692494,0.152246600047036,0.47649623486865,0.850438776107769,-1.56531543697313,0.435536426649226,0.596054262380089,0.459440106210166,0.668496977088488,-1.61925845715135,1.04604216081623,-0.680708868864655,-0.938357717766034,-1.04370100280003,1.29491473502549,-0.189444898148642,1.22198175510075,0.278103309043281,-0.626152826019497,0.711095016407226,0.260319362349526,-1.33128639204901,0.318544239792525,-0.153076210305205,-0.932377159094426,-0.62599675589646,-0.838101809661048,1.38161709031822,-0.802823042251458,-1.71165592396486,1.35068765411737,-1.72994415092632,0.748881102728531,-0.35568405855027,-0.490300835164584,-0.35568405855027,-0.000690227188266011,1.82653673144917,-0.576459764357761,-0.017646871584048,-0.0269330266637888,0.223861947321042,-0.51147345739279,-0.548100210488063,0.136833510943376,-1.07592843364696,-0.453822940289352,0.103340488803673,-0.461533597514582,-1.60027964024141,-0.241958561604024,0.648228546406218,0.0177951584617036,-0.10464827367642,0.857899691293538,0.824645343659043,0.445891340166776,1.06120832872116,0.682832724400303,-0.736908318327921,-0.64471119872407,1.18371487005353,0.682832724400303,-0.241958561604024,0.571774707941,-0.358091987495182,-0.423751167976071,-0.114805430650861,-1.09892968355255,-0.499564470154296,3.17690455103642,-0.280832968781291,-1.11543153166311,-0.888729441037333,1.08755631533559,-0.823995980623335,-1.23321624918318,-0.00991393021036301,0.707844714924821,-1.0174414932053,-0.235276207381626,-0.358048053879797,0.424690178217426,-1.23561849465356,-0.728501275489362,0.207993071167575,0.108666922041517,-1.61268182398175,-0.34476848053886,0.164750488221586,-0.521839596572905,-0.986987999991752
comm.and.crime_point_0231,comm.and.crime,regression,0.04,0.253600428306578,nominal,-0.590548525334451,-1.21585037425788,-0.453822940289352,-0.509387064235377,-0.35364645738641,0.517473225955383,-0.639997445119629,-0.232361344920738,-0.54265444466673,-0.653833281538438,-0.638203521537374,0.819460891553668,-0.499564470154296,-1.56531543697313,-0.912882539758789,-1.24733984493714,0.825203518616504,-0.256567130116958,0.972629611637952,0.145053283764153,0.0641681588164208,-0.835669064732367,-0.786206461289495,-0.953132713675412,-0.356064318913911,0.160791516024035,3.46778515277508,0.0203252737566635,-0.35568405855027,0.118069937584314,0.0665195294718176,-0.164586065898132,-0.916258664592466,0.576092732591868,-1.21281089756117,1.64841402216834,-0.858311890417847,1.80360215283486,-1.02709316224863,1.03450568696218,-0.253386005516867,0.0709728459924523,0.466906834223718,-0.826346068089685,-0.351119333321313,-0.197025862064479,-0.475576748756528,-0.485014452496014,1.23687038115287,0.760721512333579,-0.333979422149212,-0.391374245016123,-0.34476848053886,-0.639972682963453,-1.09338731710165,-1.43464048505304,-1.73297964761169,-0.726761076765874,-0.728321444677741,-0.738257558223326,-0.778795714500358,0.679234591957959,-0.45780329625955,-0.700054714702294,-0.691582097088426,-0.897080987655194,-0.977864586741049,-0.814033550969433,0.544947938685724,-0.696638653067897,0.491654823047211,-1.23321624918318,-0.311139399228302,-1.18309340420237,0.49304512794504,0.438404276770096,1.56977547151032,-2.03976490079429,0.599231471081475,1.68177050476997,-1.04573671507713,-1.05160295702636,-1.05819090460958,-1.12336429511962,-1.25410891864968,-1.30077457424005,-1.23756759008094,0.176251652332003,-0.853052298495168,0.499412270264063,-0.286904425214791,-0.226875569169311,-0.802787658830557,0.494832130186732,0.358142534415864,0.716011978470835,0.698565147620701,-0.413219819433159,-0.654155103545014,-0.618564013678328,-0.391348688885798,-0.183536053079654,0.756333805638724,-0.296225771543798,-0.413167436877806,-1.55060150488499,-0.985685818113966,0.0759519559752211,-0.34476848053886,-0.802823042251458,-0.152304562810898,-0.748828535159937,1.67560362771661,-1.84751328714304,-0.091611108832858,0.379859875347588,0.663768766665756,1.59601398638663,-2.32928946562795,0.412240099369111,-1.05343997459746,-0.391348688885798,-0.230503261067549,-0.0477867027019386,0.331061606670478,0.546377825711547,0.641654500246602,-1.15535164718726,-1.80157323850618,-1.13966992969373,1.27500091257626,-0.749538645679329,-0.616079834918179,-0.226042158711328,3.19522538836858,-0.599701730718649,1.03318082040625,0.59942720812885,-1.52008084975738,0.6153882795591,0.682832724400303,-0.116429302565806,1.34412777612236,-0.281327002043937,-1.21607586867302,-3.00551104763739,0.370524555741227,-0.0946770133781229,-0.565328047091832,-0.293190120292925,-0.189444898148642,-1.29057270589143,0.0639753050922037,-0.779675500224294,1.80966806910777,-0.00131209356022966,2.88605969651438,-0.959478323882113,-0.796716360107558,-0.0132359495005283,2.35027001802664,-1.30993523361422,-0.800827005447445,-0.640839520976896,0.707225658165495,2.01238440058504,-1.5001071494307,1.49645002329959,-0.35568405855027,0.207529190044681,-0.433845179637909,-0.115382978305131,0.82630236951384,-0.490435159498505,-0.758443965028085,-0.514522113788516,0.339056972600567,0.119834542632727,-0.633115326174983,0.453789198247646,0.194009440828534,-0.375024355916575,0.417298235895379,0.260026209173202,-0.116389386036903,-0.149937701058835,-0.531713688779321,-0.744267573836537,-0.738257558223326,-0.728501275489362,-0.358091987495182,1.03318082040625,1.00221121696188,-1.56531543697313,-0.173042062415791,-0.689269589429965,-1.88595353669616,0.592906797945366,-0.333979422149212,0.622647884846732,2.42978886451121,0.406559606588398,-0.373547480628615,0.192692898382022,4.02263575701263,-0.497628312119698,3.14906289709809,-0.575223753622857,-0.193933566835524,-0.514522113788516,-1.05834216749048,0.726172755495118,0.566882210994152,-0.966397934507894,0.324222120103087,0.830056042661434,-1.96671797515582,-0.64471119872407,-0.334821036824805,0.346157443944216,2.14406584489976,-0.870490792834442,-0.229186616524135,0.458080777279193,0.626360521262113,-0.695793398648614,0.173123836996862
comm.and.crime_point_0466,comm.and.crime,regression,0.09,0.385882220184002,nominal,-1.26138033198864,-0.867866213748302,-0.453822940289352,-0.6315492875904,-0.590386957395979,0.763335172475784,-0.639997445119629,-0.0172998327725985,-0.671523969190694,-1.14142236866316,-0.878437194093044,1.99143074615657,-0.499564470154296,-1.56531543697313,-1.19946681437632,-2.06740259523542,-0.252659454575957,-0.31272463367933,1.77899478859462,0.280105228274217,1.31742258152108,-1.1887465803376,-0.943185334835349,-1.11372871663872,-0.705728072626956,-0.264029226104202,-0.882023949694159,-1.07208970928342,-0.277522937462631,0.862136631065088,0.347734953712392,0.230460115746014,-0.772850518815592,1.21911184274716,-2.24707740429148,-1.0691658496234,0.338562867294928,-0.508860858999424,-0.275583904330964,1.69218282383531,-1.1653926751931,0.527672660139931,1.06601380168967,-1.14977363056188,-0.40063011407534,-0.390868007842976,-0.201290197362241,0.663768766665756,0.465867519057289,0.646593252940519,-0.333979422149212,-0.826258750205395,-0.34476848053886,-0.868190997905353,-0.240000251790199,-0.739844610851231,-1.11749960355766,-0.684350728885536,-0.60138190496379,-0.653776320283739,-0.693624944209472,0.635156296765973,-0.594343123662683,-0.496562007079367,-0.534274058578104,-1.13299769963178,-1.42111577700285,-0.655555707317298,0.139036026194378,-0.506122969993337,0.549623112850672,-1.23321624918318,-0.311139399228302,-0.616153556090535,0.223072592487436,-0.479994764969224,0.299837597034825,-0.147021161055019,1.13454794740136,-0.1602519683065,-0.733827980135861,-0.749282268400272,-0.803145557548822,-0.986579463386079,-0.967408893757168,-0.938289124010825,-1.05012998614479,0.707225658165495,-0.372472278128058,0.18787525574614,-0.286904425214791,-0.226875569169311,-0.716257828742818,-0.728687620312182,-0.413837003129751,-0.430997744419571,0.042732118877671,-0.413219819433159,-0.506438677988928,-0.70587936432781,-0.391348688885798,-0.594329019975073,-0.0609873547032339,-0.375024355916575,1.07072281732671,0.169327956712836,-1.10088084339349,-0.894138248865786,-0.34476848053886,-0.154888957153209,-0.722945859776196,-0.370866985519292,-0.546787652615503,0.799273698727645,-0.671523969190694,-0.309483443914147,0.454899090454526,0.287579502381766,-0.633170690066098,-0.000739682945828393,-0.954678429186424,-0.391348688885798,-0.139144981884744,-0.0477867027019386,-1.82871867699035,-0.706093598596545,-0.532924460232356,-2.4194551554132,-2.21389312804206,1.96159447782299,-0.592122486177232,-1.23504806525446,-0.13276590127921,-0.390461442929611,-0.688849968232438,-0.335131340202921,0.837417660326429,0.722358181389051,-1.04597692458435,-1.56531543697313,0.682832724400303,1.58256996768979,-1.19197687762592,1.17506976595912,-0.236918153797056,-0.209368692507428,-0.967408893757168,-0.0946770133781229,-0.347885794497196,0.699375414281087,-0.286904425214791,0.78501576188472,0.438699312006588,0.550854342883945,0.854387153715993,-0.210617258288034,-0.347238971384223,-0.594329019975073,0.29252081648104,-1.32629482034895,-0.932377159094426,-0.307289207713733,0.763944233026054,0.871006677585685,-1.06268769461281,0.0824355567210018,0.396048112908209,1.54984780334038,0.191443789063205,-1.18813086037385,0.0351215468879261,-0.000690227188266011,0.0435102601731493,1.87524147413103,1.51686139340717,-0.305555362163633,-1.04328333075373,-0.669300457399169,0.217035830694215,0.0311816151752862,-1.39341290226583,-0.217427187171022,-0.262943549469985,-0.255373652746643,-1.30350158940051,0.218145741121919,0.530234322887664,-0.744267573836537,-0.358091987495182,-0.216759028140039,-0.653776320283739,0.445891340166776,1.41519099927682,-1.56531543697313,2.00187063895957,-0.154568900959218,0.143988474218959,0.368091981808023,-0.333979422149212,-0.750927891608026,-0.611535701313945,0.169327956712836,-2.44348388045065,1.93357550881557,-0.499564470154296,3.47086718008891,-0.93654835490529,2.03578050690505,0.94751679792459,-1.35038912028805,-0.730257505876477,0.726172755495118,-0.272093994394233,-0.18508469810596,-1.20039562229281,-0.629843707397574,-1.86617610507607,-0.0208937288415306,-0.714104176963228,-0.523804376549633,-0.105964675924132,0.0510694094017551,0.462560987204673,-0.115382978305131,-1.06620959988649,-0.869747200724323,-0.179953678608368
comm.and.crime_point_1742,comm.and.crime,regression,0.06,0.263665108792579,nominal,1.3609621849323,1.22003874930914,-0.375024355916575,-0.448305952557865,0.238204792637512,0.107703315088049,-0.352747691465246,-0.447422857068877,-0.735958731452675,0.530311644335899,-0.157736176426034,-1.18963028776559,-0.499564470154296,-1.56531543697313,0.520038833328871,1.43153180603724,-0.15467191155846,-0.144252122992213,-1.61925845715135,-0.710275698132921,-1.36812260998891,0.374882417342708,0.417298235895379,0.438699312006588,-0.181232442057388,1.43525374240874,-0.4726301518147,0.184187521212675,-0.35568405855027,-0.669765384924741,-0.261565132142186,-0.510251474836759,0.470020077917318,-1.50135362329445,1.94744787300368,-1.01975530649992,-0.630335746091604,-1.06184114443806,0.529604586295112,0.541247834307328,-0.310386422371632,0.698935090445236,0.630299643532615,-0.373547480628615,0.243010035727013,0.287579502381766,0.575855031588241,0.454899090454526,0.999638731277305,0.589529123243989,-0.241958561604024,-0.0434666408647052,-0.230075729421995,0.911911858641464,0.897849168625072,0.699375414281087,0.882810539617961,0.0366251850802118,-0.00899738629868194,-0.10464827367642,-0.0974295521732745,0.458843115998027,-0.184723641453285,-0.496562007079367,-0.534274058578104,-0.366268385707879,-0.407970199261594,-0.0216443327087585,-0.571309820665477,-0.553751890761977,-0.145996364790864,0.726172755495118,-0.311139399228302,-0.513073583706566,-0.532850506793854,-0.847354381664952,-0.282217262099776,1.65968877233247,-0.430223291072143,-0.838891826808356,0.647482131746904,0.589566495515274,0.557096293441894,1.24757278826182,1.1350579554546,0.833861965998727,1.10540245912095,0.0582574288134486,1.92363226362591,1.01864062779394,-0.286904425214791,-0.226875569169311,-0.283608678304122,-0.875509990372052,-1.95779607822098,-1.777487419117,-2.17701043994489,-0.321861540250354,-0.555677486507623,-0.531248663028845,1.77235840577084,0.0903259248506256,1.444604256453,-0.453822940289352,-0.561556462298257,1.88925741831066,-0.00652810323800724,-0.323496951900488,-0.230075729421995,-0.802823042251458,0.646593252940519,-0.154888957153209,-0.388045418306067,0.578708116571755,1.84143175902659,-0.654155103545014,-0.11949251912636,-0.148565325619854,1.45063237705275,0.294245875850557,-1.30034383812505,-0.391348688885798,-0.230503261067549,-0.139144981884744,-0.694834028068417,2.18754727825318,0.0543650200071232,-0.638218393822105,0.672346098709078,-0.736908318327921,-0.496372568292438,-1.23504806525446,0.99496661054505,-1.87023500089416,-0.506783935891765,-0.282217262099776,0.396950550146819,-2.76068606098329,-1.66231202730929,0.682832724400303,0.682832724400303,0.102796409725239,-1.13299769963178,-0.787899790914564,-1.33127089395254,-1.06533063795537,0.0838245308487138,-1.08724254795214,-0.0869550913836323,1.7415692255838,-0.286904425214791,-0.198157722851353,0.385167311018819,-0.728501275489362,-0.578534219371668,1.20219260362464,-0.440957773352299,-0.366110705033174,0.886650185529367,1.86881509871555,1.03721114717821,-0.484226741696171,-0.553757862530577,0.223072592487436,-1.47566747692775,-0.193271420973861,-0.00616663970913513,-0.799654518454378,-0.35568405855027,-0.168225438914154,1.36386060537779,-0.230075729421995,-0.304397343978269,-0.576459764357761,0.670236143756844,0.878589563710704,-1.61925845715135,-0.669300457399169,3.10754976404949,0.242485406711466,0.564407987550553,-0.375024355916575,0.155666779985624,0.208486222981217,0.32877769022445,-0.241958561604024,-0.885696359334983,-0.172720524612857,-0.696016939253532,-0.0632363539352424,-0.611535701313945,0.837417660326429,-0.767702135816429,0.682832724400303,-0.65635599605476,-0.912061542959443,-1.7869319751881,0.682832724400303,-0.241958561604024,0.0630429388836828,0.317757916021518,-1.72852524229167,1.30827584422678,0.529637919756257,-0.499564470154296,-1.13454734173342,-1.13830693525114,3.07117874814888,0.699375414281087,-0.723488865413399,3.20675843349157,0.726172755495118,-0.48183804574133,0.372996185038278,1.60490102371564,-0.274732957383221,1.70306028275511,-0.466477635900487,1.08749073869428,-0.67732705075443,-0.576901296561691,-0.236918153797056,-0.328007702771107,-0.115382978305131,0.882810539617961,-0.739281849167541,-1.8444619664616
comm.and.crime_point_1104,comm.and.crime,regression,0.19,0.0606823725889465,anomaly,0.812099797669774,0.176086267780421,-0.453822940289352,-0.570468175912889,0.593315542651865,-0.0971816403456179,-0.639997445119629,-0.576459764357761,0.681606038310923,0.0427225572111723,0.683081677518812,1.26592559806906,-0.343626531286471,0.682832724400303,-1.48605108899385,-2.83279449551381,-1.13454734173342,-0.874299669303055,2.06698235179344,3.07117874814888,1.55613770965531,-1.49138445085637,-1.30946937310901,-1.43492072256534,-0.822282657197971,0.403546225811598,-1.54728887124828,-1.01746896013141,-0.277522937462631,1.78127784065899,0.582081140579538,0.971171706328788,-1.1074695256283,2.65353908847818,-2.30453665466539,-0.278597159647621,1.87740184149707,0.697641581957593,-1.18813086037385,0.705667118525611,0.886622331578425,0.641847613676801,0.739228183071879,-0.632289530606369,-1.93546431745018,-1.69930249184784,-3.03558456176988,-1.89488476692182,-1.78783315476056,-1.46477954583108,-0.241958561604024,0.782813918994912,-0.34476848053886,-1.09640931284725,-1.42526006472277,-1.53389703851044,-1.78426965128286,-0.726761076765874,-0.728321444677741,-0.738257558223326,-0.736210329354915,0.591078001573987,-0.548829847861638,-0.394815653267903,-0.48183804574133,-0.95606016564934,-1.10450778395871,-0.391425967897073,-0.926482744095404,-0.601380811530617,0.781496272064518,-1.23321624918318,-0.37760024144161,-0.616153556090535,-0.856817549342979,0.1628845642483,2.15183033064492,-2.12579870714607,0.269805947192317,-0.111777692699224,-1.09029510578303,-1.09479162683009,-1.10069846245304,-1.30574407076435,-1.25410891864968,-1.26049841310347,-1.28442699106498,1.4741881110361,0.0547099621982618,1.79748316408874,-0.189444898148642,-0.226875569169311,-0.672992913698949,1.13106240044617,0.523566721032782,0.616272002567322,0.395872980508533,-0.595936377798769,0.921486769053237,-0.181987260430917,-0.391348688885798,-0.366110705033174,0.111080258000336,0.255364319065638,1.46642688511458,-0.898214467727196,1.08782463691748,0.190080215368281,-0.34476848053886,0.655028649219603,-1.6930360646172,-1.34276811316667,-1.55215513657527,0.358142534415864,-0.54265444466673,-0.752632720582405,1.49924747151068,-0.730091762955347,-0.293946934953727,-1.12168480637209,0.329221661157051,-0.391348688885798,-0.321861540250354,-0.413219819433159,-0.370866985519292,3.18088668373891,-2.24585211093084,1.66015162113415,-0.306913638938628,-0.575803673781598,-0.592122486177232,-0.446095258444874,-0.69663215719134,-0.0616228744930443,-0.81022732312622,-0.017646871584048,-1.16915473049179,-0.875744470993553,1.18231152372889,0.682832724400303,0.682832724400303,0.157602837798,0.0465858602511433,-0.15468380482628,-0.00652810323800724,1.33136280929888,0.418307893223313,0.500862307366285,-0.869747200724323,-0.243561843564225,3.51401713036501,-0.853606712675401,-0.846068711699873,1.88138418599218,1.2364995198727,-0.576901296561691,0.308792642392304,-0.731260008940213,-0.499651675583395,2.21896413094179,-0.976145788122707,-0.0713724957371486,-0.430223291072143,0.601034142128082,-0.413719465260767,0.578708116571755,0.740803615151647,-0.692858958372798,-0.35568405855027,0.690642284420326,-0.35568405855027,-0.230075729421995,-0.217420442940414,-0.576459764357761,-0.652615808821794,-1.62901145578789,-0.870490792834442,-0.669300457399169,-0.548100210488063,-0.0216443327087585,-1.60506921467841,-0.453822940289352,-0.890859043653398,0.930046029669001,0.576092732591868,-0.149937701058835,-0.531713688779321,-0.506122969993337,-0.696016939253532,0.397331668679148,-0.696016939253532,1.18000319046612,-1.3576732534092,-1.56531543697313,-0.736908318327921,0.112781443276156,-2.13350744046629,0.682832724400303,-0.333979422149212,-0.445688830173635,3.44356371978626,-1.43198567994721,-0.438232993123054,0.473480416193885,-0.343626531286471,0.482247118055266,-0.432151904040676,-1.29550079100987,-1.28575565486694,0.460656060460939,0.44147342845925,0.726172755495118,0.566882210994152,-0.966397934507894,1.17800805584479,-0.274732957383221,0.245203166598712,-0.421919245194591,-0.192589859272896,0.550854342883945,-0.9955116260173,0.16626443468128,0.610792616575132,0.343388026162328,0.267330495563925,0.478394765362422,2.3420285757147
comm.and.crime_point_0805,comm.and.crime,regression,0.28,0.0642503510493818,anomaly,1.17800805584479,-0.171897892729153,-0.296225771543798,-0.0818192824927953,1.26408029267898,-0.998675444253753,-0.496372568292438,0.111737074516285,0.423866989262996,-0.0269330266637888,0.142555914268554,0.875268979868092,-0.499564470154296,-1.56531543697313,-0.960646585528377,-1.24733984493714,1.31514123370399,-1.15508718711492,0.972629611637952,0.370139857947594,-0.174546969317801,-0.986987999991752,-0.786206461289495,-0.524876705773258,-0.880559949483478,-0.688849968232438,-0.830849724959226,-0.908227461827405,-0.121200695287352,1.12474840523477,1.19138122643412,1.21807556985638,-0.58163965777976,0.823407774959287,-1.04043314643945,-0.0809549871536759,0.224574795131807,1.15007999731647,-0.543980067872989,0.376828550089045,-0.196385588662103,0.413497706603062,0.412442564454086,-0.050119918156423,-0.697694798599504,-0.923933908733845,-0.658434449686053,0.141594576137679,0.0507121317750543,0.36127260445787,-0.149937701058835,0.173975611729931,-0.230075729421995,0.866268195653084,0.755617991073163,0.798631967738489,1.75474060202785,-0.133016206441141,-0.220563285821935,-0.231370130585801,-0.0548441670278318,0.28252993523008,-0.184723641453285,0.215662469600878,0.147394108299959,-0.248310029719587,-0.851221389523392,0.665092989783826,-0.419092853481222,0.398826524610824,0.259781663833366,0.726172755495118,-0.178217714801685,-0.925393473242442,-0.100894450061688,0.0710446600743682,1.83434586202605,0.0250464516485512,1.95811175712425,0.179067960944429,-1.00117832437123,-0.922036947615181,-0.845653115392282,-1.12336429511962,-0.967408893757168,-0.938289124010825,-0.956411184176713,-0.118733906464382,-0.425870058168848,1.07056346354692,-0.286904425214791,-0.226875569169311,-0.413403423435731,1.18000319046612,0.0272941611820292,0.466662038712051,0.950808620214174,-0.0477867027019386,-0.70339391206371,-0.662221689003069,-0.391348688885798,0.638049880711185,-2.12579870714607,-0.138628602798245,-0.264778411457355,0.287943781650617,-0.352113179076581,-0.266432822203958,-0.34476848053886,1.78891329814154,0.30420847476134,-1.39676262025819,-0.017646871584048,1.24040486303943,-0.091611108832858,0.182904641272807,0.768203604771372,0.239118965937142,-0.00318371628598076,-1.47566747692775,0.674887070095679,-0.391348688885798,-0.0477867027019386,-0.504578098615964,-2.04469670535644,-0.317395570362999,0.348009760126863,-0.0636258900830415,0.414646167749156,1.07551893281821,0.41325165161311,-0.324717903551093,1.67966134986692,-1.32217072016655,1.0711216777274,-1.1288425117501,-0.581865250252313,0.558450217042117,-1.42526006472277,-1.56531543697313,-1.56531543697313,-0.171235730638567,-0.484226741696171,0.0986025896090331,-0.409710691716343,-1.40771541613455,1.18284129293668,-0.987985994494734,-0.217420442940414,1.29491473502549,-0.286904425214791,-0.525882217763377,-0.578408706761027,0.806725466558606,0.137926467172162,-0.419922423015838,-0.909551783192675,-0.503041693998314,-1.93546431745018,-0.319616352698494,0.599524856895403,0.282502572227728,-0.14197595766913,-1.12679008480058,0.825219881684049,0.578708116571755,0.510966613656022,-1.81421233922939,-0.433845179637909,0.261208422753086,0.0351215468879261,-0.230075729421995,-0.0869550913836323,-0.576459764357761,0.0881812846222431,-0.0965886105387498,-0.236918153797056,-0.708757207400764,-0.930668231079202,0.717918937667871,0.617322065653698,-0.375024355916575,3.39989683326659,0.208486222981217,-0.0669263775634199,8.86810663236964,-0.531713688779321,-0.410865128456057,-0.696016939253532,-1.13789507336882,1.24705153335698,-2.63737843109049,-0.35472235350149,0.592906797945366,1.03524277168163,-0.511036026606383,-0.00454386804312309,-1.56531543697313,-0.241958561604024,-0.649181537796562,0.148795440142343,-1.13544611760276,0.402678669304647,-0.481197144366448,-0.499564470154296,0.678222204090259,-0.533031194213599,-0.845327642642986,0.00457954007927846,1.01790073146063,0.160258004218676,-1.23321624918318,-0.7440181099252,1.48915795132675,0.629145668582266,-0.116905957376842,-0.0564224436405426,2.20702580645325,-0.856335354515137,-0.01206212920031,-0.733880170107544,0.91503209899819,-1.11857639274689,-0.34476848053886,0.472490510248604,0.652348567438131,-0.482591549127137
comm.and.crime_point_0972,comm.and.crime,regression,0.09,0.015329014921208,nominal,-0.224640267159436,-0.171897892729153,-0.453822940289352,0.773316280992368,-0.669300457399169,0.722358181389051,0.41325165161311,-0.533447461928133,-0.284915395618803,-0.723488865413399,-0.578145103398456,-1.13382219945117,-0.343626531286471,0.255684573739351,1.90519616064694,1.37686095601735,-0.301653226084705,1.31584296962947,-1.27367338131278,-0.800310327806298,-1.18908626388824,1.68631318959071,1.3591714771705,1.18814732583536,4.13128718707017,0.585612258152271,0.806725466558606,2.69674198220486,-0.433845179637909,-1.06368304617927,-1.10521140486391,-1.1522015200085,1.56948252887335,-0.561556462298257,1.48777387001243,0.90725587531605,-0.174383457439118,-1.06184114443806,1.33479307692119,-1.21255786402103,-0.424387256081161,-1.12786416614468,-1.22148552863488,0.596735206787962,1.38175799306964,1.45063237705275,1.3987146857711,1.13372553814103,-0.186519518100509,0.24714434506481,-0.333979422149212,-0.739281849167541,-0.230075729421995,0.135969587839005,0.992669953659678,1.3941712884829,0.831520535946791,0.0366251850802118,0.371821232843173,0.486720391900693,0.243253528990267,0.41476482080604,-0.366776744657462,-0.496562007079367,-0.324530007231007,0.990252708157481,1.11174816735029,-0.338600020013028,1.40751075272983,-0.744267573836537,-1.47926703027047,0.726172755495118,-0.510521925868227,0.981586015860986,1.35695724140937,-0.663674573317088,0.405665753241116,0.283147870703906,-1.04789614836431,-0.499571897557428,0.959390866688173,0.891887184141365,0.897156756189573,0.472458741771733,1.08727461797251,1.47828054418402,1.19912126108902,-1.47566747692775,0.108107742239052,0.18787525574614,-0.286904425214791,-0.226875569169311,0.0625106420468348,0.396950550146819,0.854415094266617,-0.0819078287572736,0.496770369545922,-0.139144981884744,-0.900349146138491,-0.574906338353587,-0.391348688885798,0.272900576804145,0.842367611990508,-0.217427187171022,-0.808871504665675,1.88925741831066,-0.640100742275393,0.589529123243989,-0.230075729421995,-0.26287797133625,-0.780009989472726,-2.96260332591229,0.723150221859989,0.192718347798946,-0.413784920142767,0.330621066828893,0.193811995190487,0.675263793938761,0.917566476161884,-0.649707912297875,-0.806536111069869,-0.391348688885798,-0.413219819433159,-0.139144981884744,0.169078085395916,1.32377388217864,0.837417660326429,1.2004776181429,-1.28617337658633,-1.05911760742057,-0.687872404062027,-1.23504806525446,1.35745206077428,-0.883719295584461,4.83381967943463,-0.440959496409212,-1.36491789057162,0.968220127909451,-0.382231429342107,0.682832724400303,-1.56531543697313,0.705667118525611,1.46208613211065,-0.407970199261594,-0.0641256158777693,-0.0952404331143684,-0.871842218792997,-1.03761427122343,0.217464062248858,1.19565818156809,-0.286904425214791,-0.744365214371393,-0.685472708736566,-0.882023949694159,1.09320738256394,-1.04783791719925,0.964824256168832,0.866268195653084,-0.499651675583395,-1.10745167520755,0.94967388912165,-0.543205919690318,-0.883183386419734,-0.316872478427771,0.412240099369111,-0.579261189746669,-0.0636258900830415,-1.54722343902544,-0.277522937462631,-1.18813086037385,-0.35568405855027,0.228695275045463,-0.739281849167541,-0.533447461928133,0.881892456169426,0.251689308836056,-0.294515666436819,-0.669300457399169,3.10754976404949,0.559441094015736,0.617322065653698,-0.453822940289352,-0.9955116260173,1.34236591920488,-0.907797521612643,-0.241958561604024,0.176251652332003,-0.791896494605177,-0.569295082344151,-0.830849724959226,1.88066081790389,1.22894398048608,0.0582574288134486,0.682832724400303,-1.05911760742057,-0.555594417312278,0.589585501005203,0.682832724400303,-0.333979422149212,0.164789292695146,-0.738257558223326,-0.838906555258306,-0.114805430650861,-1.26740219423966,-0.265657561852559,-0.889578484189684,0.374882417342708,-0.75529301296961,-1.13687082468084,-1.00211120091324,1.19138122643412,0.726172755495118,-0.114785955883911,-0.129276609791536,0.324222120103087,-0.669300457399169,-0.00615150860066679,-1.09029510578303,0.186693280865528,-0.830849724959226,2.35337100962757,0.972629611637952,1.7966456515388,-0.34476848053886,-1.11749960355766,1.0872330726274,-0.179953678608368
comm.and.crime_point_1575,comm.and.crime,regression,0.34,0.0823592324877253,anomaly,0.385206829798923,0.87205458879957,0.0189685659473083,0.162505164217251,-0.51147345739279,-0.138158631432351,-0.544247527234835,2.30536449842731,0.488301751524978,-0.166244194413711,-0.0976777582871161,0.596228538295973,-0.499564470154296,-1.56531543697313,-0.912882539758789,-1.13799814489737,1.31514123370399,-0.705827158615937,0.91503209899819,0.865330321151163,0.362562068984198,-1.03742764507821,-0.838532752471447,-0.792536710712104,-0.997114534054493,-0.628161290785547,-0.626152826019497,-0.96284821097941,0.191443789063205,1.16851703426305,0.863296564820112,0.724267842801197,-0.629442373038718,0.180388664803999,-1.09789239681336,-0.179776073400649,0.0535926868871247,0.647370646917718,-0.436621602456179,0.596054262380089,-0.481387672935926,0.813110043982106,0.739228183071879,0.27330764431577,-0.450140894829368,-0.681631226510723,-0.841292150615578,0.0371597380320633,-0.36444325550718,-0.494689340990077,-0.0579168405136468,0.0435102601731493,-0.115382978305131,-0.457398031009934,-0.382231429342107,-0.0450487366494222,0.0108804772080765,-0.345067945842831,-0.305189645631236,-0.189129511616007,-0.18260032246416,-1.0838972157215,0.543488771363422,0.571774707941,0.566882210994152,0.223523394233582,-0.15468380482628,0.770744885551916,0.240514004317214,0.636971128454024,-0.145996364790864,0.726172755495118,0.220547338478165,-0.976933459434427,0.43905062085352,0.989443701813688,1.83434586202605,-0.147021161055019,1.71104261420738,0.082119409729878,-0.956619933665339,-0.922036947615181,-0.845653115392282,-0.895389575563716,-0.871842218792997,-0.898012962874244,-0.909551783192675,0.766222769924772,-0.586063398291218,-0.175584594524771,-0.189444898148642,-0.226875569169311,-0.110549018128644,-0.679746830292226,-0.138130025434889,-0.0320378408055168,-0.461754826309275,0.134929855663671,-0.506438677988928,-0.70587936432781,-0.391348688885798,-0.868190997905353,-0.0609873547032339,-0.296225771543798,-1.25403858092703,0.940330818808414,-1.90724602035016,-1.52184367552761,2.86662855073335,0.0610890712128745,-1.1223947676519,0.277067099578957,-0.017646871584048,0.964697885344563,-0.0271763465708762,-0.457199869470233,1.23816037624664,-0.148565325619854,0.384500575271014,0.943214105202603,-0.312728384014686,-0.391348688885798,-0.595936377798769,-0.321861540250354,-0.640839520976896,-0.878848277811454,1.03318082040625,-0.0636258900830415,0.260026209173202,-1.42160305764979,-0.304872732522849,-1.23504806525446,0.99496661054505,-0.774106439438939,-0.0819631937635291,0.0881812846222431,0.690595290266559,-1.12160641751395,0.139282888348225,0.682832724400303,0.682832724400303,0.0479899816524777,-0.897080987655194,-0.0913622062174521,-1.96484353298993,-1.75010019431373,1.56510799279336,-1.78203842215394,2.21793278611951,-1.33538393159564,-0.286904425214791,-1.23595195673943,-0.685472708736566,-0.779675500224294,-0.721826356680434,3.39989683326659,-1.1907081890969,-0.503041693998314,-0.994759483123667,0.468218969810561,0.599524856895403,0.0465858602511433,0.887478804484488,0.709023156311124,-0.885696359334983,-1.24095793621434,1.2004776181429,-0.265676718046478,-0.199361816374992,-0.919734696831824,-0.35568405855027,-0.34476848053886,-0.739281849167541,0.455835493953308,-0.017646871584048,-0.305555362163633,0.799837073718665,-0.629843707397574,-0.590607768331523,-0.866859498853478,0.564407987550553,0.649357240929522,-0.158290967106083,0.930046029669001,-0.907797521612643,0.310166601667107,1.12020544048043,-0.506122969993337,-0.231370130585801,1.62551306231752,-0.358091987495182,-0.728687620312182,1.7101765580732,-1.56531543697313,-0.616079834918179,-0.377360854488696,-2.72763680951462,0.682832724400303,-0.241958561604024,0.164789292695146,-0.696016939253532,0.465867519057289,-0.826346068089685,-1.09892968355255,-0.187688592418646,-0.15467191155846,-0.734789774559444,1.54059004370149,-0.392446673750327,-0.305555362163633,-0.355303606889044,0.726172755495118,0.357138159647056,-0.575741316306927,-1.6882732998595,1.18516679267579,0.948996257156972,-0.421919245194591,2.46239212169607,3.46778515277508,1.20219260362464,0.223861947321042,0.314329357834215,2.52255029738276,-0.809759581530638,-0.608816497610759,1.28279602889901
comm.and.crime_point_1991,comm.and.crime,regression,0.45,0.0680076877381917,anomaly,-1.38334975138032,1.56802290981872,-0.0598300184254683,3.0333174130603,1.1062532926726,-1.94114623924862,3.23787422921455,0.756921610960703,1.71256223450263,2.55032357670977,2.3647173854085,-1.58028690596656,-0.0317506535508209,0.682832724400303,-0.387478036293313,1.10350670591792,-0.938572255698432,-1.09892968355255,-1.21607586867302,0.235087913437529,0.00448937678286525,-0.684350129472983,-0.890859043653398,-0.899600712687643,-0.181232442057388,-0.14265187121042,-0.626152826019497,-0.689744465219389,-0.121200695287352,0.0743013085560334,0.0665195294718176,-0.0658245204870952,-0.677245088297676,-0.611019470771741,1.54523312038634,-1.46445019461129,-0.174383457439118,-0.860757404278554,-1.08077239495704,-0.226042158711328,1.79862900125466,0.413497706603062,-0.0777358634726045,1.43764686921566,0.243010035727013,0.0452768201586437,0.118710779264428,0.611551347612948,-1.07613820513387,-0.722945859776196,-0.0579168405136468,0.739325468475985,0.228695275045463,1.09448651059498,1.22972191624619,1.14602990483939,1.24184056531615,2.19955292697745,2.10666160893385,1.88066081790389,1.81891277937165,-1.03981892052952,0.953108253572819,1.5383650691499,1.66803848056641,1.63902366609309,0.161924188217862,2.46117521784135,-2.24569645969228,2.30398335535642,0.607591402654133,-1.23321624918318,-0.311139399228302,0.414646167749156,-1.77472416989883,-0.158555100360462,-1.60506921467841,0.0250464516485512,-0.389045100585998,0.615336441409908,0.424690178217426,0.460000486104092,0.387066062068055,0.882813236972367,0.800574593079997,0.753309643725566,0.730527251248644,1.17920255223971,1.17606334305485,-0.487121609042694,-0.189444898148642,-0.226875569169311,1.36045809336292,-1.75644421073127,-2.01293747375996,-2.62527721429687,-3.28688171935617,-0.413219819433159,0.67529272645976,0.167274142167012,-0.391348688885798,-0.548685356986693,-0.878308515045191,0.0189685659473083,-0.611019470771741,0.228635869181726,0.16626443468128,-0.837074119169256,-0.34476848053886,1.03299019886025,1.16017042020929,1.51894076268393,-1.34049882416269,0.6889909076497,-0.864828255976639,-0.998826763175882,-0.432797033443206,-1.02085498162309,-1.36007873673546,0.353242987609834,-1.44848615624161,-0.391348688885798,0.226288134846476,-0.139144981884744,0.0610890712128745,-0.835659608007726,0.837417660326429,0.396048112908209,-0.152293680362675,1.80048983327666,-0.639997445119629,0.464234903258489,-1.01884144628399,-0.938525723657223,0.52492358070538,0.0352672065190975,-0.239279720112616,-0.015227658172151,-1.14079770961895,0.637869761172835,0.682832724400303,-0.500074299075133,0.282502572227728,-1.29447257978519,-1.10088084339349,0.703657382637049,-1.2063255811676,-0.69021633412253,0.34792941380564,1.8408257790412,-0.286904425214791,0.621153514428708,0.0639753050922037,0.857899691293538,1.18873547410311,2.40569730080952,-1.23756759008094,-0.0922487271028942,1.23322565080756,-0.494690868811617,-1.23875756229239,1.4031069541165,-0.84200519593359,1.6809242839585,1.12020544048043,-0.468978398668724,0.0512926106647712,-1.54722343902544,-0.121200695287352,-1.7249231874579,-0.433845179637909,0.343388026162328,0.130487161211004,0.670897006101448,-0.599701730718649,-0.305555362163633,-0.236918153797056,-0.708757207400764,-0.293054863427304,-0.866859498853478,-1.07592843364696,-0.217427187171022,-0.786206461289495,1.29082593301289,-0.808871504665675,-0.149937701058835,-1.06268769461281,-0.553751890761977,-0.44257322543477,-0.626152826019497,-0.484813844404564,-0.0435165600327901,-0.0597367947051054,0.210721610511883,-0.293870545825533,-0.288244073076904,0.540074720251176,0.682832724400303,3.62291758129389,1.58923824605564,-0.696016939253532,-0.30513534303829,0.984848281754593,-0.425039640804075,-0.499564470154296,-0.252659454575957,-0.381712258954214,-1.34051810584656,-0.69021633412253,2.48066799283481,-0.683388268503048,0.726172755495118,-0.114785955883911,-0.408317051363656,0.629145668582266,-0.35364645738641,0.14466129651896,0.291015006099739,-1.70972241982659,0.857899691293538,-0.210617258288034,-1.79205099507064,0.51197153032816,-0.230075729421995,-1.57910963659818,0.130487161211004,-0.0790743884354456
comm.and.crime_point_1280,comm.and.crime,regression,0.52,0.0435265744780611,anomaly,-1.38334975138032,0.524070428289996,-0.0598300184254683,-1.73100929778561,-0.35364645738641,-0.015227658172151,0.221751815843521,0.885958518249587,-1.50917587859646,-1.42004470416301,-0.938495612231962,2.60531971761523,-0.0317506535508209,0.682832724400303,-0.483006127832491,-1.73937749511611,-0.595615855137194,-0.0880946194298402,1.49100722539581,-0.0800332904192877,0.00448937678286525,-0.331272613867753,0.783582274169036,0.974019321884281,-0.181232442057388,-0.0212745163166381,-0.01206212920031,-0.471261468611373,-0.121200695287352,0.118069937584314,-0.214695894768757,0.0329370249239415,-0.199217935708095,-0.215315402983871,-0.925514645691636,-1.66209236710524,-0.573341710010043,-0.961299274358306,-0.114546206205749,1.80179567998083,0.0886164956117204,1.72650967227706,1.77404930869489,-1.60257221802295,-0.697694798599504,-0.633170690066098,-0.384147898291766,-0.746101547760053,-0.838906555258306,-0.608817600383137,-0.149937701058835,0.0869987106920766,0.228695275045463,0.318544239792525,0.803028383590466,0.897888521195889,0.882810539617961,1.60580805665272,2.02203524912454,1.96514205584347,1.86149816451709,-0.775349149377597,0.816568426169687,0.0630429388836828,-0.324530007231007,-1.60483112358495,-2.18097496030879,-0.549903811549208,-0.520570831604059,0.732228969991304,1.53508403950952,-1.23321624918318,3.6765111335702,-3.70855272760961,-0.26287797133625,-0.801434429577986,-1.23467066795639,0.928401418342293,-0.347866910099853,0.082119409729878,0.201898224687947,0.33043447669291,0.642111409128814,0.518053685682914,0.418307893223313,0.471376515769501,0.355652043376342,2.06415922862887,2.03042782370749,0.655180777523025,-0.0919853710824933,-0.226875569169311,1.66331249867001,-1.75644421073127,-0.854968167441532,-1.17904756369592,-0.562652215346664,1.41394576422294,-0.949587954657186,0.0363011161927887,-0.391348688885798,-0.137892390091274,-0.620207095989836,-0.453822940289352,-0.264778411457355,-0.483059080444962,0.627044535799378,1.21723454990582,6.19271833312243,-0.910812056434499,1.67374758747806,0.871006677585685,0.458579831344262,-0.799826771902559,-1.05813254276258,0.773770343497151,1.39481263340506,0.529882184604888,-0.390868007842976,-0.885696359334983,2.20569102396674,-0.391348688885798,0.317646414029282,-0.413219819433159,0.385056113761999,-0.360584240166726,-2.00114816083105,1.66015162113415,-0.719233528474505,-0.857736801737663,1.17925099469147,-1.23504806525446,-1.01884144628399,-1.10294500787551,0.221480193470925,-0.176389105893484,-1.46279947061153,0.845289154649251,-0.42964182185941,0.682832724400303,0.682832724400303,1.1441185431077,0.459440106210166,-0.0913622062174521,-1.3888684065923,-1.17945889734843,0.609441243151654,-1.13687082468084,0.695837017957058,-1.53389703851044,-0.286904425214791,-0.744365214371393,-0.578408706761027,0.550854342883945,-0.0531297159061927,-1.04783791719925,0.871105454200756,-1.32462762778915,1.28273643156158,-0.10077320755709,-1.10745167520755,-0.602185097684464,0.722766042539909,0.0610890712128745,-0.000739682945828393,1.73667742289018,0.108751861038678,-0.265676718046478,0.0351215468879261,-0.490300835164584,1.05121612102724,-0.000690227188266011,-0.521839596572905,0.885958518249587,2.78679926788266,-0.0269330266637888,0.799837073718665,-0.708757207400764,-0.250547305583844,0.136833510943376,1.46394731530403,-0.0598300184254683,2.14406584489976,0.156946236789233,0.0319996393835476,-0.333979422149212,-0.708705024057152,0.684600049222664,-0.569295082344151,0.0902863202695546,-0.78049817719312,0.886358450346385,0.530234322887664,0.682832724400303,0.108891065540274,-1.13485349648892,-0.202586991059232,0.682832724400303,-0.333979422149212,0.215662469600878,-0.696016939253532,-2.20298854204279,-0.438232993123054,-0.0880946194298402,0.0462183158830917,2.63797306444019,0.374882417342708,-0.170067920092664,-0.243561843564225,-0.862800033163321,0.394604191085821,0.726172755495118,0.0949580954631852,-1.52447881765213,0.324222120103087,-0.669300457399169,-0.00615150860066679,-0.867503152253548,0.091872495830922,-0.67732705075443,-0.52457500537974,-1.96484353298993,-0.476239332141566,-0.000690227188266011,1.03668055063147,-0.0434666408647052,-0.835669064732367
comm.and.crime_point_0315,comm.and.crime,regression,0.18,0.637502790850067,anomaly,0.324222120103087,-1.21585037425788,-0.375024355916575,-0.448305952557865,-0.314189707384816,0.148680306174783,0.221751815843521,0.326798586664425,-0.92926301823862,-0.166244194413711,-0.638203521537374,-0.0734685214771128,-0.265657561852559,0.682832724400303,0.663330970637638,0.830152455818498,-0.252659454575957,0.81042543756812,-0.467308204356106,-0.845327642642986,-0.413262097452023,0.828839223120861,0.678929691805134,0.599295314969896,0.867758819081747,0.221480193470925,0.397331668679148,0.0749460229086676,-0.35568405855027,-0.976145788122707,-0.261565132142186,-0.559632247542278,0.42221736265836,-0.858334513139159,1.14301836776899,0.264918814710728,-0.0603953852759968,-0.257506183800045,0.261208422753086,-0.33565501485685,0.202617329321249,-0.442814444923462,-0.404521482090398,-0.114805430650861,0.589585501005203,0.675263793938761,0.941570433447291,0.246029414243294,0.287943781650617,0.36127260445787,-0.241958561604024,-0.347885794497196,-0.115382978305131,-0.366110705033174,-0.240000251790199,0.401605753908883,0.472490510248604,0.248676924481902,0.414134412747824,0.866885962628837,0.839448921026465,-0.687192558993624,0.406948943960289,-0.0387034149277808,-0.114785955883911,-0.248310029719587,0.161924188217862,-0.444251915781118,-0.114658919112713,-0.0298337623069365,0.433686533243749,-1.23321624918318,-0.37760024144161,0.311566195365187,-0.26287797133625,-0.847354381664952,0.511493909447407,-1.05037612774876,-0.677292433989011,-0.548046173164703,0.870274085276382,0.632755165319001,0.387066062068055,1.33876267608418,1.08727461797251,0.874138127135308,1.01168365715287,-0.236728129982936,0.909074442850902,2.3686343573716,-0.189444898148642,-0.226875569169311,0.927808942924227,-0.0435165600327901,0.413283929954837,-0.879827635985382,0.244526896952449,-0.504578098615964,1.61083008831497,0.516535544764941,-0.391348688885798,-1.46155861675429,0.670299999286939,-0.296225771543798,-1.79813167413535,0.940330818808414,-1.73445348243088,1.04604216081623,-0.230075729421995,-0.100894450061688,-0.152304562810898,0.655028649219603,0.881892456169426,0.358142534415864,0.617171276048942,-0.752632720582405,-0.902753804918476,1.25679023127425,-1.21469712740159,-0.472716577020044,0.724267842801197,-0.391348688885798,0.134929855663671,0.683079530760502,-1.66673515571579,-0.317395570362999,1.47364793058586,0.281129612160397,-0.203833666554659,-0.173042062415791,0.365376692670713,-0.0819631937635291,-1.01884144628399,-0.33565501485685,-0.446095258444874,0.670236143756844,-0.0924573500527467,0.23063428834825,0.850438776107769,0.682832724400303,-1.56531543697313,-0.171235730638567,0.459440106210166,1.17506976595912,0.396654485240329,0.190080215368281,-0.919625556275082,0.203092646994081,0.0435102601731493,-0.193933566835524,-0.286904425214791,-1.01746896013141,0.599295314969896,3.46778515277508,0.137926467172162,-0.576901296561691,-0.253520169416148,0.957555521629844,-0.450140894829368,-0.713534013953022,-0.62599675589646,-0.543205919690318,1.79339899517967,0.331061606670478,2.18215345214742,-1.95779607822098,0.740803615151647,-0.0520855978833183,-0.199361816374992,-0.973413929540229,0.113282667975565,0.572773528396057,-0.478351146053977,-0.533447461928133,2.46931479926379,0.321344892711017,1.03022712427771,-0.629843707397574,-0.803145557548822,0.242485406711466,0.352751675137971,0.412961487811192,-1.15249049956315,0.620806112517094,-0.858334513139159,1.1383543465738,0.0582574288134486,-0.601380811530617,-0.696016939253532,-0.114410578670175,0.106554821172549,1.32682556052599,1.00221121696188,-1.56531543697313,-0.253594384688952,-1.09029510578303,-0.499651675583395,0.682832724400303,-0.241958561604024,-0.547435183985099,-0.400332606464976,-0.0679036931627271,-0.244176455639738,-1.71666222273864,-0.499564470154296,0.237278260511525,0.0218049017374774,-0.170067920092664,-0.243561843564225,-0.305555362163633,-0.120957420021899,-1.23321624918318,0.304702146810281,-0.687357492935775,1.17800805584479,-0.590386957395979,-1.81590517003619,-0.912061542959443,-1.18820810213626,-0.114410578670175,0.207993071167575,2.35496991499225,-1.21739747899386,1.83439379068157,1.24184056531615,-0.260908893459341,-0.986987999991752
comm.and.crime_point_0929,comm.and.crime,regression,0.22,0.122411090540795,anomaly,1.5439163140198,-0.171897892729153,-0.296225771543798,-1.181279292688,-0.195819457380031,0.558450217042117,-0.639997445119629,-0.576459764357761,0.488301751524978,-0.235899778288672,0.562964841240977,1.8240064812133,-0.499564470154296,-1.56531543697313,-1.19946681437632,-2.28608599531496,-0.595615855137194,-0.200409626554585,1.89418981387415,0.68526106180441,2.33196187609153,-0.93654835490529,-0.838532752471447,-0.953132713675412,-0.764005364912463,-0.81022732312622,-1.13789507336882,-0.635123716067385,-0.121200695287352,1.21228566329134,0.207127241592105,0.279840888451533,-0.533836942520802,2.9008541308456,-2.30453665466539,-0.624470961512025,0.45255093945805,-0.00615150860066679,-0.221904671622559,0.322022122016284,0.0316160787569558,-0.271552014618157,-0.0232715937029722,-1.14977363056188,-0.450140894829368,-0.390868007842976,-0.795577725383197,-0.328362195337591,-1.07613820513387,-1.00826650825885,-0.241958561604024,0.260952512767785,-0.34476848053886,0.683693543699564,0.234103673382831,-0.342818397021626,-0.296859544818942,-0.514709337364183,-0.60138190496379,-0.653776320283739,-0.65103955906403,0.723312887149946,-0.548829847861638,-0.801801068513758,-0.796454122761974,-1.25095605562007,-1.42111577700285,-0.866859498853478,0.139036026194378,-0.696638653067897,0.317749953636827,-1.23321624918318,-0.0452960303750682,-1.33771336277832,0.169078085395916,0.805763893465824,2.31057256495435,-1.56657896585947,0.969835185456777,-0.208726243913775,-0.956619933665339,-0.922036947615181,-0.888160673235742,-1.21455418294199,-1.25410891864968,-1.22022225196689,-1.1907081890969,1.23819966399899,-1.2268367587807,0.0840295842401654,-0.0919853710824933,-0.226875569169311,-0.716257828742818,1.13106240044617,0.854415094266617,0.566402014615565,0.749013842139396,-0.413219819433159,-0.06328940132067,-0.531248663028845,-0.391348688885798,-0.00096140112613429,-1.56657896585947,-0.0598300184254683,0.773944766485803,0.762407081401742,-1.15847835603325,-1.97835671309985,-0.34476848053886,-0.370866985519292,-0.780009989472726,1.30296273431785,-0.970100277440667,1.46097044519532,0.359432227001014,-0.555677486507623,-0.276144776284783,-0.633170690066098,-0.584710153621474,1.17920255223971,-0.658393792953314,2.06362666851308,0.0435715764808665,-0.504578098615964,1.41095174850089,-0.61971625898909,1.03318082040625,0.396048112908209,0.363106181557171,0.632481160315823,4.0517485312353,0.949744322833616,-1.09939376855715,0.157602837798,-0.203340548657311,-1.02301435554381,-0.0924573500527467,-0.0971816403456179,-0.856335354515137,0.547943834717897,0.682832724400303,0.267215693943522,-0.897080987655194,0.541853779870831,-1.04328333075373,-0.323496951900488,-0.394008843972142,0.848260244467189,0.739325468475985,-0.0946770133781229,-0.286904425214791,0.621153514428708,-1.4884527235531,-0.216759028140039,-0.387478036293313,0.155666779985624,0.730527251248644,0.227256913815765,0.589585501005203,-0.538459497839898,1.34359155037618,-0.543205919690318,-0.677292433989011,0.43905062085352,-0.35472235350149,1.13012207196148,1.88998862262977,-1.44042787894386,-0.121200695287352,1.4958307750464,-0.35568405855027,-0.34476848053886,-0.869747200724323,-0.318385949779994,1.14646284668515,-0.166244194413711,-0.467308204356106,-0.550930207394384,-0.420577536957683,-0.761207603085388,-0.70552988692494,7.42603549698832,-0.367596131833887,0.414646167749156,-1.55081663176793,0.494208322757484,0.589231434646941,-0.363236207687417,3.44356371978626,0.65320279235381,-0.696016939253532,-0.973391570411965,-0.000739682945828393,-1.56531543697313,0.551928838042662,-0.243685682371009,0.441053158743122,-1.56531543697313,-0.149937701058835,-0.59830836089083,0.57120162984028,1.82994950584177,-0.438232993123054,2.10204801950269,-0.343626531286471,0.531240889564015,1.58543389941778,1.0904168953346,0.252720923722782,-0.862800033163321,-0.683388268503048,-1.23321624918318,0.566882210994152,0.038147655151735,-1.38334975138032,0.47494529264708,0.697641581957593,-0.733827980135861,-0.90374574703244,0.243808994474351,-0.943185334835349,0.281459459960805,0.561382073451646,-0.34476848053886,1.90861061304135,-0.347885794497196,-0.58347083930006
comm.and.crime_point_1430,comm.and.crime,regression,0.02,0.118578138409693,nominal,-1.6882732998595,0.87205458879957,-0.296225771543798,-0.570468175912889,-0.708757207400764,0.968220127909451,-0.544247527234835,-0.576459764357761,-0.92926301823862,-1.62901145578789,-1.23878770292655,0.652036626610397,-0.265657561852559,0.682832724400303,2.47836470988201,-0.153922844539436,1.70709140577397,2.49515054443929,-0.00652810323800724,-1.07041421682643,-0.0551894052506902,3.04818360692517,3.39989683326659,3.3829593663339,-1.69644204148058,4.83381967943463,2.08608108493191,3.35219097202891,-0.433845179637909,-1.15122030423583,-1.38642682910448,-1.79415156518023,3.05136670190105,-1.60027964024141,-0.23600364120476,-1.51386073773478,2.27636009406799,-1.91644704011594,2.99884929088174,-2.03465428511244,-1.45039475946692,-1.41330154998685,-1.65719968679194,-0.56760401811193,1.53029033533172,1.59601398638663,1.07871370914443,0.872638442876987,-1.72852524229167,-1.86422845370679,-0.333979422149212,-1.08718945331896,-0.34476848053886,0.364187902780905,-0.240000251790199,-0.392446673750327,-0.758469577859468,-0.387478293723169,-0.516755545154489,-0.527054463374357,-0.565868788773144,0.679234591957959,-0.594343123662683,-0.954420599230953,-0.796454122761974,-0.307289207713733,-0.0913622062174521,-1.97620440441842,1.66120569803692,-0.887154336142457,-1.82707676909124,0.726172755495118,-0.444061083654919,0.930046029669001,1.46494625559241,-0.663674573317088,-0.017646871584048,-0.319088773758589,-1.04789614836431,-0.1602519683065,0.825715694570486,0.97826452374882,1.44975500815455,-0.0290856412512651,-0.0595254815975429,-0.0522135790060488,-0.159801367448073,-1.41667036516848,-1.97440567935176,-1.21404130958451,-0.286904425214791,-0.226875569169311,-0.54319816856734,0.152246600047036,0.964697885344563,1.01523190618138,0.496770369545922,-0.321861540250354,-0.457199869470233,-0.70587936432781,-0.391348688885798,0.501118891746045,-2.12579870714607,7.42603549698832,-0.0174633690899362,-1.66921732982277,-1.79205099507064,2.01613236565723,-0.34476848053886,0.925001184677206,0.36127260445787,0.0610890712128745,0.670236143756844,0.744132303188673,1.26151889866876,0.133665832754111,0.611551347612948,0.239118965937142,0.675263793938761,0.294245875850557,0.378602433862569,-0.391348688885798,-0.321861540250354,-0.321861540250354,0.115083578304395,0.589566495515274,0.201187390066993,-0.00616663970913513,0.930046029669001,0.350548032359759,-0.639997445119629,-0.688849968232438,0.511652676906082,0.212409265870761,0.160791516024035,0.0881812846222431,0.25012818008695,-0.302066595779285,-0.90374574703244,-1.56531543697313,0.682832724400303,-0.8289128675117,1.34412777612236,-0.597934995088079,0.68464204843914,-0.0381763034178386,0.274957880777056,-0.342818397021626,0.0869987106920766,-1.78203842215394,-0.189444898148642,-0.853606712675401,-0.792536710712104,-0.165584803405107,-0.721826356680434,-0.786206461289495,2.18316868175381,-0.548685356986693,-0.697694798599504,0.161838566612595,-0.538459497839898,-0.543205919690318,1.38161709031822,0.223072592487436,-0.413719465260767,0.0824355567210018,0.338588862534303,1.49645002329959,-0.043039574199713,-0.275583904330964,-0.35568405855027,-0.000690227188266011,0.565371666400276,0.154749376945913,1.30520508099459,-0.0269330266637888,-0.870490792834442,-0.195819457380031,0.514588735598435,-0.285774072128984,0.82897837806628,7.42603549698832,2.03941326253586,-0.152293680362675,-0.512093453824773,-0.333979422149212,0.117254540572726,-0.172720524612857,-0.696016939253532,1.21611926443806,2.30306700760182,0.396950550146819,1.17920255223971,0.682832724400303,-0.69663215719134,2.34070097857094,1.23322565080756,0.210721610511883,0.12612488057673,-0.59830836089083,-0.738257558223326,0.643791256463961,0.143936619326893,-0.0880946194298402,-0.421595500720383,-0.497628312119698,-0.23039332369483,2.12581513657843,-1.58352531523914,0.251689308836056,-1.01147293011705,0.726172755495118,1.77291050623996,1.21011750975464,0.751115087973938,3.23691779275872,-0.20723524876017,-0.867503152253548,-1.33043927968817,-0.114410578670175,-0.105964675924132,1.26061717483676,-0.575060418388539,-0.230075729421995,2.88312068279358,0.0435102601731493,-0.734789774559444
comm.and.crime_point_1979,comm.and.crime,regression,0.04,0.00486412346508902,nominal,-1.20039562229281,1.56802290981872,-0.375024355916575,0.46791072260481,-0.629843707397574,0.763335172475784,-0.11337289675326,-0.447422857068877,-0.220480633356821,-0.444866529913555,-0.518086685259539,-0.91058984619347,-0.343626531286471,0.345610500194289,1.57084784025982,0.994165005878154,-0.595615855137194,1.20352796250473,-0.58250322963563,-1.29550079100987,-0.472940879485578,1.48455460924486,0.94056114771489,0.759891317933204,0.751204234510732,0.767678290492944,0.44850589341408,0.948878009340733,-0.433845179637909,-1.10745167520755,-0.683388268503048,-0.855916883775387,0.756836369471066,-0.314241419930838,1.2579368685168,0.857845332192564,-0.744323818254725,-0.659673664119051,0.744321517128731,-0.938525723657223,-0.196385588662103,-0.899514259070941,-0.894699910017088,0.855477256765716,1.1342040892995,1.15986915838501,1.21585698484158,0.977073280982603,-1.37267776747832,-0.266432822203958,-0.333979422149212,-0.782770299686468,-0.230075729421995,-0.594329019975073,-0.666693784445925,-0.888729441037333,-0.809759581530638,-0.302657597962493,-0.262876465726585,-0.358091987495182,-0.267771092755045,0.370686525614054,-0.412290020458506,-0.191322945644976,-0.0623499430471371,0.754335996180896,1.11174816735029,-0.444251915781118,1.05233782929991,-0.649009732299257,-0.8416158424324,0.726172755495118,-0.444061083654919,0.878506043477017,0.871006677585685,-0.479994764969224,-0.493873574512357,0.584266192935153,-0.924361576905879,-0.887366102415632,1.27129960162944,1.19420787276746,1.15220210325033,1.01959806870591,1.18284129293668,1.3171758996377,1.48027766699325,-0.118733906464382,0.748881102728531,0.914794956287961,-0.286904425214791,-0.226875569169311,0.149040472134574,-0.679746830292226,0.744132303188673,0.716011978470835,-0.159062659197108,-0.139144981884744,-0.70339391206371,-0.0946719097814345,-0.391348688885798,-0.137892390091274,1.65968877233247,-0.375024355916575,-1.30350158940051,-0.483059080444962,0.281459459960805,0.133016085671751,-0.34476848053886,1.14097921304329,0.646593252940519,0.978995691768727,0.405665753241116,0.247859743337919,0.0372584156911057,-0.506438677988928,0.246029414243294,0.0937373566032682,0.917566476161884,1.17920255223971,-0.658393792953314,-0.391348688885798,-0.504578098615964,-0.139144981884744,0.0610890712128745,0.589566495515274,-0.0435165600327901,1.31539611889071,1.03312600205297,-0.978565285147405,-0.496372568292438,0.282168870917816,2.32407992805221,0.322022122016284,0.282168870917816,0.194009440828534,0.837417660326429,0.886266145735984,-0.477052214376713,0.413054945035492,0.682832724400303,1.08931211503494,0.0465858602511433,-0.407970199261594,-0.236918153797056,-0.0952404331143684,0.896141268044168,-0.144305290106824,-0.91323565124325,0.302349200451482,-0.189444898148642,-1.12671045843542,-1.16726071762649,-0.165584803405107,-0.960646585528377,-0.419922423015838,-1.51872399598517,-0.822547334916973,-0.00454386804312309,-0.538459497839898,0.555756227867123,1.04923188615163,-0.512579672044432,-0.478855999702333,1.76917366983248,0.413283929954837,-1.44264789905679,0.695483322687741,-0.277522937462631,-0.221904671622559,1.98914957407891,-0.230075729421995,-1.0002125522811,0.541860098812564,-0.388045418306067,-0.375210946038594,0.281459459960805,-0.35364645738641,-0.930668231079202,0.612267041899781,0.194009440828534,-0.453822940289352,0.155666779985624,-1.80157323850618,0.279314681750966,-0.333979422149212,-1.3576732534092,-0.458494049224697,-0.696016939253532,0.243808994474351,1.20481091438719,-1.65856263069136,-0.590710800538598,-1.56531543697313,0.108891065540274,0.469248568923321,0.589585501005203,-1.56531543697313,-0.241958561604024,-0.394815653267903,-0.653776320283739,-0.957522380196087,-0.891031580584123,-0.0880946194298402,-0.499564470154296,0.38425957503777,-0.886108709818829,1.58560735853817,0.699375414281087,-0.584177697663477,-1.10521140486391,0.726172755495118,0.252266133973507,0.149763831780583,-1.38334975138032,1.38245054268376,2.45712430835324,-0.912061542959443,1.22972191624619,-0.421455927079768,-0.419922423015838,0.16626443468128,0.264918814710728,-0.230075729421995,-0.399439552161281,-0.652304948129686,-0.482591549127137
comm.and.crime_point_0241,comm.and.crime,regression,0.04,0.00880121542469003,nominal,-0.224640267159436,-1.21585037425788,-0.217427187171022,0.345748499249786,-0.629843707397574,0.722358181389051,0.365376692670713,-0.490435159498505,-0.091611108832858,-0.79314444928836,-0.518086685259539,-0.519933227992503,-0.187688592418646,0.30064753696682,2.14401638949489,0.502127355699187,-0.44863454061095,1.54047298387896,-0.58250322963563,-0.710275698132921,-0.174546969317801,2.3420285757147,1.98708697135391,1.83053133768859,2.849186756789,2.04214051687765,1.06259659023327,1.71356849746879,-0.35568405855027,-1.06368304617927,-1.01147293011705,-1.30034383812505,2.38212868827564,-0.759408496192192,0.625885114403834,0.413150444081187,1.5354376250077,-1.46400862475706,2.78413236004812,-1.65100928860312,-0.424387256081161,-1.47038902675529,-1.54827114725268,0.596735206787962,1.28273643156158,1.3537113041635,0.987284858679672,1.13372553814103,-0.898214467727196,-0.323496951900488,-0.333979422149212,-0.739281849167541,-0.230075729421995,-0.0922487271028942,-0.334821036824805,-0.442074950479027,-0.296859544818942,-0.133016206441141,-0.220563285821935,-0.273610749555595,-0.225185707609603,0.28252993523008,-0.366776744657462,-0.29306929945644,-0.167221968720685,0.636377640192604,1.17506976595912,-1.07816329038966,1.15381580742274,-0.791896494605177,-1.30536216086009,0.726172755495118,-0.37760024144161,0.620806112517094,0.871006677585685,-0.663674573317088,-0.758443965028085,-0.147021161055019,-0.965539767392024,-0.305674795128326,1.76144189939429,1.84203791982337,1.91733814443261,0.198889078304643,0.943924605526253,1.3171758996377,0.917964855184794,-0.000739682945828393,0.268301082361422,0.655180777523025,-0.286904425214791,-0.226875569169311,-0.0240191880409045,0.25012818008695,1.62639463181223,0.317052074856781,0.446321675027228,0.226288134846476,-0.752632720582405,-0.0510142344566935,-0.391348688885798,0.455475228757665,-0.0609873547032339,-0.375024355916575,-1.6497426487149,-0.127211605631618,0.972629611637952,2.01613236565723,-0.230075729421995,-0.586845013885375,-1.75010019431373,1.57293526977546,1.14646284668515,-0.193271420973861,-0.478219682404748,-0.949587954657186,0.141594576137679,1.69293505927587,-0.148565325619854,0.353242987609834,3.04516415996056,-0.391348688885798,-0.321861540250354,-0.504578098615964,-0.316872478427771,-0.706093598596545,-1.21809552051175,-1.04043314643945,-0.719233528474505,0.149167226676855,-0.687872404062027,1.92076316198387,0.108891065540274,0.212409265870761,-0.749538645679329,-0.70552988692494,-0.239279720112616,0.845289154649251,2.03569858904034,0.682832724400303,0.682832724400303,-1.32217072016655,-1.5458519455908,0.478532181262003,-0.294515666436819,0.646593252940519,-0.632925531382569,-0.0946770133781229,-0.652304948129686,-0.491703227207728,-0.189444898148642,3.35219097202891,-0.739004709724335,-0.267933252874971,1.2364995198727,0.888234856532939,0.0744956374721161,-0.229179716068034,0.787628624021312,-0.450922239783337,-0.538459497839898,-0.543205919690318,0.0639149947615938,-0.316872478427771,-0.118733906464382,0.6889909076497,0.568425864029928,1.92363226362591,0.0351215468879261,-0.382942369747774,4.49030544888336,-0.230075729421995,-0.608816497610759,-0.232361344920738,2.09891625254177,0.321344892711017,0.68464204843914,0.790599292659839,1.02467942971995,1.77443789534877,-0.599701730718649,-0.375024355916575,1.3591714771705,-0.461533597514582,-0.957260530086126,-0.241958561604024,-1.18068191813137,-0.315607286918777,1.28929215232677,-0.319107477609904,-0.569295082344151,-2.24585211093084,-0.94469347109426,0.6153882795591,1.3171758996377,0.023664661864365,0.441053158743122,-1.56531543697313,-0.0579168405136468,-0.140449768739244,0.613442248810074,-0.660982817851633,0.0145655943380156,1.70894549456608,-0.499564470154296,0.335265803529022,-0.482591549127137,-0.26010254976604,-1.68278186869654,-1.0717667847882,-0.777126743249906,0.726172755495118,-0.324530007231007,2.10304692278542,0.812099797669774,-0.116905957376842,-1.16238301451781,-0.288244073076904,0.518566028486648,0.44850589341408,-0.890859043653398,3.0461400666694,-1.0691658496234,-0.34476848053886,-1.01491959621532,-0.956724101762177,-0.684350129472983
comm.and.crime_point_0749,comm.and.crime,regression,0.07,0.108116716988328,nominal,0.629145668582266,-0.519882053238727,-0.453822940289352,0.345748499249786,-0.629843707397574,0.927243136822718,-0.639997445119629,-0.576459764357761,-0.156045871094839,-0.79314444928836,-0.578145103398456,0.205571920095007,-0.343626531286471,0.682832724400303,0.0423983756329848,-0.263264544579206,-0.889578484189684,0.417322912631512,0.511849510519854,-0.575223753622857,0.899671107286197,-0.129514033521907,-0.262943549469985,-0.471344704785489,1.33397715736581,1.0711216777274,0.704377017088742,-2.10988394317149,-0.433845179637909,-0.757302642981302,-0.449042081635903,0.0329370249239415,-0.725047803556634,-0.264778411457355,-0.121085140456948,0.90725587531605,-0.801317854336286,0.345745036678463,-0.382942369747774,-0.8289128675117,-0.994391424628807,-1.35621407321842,-1.16702125886525,0.0145655943380156,1.1342040892995,0.917566476161884,0.621569456820622,1.34259521435226,-0.0679036931627271,-0.551753470686607,-0.333979422149212,-0.91323565124325,-0.34476848053886,0.0446822618622457,-0.524462606894016,-0.987985994494734,-1.32265961824234,-0.59953003312486,-0.686008264773091,-0.696016939253532,-0.736210329354915,0.679234591957959,-0.412290020458506,-0.343942476362171,-0.114785955883911,0.636377640192604,0.288567385435518,0.559441094015736,1.81342266522118,-0.601380811530617,-1.65317189968086,0.726172755495118,-0.510521925868227,1.03312600205297,1.9508968194161,1.21904346224852,1.67560362771661,-0.491156386462159,-0.800827005447445,-0.25720051952105,-0.600152808018174,-0.61971625898909,-0.633115326174983,-0.576224968185445,-0.585142193900484,-0.69663215719134,-0.347238971384223,-1.00369058285354,-1.54722343902544,-0.0717389230187961,-0.286904425214791,-0.226875569169311,-0.759522743786688,1.03318082040625,1.13012207196148,1.11497188208489,1.05170600925156,-0.0477867027019386,-0.900349146138491,-0.618564013678328,-0.391348688885798,-0.183536053079654,-1.13640993410055,-0.217427187171022,-0.413167436877806,0.58448334399507,-1.15847835603325,-0.380561081597017,-0.230075729421995,-0.100894450061688,-0.494689340990077,-0.316872478427771,0.617322065653698,0.578708116571755,0.488301751524978,0.576815109422369,0.924855861929795,0.142197893047893,1.49909291349738,-0.118733906464382,1.86002561502812,3.7696264931462,0.774437809943307,-0.504578098615964,0.00709456412135369,-0.792470938203999,-0.19033893009266,0.22367036178649,0.00232627821327909,-0.495251351508437,-0.352747691465246,1.79938580709009,2.32407992805221,-0.00681644642028318,-1.23504806525446,0.0881812846222431,1.22894398048608,0.886266145735984,0.328924458417437,0.682832724400303,-1.56531543697313,-0.226042158711328,0.40046092821602,-2.37093975613527,0.396654485240329,0.760721512333579,-0.155092156561714,-0.789472887579932,-0.0869550913836323,-1.28575565486694,0.102933683049804,-0.198157722851353,-0.739004709724335,-1.64963732071814,-1.10393872283714,-0.681553878925593,1.6677152709294,-0.274823379056414,1.77784423910186,-0.10077320755709,1.56243469551758,-0.95606016564934,1.25808251885979,-0.694834028068417,0.294245875850557,0.46842532549381,-0.695677644196011,1.49645002329959,-0.199361816374992,0.261208422753086,-0.433845179637909,-0.230075729421995,-0.739281849167541,1.0580077279681,0.141095362725389,-0.166244194413711,-0.236918153797056,-0.629843707397574,-0.930668231079202,-0.127296228476849,-0.758443965028085,-0.296225771543798,-0.890859043653398,-0.152293680362675,-0.709945487718708,-0.241958561604024,0.471237211128387,-0.744267573836537,2.42978886451121,0.65320279235381,0.0220735832329614,0.690595290266559,-0.295725241742213,0.682832724400303,-0.777184479464502,-0.778386370841756,0.936160966283394,0.682832724400303,-0.333979422149212,-0.801801068513758,3.44356371978626,0.762407081401742,0.402678669304647,-0.481197144366448,1.21575285739178,1.21715369068649,-0.58347083930006,-0.575223753622857,1.543056118669,-0.932455617038282,-0.308434369515615,-1.23321624918318,3.13624683999608,-1.30124646439444,-0.468579105942779,-0.669300457399169,-1.46400862475706,2.07335063433556,-0.761514569480531,-0.728501275489362,-1.15249049956315,-1.04328333075373,-1.16798693587037,-0.115382978305131,0.626360521262113,0.565371666400276,0.223563482083323
comm.and.crime_point_0066,comm.and.crime,regression,0.14,0.139911789455257,nominal,-1.38334975138032,-1.56383453476745,-0.138628602798245,-1.30344151604303,-0.669300457399169,0.640404199215584,0.556876528440302,-0.232361344920738,-1.76691492764438,-0.514522113788516,-0.878437194093044,-0.91058984619347,-0.109719622984733,0.682832724400303,2.66942089296036,0.830152455818498,0.0902969459852806,1.48431548031659,-1.50406343187183,-1.02539690198974,-0.890692353720466,2.94730431675224,3.39989683326659,3.3829593663339,1.80019549564987,0.828366967939835,2.75134600648603,3.2429494737249,-0.35568405855027,-0.932377159094426,-1.38642682910448,-1.6953900197692,2.71674769508835,-1.40242760634748,1.60269237076024,0.314329357834215,-0.00340134919443606,-1.61482142987669,2.89149082546493,0.541247834307328,1.11462399899748,0.299322753066192,0.357978294684454,-1.34383016804519,0.936160966283394,0.966027012606508,1.03299928391205,0.768203604771372,0.0507121317750543,0.0188878262786913,-0.333979422149212,-0.826258750205395,-0.115382978305131,-0.00096140112613429,-0.240000251790199,-0.243561843564225,-0.348149548490111,-0.00578516280012634,-0.135936926012634,-0.10464827367642,-0.140014937318717,0.28252993523008,-0.45780329625955,-1.00529377613668,-1.00619817410907,-1.07401852163763,-0.787899790914564,-1.1309892382737,0.189775015255796,-0.601380811530617,0.201813374029904,0.726172755495118,-0.244678557014993,0.569266126325109,0.00709456412135369,-0.479994764969224,-0.970100277440667,-0.620207095989836,-1.00671795787817,-0.69346899998653,3.27642718339475,3.18088668373891,3.10754976404949,2.93458571297554,2.99860811725593,2.32407992805221,2.88605969651438,-1.23967902989064,1.12266556301406,-1.36980981684348,-0.286904425214791,-0.226875569169311,0.105775557090704,-0.826569200352095,0.137576952259974,0.516532026663808,0.042732118877671,-0.504578098615964,2.20169579053932,-0.487590987704104,-0.391348688885798,-0.0922487271028942,0.369181677055691,-0.453822940289352,-0.314241419930838,0.110020044243945,-1.04328333075373,0.703657382637049,-0.34476848053886,-1.39676262025819,0.703657382637049,1.19497372013481,-0.335131340202921,-0.248412816512834,-0.284915395618803,0.429098683866283,0.924855861929795,-2.28082892918333,-0.00318371628598076,-0.295725241742213,0.576125524684642,-0.391348688885798,2.96703651033063,-0.413219819433159,0.277067099578957,-0.360584240166726,0.543772920206689,-0.638218393822105,-0.10075369417069,1.63938518873034,-0.352747691465246,-0.567472613338656,0.108891065540274,-1.26736429209379,0.160791516024035,0.723150221859989,-0.483983670212399,0.845289154649251,0.613386813521254,0.682832724400303,0.682832724400303,0.705667118525611,-1.19197687762592,-0.281327002043937,-0.0641256158777693,0.760721512333579,1.94737469265005,1.8408257790412,2.21793278611951,1.19565818156809,-0.189444898148642,3.35219097202891,-0.471344704785489,-0.421455927079768,0.185690512941751,-0.419922423015838,-0.909551783192675,0.318544239792525,0.540074720251176,0.774599373008527,-0.62599675589646,1.4031069541165,0.0639149947615938,0.43905062085352,-0.767702135816429,0.137576952259974,-0.121085140456948,0.481892202524582,-0.121200695287352,0.153849957336276,-0.35568405855027,-0.34476848053886,-0.652304948129686,-0.533447461928133,1.46394731530403,1.7841121540852,0.281459459960805,-0.195819457380031,-0.590607768331523,0.929222729204051,-0.440959496409212,-0.453822940289352,-0.419922423015838,-0.461533597514582,-0.314241419930838,-0.241958561604024,0.471237211128387,2.35161227612506,3.44356371978626,-1.18906929810375,-0.400332606464976,0.543772920206689,1.53318522279537,0.682832724400303,-1.05911760742057,-0.199127291665113,-0.697694798599504,0.682832724400303,-0.333979422149212,-0.140449768739244,-0.738257558223326,-0.720290730320524,-0.438232993123054,-0.76198466217831,0.0462183158830917,-0.791590941172187,-0.986987999991752,1.36052078435473,0.351977477180183,-0.235899778288672,0.582081140579538,-1.23321624918318,0.40957417248383,-0.0176604331626889,0.56816095888643,0.198748042635917,0.345745036678463,-0.110010510253322,-0.571872999411319,0.141460545004487,-0.733880170107544,-1.15847835603325,-0.723292047758998,-0.34476848053886,-0.296859544818942,-0.217420442940414,-0.93654835490529
comm.and.crime_point_0360,comm.and.crime,regression,0.07,0.048963374814853,nominal,0.690130378278102,-1.21585037425788,-0.453822940289352,0.895478504347391,-0.669300457399169,0.681381190302317,-0.639997445119629,-0.447422857068877,0.746040800572905,0.251689308836056,-0.217794594564951,-1.6919030825954,-0.343626531286471,0.682832724400303,0.233454558711339,1.37686095601735,1.26614746219524,-0.200409626554585,-1.8496485077104,-0.845327642642986,-0.651977225586244,0.0218049017374774,-0.472248714197789,-0.578408706761027,-0.414341611199418,-0.264029226104202,-1.54728887124828,-0.580502966915381,-0.433845179637909,-0.932377159094426,-0.823995980623335,-0.510251474836759,-0.82065323407455,-0.611019470771741,1.31539611889071,-0.328007702771107,-0.801317854336286,-0.358048053879797,-0.705017765998204,-0.609687155220656,-1.22239309204787,-0.442814444923462,-0.513450021629662,0.596735206787962,0.936160966283394,0.917566476161884,1.12442813437682,1.34259521435226,1.29617829362176,1.16017042020929,-0.333979422149212,-1.04370100280003,-0.34476848053886,-0.639972682963453,-1.09338731710165,-0.69021633412253,-1.06620959988649,-0.726761076765874,-0.728321444677741,-0.738257558223326,-0.736210329354915,0.855547772725906,-0.639856399463727,-0.445688830173635,-0.219657981557459,1.22616942013407,0.98510497013263,1.19335246862428,0.950859851177069,-0.363236207687417,-1.8850450588947,0.726172755495118,-0.444061083654919,-0.152293680362675,1.08698470595177,-0.342234908708326,1.35811915909774,1.35857045010122,-0.677292433989011,-0.305674795128326,-0.778386370841756,-0.749282268400272,-0.760637999705362,-0.4394401364519,-0.537358856418398,-0.575803673781598,-0.20666076843211,-1.59366170044631,-0.746256738413588,-0.590967280548668,-0.286904425214791,-0.226875569169311,-0.889317488918297,-0.0435165600327901,-0.0278472343569434,-0.979567611888896,-0.00771657564102366,-0.321861540250354,-0.8018715291011,-0.70587936432781,-0.391348688885798,0.455475228757665,0.0250464516485512,-0.453822940289352,0.0319996393835476,0.228635869181726,-0.985685818113966,0.190080215368281,-0.34476848053886,-0.96480656352602,-0.951202378562316,-1.50475163444123,1.41103323720088,-0.082988629895916,-0.993697780500602,0.133665832754111,-0.0150576810207445,-2.86235536651882,1.45063237705275,-0.649707912297875,-1.25096306541953,-0.391348688885798,-0.504578098615964,-0.230503261067549,-0.316872478427771,-0.576527589185363,0.739536080286516,0.510966613656022,0.517726140133124,0.0686149044036935,1.32287587151866,0.221480193470925,2.08242296123273,-0.719300011366178,-0.264029226104202,0.141095362725389,0.788476870306472,0.0257493329145824,-0.998566532067046,0.682832724400303,0.682832724400303,-1.48659000438483,-0.779122631666902,-0.15468380482628,-0.236918153797056,-0.837074119169256,-0.0117421441154574,1.6919409488551,-0.391374245016123,-1.38501220832434,-0.189444898148642,-0.0342954753953406,-0.150152698858873,-0.421455927079768,3.05153325911707,-0.838532752471447,-0.0660825654799971,0.227256913815765,1.18371487005353,0.0305326795277526,-1.19498893326411,-1.07401852163763,-0.718470624475156,-1.39676262025819,-0.649707912297875,0.854415094266617,1.71761087150805,0.481892202524582,0.738571636676679,-0.436621602456179,-0.35568405855027,-0.34476848053886,2.43537503871415,0.240773981805169,-0.282217262099776,0.112378141086133,-0.985685818113966,-0.669300457399169,-0.675622884018443,2.61965306149349,-1.07592843364696,-0.375024355916575,-0.262943549469985,-2.62621301757793,-0.759408496192192,-0.333979422149212,-1.23967902989064,-0.696638653067897,0.90912658159863,-0.0632363539352424,-0.653776320283739,0.396950550146819,2.00516211686959,0.682832724400303,-0.0119374178694681,-0.377360854488696,-0.00454386804312309,0.682832724400303,-0.333979422149212,0.317408823412342,-0.484813844404564,0.169327956712836,-0.244176455639738,-0.481197144366448,-0.499564470154296,-0.742597169663439,-0.986987999991752,-0.530206438786169,-1.38501220832434,-0.444866529913555,-0.58964979375619,2.68556176017342,-0.167221968720685,-0.519933227992503,0.812099797669774,0.356575042642296,-0.20723524876017,1.44953316445302,-0.240000251790199,1.21611926443806,-0.262943549469985,0.339056972600567,-0.673881504635512,-0.34476848053886,-0.758469577859468,-0.521839596572905,-1.03742764507821
comm.and.crime_point_1564,comm.and.crime,regression,1,0.00342101603177404,anomaly,-1.0174414932053,0.87205458879957,0.0189685659473083,-0.692630399267912,1.77701804269971,-1.24453739077415,-0.496372568292438,-0.0172998327725985,-0.156045871094839,0.251689308836056,0.0824974961296363,0.428804273352702,0.0462183158830917,0.660351242786569,-0.912882539758789,-0.700631344738288,-0.644609626645943,-0.874299669303055,0.627044535799378,0.505191802457658,-0.472940879485578,-0.93654835490529,-0.52457500537974,-0.0966206978711041,-0.822282657197971,-0.264029226104202,-0.523804376549633,-0.689744465219389,0.191443789063205,1.08097977620649,0.394604191085821,0.823029388212234,-0.533836942520802,0.0814626478570313,-0.293462891578667,-1.56327128085826,-0.174383457439118,-0.00615150860066679,-0.705017765998204,2.56908567299949,0.658620664159367,1.84068462581393,2.20976346685195,-0.1794909431453,-2.28203978272837,-2.4262105385172,-2.30415375805178,-1.68601509071059,0.703099168932851,0.703657382637049,0.494208322757484,2.87025954390342,-0.230075729421995,-0.137892390091274,0.139282888348225,0.550490584094985,0.831520535946791,-0.387478293723169,-0.305189645631236,-0.231370130585801,-0.18260032246416,0.238451640038094,-0.0936970898511967,0.775267415563927,0.304702146810281,-0.720143453672756,-1.04118618534988,0.0311816151752862,-1.58608960189384,0.875115732297224,1.7089889089199,-1.23321624918318,0.619312391758016,-1.90465321089015,-1.45075712734971,1.35680331850942,-0.282217262099776,0.928401418342293,1.66986442372124,-0.305674795128326,-0.733827980135861,-0.706093598596545,-0.590607768331523,-0.348250248629537,-0.29844216900797,-0.293870545825533,-0.300379570400185,0.353242987609834,-0.319074498087268,-0.435198773289707,0.200393210115953,1.46634945146066,-0.370138508391861,-1.31597710055166,-1.13067514513639,-0.430997744419571,-1.21848524408969,-0.0477867027019386,-0.309483443914147,-0.225644935755658,3.7696264931462,-1.46155861675429,-0.491156386462159,-0.296225771543798,0.229851673277482,-0.779598642789415,-1.04328333075373,-0.494689340990077,-0.000690227188266011,-0.424861492610813,-1.06533063795537,0.169078085395916,0.987720612375717,0.964697885344563,0.746040800572905,-0.949587954657186,0.82042102382418,1.20832969482963,-3.0077369758527,-1.23967902989064,-0.115205293192613,-0.391348688885798,-0.413219819433159,8.53989154048173,0.601034142128082,-0.14464089114809,-1.36491789057162,1.31539611889071,0.930046029669001,0.108891065540274,0.221751815843521,-0.749538645679329,-1.01884144628399,-0.116429302565806,4.83381967943463,-0.546787652615503,1.08212161042621,0.271611279434983,-0.666693784445925,-0.68853765403749,0.660351242786569,-0.445267871002372,0.164544216239436,0.22524578682669,-0.179320641157294,-0.0952404331143684,1.03949128049042,-0.938357717766034,-0.91323565124325,0.401605753908883,-0.286904425214791,0.129566772060671,-0.150152698858873,-0.370281702344836,-0.817354448219611,-0.315269840651936,0.355652043376342,0.409831565769285,0.143988474218959,0.599524856895403,0.380681711753999,-0.720143453672756,-0.306688719613709,-0.694834028068417,-0.000739682945828393,-0.799826771902559,-0.638218393822105,0.962472222891692,0.191443789063205,-0.329263137039369,-0.433845179637909,-0.230075729421995,0.695837017957058,-0.275373647350366,-0.970100277440667,-0.653833281538438,0.223861947321042,-0.590386957395979,-0.633115326174983,1.19335246862428,1.30520508099459,-0.453822940289352,-0.315269840651936,0.311566195365187,0.872870783432771,-0.333979422149212,-0.649707912297875,-0.649009732299257,-0.315851368525389,-1.64963732071814,-0.611535701313945,-0.0435165600327901,3.0081130167773,-1.56531543697313,-1.22022225196689,0.781157303864591,0.143988474218959,0.682832724400303,-0.241958561604024,0.571774707941,-0.0201670357368324,0.762407081401742,1.17890481923791,-0.31272463367933,-0.499564470154296,-0.693603398154691,-0.986987999991752,0.0100013392540886,-0.193933566835524,-0.584177697663477,-1.01147293011705,0.726172755495118,3.92278703254769,2.32627927604311,-1.0174414932053,-0.037992457373652,-0.961299274358306,-0.288244073076904,0.37633485093474,-0.267933252874971,0.364971944713428,2.64295747819106,1.25312967718045,-0.115382978305131,-1.52781963292701,0.304440963286713,-0.58347083930006
comm.and.crime_point_1734,comm.and.crime,regression,0.11,0.234504163551658,nominal,0.629145668582266,1.22003874930914,-0.453822940289352,-0.448305952557865,-0.235276207381626,0.517473225955383,-0.304872732522849,-0.576459764357761,0.230562702477051,0.182033724961094,0.0824974961296363,-0.0176604331626889,-0.499564470154296,-1.56531543697313,-0.674062310910845,-0.536618794678632,-0.105678140049712,-0.76198466217831,-0.00652810323800724,0.775295691477787,-0.532619661519134,-0.633910484386522,-0.681553878925593,-0.846068711699873,-0.356064318913911,-0.628161290785547,-0.165584803405107,1.11274025679674,-0.35568405855027,0.205607195640876,-0.449042081635903,0.329221661157051,-1.05966681036934,0.72448175801232,-0.178544390830854,1.89546673778578,-1.08628803474409,1.90414402291461,-1.24181009308225,0.815279974671134,-0.595388506645455,1.21272238136115,1.06601380168967,-0.114805430650861,-0.351119333321313,-0.197025862064479,-0.0184324964327153,-0.537231871548822,-0.127211605631618,0.4183367341544,-0.333979422149212,-0.391374245016123,-0.34476848053886,3.1028076820837,3.0313168319037,2.98227614380132,2.26764063873954,-0.00578516280012634,-0.178250105917284,-0.315851368525389,-0.395527248191373,0.767391182341933,-0.503316572060594,-0.343942476362171,-0.324530007231007,-0.307289207713733,-0.471291797870422,0.0840075630593312,-0.317614875358386,-0.601380811530617,0.0279085046195201,0.726172755495118,-0.37760024144161,0.00232627821327909,-0.26287797133625,-0.479994764969224,-0.22930318399663,-1.05037612774876,1.1757261378875,1.05160492187539,-0.867503152253548,-0.835659608007726,-0.803145557548822,-1.03217440729726,-0.967408893757168,-0.938289124010825,-0.909551783192675,-0.885696359334983,-1.92100789931097,-0.279430266030745,-0.286904425214791,-0.226875569169311,-0.716257828742818,1.27788477050604,0.0272941611820292,0.466662038712051,0.496770369545922,-0.413219819433159,-0.309483443914147,-0.662221689003069,-0.391348688885798,1.36834848852526,-0.878308515045191,0.649357240929522,-1.30350158940051,-0.127211605631618,-1.67685596979111,-0.665881730079667,-0.000690227188266011,1.35695724140937,0.817785642030109,1.14097921304329,-0.440959496409212,0.303001138876892,-0.92926301823862,-0.358722252432842,0.35046425234891,-2.37775000207258,0.190658429492517,0.353242987609834,-1.20158229271402,-0.391348688885798,-0.0477867027019386,-0.595936377798769,0.00709456412135369,1.49652856139355,1.18000319046612,2.75187737823837,1.13620597443694,-1.26049841310347,-0.496372568292438,-1.23504806525446,-1.01884144628399,1.69218282383531,0.646300935599162,1.51686139340717,-1.16915473049179,1.00919711899618,-0.761514569480531,0.682832724400303,0.682832724400303,-1.21255786402103,0.40046092821602,-1.10450778395871,-0.294515666436819,-0.837074119169256,-0.346225506490056,-0.64058805739383,-0.826258750205395,0.451234030637584,-0.189444898148642,0.293429019516684,-0.471344704785489,-1.44494042177841,1.666375931799,0.103340488803673,1.19912126108902,-0.776903671928593,-0.796716360107558,0.774599373008527,-0.582228126868179,-0.543205919690318,0.352162328164607,-0.478855999702333,1.82817078159176,0.358142534415864,0.568425864029928,0.428494422483792,-0.199361816374992,-0.221904671622559,-0.121200695287352,0.802159030629787,-0.217420442940414,-0.361398252209622,0.352751675137971,0.530311644335899,1.31821468747653,1.97430179270768,-0.718130441861903,-0.444251915781118,-0.335131340202921,-0.0598300184254683,-0.9955116260173,-0.203833666554659,-0.858334513139159,-0.333979422149212,-0.94469347109426,-0.791896494605177,0.0643142022027552,-0.984372399164023,0.528961010870487,0.10330581002708,-0.531713688779321,0.570425316331632,-0.857736801737663,-0.377360854488696,-0.895737921615612,0.682832724400303,-0.241958561604024,-0.343942476362171,-0.611535701313945,2.83818401781291,0.143936619326893,-2.10976474767525,-0.0317506535508209,3.17690455103642,-0.280832968781291,-0.575223753622857,-1.13687082468084,0.321344892711017,0.207127241592105,-1.23321624918318,0.0949580954631852,0.540420449981549,0.0192985716239078,0.277661542639106,-1.06184114443806,0.602923741041008,1.18231152372889,-0.267933252874971,0.521950818259281,0.454251997880092,-0.624470961512025,-0.34476848053886,2.1650606313972,0.173975611729931,-0.533031194213599
comm.and.crime_point_0837,comm.and.crime,regression,0.79,0.0613364038987833,anomaly,0.629145668582266,-0.171897892729153,-0.296225771543798,-0.753711510945423,0.47494529264708,-0.015227658172151,-0.544247527234835,-0.533447461928133,-0.091611108832858,-0.653833281538438,-0.0976777582871161,1.76819839289887,-0.265657561852559,0.682832724400303,-1.24723086014591,-2.99680704557347,-0.791590941172187,-0.593512151491192,1.95178732651391,2.80107485912875,1.31742258152108,-1.13830693525114,-0.733880170107544,-0.846068711699873,-0.647450780341448,-0.81022732312622,3.46778515277508,1.44046475170877,-0.043039574199713,1.47489743746102,0.535211903206109,0.773648615506715,-0.772850518815592,2.15890900374335,-2.64929215690883,0.462560987204673,1.2504674445999,0.546828776837966,-0.329263137039369,0.322022122016284,0.0886164956117204,0.0138853692240173,0.194585485375557,-0.826346068089685,-1.19280260613978,-0.923933908733845,-1.06986427677748,-1.0594060620769,-1.96575689216723,-2.72019039915474,-0.149937701058835,0.652348567438131,-0.230075729421995,-0.594329019975073,-0.998566532067046,-0.839101164308632,-0.963629592544147,-0.557119685244521,-0.64369508486844,-0.569295082344151,-0.608454173918587,0.370686525614054,-0.45780329625955,-0.445688830173635,-0.48183804574133,-1.01503934364349,-0.977864586741049,-0.761207603085388,-0.216136897235549,-0.696638653067897,0.0279085046195201,0.726172755495118,-0.178217714801685,-0.719233528474505,-0.26287797133625,2.50480212068357,2.20474440874806,-1.30847754680412,0.310984137678462,1.92414188280635,-0.956619933665339,-0.922036947615181,-0.845653115392282,-1.39693395858671,-1.39745893109594,-1.30077457424005,-1.37814579303305,0.530234322887664,-1.81421233922939,-0.175584594524771,-0.189444898148642,-0.226875569169311,-0.49993325352347,0.445891340166776,0.744132303188673,0.765881966422592,0.14362950791506,-0.413219819433159,-0.0140505928019747,-0.443933312379363,-0.391348688885798,-0.137892390091274,0.842367611990508,-0.375024355916575,-0.462630445351289,-0.127211605631618,-1.21607586867302,1.78787584687111,-0.230075729421995,0.547039635036561,0.190080215368281,-0.26287797133625,0.82897837806628,0.46842532549381,-0.284915395618803,-0.0140505928019747,-0.954971223971284,-0.0516442527306052,1.25679023127425,-0.0597367947051054,-0.757155338364351,-0.391348688885798,0.0435715764808665,0.134929855663671,-0.0468999429701671,-0.576527589185363,0.494832130186732,-0.121085140456948,0.0538662644052637,1.3171758996377,-0.304872732522849,1.31387638751496,0.149167226676855,-1.65100928860312,0.221480193470925,1.46394731530403,0.788476870306472,0.763335172475784,0.37633485093474,-1.56531543697313,-1.56531543697313,-0.226042158711328,0.69535681818675,-0.724578192305735,-0.524905716995868,1.10310629051276,0.131607868330799,-1.03761427122343,-0.695793398648614,0.848260244467189,-0.286904425214791,0.129566772060671,-0.524876705773258,-0.267933252874971,-0.0531297159061927,2.98128650381098,-1.5655833969692,0.455475228757665,1.38175799306964,0.249375824669157,-0.844839901037864,-0.484226741696171,-0.883183386419734,1.73491879105002,-0.35472235350149,-1.5166649139092,-0.580759143448198,0.161505522279842,-0.199361816374992,2.99884929088174,-0.433845179637909,-0.115382978305131,-0.695793398648614,-0.576459764357761,-1.49924105847212,-0.305555362163633,-1.33127089395254,-0.195819457380031,-0.845653115392282,-0.285774072128984,-1.39341290226583,-0.138628602798245,-0.9955116260173,0.0538662644052637,-0.759408496192192,-0.241958561604024,-1.06268769461281,-0.220349445381496,-0.653776320283739,-0.370281702344836,-0.189129511616007,0.543772920206689,0.353242987609834,0.682832724400303,-1.05911760742057,-0.377360854488696,1.33224721231561,0.30064753696682,-0.241958561604024,1.58923824605564,3.44356371978626,-0.483059080444962,-0.114805430650861,-1.49203220848915,0.825908010222217,-0.546622083628446,-0.93654835490529,2.84609217396544,0.848260244467189,-2.11660054291262,0.910165802193541,0.726172755495118,-0.48183804574133,0.98688515649694,0.324222120103087,0.159291292634322,-0.91102833931843,0.647482131746904,0.091872495830922,0.550854342883945,-0.419922423015838,-2.36802612146826,-0.377418245894594,-0.34476848053886,0.831520535946791,-0.826258750205395,0.324442772256246
comm.and.crime_point_1990,comm.and.crime,regression,0.09,0.178213482796068,nominal,-1.0174414932053,1.56802290981872,-0.375024355916575,-0.387224840880353,-0.314189707384816,0.47649623486865,-0.161247855695657,0.0687247720866572,0.0372584156911057,0.112378141086133,0.0824974961296363,-0.687357492935775,-0.265657561852559,0.682832724400303,0.281218604480928,0.994165005878154,-0.742597169663439,0.81042543756812,-0.985685818113966,-1.1604488464998,-0.114868187284245,0.173123836996862,0.731255982987085,0.706359316945435,-0.12295514977188,-1.23504806525446,-0.830849724959226,0.730395012732716,-0.35568405855027,-0.62599675589646,-1.10521140486391,-1.34972461083057,1.37827166783752,-1.20457557245354,1.2004776181429,-1.11857639274689,1.36445551676302,-1.26292488459756,1.38847230962959,-0.390461442929611,-0.139385171807338,0.584760136908366,0.194585485375557,-0.891031580584123,0.0944776934649314,0.287579502381766,0.027281928799666,0.0371597380320633,1.6520257684351,1.16017042020929,-0.333979422149212,-0.608816497610759,-0.230075729421995,0.455475228757665,0.234103673382831,0.10383609353668,0.216040491892755,0.163856228721226,0.0333157936059686,-0.0201670357368324,-0.0122587818823892,-0.0260181311138255,-0.275750193055373,-0.903547422325221,-0.796454122761974,-0.307289207713733,-0.407970199261594,-0.0216443327087585,-0.0639199300512947,-0.410865128456057,-0.0300597851839413,0.726172755495118,-0.37760024144161,0.156946236789233,0.00709456412135369,-0.939194285838884,-1.18175658985325,1.27253664374943,-0.800827005447445,-0.741943275593805,-0.288244073076904,-0.187829560951817,0.00449804147691576,0.472458741771733,0.0838245308487138,-0.0522135790060488,0.121355038456154,0.0582574288134486,0.161505522279842,-0.0717389230187961,-0.286904425214791,-0.226875569169311,0.0192457270029651,-1.6096218406714,-1.07553374959742,-0.730217672130112,-1.31938263312708,-0.504578098615964,0.232143449791502,-0.487590987704104,-0.391348688885798,0.774980869676324,0.584266192935153,-0.375024355916575,-0.808871504665675,0.110020044243945,-0.58250322963563,-0.152304562810898,0.687466279512922,-0.100894450061688,-0.209368692507428,-0.316872478427771,-0.758443965028085,-1.18581654067537,-0.220480633356821,-1.04806557169458,0.559333928560141,-0.87547337228922,-0.778552299399972,1.35619388751754,0.131698570334978,3.7696264931462,-0.321861540250354,-0.504578098615964,2.00489132650762,-0.101452221344363,-0.239279720112616,-1.38518864868289,-0.513073583706566,2.24352760577905,-0.544247527234835,0.464234903258489,-0.213318223552372,-0.280848586784089,1.43525374240874,0.405665753241116,-0.239279720112616,0.804312163562517,0.613386813521254,-1.56531543697313,0.682832724400303,-1.26736429209379,-1.48687276759666,1.17506976595912,-0.697698254915155,0.817785642030109,-0.680708868864655,2.0889671626847,-0.173931992421487,-0.392446673750327,-0.286904425214791,-0.689744465219389,-1.06019671565095,-0.728501275489362,-0.435242082062902,-0.838532752471447,-1.14384878811286,0.0446822618622457,0.936160966283394,1.43112880843274,-0.976145788122707,1.58004448809894,-0.883183386419734,-0.100894450061688,-0.649707912297875,1.9021016095071,-0.523299893074292,0.909074442850902,0.504088273413761,0.207529190044681,1.20753836320251,-0.34476848053886,-0.391374245016123,-0.40441055463925,-0.22930318399663,-0.0269330266637888,-0.467308204356106,-0.116905957376842,0.302050946381135,-0.549903811549208,0.405665753241116,-0.217427187171022,1.09754002126074,-0.10075369417069,-0.907797521612643,-0.149937701058835,-0.94469347109426,0.208310841536264,2.51427010245079,-0.319107477609904,2.04962329378306,-0.239279720112616,-1.00369058285354,0.682832724400303,-0.334146706962114,-0.912061542959443,0.0449669127109041,0.682832724400303,-0.0579168405136468,-0.242196122550708,-0.696016939253532,0.0507121317750543,-0.114805430650861,-0.9866146764278,0.592001101920479,1.26614746219524,-1.13830693525114,-0.485189123949481,-0.0450487366494222,0.460656060460939,3.20675843349157,0.726172755495118,-0.586710071414878,0.652036626610397,0.324222120103087,-0.4325599573896,0.396015971718339,-0.600152808018174,-1.14079770961895,-1.24024352283868,3.29524425090269,-1.56166094451159,-1.51386073773478,-0.34476848053886,-0.55330956317479,2.87025954390342,-0.93654835490529
comm.and.crime_point_1367,comm.and.crime,regression,0.31,0.331156537235456,anomaly,0.0192985716239078,0.524070428289996,-0.453822940289352,-1.54776596275308,0.47494529264708,-0.0562046492588845,-0.209122814638054,-0.533447461928133,-1.31587159181051,-0.0269330266637888,-0.578145103398456,0.707844714924821,-0.343626531286471,0.682832724400303,-0.100893761675781,0.283443955619646,0.188284489002777,0.81042543756812,0.108666922041517,-0.935362272316362,-0.114868187284245,0.223563482083323,1.14986631244269,1.13461532484759,0.867758819081747,-0.14265187121042,1.67668728705245,1.8228099957728,-0.35568405855027,-0.538459497839898,-0.449042081635903,-0.757155338364351,1.47387709835544,-0.709945487718708,0.625885114403834,-0.723292047758998,1.82040780541551,-1.06184114443806,1.76422693858843,0.212409265870761,0.715621081014131,-0.157377061081287,0.0311926760666601,-0.696975043100807,0.143988474218959,0.239118965937142,0.621569456820622,0.246029414243294,-0.00859578069383644,-0.380561081597017,-0.333979422149212,-0.13044354190256,-0.34476848053886,0.820624532664704,0.471155635969346,-0.0946770133781229,-0.142989533805432,-0.175426554321479,-0.305189645631236,-0.44257322543477,-0.438112633336816,0.591078001573987,-0.594343123662683,-0.0387034149277808,-0.376966020067782,-1.42789358960251,-0.661256593696907,-1.81772656076629,0.189775015255796,-0.744267573836537,0.89743285167144,-1.23321624918318,-0.444061083654919,0.46618615394114,-0.316872478427771,0.943523749726722,0.352751675137971,-1.9537310944425,-0.677292433989011,-1.17821175605928,-0.421919245194591,-0.403772909970454,-0.250547305583844,-0.0746805851624468,-0.202875494043799,-0.414699029235275,-0.253520169416148,-0.94469347109426,-1.17343897873991,-0.74673578780763,-0.286904425214791,-0.226875569169311,-0.456668338479601,0.299068970106906,0.578708116571755,0.0178321471462401,0.14362950791506,-0.595936377798769,0.724531534978455,-0.138329585106176,-0.391348688885798,-0.959478323882113,0.756333805638724,-0.375024355916575,-0.611019470771741,0.0507121317750543,-0.812893280194679,1.559619328085,-0.230075729421995,-0.856817549342979,-0.152304562810898,0.978995691768727,-1.65798329278156,0.578708116571755,0.810475562834887,0.084427024235416,0.559333928560141,0.723724330383386,0.675263793938761,0.825219881684049,-1.25096306541953,-0.391348688885798,0.683079530760502,-0.230503261067549,0.763017663402644,0.287245806889183,-0.386102090172486,-0.925514645691636,0.878506043477017,-0.0924897401426294,-0.592122486177232,-0.870916000573111,0.95469044940847,-0.774106439438939,1.31387638751496,-0.70552988692494,-0.630806040272269,0.845289154649251,2.60462329924798,0.682832724400303,0.682832724400303,-1.70581571667588,0.40046092821602,-0.15468380482628,0.511849510519854,-0.722945859776196,0.131607868330799,-0.193933566835524,0.913279270551694,0.203092646994081,-0.286904425214791,-1.39981420419544,-0.0430886968833349,-1.18906929810375,0.758859062176815,-0.00131209356022966,-1.00327058516075,-0.822547334916973,0.391542377989094,-0.757302642981302,-0.713534013953022,-0.602185097684464,0.846300613998343,0.385056113761999,0.176251652332003,-0.193271420973861,2.00490712337759,-1.06664341865833,-0.35568405855027,-1.24181009308225,-0.043039574199713,-0.000690227188266011,-0.391374245016123,3.6817581761754,1.94017401823234,-0.584177697663477,-0.236918153797056,-0.708757207400764,-0.293054863427304,0.559441094015736,1.09354876858201,-0.453822940289352,-0.52457500537974,-0.873853487050458,-0.561556462298257,-0.333979422149212,0.943214105202603,-0.506122969993337,-0.611535701313945,-0.626152826019497,-0.146888892646214,-2.00114816083105,-1.29867614164992,0.278166055353086,0.592204999179243,-0.689269589429965,0.243010035727013,0.682832724400303,-0.149937701058835,0.012169761977951,-0.231370130585801,-2.85537557920059,-0.56760401811193,-0.53735464792882,-0.343626531286471,-0.15467191155846,0.576640997688553,0.0550186540907768,-0.243561843564225,3.52550175095922,-0.777126743249906,0.726172755495118,-0.7440181099252,-0.352508963049232,-0.224640267159436,0.00146429262794278,0.546828776837966,-0.867503152253548,-0.42964182185941,0.141460545004487,1.14986631244269,1.26061717483676,0.561382073451646,-0.230075729421995,-0.655889570517129,0.521883215881349,-0.93654835490529
comm.and.crime_point_1409,comm.and.crime,regression,0.03,0.021254122367812,nominal,0.324222120103087,0.87205458879957,-0.217427187171022,-0.142900394170307,-0.669300457399169,0.763335172475784,0.126001897958727,-0.361398252209622,-0.993697780500602,-1.42004470416301,-0.998554030370879,1.48915795132675,-0.109719622984733,0.682832724400303,1.28426356564229,-0.208593694559321,-0.546622083628446,1.48431548031659,1.14542214955724,-0.800310327806298,0.899671107286197,1.28279602889901,1.2545188948066,1.13461532484759,0.401540480797687,-1.23504806525446,0.755551241823674,1.60432699916478,-0.35568405855027,-1.06368304617927,-0.449042081635903,-0.362109156720205,0.613428223694192,-0.858334513139159,0.0512926106647712,-0.328007702771107,0.281568831213367,-0.961299274358306,0.744321517128731,-1.8154285728214,-0.65238892350022,-1.69873893382903,-1.7661282263312,-0.308861968134177,1.33224721231561,1.3537113041635,1.3987146857711,1.13372553814103,-0.660982817851633,-0.380561081597017,-0.333979422149212,-0.956724101762177,-0.000690227188266011,-0.366110705033174,-0.42964182185941,-0.541331503936429,-0.194279537476602,0.418318316003255,0.371821232843173,0.359998534991312,0.626521995299251,-0.510879378225678,0.08835601335298,-0.547435183985099,-0.429402032904556,0.105565038245289,0.161924188217862,-0.708381655201343,1.35677176366841,-0.696638653067897,-1.24739387105663,0.726172755495118,-0.444061083654919,1.13620597443694,1.30296273431785,-0.939194285838884,-1.02301435554381,-1.22244374045233,-1.04789614836431,-0.402623346342877,1.40497477374713,1.10783053316,0.982171871876493,0.837218293061186,0.65722458063374,1.3171758996377,0.543089647312493,0.648228546406218,0.588687762606162,1.74556032833576,-0.286904425214791,-0.226875569169311,1.18739843318744,-0.728687620312182,2.06752579612401,0.915491930277863,0.395872980508533,-0.504578098615964,1.2661584286841,1.82626580450717,-0.391348688885798,0.501118891746045,1.27253664374943,-0.453822940289352,-0.907797521612643,-0.660982817851633,-0.00652810323800724,1.33136280929888,-0.34476848053886,-0.586845013885375,-0.0381763034178386,-1.07279557770906,-1.76381144898785,0.413283929954837,0.294997464739033,-0.70339391206371,0.246029414243294,0.626803257494137,-2.28082892918333,2.53613612270308,-0.263347611309168,-0.391348688885798,-0.321861540250354,-0.413219819433159,-0.316872478427771,-0.14464089114809,-0.679746830292226,-0.465840642700386,0.878506043477017,-0.777184479464502,0.509001569497905,-0.324717903551093,-0.65635599605476,0.376828550089045,-0.931604678020002,1.83434586202605,-0.239279720112616,0.968220127909451,-0.0977690742382896,0.682832724400303,-1.56531543697313,-1.26736429209379,-0.484226741696171,-1.10450778395871,0.281459459960805,-1.00826650825885,0.22717454329497,0.649747137552387,-0.739281849167541,0.351977477180183,-0.286904425214791,-0.416640719459369,-0.739004709724335,0.294983219209284,-0.14865780744537,0.678929691805134,2.83920029553034,-0.183536053079654,0.490563939497149,-1.15122030423583,-0.0132359495005283,-0.838101809661048,-0.347866910099853,1.24896822722633,-0.236728129982936,2.06752579612401,0.0512926106647712,-0.959847858576748,-0.277522937462631,0.261208422753086,-0.121200695287352,2.98132130185021,0.565371666400276,-0.533447461928133,-0.0705609496871936,0.251689308836056,0.569447023159616,-0.037992457373652,0.514588735598435,-1.02533734250561,-1.1288425117501,-0.217427187171022,0.364971944713428,0.878506043477017,-1.00672353855961,-0.241958561604024,0.176251652332003,-0.649009732299257,-0.569295082344151,-0.267933252874971,0.106554821172549,-0.924450780392009,0.648228546406218,0.682832724400303,0.189443387813436,-0.867503152253548,-0.598673237091449,0.682832724400303,-0.149937701058835,-0.343942476362171,-0.44257322543477,1.35548620609065,-1.14977363056188,-0.481197144366448,-0.265657561852559,0.38425957503777,0.374882417342708,-1.29550079100987,-0.293190120292925,-0.723488865413399,-0.777126743249906,-1.23321624918318,0.199830121136733,0.428804273352702,-1.38334975138032,1.1062532926726,1.80360215283486,-0.154568900959218,-0.998566532067046,-0.267933252874971,-0.576901296561691,0.627044535799378,-0.970344763376429,-0.000690227188266011,-1.06620959988649,0.304440963286713,-0.785229419645906
comm.and.crime_point_0464,comm.and.crime,regression,0.37,0.272897288008036,anomaly,-0.224640267159436,-0.867866213748302,0.0189685659473083,0.528991834282321,-0.550930207394384,0.804312163562517,-0.544247527234835,-0.533447461928133,-0.091611108832858,-0.166244194413711,-0.337911430842786,-0.296700874734808,-0.499564470154296,-1.56531543697313,0.520038833328871,0.11943140555999,0.0413031744765323,-0.144252122992213,-0.236918153797056,0.0550186540907768,-0.174546969317801,0.425322062429169,0.103340488803673,-0.0966206978711041,0.168431311655657,-0.14265187121042,0.960248140763403,-0.0342954753953406,-0.277522937462631,-0.713534013953022,-0.823995980623335,-0.609013020247796,-0.0558097899312211,0.427703707171417,0.281129612160397,-0.82211313400597,-0.174383457439118,-0.508860858999424,-0.168225438914154,-0.445267871002372,-0.0823847549525736,-0.442814444923462,-0.45898575186003,0.532049694293523,0.441053158743122,0.529882184604888,0.484426181123479,0.141594576137679,-0.36444325550718,0.133016085671751,-0.149937701058835,-0.347885794497196,-0.230075729421995,-0.959478323882113,-0.90374574703244,-1.03761427122343,-1.01491959621532,-0.684350728885536,-0.64369508486844,-0.653776320283739,-0.608454173918587,0.546999706382,-0.503316572060594,-0.0895765918335127,-0.00991393021036301,0.577398462198459,0.668496977088488,0.0311816151752862,0.849381873054233,-0.601380811530617,-0.319901234201248,0.726172755495118,0.818694918397941,-2.88391294853786,0.763017663402644,0.759843941378858,2.20474440874806,0.756333805638724,-0.800827005447445,-0.644994724379254,0.558365350335113,0.416811816300365,0.302050946381135,0.563648629594096,0.896141268044168,0.95469044940847,1.01168365715287,0.943214105202603,1.12266556301406,1.79748316408874,-0.286904425214791,-0.127274097367549,-0.586463083611209,1.18000319046612,0.633849512110727,0.566402014615565,0.849911231176784,1.96209543931977,-0.949587954657186,-0.138329585106176,-0.391348688885798,0.0446822618622457,0.455215483407476,-0.296225771543798,1.07072281732671,-0.423751167976071,-0.00652810323800724,0.133016085671751,0.114002523928599,0.385056113761999,-0.380561081597017,-2.09869121244796,1.62268954961346,1.24040486303943,-0.091611108832858,-0.555677486507623,0.298246833296102,0.287579502381766,-1.06931551806772,-0.531713688779321,-0.658393792953314,-0.391348688885798,0.865796089126112,0.226288134846476,0.331061606670478,-0.317395570362999,-0.483983670212399,-0.121085140456948,-0.10075369417069,-1.17994609083031,0.0781269390163294,-1.23504806525446,-0.213318223552372,-0.8289128675117,0.342857548364707,0.0352672065190975,0.641654500246602,-2.67873207880982,0.660797206038557,-1.56531543697313,0.682832724400303,0.212409265870761,-0.0123933177430025,-0.851221389523392,-1.8496485077104,-0.266432822203958,-1.11075890620342,0.252720923722782,-0.478351146053977,2.93264786707262,-0.286904425214791,3.35219097202891,-0.257216700834412,0.0391120955346223,-0.626298265141257,-0.105964675924132,1.15226186010498,0.272900576804145,-0.103565429551178,0.643293485923684,-0.844839901037864,-0.543205919690318,0.269805947192317,0.601034142128082,-0.826699247575706,0.247859743337919,-0.23600364120476,-0.959847858576748,-0.433845179637909,0.261208422753086,-0.277522937462631,-0.34476848053886,2.60932884078986,1.10102003039773,-0.864272121234376,-0.166244194413711,-0.640100742275393,-0.51147345739279,0.0895131571638354,0.559441094015736,0.617322065653698,-0.138628602798245,-0.0536383847421805,0.569266126325109,1.07072281732671,-0.241958561604024,-0.767702135816429,0.589342207685384,-0.78049817719312,-1.13789507336882,-0.358091987495182,-1.12021394047183,-1.18068191813137,0.682832724400303,0.471376515769501,-0.778386370841756,0.936160966283394,0.345610500194289,-0.241958561604024,-0.59830836089083,2.09186391275286,0.940330818808414,2.66667160660999,-1.09892968355255,-0.343626531286471,-0.399640769102202,-0.432151904040676,-0.0800332904192877,0.451234030637584,3.52550175095922,-1.29268835435763,0.726172755495118,-0.639146084251652,-0.408317051363656,1.05603863645312,-0.708757207400764,0.898725322117096,1.09306603880586,-0.42964182185941,2.8536944559559,-0.890859043653398,-0.352113179076581,-1.01975530649992,-0.230075729421995,-1.73297964761169,-0.695793398648614,0.0218049017374774
comm.and.crime_point_0904,comm.and.crime,regression,0.18,0.235343510090838,anomaly,0.934069217061446,-0.171897892729153,-0.375024355916575,-0.448305952557865,-0.629843707397574,0.845289154649251,-0.496372568292438,-0.533447461928133,0.681606038310923,1.36617865083543,1.94430845843608,-0.408317051363656,-0.499564470154296,-1.56531543697313,0.137926467172162,0.447456505679301,0.139290717494029,0.248850401944395,-0.524905716995868,-0.485189123949481,0.243204504917087,0.374882417342708,0.312645653531477,0.117507306079973,0.459817773083194,-0.14265187121042,1.01142236549834,2.15053449068482,-0.277522937462631,0.161838566612595,-0.964603692743623,-0.905297656480906,1.13925809154273,-0.264778411457355,0.625885114403834,-1.16798693587037,0.737521119865853,-0.961299274358306,0.475925353586706,-0.883719295584461,1.68462816754513,-0.842426782302506,-0.894699910017088,-0.56760401811193,0.243010035727013,0.481421648160263,0.392997330658716,0.977073280982603,0.347251694119508,1.16017042020929,-0.333979422149212,-0.652304948129686,-0.34476848053886,0.957555521629844,1.18231152372889,0.798631967738489,0.267330495563925,-0.260247250082155,-0.220563285821935,-0.358091987495182,-0.438112633336816,0.502921411190013,-0.548829847861638,-0.649181537796562,-0.691582097088426,-0.189330851725441,-0.281327002043937,0.136833510943376,-0.368353864419804,-0.649009732299257,-0.145996364790864,0.726172755495118,0.287008180691474,-3.70855272760961,-0.316872478427771,-0.434074812882258,2.99845558029525,0.756333805638724,-0.677292433989011,-0.499571897557428,0.647482131746904,0.675943835122729,0.939664314033033,0.882813236972367,0.896141268044168,0.95469044940847,0.964824256168832,1.35619388751754,0.695483322687741,0.343643763005101,-0.286904425214791,-0.226875569169311,-0.54319816856734,0.00542422998716656,-0.358695607590779,-1.02943759984065,-0.814895687940138,-0.230503261067549,-0.70339391206371,-0.443933312379363,-0.391348688885798,0.135969587839005,0.455215483407476,-0.217427187171022,3.14816917321302,-0.601674905382743,0.799837073718665,-0.209368692507428,-0.34476848053886,-0.20888346424473,-1.23652302704496,-0.20888346424473,-0.811358043131231,-0.799826771902559,-0.413784920142767,-0.06328940132067,-0.902753804918476,-0.487789080732225,0.0937373566032682,-1.12168480637209,0.0329370249239415,-0.391348688885798,-0.595936377798769,-0.413219819433159,0.817012170494165,0.805509844533911,0.886358450346385,-0.580759143448198,-3.70855272760961,-1.38132689651321,-0.735747363004424,3.25591406581547,-1.22022225196689,0.212409265870761,-1.11367071036067,-0.282217262099776,1.03318082040625,0.107703315088049,1.18231152372889,-1.56531543697313,0.682832724400303,-0.609687155220656,-0.366268385707879,-1.23115098117636,-0.236918153797056,0.0759519559752211,-0.632925531382569,-0.0946770133781229,-0.565328047091832,-0.69021633412253,-0.286904425214791,-0.525882217763377,-0.846068711699873,-0.779675500224294,0.137926467172162,-0.472248714197789,1.24598066207306,-0.868190997905353,0.985671747037421,0.94967388912165,-1.01991441715099,-1.13299769963178,-0.594936053016721,0.331061606670478,-0.295725241742213,0.578708116571755,-0.982973896065542,1.28285890313643,-0.199361816374992,-1.18813086037385,-0.433845179637909,-0.34476848053886,-0.521839596572905,-0.361398252209622,-0.123475027790339,-0.584177697663477,-1.3888684065923,0.593315542651865,1.02467942971995,-0.761207603085388,0.194009440828534,-0.375024355916575,-1.25714308192706,0.620806112517094,1.31803785969412,-0.241958561604024,-0.826699247575706,-0.553751890761977,-0.231370130585801,0.44850589341408,-0.78049817719312,0.152246600047036,1.06120832872116,0.682832724400303,1.47828054418402,-0.64471119872407,-0.697694798599504,-1.56531543697313,-0.333979422149212,-0.801801068513758,-0.696016939253532,-0.720290730320524,-0.56760401811193,-0.144252122992213,0.0462183158830917,-0.791590941172187,-1.08786729016467,-1.20546616133649,-0.491703227207728,-1.28073353641309,-0.167826657395328,0.726172755495118,-0.429402032904556,0.428804273352702,-1.0174414932053,1.73756129269811,-0.709944599158927,-0.199127291665113,-1.18820810213626,0.755551241823674,-0.472248714197789,0.569447023159616,-0.970344763376429,-0.230075729421995,1.44700058000083,-0.217420442940414,-0.58347083930006
comm.and.crime_point_0121,comm.and.crime,regression,0.22,0.154071641780831,anomaly,-1.0174414932053,-1.56383453476745,0.0189685659473083,-0.203981505847819,-0.393103207388005,0.59942720812885,-0.209122814638054,0.154749376945913,-0.478219682404748,-0.0965886105387498,-0.397969848981704,-0.798973669564622,0.0462183158830917,0.682832724400303,0.281218604480928,1.15817755593781,-0.791590941172187,-0.368882137241703,-0.928088305474204,-0.845327642642986,-1.30844382795535,0.173123836996862,0.260319362349526,0.171039307067742,-0.647450780341448,0.889055645386725,-0.216759028140039,0.5119120161247,-0.199361816374992,-0.494690868811617,-0.777126743249906,-0.312728384014686,-0.199217935708095,-0.512093453824773,1.08555911739508,-1.0691658496234,-0.687329782173164,-0.760215534198803,-0.060866973497344,0.924892830816656,-0.424387256081161,0.927284997518976,0.902620992380776,-0.308861968134177,0.243010035727013,0.239118965937142,0.392997330658716,0.0893771570848711,-0.0679036931627271,0.36127260445787,-0.241958561604024,-0.347885794497196,-0.000690227188266011,0.455475228757665,0.281514065900134,0.401605753908883,0.575070517590943,0.587959707524607,0.414134412747824,0.444479772930899,0.498765839862923,-0.202331311881772,-0.0936970898511967,-0.547435183985099,-0.534274058578104,0.0465858602511433,-0.15468380482628,0.136833510943376,0.747903894931396,0.0654240792303436,0.375718243440288,-1.23321624918318,0.154086496264857,-0.66769354228252,0.817012170494165,0.0710446600743682,-0.546787652615503,1.444604256453,-0.347866910099853,-0.0633034170919484,-0.199127291665113,-0.101452221344363,0.0470055993203757,0.426863797860551,0.418307893223313,0.350548032359759,0.449370845344417,-0.000739682945828393,1.22946112309564,-1.21404130958451,-0.286904425214791,-0.226875569169311,0.451894877441661,-1.75644421073127,-1.40638212283126,-0.580607708274842,-0.613100909865359,0.226288134846476,-0.555677486507623,-0.574906338353587,-0.391348688885798,-0.137892390091274,0.842367611990508,0.570558656556745,0.477166715644901,-1.72852524229167,0.511849510519854,-0.780009989472726,-0.34476848053886,0.43905062085352,1.16017042020929,0.223072592487436,0.670236143756844,1.2955462585784,0.55273651378696,-0.949587954657186,-1.7382325097634,-2.13544731984946,-0.87547337228922,1.23819966399899,-0.312728384014686,-0.391348688885798,-0.0477867027019386,-0.595936377798769,1.46494625559241,-0.749282268400272,-0.532924460232356,1.31539611889071,1.29082593301289,0.0283387432671127,-0.639997445119629,0.52492358070538,-0.898012962874244,-0.719300011366178,-0.324717903551093,1.46394731530403,-0.483983670212399,0.558450217042117,-0.00294828920368394,-1.56531543697313,0.682832724400303,1.08931211503494,-0.543205919690318,-0.471291797870422,0.627044535799378,0.24714434506481,1.42175798034711,-0.590959780665129,-0.782770299686468,-0.888729441037333,-0.189444898148642,-0.635123716067385,1.72346733571305,-1.64963732071814,-0.0531297159061927,0.103340488803673,-0.20666076843211,-0.457398031009934,0.738117843267285,-0.669765384924741,0.643293485923684,0.872294352169189,-0.14197595766913,0.655028649219603,-0.531713688779321,0.247859743337919,-1.67248490055242,1.33625668317722,-0.35568405855027,0.529604586295112,0.0351215468879261,-0.115382978305131,-0.695793398648614,-0.533447461928133,1.25229100289144,3.52550175095922,0.511849510519854,0.869512792663029,0.259543388537675,-1.44794492557797,0.246923518931679,0.176565734692862,-0.210617258288034,-1.33771336277832,-0.116389386036903,-0.149937701058835,0.530234322887664,-0.649009732299257,-0.10464827367642,0.141460545004487,-0.400332606464976,0.348009760126863,1.23819966399899,-1.56531543697313,-0.736908318327921,-0.956619933665339,1.53029033533172,-1.56531543697313,0.12612488057673,0.978760123186855,0.57120162984028,-1.78783315476056,1.63170340669898,0.305007905506768,-0.265657561852559,-0.546622083628446,-0.432151904040676,0.100035968927465,2.98227614380132,-0.375210946038594,-0.308434369515615,0.726172755495118,-0.376966020067782,-0.966397934507894,-0.224640267159436,-0.669300457399169,0.194932231558836,1.18218282021765,-0.00294828920368394,-0.984372399164023,-0.733880170107544,-0.409710691716343,2.63662488463807,-0.34476848053886,2.11377062772603,-0.521839596572905,-0.179953678608368
comm.and.crime_point_1035,comm.and.crime,regression,0.05,0.139611257225103,nominal,1.17800805584479,0.176086267780421,-0.453822940289352,3.27764185977035,1.18516679267579,-1.08062942642722,-0.687872404062027,0.326798586664425,-0.413784920142767,2.13239007346,1.22360744076907,-0.352508963049232,-0.499564470154296,-1.56531543697313,-1.05617467706755,-1.24733984493714,3.47086718008891,-0.930457172865427,1.83659230123439,0.100035968927465,1.49645892762175,-0.986987999991752,-1.57110082901876,-1.38138872157757,-1.23022370319652,-0.385406580997984,-0.933198174429091,-1.34519345504344,-0.35568405855027,0.161838566612595,0.769558090073254,1.51436020608949,-1.29868038666413,1.07072281732671,-2.87912915840445,-0.673881504635512,-0.630335746091604,-0.106693378680418,-0.866055464123419,2.07582782034464,1.5706273338356,2.9253466844142,2.75440616454827,-0.632289530606369,-0.00454386804312309,-0.197025862064479,0.210139629729191,-0.276144776284783,1.88925741831066,1.90200410626417,-0.149937701058835,2.30490968715737,-0.34476848053886,-0.137892390091274,0.423745243452043,0.351977477180183,1.03668055063147,-0.514709337364183,-0.432129185345187,-0.44257322543477,-0.352941863045931,-0.0260181311138255,-0.321263468856418,-0.496562007079367,-0.534274058578104,-0.897080987655194,-1.42111577700285,-0.0216443327087585,-0.0639199300512947,-0.125091603844216,0.259781663833366,0.726172755495118,-0.37760024144161,-1.23463339039435,0.169078085395916,-0.571834669143156,1.94017401823234,0.0250464516485512,1.42279528080437,0.082119409729878,-1.00117832437123,-0.965225617418908,-0.973175788922662,-1.30574407076435,-1.25410891864968,-1.22022225196689,-1.05012998614479,-0.531713688779321,0.214903302320632,0.499412270264063,-0.286904425214791,-0.226875569169311,-0.54319816856734,0.886358450346385,-1.57180630944818,-2.87462715405565,0.698565147620701,-0.413219819433159,-0.555677486507623,-0.70587936432781,-0.391348688885798,1.87042878139744,-1.56657896585947,-0.453822940289352,1.61481591053503,1.0589466437462,-0.870490792834442,0.4183367341544,-0.34476848053886,-0.748828535159937,0.24714434506481,-0.478855999702333,1.14646284668515,0.413283929954837,-0.800393493714657,2.98951672683844,-1.11162348112971,-0.0516442527306052,1.06294808549576,0.23524876409128,-1.59662847435816,-0.391348688885798,0.865796089126112,-0.321861540250354,-0.910812056434499,-0.576527589185363,1.47364793058586,0.568425864029928,0.517726140133124,-0.938289124010825,-0.639997445119629,-0.628161290785547,-1.13966992969373,-0.00681644642028318,-0.324717903551093,1.7814317839229,-1.51174026063149,-0.0562046492588845,3.0313168319037,0.682832724400303,0.682832724400303,0.815279974671134,-0.838101809661048,-1.5477589742205,2.41256742763201,1.27429867960235,-0.202875494043799,-0.739844610851231,1.04374462210848,-0.193933566835524,0.102933683049804,0.0203252737566635,0.759891317933204,0.346157443944216,1.76190402333818,0.835908565350987,0.777386652232682,1.77914145542068,-0.00454386804312309,1.12474840523477,-0.494690868811617,0.813315174175043,-1.00671795787817,-1.28877360607514,0.353242987609834,-0.082988629895916,-2.87912915840445,-1.2268367587807,-0.35568405855027,0.153849957336276,0.425927152326122,-0.34476848053886,-0.43486269553505,0.154749376945913,0.352751675137971,-0.0269330266637888,-1.8496485077104,2.48723954272842,-0.930668231079202,-0.444251915781118,0.881892456169426,0.334162903438415,-0.00131209356022966,0.826966057285032,0.526629724118384,-0.333979422149212,-0.590710800538598,0.446455445379464,-0.611535701313945,-0.319107477609904,-0.696016939253532,-0.141398140072703,3.0081130167773,0.682832724400303,0.350548032359759,-0.555594417312278,0.0449669127109041,0.682832724400303,-0.333979422149212,1.64011142296137,2.51427010245079,-1.37267776747832,0.337993156810208,0.81042543756812,-0.0317506535508209,-0.056684368540964,0.1226841919104,-0.575223753622857,0.749003691009788,-0.375210946038594,-0.58964979375619,0.726172755495118,2.40214266028124,-0.575741316306927,0.324222120103087,-0.590386957395979,-0.106693378680418,-0.154568900959218,-0.0977690742382896,-0.165584803405107,0.888234856532939,1.54860473803558,0.51197153032816,-0.34476848053886,-1.3739496219135,-0.304397343978269,-0.331272613867753
comm.and.crime_point_0765,comm.and.crime,regression,0.04,0.098496240433794,nominal,-1.20039562229281,-0.519882053238727,-0.375024355916575,-0.814792622622935,-0.51147345739279,0.763335172475784,-0.44849760935004,-0.447422857068877,-0.735958731452675,-0.375210946038594,-0.458028267120621,0.149763831780583,-0.265657561852559,0.6153882795591,0.376746696020106,0.611469055738957,-0.546622083628446,0.81042543756812,-0.121723128517532,-0.98037958715305,0.481919633051309,0.425322062429169,0.312645653531477,0.171039307067742,-0.181232442057388,-0.324717903551093,1.06259659023327,1.71356849746879,-0.35568405855027,-0.932377159094426,-0.167826657395328,0.131698570334978,-0.486034227261844,-0.462630445351289,0.970640616647273,0.857845332192564,-0.687329782173164,0.044119426439209,-0.543980067872989,0.157602837798,-0.196385588662103,-0.385726968155027,-0.132200133242237,-0.502918505617492,0.589585501005203,0.578342721049512,0.758712732517766,-0.223927357231975,1.47410203102843,1.78787584687111,-0.333979422149212,-0.695793398648614,-0.230075729421995,-1.18769663882401,-1.47267045724008,-1.58352531523914,-1.47652962925584,-0.641940381005198,-0.64369508486844,-0.611535701313945,-0.523283403627701,-0.114174721497799,-0.275750193055373,-0.801801068513758,-0.796454122761974,-0.602185097684464,-0.281327002043937,-1.1309892382737,0.697164905869978,-0.696638653067897,0.201813374029904,0.726172755495118,-0.37760024144161,0.517726140133124,0.49304512794504,-0.847354381664952,-0.917186199337522,0.0250464516485512,-0.84200519593359,-0.402623346342877,0.602923741041008,0.460000486104092,0.302050946381135,0.335673910038188,0.22717454329497,0.269995710086597,0.168214439440191,-0.649707912297875,0.481892202524582,1.07056346354692,-0.189444898148642,-0.226875569169311,0.192305387178444,0.445891340166776,1.18526346750045,1.36432182184367,0.950808620214174,-0.321861540250354,-0.407961060951538,-0.662221689003069,-0.391348688885798,-0.0922487271028942,0.111080258000336,-0.375024355916575,-0.165852394510387,2.3044128055929,-1.3888684065923,-0.266432822203958,-0.34476848053886,2.05888583359914,-0.266432822203958,0.817012170494165,0.987720612375717,1.46097044519532,3.71003986462407,-0.8018715291011,0.0893771570848711,-0.584710153621474,0.626803257494137,-0.472716577020044,-0.0658245204870952,-0.391348688885798,-0.504578098615964,8.53989154048173,-0.694834028068417,-0.14464089114809,-1.21809552051175,0.0512926106647712,0.105406250597248,0.269995710086597,0.269626774785918,-0.324717903551093,2.32407992805221,0.486441406234567,-0.81022732312622,1.62268954961346,-0.0435165600327901,0.0257493329145824,-0.287410644307502,0.682832724400303,0.682832724400303,-0.280848586784089,-0.189330851725441,1.93492894926506,1.49100722539581,0.24714434506481,0.322741218259141,1.9897106092273,-0.826258750205395,0.203092646994081,-0.286904425214791,0.23880827036468,-1.06019671565095,-0.421455927079768,-0.912882539758789,-1.15249049956315,-1.51872399598517,-1.46155861675429,1.03518252779145,0.118069937584314,-1.06368304617927,0.40046092821602,-0.594936053016721,0.49304512794504,0.0582574288134486,1.79181881842915,-0.23600364120476,0.214903302320632,-0.121200695287352,-1.45652702391587,-0.433845179637909,0.343388026162328,-0.304397343978269,-0.490435159498505,-0.22930318399663,0.669622812085821,1.14542214955724,-0.669300457399169,1.23721721893725,3.14791254033394,-0.335131340202921,-0.453822940289352,-0.681553878925593,1.03312600205297,-0.512093453824773,-0.333979422149212,-0.590710800538598,1.01800249460314,-0.696016939253532,-0.0632363539352424,-0.696016939253532,0.935299240366342,1.59218233455465,0.682832724400303,0.350548032359759,-0.822944761547652,-0.697694798599504,0.682832724400303,-0.333979422149212,-0.343942476362171,-0.738257558223326,1.47410203102843,-0.438232993123054,0.978897948255237,-0.0317506535508209,-0.693603398154691,1.08103744855317,0.325122543110906,-0.392446673750327,0.251689308836056,-0.355303606889044,0.726172755495118,-0.429402032904556,-1.07801411113674,-0.346609686551107,-0.550930207394384,-0.20723524876017,-0.243685682371009,1.04008034617698,0.44850589341408,0.155666779985624,-0.00652810323800724,-0.0315444440301896,-0.230075729421995,-0.45072955583245,-0.826258750205395,1.38367531907194
comm.and.crime_point_0003,comm.and.crime,regression,0.43,0.120896797245006,anomaly,-0.285624976855271,-1.56383453476745,-0.453822940289352,-0.26506261752533,1.22462354267738,-0.793790488820086,0.0781269390163294,-0.447422857068877,-0.220480633356821,-0.166244194413711,-0.337911430842786,-0.575741316306927,-0.499564470154296,-1.56531543697313,-0.291949944754136,0.11943140555999,-0.497628312119698,-0.593512151491192,-0.524905716995868,0.370139857947594,2.15292552999086,-0.482591549127137,-0.419922423015838,-0.41781270379772,-0.12295514977188,-0.81022732312622,-0.165584803405107,0.0203252737566635,-0.35568405855027,-0.144541836585371,-0.214695894768757,0.230460115746014,-0.82065323407455,-0.0174633690899362,0.453507363282115,-0.377418245894594,-0.858311890417847,0.49655784179809,-0.651338533289799,0.924892830816656,-0.139385171807338,1.26980985812958,1.12047807145931,-0.244176455639738,-0.94524870236964,-0.87547337228922,-1.06986427677748,-0.798318966812861,1.23687038115287,0.817785642030109,-0.241958561604024,0.913279270551694,-0.34476848053886,-1.14205297583563,-1.42526006472277,-1.23612737813824,-1.2200796109,-0.684350728885536,-0.686008264773091,-0.611535701313945,-0.565868788773144,0.41476482080604,-0.503316572060594,-0.343942476362171,-0.272093994394233,-0.0123933177430025,0.161924188217862,0.136833510943376,-0.723526787849732,-0.172720524612857,0.0858767944229815,0.726172755495118,-0.444061083654919,0.723886084901063,-0.748828535159937,0.39248432468313,-0.70552988692494,0.111080258000336,0.846300613998343,1.00313064626811,-0.377360854488696,-0.403772909970454,-0.463085094801143,-0.348250248629537,-0.394008843972142,-0.616079834918179,-0.347238971384223,-0.0597367947051054,-0.319074498087268,-0.642890116301655,-0.286904425214791,-0.226875569169311,-0.326873593347992,-0.581865250252313,0.0272941611820292,0.217312098953267,-0.461754826309275,-0.504578098615964,-0.112528209839365,-0.618564013678328,-0.391348688885798,-1.09640931284725,-0.620207095989836,0.0189685659473083,-0.512093453824773,0.58448334399507,0.396654485240329,-0.894138248865786,-0.230075729421995,1.08698470595177,-0.323496951900488,-0.316872478427771,-0.493873574512357,0.0272941611820292,-0.607089206928712,0.281382258310197,0.141594576137679,-0.681631226510723,-0.730091762955347,-0.0597367947051054,0.181079343040496,0.024748829317402,-0.595936377798769,0.683079530760502,1.41095174850089,-0.792470938203999,0.445891340166776,-0.293462891578667,-0.66769354228252,-1.22022225196689,-0.544247527234835,-0.264029226104202,1.03524277168163,-0.445267871002372,0.0394141611302526,-0.758443965028085,0.348009760126863,0.968220127909451,-1.70972241982659,0.682832724400303,0.682832724400303,0.376828550089045,0.341481750221874,-2.37093975613527,-0.755295767554917,0.133016085671751,0.752791255597911,-0.888729441037333,-0.260908893459341,-0.69021633412253,-0.286904425214791,1.33122325340476,0.706359316945435,-0.267933252874971,-1.2949949059155,2.19639213608172,-0.0660825654799971,1.23141749956012,-2.23252900197435,0.730830743980246,-0.669765384924741,-0.0123933177430025,-1.04789614836431,0.385056113761999,0.176251652332003,0.303001138876892,-0.178544390830854,2.03042782370749,-0.277522937462631,0.100170724627871,-0.277522937462631,-0.34476848053886,-0.565328047091832,-0.490435159498505,0.670236143756844,-1.28073353641309,0.16626443468128,0.908969542664623,-0.930668231079202,1.24617841650832,1.41103323720088,-0.217427187171022,-0.315269840651936,0.930046029669001,-1.20457557245354,-0.333979422149212,-0.472716577020044,-0.601380811530617,-0.527054463374357,-0.216759028140039,-0.400332606464976,-0.141398140072703,-0.826699247575706,0.682832724400303,-0.0924897401426294,-1.04573671507713,-1.2423133868938,0.682832724400303,-0.333979422149212,1.58923824605564,-0.653776320283739,-0.127211605631618,-0.56760401811193,-0.53735464792882,-0.499564470154296,0.0902969459852806,2.39246822080117,-0.620241068459545,0.15346437026538,-0.166244194413711,0.722688852699825,0.726172755495118,0.0949580954631852,-1.35705455270886,1.60490102371564,0.00146429262794278,-1.21265394955768,0.201898224687947,-0.524462606894016,-0.933198174429091,-0.367596131833887,-0.179320641157294,1.25312967718045,-0.000690227188266011,-0.348149548490111,2.0439789840438,-0.129514033521907
comm.and.crime_point_1775,comm.and.crime,regression,0.15,0.409953412554985,nominal,0.690130378278102,1.22003874930914,-0.453822940289352,-0.753711510945423,-0.629843707397574,0.0257493329145824,-0.496372568292438,-0.490435159498505,1.26151889866876,0.878589563710704,1.3437242770469,0.98688515649694,-0.499564470154296,-1.56531543697313,-1.48605108899385,-1.95806089519565,2.73596060745768,-1.04277217999017,1.03022712427771,1.63062467337486,-0.174546969317801,-1.39050516068344,-1.1001642083812,-1.16726071762649,-1.28850099548203,-0.446095258444874,-0.933198174429091,-1.34519345504344,-0.199361816374992,2.08765824385695,0.816427327446683,0.773648615506715,0.0875983558456533,1.71374192748199,-1.61502565017851,-0.476239332141566,1.19347340851834,0.49655784179809,-0.275583904330964,0.486441406234567,0.0886164956117204,0.813110043982106,0.739228183071879,-0.761660555595246,-0.648184017845477,-0.778552299399972,-0.978435426312722,-0.798318966812861,0.287943781650617,-0.837074119169256,-0.333979422149212,-0.652304948129686,-0.34476848053886,-0.457398031009934,-0.666693784445925,0.798631967738489,1.29313056898732,-0.684350728885536,-0.686008264773091,-0.611535701313945,-0.565868788773144,0.767391182341933,-0.548829847861638,-0.649181537796562,-0.691582097088426,-0.95606016564934,-1.29447257978519,-0.285774072128984,-0.723526787849732,-0.220349445381496,0.607591402654133,-1.23321624918318,-0.244678557014993,-1.44079333516229,-0.586845013885375,-0.0667151961865298,1.14646284668515,0.197114064352121,2.78167556684714,0.712284992624459,-1.04573671507713,-0.965225617418908,-0.930668231079202,-1.30574407076435,-1.34967559361385,-1.42160305764979,-1.28442699106498,1.35619388751754,-0.158881157964898,-0.590967280548668,-0.286904425214791,-0.226875569169311,-0.759522743786688,0.00542422998716656,-0.579261189746669,-0.730217672130112,-0.360857437271886,-0.139144981884744,-0.851110337619796,-0.70587936432781,-0.391348688885798,-0.411754368021554,-1.22244374045233,-0.453822940289352,1.66427891900851,0.228635869181726,0.223861947321042,0.190080215368281,-0.34476848053886,-0.424861492610813,0.817785642030109,-1.12679008480058,-0.335131340202921,1.46097044519532,0.488301751524978,-0.654155103545014,-1.7382325097634,0.287579502381766,-0.972394445178469,0.589231434646941,-0.954678429186424,1.39787063938796,-0.321861540250354,-0.504578098615964,2.05888583359914,0.0713024578705468,-0.973391570411965,1.48777387001243,0.775426071093047,-0.535527512645018,-0.44849760935004,-0.14265187121042,-0.575803673781598,0.376828550089045,-0.385406580997984,-1.49924105847212,0.592713710226646,-0.015227658172151,-0.00294828920368394,-1.56531543697313,0.682832724400303,-0.554880727147895,1.46208613211065,3.20136092144162,0.396654485240329,0.475400863850929,1.70845800523962,0.649747137552387,0.304440963286713,0.15346437026538,0.00547415598365529,-0.307399221155361,-0.631940707748796,-0.779675500224294,0.233454558711339,1.51615035071635,1.33969946404113,-0.00096140112613429,1.28273643156158,0.599524856895403,0.818368002036808,-0.0713724957371486,0.146271375733883,-0.370866985519292,-0.94469347109426,0.633849512110727,1.2004776181429,0.375096642443002,-0.35568405855027,-1.02709316224863,0.973054999939597,-0.115382978305131,-0.43486269553505,-0.490435159498505,1.7814317839229,0.669622812085821,-0.00652810323800724,-0.590386957395979,-0.633115326174983,-0.338600020013028,0.194009440828534,0.0189685659473083,-0.943185334835349,-0.358453625130612,0.32877769022445,-0.241958561604024,1.23819966399899,-0.315607286918777,-0.653776320283739,-1.08672084863389,1.07808905747781,-0.532924460232356,-2.53761548859474,0.682832724400303,1.5185567053206,-0.199127291665113,-0.103565429551178,0.682832724400303,0.494208322757484,0.012169761977951,-0.231370130585801,-1.4912935924161,0.0145655943380156,-1.26740219423966,0.825908010222217,0.678222204090259,0.0722445468239389,-0.395154494276104,-0.987985994494734,-0.862800033163321,3.20675843349157,0.726172755495118,-0.534274058578104,0.149763831780583,1.17800805584479,-0.708757207400764,0.848454387077221,-1.04573671507713,0.518566028486648,-0.728501275489362,0.521950818259281,0.281459459960805,0.857845332192564,-0.34476848053886,1.29313056898732,0.173975611729931,-0.93654835490529
comm.and.crime_point_1578,comm.and.crime,regression,0.14,0.130429445300717,nominal,-0.773502654421958,0.87205458879957,-0.0598300184254683,0.10142405253974,-0.669300457399169,0.722358181389051,-0.400622650407643,-0.275373647350366,0.423866989262996,0.112378141086133,-0.157736176426034,-0.575741316306927,0.0462183158830917,0.682832724400303,-0.291949944754136,0.666139905758843,0.727215975599007,0.0803778912572774,-0.640100742275393,-0.395154494276104,-0.472940879485578,-0.331272613867753,-0.419922423015838,-0.578408706761027,0.0518767270846419,-0.264029226104202,0.141460545004487,-0.908227461827405,-0.121200695287352,-0.144541836585371,-0.683388268503048,-0.609013020247796,0.231006501622527,-0.462630445351289,0.510966613656022,-1.01975530649992,1.36445551676302,-0.508860858999424,0.798000749837136,0.157602837798,-0.595388506645455,0.0709728459924523,0.0856569458362924,0.726106231776839,0.589585501005203,0.77218486682801,0.484426181123479,0.715986185718564,-0.36444325550718,-0.152304562810898,-0.241958561604024,-0.739281849167541,-0.230075729421995,-0.503041693998314,-0.0977690742382896,0.500862307366285,0.216040491892755,-0.59953003312486,-0.559068725059139,-0.484813844404564,-0.523283403627701,0.591078001573987,-0.412290020458506,1.13137965390405,0.986370313688344,0.341481750221874,0.668496977088488,-0.127296228476849,0.291252993378632,-0.172720524612857,-0.203964654594325,0.726172755495118,-0.244678557014993,0.517726140133124,0.169078085395916,-0.158555100360462,-0.123475027790339,0.0250464516485512,0.105093185247738,-0.790417551201081,-0.689269589429965,-0.662904928792817,-0.633115326174983,-0.71300979991899,-0.776275543828826,-0.777184479464502,-0.8158329812246,-1.18068191813137,-1.49382565898465,-1.00634996657257,-0.0919853710824933,-0.226875569169311,-0.629727998655079,-0.288220510132573,-0.248412816512834,-0.281387780564301,-0.915793076977527,-0.230503261067549,0.084427024235416,3.44159979152259,-0.391348688885798,-1.27898396480077,-2.12579870714607,0.0977671503200851,-0.660482479245224,1.94856533077955,-0.179320641157294,-0.894138248865786,-0.34476848053886,-1.12679008480058,0.36127260445787,0.00709456412135369,1.14646284668515,0.0272941611820292,-0.091611108832858,-0.900349146138491,0.977073280982603,0.529882184604888,-0.245486398509103,1.23819966399899,1.02055247903431,-0.391348688885798,-0.413219819433159,-0.504578098615964,-0.748828535159937,-1.05160295702636,-1.31597710055166,-1.44264789905679,0.981586015860986,1.59910902759376,-0.639997445119629,-0.385406580997984,-0.938289124010825,0.705667118525611,0.221480193470925,-0.282217262099776,0.837417660326429,0.722358181389051,0.660797206038557,0.682832724400303,0.682832724400303,-0.00681644642028318,0.105565038245289,0.415210582653175,-0.58250322963563,-0.837074119169256,-1.30189225613177,0.550490584094985,-0.695793398648614,-0.739844610851231,-0.286904425214791,-0.798985963523397,-0.310748701822181,-0.4726301518147,1.2364995198727,0.312645653531477,-0.628395377288449,1.87042878139744,-0.40063011407534,-0.232079094641932,-1.06368304617927,-0.307289207713733,-1.04789614836431,-0.424861492610813,-1.12168480637209,0.0272941611820292,-0.925514645691636,0.214903302320632,0.894893878851958,0.583283819003517,-0.35568405855027,-0.230075729421995,-0.869747200724323,0.842946215819959,2.68097111167637,-0.444866529913555,2.1245798644332,-0.472016707391195,-0.463085094801143,1.19335246862428,-0.652615808821794,-0.375024355916575,-0.0536383847421805,-0.770773514666489,-0.561556462298257,0.218145741121919,0.943214105202603,-0.410865128456057,2.93667629214873,0.243808994474351,-0.696016939253532,1.18000319046612,3.0081130167773,-1.56531543697313,-1.22022225196689,-0.956619933665339,-0.40063011407534,0.682832724400303,-0.241958561604024,-0.140449768739244,-0.527054463374357,-1.43198567994721,-0.696975043100807,-1.71666222273864,0.669970071354392,-0.938572255698432,0.1226841919104,-0.125050605255976,-0.69021633412253,0.59996722821086,-0.683388268503048,0.726172755495118,-0.429402032904556,1.21011750975464,-1.38334975138032,-0.629843707397574,0.245203166598712,-0.600152808018174,-0.477052214376713,0.346157443944216,-1.15249049956315,-1.21607586867302,-1.16798693587037,-0.34476848053886,-0.0404095264630932,1.26118687470311,-0.331272613867753
comm.and.crime_point_1935,comm.and.crime,regression,0.14,0.12823532272128,nominal,0.0192985716239078,1.56802290981872,-0.453822940289352,-0.814792622622935,-0.0774492073752468,0.47649623486865,-0.639997445119629,-0.576459764357761,-1.76691492764438,-1.48970028803797,-1.29884612106547,2.54951162930081,-0.343626531286471,0.682832724400303,-0.14865780744537,-1.52069409503657,-0.44863454061095,0.922740444692865,2.18217737707296,-0.800310327806298,2.80939213235997,-0.129514033521907,-0.210617258288034,-0.310748701822181,-0.00640056520086566,1.0711216777274,-1.44494042177841,-0.307399221155361,-0.433845179637909,-0.976145788122707,1.56633512542155,1.02055247903431,-0.916258664592466,-0.363704428404322,-1.21281089756117,0.166097728463756,-0.687329782173164,-0.00615150860066679,-0.275583904330964,-1.26736429209379,-0.53838808979069,-1.41330154998685,-1.33041406817415,-1.21445914305632,0.787628624021312,0.917566476161884,1.12442813437682,0.768203604771372,1.29617829362176,0.988978031119698,-0.333979422149212,-0.826258750205395,-0.34476848053886,-1.46155861675429,-1.70972241982659,0.500862307366285,0.0108804772080765,-0.769171424646212,-0.770634624582392,-0.696016939253532,-0.693624944209472,0.767391182341933,-0.685369675264771,-0.750927891608026,-0.691582097088426,-0.838101809661048,-1.29447257978519,0.0311816151752862,1.91490064334401,-0.649009732299257,-0.0300597851839413,0.726172755495118,-0.510521925868227,1.13620597443694,2.16687484778218,-0.939194285838884,0.458579831344262,-0.620207095989836,-1.00671795787817,-1.17821175605928,-0.600152808018174,-0.749282268400272,-0.845653115392282,0.0165093026599163,-0.0595254815975429,-0.253594384688952,0.0276362364880784,-1.71165592396486,-1.17343897873991,-0.850581459313604,-0.286904425214791,-0.226875569169311,-0.846052573874427,1.27788477050604,1.9021016095071,0.765881966422592,1.40484687088243,-0.504578098615964,-0.112528209839365,-0.356617961729881,-0.391348688885798,0.820624532664704,-0.792274708693406,-0.375024355916575,0.279314681750966,1.0589466437462,-1.3888684065923,0.0188878262786913,-0.230075729421995,0.331061606670478,0.703657382637049,-0.856817549342979,0.82897837806628,-0.799826771902559,0.423866989262996,0.379859875347588,0.663768766665756,-0.293946934953727,1.64447452283125,2.83112168149947,2.55135643290537,-0.391348688885798,-0.321861540250354,-0.504578098615964,0.655028649219603,0.244057137085456,-0.777628410332139,-2.82166990803054,0.363106181557171,-0.736908318327921,1.22712595363386,-0.385406580997984,-1.01884144628399,-0.390461442929611,-0.324717903551093,0.194009440828534,0.886358450346385,0.722358181389051,-0.00294828920368394,-1.56531543697313,0.682832724400303,-0.33565501485685,-0.720143453672756,0.478532181262003,0.454251997880092,-1.57890780522414,1.37397464286502,1.09640162811069,-0.695793398648614,0.351977477180183,-0.286904425214791,-1.12671045843542,0.492231312994358,-0.114410578670175,1.42755570295106,1.3591714771705,1.90201227584959,1.23141749956012,0.738117843267285,-0.275847723670213,-0.844839901037864,-1.30993523361422,-0.471401481558287,0.223072592487436,0.589231434646941,-0.138130025434889,0.22367036178649,0.481892202524582,-0.433845179637909,-0.597659300581394,-0.35568405855027,-0.34476848053886,1.87002518196809,-0.490435159498505,0.299837597034825,-0.235899778288672,0.972629611637952,-0.195819457380031,0.514588735598435,0.0311816151752862,0.881892456169426,-0.217427187171022,-0.9955116260173,0.311566195365187,-0.611019470771741,0.218145741121919,1.4741881110361,3.87573774072154,-0.358091987495182,-0.830849724959226,-0.653776320283739,1.91411504076547,-1.53466458868703,0.682832724400303,0.592204999179243,-0.956619933665339,0.0944776934649314,0.682832724400303,-0.149937701058835,-0.29306929945644,-0.44257322543477,0.169327956712836,0.726106231776839,-0.76198466217831,-0.343626531286471,0.727215975599007,1.73675283467717,0.145053283764153,-0.0946770133781229,-0.584177697663477,-1.01147293011705,-1.23321624918318,-0.639146084251652,0.596228538295973,0.324222120103087,-0.629843707397574,-0.709944599158927,1.09306603880586,0.091872495830922,0.346157443944216,-0.786206461289495,-0.294515666436819,1.00607696156302,-0.230075729421995,-0.50201955950362,-0.956724101762177,-0.734789774559444
comm.and.crime_point_0883,comm.and.crime,regression,0.06,0.014593642474111,nominal,-1.38334975138032,-0.171897892729153,0.0977671503200851,0.10142405253974,-0.590386957395979,0.435519243781917,0.93987619997948,-0.103324437631854,-0.0271763465708762,-0.166244194413711,-0.277853012703869,-1.63609499428098,0.124187285317004,0.682832724400303,2.04848829795571,1.48620265605712,-0.595615855137194,0.978897948255237,-1.8496485077104,-0.890344957479674,-0.950371135754022,1.83763212485009,1.72545551544416,1.56287133274974,1.2756998650803,0.828366967939835,1.1137708149682,1.44046475170877,-0.35568405855027,-1.10745167520755,-1.2458191169842,-1.44848615624161,1.13925809154273,-1.10564955550658,1.83252937225587,-0.179776073400649,-0.630335746091604,-1.16238301451781,1.06639691337916,-0.116429302565806,-0.367386839226397,-0.0432021075444176,-0.132200133242237,-0.050119918156423,0.936160966283394,1.01448754905113,0.850141582982528,0.611551347612948,-0.0679036931627271,0.30420847476134,-0.333979422149212,-0.869747200724323,-0.000690227188266011,-0.366110705033174,-0.42964182185941,-0.293190120292925,-0.399439552161281,-0.217836902201817,-0.220563285821935,-0.189129511616007,-0.225185707609603,0.28252993523008,-0.45780329625955,-0.700054714702294,-0.586710071414878,0.40046092821602,0.60517537847966,-0.232948124244939,0.64642591680856,-0.506122969993337,-0.957552422039323,0.726172755495118,-0.244678557014993,0.620806112517094,0.547039635036561,-0.801434429577986,-1.65798329278156,1.27253664374943,-1.04789614836431,-0.984314653630183,2.56349293210042,2.36030195746809,2.29990616502375,2.296256498219,1.89959135516796,2.04214680009615,1.94887167683362,0.176251652332003,1.76343892350354,-1.21404130958451,-0.286904425214791,-0.226875569169311,0.0192457270029651,-0.532924460232356,-0.965250958519477,-1.12917757574417,-0.461754826309275,-0.230503261067549,0.133665832754111,-0.31296028640514,-0.391348688885798,-0.868190997905353,0.584266192935153,-0.375024355916575,1.81266794442896,-0.423751167976071,1.26061717483676,-1.35065128643802,-0.34476848053886,-0.856817549342979,0.0188878262786913,-0.316872478427771,-0.758443965028085,-0.524119794207697,-0.54265444466673,-0.358722252432842,0.141594576137679,-1.02085498162309,-0.633170690066098,-1.88864725924269,-0.806536111069869,-0.391348688885798,-0.595936377798769,-0.0477867027019386,0.601034142128082,0.805509844533911,0.445891340166776,-0.121085140456948,-0.10075369417069,0.471376515769501,-0.44849760935004,1.0711216777274,0.833861965998727,-0.664493583293417,0.0394141611302526,1.99308809633548,1.18000319046612,0.23063428834825,1.08749073869428,0.682832724400303,0.0533512392157425,-0.500074299075133,-0.130351673731295,0.415210582653175,1.03022712427771,0.988978031119698,0.752791255597911,0.997145074653291,-0.608816497610759,-0.541331503936429,-0.286904425214791,0.402670517820692,-0.739004709724335,0.346157443944216,-0.196421853214959,1.09754002126074,2.0425904788017,-1.46155861675429,0.0944776934649314,-0.757302642981302,0.0305326795277526,-0.189330851725441,-0.594936053016721,1.24896822722633,-1.12168480637209,-1.29609933175331,0.396048112908209,-0.319074498087268,-0.35568405855027,0.261208422753086,-0.121200695287352,-0.34476848053886,-0.13044354190256,-0.576459764357761,0.0881812846222431,-0.166244194413711,0.108666922041517,-0.669300457399169,-0.590607768331523,-0.0744702805928035,0.987720612375717,0.570558656556745,-0.629227587743642,-0.10075369417069,0.130925656330515,-0.241958561604024,-0.000739682945828393,-0.744267573836537,-0.738257558223326,2.80252023122097,-0.189129511616007,1.08212161042621,-2.71460682387257,-1.56531543697313,-0.857736801737663,1.36041638304123,0.143988474218959,0.390573463421757,-0.149937701058835,3.72591167609637,0.148795440142343,-0.245827430569399,0.726106231776839,1.37200047319184,-0.265657561852559,3.47086718008891,1.88807176993655,-0.800310327806298,-1.13687082468084,-1.83797820741278,-0.261565132142186,-1.23321624918318,-0.219657981557459,-0.798973669564622,-1.38334975138032,0.751142542658244,0.798183452037345,-0.421919245194591,2.41498172917877,1.57433883758259,-1.30946937310901,0.281459459960805,0.956666418439536,-0.230075729421995,0.267330495563925,-0.652304948129686,0.7783995780344
comm.and.crime_point_0809,comm.and.crime,regression,0.21,0.0435036253423289,anomaly,-1.26138033198864,-0.171897892729153,3.01331477211282,-0.509387064235377,-0.156362707378436,0.107703315088049,-0.0176229788684652,0.111737074516285,-0.091611108832858,0.321344892711017,0.022439077990719,-0.854781757879046,3.00903915437177,0.682832724400303,-0.387478036293313,0.611469055738957,-0.105678140049712,0.13653539481965,-0.985685818113966,-0.305119864602728,0.362562068984198,-0.432151904040676,-0.262943549469985,-0.310748701822181,-0.181232442057388,-0.14265187121042,-0.67732705075443,-0.416640719459369,1.75466621081599,-0.10077320755709,-0.917734455370194,-0.954678429186424,0.326611932140444,0.279314681750966,0.510966613656022,-0.229186616524135,0.167580759050246,-0.5591317940393,0.261208422753086,0.705667118525611,-0.481387672935926,1.04145995105585,0.902620992380776,-0.308861968134177,0.0449669127109041,0.142197893047893,0.027281928799666,-0.0150576810207445,-0.127211605631618,-0.152304562810898,0.586229183302673,-0.260908893459341,0.687466279512922,-0.0922487271028942,-0.145179466755593,-0.144305290106824,-0.245569541147772,-0.345067945842831,-0.389816005440537,-0.358091987495182,-0.395527248191373,0.28252993523008,-0.412290020458506,-0.445688830173635,-0.48183804574133,-0.366268385707879,-0.218005403435109,-0.180122176360894,-0.520570831604059,-0.267978366150136,0.0858767944229815,0.726172755495118,4.40758039791659,-0.925393473242442,-0.586845013885375,-0.479994764969224,0.0352672065190975,0.928401418342293,-0.100797767182985,-0.69346899998653,-0.421919245194591,-0.403772909970454,-0.463085094801143,-0.302655304718355,-0.394008843972142,-0.414699029235275,-0.534676575320374,-0.118733906464382,0.428494422483792,-0.590967280548668,1.27244800784359,0.370733261641266,-0.326873593347992,-1.80538500075123,-1.13067514513639,-1.02943759984065,-2.37880521801967,3.05839478951343,-0.260244635395451,-0.400275637054622,-0.391348688885798,0.0903259248506256,-1.78166348173893,-0.375024355916575,2.35676103763728,2.60095236793735,0.16626443468128,1.33136280929888,-0.34476848053886,-1.66673515571579,-1.06533063795537,-0.154888957153209,-1.28758474605954,-0.303554212051806,-1.18700206728655,-0.0140505928019747,-2.05153702408025,1.49909291349738,0.578342721049512,0.353242987609834,1.36621788797293,-0.391348688885798,0.226288134846476,-0.413219819433159,0.43905062085352,1.84203791982337,0.935299240366342,1.31539611889071,-2.11081315565809,-0.253594384688952,-0.496372568292438,1.43525374240874,-1.09939376855715,-1.32217072016655,-1.23504806525446,-1.18175658985325,0.00542422998716656,0.722358181389051,0.37633485093474,-1.56531543697313,0.682832724400303,0.486441406234567,-1.13299769963178,-0.851221389523392,-0.409710691716343,-0.152304562810898,-0.537358856418398,0.203092646994081,-0.956724101762177,1.4437995652116,-0.286904425214791,0.348049768668688,3.3829593663339,-0.4726301518147,-1.10393872283714,0.574277109441232,-0.487817174336336,-0.503041693998314,0.540074720251176,-0.232079094641932,-1.23875756229239,-0.602185097684464,0.55805328059533,-1.72072966280731,-1.59366170044631,-0.468978398668724,-1.04043314643945,-0.0520855978833183,-0.433845179637909,0.314887655461491,-0.433845179637909,-0.230075729421995,-0.521839596572905,-0.576459764357761,1.46394731530403,-0.305555362163633,-0.755295767554917,-0.35364645738641,-0.803145557548822,-1.28946708192584,1.14646284668515,-0.453822940289352,-0.9955116260173,0.00232627821327909,0.378240698697934,-0.149937701058835,-0.649707912297875,-0.791896494605177,-0.611535701313945,-1.08672084863389,-0.400332606464976,-0.679746830292226,-0.708705024057152,0.682832724400303,-0.334146706962114,1.6723251179825,-1.88595353669616,0.682832724400303,0.0341040200315418,-0.903547422325221,-0.569295082344151,-0.0679036931627271,-0.56760401811193,-1.43587470492678,0.0462183158830917,1.26614746219524,-0.129514033521907,0.595226432131034,1.14602990483939,0.251689308836056,-0.449042081635903,0.726172755495118,-0.114785955883911,3.21920868907389,0.690130378278102,-0.669300457399169,0.798183452037345,-0.288244073076904,-0.145179466755593,-0.421455927079768,0.103340488803673,-0.00652810323800724,-0.772702590882484,-0.230075729421995,0.164750488221586,-0.43486269553505,-1.1887465803376
comm.and.crime_point_1268,comm.and.crime,regression,0.05,0.249295530465585,nominal,0.629145668582266,0.524070428289996,0.176565734692862,-1.54776596275308,-0.629843707397574,0.886266145735984,-0.44849760935004,-0.490435159498505,-0.607089206928712,0.182033724961094,-0.337911430842786,-0.0176604331626889,0.202156254750917,0.682832724400303,-0.387478036293313,0.11943140555999,-0.938572255698432,0.36116540906914,-0.179320641157294,-0.485189123949481,-0.234225751351356,-0.129514033521907,0.155666779985624,0.0104433041044344,0.343263188512179,0.342857548364707,-0.01206212920031,0.348049768668688,-0.043039574199713,-0.407153610755056,-0.683388268503048,-0.609013020247796,0.470020077917318,-0.413167436877806,0.625885114403834,0.0178660990932967,0.623533047702732,-0.5591317940393,0.583283819003517,0.596054262380089,0.886622331578425,0.813110043982106,0.739228183071879,-0.114805430650861,-0.301608552567286,0.0937373566032682,0.621569456820622,-0.902753804918476,-0.00859578069383644,0.190080215368281,-0.149937701058835,-0.478351146053977,-0.000690227188266011,-0.411754368021554,-0.571872999411319,-0.541331503936429,-0.707179574188299,-0.302657597962493,-0.347502825535886,-0.315851368525389,-0.352941863045931,0.106216754462134,-0.321263468856418,-0.0387034149277808,-0.429402032904556,-1.36891441160836,-0.0913622062174521,-1.55359682134606,-0.77426577691115,-0.696638653067897,1.07133772108182,-1.23321624918318,0.0211648118382402,0.414646167749156,-1.28877360607514,-0.617754621230122,-0.388045418306067,-2.12579870714607,-0.553757862530577,-0.499571897557428,-0.466477635900487,-0.533338919381635,-0.548100210488063,-0.257060360807173,-0.441792181454227,-0.495251351508437,-0.534676575320374,-1.12168480637209,-0.212278938005688,0.499412270264063,-0.286904425214791,-0.226875569169311,-0.0672841030847741,0.641654500246602,-0.0278472343569434,0.765881966422592,0.496770369545922,-0.504578098615964,3.28494957795061,1.78260812918243,-0.391348688885798,0.546762554734425,0.283147870703906,-0.453822940289352,0.872870783432771,-0.423751167976071,0.223861947321042,0.30420847476134,-0.230075729421995,0.978995691768727,1.04604216081623,2.00489132650762,-0.493873574512357,-1.40638212283126,-1.44474111633447,0.0351882157167206,1.13372553814103,-0.827012835844596,0.966027012606508,0.530234322887664,-0.757155338364351,-0.391348688885798,-0.504578098615964,0.226288134846476,-0.370866985519292,0.805509844533911,1.13106240044617,0.510966613656022,0.569266126325109,0.108891065540274,2.328250009309,-1.23504806525446,-0.414699029235275,1.74698925190807,-1.17435938780757,-0.70552988692494,0.0543650200071232,0.722358181389051,0.565976421003951,-1.56531543697313,0.682832724400303,-0.226042158711328,-0.189330851725441,0.668496977088488,0.972629611637952,0.817785642030109,-0.29844216900797,0.550490584094985,-0.956724101762177,0.15346437026538,-0.286904425214791,1.38584400255676,0.866955319908742,-0.370281702344836,0.615566924868049,2.45802359199147,-1.23756759008094,0.455475228757665,0.143988474218959,0.643293485923684,0.468218969810561,-0.0123933177430025,-0.965539767392024,-1.23477909898362,-0.35472235350149,0.358142534415864,0.453507363282115,-0.425870058168848,0.269604910150844,-0.382942369747774,-0.121200695287352,-0.34476848053886,0.304440963286713,-0.576459764357761,-0.017646871584048,1.29652306696047,-1.8496485077104,-0.0774492073752468,-0.760637999705362,-1.97620440441842,-0.758443965028085,-0.296225771543798,3.39989683326659,-0.409993611322597,-0.561556462298257,-0.241958561604024,0.530234322887664,0.113052999998984,-0.0201670357368324,-0.319107477609904,-0.358091987495182,-0.532924460232356,-0.236728129982936,-1.56531543697313,-0.13276590127921,-0.689269589429965,1.03518252779145,0.682832724400303,-0.333979422149212,-0.547435183985099,-0.653776320283739,2.00787324324845,-0.438232993123054,0.529637919756257,-0.265657561852559,-0.44863454061095,1.63587354450424,-0.935362272316362,-0.0450487366494222,0.251689308836056,3.20675843349157,0.726172755495118,-0.7440181099252,0.26138000840943,-1.20039562229281,-0.669300457399169,0.999267192196847,-0.778386370841756,0.471155635969346,-0.421455927079768,-0.105964675924132,-2.13763607090921,0.709613702822105,0.114002523928599,-0.809759581530638,-1.04370100280003,-0.684350129472983
comm.and.crime_point_1200,comm.and.crime,regression,0.06,0.133655577425684,nominal,-0.651533235030286,0.524070428289996,-0.296225771543798,-0.203981505847819,-0.51147345739279,0.804312163562517,-0.544247527234835,-0.576459764357761,2.8723879552183,1.50548981858535,2.42477580354742,0.484612361667126,-0.499564470154296,-1.56531543697313,-1.15170276860673,-0.919314744817829,1.60910386275648,-0.53735464792882,0.799837073718665,0.325122543110906,-0.174546969317801,-0.93654835490529,-0.943185334835349,-1.11372871663872,-0.647450780341448,0.221480193470925,-1.03554662389896,-1.07208970928342,-0.199361816374992,1.08097977620649,0.347734953712392,0.477363979273606,-0.772850518815592,1.07072281732671,-1.38518864868289,-1.01975530649992,1.19347340851834,0.345745036678463,-0.597659300581394,-0.226042158711328,1.62762775069036,0.356410229834627,0.0856569458362924,-0.761660555595246,-0.351119333321313,-0.197025862064479,0.0729963540320473,-0.954971223971284,1.29617829362176,0.760721512333579,-0.333979422149212,-0.565328047091832,-0.34476848053886,3.1028076820837,2.9364960468691,2.1385954394134,1.44700058000083,-0.429888641603507,-0.516755545154489,-0.569295082344151,-0.608454173918587,0.767391182341933,-0.594343123662683,-0.547435183985099,-0.639146084251652,-1.01503934364349,-0.914542988132221,-0.866859498853478,-0.114658919112713,-0.553751890761977,0.839464561867979,-1.23321624918318,-0.244678557014993,-0.66769354228252,-0.20888346424473,-0.0207952440995638,-0.493873574512357,-0.964342321396976,1.71104261420738,0.469913614588082,-0.956619933665339,-0.965225617418908,-0.930668231079202,-1.12336429511962,-1.11075890620342,-1.13966992969373,-1.14384878811286,1.06120832872116,-1.17343897873991,0.18787525574614,-0.189444898148642,-0.226875569169311,-0.846052573874427,1.03318082040625,-0.248412816512834,-0.281387780564301,0.749013842139396,-0.413219819433159,0.133665832754111,-0.574906338353587,-0.391348688885798,0.501118891746045,0.455215483407476,-0.453822940289352,-0.709945487718708,-1.07613820513387,0.857434586358428,1.27429867960235,-0.34476848053886,-0.748828535159937,-1.40771541613455,0.00709456412135369,0.82897837806628,-0.193271420973861,0.166127940215069,3.03875553535714,0.246029414243294,-0.730091762955347,-0.00318371628598076,0.589231434646941,-0.757155338364351,-0.391348688885798,-0.321861540250354,-0.139144981884744,0.978995691768727,-0.317395570362999,0.641654500246602,1.14301836776899,-0.719233528474505,-0.777184479464502,-0.11337289675326,-0.870916000573111,0.793585804862147,-0.280848586784089,-0.385406580997984,1.56977547151032,-1.16915473049179,-0.0971816403456179,-0.00294828920368394,-1.56531543697313,-1.56531543697313,-0.390461442929611,-1.89972701355568,-0.534613396479251,0.627044535799378,-1.06533063795537,-0.250658831525885,-0.839101164308632,1.34816377574097,-0.938357717766034,-0.286904425214791,-0.471261468611373,-0.578408706761027,1.36964193864286,-1.00841063129797,-0.629227587743642,-0.347238971384223,2.23557808530448,-1.2423133868938,0.336913082725718,-0.888608530066145,-0.543205919690318,-0.677292433989011,0.43905062085352,-1.3576732534092,-0.910109562980505,1.08555911739508,-1.28023453882149,-0.35568405855027,0.207529190044681,-0.277522937462631,-0.34476848053886,2.39188658819522,0.111737074516285,-1.02301435554381,1.99307890571008,0.627044535799378,-0.195819457380031,-0.675622884018443,-0.232948124244939,-1.49924105847212,-0.375024355916575,3.19059166853878,0.00232627821327909,0.971796800379738,-0.333979422149212,0.707225658165495,-0.553751890761977,0.275517297051724,0.141460545004487,-0.738257558223326,0.592713710226646,0.825219881684049,0.682832724400303,-0.454975190371856,0.291015006099739,-2.23252900197435,0.682832724400303,-0.333979422149212,1.28399918462125,1.03584843850801,-1.60990941735388,-0.114805430650861,-1.43587470492678,-0.499564470154296,-0.889578484189684,0.173123836996862,-1.34051810584656,0.401605753908883,-0.305555362163633,-0.0740881826484698,0.726172755495118,-0.0623499430471371,-1.30124646439444,1.60490102371564,-0.35364645738641,-1.06184114443806,-0.64471119872407,0.518566028486648,-1.24024352283868,-0.158290967106083,0.511849510519854,-0.476239332141566,-0.230075729421995,-0.296859544818942,1.82653673144917,0.47576170751563
comm.and.crime_point_1921,comm.and.crime,regression,0.13,0.411380733419073,nominal,1.17800805584479,1.56802290981872,-0.375024355916575,1.93385740286509,-0.51147345739279,-1.12160641751395,-0.44849760935004,3.6817581761754,0.874910325096869,0.739278395960782,0.262672750546389,-1.41286264102328,-0.343626531286471,0.682832724400303,-0.769590402450023,0.666139905758843,-0.252659454575957,-1.88513473342576,-0.755295767554917,0.505191802457658,-1.48748017405602,-1.03742764507821,-1.25714308192706,-1.22079271861426,-1.28850099548203,0.221480193470925,-0.882023949694159,-0.853606712675401,-0.199361816374992,1.16851703426305,3.11301995874471,2.69949875102193,-1.53769396295892,0.872870783432771,-0.178544390830854,-0.476239332141566,-2.11218068421218,1.35116373747598,-1.99331935099992,0.541247834307328,-0.0823847549525736,0.870197520750541,0.684763913302247,2.73135711910443,0.0944776934649314,-0.0516442527306052,-0.201290197362241,0.246029414243294,-1.96575689216723,-2.54899801006515,-0.241958561604024,-0.347885794497196,-0.115382978305131,-0.366110705033174,-0.00294828920368394,0.10383609353668,1.08797055430264,0.842421794806635,1.34502437065014,1.45825462820595,2.3725227862624,-3.37596856570481,3.63839152583443,2.91194084560466,3.03137481432253,2.28779462402869,1.8082857520474,2.67247900937754,-0.723526787849732,3.87573774072154,1.01336943127836,-1.23321624918318,-0.311139399228302,-0.822313500858473,-0.424861492610813,0.62208408511796,1.72851770581975,0.283147870703906,2.53460642393028,0.082119409729878,-0.956619933665339,-0.965225617418908,-1.01568334676612,-0.667414856007808,-0.824058881310911,-0.857736801737663,-1.00327058516075,-0.885696359334983,-0.158881157964898,0.135952419993153,-0.286904425214791,-0.226875569169311,1.9661669039771,0.0543650200071232,-0.358695607590779,0.965361918229619,0.849911231176784,-0.504578098615964,0.773770343497151,-0.400275637054622,-0.391348688885798,-1.46155861675429,-0.706240902341621,-0.375024355916575,0.576092732591868,0.465867519057289,0.68464204843914,-0.894138248865786,-0.230075729421995,0.43905062085352,-0.323496951900488,0.277067099578957,0.299837597034825,-2.34378584699379,3.71003986462407,-0.358722252432842,-0.58944929060163,-0.972394445178469,-0.197025862064479,-0.885696359334983,0.230460115746014,-0.391348688885798,-0.413219819433159,-0.504578098615964,0.385056113761999,-0.792470938203999,0.592713710226646,0.568425864029928,0.569266126325109,0.149167226676855,-0.496372568292438,-0.385406580997984,0.350548032359759,-0.883719295584461,-0.446095258444874,-1.55215513657527,-1.07127315045188,-0.629882524473152,0.660797206038557,0.682832724400303,-1.56531543697313,1.58256996768979,-0.130351673731295,-0.407970199261594,0.627044535799378,0.30420847476134,-0.919625556275082,-0.888729441037333,-0.782770299686468,0.848260244467189,0.00547415598365529,-0.525882217763377,-0.471344704785489,3.46778515277508,0.0901624214025735,-0.681553878925593,-0.347238971384223,0.729337206687944,0.143988474218959,-0.669765384924741,1.12474840523477,-0.130351673731295,-0.389045100585998,-0.370866985519292,0.23524876409128,-1.79237189160407,-0.638218393822105,0.0547099621982618,0.582249394501401,-0.651338533289799,-0.277522937462631,-0.230075729421995,-0.13044354190256,0.0257124696570293,0.141095362725389,0.948245147585665,3.0461400666694,-0.669300457399169,-0.378069979114223,1.51030815592855,0.0881812846222431,-0.453822940289352,-0.9955116260173,-0.66769354228252,-0.215315402983871,0.402187462212296,0.176251652332003,-0.601380811530617,-0.400332606464976,-0.882023949694159,1.07808905747781,-2.19691132091088,-0.0597367947051054,0.682832724400303,0.95469044940847,1.04850764809996,-1.88595353669616,0.682832724400303,-0.0579168405136468,0.826140592469659,-0.738257558223326,0.821714993870633,0.337993156810208,0.922740444692865,-0.499564470154296,-0.399640769102202,-0.58347083930006,0.46017448762097,-0.193933566835524,-0.723488865413399,0.160258004218676,0.726172755495118,-0.796454122761974,0.819460891553668,0.995053926757281,-0.669300457399169,0.345745036678463,-0.956619933665339,0.37633485093474,-0.319107477609904,-0.943185334835349,1.37581220011629,0.0672766422167828,-0.000690227188266011,-0.194279537476602,0.260952512767785,0.0722445468239389
comm.and.crime_point_0981,comm.and.crime,regression,0.19,0.141207188140364,anomaly,0.751115087973938,-0.171897892729153,-0.375024355916575,-0.0818192824927953,-0.669300457399169,0.845289154649251,-0.400622650407643,-0.447422857068877,0.101693177953087,0.0427225572111723,-0.0376193401481986,-0.464125139678079,-0.343626531286471,0.682832724400303,-0.387478036293313,0.338114805639531,-0.44863454061095,-0.481197144366448,-0.409710691716343,-0.485189123949481,-0.114868187284245,-0.533031194213599,-0.576901296561691,-0.739004709724335,-1.69644204148058,0.52492358070538,-0.984372399164023,-0.252778472003357,-0.35568405855027,-0.319616352698494,-0.495911319009332,-0.312728384014686,-0.82065323407455,-1.00672353855961,0.510966613656022,0.264918814710728,-0.459353637846922,0.848454387077221,-0.919734696831824,0.870086402743895,-0.310386422371632,1.09854742782428,1.01154953192004,0.0145655943380156,-0.103565429551178,-0.00318371628598076,0.027281928799666,-0.485014452496014,-0.483059080444962,-0.323496951900488,-0.333979422149212,-0.565328047091832,-0.34476848053886,-0.0922487271028942,-0.666693784445925,-0.342818397021626,-0.60459956684596,-0.557119685244521,-0.64369508486844,-0.611535701313945,-0.608454173918587,0.635156296765973,-0.548829847861638,-0.140449768739244,-0.167221968720685,0.0465858602511433,0.22524578682669,0.0311816151752862,-0.419092853481222,-0.0774626830755764,-0.0300597851839413,0.726172755495118,-0.444061083654919,0.878506043477017,-0.478855999702333,-0.204475052447428,-0.758443965028085,0.455215483407476,-0.430223291072143,-0.69346899998653,-0.64471119872407,-0.706093598596545,-0.760637999705362,-0.211465416895992,-0.346225506490056,-0.414699029235275,-0.394098372368261,-0.531713688779321,-0.0520855978833183,0.55133510601705,-0.286904425214791,-0.226875569169311,-0.629727998655079,-0.337161300152529,-0.579261189746669,-0.181647804660787,-0.259960048234497,-0.504578098615964,0.133665832754111,-0.0946719097814345,1.52269989484892,0.318544239792525,0.670299999286939,0.0977671503200851,-0.907797521612643,-1.96575689216723,1.08782463691748,-1.00826650825885,-0.115382978305131,-0.154888957153209,-0.0952404331143684,0.385056113761999,0.458579831344262,-1.5166649139092,0.0372584156911057,-0.358722252432842,-0.171709938179167,-1.31161820029084,0.77218486682801,-1.59366170044631,-0.362109156720205,-0.391348688885798,-0.0477867027019386,-0.413219819433159,0.223072592487436,-0.965225617418908,-0.679746830292226,0.0512926106647712,-0.0492137079787055,-0.535527512645018,-0.639997445119629,0.0394141611302526,-0.898012962874244,1.69218282383531,0.403546225811598,1.35811915909774,0.641654500246602,0.845289154649251,1.79864662645383,-0.059056168852929,-0.508685801127615,-0.390461442929611,-1.19197687762592,2.44150173813568,-0.928088305474204,0.24714434506481,1.23062463041877,0.252720923722782,0.478394765362422,1.3941712884829,0.39531226424825,-0.96284821097941,-0.0430886968833349,-0.421455927079768,-0.435242082062902,-0.00131209356022966,2.88605969651438,-0.320467042044794,0.886650185529367,-0.407153610755056,0.774599373008527,0.0465858602511433,-0.594936053016721,-0.856817549342979,-0.295725241742213,-1.02039235405845,-0.00616663970913513,0.214903302320632,-0.433845179637909,-0.543980067872989,-0.433845179637909,-0.230075729421995,-0.173931992421487,-0.361398252209622,-0.176389105893484,1.99307890571008,-1.27367338131278,-0.669300457399169,0.514588735598435,-0.391425967897073,1.09354876858201,-0.375024355916575,1.88243438899001,0.620806112517094,-0.264778411457355,-0.333979422149212,-0.531713688779321,-0.458494049224697,2.26082638863203,0.550854342883945,-0.696016939253532,0.935299240366342,1.35619388751754,0.682832724400303,-0.938289124010825,-0.600152808018174,0.63909628175923,0.682832724400303,-0.241958561604024,0.978760123186855,-0.400332606464976,-1.19475403007165,-0.114805430650861,1.54047298387896,-0.343626531286471,-0.399640769102202,-0.734789774559444,-1.29550079100987,-0.243561843564225,-0.514522113788516,-0.58964979375619,0.726172755495118,-0.7440181099252,-0.240892786420384,0.56816095888643,0.514402042648675,1.85387308787473,-0.822944761547652,-0.145179466755593,-0.779675500224294,0.207993071167575,0.16626443468128,-1.36562910836432,-0.34476848053886,2.01119062038369,-0.869747200724323,-0.381712258954214
comm.and.crime_point_1170,comm.and.crime,regression,0.6,0.00987871295750388,anomaly,-1.38334975138032,0.176086267780421,0.806954409675075,0.712235169314856,0.908969542664623,-2.10505420359556,4.0517485312353,0.240773981805169,0.0372584156911057,0.0427225572111723,-0.0376193401481986,-0.464125139678079,0.825908010222217,0.682832724400303,0.233454558711339,0.174102255579875,-0.497628312119698,-0.705827158615937,-0.524905716995868,0.910347635987851,1.37710136355464,0.1226841919104,-0.210617258288034,0.0104433041044344,0.168431311655657,-0.0212745163166381,-0.165584803405107,0.0203252737566635,0.191443789063205,-0.407153610755056,-0.402172844262473,-0.312728384014686,-0.294823366226011,0.229851673277482,0.108751861038678,-0.525649875265053,-0.231377493520679,-0.307777118839921,-0.490300835164584,0.541247834307328,0.0886164956117204,0.584760136908366,0.52137110399335,0.920162769260154,-0.202586991059232,-0.293946934953727,-0.201290197362241,-0.223927357231975,0.347251694119508,0.30420847476134,0.218145741121919,0.130487161211004,1.14623728398038,-0.137892390091274,-0.0503586817209869,0.252720923722782,0.318620499235095,0.800011446926297,0.87957939169898,1.16257029541739,1.13754661704456,-0.951662330145544,0.0428427375519358,1.18225283080978,1.14367835219867,0.813315174175043,0.795140174306145,0.823570833435961,-0.114658919112713,1.11326033614042,0.0858767944229815,0.726172755495118,0.353469022904782,0.208486222981217,-0.0468999429701671,-0.250395004534394,-0.652615808821794,0.197114064352121,-0.347866910099853,-0.548046173164703,0.246456615393843,0.33043447669291,0.387066062068055,0.381268853949369,0.466091230705398,0.511652676906082,0.449370845344417,0.589231434646941,1.4430522432588,-0.642890116301655,0.00547415598365529,-0.0276726255657857,1.40372300840679,-0.826569200352095,-0.799826771902559,-1.17904756369592,-0.159062659197108,0.226288134846476,0.330621066828893,0.210931817491753,3.7696264931462,-0.0466050641145143,-0.878308515045191,-0.296225771543798,1.91159396137593,0.110020044243945,-0.58250322963563,0.0759519559752211,-0.230075729421995,0.169078085395916,0.36127260445787,-0.370866985519292,2.20474440874806,-0.468978398668724,-1.44474111633447,-0.112528209839365,-0.276144776284783,0.190658429492517,0.190658429492517,-1.77065303572414,-0.707774565658833,-0.391348688885798,-0.321861540250354,0.957154368308917,1.6809242839585,-0.446961579774181,1.42470714056591,-0.121085140456948,0.620806112517094,0.108891065540274,2.90274951661777,-0.446095258444874,1.7199375110035,0.0479899816524777,-0.446095258444874,0.299837597034825,-0.288220510132573,0.435519243781917,0.423745243452043,-1.56531543697313,-1.56531543697313,0.376828550089045,0.459440106210166,-0.407970199261594,-0.294515666436819,0.874849771726638,-0.871842218792997,0.848260244467189,-0.521839596572905,0.997145074653291,-0.286904425214791,-0.416640719459369,0.385167311018819,-0.01206212920031,0.185690512941751,-0.105964675924132,-0.581535976304412,-1.00512198687049,0.985671747037421,1.34359155037618,1.60620332454586,-0.425247563702025,-0.924361576905879,1.78891329814154,-0.472716577020044,0.46842532549381,-0.982973896065542,-0.0520855978833183,0.0351215468879261,2.5157361965061,-0.433845179637909,-0.34476848053886,0.0869987106920766,-0.533447461928133,-0.758443965028085,0.0427225572111723,-0.812893280194679,-0.708757207400764,-0.845653115392282,0.189659458827421,0.776064299963135,0.255364319065638,1.04521373007879,0.414646167749156,-0.314241419930838,-0.241958561604024,1.06120832872116,-0.744267573836537,-0.400332606464976,0.294983219209284,-0.569295082344151,-1.02233236043192,1.17920255223971,-1.56531543697313,-0.817460640601083,1.6723251179825,-1.2423133868938,0.682832724400303,-0.333979422149212,-0.954420599230953,-0.653776320283739,-1.13544611760276,1.11421930674347,0.0803778912572774,-0.343626531286471,2.83394815047518,1.4341149641584,0.100035968927465,-0.938357717766034,-1.83797820741278,1.51946588804812,0.726172755495118,-0.376966020067782,0.317188096723854,-1.38334975138032,1.61919104269333,-0.20723524876017,1.40497477374713,0.897849168625072,-0.319107477609904,1.62080293308025,-2.54081865938755,-1.51386073773478,-0.34476848053886,0.882810539617961,-0.695793398648614,1.18191673872609
comm.and.crime_point_1870,comm.and.crime,regression,0.19,0.363282356210286,anomaly,0.812099797669774,1.56802290981872,-0.296225771543798,-0.814792622622935,-0.116905957376842,0.558450217042117,-0.687872404062027,-0.619472066787389,-0.800393493714657,-1.0717667847882,-0.698261939676291,1.6007741279556,-0.187688592418646,0.682832724400303,-0.530770173602079,-1.46602324501668,-1.03655979871593,0.417322912631512,1.83659230123439,0.100035968927465,3.10778604252775,-0.533031194213599,-0.472248714197789,-0.578408706761027,-0.530896195770433,-0.688849968232438,-1.29141774757362,1.49508550086077,-0.277522937462631,-0.232079094641932,-0.495911319009332,-0.0164437477815769,-0.964061379851424,0.526629724118384,-1.09789239681336,-0.772702590882484,0.737521119865853,-0.0564224436405426,-0.651338533289799,-0.8289128675117,-0.481387672935926,-1.01368921260781,-0.94916417978672,-0.891031580584123,-0.00454386804312309,0.142197893047893,-0.56700559922129,0.298246833296102,0.525175431526179,-0.0381763034178386,-0.241958561604024,-0.304397343978269,-0.34476848053886,-1.00512198687049,-1.37784967220547,-1.43464048505304,-1.73297964761169,-0.726761076765874,-0.728321444677741,-0.738257558223326,-0.778795714500358,0.502921411190013,-0.548829847861638,-1.00529377613668,-0.901326148435522,-0.543205919690318,-0.724578192305735,-0.655555707317298,1.25529378554558,-0.744267573836537,-0.261932944397787,0.726172755495118,-0.444061083654919,0.930046029669001,1.30296273431785,-0.158555100360462,0.723150221859989,-0.792274708693406,-0.84200519593359,-0.402623346342877,-0.822944761547652,-0.835659608007726,-0.888160673235742,-1.48812384640908,-1.34967559361385,-0.978565285147405,-1.33128639204901,-0.177731018223659,-0.692858958372798,0.447489434511076,-0.286904425214791,-0.226875569169311,-0.802787658830557,1.91411504076547,2.56379835597477,1.86302170136124,1.45529556540112,-0.230503261067549,-0.457199869470233,1.25871602528554,-0.391348688885798,-0.00096140112613429,1.35857045010122,-0.375024355916575,-0.808871504665675,0.169327956712836,0.108666922041517,0.703657382637049,0.458080777279193,0.655028649219603,0.0188878262786913,-0.20888346424473,-0.70552988692494,-1.13067514513639,-0.220480633356821,-0.604916295026319,0.454899090454526,0.287579502381766,-1.55392088251396,1.29719677575826,-1.39910538353609,3.7696264931462,-0.0477867027019386,-0.413219819433159,-0.26287797133625,-0.835659608007726,-0.141398140072703,-1.04043314643945,0.672346098709078,0.793585804862147,0.317501733728316,1.61731977474942,0.793585804862147,-0.390461442929611,0.828366967939835,-1.34049882416269,-0.239279720112616,0.47649623486865,-1.56749124227468,0.682832724400303,0.682832724400303,0.924892830816656,1.16719024213992,1.11174816735029,0.742239561078903,0.24714434506481,1.08727461797251,1.7415692255838,2.13095588508166,-0.144305290106824,-0.286904425214791,-1.01746896013141,-0.792536710712104,0.857899691293538,-0.817354448219611,0.678929691805134,-0.0192231644959594,-0.731260008940213,0.738117843267285,0.599524856895403,-0.407153610755056,-1.13299769963178,-1.08907433885046,0.169078085395916,-0.35472235350149,1.9021016095071,-0.121085140456948,-0.479267838209638,0.0351215468879261,-0.114546206205749,-0.277522937462631,-0.230075729421995,-0.695793398648614,0.62788470367182,1.09354876858201,1.92342332183512,0.223861947321042,3.23691779275872,0.557096293441894,-0.232948124244939,0.723150221859989,-0.217427187171022,-0.472248714197789,0.105406250597248,-1.30350158940051,-0.241958561604024,-0.649707912297875,-0.601380811530617,-0.484813844404564,1.67668728705245,0.402239153961105,1.13106240044617,0.412240099369111,0.682832724400303,0.833861965998727,-0.867503152253548,-0.351119333321313,0.682832724400303,-0.0579168405136468,-0.29306929945644,-0.44257322543477,-0.660982817851633,-0.1794909431453,-0.256567130116958,0.592001101920479,-0.252659454575957,0.828839223120861,0.370139857947594,0.15346437026538,-0.235899778288672,-0.683388268503048,-1.23321624918318,-0.219657981557459,-1.6919030825954,1.05603863645312,2.68452329273639,1.75333121779498,-0.822944761547652,0.565976421003951,-0.319107477609904,-0.890859043653398,0.339056972600567,-1.21739747899386,-0.230075729421995,0.728940528604452,-0.695793398648614,-1.1887465803376
comm.and.crime_point_1296,comm.and.crime,regression,1,0.00404660569373038,anomaly,-0.407594396246943,0.524070428289996,0.0189685659473083,0.0403429408622278,3.07909079275234,-2.14603119468229,-0.544247527234835,-0.533447461928133,0.230562702477051,-0.0269330266637888,-0.157736176426034,0.205571920095007,0.124187285317004,0.682832724400303,-1.19946681437632,-0.973985594837714,-0.840584712680936,-1.21124469067729,0.281459459960805,1.76567661788493,0.183525722883532,-1.1887465803376,-0.786206461289495,-0.0430886968833349,-0.880559949483478,-0.688849968232438,1.72786151178739,0.0203252737566635,0.504088273413761,2.04388961482867,0.769558090073254,0.823029388212234,-0.390428796743927,2.0105199783229,-1.32772939830898,-1.36562910836432,1.82040780541551,-0.508860858999424,0.100170724627871,0.815279974671134,0.259617746176014,1.15563490459271,1.06601380168967,0.596735206787962,-1.7869319751881,-2.08698678340483,-1.84700950572797,-1.52936283355217,0.0507121317750543,0.0759519559752211,0.494208322757484,2.13095588508166,-0.34476848053886,0.135969587839005,-0.00294828920368394,-0.144305290106824,-0.0404095264630932,-0.641940381005198,-0.64369508486844,-0.696016939253532,-0.693624944209472,0.591078001573987,-0.548829847861638,0.775267415563927,0.619318223830926,0.0465858602511433,-0.281327002043937,0.612267041899781,-0.622048809726895,0.303568683073544,0.201813374029904,0.726172755495118,0.287008180691474,-0.873853487050458,-0.424861492610813,3.65280092285772,1.09354876858201,-0.0609873547032339,1.58750804274895,0.615336441409908,-0.867503152253548,-0.792470938203999,-0.675622884018443,-1.26014912685317,-1.11075890620342,-0.938289124010825,-1.00327058516075,1.4741881110361,-0.639461178332008,0.707103613276012,0.00547415598365529,-0.226875569169311,-0.802787658830557,1.08212161042621,0.137576952259974,0.765881966422592,0.496770369545922,0.0435715764808665,-0.309483443914147,0.0363011161927887,1.6891389021302,-0.00096140112613429,-0.792274708693406,-0.217427187171022,-0.165852394510387,-1.13544611760276,-0.236918153797056,-0.380561081597017,-0.34476848053886,-0.154888957153209,-0.380561081597017,0.655028649219603,-0.864272121234376,-0.082988629895916,-1.57361064085844,-0.06328940132067,-0.746101547760053,0.529882184604888,-1.16623659095697,-0.413719465260767,-0.806536111069869,-0.391348688885798,0.0435715764808665,0.683079530760502,1.51894076268393,-0.360584240166726,-1.07127315045188,1.14301836776899,0.105406250597248,-1.38132689651321,-0.496372568292438,0.282168870917816,-1.46187921878637,-0.8289128675117,-0.567472613338656,1.04063469047886,1.22894398048608,-0.793790488820086,0.755617991073163,0.682832724400303,0.682832724400303,-0.500074299075133,-0.189330851725441,-1.16782938256753,1.6637997633151,-2.32074149127903,0.179391205812885,-0.293190120292925,-0.521839596572905,-0.193933566835524,-0.286904425214791,-0.471261468611373,-0.257216700834412,-0.421455927079768,-0.912882539758789,0.0510141976217214,-1.09698938712883,-0.320467042044794,-2.08399665971227,-0.844839901037864,-1.19498893326411,-0.543205919690318,0.599231471081475,-0.154888957153209,2.41814189918453,0.413283929954837,-2.24707740429148,0.214903302320632,-0.433845179637909,-0.919734696831824,-0.433845179637909,-0.230075729421995,-0.695793398648614,-0.318385949779994,0.246923518931679,-0.514522113788516,-2.08003855826945,-0.629843707397574,-0.845653115392282,-0.0744702805928035,-0.493873574512357,-0.296225771543798,-0.681553878925593,-0.203833666554659,-1.352964597874,-0.333979422149212,-0.0597367947051054,0.589342207685384,-0.273610749555595,3.46778515277508,-0.611535701313945,1.42470714056591,-0.413719465260767,-1.56531543697313,-0.65635599605476,0.0682230525702607,1.1342040892995,0.682832724400303,-0.333979422149212,-0.750927891608026,-0.358091987495182,0.525175431526179,-1.27914465555075,-0.818142165740683,-0.343626531286471,-0.399640769102202,0.274003127169785,1.00038226566123,-1.13687082468084,0.182033724961094,0.488342665832679,0.726172755495118,1.61560246772963,0.26138000840943,0.324222120103087,0.63277229265346,-1.46400862475706,-0.154568900959218,0.091872495830922,-1.24024352283868,-0.838532752471447,0.108666922041517,-0.229186616524135,0.458080777279193,-0.0404095264630932,-0.739281849167541,-0.633910484386522
comm.and.crime_point_1226,comm.and.crime,regression,0.18,0.285448722758606,anomaly,0.324222120103087,0.524070428289996,-0.138628602798245,0.345748499249786,-0.629843707397574,0.435519243781917,0.652626446325096,0.756921610960703,-0.349350157880785,0.182033724961094,-0.0976777582871161,0.0939557434661589,-0.0317506535508209,0.682832724400303,0.328982650250517,0.338114805639531,-0.644609626645943,0.13653539481965,0.339056972600567,-0.395154494276104,0.183525722883532,0.274003127169785,0.0510141976217214,-0.0430886968833349,-0.472618903484926,0.403546225811598,-0.370281702344836,0.5119120161247,-0.277522937462631,-0.669765384924741,0.957035039566971,0.823029388212234,-0.629442373038718,0.0814626478570313,0.22367036178649,0.166097728463756,-0.801317854336286,0.747912516997469,-0.758696998706609,-0.993332151729983,0.772621497868896,-1.07077668937625,-1.05809271932599,0.596735206787962,0.589585501005203,0.578342721049512,0.53014060635586,0.298246833296102,-0.660982817851633,-0.266432822203958,-0.241958561604024,-0.521839596572905,0.343388026162328,0.409831565769285,0.613386813521254,0.401605753908883,0.318620499235095,2.49642536213982,2.6567329476943,2.26082638863203,2.0744250902443,-1.78914993879329,1.68132066638953,0.164789292695146,0.199830121136733,0.518419284204312,0.921783371523802,0.453789198247646,-0.825004765972568,-0.0298337623069365,0.723527982261056,-1.23321624918318,-0.178217714801685,0.00232627821327909,-0.96480656352602,-0.52591471705619,0.246923518931679,-2.12579870714607,-0.636114243502866,-0.305674795128326,0.692040522452799,0.675943835122729,0.514588735598435,0.791623349150004,0.609441243151654,0.471376515769501,0.683667850264606,-0.708705024057152,0.588687762606162,2.16094301435965,-0.286904425214791,-0.226875569169311,2.5286107995474,-0.0435165600327901,0.964697885344563,0.366922062808537,0.345424285989838,-0.413219819433159,0.429098683866283,1.73895045385769,1.56430964666924,0.820624532664704,-0.405122580110374,-0.296225771543798,-1.60027964024141,-0.898214467727196,-2.08003855826945,-0.551753470686607,-0.34476848053886,0.0610890712128745,0.874849771726638,-0.910812056434499,0.0881812846222431,1.24040486303943,-1.05813254276258,0.67529272645976,-0.746101547760053,0.239118965937142,0.190658429492517,-0.236728129982936,-0.658393792953314,-0.391348688885798,-0.0477867027019386,-0.321861540250354,-1.82871867699035,-0.403772909970454,-0.728687620312182,1.14301836776899,1.03312600205297,-0.454975190371856,1.17925099469147,-0.264029226104202,-1.09939376855715,-0.171235730638567,1.55663109730253,-0.176389105893484,-0.337161300152529,-0.588905533386419,-0.619283391928622,0.682832724400303,-1.56531543697313,0.924892830816656,0.518419284204312,-1.16782938256753,-1.3888684065923,2.30145301413988,-0.29844216900797,-1.58352531523914,-0.521839596572905,0.749003691009788,-0.286904425214791,-0.416640719459369,-0.150152698858873,0.346157443944216,0.0423983756329848,0.0510141976217214,-0.20666076843211,1.45963581450202,1.38175799306964,-0.757302642981302,-1.10745167520755,-0.425247563702025,1.1757261378875,0.763017663402644,-0.413719465260767,0.854415094266617,2.23474412487321,-0.906450078535958,-0.043039574199713,2.99884929088174,0.347766031238483,0.228695275045463,-1.0002125522811,-0.361398252209622,-1.39341290226583,-0.653833281538438,0.627044535799378,-0.51147345739279,-0.718130441861903,0.295311354595511,0.881892456169426,-0.453822940289352,-1.1001642083812,-0.152293680362675,-0.660482479245224,-0.333979422149212,-0.413719465260767,-0.267978366150136,-0.315851368525389,2.13725530966685,0.106554821172549,-0.728687620312182,-0.94469347109426,0.682832724400303,-0.736908318327921,-0.64471119872407,0.490563939497149,0.682832724400303,-0.0579168405136468,-0.496562007079367,-0.569295082344151,-1.19475403007165,-0.56760401811193,-1.32355969780203,-0.499564470154296,0.286272032020273,0.374882417342708,-0.620241068459545,0.203092646994081,-0.653833281538438,0.0665195294718176,-1.23321624918318,-0.48183804574133,0.038147655151735,0.324222120103087,-0.669300457399169,0.245203166598712,-0.64471119872407,-1.28302888717086,-0.421455927079768,0.678929691805134,0.281459459960805,-0.772702590882484,-0.230075729421995,-0.655889570517129,-0.826258750205395,-0.785229419645906
comm.and.crime_point_1285,comm.and.crime,regression,0.04,0.100986705707929,nominal,1.3609621849323,0.524070428289996,-0.375024355916575,0.345748499249786,-0.393103207388005,0.0667263240013159,1.99312529671222,-0.232361344920738,-0.800393493714657,-0.723488865413399,-0.578145103398456,-0.519933227992503,-0.343626531286471,0.682832724400303,2.19178043526448,1.10350670591792,-0.105678140049712,1.8774180052532,-1.15847835603325,-1.20546616133649,1.55613770965531,1.88807176993655,1.51615035071635,1.61640333373751,0.926036111367255,1.19249903262118,-0.114410578670175,0.948878009340733,-0.433845179637909,-1.01991441715099,-0.777126743249906,-1.1522015200085,1.80849610516814,-1.352964597874,1.37285536926462,-1.61268182398175,0.224574795131807,-1.51427955979694,1.92526463671364,-0.609687155220656,-0.0253843380978089,-0.842426782302506,-0.785771370477824,-0.114805430650861,1.08469330854548,0.917566476161884,1.07871370914443,0.924855861929795,-0.0679036931627271,0.931913901423168,-0.333979422149212,-0.608816497610759,-0.115382978305131,1.9617161073742,1.51418427135001,1.4934278419403,1.39571057632966,2.70847710154151,1.97972206921989,1.7961795799643,1.60598585364443,-0.599035968609651,0.680028598766554,-0.0895765918335127,0.0425220826264111,0.577398462198459,0.0352809910002048,1.66878599958068,1.00159884023849,-0.220349445381496,-2.23285479771547,0.726172755495118,-0.444061083654919,0.981586015860986,1.30296273431785,-0.29631495662136,-0.440959496409212,-0.0609873547032339,-1.00671795787817,-1.17821175605928,1.44953316445302,1.23739654257118,1.10969454540687,2.296256498219,1.89959135516796,2.32407992805221,2.46432508765804,0.23524876409128,0.321698862402212,-0.798658623560617,-0.286904425214791,-0.226875569169311,1.05760368805584,-2.14797053089092,0.413283929954837,-0.680347684178355,-1.47072871668317,-0.504578098615964,0.232143449791502,1.47700440190924,-0.391348688885798,-1.46155861675429,-2.12579870714607,-0.453822940289352,-0.413167436877806,0.228635869181726,-1.50406343187183,-2.54899801006515,-0.230075729421995,-0.694834028068417,1.04604216081623,1.78891329814154,-0.811358043131231,0.137576952259974,-0.349350157880785,-0.555677486507623,-0.328362195337591,-0.342407471398352,0.77218486682801,-0.413719465260767,0.823029388212234,-0.391348688885798,0.0435715764808665,-0.595936377798769,0.00709456412135369,1.19420787276746,0.00542422998716656,-1.21281089756117,0.46618615394114,0.511652676906082,-0.687872404062027,0.342857548364707,-0.736908318327921,-0.33565501485685,-0.81022732312622,2.20474440874806,-1.21809552051175,-0.793790488820086,0.186693280865528,-1.56531543697313,0.30064753696682,-0.664493583293417,1.04923188615163,-0.407970199261594,-1.21607586867302,-0.665881730079667,0.22717454329497,-0.541331503936429,1.39165222625989,-0.64058805739383,-0.286904425214791,-0.416640719459369,-0.578408706761027,-0.779675500224294,0.663330970637638,-0.629227587743642,-0.534676575320374,-0.959478323882113,-1.83644275594213,-1.15122030423583,2.56911316316804,1.34412777612236,0.928656994970632,0.169078085395916,-1.47566747692775,1.35068765411737,1.43031461963852,-0.0520855978833183,-0.35568405855027,-0.597659300581394,-0.199361816374992,0.114002523928599,-0.695793398648614,-0.447422857068877,-0.970100277440667,0.112378141086133,0.68464204843914,2.88180704274436,-1.05819090460958,0.136833510943376,-1.60506921467841,-0.217427187171022,-0.262943549469985,-0.0492137079787055,0.823407774959287,0.12612488057673,0.176251652332003,-0.553751890761977,-0.611535701313945,0.0902863202695546,-0.78049817719312,0.299068970106906,1.00221121696188,-1.56531543697313,-0.213318223552372,-0.956619933665339,-0.103565429551178,-1.56531543697313,-0.333979422149212,-0.649181537796562,-0.611535701313945,-0.245827430569399,-1.73194324301182,0.248850401944395,-0.499564470154296,-0.840584712680936,-0.93654835490529,0.730278376641099,0.798631967738489,0.391000476585978,-0.449042081635903,0.726172755495118,-0.586710071414878,-0.0176604331626889,-0.224640267159436,-0.629843707397574,-1.91644704011594,-0.733827980135861,1.46677387883271,-0.523804376549633,0.521950818259281,0.857434586358428,-0.970344763376429,0.687466279512922,-0.707179574188299,-0.260908893459341,-0.986987999991752
comm.and.crime_point_1269,comm.and.crime,regression,0.02,0.022033943976286,nominal,0.812099797669774,0.524070428289996,-0.138628602798245,-0.142900394170307,-0.629843707397574,0.927243136822718,-0.496372568292438,-0.576459764357761,-0.864828255976639,-1.14142236866316,-0.878437194093044,0.149763831780583,-0.109719622984733,0.682832724400303,0.615566924868049,0.22877310559976,-0.938572255698432,1.54047298387896,0.281459459960805,-1.1604488464998,1.07870745338686,0.526201352602092,0.417298235895379,0.224571308055511,-0.0646778574863729,-0.81022732312622,1.01142236549834,-0.0889162245473447,-0.35568405855027,-0.932377159094426,-0.964603692743623,-1.1522015200085,0.852441799988983,-0.858334513139159,0.166211111412584,-0.624470961512025,0.338562867294928,-1.11211207947793,1.01271768067076,-1.43178357631207,-0.880390590919278,-1.52747650352372,-1.49380687748304,-0.1794909431453,1.48077955457769,1.45063237705275,1.1701425596092,1.23816037624664,-1.01683029266498,-1.17945889734843,-0.333979422149212,-0.91323565124325,-0.230075729421995,-0.959478323882113,-1.23561849465356,-1.53389703851044,-1.3739496219135,-0.684350728885536,-0.728321444677741,-0.738257558223326,-0.693624944209472,0.635156296765973,-0.594343123662683,-0.649181537796562,-0.48183804574133,0.164544216239436,0.415210582653175,-1.55359682134606,1.50898873085267,-0.791896494605177,-1.47926703027047,0.726172755495118,-0.444061083654919,1.13620597443694,1.30296273431785,-0.617754621230122,0.564407987550553,0.0250464516485512,-1.00671795787817,-0.69346899998653,-0.377360854488696,-0.403772909970454,-0.420577536957683,0.335673910038188,0.179391205812885,0.0283387432671127,0.0276362364880784,-0.35472235350149,-0.372472278128058,-0.0717389230187961,-0.286904425214791,-0.226875569169311,-0.629727998655079,1.13106240044617,1.57125323627326,1.16484187003665,0.698565147620701,-0.321861540250354,0.0351882157167206,2.1755272071051,-0.391348688885798,1.64221046645554,-1.30847754680412,-0.138628602798245,-0.808871504665675,0.110020044243945,-0.755295767554917,-1.63597193492067,0.343388026162328,0.115083578304395,1.38842693899541,0.655028649219603,-0.440959496409212,0.0824355567210018,-0.220480633356821,-0.161767018358061,0.611551347612948,-2.57159214785108,0.287579502381766,-0.649707912297875,-0.954678429186424,-0.391348688885798,-0.504578098615964,-0.413219819433159,-0.694834028068417,1.45333989158982,0.641654500246602,-0.465840642700386,-0.719233528474505,-0.978565285147405,-0.161247855695657,0.100102838577144,1.03524277168163,0.102796409725239,3.25591406581547,1.7814317839229,-0.973391570411965,0.59942720812885,0.945259561142375,0.682832724400303,0.682832724400303,0.815279974671134,-1.01503934364349,-0.407970199261594,1.03022712427771,1.33136280929888,-1.25410891864968,-1.38501220832434,-0.478351146053977,0.500862307366285,-0.286904425214791,-1.23595195673943,-0.524876705773258,1.52316461284766,0.758859062176815,0.260319362349526,-1.1907081890969,-0.229179716068034,-0.00454386804312309,0.293144453697438,1.43112880843274,-0.484226741696171,-1.04789614836431,-0.424861492610813,-0.531713688779321,1.73667742289018,1.02809986702118,-0.746256738413588,-0.433845179637909,1.12007614608757,-0.433845179637909,-0.230075729421995,-0.347885794497196,-0.533447461928133,0.0881812846222431,0.182033724961094,-2.3104286088285,-0.629843707397574,0.854649198346114,-0.180122176360894,0.881892456169426,-0.453822940289352,-0.52457500537974,0.569266126325109,-0.561556462298257,-0.333979422149212,0.353242987609834,-0.696638653067897,0.23327667808193,-0.165584803405107,1.07808905747781,-0.630806040272269,-0.413719465260767,0.682832724400303,-0.414699029235275,-0.0208937288415306,0.0944776934649314,-1.56531543697313,-0.241958561604024,0.775267415563927,-0.611535701313945,-0.127211605631618,-0.955717093078561,-0.818142165740683,-0.187688592418646,0.433253346546518,0.526201352602092,0.235087913437529,1.9400823324986,-1.14142236866316,1.51946588804812,0.726172755495118,0.304702146810281,0.652036626610397,0.812099797669774,-0.629843707397574,-0.00615150860066679,-0.0208937288415306,-0.42964182185941,0.65320279235381,2.14406584489976,-0.467308204356106,1.50018239279789,0.343388026162328,1.03668055063147,-0.91323565124325,0.274003127169785
comm.and.crime_point_1679,comm.and.crime,regression,0.39,0.0199425861850668,anomaly,0.507176249190595,1.22003874930914,-0.453822940289352,0.0403429408622278,2.76343679273958,-2.10505420359556,-0.639997445119629,-0.576459764357761,1.51925794771669,0.669622812085821,0.983373768213399,0.484612361667126,-0.499564470154296,-1.56531543697313,-1.34275895168509,-1.52069409503657,-0.693603398154691,-1.82897722986339,1.203019662197,3.07117874814888,0.0641681588164208,-1.4409448057699,-1.1001642083812,-0.739004709724335,-0.764005364912463,-0.628161290785547,-1.44494042177841,-1.61829720080346,-0.199361816374992,2.08765824385695,1.61320436279498,1.61312175150053,-0.629442373038718,2.45568705458425,-1.67248490055242,2.24134053965018,-0.00340134919443606,1.80360215283486,-0.705017765998204,0.212409265870761,1.22862483270701,0.813110043982106,0.684763913302247,0.143936619326893,-2.62861524800656,-2.76543429362957,-2.44129703374892,-2.78258089081955,0.287943781650617,0.190080215368281,-0.149937701058835,2.0439789840438,-0.34476848053886,1.9617161073742,1.3245427012808,0.897888521195889,0.882810539617961,-0.472298989483845,-0.559068725059139,-0.611535701313945,-0.608454173918587,0.679234591957959,-0.503316572060594,0.368282000318073,0.252266133973507,-0.307289207713733,-0.471291797870422,0.136833510943376,-0.825004765972568,0.208310841536264,0.375718243440288,-1.23321624918318,-0.37760024144161,-0.152293680362675,-0.748828535159937,-0.434074812882258,0.246923518931679,0.584266192935153,2.04046813809654,-0.1602519683065,-0.912061542959443,-0.922036947615181,-0.845653115392282,-1.4425289024979,-1.30189225613177,-1.13966992969373,-1.09698938712883,1.82817078159176,-0.532665618250428,1.43402331381783,-0.286904425214791,-0.226875569169311,-0.802787658830557,0.935299240366342,0.0272941611820292,0.466662038712051,0.0931808133963657,-0.413219819433159,-0.506438677988928,-0.618564013678328,-0.391348688885798,1.18577383657174,-0.491156386462159,-0.375024355916575,-0.611019470771741,-0.00859578069383644,0.223861947321042,-0.608817600383137,0.343388026162328,0.169078085395916,0.589529123243989,-0.910812056434499,-0.388045418306067,-0.799826771902559,0.101693177953087,-0.70339391206371,1.70811714772191,-1.16623659095697,-0.633170690066098,0.648228546406218,0.526744751979124,2.60455344217724,0.226288134846476,-0.0477867027019386,-1.34276811316667,-0.61971625898909,0.00542422998716656,-1.78740340130023,-3.70855272760961,-1.05911760742057,2.85487455767537,0.342857548364707,0.95469044940847,-0.171235730638567,-0.567472613338656,0.670236143756844,0.348009760126863,0.435519243781917,-1.14079770961895,-1.56531543697313,0.682832724400303,-0.226042158711328,-1.48687276759666,0.795140174306145,0.396654485240329,0.0759519559752211,1.08727461797251,0.00457954007927846,0.0435102601731493,-0.0450487366494222,0.00547415598365529,-0.198157722851353,-0.578408706761027,-0.319107477609904,-0.674062310910845,-0.681553878925593,1.80829347388151,0.592406217722805,-0.202586991059232,-0.144541836585371,0.599524856895403,0.341481750221874,-0.883183386419734,1.73491879105002,-0.826699247575706,-0.689543980824615,-0.00616663970913513,-1.17343897873991,-0.35568405855027,1.4958307750464,-0.121200695287352,-0.34476848053886,0.0869987106920766,1.87524147413103,2.99845558029525,-0.514522113788516,0.972629611637952,-0.314189707384816,0.00449804147691576,-0.919685446737523,0.723150221859989,-0.138628602798245,-0.419922423015838,0.620806112517094,-0.512093453824773,-0.241958561604024,-0.413719465260767,-0.744267573836537,-0.44257322543477,1.52316461284766,0.317757916021518,0.25012818008695,-0.531713688779321,-1.56531543697313,-1.05911760742057,-0.466477635900487,-0.351119333321313,0.682832724400303,-0.0579168405136468,-0.140449768739244,0.697923486749661,-1.96575689216723,0.0145655943380156,0.417322912631512,0.124187285317004,-0.644609626645943,0.0218049017374774,-0.395154494276104,0.401605753908883,0.391000476585978,0.160258004218676,0.726172755495118,-0.691582097088426,-0.0176604331626889,-1.20039562229281,-0.669300457399169,-0.91102833931843,-0.288244073076904,0.044462103313619,-0.882023949694159,-0.943185334835349,0.16626443468128,-1.21739747899386,-0.34476848053886,-1.83555965495403,2.43537503871415,-0.280832968781291
comm.and.crime_point_1589,comm.and.crime,regression,0.04,0.183155589671488,nominal,0.629145668582266,0.87205458879957,-0.453822940289352,-0.814792622622935,-0.669300457399169,0.927243136822718,-0.639997445119629,-0.576459764357761,-0.607089206928712,-0.932455617038282,-0.698261939676291,1.48915795132675,-0.499564470154296,-1.56531543697313,-0.817354448219611,-0.919314744817829,0.923191061634,0.0803778912572774,1.203019662197,-0.170067920092664,0.899671107286197,-0.734789774559444,-0.681553878925593,-0.846068711699873,-1.11366911862551,-0.446095258444874,1.21611926443806,-1.56367645165145,-0.35568405855027,-0.10077320755709,0.0665195294718176,0.477363979273606,-0.964061379851424,0.378240698697934,-0.925514645691636,1.84605619466229,-0.459353637846922,2.15549869811399,-0.812376231415014,0.705667118525611,-1.22239309204787,0.299322753066192,0.52137110399335,-0.891031580584123,-0.153076210305205,0.0937373566032682,-0.155575772129859,0.141594576137679,0.762407081401742,1.21723454990582,-0.333979422149212,-0.695793398648614,-0.34476848053886,0.683693543699564,0.471155635969346,0.600118860823686,0.421200506577434,-0.59953003312486,-0.64369508486844,-0.653776320283739,-0.65103955906403,0.767391182341933,-0.503316572060594,-0.649181537796562,-0.691582097088426,-0.95606016564934,-1.16782938256753,-0.549903811549208,0.240514004317214,-0.696638653067897,0.0858767944229815,0.726172755495118,-0.444061083654919,0.620806112517094,0.331061606670478,0.346564372596164,0.405665753241116,-0.706240902341621,0.393340518650751,-0.305674795128326,-0.822944761547652,-0.792470938203999,-0.803145557548822,-0.986579463386079,-1.06297556872134,-1.13966992969373,-1.00327058516075,-0.531713688779321,-1.7608145591886,-0.954427130819579,-0.286904425214791,-0.226875569169311,-0.802787658830557,1.18000319046612,0.192718347798946,0.915491930277863,0.749013842139396,-0.504578098615964,-0.06328940132067,-0.618564013678328,-0.391348688885798,2.23557808530448,0.283147870703906,0.0977671503200851,-1.15511256398006,0.228635869181726,0.108666922041517,0.36127260445787,-0.230075729421995,1.84290780523306,0.133016085671751,-1.82871867699035,0.0881812846222431,-0.689543980824615,0.55273651378696,-0.555677486507623,0.924855861929795,-0.197025862064479,-0.245486398509103,-0.708705024057152,0.971171706328788,1.39787063938796,-0.504578098615964,-0.139144981884744,-0.154888957153209,-0.490150249577908,-2.39267448099071,-0.408381392326479,0.105406250597248,-0.65635599605476,1.80162546094263,-0.324717903551093,1.92131831668641,-0.280848586784089,-0.506783935891765,-0.335131340202921,0.0543650200071232,-1.03965243534049,2.79426486931719,0.682832724400303,0.682832724400303,0.0479899816524777,-0.366268385707879,-1.42111577700285,2.00938483915367,2.01613236565723,-0.824058881310911,-0.293190120292925,-0.695793398648614,1.8904540557699,-0.286904425214791,-0.798985963523397,-0.36428070280995,-0.779675500224294,-0.244185898984547,-0.262943549469985,-1.14384878811286,3.1028076820837,0.490563939497149,0.511987598838842,-0.407153610755056,1.93391955606382,0.763944233026054,-1.12679008480058,-1.12168480637209,-0.0278472343569434,1.31539611889071,2.03042782370749,1.98914957407891,-1.56388548933269,-0.433845179637909,-0.230075729421995,0.608860116919203,-0.533447461928133,0.0881812846222431,-0.584177697663477,-0.0641256158777693,-0.51147345739279,0.259543388537675,-0.180122176360894,2.99845558029525,0.491760072183968,-0.105964675924132,-0.822313500858473,-0.165852394510387,-0.149937701058835,1.35619388751754,1.73243630613274,-0.44257322543477,-0.0632363539352424,3.44356371978626,-0.386102090172486,-1.06268769461281,0.368091981808023,0.149167226676855,-0.822944761547652,-0.00454386804312309,0.6153882795591,-0.333979422149212,0.113916115789414,-0.315851368525389,1.88925741831066,0.467364181799085,2.04589051594031,-0.265657561852559,-1.13454734173342,-0.331272613867753,0.145053283764153,-0.64058805739383,-0.653833281538438,-1.38642682910448,-1.23321624918318,-0.219657981557459,-1.02220602282232,0.812099797669774,-0.590386957395979,-0.659673664119051,1.6723251179825,-0.856335354515137,-0.01206212920031,-1.15249049956315,0.16626443468128,0.264918814710728,-0.230075729421995,0.523780513919773,0.130487161211004,0.374882417342708
comm.and.crime_point_0325,comm.and.crime,regression,0.3,0.0141254798035266,anomaly,-1.38334975138032,-1.21585037425788,0.176565734692862,0.651154057637344,-0.51147345739279,0.107703315088049,0.700501405267494,0.62788470367182,-0.091611108832858,-0.0269330266637888,-0.337911430842786,-1.13382219945117,0.280125224184829,0.682832724400303,0.56780287909846,0.720810755778727,-0.00769059703221596,-0.481197144366448,-1.10088084339349,0.505191802457658,-0.234225751351356,0.425322062429169,-0.0536383847421805,-0.150152698858873,0.168431311655657,0.100102838577144,0.0391120955346223,0.0203252737566635,-0.043039574199713,-0.319616352698494,-0.58964979375619,-0.460870702131241,-0.677245088297676,0.229851673277482,0.625885114403834,-0.278597159647621,-1.02929399866253,-0.156964313720294,-0.543980067872989,0.760473546598372,-0.65238892350022,0.756022567213671,0.739228183071879,0.596735206787962,0.0449669127109041,0.0937373566032682,-0.0641469216650966,0.141594576137679,-0.483059080444962,-0.323496951900488,-0.0579168405136468,0.130487161211004,-0.000690227188266011,-0.229179716068034,-0.145179466755593,0.00457954007927846,0.164750488221586,-0.175426554321479,-0.093623746107983,-0.062407654706626,-0.0122587818823892,-0.0700964263058121,-0.00267053824910844,0.0630429388836828,0.199830121136733,0.931273530163335,0.795140174306145,1.03487462497214,0.0375580480715412,0.208310841536264,-0.725679262825477,0.726172755495118,0.0211648118382402,0.0538662644052637,0.115083578304395,-0.52591471705619,-1.7108973708847,1.10046903104586,-0.553757862530577,-0.935840378022907,0.513806959629217,0.546377825711547,0.514588735598435,0.974003124794731,0.800574593079997,0.793585804862147,0.777386652232682,1.41519099927682,1.54984780334038,-0.850581459313604,0.00547415598365529,0.370733261641266,0.0625106420468348,0.0543650200071232,-0.910109562980505,-0.0819078287572736,0.395872980508533,-0.139144981884744,0.182904641272807,-0.181987260430917,-0.391348688885798,-0.137892390091274,0.111080258000336,0.649357240929522,0.576092732591868,-1.60990941735388,-0.870490792834442,-0.780009989472726,1.26093003509725,-0.154888957153209,1.27429867960235,0.0610890712128745,-0.970100277440667,-0.854968167441532,0.166127940215069,-0.358722252432842,0.768203604771372,0.481421648160263,0.432961111715639,0.0582574288134486,1.41559866067845,-0.391348688885798,-0.230503261067549,-0.321861540250354,1.03299019886025,1.84203791982337,-0.630806040272269,-1.44264789905679,-0.461533597514582,-0.65635599605476,-0.687872404062027,-1.23504806525446,0.0283387432671127,-0.774106439438939,0.342857548364707,-0.388045418306067,-0.826569200352095,0.640404199215584,-0.145179466755593,-1.56531543697313,0.682832724400303,-0.0616228744930443,-0.248310029719587,-0.281327002043937,-0.352113179076581,-0.437625211293547,0.65722458063374,-0.193933566835524,-0.826258750205395,-0.0450487366494222,-0.189444898148642,0.129566772060671,-0.899600712687643,-0.319107477609904,-0.244185898984547,-0.419922423015838,2.37060628568996,0.911911858641464,-0.450140894829368,-1.01991441715099,-0.582228126868179,-0.307289207713733,-1.00671795787817,-1.34276811316667,-0.649707912297875,-0.910109562980505,1.94744787300368,-0.853052298495168,0.0351215468879261,-1.40284779120747,-0.433845179637909,-0.34476848053886,2.60932884078986,-0.232361344920738,1.67560362771661,-0.0965886105387498,-1.3888684065923,-0.472016707391195,-0.165532189896924,-0.708381655201343,-0.176389105893484,-0.453822940289352,0.207993071167575,1.18774596062892,2.45568705458425,0.494208322757484,-0.295725241742213,-0.839525415373817,2.55651072142059,0.294983219209284,-0.569295082344151,1.37576635054595,-0.472716577020044,-0.396278393058944,-1.26049841310347,1.04850764809996,0.143988474218959,0.45801790826296,-0.241958561604024,-0.445688830173635,2.21858576966224,0.58448334399507,-1.40851568053963,-1.04277217999017,-0.499564470154296,-0.791590941172187,-1.1887465803376,-0.710275698132921,0.500862307366285,-0.653833281538438,-0.917734455370194,-1.23321624918318,-0.7440181099252,0.26138000840943,0.385206829798923,0.238204792637512,0.49655784179809,2.34070097857094,0.37633485093474,-0.626152826019497,-0.786206461289495,-1.96484353298993,1.00607696156302,-0.34476848053886,0.267330495563925,-0.695793398648614,-0.93654835490529
comm.and.crime_point_0522,comm.and.crime,regression,0.17,0.704576538205203,anomaly,-0.224640267159436,-0.867866213748302,-0.0598300184254683,-0.387224840880353,-0.550930207394384,0.59942720812885,-0.256997773580451,0.0257124696570293,-0.607089206928712,0.112378141086133,-0.217794594564951,-0.0734685214771128,-0.0317506535508209,0.682832724400303,0.185690512941751,0.22877310559976,-0.644609626645943,-0.31272463367933,-0.0641256158777693,-0.0800332904192877,-0.0551894052506902,0.173123836996862,0.103340488803673,-0.0430886968833349,0.634649649939717,-0.203340548657311,0.141460545004487,-0.416640719459369,-0.277522937462631,-0.538459497839898,0.207127241592105,0.181079343040496,-0.294823366226011,0.427703707171417,0.510966613656022,1.64841402216834,-0.687329782173164,0.446286906758215,0.0464914919194661,-0.226042158711328,-0.196385588662103,-0.385726968155027,-0.295592942551133,-0.308861968134177,0.391542377989094,0.432961111715639,0.347282905426335,0.246029414243294,0.762407081401742,0.646593252940519,-0.241958561604024,-0.260908893459341,-0.115382978305131,-0.320467042044794,-0.382231429342107,-0.442074950479027,-0.348149548490111,-0.175426554321479,-0.220563285821935,-0.231370130585801,-0.18260032246416,-0.378644492649718,0.315922392358201,-0.496562007079367,-0.48183804574133,-0.248310029719587,0.0986025896090331,-0.285774072128984,-0.216136897235549,-0.410865128456057,0.433686533243749,-1.23321624918318,-0.244678557014993,0.620806112517094,-0.370866985519292,-0.709594525404054,0.0352672065190975,-0.233054967406804,-0.718470624475156,0.712284992624459,0.38013178751153,0.287245806889183,0.174528272850755,0.10769919048228,0.179391205812885,0.149167226676855,0.121355038456154,-0.531713688779321,0.481892202524582,0.655180777523025,-0.189444898148642,-0.226875569169311,0.0192457270029651,0.543772920206689,0.303001138876892,0.516532026663808,0.244526896952449,0.134929855663671,-0.604916295026319,-0.531248663028845,-0.391348688885798,-0.822547334916973,-0.233054967406804,-0.296225771543798,-0.413167436877806,1.53340994349732,-0.179320641157294,0.30420847476134,-0.230075729421995,0.43905062085352,1.27429867960235,1.6809242839585,0.82897837806628,-0.0278472343569434,-0.156045871094839,-0.457199869470233,0.141594576137679,-0.827012835844596,1.11140862194038,-0.295725241742213,-0.609013020247796,3.7696264931462,0.317646414029282,-0.230503261067549,-0.0468999429701671,0.675943835122729,0.592713710226646,-0.0636258900830415,-0.925393473242442,-0.173042062415791,-0.44849760935004,-0.870916000573111,-0.253594384688952,1.36334425539874,-0.446095258444874,-0.388045418306067,-2.14797053089092,0.804312163562517,-0.951156139549743,0.682832724400303,0.682832724400303,-0.0616228744930443,-1.13299769963178,-0.914542988132221,-0.870490792834442,-0.380561081597017,-0.632925531382569,-0.64058805739383,-0.91323565124325,-1.08724254795214,1.75974564317433,0.0749460229086676,1.02755132287205,0.0902863202695546,1.33202761141188,0.364971944713428,-0.159801367448073,0.820624532664704,-1.04427026387769,3.05056808247913,-0.976145788122707,3.05452393795259,0.599231471081475,2.00489132650762,-0.118733906464382,-0.579261189746669,0.338588862534303,-0.906450078535958,-0.35568405855027,-0.329263137039369,-0.35568405855027,0.114002523928599,0.391417864324567,3.20862284944949,-1.07592843364696,-1.14142236866316,0.972629611637952,-0.708757207400764,-0.463085094801143,0.876396781320006,-0.970100277440667,0.0977671503200851,-0.629227587743642,1.08466598824495,-0.512093453824773,-0.0579168405136468,0.884216993443326,0.494084366148104,-0.527054463374357,-1.49611464651335,-0.696016939253532,1.22894398048608,-0.236728129982936,-1.56531543697313,-0.938289124010825,0.558365350335113,-0.846227140861585,0.682832724400303,-0.241958561604024,-0.242196122550708,-0.231370130585801,2.00787324324845,0.726106231776839,0.36116540906914,-0.343626531286471,0.580234661072763,-0.886108709818829,3.07117874814888,-1.08724254795214,-0.444866529913555,0.160258004218676,-1.23321624918318,-0.272093994394233,0.372996185038278,1.60490102371564,-0.708757207400764,0.044119426439209,-0.377360854488696,-0.90374574703244,-0.421455927079768,-0.00131209356022966,-0.870490792834442,0.808434789069078,0.114002523928599,1.44700058000083,1.0872330726274,-1.13830693525114
comm.and.crime_point_1218,comm.and.crime,regression,0.25,0.0299069977289529,anomaly,-0.407594396246943,0.524070428289996,-0.375024355916575,-0.99803595765547,0.63277229265346,-0.0971816403456179,-0.687872404062027,-0.533447461928133,-0.220480633356821,-0.305555362163633,-0.217794594564951,0.931077068182516,-0.343626531286471,0.682832724400303,-1.19946681437632,-1.19266899491726,0.433253346546518,-1.04277217999017,0.627044535799378,0.46017448762097,-0.0551894052506902,-1.13830693525114,-0.681553878925593,-0.578408706761027,-0.997114534054493,-0.0212745163166381,-0.114410578670175,-1.01746896013141,-0.199361816374992,1.12474840523477,0.394604191085821,0.576125524684642,-0.486034227261844,0.576092732591868,-1.21281089756117,-0.525649875265053,0.110586722968685,-0.156964313720294,-0.329263137039369,1.41815068347151,-0.709389340354984,1.15563490459271,1.33833515053783,-0.761660555595246,-1.19280260613978,-1.21469712740159,-1.34415082817177,-1.79044992881621,0.940330818808414,-0.608817600383137,-0.241958561604024,0.695837017957058,-0.34476848053886,2.82894570415342,1.56159466386731,0.848260244467189,0.575070517590943,-0.514709337364183,-0.60138190496379,-0.653776320283739,-0.65103955906403,0.811469477533919,-0.639856399463727,-0.343942476362171,-0.429402032904556,-0.897080987655194,-1.42111577700285,-0.0744702805928035,-0.672787798788313,-0.0298337623069365,0.839464561867979,-1.23321624918318,-0.311139399228302,-0.770773514666489,-0.478855999702333,-0.342234908708326,0.881892456169426,-0.319088773758589,0.763944233026054,0.712284992624459,-0.956619933665339,-0.878848277811454,-0.845653115392282,-1.03217440729726,-1.06297556872134,-1.09939376855715,-0.956411184176713,0.471237211128387,-1.33363231886228,0.499412270264063,-0.286904425214791,-0.226875569169311,-0.846052573874427,0.935299240366342,0.0824355567210018,0.865621942326106,0.749013842139396,-0.413219819433159,-0.358722252432842,-0.70587936432781,-0.391348688885798,-0.00096140112613429,0.842367611990508,1.0433501627934,-0.0669263775634199,0.169327956712836,2.5853599655513,1.33136280929888,-0.34476848053886,0.817012170494165,1.04604216081623,-0.154888957153209,-0.282217262099776,1.79181881842915,0.423866989262996,0.921486769053237,-0.276144776284783,-0.584710153621474,-2.13544731984946,1.17920255223971,0.427983206568087,-0.391348688885798,-0.321861540250354,-0.504578098615964,-0.748828535159937,0.416811816300365,0.445891340166776,0.396048112908209,0.930046029669001,-0.978565285147405,-0.639997445119629,0.646300935599162,-0.65635599605476,1.91140853612636,0.464234903258489,0.776064299963135,0.984240030386299,-0.424997569039485,0.186693280865528,0.682832724400303,0.682832724400303,-0.33565501485685,-0.602185097684464,-0.471291797870422,0.511849510519854,0.703657382637049,-0.967408893757168,-0.442074950479027,-1.0002125522811,0.798631967738489,-0.286904425214791,0.894257260188728,0.224571308055511,-1.59846309598321,0.424510741789694,-0.262943549469985,-0.956411184176713,-1.46155861675429,-0.202586991059232,0.905905260093369,-0.844839901037864,1.75698202208138,0.0227368042754491,0.547039635036561,-0.236728129982936,0.358142534415864,-0.408381392326479,-0.692858958372798,-0.277522937462631,0.529604586295112,-0.433845179637909,-0.34476848053886,-0.347885794497196,-0.619472066787389,-0.546787652615503,-1.55935587191293,-0.812893280194679,-0.116905957376842,2.93751953267565,-1.18381518615775,-0.388045418306067,-0.138628602798245,-0.262943549469985,1.08466598824495,-1.25403858092703,-0.333979422149212,-0.531713688779321,-0.696638653067897,-0.569295082344151,-0.728501275489362,2.26082638863203,-0.875509990372052,0.530234322887664,-1.56531543697313,-1.46187921878637,-0.555594417312278,-0.994759483123667,0.682832724400303,-0.333979422149212,-0.445688830173635,-0.696016939253532,0.703099168932851,0.467364181799085,0.81042543756812,-0.499564470154296,-0.840584712680936,0.576640997688553,0.550209117294346,-0.0946770133781229,-0.444866529913555,-1.10521140486391,0.726172755495118,-0.324530007231007,0.707844714924821,-0.651533235030286,-0.590386957395979,0.898725322117096,-0.199127291665113,-1.18820810213626,-0.01206212920031,-0.681553878925593,0.68464204843914,-0.179776073400649,0.572773528396057,0.267330495563925,-0.478351146053977,-0.986987999991752
comm.and.crime_point_0819,comm.and.crime,regression,0.22,0.742920695654523,anomaly,0.934069217061446,-0.171897892729153,-0.453822940289352,0.345748499249786,-0.708757207400764,0.968220127909451,-0.544247527234835,-0.576459764357761,-0.156045871094839,-0.932455617038282,-0.578145103398456,0.707844714924821,-0.421595500720383,-0.104019132080398,0.615566924868049,0.0647605555401046,0.874197290125252,0.81042543756812,0.627044535799378,-0.845327642642986,0.362562068984198,0.576640997688553,0.155666779985624,0.0104433041044344,-1.69644204148058,0.0394141611302526,-0.267933252874971,-0.362019970307365,-0.433845179637909,-0.932377159094426,0.535211903206109,0.526744751979124,-0.151415220449137,0.0814626478570313,-0.00616663970913513,0.51197153032816,0.623533047702732,-0.156964313720294,0.207529190044681,-1.37697714823931,-0.709389340354984,-1.9841763176712,-1.71166395656157,0.0145655943380156,1.53029033533172,1.40217184060813,1.21585698484158,1.08150811908822,0.406559606588398,1.16017042020929,-0.333979422149212,-0.826258750205395,-0.34476848053886,-0.639972682963453,-1.04597692458435,-1.23612737813824,-1.52781963292701,-0.557119685244521,-0.60138190496379,-0.611535701313945,-0.65103955906403,-0.422722787841705,-0.275750193055373,-0.649181537796562,-0.48183804574133,0.459440106210166,0.60517537847966,-0.972511394621568,1.45824974179125,-0.791896494605177,-0.957552422039323,0.726172755495118,-0.510521925868227,1.03312600205297,1.30296273431785,0.0710446600743682,0.564407987550553,-0.319088773758589,-1.04789614836431,-1.17821175605928,0.424690178217426,0.416811816300365,0.387066062068055,-0.530630024274263,0.0360411933666282,0.229719548950016,0.0744956374721161,-0.94469347109426,-0.0520855978833183,1.07056346354692,-0.286904425214791,-0.226875569169311,-0.413403423435731,0.837417660326429,1.57125323627326,1.41419180979543,0.79946253665809,0.0435715764808665,-0.949587954657186,-0.443933312379363,-0.391348688885798,-1.09640931284725,-0.405122580110374,-0.375024355916575,0.32877769022445,-0.660982817851633,-0.179320641157294,1.04604216081623,-0.34476848053886,-0.424861492610813,1.21723454990582,-0.96480656352602,1.35811915909774,-2.06807886929893,0.0372584156911057,-0.555677486507623,-0.223927357231975,-0.245486398509103,0.675263793938761,2.12315634038814,0.329221661157051,-0.391348688885798,0.226288134846476,-0.321861540250354,0.49304512794504,0.114491127674274,-0.337161300152529,-0.982973896065542,0.878506043477017,2.32407992805221,-0.592122486177232,-0.870916000573111,0.310271871223178,1.58256996768979,0.282168870917816,0.0352672065190975,0.00542422998716656,-0.0562046492588845,0.660797206038557,0.682832724400303,0.682832724400303,1.25373139925322,0.872294352169189,1.49167775900326,1.37581220011629,0.24714434506481,-0.72849220634674,-0.0946770133781229,-0.347885794497196,1.29491473502549,-0.286904425214791,-0.853606712675401,0.652827315957665,-1.18906929810375,-0.100893761675781,-0.472248714197789,-1.1907081890969,0.135969587839005,0.143988474218959,-0.494690868811617,1.7375092116307,0.0465858602511433,-1.00671795787817,2.00489132650762,-0.826699247575706,0.303001138876892,0.625885114403834,-1.2268367587807,-0.433845179637909,-0.114546206205749,-0.043039574199713,-0.230075729421995,-0.91323565124325,-0.576459764357761,0.0881812846222431,-1.76832262353781,-0.352113179076581,-0.4325599573896,-0.590607768331523,0.982048677088096,-0.335131340202921,-0.296225771543798,-0.262943549469985,0.569266126325109,-0.660482479245224,-0.333979422149212,-0.94469347109426,-0.744267573836537,2.76771381626956,-0.933198174429091,-0.527054463374357,1.27788477050604,-1.3576732534092,-1.56531543697313,-0.857736801737663,0.469248568923321,0.490563939497149,0.682832724400303,-0.333979422149212,0.419155177223805,2.42978886451121,0.169327956712836,2.47261506912668,2.38283553731455,-0.499564470154296,0.286272032020273,-1.39050516068344,-0.26010254976604,-0.69021633412253,-0.235899778288672,-0.495911319009332,0.726172755495118,-0.7440181099252,0.652036626610397,0.324222120103087,0.514402042648675,0.697641581957593,0.513806959629217,0.281514065900134,0.141460545004487,-0.210617258288034,-0.352113179076581,-0.0809549871536759,-0.34476848053886,0.164750488221586,-0.173931992421487,0.828839223120861
comm.and.crime_point_0378,comm.and.crime,regression,0.08,0.118349189388054,nominal,1.23899276554062,-1.21585037425788,-0.375024355916575,0.528991834282321,-0.669300457399169,0.640404199215584,-0.496372568292438,0.283786284234797,0.810475562834887,0.0427225572111723,-0.337911430842786,-0.408317051363656,-0.499564470154296,-1.56531543697313,-0.291949944754136,-0.0992519945195506,-0.840584712680936,-0.705827158615937,-0.236918153797056,0.0550186540907768,3.10778604252775,-0.432151904040676,-0.786206461289495,-0.899600712687643,-0.938837241768986,-0.628161290785547,-1.18906929810375,-0.307399221155361,-0.35568405855027,0.0305326795277526,-0.964603692743623,-0.0164437477815769,-0.964061379851424,1.56535290206154,-0.465840642700386,1.25312967718045,-1.54224032339657,0.798183452037345,-0.866055464123419,0.596054262380089,-0.937391007774043,-0.0432021075444176,0.249049755145189,0.920162769260154,0.143988474218959,0.481421648160263,-0.475576748756528,0.924855861929795,-0.186519518100509,0.475400863850929,-0.241958561604024,-0.391374245016123,-0.34476848053886,0.181613250827385,-0.477052214376713,-0.938357717766034,-1.27136961457117,-0.59953003312486,-0.64369508486844,-0.696016939253532,-0.693624944209472,0.41476482080604,-0.503316572060594,1.13137965390405,1.14367835219867,0.813315174175043,0.731818575697316,0.506615146131691,0.798642883992814,-0.125091603844216,-0.725679262825477,0.726172755495118,-0.37760024144161,0.105406250597248,0.871006677585685,1.67824298311818,0.723150221859989,0.111080258000336,0.393340518650751,-0.935840378022907,-0.64471119872407,-0.706093598596545,-0.760637999705362,-0.758604743830171,-0.824058881310911,-0.898012962874244,-0.862692382208638,-1.53466458868703,-0.692858958372798,-0.74673578780763,-0.286904425214791,-0.226875569169311,-0.716257828742818,0.348009760126863,0.247859743337919,0.566402014615565,0.294975591471144,-0.321861540250354,-0.70339391206371,-0.487590987704104,-0.391348688885798,-0.00096140112613429,-0.0609873547032339,-0.217427187171022,-0.462630445351289,0.703099168932851,0.281459459960805,-0.437625211293547,-0.34476848053886,-0.856817549342979,1.78787584687111,-1.28877360607514,-1.02301435554381,1.01983928088354,0.746040800572905,0.626053917941065,-0.380579614390398,0.287579502381766,0.869105939717259,0.294245875850557,-0.707774565658833,-0.391348688885798,-0.139144981884744,-0.595936377798769,-1.45075712734971,0.0713024578705468,0.739536080286516,-1.61502565017851,-0.822313500858473,-1.26049841310347,-0.400622650407643,-0.688849968232438,1.96159447782299,0.0479899816524777,-0.0212745163166381,-1.28758474605954,-0.288220510132573,-0.506951551212952,-1.42526006472277,0.682832724400303,0.682832724400303,0.541247834307328,-1.13299769963178,2.44150173813568,-0.409710691716343,0.703657382637049,-0.824058881310911,-0.193933566835524,-0.652304948129686,1.29491473502549,-0.286904425214791,-1.07208970928342,0.438699312006588,-1.34259197230855,1.04544333679435,2.09173955371781,-0.159801367448073,-1.46155861675429,1.6788226775938,0.774599373008527,-0.10077320755709,-1.48687276759666,1.42279528080437,1.89690231232458,-0.413719465260767,1.24040486303943,0.740803615151647,-1.81421233922939,-0.277522937462631,-0.168225438914154,-0.433845179637909,-0.115382978305131,-0.391374245016123,-0.533447461928133,0.194009440828534,-0.862800033163321,-0.928088305474204,-0.629843707397574,-0.208039747740384,0.453789198247646,-0.546787652615503,0.570558656556745,-0.52457500537974,-3.70855272760961,-1.20457557245354,-0.333979422149212,0.589231434646941,-0.696638653067897,0.0220735832329614,0.755551241823674,-0.400332606464976,0.641654500246602,1.17920255223971,-1.56531543697313,-0.69663215719134,1.40497477374713,0.193499254972986,0.682832724400303,-0.149937701058835,0.26653564650661,0.0220735832329614,-0.0679036931627271,-0.502918505617492,-0.0880946194298402,-0.499564470154296,-0.301653226084705,0.274003127169785,-0.0800332904192877,-1.13687082468084,-0.723488865413399,-0.542780556382761,-1.23321624918318,-0.376966020067782,-0.575741316306927,-1.38334975138032,-0.550930207394384,1.3008928024361,1.7168835086884,-0.00294828920368394,-0.114410578670175,0.417298235895379,-1.04328333075373,-0.0315444440301896,-0.34476848053886,0.0108804772080765,-0.869747200724323,1.98895106010947
comm.and.crime_point_0663,comm.and.crime,regression,0.35,0.0386684537555209,anomaly,0.507176249190595,-0.519882053238727,2.0677317596395,-0.875873734300447,1.42190729268536,-0.916721462080286,-0.0176229788684652,-0.533447461928133,0.488301751524978,1.57514540246031,1.28366585890799,-0.91058984619347,2.07341152116482,0.682832724400303,-0.100893761675781,1.04883585589804,0.335265803529022,0.192692898382022,-1.10088084339349,-0.620241068459545,-1.12940748185469,0.223563482083323,0.260319362349526,0.652827315957665,-0.239509734342896,0.0394141611302526,-0.319107477609904,0.457291266972696,1.20753836320251,-0.0132359495005283,-0.730257505876477,-0.855916883775387,1.42607438309648,-0.759408496192192,0.913181366273366,-0.673881504635512,0.395556903376489,-1.01157020939818,0.798000749837136,0.212409265870761,1.5706273338356,0.470585183371496,0.357978294684454,-0.891031580584123,-0.450140894829368,-0.342407471398352,-0.0184324964327153,-0.641666709654437,0.703099168932851,0.646593252940519,1.1383543465738,1.04374462210848,0.458080777279193,1.36834848852526,1.65641544890192,1.7415692255838,1.498290583672,0.163856228721226,0.16025533331992,0.106554821172549,0.0303266032630535,0.458843115998027,-0.412290020458506,-0.700054714702294,-0.796454122761974,-1.13299769963178,-0.787899790914564,-0.866859498853478,-0.977221733156823,-0.315607286918777,0.665559692457595,-1.23321624918318,1.88206839381087,-0.0492137079787055,-1.12679008480058,-0.571834669143156,-0.917186199337522,1.01443522469408,-0.183154148155274,-0.451097621950152,-0.288244073076904,-0.231018230755544,-0.123024632053464,-0.0746805851624468,-0.202875494043799,-0.253594384688952,-0.159801367448073,-0.590710800538598,0.321698862402212,-0.279430266030745,0.980069426645142,-0.226875569169311,-0.283608678304122,-0.239279720112616,-1.35124072729229,-1.12917757574417,-1.06713916053361,1.77937888095416,-0.161767018358061,-0.00735655913195239,2.60455344217724,0.409831565769285,-0.233054967406804,-0.375024355916575,-0.512093453824773,-0.127211605631618,0.569447023159616,-1.23652302704496,-0.115382978305131,-0.424861492610813,-0.266432822203958,0.547039635036561,-0.440959496409212,-0.854968167441532,0.359432227001014,-0.407961060951538,-0.328362195337591,-0.00318371628598076,-0.148565325619854,-0.236728129982936,-0.559632247542278,-0.391348688885798,-0.504578098615964,-0.0477867027019386,0.223072592487436,-0.0582635515406352,1.08212161042621,1.48777387001243,0.775426071093047,-1.13966992969373,-0.44849760935004,-0.324717903551093,-0.938289124010825,-0.33565501485685,-0.506783935891765,-1.02301435554381,-0.435042880192443,0.804312163562517,-0.00294828920368394,0.682832724400303,0.682832724400303,-0.33565501485685,-1.01503934364349,-0.407970199261594,-0.294515666436819,-2.03542084279638,-0.680708868864655,0.451234030637584,0.739325468475985,-0.491703227207728,-0.286904425214791,0.5119120161247,0.599295314969896,-0.67732705075443,-0.8651184939892,-0.9955116260173,0.871105454200756,0.227256913815765,-0.598673237091449,-0.407153610755056,-0.976145788122707,-0.307289207713733,1.95811175712425,-0.586845013885375,-1.59366170044631,-0.248412816512834,0.281129612160397,-1.33363231886228,-0.043039574199713,1.28111384421278,-0.433845179637909,-0.230075729421995,0.217464062248858,3.33765975673838,-0.493873574512357,0.0427225572111723,0.972629611637952,-0.195819457380031,0.557096293441894,0.0311816151752862,0.0352672065190975,-0.217427187171022,-0.105964675924132,-0.152293680362675,-0.709945487718708,-0.241958561604024,0.117254540572726,-0.744267573836537,-0.569295082344151,-0.370281702344836,-0.78049817719312,1.27788477050604,2.06415922862887,-1.56531543697313,0.189443387813436,-0.243685682371009,0.490563939497149,0.682832724400303,-0.241958561604024,0.012169761977951,-0.315851368525389,0.762407081401742,1.17890481923791,-0.649669655053565,-0.499564470154296,0.237278260511525,-1.13830693525114,0.46017448762097,0.10383609353668,2.13239007346,0.816427327446683,0.726172755495118,-0.534274058578104,-0.352508963049232,1.17800805584479,0.396031792643891,-0.20723524876017,3.27642718339475,-0.477052214376713,0.0391120955346223,-1.04783791719925,-1.56166094451159,0.215508271587242,0.802159030629787,0.780230532275621,-0.91323565124325,2.9977439618387
comm.and.crime_point_1842,comm.and.crime,regression,0.16,0.0041961479982343,anomaly,-0.041686138071928,1.56802290981872,-0.0598300184254683,-0.387224840880353,1.50082079268855,-0.875744470993553,-0.496372568292438,-0.490435159498505,-0.0271763465708762,0.0427225572111723,-0.0376193401481986,0.26138000840943,-0.0317506535508209,0.682832724400303,-0.960646585528377,-0.809973044778059,-0.693603398154691,-1.04277217999017,0.339056972600567,0.550209117294346,0.660955979151975,-1.03742764507821,-0.733880170107544,-0.524876705773258,-0.705728072626956,0.706989613046053,-0.882023949694159,-0.744365214371393,0.113282667975565,1.03721114717821,-0.0740881826484698,0.230460115746014,-0.390428796743927,0.675018749538836,-0.925514645691636,-0.82211313400597,0.281568831213367,0.194932231558836,-0.168225438914154,2.1306342484174,-0.0253843380978089,1.55524724197176,1.82851357846452,-0.308861968134177,-1.29182416764783,-1.31161820029084,-0.932721001080341,-1.16384090018251,0.110020044243945,-0.152304562810898,0.0341040200315418,0.869790820032767,-0.230075729421995,-0.457398031009934,-0.42964182185941,0.00457954007927846,0.0108804772080765,-0.641940381005198,-0.64369508486844,-0.569295082344151,-0.565868788773144,0.679234591957959,-0.548829847861638,-0.0895765918335127,-0.167221968720685,-0.543205919690318,-0.787899790914564,-0.0216443327087585,-0.520570831604059,-0.0298337623069365,0.317749953636827,-1.23321624918318,0.353469022904782,-1.49233332135427,-0.424861492610813,0.208804516335266,0.0352672065190975,0.197114064352121,1.01101337594292,-0.354149070735601,-0.822944761547652,-0.792470938203999,-0.760637999705362,-0.849794631652535,-0.871842218792997,-0.898012962874244,-0.909551783192675,-0.118733906464382,0.108107742239052,-0.435198773289707,0.102933683049804,-0.226875569169311,-0.672992913698949,0.00542422998716656,-0.082988629895916,0.167442111001511,-0.613100909865359,-0.0477867027019386,-0.407961060951538,-0.662221689003069,-0.391348688885798,-0.868190997905353,-0.792274708693406,-0.296225771543798,0.0319996393835476,-2.1436806295739,-1.96484353298993,-1.92129258340332,8.48657335545972,0.655028649219603,0.24714434506481,-1.01880107061754,-1.1288425117501,-0.524119794207697,1.1326493741448,-0.654155103545014,0.611551347612948,0.142197893047893,-2.37775000207258,2.00516211686959,0.181079343040496,-0.391348688885798,0.226288134846476,-0.504578098615964,2.27486386196523,3.13769801393518,-0.19033893009266,0.913181366273366,-0.10075369417069,0.0283387432671127,-0.209122814638054,-0.385406580997984,-1.17994609083031,0.0479899816524777,-0.870916000573111,-0.758443965028085,0.788476870306472,-0.465974560126219,-0.0977690742382896,0.682832724400303,0.682832724400303,0.924892830816656,0.0465858602511433,-0.15468380482628,1.72139727595486,0.988978031119698,-0.346225506490056,-0.392446673750327,-0.347885794497196,-1.98055152906875,-0.286904425214791,0.675774263580712,-1.27432471960203,-0.882023949694159,-0.626298265141257,-0.786206461289495,1.05854305813691,1.09448651059498,-0.103565429551178,0.730830743980246,0.730830743980246,-0.720143453672756,-1.00671795787817,0.331061606670478,0.884216993443326,-0.634402585285642,-0.00616663970913513,1.49645002329959,7.38226692912601,-1.13445162766544,-0.277522937462631,-0.34476848053886,-0.43486269553505,-0.490435159498505,0.881892456169426,-0.166244194413711,1.37581220011629,0.908969542664623,1.66229279737185,-0.655555707317298,-1.1288425117501,-0.296225771543798,-0.158290967106083,1.03312600205297,-0.215315402983871,0.12612488057673,0.117254540572726,-0.601380811530617,-0.738257558223326,-0.626152826019497,0.613442248810074,-0.924450780392009,0.707225658165495,-1.56531543697313,0.229719548950016,-0.511036026606383,-0.499651675583395,0.6153882795591,0.0341040200315418,-0.649181537796562,-0.527054463374357,0.703099168932851,0.596735206787962,-0.930457172865427,-0.109719622984733,-0.056684368540964,-0.785229419645906,1.27048615468136,0.10383609353668,-0.514522113788516,-1.2458191169842,0.726172755495118,-0.324530007231007,2.10304692278542,1.3609621849323,1.57973429269174,-0.00615150860066679,-0.912061542959443,-1.04597692458435,-0.114410578670175,1.2545188948066,-0.524905716995868,1.7966456515388,-0.230075729421995,0.934100543289131,-0.260908893459341,-0.633910484386522
comm.and.crime_point_1682,comm.and.crime,regression,0.12,0.139313605923613,nominal,0.202252700711415,1.22003874930914,-0.453822940289352,-0.6315492875904,-0.669300457399169,0.845289154649251,-0.44849760935004,-0.318385949779994,-0.349350157880785,-1.42004470416301,-0.998554030370879,2.04723883447099,-0.499564470154296,-1.56531543697313,0.0423983756329848,-1.57536494505645,-0.203665683067209,1.03505545181761,1.54860473803558,-1.11543153166311,3.10778604252775,0.0722445468239389,0.312645653531477,0.171039307067742,-1.52161016462406,0.221480193470925,1.42081616337779,0.0203252737566635,-0.35568405855027,-0.62599675589646,-0.870865217996765,-0.510251474836759,-0.0558097899312211,-0.512093453824773,-1.27027014793507,-1.36562910836432,-0.744323818254725,-0.408318988919673,0.100170724627871,0.322022122016284,-1.3363939257574,-0.499901921691897,-0.132200133242237,-1.27914465555075,0.29252081648104,0.239118965937142,0.758712732517766,0.559333928560141,-0.601674905382743,0.0759519559752211,-0.333979422149212,-0.782770299686468,-0.34476848053886,-1.09640931284725,-1.23561849465356,-1.38501220832434,-1.42523962558467,-0.684350728885536,-0.686008264773091,-0.696016939253532,-0.65103955906403,0.679234591957959,-0.594343123662683,-0.343942476362171,-0.219657981557459,-0.543205919690318,-1.04118618534988,0.348137302479556,0.544947938685724,-0.410865128456057,0.201813374029904,0.726172755495118,-0.37760024144161,-0.0492137079787055,0.817012170494165,-0.847354381664952,0.0352672065190975,1.10046903104586,-0.636114243502866,-0.887366102415632,0.0682230525702607,0.0713024578705468,0.0895131571638354,0.335673910038188,0.418307893223313,0.390824193496339,0.449370845344417,0.117254540572726,0.588687762606162,-1.47365548834945,-0.286904425214791,-0.226875569169311,-0.54319816856734,-2.78420080115036,-1.07553374959742,-1.07930758779241,-3.0346382467627,0.317646414029282,-0.998826763175882,-0.618564013678328,-0.391348688885798,1.23141749956012,-0.878308515045191,0.570558656556745,-0.957260530086126,-1.13544611760276,1.31821468747653,-0.837074119169256,-0.34476848053886,2.00489132650762,-0.0381763034178386,0.709023156311124,0.194009440828534,0.0824355567210018,0.93934508735885,-0.8018715291011,-0.11949251912636,-0.923933908733845,0.723724330383386,0.0582574288134486,-1.74477079247472,-0.391348688885798,-0.321861540250354,-0.321861540250354,-1.34276811316667,-0.792470938203999,0.396950550146819,0.740803615151647,0.620806112517094,-1.22022225196689,0.892001241037083,0.767678290492944,-0.173042062415791,-0.171235730638567,-1.23504806525446,0.194009440828534,-0.337161300152529,0.722358181389051,-0.571872999411319,-1.56531543697313,-1.56531543697313,1.08931211503494,0.459440106210166,-1.10450778395871,-1.15847835603325,-1.00826650825885,0.179391205812885,-1.08724254795214,2.18096542220705e-05,-0.293190120292925,-0.286904425214791,2.64212123305286,-0.36428070280995,0.909073916028471,0.711095016407226,-0.576901296561691,-0.722114179256525,0.546762554734425,-0.40063011407534,0.599524856895403,-1.06368304617927,1.34412777612236,-0.84200519593359,-0.100894450061688,-0.295725241742213,-0.799826771902559,1.14301836776899,-0.319074498087268,-0.35568405855027,-1.45652702391587,-0.277522937462631,-0.115382978305131,-0.782770299686468,-0.318385949779994,-1.18175658985325,0.460656060460939,-1.21607586867302,-0.393103207388005,1.44975500815455,-0.391425967897073,-1.1288425117501,-0.217427187171022,-0.105964675924132,0.620806112517094,-0.165852394510387,-0.333979422149212,-0.000739682945828393,-0.791896494605177,-0.653776320283739,-0.370281702344836,-0.527054463374357,-1.02233236043192,-0.35472235350149,0.30064753696682,1.7199375110035,-0.511036026606383,-1.09378104463172,-0.800945062106161,-0.333979422149212,-0.852674245419489,-0.10464827367642,1.71133368090399,0.27330764431577,1.48431548031659,0.0462183158830917,-1.42850997078591,1.68631318959071,-0.935362272316362,1.5926843953977,-0.166244194413711,-1.29268835435763,0.726172755495118,0.357138159647056,0.652036626610397,-1.50531917077199,0.47494529264708,0.546828776837966,-0.421919245194591,-0.714104176963228,0.0391120955346223,-0.210617258288034,0.627044535799378,-1.26680802211735,0.343388026162328,-0.655889570517129,0.173975611729931,0.929718513293784
comm.and.crime_point_1100,comm.and.crime,regression,0.28,0.0782824906561334,anomaly,1.17800805584479,0.176086267780421,7.42603549698832,0.528991834282321,-0.156362707378436,-0.711836506646619,-0.400622650407643,3.6817581761754,0.488301751524978,0.530311644335899,0.262672750546389,-0.575741316306927,7.29733247323696,0.682832724400303,-0.769590402450023,0.11943140555999,-0.105678140049712,-0.874299669303055,-0.467308204356106,0.640243746967722,0.0641681588164208,-0.93654835490529,-0.786206461289495,-0.739004709724335,-0.356064318913911,-0.203340548657311,-0.370281702344836,-0.744365214371393,7.38226692912601,1.2998229213479,1.28511970118097,0.773648615506715,-0.390428796743927,1.12018582580019,-0.408381392326479,-1.0691658496234,0.167580759050246,-0.20723524876017,-0.329263137039369,0.815279974671134,0.145616912466485,1.21272238136115,1.06601380168967,1.30827584422678,-0.549162456337422,-0.730091762955347,-0.521291173988909,-0.537231871548822,-0.483059080444962,-0.837074119169256,5.09525135001691,0.130487161211004,6.42210383535615,-0.503041693998314,-0.382231429342107,-0.243561843564225,-0.0404095264630932,-0.175426554321479,-0.093623746107983,-0.0201670357368324,0.0729119884084963,-2.71479413782501,1.40824101158326,1.38574553843271,1.19611436503544,0.636377640192604,0.98510497013263,0.453789198247646,-0.520570831604059,1.39903386075226,0.607591402654133,-1.23321624918318,6.13556229546261,-0.822313500858473,-0.640839520976896,1.49456317477031,0.194009440828534,0.584266192935153,0.887478804484488,0.760759268231735,-0.867503152253548,-0.835659608007726,-0.760637999705362,-0.667414856007808,-0.680708868864655,-0.65635599605476,-0.768973580240562,-0.35472235350149,-0.105483377924108,-0.227507430277758,3.7089361844973,0.769139148848317,0.235570302222313,0.494832130186732,0.0272941611820292,0.616272002567322,0.446321675027228,8.26581670293332,-0.0140505928019747,0.516535544764941,0.440846347520602,-0.411754368021554,-0.233054967406804,-0.375024355916575,-1.45189061482096,0.287943781650617,-1.44646591923207,0.24714434506481,-0.230075729421995,-1.34276811316667,-2.09248497249291,0.115083578304395,0.0881812846222431,-1.07553374959742,0.488301751524978,0.281382258310197,0.141594576137679,-0.681631226510723,-1.02085498162309,-1.12168480637209,-0.707774565658833,3.7696264931462,-0.413219819433159,-0.0477867027019386,0.00709456412135369,-0.662904928792817,0.739536080286516,1.14301836776899,0.620806112517094,0.511652676906082,-0.592122486177232,-1.05298203291378,-1.05911760742057,-0.171235730638567,1.37456506496185,0.82897837806628,1.08212161042621,-0.588905533386419,1.08749073869428,-1.56531543697313,0.547943834717897,-1.43178357631207,-1.25095605562007,-0.534613396479251,0.569447023159616,0.24714434506481,2.28185805502465,-0.243561843564225,-0.652304948129686,0.798631967738489,-0.286904425214791,1.9320514940768,-0.310748701822181,-0.267933252874971,-0.196421853214959,0.312645653531477,-0.862692382208638,-1.14205297583563,-0.796716360107558,-1.01991441715099,-0.801071272009583,0.69535681818675,0.805122423512198,-0.640839520976896,1.53318522279537,1.62639463181223,0.798262865525553,0.108107742239052,1.59834396864071,1.54951000775481,2.61443854278002,1.14623728398038,-0.91323565124325,0.584872401242192,-1.55215513657527,0.251689308836056,-0.0641256158777693,-0.669300457399169,-0.845653115392282,0.612267041899781,1.62268954961346,0.728155825302298,0.888234856532939,-0.873853487050458,1.96105696984941,-0.241958561604024,0.412240099369111,-0.744267573836537,-0.653776320283739,-1.64963732071814,-0.611535701313945,-0.630806040272269,2.18215345214742,-0.0815376504666633,-0.414699029235275,0.647482131746904,-0.103565429551178,0.682832724400303,-0.333979422149212,-0.59830836089083,-0.738257558223326,-0.00859578069383644,0.532049694293523,-0.31272463367933,-0.265657561852559,-0.350646997593453,-0.381712258954214,-0.935362272316362,-0.392446673750327,-1.76832262353781,-0.823995980623335,-1.23321624918318,-0.48183804574133,-0.18508469810596,-0.224640267159436,0.277661542639106,0.14466129651896,2.56349293210042,0.945259561142375,1.77903573652232,-1.15249049956315,-0.697698254915155,1.20371913405697,-0.34476848053886,-0.45072955583245,0.565371666400276,0.526201352602092
comm.and.crime_point_1470,comm.and.crime,regression,0.48,0.0260408852936893,anomaly,1.17800805584479,0.87205458879957,0.0189685659473083,-0.509387064235377,0.593315542651865,-0.670859515559886,-0.496372568292438,0.455835493953308,-0.413784920142767,-0.305555362163633,-0.337911430842786,0.540420449981549,0.0462183158830917,0.682832724400303,-0.817354448219611,-0.591289644698518,1.07017237616025,-0.705827158615937,0.396654485240329,0.325122543110906,0.00448937678286525,-0.684350129472983,-0.419922423015838,-0.257216700834412,-0.647450780341448,-0.0819631937635291,0.243808994474351,-0.798985963523397,0.191443789063205,0.905905260093369,0.300865716338963,0.329221661157051,-0.199217935708095,0.279314681750966,-0.580759143448198,-0.179776073400649,1.36445551676302,0.446286906758215,-0.060866973497344,1.36334425539874,-0.823390174064514,0.870197520750541,1.12047807145931,-0.308861968134177,-0.450140894829368,-0.536249617176849,-0.521291173988909,-0.641666709654437,0.228635869181726,-0.0381763034178386,-0.0579168405136468,0.260952512767785,-0.230075729421995,-0.411754368021554,-0.666693784445925,-0.392446673750327,0.0108804772080765,-0.59953003312486,-0.60138190496379,-0.569295082344151,-0.523283403627701,0.0180601640781611,-0.275750193055373,-0.191322945644976,-0.272093994394233,-0.543205919690318,-0.534613396479251,-0.127296228476849,-0.723526787849732,0.160681920767624,0.665559692457595,-1.23321624918318,0.419929865118091,-1.23463339039435,-0.694834028068417,-0.388154860795292,-0.176389105893484,0.670299999286939,1.91693356663811,-0.305674795128326,-0.867503152253548,-0.749282268400272,-0.718130441861903,-0.804199687741353,-0.824058881310911,-0.857736801737663,-0.862692382208638,-0.413719465260767,-0.692858958372798,0.135952419993153,0.00547415598365529,-0.226875569169311,-0.586463083611209,0.690595290266559,-0.579261189746669,0.0677021350979969,0.698565147620701,0.500362972394892,-0.70339391206371,-0.662221689003069,-0.391348688885798,-1.05076564985887,-0.319088773758589,-0.375024355916575,0.0814626478570313,-0.245827430569399,-0.00652810323800724,2.07319649535376,-0.000690227188266011,-0.424861492610813,0.30420847476134,1.30296273431785,0.0881812846222431,-0.689543980824615,-0.091611108832858,0.429098683866283,0.402681671401718,-1.02085498162309,-0.342407471398352,-0.118733906464382,-1.49786692894712,2.313285179435,0.591721251577697,-0.413219819433159,1.14097921304329,-0.662904928792817,1.66941109066569,-1.67248490055242,0.878506043477017,1.15607125509137,0.0781269390163294,-1.23504806525446,-1.05911760742057,1.19892497118046,0.100102838577144,0.246923518931679,-2.7352600111304,-0.424997569039485,-0.90374574703244,-1.56531543697313,0.368091981808023,-0.774106439438939,0.69535681818675,-1.16782938256753,0.972629611637952,0.589529123243989,0.561657905669569,0.848260244467189,-0.739281849167541,-1.58352531523914,-0.286904425214791,0.5119120161247,-0.846068711699873,0.65320279235381,0.472274787559283,2.77198133908318,1.24598066207306,0.0446822618622457,0.886650185529367,1.86881509871555,0.511987598838842,0.577398462198459,1.1757261378875,0.00709456412135369,1.59218233455465,0.192718347798946,-1.72994415092632,0.481892202524582,-0.121200695287352,-0.651338533289799,-0.199361816374992,-0.115382978305131,-0.826258750205395,-0.18934904249111,-0.70552988692494,-1.14142236866316,-0.755295767554917,-0.629843707397574,0.217035830694215,0.929222729204051,0.0352672065190975,0.885752994047852,0.417298235895379,1.03312600205297,2.35676103763728,0.494208322757484,0.648228546406218,-0.553751890761977,-0.484813844404564,1.36964193864286,-0.0201670357368324,1.08212161042621,2.94911590501802,0.682832724400303,-1.13966992969373,0.825715694570486,0.589585501005203,0.682832724400303,-0.149937701058835,-1.10704012994815,-0.400332606464976,-0.0679036931627271,1.24359033173235,-1.77281972630101,-0.499564470154296,-0.497628312119698,-1.13830693525114,-1.11543153166311,0.897888521195889,3.52550175095922,-0.308434369515615,0.726172755495118,-0.324530007231007,-1.35705455270886,-0.773502654421958,-0.0774492073752468,1.45170560755573,1.04850764809996,-1.61490163479198,-0.882023949694159,-0.105964675924132,0.108666922041517,-0.970344763376429,0.343388026162328,1.65216059468551,-0.956724101762177,-1.54182409594283
comm.and.crime_point_0129,comm.and.crime,regression,0.62,0.0168994497443803,anomaly,-1.38334975138032,-1.56383453476745,-0.217427187171022,1.93385740286509,-0.669300457399169,-1.81821526598842,0.892001241037083,3.6817581761754,0.230562702477051,0.530311644335899,0.142555914268554,-0.18508469810596,-0.109719622984733,0.682832724400303,-0.435242082062902,-0.153922844539436,0.237278260511525,-0.76198466217831,0.396654485240329,1.22546883984467,0.123846940849976,-0.633910484386522,-0.890859043653398,-0.578408706761027,-0.414341611199418,-0.264029226104202,-0.0632363539352424,-0.853606712675401,-0.121200695287352,0.42445034078228,3.20675843349157,2.20569102396674,-1.01186409511038,1.91159396137593,-0.23600364120476,-0.179776073400649,-0.972299962580968,1.0998090622766,-1.34916855849906,-0.554880727147895,0.259617746176014,0.0709728459924523,-0.186664403011869,2.66667160660999,-0.301608552567286,-0.4393285442876,0.0729963540320473,0.559333928560141,0.406559606588398,-0.152304562810898,-0.149937701058835,0.521883215881349,0.458080777279193,0.409831565769285,0.660797206038557,0.600118860823686,0.575070517590943,3.4718633633876,3.46068336588266,3.44356371978626,3.39457202975303,-3.46412515608878,3.86595790483965,3.72591167609637,3.92278703254769,2.11085709004626,0.478532181262003,3.14791254033394,-1.63682859095526,3.87573774072154,1.88289377833028,-1.23321624918318,-0.37760024144161,0.569266126325109,-1.07279557770906,0.254724468422232,0.405665753241116,0.756333805638724,-0.265510529127564,1.68177050476997,0.914832475982277,0.935075853945092,0.897156756189573,0.518053685682914,0.752791255597911,0.793585804862147,0.730527251248644,1.35619388751754,2.03042782370749,-0.798658623560617,0.39531226424825,0.370733261641266,3.39390910042479,-0.728687620312182,-0.689543980824615,0.466662038712051,0.395872980508533,-0.504578098615964,1.01996438609063,-0.225644935755658,-0.391348688885798,0.227256913815765,0.842367611990508,-0.138628602798245,0.526629724118384,-0.186519518100509,-0.467308204356106,-0.608817600383137,-0.115382978305131,0.43905062085352,-0.722945859776196,-1.12679008480058,0.246923518931679,-1.84751328714304,-0.607089206928712,-0.407961060951538,-0.276144776284783,0.239118965937142,-0.00318371628598076,1.23819966399899,0.279840888451533,-0.391348688885798,2.32752855605099,-0.321861540250354,-0.694834028068417,1.10783053316,1.13106240044617,-0.638218393822105,-0.822313500858473,1.03524277168163,1.94525033776982,-0.506783935891765,2.08242296123273,0.705667118525611,2.89178200113413,0.141095362725389,0.788476870306472,0.640404199215584,-0.00294828920368394,-1.56531543697313,-1.56531543697313,-2.03465428511244,1.04923188615163,3.20136092144162,-0.0641256158777693,0.4183367341544,0.22717454329497,-0.739844610851231,-0.695793398648614,-1.48426876178174,-0.286904425214791,-1.01746896013141,0.866955319908742,-1.64963732071814,-0.0531297159061927,0.626603400623183,1.71457467191344,-0.411754368021554,-2.43057212499046,-0.669765384924741,2.39403864705492,-1.01503934364349,-0.883183386419734,0.00709456412135369,-0.118733906464382,0.578708116571755,1.43031461963852,-0.0520855978833183,-0.199361816374992,0.314887655461491,-0.199361816374992,-0.115382978305131,1.26118687470311,-0.576459764357761,-1.7108973708847,-0.584177697663477,0.0510694094017551,-0.669300457399169,-0.548100210488063,-0.338600020013028,0.881892456169426,0.964551578420628,-1.04783791719925,0.775426071093047,1.07072281732671,-0.241958561604024,-0.531713688779321,-0.553751890761977,0.613442248810074,-1.64963732071814,-0.696016939253532,-1.6096218406714,2.41814189918453,0.682832724400303,-0.293870545825533,-0.511036026606383,0.787628624021312,0.682832724400303,-0.241958561604024,-0.394815653267903,-0.611535701313945,0.821714993870633,-0.56760401811193,-0.76198466217831,-0.187688592418646,-0.00769059703221596,-0.835669064732367,-0.98037958715305,1.09640162811069,0.948245147585665,0.769558090073254,0.726172755495118,-0.7440181099252,0.98688515649694,1.23899276554062,-0.51147345739279,0.396015971718339,-0.822944761547652,1.18231152372889,-0.216759028140039,0.364971944713428,1.08782463691748,0.660203159698619,-0.34476848053886,1.03668055063147,2.13095588508166,-1.08786729016467
comm.and.crime_point_1787,comm.and.crime,regression,0.09,0.0416364158154759,nominal,-1.20039562229281,1.22003874930914,-0.217427187171022,-0.814792622622935,-0.629843707397574,0.886266145735984,-0.496372568292438,-0.490435159498505,-1.12256730502457,-1.35038912028805,-0.878437194093044,1.87981456952772,-0.187688592418646,0.682832724400303,0.806623107946404,-0.700631344738288,-0.44863454061095,1.59663048744133,1.72139727595486,-0.890344957479674,2.69003456829286,1.03059780346671,1.2545188948066,1.08108332385982,0.401540480797687,-0.446095258444874,1.21611926443806,1.11274025679674,-0.35568405855027,-1.06368304617927,0.0196502920983885,-0.263347611309168,0.42221736265836,-0.957260530086126,-0.293462891578667,-0.723292047758998,0.224574795131807,-0.961299274358306,0.851679982545541,-1.37697714823931,-0.367386839226397,-1.24203911968155,-1.33041406817415,-0.826346068089685,0.837139404775339,0.869105939717259,0.89585600821491,1.02929070003541,0.406559606588398,0.817785642030109,-0.333979422149212,-0.826258750205395,-0.115382978305131,-1.27898396480077,-1.52008084975738,-1.58352531523914,-1.63039964026935,-0.641940381005198,-0.64369508486844,-0.569295082344151,-0.480698018482259,-0.422722787841705,-0.00267053824910844,-0.852674245419489,-0.796454122761974,-0.602185097684464,-0.597934995088079,-1.34229302980988,1.306032774607,-0.791896494605177,-0.551774393415093,0.726172755495118,-0.37760024144161,0.981586015860986,1.19497372013481,-0.847354381664952,-0.599701730718649,-0.405122580110374,-0.965539767392024,-1.03278892923746,1.04850764809996,0.935075853945092,0.939664314033033,-0.302655304718355,0.752791255597911,0.632481160315823,0.589949048296531,0.353242987609834,0.161505522279842,-0.0198160872658089,-0.189444898148642,-0.226875569169311,0.62495453761714,0.396950550146819,1.9021016095071,1.61367176160246,1.15260339828895,-0.321861540250354,-0.309483443914147,0.210931817491753,-0.391348688885798,-1.05076564985887,0.455215483407476,-0.375024355916575,0.32877769022445,0.228635869181726,-1.67685596979111,0.703657382637049,2.17847204403216,1.73491879105002,0.36127260445787,0.223072592487436,-1.28758474605954,0.633849512110727,3.71003986462407,0.281382258310197,0.559333928560141,-0.730091762955347,-0.0516442527306052,-0.649707912297875,0.181079343040496,3.18708996766172,-0.139144981884744,-0.413219819433159,-1.34276811316667,0.848698514337638,-0.386102090172486,-1.78740340130023,1.13620597443694,-0.736908318327921,-0.735747363004424,-0.203340548657311,-0.13276590127921,0.102796409725239,0.52492358070538,-1.65798329278156,1.13106240044617,-0.793790488820086,0.945259561142375,0.682832724400303,0.682832724400303,0.322022122016284,0.0465858602511433,2.18821534370037,-0.121723128517532,-1.57890780522414,-0.489575518936313,0.451234030637584,0.956767721070621,-1.98055152906875,-0.286904425214791,-0.471261468611373,0.0639753050922037,-0.67732705075443,-1.10393872283714,0.260319362349526,-0.909551783192675,1.23141749956012,-0.796716360107558,0.293144453697438,-0.319616352698494,3.17248229394089,1.1757261378875,-0.532850506793854,3.0081130167773,-2.95034119792249,0.338588862534303,0.268301082361422,-0.199361816374992,1.28111384421278,-0.121200695287352,-0.34476848053886,-0.695793398648614,0.111737074516285,1.09354876858201,0.182033724961094,1.49100722539581,-0.669300457399169,2.55495151208451,-0.0216443327087585,-0.546787652615503,-0.138628602798245,-0.315269840651936,0.517726140133124,-0.0669263775634199,-0.333979422149212,3.0081130167773,-0.696638653067897,2.34530762657162,-0.67732705075443,-0.611535701313945,-0.239279720112616,-0.236728129982936,0.682832724400303,-0.334146706962114,-0.912061542959443,1.48077955457769,0.682832724400303,0.0341040200315418,-0.852674245419489,2.68323257832997,-0.30513534303829,-0.632289530606369,0.529637919756257,1.68356667399525,-0.44863454061095,-0.482591549127137,0.595226432131034,-0.0946770133781229,-0.305555362163633,0.0665195294718176,-1.23321624918318,-0.00991393021036301,-0.464125139678079,-0.041686138071928,1.57973429269174,0.647370646917718,-0.421919245194591,0.37633485093474,-0.0632363539352424,-0.629227587743642,3.0461400666694,-0.328007702771107,-0.000690227188266011,0.369910502906264,-0.739281849167541,-1.1887465803376
comm.and.crime_point_0990,comm.and.crime,regression,0.08,0.094708568699336,nominal,1.05603863645312,-0.171897892729153,-0.375024355916575,-0.875873734300447,-0.708757207400764,0.886266145735984,-0.639997445119629,-0.619472066787389,-0.0271763465708762,-0.305555362163633,-0.0976777582871161,0.875268979868092,-0.499564470154296,-1.56531543697313,-1.05617467706755,-0.755302194758174,3.32388586556266,0.305007905506768,1.31821468747653,0.190070598600841,-1.01004991778758,-0.886108709818829,-0.943185334835349,-1.06019671565095,-1.63816474919508,-0.749538645679329,-0.830849724959226,-0.744365214371393,-0.277522937462631,0.336913082725718,0.816427327446683,0.181079343040496,-0.629442373038718,-0.512093453824773,0.108751861038678,-0.179776073400649,0.680527083784293,0.345745036678463,-0.543980067872989,-0.664493583293417,-0.196385588662103,-0.956601735839376,-0.840235640247456,-0.244176455639738,0.391542377989094,0.578342721049512,-0.109861346897478,0.663768766665756,2.36372071806179,2.07319649535376,-0.333979422149212,-0.652304948129686,-0.34476848053886,-0.868190997905353,-1.28302888717086,-1.58352531523914,-1.83555965495403,-0.726761076765874,-0.728321444677741,-0.78049817719312,-0.778795714500358,0.723312887149946,-0.594343123662683,-0.242196122550708,-0.429402032904556,-0.897080987655194,-0.218005403435109,-1.28946708192584,-0.0639199300512947,-0.506122969993337,0.549623112850672,-1.23321624918318,-0.37760024144161,0.208486222981217,-0.478855999702333,-0.571834669143156,1.09354876858201,-0.147021161055019,0.640409661567619,0.372965063373531,-1.00117832437123,-0.965225617418908,-0.973175788922662,-1.16895923903081,-1.2063255811676,-1.17994609083031,-1.33128639204901,-0.35472235350149,-1.01324563861754,0.343643763005101,-0.286904425214791,-0.226875569169311,-0.846052573874427,1.03318082040625,0.303001138876892,-0.0819078287572736,0.749013842139396,-0.413219819433159,-0.555677486507623,-0.662221689003069,-0.391348688885798,-0.685616345951833,-2.12579870714607,3.95889778458614,-0.462630445351289,0.821714993870633,0.223861947321042,1.50255519838847,0.458080777279193,-0.856817549342979,2.529709532926,0.169078085395916,-0.970100277440667,0.247859743337919,-0.091611108832858,-0.309483443914147,-0.11949251912636,-0.390868007842976,1.30525076771888,0.176251652332003,-0.954678429186424,-0.391348688885798,-0.413219819433159,0.134929855663671,0.49304512794504,-0.792470938203999,0.984240030386299,1.08555911739508,-1.49233332135427,0.833861965998727,-0.639997445119629,0.221480193470925,0.471376515769501,2.29505353263568,1.13181035517429,-1.34049882416269,-0.435042880192443,0.845289154649251,1.65641544890192,-1.56531543697313,-1.56531543697313,0.102796409725239,-0.366268385707879,0.288567385435518,-0.812893280194679,0.532464993547459,-0.871842218792997,-0.193933566835524,-0.43486269553505,-0.938357717766034,-0.286904425214791,-0.96284821097941,-0.310748701822181,-0.0632363539352424,-1.39052299745468,-0.576901296561691,-0.20666076843211,0.272900576804145,-1.04427026387769,0.555756227867123,-0.932377159094426,0.69535681818675,2.78167556684714,2.2208693548737,-0.000739682945828393,1.73667742289018,0.453507363282115,0.0547099621982618,-0.277522937462631,-0.275583904330964,-0.35568405855027,-0.115382978305131,-0.608816497610759,-0.361398252209622,0.194009440828534,0.321344892711017,-1.79205099507064,0.396031792643891,-0.760637999705362,0.295311354595511,0.776064299963135,0.0977671503200851,-0.629227587743642,0.723886084901063,-0.858334513139159,-0.333979422149212,-0.531713688779321,-0.791896494605177,-0.062407654706626,-1.13789507336882,-0.696016939253532,0.00542422998716656,1.12020544048043,0.682832724400303,-0.69663215719134,0.781157303864591,0.886650185529367,0.682832724400303,-0.0579168405136468,0.164789292695146,3.44356371978626,1.41479411855954,0.337993156810208,-0.930457172865427,-0.343626531286471,1.26614746219524,-1.03742764507821,-0.75529301296961,-1.38501220832434,0.391000476585978,-1.19894987961077,-1.23321624918318,-0.586710071414878,0.819460891553668,-0.224640267159436,-0.708757207400764,-1.11211207947793,-0.154568900959218,-0.856335354515137,-0.370281702344836,-1.15249049956315,-0.985685818113966,1.20371913405697,-0.230075729421995,-0.45072955583245,0.739325468475985,-1.03742764507821
comm.and.crime_point_1755,comm.and.crime,regression,0.6,0.0479193817443952,anomaly,0.995053926757281,1.22003874930914,-0.296225771543798,-0.326143729202842,0.356575042642296,-0.015227658172151,-0.304872732522849,-0.490435159498505,-0.607089206928712,1.08755631533559,0.442848004963141,-0.240892786420384,-0.187688592418646,0.682832724400303,-0.674062310910845,0.11943140555999,-0.301653226084705,-0.425039640804075,-0.179320641157294,-0.665258383296233,0.123846940849976,-0.734789774559444,-0.105964675924132,-0.0430886968833349,-0.589173488055941,-0.0819631937635291,-0.574978601284565,0.566532765276704,-0.277522937462631,-0.0132359495005283,-0.870865217996765,-0.609013020247796,-0.103612505190179,-0.709945487718708,1.14301836776899,-1.51386073773478,-1.42825225123345,-0.91102833931843,-0.168225438914154,0.541247834307328,-0.253386005516867,0.641847613676801,0.52137110399335,-1.020402605573,-0.00454386804312309,-0.0516442527306052,-0.109861346897478,-0.432797033443206,0.228635869181726,0.36127260445787,-0.241958561604024,2.18096542220705e-05,-0.230075729421995,-0.959478323882113,-0.808924961997834,-0.541331503936429,-0.655889570517129,-0.641940381005198,-0.60138190496379,-0.569295082344151,-0.565868788773144,0.591078001573987,-0.594343123662683,-0.700054714702294,-0.7440181099252,-0.95606016564934,-1.5477589742205,-0.0744702805928035,-1.38313364564817,-0.220349445381496,1.18727430068875,-1.23321624918318,0.818694918397941,-3.70855272760961,-1.12679008480058,-0.617754621230122,-0.546787652615503,1.27253664374943,0.55805328059533,0.130593685337154,-0.3328024637828,-0.231018230755544,0.174528272850755,-0.302655304718355,-0.346225506490056,-0.495251351508437,-0.394098372368261,-0.531713688779321,-0.0520855978833183,-0.487121609042694,-0.286904425214791,-0.226875569169311,-0.54319816856734,-1.56068105065144,-1.46152351837023,-1.87722739502052,-3.28688171935617,-0.230503261067549,-0.506438677988928,-0.574906338353587,-0.391348688885798,-0.00096140112613429,0.283147870703906,-0.375024355916575,1.36750086816761,0.0507121317750543,0.799837073718665,0.24714434506481,-0.230075729421995,-0.100894450061688,-0.837074119169256,0.43905062085352,-1.02301435554381,0.523566721032782,1.58369270997867,0.379859875347588,0.559333928560141,-0.681631226510723,0.869105939717259,0.23524876409128,-0.263347611309168,3.7696264931462,-0.321861540250354,-0.139144981884744,-1.39676262025819,-1.05160295702636,1.18000319046612,-1.72994415092632,-0.409993611322597,-0.857736801737663,2.18462513248181,-0.0819631937635291,-0.0522135790060488,0.541247834307328,-0.506783935891765,0.670236143756844,-0.875509990372052,-0.015227658172151,0.281514065900134,-1.56531543697313,0.682832724400303,0.212409265870761,-1.07401852163763,-0.787899790914564,0.281459459960805,1.27429867960235,0.705007918115826,-1.23612737813824,0.0869987106920766,0.302349200451482,-0.286904425214791,0.621153514428708,0.866955319908742,-0.67732705075443,1.71413997756859,-0.576901296561691,2.88605969651438,-1.46155861675429,-0.103565429551178,-0.932377159094426,-1.23875756229239,-0.425247563702025,-0.84200519593359,-1.12679008480058,-0.35472235350149,0.192718347798946,0.85572211589946,-0.799654518454378,-0.121200695287352,-0.490300835164584,-0.35568405855027,-0.230075729421995,-0.956724101762177,-0.40441055463925,0.0352672065190975,0.59996722821086,-0.640100742275393,-0.550930207394384,-0.718130441861903,1.56313410381259,-1.07592843364696,-0.138628602798245,-1.41412195547291,-0.461533597514582,-0.413167436877806,-0.241958561604024,-0.708705024057152,-0.553751890761977,-0.358091987495182,-1.03554662389896,-0.10464827367642,-0.288220510132573,-0.826699247575706,-1.56531543697313,-1.13966992969373,-0.110010510253322,1.62931189683977,0.682832724400303,-0.333979422149212,3.72591167609637,-0.315851368525389,0.525175431526179,-0.373547480628615,-0.53735464792882,0.124187285317004,3.47086718008891,1.18191673872609,-0.170067920092664,-0.293190120292925,-0.0965886105387498,0.769558090073254,-1.23321624918318,3.92278703254769,1.76819839289887,0.446191539494759,0.238204792637512,-1.51427955979694,0.870274085276382,-0.240000251790199,0.44850589341408,-0.890859043653398,1.49100722539581,-0.624470961512025,-0.230075729421995,-1.98942966596754,2.00049053352487,-0.432151904040676
comm.and.crime_point_0577,comm.and.crime,regression,0.04,0.212739820085748,nominal,0.812099797669774,-0.867866213748302,-0.375024355916575,-0.326143729202842,-0.274732957383221,0.558450217042117,-0.304872732522849,-0.490435159498505,-0.92926301823862,-0.444866529913555,-0.397969848981704,0.98688515649694,-0.343626531286471,0.525462353104163,0.328982650250517,-0.536618794678632,0.286272032020273,1.54047298387896,1.03022712427771,-0.890344957479674,2.45131944015864,0.374882417342708,0.521950818259281,0.545763313982127,-1.28850099548203,1.55663109730253,-0.67732705075443,-0.252778472003357,-0.433845179637909,-0.976145788122707,-0.683388268503048,-0.510251474836759,0.0875983558456533,-1.45189061482096,-0.925514645691636,-1.0691658496234,-0.288371529602239,-0.458589923959548,0.314887655461491,0.212409265870761,0.316618163030779,-0.442814444923462,-0.186664403011869,-1.34383016804519,0.63909628175923,0.626803257494137,0.438711755891097,0.924855861929795,-0.0679036931627271,0.589529123243989,-0.333979422149212,-0.739281849167541,-0.34476848053886,0.455475228757665,0.565976421003951,1.3941712884829,1.29313056898732,-0.514709337364183,-0.516755545154489,-0.44257322543477,-0.438112633336816,0.591078001573987,-0.503316572060594,-1.10704012994815,-1.00619817410907,-1.07401852163763,-0.851221389523392,-1.44794492557797,0.64642591680856,-0.791896494605177,-0.435837813808171,0.726172755495118,-0.444061083654919,0.672346098709078,0.43905062085352,-0.663674573317088,-1.49924105847212,0.0250464516485512,-0.965539767392024,-0.838891826808356,-0.3328024637828,-0.360584240166726,-0.420577536957683,-0.0290856412512651,0.0360411933666282,-0.0119374178694681,0.121355038456154,-0.885696359334983,-1.28023453882149,-1.57750115985543,-0.286904425214791,-0.226875569169311,-0.672992913698949,1.08212161042621,0.523566721032782,-0.530737720323085,0.648116453102006,-0.321861540250354,-0.555677486507623,-0.443933312379363,-0.391348688885798,-0.685616345951833,0.584266192935153,1.7525374221484,-0.907797521612643,-0.127211605631618,-0.467308204356106,-1.23652302704496,-0.230075729421995,-0.20888346424473,0.133016085671751,0.115083578304395,-0.123475027790339,-0.799826771902559,0.166127940215069,0.823009152015846,0.454899090454526,-0.197025862064479,-0.0516442527306052,0.117254540572726,-1.30034383812505,-0.391348688885798,-0.504578098615964,-0.413219819433159,0.547039635036561,-0.878848277811454,-0.239279720112616,1.31539611889071,0.826966057285032,1.03524277168163,-0.304872732522849,-1.23504806525446,-0.293870545825533,-1.26736429209379,-0.385406580997984,0.0881812846222431,0.348009760126863,-3.08850198967716,-0.0503586817209869,0.592906797945366,-1.56531543697313,-0.33565501485685,0.223523394233582,-1.23115098117636,-0.524905716995868,-0.780009989472726,-1.11075890620342,-1.63315359196784,0.217464062248858,-0.144305290106824,-0.189444898148642,0.78501576188472,-0.631940707748796,-0.319107477609904,-0.387478036293313,-0.576901296561691,0.261933241408267,-0.776903671928593,-0.40063011407534,0.687062114951965,0.555756227867123,-0.720143453672756,0.805122423512198,-0.316872478427771,0.176251652332003,-0.910109562980505,0.740803615151647,0.535289982565372,-0.35568405855027,0.636963051711922,-0.433845179637909,-0.230075729421995,-0.869747200724323,-0.490435159498505,0.246923518931679,-0.723488865413399,-2.48322114674779,0.869512792663029,-0.760637999705362,0.612267041899781,0.776064299963135,-0.375024355916575,-0.681553878925593,0.105406250597248,2.0105199783229,-0.241958561604024,-0.236728129982936,0.160681920767624,-0.78049817719312,0.0902863202695546,-0.696016939253532,0.10330581002708,0.23524876409128,0.682832724400303,0.874138127135308,-0.288244073076904,0.0449669127109041,-1.56531543697313,-0.241958561604024,0.113916115789414,-0.569295082344151,-0.245827430569399,0.402678669304647,0.248850401944395,-0.187688592418646,0.188284489002777,-0.684350129472983,-0.620241068459545,1.9897106092273,-0.514522113788516,-0.823995980623335,-1.23321624918318,-0.167221968720685,0.26138000840943,-1.38334975138032,-0.314189707384816,-1.76563423499632,0.201898224687947,0.281514065900134,-0.626152826019497,0.364971944713428,-1.33127089395254,-0.525649875265053,-0.115382978305131,0.728940528604452,-0.13044354190256,-0.331272613867753
comm.and.crime_point_1112,comm.and.crime,regression,0.05,0.023623976956979,nominal,0.629145668582266,0.176086267780421,-0.0598300184254683,0.223586275894763,-0.590386957395979,0.804312163562517,-0.161247855695657,-0.533447461928133,-0.091611108832858,-0.932455617038282,-0.698261939676291,-0.408317051363656,-0.0317506535508209,0.570425316331632,1.09320738256394,0.502127355699187,-0.497628312119698,1.2596854660671,-0.467308204356106,-0.890344957479674,-0.174546969317801,1.13147709363963,1.30684518598855,1.13461532484759,0.984313403652762,-0.870916000573111,1.77903573652232,2.04129299238081,-0.35568405855027,-0.976145788122707,-0.964603692743623,-1.05343997459746,1.04365266102481,-0.759408496192192,0.625885114403834,0.0178660990932967,1.02249130027366,-0.760215534198803,1.28111384421278,-0.883719295584461,-0.937391007774043,-1.07077668937625,-1.00362844955635,0.27330764431577,1.18371487005353,1.25679023127425,0.804427157750147,1.23816037624664,0.110020044243945,0.0759519559752211,-0.241958561604024,-0.739281849167541,-0.230075729421995,-1.14205297583563,-0.90374574703244,-1.03761427122343,-1.06620959988649,-0.684350728885536,-0.60138190496379,-0.611535701313945,-0.608454173918587,0.502921411190013,-0.594343123662683,-0.445688830173635,-0.324530007231007,0.459440106210166,0.60517537847966,-0.919685446737523,1.40751075272983,-0.744267573836537,-1.01552071184278,0.726172755495118,-0.244678557014993,0.46618615394114,1.24896822722633,-0.0667151961865298,-0.70552988692494,0.670299999286939,-0.677292433989011,-0.0148291414846731,-0.288244073076904,-0.101452221344363,0.0895131571638354,-0.120275529073628,-0.250658831525885,-0.0119374178694681,-0.159801367448073,-0.708705024057152,-0.692858958372798,-0.227507430277758,-0.286904425214791,-0.226875569169311,-0.456668338479601,0.445891340166776,-0.082988629895916,0.516532026663808,-0.00771657564102366,0.134929855663671,-0.555677486507623,-0.400275637054622,-0.391348688885798,-0.320467042044794,1.18650283739765,-0.375024355916575,-0.611019470771741,0.821714993870633,0.627044535799378,0.874849771726638,-0.34476848053886,-0.370866985519292,0.817785642030109,1.57293526977546,0.246923518931679,1.01983928088354,-0.284915395618803,0.0351882157167206,0.298246833296102,0.529882184604888,-0.681631226510723,0.530234322887664,-0.411489929425723,-0.391348688885798,-0.321861540250354,-0.504578098615964,-0.26287797133625,1.19420787276746,1.52258872060582,-0.0636258900830415,0.826966057285032,1.03524277168163,-0.496372568292438,-1.23504806525446,-0.535527512645018,1.63737639576255,-0.870916000573111,-0.388045418306067,-0.924450780392009,-0.138158631432351,1.3719530937981,-1.56531543697313,0.592906797945366,-1.92504142896692,0.40046092821602,-0.281327002043937,-0.640100742275393,0.4183367341544,1.23062463041877,0.15346437026538,-0.0869550913836323,-0.392446673750327,-0.286904425214791,-0.635123716067385,-1.00666471466318,-0.728501275489362,0.376746696020106,0.731255982987085,0.355652043376342,-0.366110705033174,1.28273643156158,0.249375824669157,-0.888608530066145,-0.543205919690318,-0.0596195766968404,0.0610890712128745,-0.767702135816429,0.633849512110727,-0.86805539531773,0.802278882769321,-0.277522937462631,0.636963051711922,-0.043039574199713,-0.000690227188266011,-0.826258750205395,-0.146336740061482,-1.1288425117501,-0.235899778288672,-1.15847835603325,-0.590386957395979,0.599603851285354,-0.708381655201343,-0.017646871584048,-0.453822940289352,-0.733880170107544,0.672346098709078,-0.907797521612643,-0.241958561604024,-0.767702135816429,0.0177951584617036,1.50049524717574,0.141460545004487,-0.653776320283739,0.152246600047036,-0.767702135816429,0.682832724400303,-1.05911760742057,-0.0654521195474263,0.193499254972986,0.480499389876695,0.310166601667107,-0.394815653267903,-0.653776320283739,-0.601674905382743,1.30827584422678,0.0803778912572774,-0.499564470154296,0.629228432581511,-0.0790743884354456,-1.25048347617318,0.10383609353668,0.112378141086133,-1.29268835435763,0.726172755495118,-0.429402032904556,-0.296700874734808,-1.20039562229281,0.47494529264708,-0.20723524876017,-0.778386370841756,0.044462103313619,2.03490686019698,-0.9955116260173,-0.121723128517532,0.363739900957701,-0.34476848053886,-1.32265961824234,-1.0002125522811,-1.13830693525114
comm.and.crime_point_1164,comm.and.crime,regression,0.02,0.058089382585142,nominal,0.812099797669774,0.176086267780421,-0.138628602798245,1.56737073280002,-0.669300457399169,0.886266145735984,-0.304872732522849,-0.576459764357761,0.746040800572905,-0.0965886105387498,-0.0976777582871161,-1.30124646439444,-0.109719622984733,0.637869761172835,2.00072425218612,1.59554435609689,-0.00769059703221596,1.82126050169082,-1.27367338131278,-1.11543153166311,-0.7116560076198,1.73675283467717,1.2545188948066,1.08108332385982,0.984313403652762,4.83381967943463,0.65320279235381,0.730395012732716,-0.433845179637909,-1.23875756229239,-1.05834216749048,-1.30034383812505,1.13925809154273,-1.25403858092703,1.14301836776899,-0.229186616524135,0.0535926868871247,-1.26292488459756,1.06639691337916,-2.14426714125797,-0.310386422371632,-1.9841763176712,-2.092913844949,1.63170340669898,1.6788226775938,1.59601398638663,1.1701425596092,1.55146489056349,-1.13544611760276,-0.837074119169256,-0.333979422149212,-0.91323565124325,-0.230075729421995,-0.913834660893733,-1.23561849465356,-1.13687082468084,-1.3739496219135,-0.557119685244521,-0.64369508486844,-0.569295082344151,-0.608454173918587,0.41476482080604,-0.503316572060594,0.26653564650661,0.566882210994152,1.87494037806967,1.87160735065623,-0.602729759433253,2.01637862146685,-0.839525415373817,-2.11691821810855,2.68556176017342,-0.37760024144161,0.878506043477017,2.05888583359914,-0.75551447749102,-0.440959496409212,1.18650283739765,-1.08907433885046,-0.887366102415632,1.09306603880586,1.06464186335627,0.897156756189573,2.25066155430782,2.23407471754256,2.32407992805221,2.83920029553034,1.94616500511031,0.321698862402212,-0.590967280548668,-0.286904425214791,-0.226875569169311,-0.283608678304122,0.788476870306472,1.07498067642251,0.366922062808537,0.496770369545922,0.0435715764808665,-0.604916295026319,0.167274142167012,-0.391348688885798,-0.0466050641145143,-0.620207095989836,0.0977671503200851,-0.512093453824773,-0.660982817851633,0.0510694094017551,0.817785642030109,0.114002523928599,1.46494625559241,-0.894138248865786,0.331061606670478,-0.70552988692494,0.137576952259974,-0.349350157880785,-0.358722252432842,-1.94710218597463,-3.0077369758527,-0.390868007842976,1.23819966399899,-0.115205293192613,-0.391348688885798,0.0435715764808665,0.134929855663671,-1.01880107061754,3.18088668373891,1.7672926707056,0.683344364777741,-0.822313500858473,-0.736908318327921,-0.400622650407643,-0.749538645679329,-1.30077457424005,-0.883719295584461,-0.628161290785547,-0.652615808821794,1.32682556052599,0.107703315088049,2.13051937407495,0.592906797945366,-1.56531543697313,-0.226042158711328,-1.01503934364349,0.858461772914973,-0.409710691716343,-0.152304562810898,-0.489575518936313,-0.69021633412253,-0.782770299686468,-0.0946770133781229,-0.189444898148642,2.09591374153282,-0.0966206978711041,-0.4726301518147,-0.0531297159061927,-0.210617258288034,1.10540245912095,0.501118891746045,-1.48986729066394,1.43112880843274,0.555756227867123,-0.307289207713733,-1.08907433885046,0.00709456412135369,-1.3576732534092,-0.579261189746669,-0.408381392326479,-0.906450078535958,-0.277522937462631,-1.13445162766544,-0.433845179637909,2.40785754626589,-0.13044354190256,-0.533447461928133,1.25229100289144,-0.653833281538438,-0.928088305474204,-0.314189707384816,-0.760637999705362,2.61965306149349,1.25229100289144,-0.453822940289352,-1.1001642083812,0.46618615394114,-0.709945487718708,-0.0579168405136468,1.12020544048043,-0.553751890761977,1.33153277129657,-0.523804376549633,-0.315851368525389,0.984240030386299,0.943214105202603,0.682832724400303,-1.13966992969373,-0.600152808018174,-0.252097771813259,0.682832724400303,-0.241958561604024,0.622647884846732,-0.653776320283739,-0.245827430569399,0.143936619326893,0.248850401944395,-0.499564470154296,0.38425957503777,-0.835669064732367,1.31550346951804,-0.293190120292925,0.739278395960782,-1.01147293011705,0.726172755495118,-0.429402032904556,-1.18963028776559,-0.468579105942779,-0.708757207400764,-0.961299274358306,-0.956619933665339,-0.192589859272896,-0.114410578670175,-1.72807970256461,0.454251997880092,0.709613702822105,-0.34476848053886,-0.296859544818942,2.30490968715737,-0.886108709818829
comm.and.crime_point_1111,comm.and.crime,regression,0.03,0.080418122956497,nominal,-1.44433446107615,0.176086267780421,-0.375024355916575,0.651154057637344,-0.35364645738641,0.640404199215584,-0.592122486177232,-0.533447461928133,2.61464890617038,1.85376773796016,2.72506789424201,0.540420449981549,-0.499564470154296,-1.56531543697313,-1.00841063129797,-1.0286564448576,1.65809763426522,-0.425039640804075,0.857434586358428,0.145053283764153,0.00448937678286525,-0.886108709818829,-0.733880170107544,-0.953132713675412,1.68364091107885,-0.749538645679329,-0.421455927079768,-1.61829720080346,-0.277522937462631,0.687062114951965,0.628950377952967,0.526744751979124,-0.103612505190179,-0.165852394510387,-1.38518864868289,-0.278597159647621,1.93439587757863,0.396015971718339,0.100170724627871,-0.8289128675117,0.601620247304602,-0.842426782302506,-0.840235640247456,-1.14977363056188,0.0944776934649314,0.190658429492517,0.438711755891097,-0.432797033443206,-0.245827430569399,0.24714434506481,-0.333979422149212,-0.652304948129686,-0.34476848053886,3.1028076820837,3.0313168319037,2.98227614380132,2.93441068646475,-0.302657597962493,-0.389816005440537,-0.484813844404564,-0.523283403627701,0.723312887149946,-0.548829847861638,-1.00529377613668,-0.901326148435522,-0.779122631666902,-0.851221389523392,-0.444251915781118,-0.216136897235549,-0.553751890761977,-0.0880280749874027,0.726172755495118,-0.37760024144161,0.260026209173202,-0.20888346424473,-0.204475052447428,-0.811358043131231,0.842367611990508,0.846300613998343,-0.208726243913775,-0.778386370841756,-0.749282268400272,-0.803145557548822,-1.12336429511962,-1.2063255811676,-1.17994609083031,-1.09698938712883,0.766222769924772,-0.319074498087268,0.499412270264063,-0.286904425214791,-0.226875569169311,-0.802787658830557,-0.288220510132573,-1.24095793621434,-1.22891755164768,-1.82386957831403,-0.230503261067549,-0.70339391206371,-0.574906338353587,-0.391348688885798,-1.18769663882401,0.842367611990508,2.69812043462171,-0.314241419930838,-2.67745184179392,1.83659230123439,0.0188878262786913,0.458080777279193,0.978995691768727,0.874849771726638,0.169078085395916,0.776064299963135,-0.965250958519477,0.746040800572905,-0.654155103545014,0.193811995190487,0.0452768201586437,0.723724330383386,0.0582574288134486,0.0823177976294598,-0.391348688885798,-0.504578098615964,-0.413219819433159,0.223072592487436,-0.446961579774181,-0.581865250252313,0.0512926106647712,0.930046029669001,-0.736908318327921,-0.544247527234835,-0.324717903551093,0.713033482588985,1.19892497118046,-0.628161290785547,-0.282217262099776,0.494832130186732,0.722358181389051,1.22972191624619,-1.56531543697313,-1.56531543697313,-1.10294500787551,-0.307289207713733,-0.218005403435109,0.627044535799378,0.0188878262786913,-0.72849220634674,0.500862307366285,1.73955983041131,-1.23612737813824,-0.0919853710824933,1.44046475170877,0.759891317933204,-0.114410578670175,-0.244185898984547,-0.00131209356022966,-0.440957773352299,-0.822547334916973,0.540074720251176,-1.01991441715099,-0.10077320755709,-1.25095605562007,0.0227368042754491,1.6809242839585,-0.708705024057152,1.13012207196148,-1.09789239681336,1.33625668317722,4.64662769105864,0.368566888169896,0.191443789063205,-0.115382978305131,0.0869987106920766,1.23005693768661,-0.758443965028085,1.08755631533559,-1.27367338131278,-0.669300457399169,1.10969454540687,0.876396781320006,-1.55215513657527,-0.296225771543798,-0.52457500537974,-2.36851308661801,0.229851673277482,-0.241958561604024,-0.649707912297875,0.303568683073544,-0.527054463374357,0.243808994474351,-0.358091987495182,-0.239279720112616,0.353242987609834,0.682832724400303,0.189443387813436,-0.778386370841756,1.1342040892995,-1.56531543697313,-0.333979422149212,-0.343942476362171,-0.527054463374357,0.465867519057289,1.30827584422678,-0.874299669303055,-0.187688592418646,0.482247118055266,-0.533031194213599,-0.485189123949481,-1.43464048505304,1.08755631533559,-0.0740881826484698,0.726172755495118,-0.376966020067782,-0.408317051363656,0.934069217061446,-0.550930207394384,0.14466129651896,-0.778386370841756,0.139282888348225,-0.4726301518147,0.155666779985624,1.6637997633151,-0.871523677129457,-0.34476848053886,-0.45072955583245,0.695837017957058,-0.886108709818829
comm.and.crime_point_0721,comm.and.crime,regression,0.16,0.277655196291683,anomaly,0.263237410407251,-0.519882053238727,-0.217427187171022,-0.6315492875904,-0.35364645738641,0.558450217042117,-0.256997773580451,-0.447422857068877,-0.864828255976639,0.739278395960782,0.022439077990719,-0.296700874734808,-0.187688592418646,0.682832724400303,-0.244185898984547,0.447456505679301,-0.98756602720718,0.417322912631512,-0.467308204356106,-0.485189123949481,0.541598415084864,-0.381712258954214,0.0510141976217214,-0.0430886968833349,-0.181232442057388,0.160791516024035,-0.626152826019497,-0.0342954753953406,-0.35568405855027,-0.62599675589646,-0.917734455370194,-1.05343997459746,0.278809216881485,-0.314241419930838,1.02809986702118,-0.377418245894594,-0.402359601765361,-0.659673664119051,0.314887655461491,0.541247834307328,0.544619830449837,0.584760136908366,0.575835373762982,-0.56760401811193,0.193499254972986,0.33604003882639,0.0729963540320473,0.141594576137679,0.940330818808414,0.988978031119698,-0.241958561604024,-0.478351146053977,-0.230075729421995,-0.503041693998314,-0.524462606894016,-0.243561843564225,-0.296859544818942,-0.514709337364183,-0.516755545154489,-0.44257322543477,-0.438112633336816,0.502921411190013,-0.45780329625955,-0.750927891608026,-0.796454122761974,-0.720143453672756,-0.977864586741049,-0.0744702805928035,-1.63682859095526,-0.506122969993337,0.839464561867979,-1.23321624918318,-0.178217714801685,-0.461533597514582,-1.50475163444123,-0.0667151961865298,0.670236143756844,-1.13640993410055,-0.389045100585998,-0.1602519683065,0.335573396805634,0.287245806889183,0.217035830694215,0.426863797860551,0.418307893223313,0.471376515769501,0.308792642392304,-0.000739682945828393,0.855676662810112,0.55133510601705,0.102933683049804,-0.226875569169311,-0.413403423435731,-1.65856263069136,-1.07553374959742,-1.72761743116525,-3.28688171935617,-0.230503261067549,-0.457199869470233,-0.443933312379363,-0.391348688885798,-0.913834660893733,0.584266192935153,-0.375024355916575,0.773944766485803,0.703099168932851,-0.00652810323800724,0.931913901423168,-0.230075729421995,-0.424861492610813,0.4183367341544,-1.39676262025819,-1.28758474605954,-1.73723049606509,-1.05813254276258,-0.998826763175882,-0.537231871548822,-1.31161820029084,0.287579502381766,-1.12168480637209,-0.905297656480906,-0.391348688885798,0.0435715764808665,-0.139144981884744,0.223072592487436,1.06464186335627,0.641654500246602,-0.753136894569917,-2.36851308661801,1.07551893281821,0.41325165161311,0.828366967939835,1.15607125509137,0.157602837798,-1.23504806525446,-1.7108973708847,0.10330581002708,-0.015227658172151,0.850438776107769,-1.56531543697313,0.682832724400303,0.596054262380089,-0.720143453672756,1.49167775900326,-1.10088084339349,0.30420847476134,-0.202875494043799,0.302349200451482,0.130487161211004,-0.987985994494734,-0.286904425214791,0.23880827036468,-0.471344704785489,-0.165584803405107,0.997679291024758,1.04521373007879,-1.37814579303305,2.92023303013018,-0.351119333321313,-0.801071272009583,3.05056808247913,-0.307289207713733,0.146271375733883,-0.316872478427771,0.23524876409128,0.247859743337919,-0.00616663970913513,-1.33363231886228,-0.433845179637909,-0.436621602456179,-0.277522937462631,-0.230075729421995,-0.956724101762177,-0.490435159498505,1.56977547151032,-0.0269330266637888,-0.0641256158777693,-0.669300457399169,0.174528272850755,-0.127296228476849,-1.60506921467841,-0.453822940289352,-0.00131209356022966,-0.616153556090535,1.91159396137593,-0.333979422149212,-0.94469347109426,0.636971128454024,-0.696016939253532,0.294983219209284,-0.527054463374357,-0.288220510132573,0.589231434646941,0.682832724400303,-0.213318223552372,-0.0208937288415306,0.936160966283394,0.682832724400303,-0.333979422149212,-0.700054714702294,-0.696016939253532,1.29617829362176,0.27330764431577,0.698110430443375,-0.499564470154296,-0.350646997593453,-0.93654835490529,-0.305119864602728,0.302349200451482,-0.584177697663477,0.44147342845925,0.726172755495118,-0.691582097088426,0.428804273352702,-1.0174414932053,-0.314189707384816,-0.156964313720294,-0.733827980135861,-0.192589859272896,-0.574978601284565,0.94056114771489,-0.524905716995868,-1.16798693587037,-0.34476848053886,-0.861049585201808,-0.565328047091832,2.89686467166578
comm.and.crime_point_0030,comm.and.crime,regression,0.02,0.018639452897279,nominal,-1.20039562229281,-1.56383453476745,-0.453822940289352,0.223586275894763,-0.669300457399169,0.927243136822718,-0.639997445119629,-0.533447461928133,-0.735958731452675,-0.653833281538438,-0.638203521537374,-0.966397934507894,-0.499564470154296,-1.56531543697313,1.14097142833352,1.48620265605712,-0.203665683067209,0.754267934005747,-1.21607586867302,-0.890344957479674,-1.01004991778758,1.03059780346671,0.678929691805134,0.492231312994358,0.692926942225224,-0.749538645679329,0.346157443944216,0.129566772060671,-0.433845179637909,-1.28252619132067,-0.636519031129619,-0.559632247542278,0.374414647399402,-0.709945487718708,1.77507012188196,0.610792616575132,0.167580759050246,-0.609402729079175,0.690642284420326,-0.280848586784089,-0.481387672935926,-0.614076875228766,-0.513450021629662,-0.114805430650861,1.08469330854548,1.01448754905113,0.575855031588241,1.18594295719383,1.17756246868398,1.67374758747806,-0.333979422149212,-0.91323565124325,-0.34476848053886,-0.457398031009934,-0.951156139549743,-1.03761427122343,-1.3739496219135,-0.59953003312486,-0.686008264773091,-0.653776320283739,-0.693624944209472,0.679234591957959,-0.594343123662683,-0.649181537796562,-0.534274058578104,0.282502572227728,0.351888984044347,-0.602729759433253,1.25529378554558,-0.696638653067897,-0.667710973022016,0.726172755495118,-0.37760024144161,-0.770773514666489,1.19497372013481,-0.75551447749102,1.62268954961346,-0.0609873547032339,-0.800827005447445,-0.0633034170919484,0.736598913158695,0.675943835122729,0.514588735598435,0.381268853949369,0.561657905669569,0.713033482588985,0.730527251248644,-1.23967902989064,0.962472222891692,-0.279430266030745,-0.286904425214791,-0.226875569169311,-0.629727998655079,0.494832130186732,0.799273698727645,0.0677021350979969,0.648116453102006,0.317646414029282,-1.04806557169458,-0.356617961729881,-0.391348688885798,-1.05076564985887,0.756333805638724,-0.375024355916575,-0.314241419930838,2.00787324324845,-0.0641256158777693,0.133016085671751,-0.34476848053886,-0.316872478427771,1.04604216081623,0.169078085395916,0.194009440828534,1.79181881842915,-0.671523969190694,-0.506438677988928,-0.171709938179167,-0.584710153621474,0.432961111715639,0.117254540572726,1.51436020608949,-0.391348688885798,-0.504578098615964,-0.0477867027019386,-0.586845013885375,-0.576527589185363,1.57152951062578,-0.0636258900830415,0.46618615394114,0.350548032359759,-0.544247527234835,1.55663109730253,0.833861965998727,-0.33565501485685,-0.203340548657311,-1.07592843364696,-0.141398140072703,0.271611279434983,0.471155635969346,0.682832724400303,0.682832724400303,0.0479899816524777,0.459440106210166,0.668496977088488,-1.79205099507064,0.24714434506481,0.0838245308487138,-0.243561843564225,-0.826258750205395,-1.28575565486694,-0.286904425214791,-0.307399221155361,-0.899600712687643,-0.370281702344836,0.185690512941751,-1.15249049956315,0.0276362364880784,-0.503041693998314,0.589585501005203,-0.932377159094426,2.35027001802664,0.518419284204312,1.01101337594292,-0.26287797133625,1.17920255223971,0.46842532549381,-0.753136894569917,-0.799654518454378,0.191443789063205,-0.919734696831824,-0.277522937462631,-0.34476848053886,1.21769842418418,-0.40441055463925,-1.65798329278156,-0.723488865413399,0.396654485240329,-0.708757207400764,-0.930668231079202,-0.655555707317298,-1.34049882416269,0.176565734692862,2.14406584489976,0.620806112517094,0.823407774959287,-0.241958561604024,-1.06268769461281,-0.744267573836537,2.80995443523935,-0.165584803405107,-0.527054463374357,0.837417660326429,-1.29867614164992,0.682832724400303,-1.13966992969373,0.870274085276382,0.936160966283394,0.682832724400303,-0.0579168405136468,0.724394238658196,2.42978886451121,1.11825455621509,0.920162769260154,0.0803778912572774,-0.499564470154296,-0.644609626645943,0.576640997688553,-0.530206438786169,1.9897106092273,-0.0965886105387498,-0.870865217996765,0.726172755495118,-0.691582097088426,-0.743165581250199,0.812099797669774,1.50082079268855,0.848454387077221,1.27129960162944,-0.998566532067046,-0.216759028140039,3.39989683326659,0.281459459960805,-1.51386073773478,0.687466279512922,-0.707179574188299,-0.608816497610759,-0.0286347433489841
comm.and.crime_point_1391,comm.and.crime,regression,0.18,0.564276695309438,anomaly,-0.224640267159436,0.524070428289996,0.0977671503200851,-0.326143729202842,-0.629843707397574,0.886266145735984,-0.496372568292438,-0.533447461928133,-0.671523969190694,-0.0269330266637888,-0.157736176426034,0.0939557434661589,0.202156254750917,0.682832724400303,0.615566924868049,0.392785655659416,-0.595615855137194,0.13653539481965,0.223861947321042,-0.350137179439416,0.660955979151975,0.677520287861476,0.521950818259281,0.385167311018819,0.110154019370149,0.342857548364707,-0.267933252874971,0.894257260188728,-0.277522937462631,-0.888608530066145,-1.01147293011705,-0.954678429186424,-0.103612505190179,-0.165852394510387,0.798262865525553,-0.723292047758998,-0.117389421357558,-0.609402729079175,0.100170724627871,-0.554880727147895,0.544619830449837,-0.614076875228766,-0.622378561168927,0.208622131821331,0.490563939497149,0.675263793938761,0.575855031588241,0.402681671401718,0.0507121317750543,0.4183367341544,-0.241958561604024,-0.565328047091832,-0.115382978305131,-0.137892390091274,-0.42964182185941,-0.590959780665129,-0.809759581530638,-0.387478293723169,-0.432129185345187,-0.484813844404564,-0.523283403627701,0.635156296765973,-0.594343123662683,0.012169761977951,-0.114785955883911,-0.130351673731295,0.351888984044347,-0.972511394621568,0.544947938685724,-0.601380811530617,0.201813374029904,0.726172755495118,-0.111756872588377,0.46618615394114,0.223072592487436,-0.0667151961865298,-0.440959496409212,-0.620207095989836,-0.924361576905879,-0.935840378022907,0.692040522452799,0.546377825711547,0.344558504224595,0.928408180883549,1.23062463041877,1.07551893281821,1.05854305813691,-0.413719465260767,-0.158881157964898,0.343643763005101,-0.286904425214791,-0.226875569169311,-0.370138508391861,1.32682556052599,1.24040486303943,0.566402014615565,0.950808620214174,-0.139144981884744,0.182904641272807,1.04042764866183,-0.391348688885798,-0.411754368021554,0.111080258000336,-0.217427187171022,0.72448175801232,1.23687038115287,1.60620225067534,0.36127260445787,0.458080777279193,-1.12679008480058,-0.266432822203958,1.24896822722633,0.987720612375717,0.192718347798946,-0.413784920142767,-0.407961060951538,0.246029414243294,0.142197893047893,-0.390868007842976,0.117254540572726,1.8106448423226,1.6891389021302,-0.230503261067549,-0.413219819433159,-1.01880107061754,0.460000486104092,-0.532924460232356,0.22367036178649,-1.0800134318184,1.76021367214008,-0.44849760935004,-1.23504806525446,1.7199375110035,-1.21255786402103,-0.324717903551093,0.511493909447407,0.886358450346385,-2.67873207880982,1.75123623393652,0.682832724400303,0.682832724400303,0.815279974671134,-0.543205919690318,-2.37093975613527,-0.870490792834442,0.0759519559752211,1.85180801768588,-1.38501220832434,3.26165559857376,-1.88129497561135,-0.189444898148642,-0.471261468611373,-1.22079271861426,-0.165584803405107,1.09320738256394,0.155666779985624,-0.628395377288449,0.820624532664704,-0.994759483123667,1.86881509871555,0.687062114951965,-0.366268385707879,0.846300613998343,0.385056113761999,-0.885696359334983,0.964697885344563,-1.09789239681336,1.33625668317722,1.36386060537779,-0.060866973497344,-0.35568405855027,-0.34476848053886,-0.739281849167541,-0.576459764357761,-1.18175658985325,1.64480098633528,-0.755295767554917,0.790599292659839,-0.590607768331523,-0.391425967897073,-0.017646871584048,-0.375024355916575,-0.838532752471447,-0.152293680362675,0.229851673277482,-0.241958561604024,-0.531713688779321,-0.267978366150136,0.740164105719455,2.08608108493191,-0.611535701313945,1.03318082040625,0.23524876409128,0.682832724400303,2.32407992805221,-0.555594417312278,1.08469330854548,0.682832724400303,0.310166601667107,-0.852674245419489,-0.315851368525389,1.47410203102843,-0.56760401811193,-0.705827158615937,-0.187688592418646,0.678222204090259,0.727959932947938,-0.98037958715305,-0.590959780665129,0.59996722821086,-0.917734455370194,-1.23321624918318,-0.324530007231007,-0.352508963049232,0.812099797669774,-0.393103207388005,-1.16238301451781,-0.778386370841756,0.850438776107769,-0.370281702344836,1.51615035071635,-1.04328333075373,-0.0315444440301896,-0.230075729421995,-0.707179574188299,2.0439789840438,-0.129514033521907
comm.and.crime_point_1183,comm.and.crime,regression,0.69,0.00222389660738905,anomaly,0.995053926757281,0.176086267780421,-0.217427187171022,-0.0207381708152835,2.92126379274596,-1.98212323033536,-0.592122486177232,-0.576459764357761,0.101693177953087,-0.0965886105387498,-0.157736176426034,0.26138000840943,-0.109719622984733,0.682832724400303,-0.674062310910845,-0.481947944658748,0.678222204090259,-0.818142165740683,0.569447023159616,1.13543421017129,-0.472940879485578,-0.633910484386522,-0.472248714197789,0.492231312994358,-0.822282657197971,-0.931604678020002,1.06259659023327,0.894257260188728,0.0351215468879261,1.21228566329134,1.19138122643412,0.773648615506715,-0.00800707467226295,0.0814626478570313,-0.638218393822105,-0.0809549871536759,0.623533047702732,0.245203166598712,-0.00718774078893893,0.322022122016284,0.658620664159367,0.813110043982106,0.684763913302247,0.27330764431577,-1.68791041368005,-1.89314463762633,-1.61843737956606,-1.47714541449936,0.525175431526179,0.703657382637049,0.12612488057673,2.0439789840438,-0.34476848053886,0.820624532664704,0.186693280865528,0.302349200451482,-0.142989533805432,-0.557119685244521,-0.60138190496379,-0.611535701313945,-0.65103955906403,0.723312887149946,-0.548829847861638,0.571774707941,0.40957417248383,-0.130351673731295,-0.281327002043937,0.242485406711466,-0.469831842542641,0.160681920767624,-0.203964654594325,0.726172755495118,-0.244678557014993,0.260026209173202,-0.370866985519292,-0.158555100360462,0.670236143756844,0.197114064352121,1.25808251885979,1.43939912673359,-0.778386370841756,-0.706093598596545,-0.590607768331523,-1.21455418294199,-1.06297556872134,-0.898012962874244,-0.768973580240562,-0.177731018223659,-0.799654518454378,0.291720927252114,-0.189444898148642,-0.226875569169311,-0.759522743786688,0.886358450346385,0.358142534415864,0.616272002567322,0.294975591471144,-0.230503261067549,-0.309483443914147,-0.400275637054622,-0.391348688885798,-0.731260008940213,0.455215483407476,-0.453822940289352,0.229851673277482,-0.30513534303829,0.511849510519854,0.36127260445787,-0.34476848053886,-1.01880107061754,-1.17945889734843,0.43905062085352,0.564407987550553,-0.0278472343569434,0.101693177953087,-0.06328940132067,1.39481263340506,0.384500575271014,-0.197025862064479,1.00221121696188,1.95878716043915,-0.391348688885798,-0.595936377798769,-0.230503261067549,0.223072592487436,-0.662904928792817,-0.435042880192443,-0.810596144943824,-0.10075369417069,-0.13276590127921,-0.544247527234835,-1.23504806525446,0.672757321452404,1.74698925190807,-0.506783935891765,0.723150221859989,1.52258872060582,-0.424997569039485,0.518566028486648,0.682832724400303,0.682832724400303,-0.500074299075133,-0.366268385707879,-0.471291797870422,0.281459459960805,-0.494689340990077,-0.394008843972142,-0.144305290106824,-0.521839596572905,-0.590959780665129,-0.189444898148642,0.621153514428708,-0.578408706761027,-0.779675500224294,-0.00536567013660394,-0.52457500537974,-0.8158329812246,1.00319918461822,-0.40063011407534,-1.10745167520755,1.16851703426305,3.17248229394089,-1.04789614836431,2.32885836905675,3.0081130167773,-0.634402585285642,0.396048112908209,0.802278882769321,-0.433845179637909,0.0464914919194661,-0.121200695287352,0.343388026162328,-0.173931992421487,-0.146336740061482,0.82897837806628,-0.0965886105387498,-0.467308204356106,-0.629843707397574,0.174528272850755,-0.391425967897073,-0.758443965028085,-0.0598300184254683,0.417298235895379,-0.616153556090535,-1.45189061482096,3.16281327856795,1.06120832872116,-0.839525415373817,3.27460124390708,0.755551241823674,0.275517297051724,0.543772920206689,-0.236728129982936,-1.56531543697313,1.3171758996377,-0.0654521195474263,1.28273643156158,0.682832724400303,-0.333979422149212,-0.954420599230953,-0.400332606464976,-2.20298854204279,0.143936619326893,-0.481197144366448,-0.499564470154296,-0.546622083628446,-1.34006551559698,-1.02539690198974,-0.342818397021626,-0.0965886105387498,-0.402172844262473,0.726172755495118,0.566882210994152,-0.0734685214771128,-1.38334975138032,0.751142542658244,-0.91102833931843,-0.912061542959443,-0.619283391928622,-0.67732705075443,-0.367596131833887,-1.15847835603325,-0.673881504635512,-0.34476848053886,-1.3739496219135,-0.565328047091832,0.7783995780344
comm.and.crime_point_0462,comm.and.crime,regression,0.04,0.013860163443282,nominal,0.629145668582266,-0.867866213748302,-0.138628602798245,0.590072945959833,-0.629843707397574,0.804312163562517,-0.0654979378108623,-0.533447461928133,0.166127940215069,-0.723488865413399,-0.518086685259539,-0.854781757879046,-0.109719622984733,0.682832724400303,1.2364995198727,1.32219010599747,0.188284489002777,1.59663048744133,-1.15847835603325,-1.11543153166311,1.13838623542042,0.980158158380245,0.521950818259281,0.33163531003105,1.74191820336436,-0.81022732312622,0.806725466558606,0.78501576188472,-0.35568405855027,-0.976145788122707,-0.870865217996765,-1.05343997459746,1.13925809154273,-1.10564955550658,0.913181366273366,0.0672766422167828,0.965497264192096,-0.810486469238678,1.76422693858843,-1.43178357631207,-0.880390590919278,-1.8129138873659,-1.71166395656157,0.0792511068324541,1.53029033533172,1.49909291349738,1.26157141007396,1.39481263340506,-0.30513534303829,0.190080215368281,-0.333979422149212,-0.956724101762177,-0.230075729421995,0.181613250827385,0.044462103313619,-0.0450487366494222,-0.348149548490111,-0.387478293723169,-0.432129185345187,-0.484813844404564,-0.523283403627701,0.679234591957959,-0.548829847861638,-0.649181537796562,-0.429402032904556,0.754335996180896,0.668496977088488,-0.232948124244939,1.66120569803692,-0.791896494605177,-2.05894992830509,0.726172755495118,-0.37760024144161,0.775426071093047,1.6809242839585,-0.847354381664952,1.14646284668515,0.455215483407476,-1.00671795787817,-0.984314653630183,-0.154568900959218,-0.231018230755544,-0.250547305583844,0.426863797860551,0.22717454329497,0.269995710086597,0.449370845344417,-1.18068191813137,-0.692858958372798,-1.00634996657257,-0.286904425214791,-0.226875569169311,-0.49993325352347,-0.239279720112616,0.578708116571755,-0.829957648033625,-0.562652215346664,0.0435715764808665,-0.604916295026319,-0.618564013678328,-0.391348688885798,-1.46155861675429,0.928401418342293,-0.217427187171022,-0.957260530086126,-0.601674905382743,0.627044535799378,-0.0381763034178386,-0.000690227188266011,0.601034142128082,-0.380561081597017,0.925001184677206,-0.440959496409212,0.0272941611820292,-0.220480633356821,-0.851110337619796,0.402681671401718,0.142197893047893,-0.923933908733845,-0.94469347109426,-1.79415156518023,1.98040716487244,-0.230503261067549,-0.413219819433159,-0.20888346424473,-0.662904928792817,0.494832130186732,0.0512926106647712,1.13620597443694,0.592204999179243,-0.639997445119629,0.0394141611302526,-1.09939376855715,1.96621496419912,0.828366967939835,0.776064299963135,0.984240030386299,-0.465974560126219,0.897849168625072,0.682832724400303,0.682832724400303,1.74698925190807,-0.838101809661048,-0.407970199261594,-1.61925845715135,-0.722945859776196,-0.250658831525885,0.203092646994081,-0.91323565124325,0.203092646994081,0.200393210115953,0.23880827036468,0.492231312994358,-0.114410578670175,1.09320738256394,2.92896021262903,-0.394098372368261,0.227256913815765,-0.796716360107558,0.511987598838842,0.643293485923684,0.40046092821602,1.34043889983208,-0.910812056434499,1.4741881110361,0.578708116571755,0.568425864029928,2.61780340415618,0.113282667975565,-0.00718774078893893,-0.35568405855027,-0.34476848053886,-0.217420442940414,-0.490435159498505,2.09891625254177,-0.514522113788516,0.857434586358428,-0.669300457399169,-0.420577536957683,1.03487462497214,0.246923518931679,-0.217427187171022,-0.943185334835349,0.105406250597248,-1.25403858092703,-0.333979422149212,-0.767702135816429,-0.601380811530617,0.275517297051724,-1.64963732071814,1.58497648511533,0.739536080286516,1.06120832872116,0.682832724400303,0.0686149044036935,1.53864994586482,-0.994759483123667,0.682832724400303,-0.333979422149212,2.96281402251039,-0.696016939253532,1.11825455621509,0.143936619326893,0.248850401944395,-0.265657561852559,0.335265803529022,-0.482591549127137,-1.11543153166311,-0.590959780665129,-1.28073353641309,-0.964603692743623,0.726172755495118,-0.272093994394233,-0.798973669564622,-1.38334975138032,2.28995579272044,1.35116373747598,-0.867503152253548,1.22972191624619,1.88138418599218,1.04521373007879,0.511849510519854,-0.82211313400597,-0.34476848053886,-0.809759581530638,2.56584039027093,0.879278868207322
comm.and.crime_point_0180,comm.and.crime,regression,0.25,0.294410843645986,anomaly,0.690130378278102,-1.56383453476745,-0.453822940289352,-1.36452262772054,0.0409210426295376,0.107703315088049,-0.400622650407643,-0.447422857068877,-1.57361064085844,-0.584177697663477,-0.938495612231962,0.763652803239245,-0.343626531286471,0.682832724400303,-0.435242082062902,-0.0992519945195506,0.38425957503777,0.305007905506768,0.339056972600567,-0.935362272316362,0.302883286950643,-0.482591549127137,-0.210617258288034,-0.257216700834412,-0.472618903484926,0.100102838577144,-0.626152826019497,0.23880827036468,-0.35568405855027,-0.582228126868179,-1.10521140486391,-1.00405920189194,0.613428223694192,-0.907797521612643,0.568425864029928,-1.31621856524083,0.224574795131807,-0.860757404278554,0.368566888169896,0.431634978161806,-1.22239309204787,1.15563490459271,0.902620992380776,-1.40851568053963,-0.0540546487971503,0.0937373566032682,0.347282905426335,-0.746101547760053,1.6520257684351,1.61668345778153,-0.333979422149212,-0.739281849167541,-0.34476848053886,-0.822547334916973,-0.998566532067046,-0.590959780665129,-0.655889570517129,-0.684350728885536,-0.686008264773091,-0.611535701313945,-0.608454173918587,0.679234591957959,-0.594343123662683,-0.954420599230953,-0.901326148435522,-1.13299769963178,-1.86436696726465,0.189659458827421,0.0375580480715412,-0.553751890761977,-0.783647552628939,0.726172755495118,-0.37760024144161,-0.203833666554659,0.43905062085352,-0.479994764969224,1.1993769247883,-0.405122580110374,-0.471401481558287,-1.17821175605928,-0.778386370841756,-0.835659608007726,-0.845653115392282,-0.120275529073628,-0.394008843972142,-0.575803673781598,-0.394098372368261,-1.06268769461281,-0.639461178332008,-0.590967280548668,-0.286904425214791,-0.226875569169311,-0.672992913698949,0.0543650200071232,0.247859743337919,0.716011978470835,0.547219064064617,-0.595936377798769,0.527576300903674,-0.70587936432781,-0.391348688885798,-1.18769663882401,-1.05037612774876,-0.375024355916575,-0.611019470771741,-0.0679036931627271,0.511849510519854,-0.608817600383137,-0.115382978305131,-0.0468999429701671,-0.437625211293547,-0.694834028068417,-0.440959496409212,0.303001138876892,-0.800393493714657,-0.654155103545014,-1.00718864302409,-0.730091762955347,0.966027012606508,0.353242987609834,1.21807556985638,-0.391348688885798,-0.321861540250354,2.5102451144166,2.05888583359914,-0.878848277811454,1.52258872060582,1.2004776181429,1.13620597443694,-0.253594384688952,-0.544247527234835,-1.23504806525446,2.32407992805221,1.30853782732598,-0.203340548657311,1.67560362771661,0.788476870306472,0.394542252695183,-0.90374574703244,0.682832724400303,0.682832724400303,-0.500074299075133,0.223523394233582,-0.0280406076086237,-1.04328333075373,1.27429867960235,-0.871842218792997,-0.442074950479027,0.565371666400276,0.699375414281087,-0.286904425214791,0.0203252737566635,-0.36428070280995,-0.01206212920031,0.0901624214025735,-0.890859043653398,0.636808449280568,-0.731260008940213,-0.94524870236964,0.0743013085560334,-1.01991441715099,0.459440106210166,-0.553757862530577,-0.424861492610813,-0.000739682945828393,0.578708116571755,0.396048112908209,1.33625668317722,-0.043039574199713,-0.00718774078893893,-0.277522937462631,-0.230075729421995,0.0435102601731493,-0.576459764357761,-0.970100277440667,-0.514522113788516,0.627044535799378,-0.590386957395979,-0.973175788922662,-0.232948124244939,-0.123475027790339,-0.217427187171022,-0.0536383847421805,-0.409993611322597,0.526629724118384,-0.241958561604024,1.4741881110361,-0.649009732299257,-0.062407654706626,-0.370281702344836,-0.696016939253532,-0.581865250252313,0.23524876409128,-1.56531543697313,-0.736908318327921,-0.822944761547652,0.63909628175923,-1.56531543697313,-0.149937701058835,-0.191322945644976,-0.653776320283739,-2.02506480463612,-0.891031580584123,-0.818142165740683,-0.265657561852559,-1.08555357022468,-1.13830693525114,0.100035968927465,0.699375414281087,-0.0965886105387498,0.347734953712392,0.726172755495118,-0.534274058578104,1.37754177469791,0.324222120103087,0.948426292666218,1.45170560755573,0.959390866688173,-0.0503586817209869,3.46778515277508,-0.576901296561691,-1.56166094451159,1.35195076342743,0.458080777279193,0.0621704808792462,-0.478351146053977,2.89686467166578
comm.and.crime_point_1246,comm.and.crime,regression,0.03,0.016895524850706,nominal,-0.590548525334451,0.524070428289996,-0.375024355916575,0.10142405253974,-0.669300457399169,0.968220127909451,-0.592122486177232,-0.576459764357761,0.746040800572905,1.01790073146063,0.683081677518812,-1.63609499428098,-0.499564470154296,-1.56531543697313,0.233454558711339,1.70488605613666,0.433253346546518,0.641952926881002,-1.79205099507064,-0.98037958715305,-1.66651652015669,0.223563482083323,-0.158290967106083,-0.310748701822181,-0.822282657197971,-1.23504806525446,-0.4726301518147,-0.307399221155361,-0.35568405855027,-0.713534013953022,-1.19894987961077,-1.49786692894712,0.517822793176276,-1.50135362329445,2.40712187599493,-0.871523677129457,0.281568831213367,-0.760215534198803,0.368566888169896,-0.8289128675117,-0.424387256081161,-0.785339305534071,-0.840235640247456,0.143936619326893,0.985671747037421,1.20832969482963,0.712998307285384,1.02929070003541,1.94856533077955,1.67374758747806,-0.333979422149212,-0.782770299686468,-0.34476848053886,-0.776903671928593,-0.382231429342107,-0.491703227207728,-0.348149548490111,-0.726761076765874,-0.728321444677741,-0.738257558223326,-0.736210329354915,0.811469477533919,-0.639856399463727,-0.750927891608026,-0.691582097088426,0.282502572227728,0.921783371523802,-0.549903811549208,0.443469960562887,-0.506122969993337,-0.203964654594325,0.726172755495118,-0.444061083654919,0.930046029669001,0.169078085395916,-0.801434429577986,-1.49924105847212,0.928401418342293,-0.883183386419734,-1.17821175605928,-0.466477635900487,-0.576527589185363,-0.633115326174983,-0.16587047298481,-0.394008843972142,-0.575803673781598,-0.440957773352299,-1.23967902989064,-0.692858958372798,-0.435198773289707,-0.286904425214791,-0.226875569169311,-0.889317488918297,0.984240030386299,-0.799826771902559,-0.530737720323085,0.547219064064617,-0.230503261067549,-0.555677486507623,-0.662221689003069,-0.391348688885798,-0.00096140112613429,0.670299999286939,-0.453822940289352,-0.264778411457355,-0.30513534303829,-1.04328333075373,1.44549106869194,-0.34476848053886,-0.370866985519292,0.36127260445787,0.223072592487436,-0.0705609496871936,-0.744685376363587,1.32595366093074,-0.604916295026319,-1.11162348112971,1.547553449942,1.69293505927587,-0.000739682945828393,-0.707774565658833,2.23006567579436,0.226288134846476,-0.595936377798769,1.08698470595177,-0.360584240166726,1.18000319046612,-1.78740340130023,0.775426071093047,-1.01884144628399,-0.304872732522849,2.10282919432454,1.23662357736453,-0.0616228744930443,0.100102838577144,0.352751675137971,1.52258872060582,0.927243136822718,0.281514065900134,0.682832724400303,0.682832724400303,-0.500074299075133,2.22881544603455,-0.218005403435109,-0.812893280194679,0.24714434506481,1.1350579554546,0.00457954007927846,-0.217420442940414,-0.938357717766034,1.27244800784359,-0.307399221155361,-0.41781270379772,0.141460545004487,1.04544333679435,0.417298235895379,-0.956411184176713,0.0446822618622457,-1.09378104463172,-0.275847723670213,-0.669765384924741,-0.779122631666902,-0.512579672044432,1.03299019886025,-0.826699247575706,-0.634402585285642,-0.293462891578667,-0.319074498087268,0.0351215468879261,-0.060866973497344,-0.35568405855027,-0.34476848053886,-0.869747200724323,-0.576459764357761,0.723150221859989,-0.653833281538438,1.37581220011629,-0.35364645738641,0.854649198346114,-0.444251915781118,-1.92255368329729,-0.217427187171022,-0.52457500537974,0.620806112517094,-0.264778411457355,-0.241958561604024,1.4741881110361,-0.791896494605177,0.444479772930899,0.141460545004487,0.148795440142343,-0.337161300152529,1.00221121696188,0.682832724400303,-0.69663215719134,-0.912061542959443,-0.598673237091449,0.682832724400303,-0.333979422149212,-0.750927891608026,-0.484813844404564,0.110020044243945,0.27330764431577,1.48431548031659,-0.499564470154296,-0.105678140049712,0.374882417342708,-0.485189123949481,-0.342818397021626,1.29652306696047,-0.402172844262473,-1.23321624918318,-0.953762161272296,-0.0734685214771128,0.629145668582266,-0.669300457399169,1.25062186739623,-0.778386370841756,0.613386813521254,-0.574978601284565,0.783582274169036,-1.3888684065923,0.857845332192564,0.114002523928599,-1.32265961824234,3.26165559857376,0.879278868207322
comm.and.crime_point_1764,comm.and.crime,regression,0.16,0.513549081932736,anomaly,-0.468579105942779,1.22003874930914,-0.296225771543798,-0.26506261752533,-0.195819457380031,0.558450217042117,-0.496372568292438,-0.533447461928133,-0.349350157880785,-0.166244194413711,-0.397969848981704,-1.07801411113674,-0.187688592418646,0.682832724400303,0.424510741789694,1.26751925597758,-0.00769059703221596,0.473480416193885,-1.3888684065923,-1.02539690198974,-0.890692353720466,0.374882417342708,0.364971944713428,0.117507306079973,0.80948152679624,-0.870916000573111,2.95604290542576,0.129566772060671,-0.35568405855027,-0.976145788122707,-0.777126743249906,-0.757155338364351,0.374414647399402,-1.20457557245354,1.48777387001243,-0.0315444440301896,-0.174383457439118,-0.408318988919673,0.422246120878301,-0.116429302565806,-0.823390174064514,0.299322753066192,0.140121215605925,-0.373547480628615,0.63909628175923,0.77218486682801,0.712998307285384,1.13372553814103,1.53340994349732,1.10310629051276,-0.241958561604024,-0.565328047091832,-0.34476848053886,-0.639972682963453,-0.524462606894016,-0.64058805739383,-0.758469577859468,-0.684350728885536,-0.686008264773091,-0.696016939253532,-0.693624944209472,0.767391182341933,-0.594343123662683,-0.954420599230953,-0.796454122761974,-0.0713724957371486,0.22524578682669,-0.761207603085388,0.64642591680856,-0.744267573836537,-1.01552071184278,0.726172755495118,-0.37760024144161,0.517726140133124,0.43905062085352,-0.204475052447428,-1.44632698036898,1.01443522469408,-0.7596488149613,-1.08126320484473,-0.511036026606383,-0.533338919381635,-0.548100210488063,-0.120275529073628,-0.29844216900797,-0.253594384688952,-0.394098372368261,-2.1246357062798,-1.2268367587807,-1.11019563807854,-0.286904425214791,-0.226875569169311,-0.759522743786688,0.641654500246602,-0.193271420973861,0.566402014615565,-0.108613964678413,-0.321861540250354,-0.161767018358061,-0.31296028640514,-0.391348688885798,-0.776903671928593,-0.0609873547032339,-0.453822940289352,-0.116389386036903,0.881022906339523,-0.928088305474204,-0.323496951900488,-0.230075729421995,-0.20888346424473,-0.380561081597017,0.00709456412135369,-1.07592843364696,-1.07553374959742,-1.57361064085844,-0.900349146138491,-0.537231871548822,-0.293946934953727,-2.13544731984946,1.88716789335104,0.329221661157051,-0.391348688885798,-0.321861540250354,-0.413219819433159,-0.856817549342979,0.0281137880668194,0.396950550146819,0.22367036178649,0.775426071093047,2.32407992805221,-0.544247527234835,-0.446095258444874,-1.05911760742057,-1.97984785703968,0.282168870917816,0.352751675137971,0.445891340166776,0.435519243781917,0.613386813521254,0.682832724400303,0.682832724400303,-1.15775143594827,-0.720143453672756,1.8082857520474,-0.985685818113966,1.44549106869194,-0.394008843972142,0.00457954007927846,-0.652304948129686,0.351977477180183,-0.286904425214791,-0.143536973699349,-0.739004709724335,2.8536944559559,-0.196421853214959,2.30104471844562,1.57399646896132,0.774980869676324,0.391542377989094,-0.932377159094426,0.905905260093369,2.28779462402869,-0.183154148155274,-0.316872478427771,0.589231434646941,-1.57180630944818,1.08555911739508,-0.692858958372798,0.113282667975565,-0.436621602456179,-0.043039574199713,9.28942261327777,0.391417864324567,1.74620456684214,-1.07592843364696,0.112378141086133,-0.179320641157294,-0.629843707397574,-0.590607768331523,-1.28946708192584,0.670236143756844,-0.453822940289352,0.103340488803673,0.363106181557171,1.36750086816761,-0.333979422149212,0.589231434646941,0.208310841536264,-0.653776320283739,-1.13789507336882,-0.527054463374357,-0.875509990372052,-0.0597367947051054,0.682832724400303,-0.69663215719134,0.558365350335113,-0.796716360107558,0.682832724400303,-0.0579168405136468,-0.394815653267903,-0.273610749555595,-0.245827430569399,0.790791744271277,0.473480416193885,-0.499564470154296,-0.693603398154691,0.879278868207322,0.415157172784282,0.600118860823686,-0.514522113788516,0.160258004218676,0.726172755495118,-0.586710071414878,0.205571920095007,-1.0174414932053,3.23691779275872,-1.71536329995644,1.58320833657071,0.328924458417437,2.44430065807644,-0.681553878925593,0.281459459960805,0.314329357834215,-0.230075729421995,-1.32265961824234,0.304440963286713,1.33323567398548
comm.and.crime_point_0472,comm.and.crime,regression,0.05,0.049419064726673,nominal,1.23899276554062,-0.867866213748302,0.334162903438415,3.27764185977035,-0.708757207400764,0.845289154649251,-0.256997773580451,-0.40441055463925,1.58369270997867,0.182033724961094,-0.458028267120621,-2.02675161248195,0.436063163052654,0.682832724400303,0.806623107946404,1.65021520611678,-0.056684368540964,0.13653539481965,-2.02244104562969,-0.935362272316362,-1.42780139202247,0.47576170751563,-0.472248714197789,-0.631940707748796,0.459817773083194,0.342857548364707,-0.4726301518147,0.0203252737566635,-0.199361816374992,-0.888608530066145,-1.33955759173106,-1.44848615624161,0.517822793176276,-0.957260530086126,1.37285536926462,-0.624470961512025,-0.231377493520679,-0.860757404278554,0.368566888169896,-1.54139643245759,-0.709389340354984,-1.41330154998685,-1.49380687748304,3.31352673155438,1.48077955457769,1.59601398638663,1.1701425596092,1.44703005245787,-0.660982817851633,-0.494689340990077,-0.241958561604024,-0.956724101762177,-0.230075729421995,-0.366110705033174,-0.619283391928622,-0.69021633412253,-0.50201955950362,-0.557119685244521,-0.60138190496379,-0.611535701313945,-0.565868788773144,0.591078001573987,-0.503316572060594,3.72591167609637,3.92278703254769,3.17248229394089,3.20136092144162,2.24987142630517,1.71194468709834,-0.172720524612857,-2.29082308751893,2.68556176017342,-0.311139399228302,0.878506043477017,1.78891329814154,-0.479994764969224,-0.22930318399663,1.35857045010122,-0.883183386419734,-0.451097621950152,-0.288244073076904,-0.360584240166726,-0.378069979114223,-0.257060360807173,-0.202875494043799,0.0283387432671127,-0.0192231644959594,-1.23967902989064,0.214903302320632,-1.16211847383153,-0.286904425214791,-0.226875569169311,-0.586463083611209,0.348009760126863,0.0272941611820292,0.366922062808537,-0.310408742753192,-0.0477867027019386,0.379859875347588,-0.138329585106176,-0.391348688885798,-0.868190997905353,-2.12579870714607,-0.453822940289352,1.12018582580019,0.406559606588398,-0.697698254915155,0.532464993547459,-0.34476848053886,-0.370866985519292,-1.46477954583108,1.08698470595177,-0.176389105893484,1.13012207196148,1.19708413640678,0.527576300903674,0.0371597380320633,-0.10010478917523,0.287579502381766,0.825219881684049,1.8106448423226,-0.391348688885798,-0.321861540250354,-0.230503261067549,-2.85461431172925,0.33043447669291,0.445891340166776,1.31539611889071,-0.152293680362675,0.350548032359759,-0.592122486177232,0.464234903258489,1.63938518873034,0.705667118525611,-0.446095258444874,1.41103323720088,0.837417660326429,-0.95769845316702,-0.90374574703244,0.637869761172835,-1.56531543697313,0.157602837798,1.22616942013407,-0.281327002043937,-0.928088305474204,0.931913901423168,-1.34967559361385,-0.342818397021626,-0.956724101762177,-1.63315359196784,-0.286904425214791,0.348049768668688,-1.11372871663872,-0.574978601284565,0.281218604480928,0.678929691805134,-0.0192231644959594,-1.46155861675429,-1.98497509820421,-0.582228126868179,-0.976145788122707,-0.838101809661048,1.83457718566582,-1.88271318408187,1.59218233455465,0.854415094266617,-0.810596144943824,-1.92100789931097,-0.35568405855027,0.690642284420326,4.02133872235753,0.228695275045463,-0.956724101762177,-0.146336740061482,0.458579831344262,0.530311644335899,-0.294515666436819,-0.629843707397574,-0.335562421270764,-1.07816329038966,1.7814317839229,1.83133600652117,-0.158290967106083,-0.822313500858473,-0.858334513139159,-0.333979422149212,0.766222769924772,-0.839525415373817,-0.738257558223326,-0.0632363539352424,2.80995443523935,1.22894398048608,-0.295725241742213,0.682832724400303,0.43110035463292,3.27642718339475,-0.252097771813259,-1.56531543697313,-0.241958561604024,-0.343942476362171,-0.696016939253532,0.0507121317750543,0.726106231776839,-0.0880946194298402,0.202156254750917,3.47086718008891,1.38367531907194,-1.1604488464998,-1.98055152906875,0.182033724961094,0.207127241592105,0.726172755495118,-1.00619817410907,1.93562265784215,-0.773502654421958,-0.708757207400764,0.999267192196847,-0.466477635900487,-0.951156139549743,0.243808994474351,-0.419922423015838,-0.755295767554917,1.05548750468651,-0.115382978305131,-0.963629592544147,-0.695793398648614,-1.13830693525114
comm.and.crime_point_1113,comm.and.crime,regression,0.05,0.020042867860683,nominal,0.629145668582266,0.176086267780421,-0.375024355916575,-0.0818192824927953,-0.550930207394384,0.681381190302317,0.0302519800739321,-0.576459764357761,-0.156045871094839,-1.35038912028805,-0.938495612231962,0.0939557434661589,-0.343626531286471,0.682832724400303,1.28426356564229,0.502127355699187,0.0413031744765323,2.04589051594031,-0.352113179076581,-1.1604488464998,0.780313543219086,1.4341149641584,1.30684518598855,1.18814732583536,0.284985896226672,0.403546225811598,1.01142236549834,-0.580502966915381,-0.433845179637909,-1.10745167520755,-1.29268835435763,-1.54724770165264,2.57333954931147,-1.30350158940051,0.625885114403834,-0.970344763376429,3.07427659920984,-1.81590517003619,2.73045312733972,-1.21255786402103,-1.10839225833834,-0.385726968155027,-0.731307100708191,-0.502918505617492,0.837139404775339,0.966027012606508,1.12442813437682,0.246029414243294,0.58448334399507,0.589529123243989,-0.333979422149212,-0.826258750205395,-0.34476848053886,-0.183536053079654,-0.382231429342107,-0.0946770133781229,-0.399439552161281,-0.387478293723169,-0.432129185345187,-0.358091987495182,-0.438112633336816,0.591078001573987,-0.548829847861638,-0.903547422325221,-0.7440181099252,-0.0123933177430025,-0.15468380482628,-0.655555707317298,1.45824974179125,-0.791896494605177,-1.94301334869817,0.726172755495118,-0.444061083654919,0.981586015860986,1.41095174850089,-0.709594525404054,-0.335131340202921,0.0250464516485512,-1.04789614836431,-0.596520448771979,-0.0208937288415306,0.0281137880668194,0.00449804147691576,-0.16587047298481,-0.202875494043799,-0.13276590127921,-0.20666076843211,-0.590710800538598,-0.853052298495168,-1.16211847383153,-0.189444898148642,-0.226875569169311,-0.326873593347992,-0.0924573500527467,0.799273698727645,0.765881966422592,0.294975591471144,-0.504578098615964,-0.06328940132067,-0.225644935755658,-0.391348688885798,-0.229179716068034,-0.620207095989836,-0.453822940289352,-1.352964597874,1.41479411855954,0.972629611637952,-0.209368692507428,-0.230075729421995,1.03299019886025,0.646593252940519,0.331061606670478,1.30520508099459,0.0272941611820292,-0.349350157880785,-0.998826763175882,0.663768766665756,0.917566476161884,-0.10010478917523,0.23524876409128,2.79826029643296,-0.391348688885798,-0.321861540250354,-0.230503261067549,-0.154888957153209,-0.317395570362999,-2.29479290095079,0.453507363282115,0.930046029669001,0.471376515769501,-0.161247855695657,0.342857548364707,-0.374422868098694,-0.00681644642028318,1.37456506496185,0.511493909447407,0.396950550146819,0.886266145735984,-0.0503586817209869,-1.56531543697313,0.435536426649226,-0.280848586784089,0.40046092821602,-1.23115098117636,0.0510694094017551,0.36127260445787,-0.585142193900484,0.94751679792459,-0.956724101762177,0.00457954007927846,-0.286904425214791,0.293429019516684,-1.16726071762649,-1.44494042177841,3.05153325911707,-0.576901296561691,-0.956411184176713,-0.00096140112613429,-0.351119333321313,0.993442518149931,0.0305326795277526,1.58004448809894,-0.924361576905879,0.223072592487436,0.648228546406218,0.744132303188673,-2.36199590503929,-0.372472278128058,-0.199361816374992,-1.34916855849906,-0.277522937462631,-0.230075729421995,-0.695793398648614,2.30536449842731,-0.493873574512357,-0.235899778288672,0.223861947321042,-0.235276207381626,3.10754976404949,3.14791254033394,-0.970100277440667,-0.375024355916575,0.207993071167575,-0.306913638938628,0.130925656330515,-0.0579168405136468,1.06120832872116,0.255939762304904,-0.0201670357368324,0.397331668679148,0.697923486749661,0.788476870306472,-0.413719465260767,-1.56531543697313,0.471376515769501,-0.199127291665113,0.688607062513258,-1.56531543697313,-0.241958561604024,0.368282000318073,-0.400332606464976,1.17756246868398,0.532049694293523,0.305007905506768,-0.343626531286471,2.2460228923702,-1.1887465803376,-0.305119864602728,-0.739844610851231,0.182033724961094,2.40998139814327,0.726172755495118,-0.219657981557459,-1.18963028776559,0.629145668582266,-0.669300457399169,-0.00615150860066679,-1.17941188719482,-0.666693784445925,0.0902863202695546,-0.681553878925593,1.14542214955724,0.116687185340269,0.802159030629787,-0.142989533805432,0.34792941380564,0.324442772256246
comm.and.crime_point_1297,comm.and.crime,regression,0.21,0.0245396147072406,anomaly,0.324222120103087,0.524070428289996,-0.453822940289352,-0.26506261752533,0.830056042661434,-0.343043586866018,-0.544247527234835,-0.490435159498505,-0.864828255976639,-0.514522113788516,-0.638203521537374,0.763652803239245,-0.343626531286471,0.682832724400303,-0.339713990523725,-0.864643894797944,-0.742597169663439,-0.481197144366448,0.972629611637952,1.45055541402811,0.839992325252642,-0.129514033521907,-0.262943549469985,-0.150152698858873,-0.472618903484926,0.0394141611302526,-0.4726301518147,-0.307399221155361,-0.35568405855027,0.0743013085560334,0.0665195294718176,0.427983206568087,-0.247020650967053,0.823407774959287,-0.810596144943824,-0.377418245894594,0.737521119865853,0.044119426439209,-0.114546206205749,0.0479899816524777,0.430618996740308,0.584760136908366,0.412442564454086,0.0145655943380156,-1.2423133868938,-1.02085498162309,-1.11557870200987,-0.798318966812861,0.110020044243945,0.874849771726638,-0.241958561604024,1.26118687470311,-0.34476848053886,-1.46155861675429,-1.28302888717086,-1.43464048505304,-1.16878960722883,-0.769171424646212,-0.686008264773091,-0.696016939253532,-0.65103955906403,0.591078001573987,-0.503316572060594,0.012169761977951,-0.114785955883911,-0.366268385707879,0.161924188217862,-0.814033550969433,0.139036026194378,-0.410865128456057,-0.145996364790864,0.726172755495118,-0.444061083654919,0.723886084901063,-0.154888957153209,2.1833624560748,0.405665753241116,-1.78166348173893,-0.389045100585998,-0.790417551201081,-0.288244073076904,-0.317395570362999,-0.335562421270764,-1.26014912685317,-0.489575518936313,-0.334146706962114,-0.534676575320374,1.06120832872116,0.428494422483792,1.38210047806485,-0.286904425214791,-0.226875569169311,-0.54319816856734,-0.0435165600327901,0.90955648980559,0.366922062808537,0.648116453102006,-0.595936377798769,1.01996438609063,0.298247168141235,-0.391348688885798,-0.822547334916973,1.10046903104586,1.35854450028451,0.427703707171417,0.406559606588398,1.43340971275605,0.24714434506481,-0.34476848053886,-1.39676262025819,-0.323496951900488,0.817012170494165,-0.440959496409212,0.137576952259974,0.101693177953087,0.182904641272807,1.76033456677472,-1.69930249184784,-0.487789080732225,0.530234322887664,-1.64600924706368,-0.391348688885798,-0.0477867027019386,0.0435715764808665,1.62692977686698,-0.533338919381635,0.690595290266559,-0.178544390830854,1.13620597443694,-0.414699029235275,-0.44849760935004,0.828366967939835,2.08242296123273,-0.33565501485685,-0.0819631937635291,-1.65798329278156,1.47364793058586,-0.302066595779285,-0.619283391928622,0.682832724400303,0.660351242786569,-0.719300011366178,0.0465858602511433,-0.724578192305735,1.08782463691748,0.4183367341544,1.27840796790085,0.500862307366285,-0.0434666408647052,1.5926843953977,0.00547415598365529,1.38584400255676,-0.899600712687643,0.141460545004487,-0.912882539758789,1.93476068017196,1.10540245912095,-0.639972682963453,-1.39084572915588,-0.757302642981302,0.380681711753999,3.17248229394089,1.34043889983208,-1.01880107061754,-0.472716577020044,0.247859743337919,-0.465840642700386,0.962472222891692,-0.35568405855027,0.0464914919194661,1.52018284755307,-0.230075729421995,-0.391374245016123,2.09030298627917,-1.07592843364696,-0.305555362163633,0.91503209899819,-0.629843707397574,-0.675622884018443,1.66878599958068,-0.758443965028085,-0.138628602798245,-0.419922423015838,1.18774596062892,2.95031713931909,-0.149937701058835,0.353242987609834,-0.649009732299257,-0.653776320283739,0.806725466558606,-0.611535701313945,-0.337161300152529,-1.23967902989064,-1.56531543697313,0.350548032359759,0.424690178217426,-1.93546431745018,0.682832724400303,-0.333979422149212,0.775267415563927,-0.569295082344151,-0.127211605631618,3.31352673155438,1.42815797675422,-0.343626531286471,0.678222204090259,-0.0790743884354456,-0.935362272316362,-0.342818397021626,3.52550175095922,-0.0740881826484698,0.726172755495118,-0.376966020067782,-0.0176604331626889,0.507176249190595,-0.550930207394384,-1.26292488459756,-0.511036026606383,-1.70972241982659,-1.64963732071814,-0.733880170107544,0.454251997880092,-0.0315444440301896,-0.34476848053886,-0.142989533805432,-0.739281849167541,-0.633910484386522
comm.and.crime_point_0164,comm.and.crime,regression,0.11,0.169942209569574,nominal,-0.224640267159436,-1.56383453476745,-0.296225771543798,0.345748499249786,-0.629843707397574,0.886266145735984,-0.400622650407643,-0.533447461928133,-0.607089206928712,-0.305555362163633,-0.217794594564951,0.540420449981549,-0.187688592418646,0.682832724400303,0.94991524525517,0.11943140555999,-0.595615855137194,0.754267934005747,0.68464204843914,-0.350137179439416,0.60127719711842,0.980158158380245,0.678929691805134,0.492231312994358,-0.356064318913911,3.25591406581547,0.192634769739419,-0.362019970307365,-0.35568405855027,-0.844839901037864,-0.636519031129619,-0.609013020247796,0.326611932140444,-0.215315402983871,0.166211111412584,-0.723292047758998,0.167580759050246,-0.760215534198803,0.314887655461491,-1.43178357631207,0.601620247304602,-1.24203911968155,-1.33041406817415,0.402678669304647,0.63909628175923,0.723724330383386,0.392997330658716,0.611551347612948,-0.30513534303829,-0.266432822203958,-0.241958561604024,-0.695793398648614,-0.230075729421995,-0.548685356986693,-0.714104176963228,-0.739844610851231,-0.963629592544147,-0.345067945842831,-0.347502825535886,-0.358091987495182,-0.395527248191373,0.15029504965412,-0.321263468856418,0.0630429388836828,0.147394108299959,0.459440106210166,0.478532181262003,-0.127296228476849,1.20455479648416,-0.649009732299257,-1.07348900164625,0.726172755495118,-0.444061083654919,0.981586015860986,1.19497372013481,-0.801434429577986,0.0352672065190975,-1.22244374045233,-0.84200519593359,-0.548046173164703,1.00394925739407,0.805509844533911,0.727126524815734,-0.211465416895992,0.752791255597911,1.03524277168163,1.05854305813691,-0.531713688779321,-0.0520855978833183,0.499412270264063,-0.286904425214791,-0.226875569169311,0.0192457270029651,1.18000319046612,1.73667742289018,0.516532026663808,1.00125731473287,-0.321861540250354,-0.211005826876756,1.17140067463606,-0.391348688885798,0.0903259248506256,-0.491156386462159,-0.453822940289352,-0.264778411457355,0.703099168932851,-0.121723128517532,1.21723454990582,-0.34476848053886,-0.910812056434499,-0.722945859776196,-1.50475163444123,0.670236143756844,-0.799826771902559,0.488301751524978,-0.0140505928019747,0.141594576137679,0.239118965937142,1.01448754905113,-1.59366170044631,2.55135643290537,-0.391348688885798,0.0435715764808665,-0.504578098615964,-1.01880107061754,-0.101452221344363,0.788476870306472,0.683344364777741,0.826966057285032,1.92131831668641,0.269626774785918,0.100102838577144,-1.17994609083031,0.870086402743895,0.100102838577144,1.56977547151032,-0.0924573500527467,0.23063428834825,0.044462103313619,-1.56531543697313,0.637869761172835,0.596054262380089,-0.66116427567861,0.668496977088488,0.281459459960805,0.760721512333579,-0.967408893757168,0.451234030637584,-0.0869550913836323,0.401605753908883,-0.286904425214791,-0.798985963523397,-0.36428070280995,0.755551241823674,-0.530770173602079,-0.00131209356022966,0.824246053216719,-1.18769663882401,0.0449669127109041,-1.01991441715099,0.818368002036808,-1.66381030157909,-0.800827005447445,0.169078085395916,-0.000739682945828393,0.358142534415864,-0.121085140456948,-0.425870058168848,-0.043039574199713,-1.45652702391587,0.894893878851958,-0.230075729421995,0.82630236951384,0.154749376945913,1.30520508099459,-0.305555362163633,-0.870490792834442,-0.708757207400764,2.17238349149337,0.295311354595511,-0.599701730718649,7.11084115949721,0.46962452707733,0.260026209173202,-0.611019470771741,0.12612488057673,0.23524876409128,-0.0298337623069365,-0.44257322543477,-0.574978601284565,1.03584843850801,0.00542422998716656,0.23524876409128,0.682832724400303,-0.293870545825533,0.38013178751153,0.738117843267285,0.413054945035492,-0.333979422149212,-0.191322945644976,1.88066081790389,-0.36444325550718,-0.373547480628615,-1.43587470492678,-0.499564470154296,-0.497628312119698,-0.129514033521907,0.820313006314475,-1.98055152906875,1.71445657021024,-0.917734455370194,0.726172755495118,-0.639146084251652,0.428804273352702,-1.38334975138032,-0.590386957395979,-0.156964313720294,-0.733827980135861,1.04008034617698,-0.216759028140039,0.626603400623183,0.857434586358428,1.4507718496744,-0.230075729421995,0.472490510248604,-0.826258750205395,-1.03742764507821
comm.and.crime_point_1649,comm.and.crime,regression,0.05,0.057179946259027,nominal,0.812099797669774,1.22003874930914,-0.375024355916575,-1.181279292688,-0.708757207400764,0.927243136822718,-0.44849760935004,-0.576459764357761,-0.92926301823862,-1.21107795253813,-0.878437194093044,2.27047118772869,-0.343626531286471,0.682832724400303,-0.626298265141257,-1.46602324501668,-0.644609626645943,0.641952926881002,1.72139727595486,-0.440171809112793,0.60127719711842,-0.432151904040676,-0.00131209356022966,-0.203684699846642,-1.63816474919508,-1.23504806525446,0.857899691293538,-0.0342954753953406,-0.35568405855027,-0.319616352698494,-0.167826657395328,-0.21396683860365,0.0397956405866952,-0.759408496192192,-0.925514645691636,-0.328007702771107,1.02249130027366,-0.358048053879797,0.261208422753086,-0.500074299075133,-0.310386422371632,-0.956601735839376,-0.731307100708191,-0.56760401811193,0.490563939497149,0.578342721049512,0.941570433447291,0.977073280982603,-0.483059080444962,-0.722945859776196,-0.333979422149212,-0.826258750205395,-0.34476848053886,-0.594329019975073,-0.666693784445925,-1.08724254795214,-0.348149548490111,-0.641940381005198,-0.64369508486844,-0.653776320283739,-0.565868788773144,0.502921411190013,-0.503316572060594,-0.547435183985099,-0.639146084251652,-1.13299769963178,-0.597934995088079,-1.28946708192584,-0.165397908174131,-0.744267573836537,-0.609742683218555,0.726172755495118,-0.37760024144161,0.517726140133124,-0.478855999702333,-0.617754621230122,0.617322065653698,-2.12579870714607,-0.677292433989011,-0.499571897557428,-0.64471119872407,-0.576527589185363,-0.505592652644603,-0.758604743830171,-0.776275543828826,-0.69663215719134,-0.768973580240562,-0.472716577020044,-0.906450078535958,1.01864062779394,-0.286904425214791,-0.226875569169311,-0.629727998655079,1.42470714056591,1.51611184073429,1.26458184594016,0.950808620214174,-0.595936377798769,1.66006889683367,-0.269302611080399,-0.391348688885798,-0.137892390091274,-0.147021161055019,-0.217427187171022,-0.561556462298257,-0.30513534303829,-0.697698254915155,0.24714434506481,-0.34476848053886,-0.370866985519292,0.475400863850929,0.169078085395916,-0.970100277440667,-0.965250958519477,-0.349350157880785,0.281382258310197,1.39481263340506,0.869105939717259,0.481421648160263,0.353242987609834,1.51436020608949,-0.391348688885798,-0.504578098615964,0.591721251577697,0.817012170494165,-0.706093598596545,1.62047030064573,-0.293462891578667,0.363106181557171,-1.05911760742057,-0.639997445119629,0.282168870917816,-1.70353618560586,-0.664493583293417,-0.0819631937635291,-0.176389105893484,0.396950550146819,-1.53137632838129,-0.192589859272896,-1.56531543697313,0.30064753696682,-0.609687155220656,-0.307289207713733,-0.281327002043937,-0.640100742275393,0.0188878262786913,-1.30189225613177,0.10383609353668,-0.739281849167541,2.98227614380132,-0.286904425214791,0.0203252737566635,0.117507306079973,0.704377017088742,1.18873547410311,-1.04783791719925,1.76143407289747,-0.776903671928593,0.688607062513258,-0.757302642981302,-1.10745167520755,-0.602185097684464,-0.677292433989011,1.30296273431785,-1.23967902989064,-0.413837003129751,-0.810596144943824,-1.70741677914781,-0.35568405855027,-0.00718774078893893,-0.35568405855027,-0.230075729421995,1.73955983041131,-0.0603121352022264,-0.176389105893484,-0.166244194413711,-0.00652810323800724,-0.669300457399169,-0.548100210488063,0.612267041899781,1.83434586202605,0.0977671503200851,-0.52457500537974,0.363106181557171,-0.759408496192192,1.04633348602862,-0.94469347109426,0.494084366148104,1.41601400923616,-0.4726301518147,0.486720391900693,1.47364793058586,0.353242987609834,0.480499389876695,1.96159447782299,-1.00117832437123,-0.697694798599504,0.345610500194289,-0.149937701058835,-0.140449768739244,-0.611535701313945,0.0507121317750543,-0.373547480628615,-1.15508718711492,2.77513224607003,-0.15467191155846,-0.482591549127137,-0.0350159755825995,0.749003691009788,1.43583423471039,-0.917734455370194,0.726172755495118,-0.534274058578104,0.038147655151735,-0.224640267159436,-0.116905957376842,-1.36346675467731,-0.199127291665113,-0.334821036824805,1.16494503970313,-0.262943549469985,1.37581220011629,2.29075108277367,-0.34476848053886,0.267330495563925,-0.0434666408647052,1.63587354450424
comm.and.crime_point_0510,comm.and.crime,regression,0.04,0.214663360676082,nominal,-0.346609686551107,-0.867866213748302,-0.453822940289352,-0.448305952557865,-0.669300457399169,0.886266145735984,-0.592122486177232,-0.576459764357761,0.55273651378696,0.460656060460939,0.442848004963141,-0.0176604331626889,-0.499564470154296,-1.56531543697313,-0.817354448219611,0.0647605555401046,0.38425957503777,-0.425039640804075,0.108666922041517,1.00038226566123,0.481919633051309,-0.785229419645906,-0.733880170107544,-0.899600712687643,-0.764005364912463,-0.688849968232438,-1.08672084863389,1.38584400255676,-0.35568405855027,0.118069937584314,0.582081140579538,0.181079343040496,-0.533836942520802,0.0814626478570313,0.0512926106647712,-0.575060418388539,0.50954497553961,0.747912516997469,-0.114546206205749,-0.280848586784089,0.0886164956117204,-0.214464537849722,-0.241128672781501,-0.826346068089685,-0.00454386804312309,0.0937373566032682,0.164425204496809,0.141594576137679,0.406559606588398,0.532464993547459,-0.333979422149212,-0.739281849167541,-0.34476848053886,-0.685616345951833,-0.90374574703244,-0.739844610851231,-1.06620959988649,-0.514709337364183,-0.516755545154489,-0.44257322543477,-0.523283403627701,0.326608230422067,-0.639856399463727,-0.852674245419489,-0.7440181099252,-0.543205919690318,-0.344648600652765,-0.549903811549208,-0.114658919112713,-0.458494049224697,0.607591402654133,-1.23321624918318,-0.444061083654919,0.156946236789233,-0.20888346424473,-0.801434429577986,0.0352672065190975,-0.620207095989836,0.0639149947615938,1.53634767794814,-0.822944761547652,-0.792470938203999,-0.803145557548822,-0.4394401364519,-0.632925531382569,-0.777184479464502,-0.768973580240562,1.17920255223971,-0.532665618250428,0.914794956287961,-0.286904425214791,-0.226875569169311,-0.240343763260253,0.837417660326429,-0.303554212051806,0.765881966422592,0.294975591471144,1.41394576422294,-1.09730438021327,-0.662221689003069,-0.391348688885798,-1.00512198687049,0.0250464516485512,-0.375024355916575,1.51588989358806,-2.7960676667317,0.857434586358428,0.0188878262786913,-0.34476848053886,0.817012170494165,-0.951202378562316,1.78891329814154,1.14646284668515,-0.468978398668724,-0.671523969190694,-0.752632720582405,-1.16384090018251,0.0937373566032682,1.3537113041635,-1.47566747692775,-1.10282074730298,-0.391348688885798,-0.504578098615964,0.774437809943307,0.601034142128082,-0.706093598596545,-1.07127315045188,-1.27027014793507,0.363106181557171,0.43110035463292,0.221751815843521,-0.324717903551093,1.35745206077428,-1.37697714823931,-0.446095258444874,0.511493909447407,0.788476870306472,-0.95769845316702,1.3719530937981,0.682832724400303,-1.56531543697313,-0.554880727147895,0.0465858602511433,1.3650345617856,-0.0641256158777693,-0.494689340990077,-0.871842218792997,-0.590959780665129,1.69607137989238,-1.43464048505304,-0.286904425214791,0.293429019516684,-1.97024073244303,-0.0632363539352424,-0.626298265141257,3.39989683326659,-0.0660825654799971,2.32686541128124,0.738117843267285,-0.844839901037864,1.08097977620649,-0.543205919690318,-0.924361576905879,-0.26287797133625,-0.236728129982936,-0.248412816512834,-1.38518864868289,2.93819008440092,-0.277522937462631,-0.382942369747774,-0.043039574199713,-0.34476848053886,-0.652304948129686,1.23005693768661,0.617322065653698,-0.514522113788516,0.16626443468128,-0.629843707397574,-0.633115326174983,0.717918937667871,-0.970100277440667,-0.138628602798245,-0.210617258288034,0.414646167749156,2.9008541308456,0.586229183302673,-0.000739682945828393,-0.887154336142457,-0.611535701313945,-0.267933252874971,1.71169834202471,1.08212161042621,0.353242987609834,0.682832724400303,-0.736908318327921,-0.511036026606383,1.23322565080756,0.682832724400303,-0.149937701058835,2.70844813798174,-0.738257558223326,-1.01683029266498,-0.1794909431453,0.248850401944395,1.76153564342917,-0.44863454061095,1.88807176993655,-0.125050605255976,-0.938357717766034,-0.166244194413711,0.628950377952967,0.726172755495118,-0.691582097088426,-0.352508963049232,0.812099797669774,-0.669300457399169,1.0998090622766,1.53864994586482,-0.619283391928622,-0.421455927079768,2.77198133908318,-0.0641256158777693,-0.624470961512025,-0.230075729421995,-1.68168964394052,-0.565328047091832,-0.58347083930006
comm.and.crime_point_1379,comm.and.crime,regression,0.59,0.00799607005062177,anomaly,-0.041686138071928,0.524070428289996,1.91013459089395,0.10142405253974,3.23691779275872,-2.51482411446289,-0.592122486177232,-0.576459764357761,0.55273651378696,0.460656060460939,0.322731168685307,-0.352508963049232,1.91747358229699,0.682832724400303,-0.817354448219611,-0.0445811444996654,0.0413031744765323,-1.09892968355255,0.0510694094017551,0.910347635987851,-0.7116560076198,-0.835669064732367,-0.576901296561691,0.545763313982127,-0.647450780341448,-0.567472613338656,-0.779675500224294,-0.198157722851353,2.61443854278002,1.2998229213479,-0.0272189452750407,0.230460115746014,0.326611932140444,1.07072281732671,-0.350922141952573,-1.01975530649992,0.965497264192096,-0.20723524876017,-0.00718774078893893,0.596054262380089,0.82962191472366,0.870197520750541,0.793692452841512,0.6614207192824,-1.63839963292602,-1.74776302829246,-1.29843640293939,-1.68601509071059,1.47410203102843,1.04604216081623,3.16281327856795,2.69630574182771,-0.230075729421995,1.45963581450202,1.65641544890192,1.543056118669,1.29313056898732,-0.557119685244521,-0.60138190496379,-0.611535701313945,-0.608454173918587,0.767391182341933,-0.548829847861638,0.724394238658196,0.514446198157378,0.105565038245289,0.161924188217862,0.242485406711466,-0.368353864419804,0.446455445379464,0.0279085046195201,0.726172755495118,2.14791176266411,-0.564613569898551,-0.370866985519292,2.68848192903143,0.352751675137971,0.197114064352121,0.763944233026054,0.421439338980806,-0.778386370841756,-0.792470938203999,-0.718130441861903,-1.03217440729726,-0.776275543828826,-0.736908318327921,-0.675254778272487,0.825219881684049,0.214903302320632,0.707103613276012,0.200393210115953,-0.226875569169311,-0.802787658830557,1.27788477050604,0.358142534415864,0.716011978470835,0.79946253665809,2.32752855605099,-0.407961060951538,-0.269302611080399,1.31465113574732,2.09864709633934,1.65968877233247,-0.453822940289352,-0.264778411457355,2.12648906818623,0.799837073718665,-2.66312626945821,-0.34476848053886,-0.370866985519292,0.532464993547459,-0.478855999702333,-0.123475027790339,-0.799826771902559,-1.05813254276258,1.01996438609063,0.611551347612948,-0.536249617176849,-0.00318371628598076,-1.00369058285354,1.41559866067845,3.31191922312268,5.15963521071795,-0.139144981884744,1.08698470595177,0.762321174730183,-2.63737843109049,0.0512926106647712,0.208486222981217,1.96159447782299,-0.496372568292438,-0.870916000573111,-0.857736801737663,-1.10294500787551,0.403546225811598,-0.493873574512357,1.13106240044617,-3.08850198967716,-1.33043927968817,0.637869761172835,-1.56531543697313,-1.26736429209379,-1.01503934364349,1.55499935761209,-1.04328333075373,0.133016085671751,-0.0117421441154574,2.28748026959951,-0.521839596572905,0.10383609353668,-0.286904425214791,-0.525882217763377,0.813423318920973,0.909073916028471,0.233454558711339,-0.472248714197789,0.824246053216719,0.318544239792525,-3.02470149403878,-1.01991441715099,-0.669765384924741,-1.25095605562007,-0.718470624475156,-0.370866985519292,-1.29867614164992,-1.07553374959742,-0.23600364120476,-1.06664341865833,1.28569948429015,-0.382942369747774,-0.35568405855027,-0.230075729421995,-0.652304948129686,-0.576459764357761,-0.440959496409212,-1.28073353641309,-0.121723128517532,-0.35364645738641,-0.335562421270764,0.189659458827421,-0.282217262099776,-0.296225771543798,3.39989683326659,0.260026209173202,0.427703707171417,-0.149937701058835,1.88716789335104,-0.363236207687417,-0.569295082344151,-1.29141774757362,-0.527054463374357,1.18000319046612,-1.00369058285354,0.682832724400303,-1.22022225196689,0.38013178751153,-0.301608552567286,-1.56531543697313,-0.0579168405136468,2.8101944917932,2.30306700760182,-1.31336985500943,-0.1794909431453,2.04589051594031,-0.499564470154296,1.31514123370399,1.98895106010947,-0.0800332904192877,-0.789472887579932,-0.305555362163633,-0.683388268503048,0.726172755495118,-0.219657981557459,0.596228538295973,1.3609621849323,-0.393103207388005,0.647370646917718,-0.288244073076904,-0.192589859272896,1.88138418599218,-0.733880170107544,0.281459459960805,-0.328007702771107,-0.34476848053886,-0.245569541147772,-0.521839596572905,0.526201352602092
comm.and.crime_point_0211,comm.and.crime,regression,0.29,0.0320480636963236,anomaly,-0.285624976855271,-1.21585037425788,-0.375024355916575,-0.6315492875904,1.73756129269811,-1.53137632838129,0.365376692670713,0.0687247720866572,-0.92926301823862,0.112378141086133,-0.277853012703869,-0.18508469810596,-0.343626531286471,0.682832724400303,-0.0531297159061927,0.884823305838383,-0.938572255698432,-0.31272463367933,-0.697698254915155,-0.620241068459545,0.0641681588164208,0.0722445468239389,0.103340488803673,0.171039307067742,0.518095065368702,-0.0212745163166381,-0.267933252874971,-0.0342954753953406,-0.35568405855027,-0.62599675589646,-0.261565132142186,0.0823177976294598,0.135401071104611,-0.314241419930838,1.2004776181429,-1.41503965148781,0.167580759050246,-0.5591317940393,-0.00718774078893893,1.1441185431077,0.82962191472366,0.698935090445236,0.902620992380776,-0.1794909431453,-0.94524870236964,-0.633170690066098,-0.384147898291766,-0.485014452496014,1.94856533077955,2.13026062505029,-0.149937701058835,1.52211757781668,-0.230075729421995,0.729337206687944,0.613386813521254,1.3445430117542,1.44700058000083,1.43616666513137,1.21808483093618,1.66945772305492,1.60598585364443,-0.290487902265745,0.0428427375519358,0.470028354129537,0.252266133973507,-0.366268385707879,-0.0280406076086237,-0.338600020013028,-0.723526787849732,0.398826524610824,0.781496272064518,-1.23321624918318,-0.444061083654919,0.723886084901063,-0.856817549342979,-0.342234908708326,-0.917186199337522,-1.22244374045233,-0.471401481558287,-0.499571897557428,-0.0208937288415306,-0.0582635515406352,-0.123024632053464,1.01959806870591,0.609441243151654,0.350548032359759,0.215073840424229,-0.295725241742213,0.0547099621982618,-0.850581459313604,-0.189444898148642,-0.0276726255657857,1.05760368805584,-2.34373369097075,-0.082988629895916,-0.430997744419571,-1.47072871668317,-0.595936377798769,1.51235247127758,3.6598881681463,-0.391348688885798,1.09448651059498,-0.792274708693406,-0.0598300184254683,-0.808871504665675,-0.542366992913852,0.972629611637952,0.931913901423168,-0.34476848053886,-0.154888957153209,-0.437625211293547,1.14097921304329,0.0352672065190975,0.137576952259974,-1.18700206728655,0.872247960534541,1.34259521435226,0.481421648160263,-2.57159214785108,0.648228546406218,2.20569102396674,-0.391348688885798,-0.321861540250354,-0.0477867027019386,-0.26287797133625,3.18088668373891,0.25012818008695,0.510966613656022,0.46618615394114,-0.535527512645018,-0.209122814638054,-0.567472613338656,-1.26049841310347,0.486441406234567,1.25318771006807,-0.864272121234376,-1.21809552051175,0.722358181389051,0.850438776107769,-0.0365746872391946,0.480499389876695,1.52776353961703,-0.366268385707879,0.0986025896090331,0.0510694094017551,0.24714434506481,-0.155092156561714,-0.243561843564225,0.260952512767785,-0.590959780665129,0.200393210115953,0.293429019516684,-0.524876705773258,0.857899691293538,0.376746696020106,1.2545188948066,-0.300379570400185,0.592406217722805,0.738117843267285,-0.888608530066145,2.30650138899836,0.282502572227728,0.516875090109185,0.601034142128082,0.825219881684049,0.137576952259974,0.108751861038678,-1.2268367587807,-0.277522937462631,0.153849957336276,-0.35568405855027,-0.34476848053886,0.478394765362422,-0.619472066787389,-1.23467066795639,-0.584177697663477,-0.409710691716343,3.23691779275872,-0.590607768331523,-0.549903811549208,-0.282217262099776,0.255364319065638,0.783582274169036,0.930046029669001,-0.0174633690899362,0.0341040200315418,1.4741881110361,-0.363236207687417,-0.569295082344151,2.8536944559559,-0.062407654706626,0.592713710226646,0.117254540572726,0.682832724400303,-0.777184479464502,-0.778386370841756,-0.202586991059232,0.682832724400303,-0.149937701058835,1.64011142296137,-0.611535701313945,0.228635869181726,-0.308861968134177,0.13653539481965,0.124187285317004,0.678222204090259,0.576640997688553,0.100035968927465,-1.13687082468084,0.460656060460939,-0.58964979375619,-1.23321624918318,0.304702146810281,0.707844714924821,-0.224640267159436,0.869512792663029,-0.508860858999424,1.31585799233534,-0.192589859272896,-0.267933252874971,-0.367596131833887,0.396654485240329,2.5378037983911,-0.115382978305131,0.472490510248604,1.69607137989238,-0.179953678608368
comm.and.crime_point_0145,comm.and.crime,regression,0.17,0.0912669946223201,anomaly,-1.38334975138032,-1.56383453476745,0.0189685659473083,0.162505164217251,-0.590386957395979,-0.015227658172151,0.892001241037083,0.670897006101448,0.166127940215069,0.391000476585978,-0.0376193401481986,-1.07801411113674,0.124187285317004,0.682832724400303,-0.14865780744537,0.666139905758843,0.433253346546518,-0.874299669303055,-1.10088084339349,0.955364950824539,-1.06972869982113,-0.179953678608368,-0.419922423015838,-0.471344704785489,-0.239509734342896,-0.324717903551093,-0.523804376549633,-0.362019970307365,-0.043039574199713,-0.188310465613652,-0.402172844262473,-0.411489929425723,-0.247020650967053,-0.0669263775634199,0.85572211589946,-1.0691658496234,0.167580759050246,-0.358048053879797,-0.168225438914154,0.431634978161806,-0.310386422371632,0.984372474287411,0.793692452841512,0.596735206787962,-0.0540546487971503,0.142197893047893,-0.0641469216650966,0.141594576137679,-0.127211605631618,0.24714434506481,-0.149937701058835,-0.173931992421487,-0.115382978305131,0.638049880711185,0.70820759855586,0.749003691009788,0.882810539617961,0.163856228721226,0.16025533331992,0.148795440142343,0.115497373553939,-0.158253016689785,-0.00267053824910844,0.113916115789414,0.0949580954631852,0.459440106210166,0.668496977088488,0.453789198247646,-0.622048809726895,0.351197603842184,-0.0300597851839413,0.726172755495118,-0.311139399228302,0.878506043477017,-0.694834028068417,-0.479994764969224,-1.18175658985325,1.18650283739765,-0.718470624475156,-0.838891826808356,-0.243685682371009,-0.274206900559272,-0.335562421270764,0.153294134393461,-0.155092156561714,-0.253594384688952,-0.159801367448073,0.117254540572726,0.588687762606162,-0.642890116301655,-0.0919853710824933,-0.226875569169311,-0.0240191880409045,0.25012818008695,-1.57180630944818,0.0178321471462401,0.496770369545922,-0.230503261067549,0.281382258310197,-0.487590987704104,-0.391348688885798,-0.320467042044794,-0.620207095989836,-0.217427187171022,-0.215315402983871,-1.19475403007165,-0.640100742275393,0.589529123243989,-0.34476848053886,-0.20888346424473,-0.894138248865786,-0.586845013885375,0.299837597034825,1.2955462585784,-1.57361064085844,-0.555677486507623,0.715986185718564,-1.65084195540321,0.287579502381766,1.94616500511031,-0.0164437477815769,-0.391348688885798,-0.595936377798769,0.683079530760502,0.817012170494165,-0.662904928792817,0.641654500246602,0.108751861038678,1.18774596062892,1.35745206077428,-0.400622650407643,0.828366967939835,-1.13966992969373,1.63737639576255,-0.264029226104202,-1.07592843364696,-2.24585211093084,-1.28551438186089,-0.761514569480531,0.682832724400303,0.30064753696682,0.267215693943522,-0.95606016564934,1.04842656874146,-0.812893280194679,0.646593252940519,-0.680708868864655,-1.43464048505304,-0.217420442940414,-0.193933566835524,0.200393210115953,1.65894774831678,-1.22079271861426,0.806725466558606,-0.8651184939892,-0.419922423015838,-1.00327058516075,3.1028076820837,-0.598673237091449,-0.0132359495005283,0.599524856895403,-0.0713724957371486,-1.08907433885046,-0.370866985519292,0.412240099369111,-0.524119794207697,-0.178544390830854,-1.2268367587807,-0.35568405855027,0.261208422753086,-0.277522937462631,-0.230075729421995,-0.0434666408647052,1.74620456684214,-0.546787652615503,-0.0269330266637888,1.26061717483676,-0.629843707397574,-0.633115326174983,-0.444251915781118,-0.599701730718649,-0.375024355916575,2.56267617435537,-0.719233528474505,-0.0174633690899362,-0.241958561604024,0.23524876409128,1.25614709844634,0.655682867779868,0.960248140763403,-0.611535701313945,0.348009760126863,0.23524876409128,0.682832724400303,-0.0924897401426294,1.00394925739407,-0.153076210305205,0.682832724400303,-0.333979422149212,1.84360413058429,-0.358091987495182,0.347251694119508,0.596735206787962,-1.66050471917627,-0.0317506535508209,1.41312877672148,-0.633910484386522,-0.26010254976604,0.203092646994081,-0.584177697663477,-0.870865217996765,-1.23321624918318,-0.272093994394233,-0.0176604331626889,-0.041686138071928,-0.314189707384816,1.3008928024361,1.6723251179825,-1.14079770961895,-0.216759028140039,0.103340488803673,1.08782463691748,1.15430859093348,-0.230075729421995,0.216040491892755,0.173975611729931,0.576640997688553
comm.and.crime_point_0988,comm.and.crime,regression,0.08,0.016813227089728,nominal,0.324222120103087,-0.171897892729153,-0.375024355916575,-0.753711510945423,-0.590386957395979,0.722358181389051,0.0781269390163294,-0.447422857068877,-1.25143682954853,-1.28073353641309,-0.878437194093044,1.37754177469791,-0.343626531286471,0.682832724400303,1.71413997756859,-0.208593694559321,-0.840584712680936,1.59663048744133,1.14542214955724,-1.11543153166311,0.839992325252642,1.93851141502301,2.14406584489976,1.9911273406519,1.21742257279479,-1.23504806525446,1.93255841072712,0.730395012732716,-0.433845179637909,-1.19498893326411,-1.05834216749048,-1.10282074730298,1.56948252887335,-1.352964597874,0.281129612160397,-0.42682878901808,0.965497264192096,-1.11211207947793,1.92526463671364,-1.37697714823931,-0.53838808979069,-1.47038902675529,-1.43934260771341,-0.502918505617492,1.48077955457769,1.45063237705275,1.49014353623587,1.49924747151068,-1.60990941735388,-1.1223947676519,-0.333979422149212,-0.739281849167541,-0.230075729421995,-0.229179716068034,-0.145179466755593,-0.392446673750327,-0.296859544818942,-0.217836902201817,-0.178250105917284,-0.273610749555595,-0.225185707609603,0.238451640038094,-0.503316572060594,-0.59830836089083,-0.534274058578104,-0.484226741696171,-0.0913622062174521,-1.7120746649982,1.25529378554558,-0.744267573836537,-0.493806103611632,0.726172755495118,-0.444061083654919,0.826966057285032,0.978995691768727,-0.75551447749102,-1.07592843364696,-0.964342321396976,-1.00671795787817,-0.935840378022907,1.44953316445302,1.28058521237491,1.06718698756341,0.609243573505277,1.1350579554546,1.47828054418402,0.917964855184794,-0.649707912297875,0.214903302320632,1.43402331381783,-0.286904425214791,-0.226875569169311,-0.0672841030847741,0.445891340166776,1.79181881842915,0.965361918229619,0.749013842139396,-0.504578098615964,0.872247960534541,0.90945462268761,-0.391348688885798,-1.05076564985887,-0.0609873547032339,-0.217427187171022,1.56535290206154,1.17756246868398,0.223861947321042,0.703657382637049,-0.115382978305131,-0.802823042251458,-0.665881730079667,-1.07279557770906,-0.0705609496871936,2.01238440058504,-0.735958731452675,-0.604916295026319,0.454899090454526,-1.06931551806772,-0.293946934953727,-1.12168480637209,1.11931402444534,-0.391348688885798,-0.413219819433159,-0.413219819433159,1.41095174850089,-0.61971625898909,1.22894398048608,-0.350922141952573,-3.70855272760961,0.0283387432671127,-0.44849760935004,-0.324717903551093,-1.01884144628399,-1.43178357631207,0.221480193470925,-0.335131340202921,-0.728687620312182,0.804312163562517,-0.998566532067046,0.682832724400303,-1.56531543697313,-0.0616228744930443,-0.0123933177430025,-2.4342613547441,-0.697698254915155,0.874849771726638,-0.250658831525885,-0.193933566835524,0.869790820032767,-1.98055152906875,1.56482658904203,2.86060422966087,-0.150152698858873,0.243808994474351,-0.578534219371668,-0.158290967106083,0.121355038456154,-1.46155861675429,-0.895737921615612,0.249375824669157,0.293144453697438,3.05452393795259,0.393340518650751,-0.748828535159937,0.294245875850557,-0.579261189746669,0.625885114403834,0.428494422483792,-0.121200695287352,1.28111384421278,-0.433845179637909,-0.34476848053886,-0.521839596572905,-0.576459764357761,0.352751675137971,-0.444866529913555,-0.870490792834442,-0.629843707397574,-0.250547305583844,-0.549903811549208,-0.864272121234376,0.255364319065638,3.39989683326659,0.775426071093047,-1.45189061482096,-0.333979422149212,-0.472716577020044,-0.696638653067897,0.359998534991312,-0.830849724959226,-0.696016939253532,-0.435042880192443,0.353242987609834,0.682832724400303,-0.616079834918179,-0.466477635900487,1.18371487005353,-1.56531543697313,0.0341040200315418,-0.0895765918335127,-0.611535701313945,-0.00859578069383644,-0.050119918156423,-0.818142165740683,-0.0317506535508209,0.38425957503777,1.88807176993655,-0.665258383296233,0.649747137552387,-0.166244194413711,0.347734953712392,0.726172755495118,-0.7440181099252,0.875268979868092,-0.956456783509466,-0.590386957395979,-0.106693378680418,-0.154568900959218,-0.0503586817209869,-1.08672084863389,-0.0536383847421805,0.454251997880092,-0.920934220252943,-0.34476848053886,1.54958058734317,2.39188658819522,0.727959932947938
comm.and.crime_point_0937,comm.and.crime,regression,0.16,0.148908983069661,anomaly,1.17800805584479,-0.171897892729153,-0.296225771543798,0.162505164217251,-0.51147345739279,0.0667263240013159,-0.0654979378108623,0.971983123108843,-0.413784920142767,-0.375210946038594,-0.397969848981704,-0.631549404621351,-0.187688592418646,0.682832724400303,0.376746696020106,0.994165005878154,-0.056684368540964,0.192692898382022,-0.755295767554917,-1.02539690198974,-0.353583315418467,0.173123836996862,0.312645653531477,0.438699312006588,-0.356064318913911,-0.203340548657311,-0.216759028140039,-0.689744465219389,-0.35568405855027,-0.582228126868179,-0.0740881826484698,-0.21396683860365,0.18320378636357,-0.215315402983871,1.02809986702118,0.116687185340269,-1.48524628731501,-0.358048053879797,-0.00718774078893893,-0.171235730638567,-0.481387672935926,0.584760136908366,0.249049755145189,0.0145655943380156,0.490563939497149,0.239118965937142,0.484426181123479,0.507116509507333,1.23687038115287,1.21723454990582,-0.241958561604024,-0.478351146053977,-0.115382978305131,0.546762554734425,0.803028383590466,1.3445430117542,1.75474060202785,1.01206318632799,1.09114529122223,1.37377339026636,1.47822969820811,-0.643114263801638,1.04413480517491,0.470028354129537,0.566882210994152,0.459440106210166,-0.471291797870422,1.93291573900091,0.0375580480715412,0.732228969991304,-1.42129874046701,0.726172755495118,-0.37760024144161,0.569266126325109,0.49304512794504,0.805763893465824,-0.335131340202921,0.111080258000336,-0.0596195766968404,-0.402623346342877,-0.377360854488696,-0.360584240166726,-0.293054863427304,0.244484022215825,0.274957880777056,0.350548032359759,0.355652043376342,-0.531713688779321,-1.2268367587807,-0.0717389230187961,-0.286904425214791,-0.226875569169311,0.798014197792618,-0.581865250252313,0.413283929954837,0.267182086905024,0.294975591471144,-0.321861540250354,-0.309483443914147,-0.269302611080399,-0.391348688885798,0.0446822618622457,1.10046903104586,-0.375024355916575,0.576092732591868,1.53340994349732,-0.409710691716343,-0.780009989472726,-0.34476848053886,-0.478855999702333,0.874849771726638,-0.370866985519292,0.82897837806628,-0.854968167441532,0.874910325096869,-0.407961060951538,-0.380579614390398,0.578342721049512,-1.65084195540321,-0.649707912297875,-0.510251474836759,-0.391348688885798,-0.321861540250354,-0.230503261067549,-0.424861492610813,-0.792470938203999,0.494832130186732,1.71761087150805,0.105406250597248,-0.454975190371856,2.23250009142421,0.342857548364707,-0.898012962874244,-1.92504142896692,-0.324717903551093,-0.70552988692494,0.592713710226646,-0.179135622519085,0.139282888348225,0.682832724400303,0.682832724400303,-0.554880727147895,-1.01503934364349,-0.15468380482628,0.223861947321042,-0.665881730079667,0.22717454329497,0.94751679792459,0.217464062248858,1.04677335138199,-0.189444898148642,0.23880827036468,1.34874332879867,-0.267933252874971,-0.483006127832491,0.46962452707733,0.261933241408267,3.1028076820837,0.0944776934649314,-0.757302642981302,0.774599373008527,-1.01503934364349,-0.553757862530577,0.0610890712128745,-0.649707912297875,0.137576952259974,0.166211111412584,0.481892202524582,-0.433845179637909,1.76422693858843,-0.433845179637909,1.94908654179843,0.913279270551694,-0.576459764357761,-1.07592843364696,0.112378141086133,-0.352113179076581,-0.235276207381626,-1.01568334676612,0.400963250363601,-1.07592843364696,-0.296225771543798,-0.629227587743642,0.878506043477017,-0.561556462298257,-0.333979422149212,-0.295725241742213,0.398826524610824,-0.400332606464976,-0.421455927079768,-0.10464827367642,0.984240030386299,0.353242987609834,0.682832724400303,2.32407992805221,-0.867503152253548,-0.648184017845477,0.682832724400303,0.12612488057673,-0.903547422325221,-0.569295082344151,0.525175431526179,-0.114805430650861,-0.593512151491192,0.514032132486567,-0.595615855137194,-0.886108709818829,-0.800310327806298,0.997145074653291,0.321344892711017,0.160258004218676,0.726172755495118,-0.48183804574133,-1.35705455270886,-1.6882732998595,-0.235276207381626,0.245203166598712,0.0682230525702607,-0.619283391928622,-0.574978601284565,-0.890859043653398,-1.27367338131278,0.759024245945591,0.687466279512922,0.113460484550416,1.47862912729775,-0.93654835490529
comm.and.crime_point_1892,comm.and.crime,regression,0.23,0.151975893131415,anomaly,-1.50531917077199,1.56802290981872,1.20094733153896,-0.448305952557865,-0.472016707391195,0.189657297261516,0.461126610555507,0.240773981805169,1.32595366093074,2.20204565733496,2.004366876575,-1.35705455270886,1.21575285739178,0.682832724400303,-0.14865780744537,1.21284840595769,0.0413031744765323,-0.0319371158674677,-1.61925845715135,-0.75529301296961,-1.12940748185469,0.0722445468239389,0.0510141976217214,0.0104433041044344,-0.0646778574863729,-0.385406580997984,-0.4726301518147,-0.0342954753953406,0.894893878851958,0.205607195640876,-0.964603692743623,-1.1522015200085,1.13925809154273,-0.314241419930838,1.02809986702118,-0.229186616524135,0.224574795131807,-0.760215534198803,0.690642284420326,-0.00681644642028318,2.14063150238325,0.299322753066192,0.140121215605925,-0.1794909431453,-0.0540546487971503,0.0937373566032682,0.0729963540320473,0.141594576137679,-0.0679036931627271,0.0759519559752211,0.12612488057673,-0.13044354190256,0.458080777279193,1.23141749956012,1.56159466386731,1.5926843953977,1.39571057632966,0.503139011763931,0.541073952461775,0.444479772930899,0.328424299281152,-0.0260181311138255,-0.230236917254329,-0.0387034149277808,-0.324530007231007,-0.484226741696171,0.0986025896090331,-0.549903811549208,-0.571309820665477,0.113052999998984,0.549623112850672,-1.23321624918318,1.54976418274433,-0.616153556090535,-0.802823042251458,-0.709594525404054,-1.02301435554381,1.18650283739765,-0.100797767182985,-0.548046173164703,-0.243685682371009,-0.274206900559272,-0.293054863427304,0.244484022215825,0.0360411933666282,0.0686149044036935,-0.0192231644959594,1.06120832872116,0.0547099621982618,-0.642890116301655,0.00547415598365529,-0.226875569169311,-0.0240191880409045,-1.9522073708111,-1.57180630944818,-0.929697623937139,-2.42925391253836,0.409004693212087,0.330621066828893,-0.356617961729881,1.60591939848956,0.0446822618622457,1.01443522469408,0.255364319065638,-0.512093453824773,-1.13544611760276,-1.56166094451159,0.133016085671751,-0.230075729421995,-0.26287797133625,0.931913901423168,-0.748828535159937,0.0352672065190975,0.633849512110727,-0.284915395618803,-0.161767018358061,-0.432797033443206,0.384500575271014,1.06294808549576,-0.767702135816429,-1.54724770165264,-0.391348688885798,-0.321861540250354,-0.321861540250354,0.277067099578957,-0.446961579774181,-0.728687620312182,-0.925514645691636,0.46618615394114,-0.736908318327921,-0.400622650407643,-1.23504806525446,-0.616079834918179,0.157602837798,0.342857548364707,-0.123475027790339,-2.29479290095079,0.312588270521716,-1.09338731710165,0.682832724400303,-1.56531543697313,-0.993332151729983,-0.307289207713733,-0.787899790914564,-0.755295767554917,-0.494689340990077,-1.01519223123925,0.94751679792459,3.26165559857376,0.10383609353668,-0.286904425214791,-0.362019970307365,-0.310748701822181,-0.626152826019497,-0.530770173602079,-0.52457500537974,1.52713706797728,0.0446822618622457,0.0449669127109041,-0.62599675589646,0.511987598838842,0.282502572227728,0.434518709136896,0.00709456412135369,-0.767702135816429,0.192718347798946,1.60269237076024,0.909074442850902,-0.043039574199713,0.529604586295112,-0.433845179637909,-0.230075729421995,0.739325468475985,-0.490435159498505,0.670236143756844,-0.514522113788516,0.799837073718665,0.198748042635917,0.769634082659194,-0.919685446737523,-0.652615808821794,-0.453822940289352,-0.733880170107544,0.723886084901063,1.07072281732671,-0.0579168405136468,-0.0597367947051054,-0.0774626830755764,0.740164105719455,1.1137708149682,-0.10464827367642,-2.24585211093084,0.176251652332003,0.480499389876695,-1.01884144628399,1.7168835086884,1.18371487005353,0.682832724400303,-0.333979422149212,0.0630429388836828,-0.696016939253532,0.762407081401742,0.0145655943380156,-1.82897722986339,7.29733247323696,2.3440104353877,-1.08786729016467,1.63062467337486,0.997145074653291,-0.723488865413399,-0.355303606889044,0.726172755495118,1.45829442921931,-0.687357492935775,-0.224640267159436,-0.669300457399169,-0.408318988919673,0.201898224687947,-0.856335354515137,0.0902863202695546,-0.262943549469985,1.14542214955724,-0.723292047758998,-0.34476848053886,0.318620499235095,0.739325468475985,-1.03742764507821
comm.and.crime_point_0052,comm.and.crime,regression,0.68,0.00311405660326268,anomaly,-1.38334975138032,-1.56383453476745,2.30412751275783,0.956559616024903,-0.156362707378436,-0.793790488820086,0.796251323152288,1.44511844983475,0.617171276048942,0.739278395960782,0.502906423102059,-0.91058984619347,2.30731842946655,0.682832724400303,0.0901624214025735,0.556798205719072,-0.350646997593453,-0.649669655053565,-0.870490792834442,0.46017448762097,-0.114868187284245,0.0722445468239389,-0.210617258288034,-0.0430886968833349,0.110154019370149,0.0394141611302526,-0.216759028140039,-0.471261468611373,1.44202172646543,0.0305326795277526,-0.0740881826484698,-0.0164437477815769,-0.294823366226011,0.378240698697934,0.0512926106647712,-0.130365530277162,0.0535926868871247,0.14466129651896,-0.221904671622559,0.267215693943522,0.601620247304602,0.698935090445236,0.52137110399335,1.24359033173235,-0.103565429551178,-0.245486398509103,0.118710779264428,0.0893771570848711,-0.720290730320524,-0.894138248865786,0.954312625483427,0.304440963286713,2.29316479514903,0.318544239792525,0.565976421003951,0.649747137552387,0.831520535946791,1.01206318632799,1.17577165103153,1.16257029541739,1.22271738733545,-0.951662330145544,1.04413480517491,1.58923824605564,1.45829442921931,1.04923188615163,1.11174816735029,0.982048677088096,-0.469831842542641,1.49429170228954,0.0858767944229815,0.726172755495118,1.15099912946448,0.260026209173202,-0.478855999702333,-0.0667151961865298,-1.18175658985325,0.584266192935153,-0.183154148155274,-0.25720051952105,0.246456615393843,0.287245806889183,0.217035830694215,0.609243573505277,0.466091230705398,0.511652676906082,0.40251144436038,1.12020544048043,0.909074442850902,-1.21404130958451,0.687690845446696,0.0719288462359772,1.05760368805584,-0.630806040272269,-1.02039235405845,-0.829957648033625,0.194078202433754,1.41394576422294,0.0351882157167206,-0.31296028640514,0.524065851161242,-0.229179716068034,-0.964342321396976,-0.375024355916575,-0.957260530086126,-0.542366992913852,-1.44646591923207,0.931913901423168,-0.230075729421995,0.0610890712128745,-1.35065128643802,0.655028649219603,0.881892456169426,0.744132303188673,-0.864828255976639,-0.06328940132067,1.02929070003541,-0.245486398509103,-0.827012835844596,-0.531713688779321,0.230460115746014,-0.391348688885798,-0.504578098615964,-0.504578098615964,-1.12679008480058,-0.61971625898909,0.739536080286516,0.22367036178649,0.105406250597248,2.32407992805221,-0.352747691465246,-0.870916000573111,-0.65635599605476,-0.390461442929611,-0.628161290785547,-1.23467066795639,1.27788477050604,0.804312163562517,-0.192589859272896,0.682832724400303,0.210721610511883,-0.554880727147895,-0.189330851725441,1.04842656874146,1.72139727595486,0.24714434506481,0.65722458063374,1.29491473502549,-0.304397343978269,0.848260244467189,-0.286904425214791,1.22198175510075,3.3829593663339,-0.779675500224294,2.00072425218612,-0.629227587743642,-0.347238971384223,0.501118891746045,1.43126877382367,0.0743013085560334,-0.976145788122707,-1.66381030157909,0.105093185247738,1.03299019886025,1.29719677575826,1.35068765411737,0.740803615151647,-0.532665618250428,-0.277522937462631,0.207529190044681,-0.199361816374992,-0.34476848053886,-0.521839596572905,1.78921686927177,0.511493909447407,-0.166244194413711,1.203019662197,-0.708757207400764,-0.675622884018443,-0.866859498853478,-1.65798329278156,-0.453822940289352,0.312645653531477,0.0538662644052637,-0.314241419930838,-0.333979422149212,-0.0597367947051054,-0.601380811530617,-0.273610749555595,-0.216759028140039,-0.611535701313945,0.445891340166776,-0.708705024057152,-1.56531543697313,-1.26049841310347,0.112781443276156,-0.796716360107558,0.682832724400303,-0.149937701058835,-0.954420599230953,-0.569295082344151,0.821714993870633,-0.56760401811193,-0.0319371158674677,-0.499564470154296,0.237278260511525,0.727959932947938,-0.665258383296233,0.94751679792459,0.182033724961094,-0.964603692743623,-1.23321624918318,0.40957417248383,0.596228538295973,0.812099797669774,-0.669300457399169,0.396015971718339,0.692040522452799,-0.714104176963228,0.755551241823674,3.39989683326659,-0.755295767554917,-0.920934220252943,-0.230075729421995,1.34442057265849,-0.91323565124325,1.68631318959071
comm.and.crime_point_1468,comm.and.crime,regression,0.33,0.112873616964944,anomaly,0.324222120103087,0.87205458879957,-0.375024355916575,-0.936954845977958,1.066796542671,-0.834767479906819,-0.0176229788684652,0.455835493953308,-1.44474111633447,0.112378141086133,-0.397969848981704,0.205571920095007,-0.265657561852559,0.682832724400303,0.711095016407226,0.556798205719072,-0.350646997593453,0.698110430443375,-0.121723128517532,-0.530206438786169,-0.831013571686911,0.7783995780344,1.20219260362464,1.61640333373751,0.343263188512179,0.646300935599162,1.72786151178739,0.0203252737566635,-0.35568405855027,-0.538459497839898,-0.0740881826484698,-0.115205293192613,0.756836369471066,-0.363704428404322,0.740803615151647,-0.377418245894594,0.395556903376489,-0.810486469238678,0.636963051711922,0.705667118525611,1.79862900125466,0.698935090445236,0.739228183071879,-0.502918505617492,-0.994759483123667,-1.02085498162309,-0.109861346897478,-0.537231871548822,0.406559606588398,0.4183367341544,-0.241958561604024,1.04374462210848,-0.115382978305131,1.41399215151364,2.08310898155765,1.6919409488551,1.60087059101434,2.9205288409432,3.33374382616871,2.59875134039038,2.3725227862624,-0.731270854185611,1.18067463257804,0.724394238658196,0.147394108299959,-1.07401852163763,-0.407970199261594,-0.814033550969433,-1.58608960189384,0.255939762304904,1.18727430068875,-1.23321624918318,-0.37760024144161,0.517726140133124,-1.82871867699035,0.0710446600743682,-0.282217262099776,-1.05037612774876,-0.553757862530577,-1.17821175605928,1.27129960162944,1.19420787276746,1.02467942971995,0.791623349150004,0.943924605526253,1.11579509395479,0.777386652232682,-0.826699247575706,0.428494422483792,0.914794956287961,0.102933683049804,-0.226875569169311,1.57678266858227,-0.630806040272269,-0.413837003129751,-0.530737720323085,-0.764446993421443,-0.504578098615964,1.11844200312802,0.734823921388646,-0.391348688885798,-0.366110705033174,-0.147021161055019,0.728155825302298,0.32877769022445,-0.601674905382743,1.26061717483676,-1.00826650825885,-0.230075729421995,-1.39676262025819,-0.951202378562316,0.115083578304395,1.09354876858201,-0.248412816512834,-0.284915395618803,2.79256149276366,0.0371597380320633,-0.730091762955347,0.0452768201586437,0.117254540572726,-1.44848615624161,-0.391348688885798,-0.504578098615964,-0.504578098615964,0.115083578304395,1.19420787276746,1.13106240044617,-1.67248490055242,1.18774596062892,-1.01884144628399,-0.592122486177232,-0.203340548657311,-0.374422868098694,0.376828550089045,-1.23504806525446,-0.335131340202921,0.494832130186732,-1.57235331946802,-1.52008084975738,0.682832724400303,-1.56531543697313,0.705667118525611,-0.484226741696171,-0.15468380482628,0.511849510519854,-0.437625211293547,-0.967408893757168,0.897888521195889,-0.739281849167541,-1.03761427122343,-0.286904425214791,-0.143536973699349,0.278103309043281,-0.267933252874971,-1.10393872283714,1.14986631244269,-1.09698938712883,3.1028076820837,-1.93546431745018,0.380681711753999,-0.494690868811617,0.40046092821602,0.475696899623041,0.978995691768727,0.943214105202603,0.633849512110727,-0.23600364120476,-0.212278938005688,-0.277522937462631,-0.919734696831824,-0.35568405855027,-0.34476848053886,1.82653673144917,3.6817581761754,2.25765848685121,-0.653833281538438,0.511849510519854,-0.472016707391195,0.217035830694215,-0.972511394621568,-0.599701730718649,-0.453822940289352,-0.52457500537974,0.0538662644052637,-0.907797521612643,-0.333979422149212,3.0081130167773,1.06563141537178,1.33153277129657,-0.830849724959226,-0.696016939253532,-1.80538500075123,-0.177731018223659,0.682832724400303,1.07551893281821,-0.689269589429965,-0.103565429551178,0.682832724400303,-0.241958561604024,-0.547435183985099,0.57120162984028,1.41479411855954,0.0145655943380156,-1.09892968355255,-0.499564470154296,-0.301653226084705,-0.129514033521907,1.04539958049792,-1.33538393159564,-0.79314444928836,-0.683388268503048,0.726172755495118,-0.272093994394233,0.484612361667126,-1.6882732998595,-0.4325599573896,1.45170560755573,0.513806959629217,0.186693280865528,0.192634769739419,-0.00131209356022966,-0.755295767554917,-0.0809549871536759,-0.115382978305131,0.575070517590943,0.0869987106920766,-0.734789774559444
comm.and.crime_point_0273,comm.and.crime,regression,0.35,0.0215889897913022,anomaly,-1.0174414932053,-1.21585037425788,-0.453822940289352,-1.6699281861081,0.00146429262794278,0.271611279434983,-0.400622650407643,-0.146336740061482,-1.7024801653824,-1.28073353641309,-1.11867086664871,0.763652803239245,-0.343626531286471,0.682832724400303,-0.530770173602079,0.0647605555401046,-0.840584712680936,-0.256567130116958,0.0510694094017551,-1.02539690198974,-1.2487650459218,-0.381712258954214,0.207993071167575,0.278103309043281,-0.705728072626956,-0.203340548657311,-0.421455927079768,-0.362019970307365,-0.35568405855027,0.118069937584314,-0.58964979375619,-0.263347611309168,-0.58163965777976,-0.709945487718708,0.683344364777741,-1.21739747899386,-0.402359601765361,-0.609402729079175,-0.436621602456179,2.62389210107225,0.487619413595073,2.12612200965611,2.37315627616085,-1.47320119303407,-0.846227140861585,-0.584710153621474,-0.704148874918434,-1.63379767165778,1.23687038115287,1.559619328085,-0.241958561604024,0.0435102601731493,-0.230075729421995,0.866268195653084,0.945259561142375,0.798631967738489,0.728940528604452,1.35134596937069,1.26039801084083,1.07808905747781,1.00979046160824,-0.246409607073759,0.589002047164466,-0.394815653267903,-0.639146084251652,-1.66381030157909,-1.92768856587347,-0.972511394621568,-0.419092853481222,0.160681920767624,1.59305232931298,-1.23321624918318,-0.311139399228302,-0.513073583706566,-0.370866985519292,-0.29631495662136,-0.599701730718649,0.111080258000336,0.269805947192317,-0.644994724379254,-0.243685682371009,-0.274206900559272,-0.293054863427304,0.335673910038188,-0.0117421441154574,-0.173042062415791,0.0276362364880784,1.06120832872116,0.0547099621982618,-0.175584594524771,-0.189444898148642,-0.226875569169311,0.884544027880357,-2.29479290095079,-0.579261189746669,0.0178321471462401,-1.01669046601492,-0.595936377798769,1.3646360457215,-0.0946719097814345,-0.391348688885798,-0.868190997905353,-0.319088773758589,0.0977671503200851,3.14816917321302,-0.838906555258306,-0.524905716995868,-0.152304562810898,-0.230075729421995,-1.28877360607514,0.0759519559752211,0.0610890712128745,1.62268954961346,1.62639463181223,-1.31587159181051,-0.0140505928019747,-0.537231871548822,-0.681631226510723,-1.02085498162309,0.0582574288134486,-0.164586065898132,-0.391348688885798,-0.504578098615964,-0.413219819433159,0.601034142128082,-0.662904928792817,0.984240030386299,0.108751861038678,0.569266126325109,1.07551893281821,-0.639997445119629,1.55663109730253,-1.05911760742057,-0.554880727147895,-0.688849968232438,0.0352672065190975,-1.12021394047183,0.23063428834825,-0.808924961997834,0.570425316331632,-1.56531543697313,-0.500074299075133,-0.0713724957371486,0.731818575697316,-0.0641256158777693,0.4183367341544,1.42175798034711,-1.98055152906875,1.82653673144917,-0.938357717766034,-0.286904425214791,-0.744365214371393,-0.150152698858873,0.346157443944216,1.80966806910777,0.835908565350987,-1.23756759008094,-1.46155861675429,-0.895737921615612,-0.976145788122707,1.38736017940446,0.223523394233582,-0.718470624475156,-2.4766527620886,-0.590710800538598,-0.579261189746669,1.2004776181429,1.28285890313643,-0.199361816374992,-0.221904671622559,-0.043039574199713,0.114002523928599,0.913279270551694,-0.490435159498505,0.246923518931679,-1.35038912028805,-1.21607586867302,-0.708757207400764,-0.463085094801143,-0.866859498853478,-0.22930318399663,-0.375024355916575,0.678929691805134,-0.358453625130612,0.279314681750966,-0.241958561604024,0.648228546406218,0.446455445379464,0.993607819538218,-0.779675500224294,-0.569295082344151,1.22894398048608,-0.000739682945828393,0.682832724400303,-1.30077457424005,0.558365350335113,-0.00454386804312309,-1.56531543697313,3.16281327856795,-0.0387034149277808,-0.44257322543477,-0.660982817851633,-0.308861968134177,-0.649669655053565,1.91747358229699,1.21715369068649,3.14906289709809,-0.935362272316362,0.252720923722782,0.59996722821086,0.769558090073254,0.726172755495118,-1.00619817410907,-1.80351925922425,-1.0174414932053,2.48723954272842,0.898725322117096,-0.0208937288415306,2.55721290673067,-0.728501275489362,1.83010809780806,1.37581220011629,-0.624470961512025,-0.34476848053886,1.29313056898732,0.391417864324567,-0.381712258954214
comm.and.crime_point_0887,comm.and.crime,regression,0.26,0.0181424388636977,anomaly,-1.38334975138032,-0.171897892729153,0.649357240929522,1.56737073280002,-0.037992457373652,-1.49039933729455,4.0517485312353,2.1333152887088,0.359432227001014,0.391000476585978,0.202614332407471,-0.91058984619347,0.669970071354392,0.682832724400303,0.711095016407226,0.994165005878154,-0.44863454061095,-0.53735464792882,-0.928088305474204,0.235087913437529,-0.413262097452023,0.47576170751563,0.103340488803673,0.224571308055511,0.401540480797687,0.646300935599162,-0.01206212920031,0.348049768668688,0.113282667975565,-0.494690868811617,-0.449042081635903,-0.312728384014686,-0.199217935708095,-0.413167436877806,0.510966613656022,0.0672766422167828,-0.630335746091604,-0.106693378680418,-0.275583904330964,-0.171235730638567,0.373618579885543,0.356410229834627,0.0856569458362924,1.76107443168785,0.143988474218959,-0.10010478917523,0.392997330658716,0.193811995190487,-0.127211605631618,-0.494689340990077,0.218145741121919,0.173975611729931,1.49031553733097,0.135969587839005,0.234103673382831,0.500862307366285,0.677650524933283,1.81785979605441,1.89509570941059,2.21858576966224,2.28735201597152,-2.00954141475322,0.998621529373863,1.89447730749003,2.0875265832606,1.93391955606382,1.8082857520474,1.77443789534877,0.189775015255796,2.01820983074458,-0.435837813808171,0.726172755495118,-0.178217714801685,0.930046029669001,0.277067099578957,-0.388154860795292,-1.44632698036898,0.111080258000336,-0.636114243502866,-0.354149070735601,1.27129960162944,1.19420787276746,1.02467942971995,1.70352222737364,1.42175798034711,1.27689973850112,1.33969946404113,1.06120832872116,1.33625668317722,-1.11019563807854,-0.286904425214791,-0.226875569169311,2.31228622432805,-0.630806040272269,-0.193271420973861,0.915491930277863,0.446321675027228,-0.230503261067549,1.3153972372028,0.0363011161927887,3.7696264931462,2.09864709633934,1.65968877233247,-0.296225771543798,-0.462630445351289,-0.00859578069383644,0.454251997880092,-1.00826650825885,-0.000690227188266011,-2.09869121244796,1.61668345778153,-1.61274064862427,-0.440959496409212,1.46097044519532,3.00125747974227,0.232143449791502,0.559333928560141,1.3537113041635,0.820645403272635,2.35914478742525,-0.164586065898132,-0.391348688885798,-0.230503261067549,-0.139144981884744,-0.532850506793854,2.74899998570164,0.592713710226646,-0.638218393822105,-0.409993611322597,2.32407992805221,-0.44849760935004,0.100102838577144,-0.69663215719134,1.1441185431077,0.282168870917816,-1.34049882416269,1.37576635054595,-0.0971816403456179,-1.42526006472277,-1.56531543697313,0.682832724400303,-0.00681644642028318,-0.838101809661048,0.351888984044347,0.108666922041517,-1.00826650825885,0.752791255597911,2.63487820670041,1.00025617158955,-0.0946770133781229,0.00547415598365529,0.5119120161247,1.56287133274974,-0.421455927079768,-0.387478036293313,1.20219260362464,1.76143407289747,-0.229179716068034,0.391542377989094,0.94967388912165,1.2998229213479,1.16719024213992,0.352162328164607,-1.1807845918921,0.648228546406218,-0.0278472343569434,0.740803615151647,0.214903302320632,-0.35568405855027,-0.812376231415014,3.23972751148113,-0.000690227188266011,1.47862912729775,-0.40441055463925,0.246923518931679,3.52550175095922,0.223861947321042,-0.669300457399169,0.514588735598435,-0.444251915781118,-0.758443965028085,-0.453822940289352,-0.105964675924132,0.156946236789233,-0.116389386036903,-0.333979422149212,0.23524876409128,1.39903386075226,-0.78049817719312,-0.370281702344836,-0.653776320283739,0.152246600047036,3.0081130167773,0.682832724400303,-1.09939376855715,1.36041638304123,0.243010035727013,0.210721610511883,1.1383543465738,0.113916115789414,-0.738257558223326,0.169327956712836,-0.56760401811193,-1.88513473342576,-0.499564470154296,-0.938572255698432,-1.23918622542406,2.03578050690505,0.897888521195889,0.182033724961094,0.628950377952967,0.726172755495118,-0.272093994394233,-1.6919030825954,-0.285624976855271,-0.4325599573896,0.14466129651896,-0.466477635900487,1.65641544890192,0.141460545004487,-0.576901296561691,-1.04328333075373,0.462560987204673,4.81640531972005,-1.32265961824234,1.65258292937346,0.526201352602092
comm.and.crime_point_1569,comm.and.crime,regression,0.06,0.181936029203098,nominal,1.66588573341148,0.87205458879957,-0.375024355916575,-1.05911706933298,-0.708757207400764,0.886266145735984,-0.592122486177232,-0.447422857068877,-0.156045871094839,-0.932455617038282,-0.698261939676291,0.707844714924821,-0.499564470154296,-1.56531543697313,-0.769590402450023,-0.809973044778059,1.36413500521273,-0.0319371158674677,0.799837073718665,-0.0800332904192877,0.243204504917087,-0.684350129472983,-0.576901296561691,-0.685472708736566,-1.23022370319652,-0.628161290785547,-0.984372399164023,-0.744365214371393,-0.35568405855027,-0.10077320755709,-0.120957420021899,-0.21396683860365,-0.486034227261844,-0.0669263775634199,-0.293462891578667,-1.46445019461129,0.965497264192096,-0.00615150860066679,-0.597659300581394,1.47295711154427,-0.880390590919278,0.756022567213671,1.06601380168967,-0.696975043100807,-0.301608552567286,0.142197893047893,-0.292719047827003,0.193811995190487,1.17756246868398,0.988978031119698,-0.333979422149212,-0.478351146053977,-0.34476848053886,-0.822547334916973,-0.856335354515137,-1.13687082468084,-0.655889570517129,-0.684350728885536,-0.686008264773091,-0.696016939253532,-0.65103955906403,0.723312887149946,-0.45780329625955,-0.547435183985099,-0.639146084251652,-0.95606016564934,-0.977864586741049,-0.814033550969433,0.189775015255796,-0.506122969993337,0.665559692457595,-1.23321624918318,-0.311139399228302,-0.564613569898551,0.169078085395916,-0.479994764969224,0.141095362725389,-0.405122580110374,-0.0596195766968404,1.14855347308994,-0.822944761547652,-0.792470938203999,-0.803145557548822,-0.940984519474898,-1.06297556872134,-1.01884144628399,-1.00327058516075,-0.118733906464382,-0.586063398291218,0.0840295842401654,-0.286904425214791,-0.226875569169311,-0.716257828742818,-0.777628410332139,-0.248412816512834,0.0178321471462401,-0.411306131790581,-0.413219819433159,-0.407961060951538,-0.70587936432781,-0.391348688885798,0.0446822618622457,1.27253664374943,-0.375024355916575,-1.45189061482096,0.762407081401742,0.16626443468128,0.817785642030109,0.228695275045463,0.223072592487436,1.50255519838847,-0.0468999429701671,-1.44632698036898,0.854415094266617,-0.800393493714657,3.18647196091322,-1.84266734786902,1.15986915838501,-0.584710153621474,-0.708705024057152,0.773648615506715,-0.391348688885798,-0.504578098615964,0.957154368308917,1.73491879105002,0.719132504926456,-0.19033893009266,0.568425864029928,0.46618615394114,-0.978565285147405,-0.592122486177232,-0.446095258444874,-0.978565285147405,-0.00681644642028318,0.221480193470925,-0.970100277440667,0.396950550146819,-1.90016924816189,1.04008034617698,-1.56531543697313,0.682832724400303,-0.280848586784089,-1.66381030157909,-0.281327002043937,-1.3888684065923,0.0759519559752211,0.800574593079997,0.0542078168079789,-0.826258750205395,0.302349200451482,-0.286904425214791,0.78501576188472,-0.953132713675412,1.57433883758259,-1.62934322630262,-0.472248714197789,0.0276362364880784,-0.457398031009934,-0.895737921615612,0.511987598838842,-0.888608530066145,-0.0123933177430025,0.0639149947615938,1.30296273431785,-2.18363281803908,0.303001138876892,-1.38518864868289,0.855676662810112,-0.277522937462631,0.422246120878301,-0.35568405855027,-0.115382978305131,-0.91323565124325,-0.533447461928133,-0.0705609496871936,-0.0269330266637888,0.627044535799378,-0.629843707397574,-0.930668231079202,-0.814033550969433,-1.7108973708847,0.0977671503200851,-0.210617258288034,-3.03853290711381,-0.561556462298257,-0.241958561604024,-0.531713688779321,-0.267978366150136,-0.315851368525389,-0.267933252874971,-0.78049817719312,1.13106240044617,0.589231434646941,0.682832724400303,1.5185567053206,-0.377360854488696,-0.252097771813259,-1.56531543697313,-0.241958561604024,-0.29306929945644,-0.527054463374357,-0.898214467727196,-0.502918505617492,-0.31272463367933,0.280125224184829,-0.693603398154691,-0.0286347433489841,-1.07041421682643,0.252720923722782,-0.0965886105387498,1.61320436279498,0.726172755495118,0.462010185320604,-0.240892786420384,0.324222120103087,-0.4325599573896,0.14466129651896,-0.689269589429965,0.328924458417437,-1.13789507336882,-0.472248714197789,0.569447023159616,-1.76091345335221,-0.230075729421995,1.24184056531615,-0.91323565124325,-0.684350129472983
comm.and.crime_point_0535,comm.and.crime,regression,0.06,0.136143087986268,nominal,0.812099797669774,-0.867866213748302,-0.453822940289352,-1.12019818101049,-0.708757207400764,1.00919711899618,-0.639997445119629,-0.576459764357761,-0.607089206928712,-0.932455617038282,-0.337911430842786,2.32627927604311,-0.343626531286471,0.682832724400303,-1.15170276860673,-2.17674429527519,-0.693603398154691,-0.0880946194298402,2.47016494027177,0.640243746967722,2.80939213235997,-0.986987999991752,-0.838532752471447,-1.00666471466318,-1.28850099548203,-1.23504806525446,-1.08672084863389,0.730395012732716,-0.35568405855027,0.0305326795277526,1.23825046380754,1.46497943338397,-1.05966681036934,0.576092732591868,-1.67248490055242,0.610792616575132,-0.231377493520679,1.45170560755573,-1.18813086037385,-0.609687155220656,0.0316160787569558,-1.24203911968155,-0.94916417978672,-0.696975043100807,-0.0540546487971503,-0.00318371628598076,0.667283882053004,-0.223927357231975,-0.660982817851633,-1.00826650825885,-0.333979422149212,-0.565328047091832,-0.34476848053886,-1.46155861675429,-0.90374574703244,-0.69021633412253,-1.06620959988649,-0.769171424646212,-0.728321444677741,-0.696016939253532,-0.693624944209472,0.28252993523008,-0.321263468856418,-0.496562007079367,-0.534274058578104,-0.95606016564934,-0.787899790914564,-0.866859498853478,-0.0131809409898764,-0.696638653067897,-0.435837813808171,0.726172755495118,-0.37760024144161,-0.0492137079787055,-0.154888957153209,3.00992159364019,2.52222887736694,-2.12579870714607,-0.430223291072143,2.45735891448638,-0.956619933665339,-0.922036947615181,-0.888160673235742,-1.21455418294199,-1.25410891864968,-1.26049841310347,-1.28442699106498,0.176251652332003,-1.7608145591886,1.27825480655887,-0.286904425214791,-0.226875569169311,-0.759522743786688,1.7672926707056,1.79181881842915,1.46406179774719,1.10215470377026,-0.504578098615964,0.281382258310197,-0.00735655913195239,-0.391348688885798,-1.46155861675429,-0.878308515045191,-0.453822940289352,-0.0174633690899362,-0.36444325550718,-0.236918153797056,0.0759519559752211,-0.34476848053886,-0.20888346424473,0.589529123243989,-1.1807845918921,-0.599701730718649,0.523566721032782,-0.284915395618803,-0.457199869470233,0.82042102382418,0.190658429492517,1.59601398638663,-0.0597367947051054,0.724267842801197,-0.391348688885798,-0.595936377798769,0.0435715764808665,-2.90860881882077,-0.490150249577908,1.66941109066569,-0.23600364120476,-1.0800134318184,2.32407992805221,0.317501733728316,-0.0819631937635291,0.672757321452404,-1.87023500089416,-0.870916000573111,0.0352672065190975,1.03318082040625,0.435519243781917,-0.90374574703244,0.682832724400303,0.682832724400303,0.157602837798,-0.897080987655194,0.98510497013263,-0.985685818113966,0.988978031119698,-0.250658831525885,-1.03761427122343,-0.956724101762177,1.24528645829679,-0.286904425214791,-0.853606712675401,-0.631940707748796,-0.882023949694159,-0.912882539758789,1.5684766418983,1.6677152709294,-0.366110705033174,-0.549162456337422,-1.01991441715099,0.380681711753999,0.0465858602511433,-0.924361576905879,-0.532850506793854,0.766222769924772,0.247859743337919,0.740803615151647,0.108107742239052,-0.35568405855027,0.583283819003517,-0.433845179637909,-0.34476848053886,0.34792941380564,-0.275373647350366,0.987720612375717,-0.584177697663477,0.627044535799378,-0.629843707397574,-0.803145557548822,0.823570833435961,0.352751675137971,-0.453822940289352,-0.890859043653398,0.672346098709078,-0.512093453824773,-0.333979422149212,-0.590710800538598,2.6373858007369,0.0220735832329614,-0.370281702344836,1.1203296764476,-0.581865250252313,0.353242987609834,0.682832724400303,-0.736908318327921,-0.912061542959443,-0.895737921615612,-1.56531543697313,-0.333979422149212,-1.15791330685388,0.317757916021518,-0.245827430569399,-0.502918505617492,0.192692898382022,-0.343626531286471,1.51111631973898,1.23235638381255,-0.215085234929352,-1.13687082468084,-0.0965886105387498,0.488342665832679,-1.23321624918318,-0.7440181099252,-1.18963028776559,0.324222120103087,-0.51147345739279,-1.26292488459756,-0.733827980135861,0.613386813521254,1.88138418599218,-0.52457500537974,-0.121723128517532,-0.476239332141566,-0.230075729421995,0.216040491892755,-0.565328047091832,0.0218049017374774
comm.and.crime_point_0102,comm.and.crime,regression,0.02,0.130015696898412,nominal,0.324222120103087,-1.56383453476745,-0.453822940289352,-1.181279292688,-0.51147345739279,0.59942720812885,0.0302519800739321,-0.275373647350366,-1.12256730502457,-0.305555362163633,-0.458028267120621,0.931077068182516,-0.343626531286471,0.682832724400303,-0.100893761675781,-0.0992519945195506,-0.00769059703221596,-0.0319371158674677,0.396654485240329,-0.485189123949481,0.60127719711842,0.0218049017374774,0.207993071167575,0.0104433041044344,1.74191820336436,1.31387638751496,0.499680118149013,0.839636511036724,-0.433845179637909,-0.801071272009583,0.910165802193541,0.724267842801197,-0.58163965777976,0.773944766485803,0.0512926106647712,1.15430859093348,-1.42825225123345,0.597099711877842,-0.490300835164584,-0.280848586784089,0.145616912466485,-0.614076875228766,-0.45898575186003,-0.761660555595246,0.540074720251176,0.481421648160263,0.89585600821491,-0.0672751000735523,-1.96575689216723,-0.0381763034178386,-0.333979422149212,-0.521839596572905,-0.115382978305131,0.318544239792525,0.37633485093474,0.302349200451482,0.369910502906264,2.0299115354561,1.93740888931524,1.7961795799643,1.86149816451709,-1.92138482436925,1.8633737695937,-0.547435183985099,-0.639146084251652,-0.95606016564934,-0.407970199261594,-0.708381655201343,-1.33239465658675,-0.315607286918777,1.7089889089199,-1.23321624918318,-0.444061083654919,0.672346098709078,-1.50475163444123,-0.939194285838884,1.09354876858201,-0.620207095989836,-0.800827005447445,0.954656370660837,1.18218282021765,1.06464186335627,0.939664314033033,0.335673910038188,0.561657905669569,0.43110035463292,0.40251144436038,-1.41667036516848,0.802278882769321,2.88786271490148,-0.286904425214791,-0.226875569169311,2.18249147919645,0.0543650200071232,1.2955462585784,0.716011978470835,0.698565147620701,-0.595936377798769,3.28494957795061,0.865796947362869,-0.391348688885798,0.820624532664704,1.53063806280479,-0.453822940289352,-0.0174633690899362,-0.957522380196087,0.454251997880092,0.589529123243989,0.114002523928599,0.601034142128082,1.21723454990582,-1.07279557770906,1.09354876858201,-1.5166649139092,0.55273651378696,0.232143449791502,-0.380579614390398,0.626803257494137,0.529882184604888,-0.649707912297875,0.674887070095679,-0.391348688885798,-0.321861540250354,0.134929855663671,-0.100894450061688,-0.922036947615181,0.445891340166776,0.396048112908209,0.46618615394114,-1.09939376855715,1.27500091257626,-0.567472613338656,0.350548032359759,0.157602837798,-0.0212745163166381,-0.123475027790339,-2.00114816083105,-1.44942234620782,-0.0977690742382896,0.660351242786569,-1.56531543697313,-0.116429302565806,1.58004448809894,0.22524578682669,0.627044535799378,0.190080215368281,0.418307893223313,-0.491703227207728,2.18096542220705e-05,-0.739844610851231,0.785150372512844,-0.362019970307365,-0.310748701822181,0.44850589341408,2.19178043526448,-1.36179566429096,2.13630928076977,3.1028076820837,0.886650185529367,-1.15122030423583,-0.494690868811617,-0.838101809661048,0.0227368042754491,-0.424861492610813,1.12020544048043,0.633849512110727,0.281129612160397,0.428494422483792,-0.433845179637909,-0.060866973497344,-0.35568405855027,-0.34476848053886,-0.521839596572905,2.6064506154347,0.617322065653698,0.391000476585978,0.972629611637952,0.435488542645486,0.514588735598435,2.14421953053709,0.194009440828534,-0.296225771543798,-0.262943549469985,0.46618615394114,0.922333791906255,0.0341040200315418,3.0081130167773,-0.553751890761977,-0.400332606464976,-0.67732705075443,-0.358091987495182,1.08212161042621,-0.35472235350149,0.682832724400303,-0.414699029235275,-0.600152808018174,0.0944776934649314,0.682832724400303,2.24260467311607,-0.445688830173635,-0.527054463374357,1.41479411855954,0.726106231776839,-0.481197144366448,-0.499564470154296,1.75608517728272,-0.23039332369483,-0.395154494276104,1.543056118669,-0.514522113788516,-0.495911319009332,0.726172755495118,-0.324530007231007,0.484612361667126,1.11702334614895,-0.314189707384816,0.044119426439209,-0.555594417312278,0.992669953659678,-0.574978601284565,-0.367596131833887,1.26061717483676,-0.871523677129457,-0.230075729421995,-1.52781963292701,1.00025617158955,-0.129514033521907
comm.and.crime_point_1399,comm.and.crime,regression,0.14,0.280080476528998,nominal,1.17800805584479,0.87205458879957,-0.296225771543798,0.0403429408622278,-0.274732957383221,0.312588270521716,-0.639997445119629,0.197761679375541,0.101693177953087,-0.375210946038594,-0.337911430842786,0.540420449981549,-0.499564470154296,-1.56531543697313,-0.578534219371668,-0.755302194758174,0.874197290125252,-0.930457172865427,0.91503209899819,-0.0800332904192877,-0.950371135754022,-0.58347083930006,-0.576901296561691,-0.685472708736566,-0.530896195770433,0.342857548364707,-0.319107477609904,-0.908227461827405,-0.199361816374992,0.380681711753999,0.535211903206109,0.773648615506715,-0.772850518815592,1.02125980885322,-0.810596144943824,0.314329357834215,-0.573341710010043,0.898725322117096,-0.651338533289799,-0.0616228744930443,-1.1653926751931,-0.157377061081287,-0.0777358634726045,0.208622131821331,0.441053158743122,0.239118965937142,0.438711755891097,1.08150811908822,-0.779598642789415,-1.06533063795537,-0.241958561604024,-0.347885794497196,-0.230075729421995,-0.0466050641145143,0.091872495830922,0.00457954007927846,0.575070517590943,-0.387478293723169,-0.389816005440537,-0.400332606464976,-0.310356477900488,0.326608230422067,-0.184723641453285,0.26653564650661,0.304702146810281,0.223523394233582,-0.281327002043937,0.929222729204051,0.139036026194378,0.113052999998984,0.0858767944229815,0.726172755495118,-0.111756872588377,-1.0800134318184,0.385056113761999,-0.571834669143156,0.352751675137971,0.111080258000336,1.75222080469353,0.27601651215898,-0.867503152253548,-0.792470938203999,-0.760637999705362,-0.621819912096626,-0.680708868864655,-0.69663215719134,-0.628395377288449,-0.649707912297875,-0.319074498087268,0.291720927252114,-0.286904425214791,-0.226875569169311,-0.456668338479601,0.837417660326429,0.0824355567210018,0.267182086905024,0.849911231176784,-0.139144981884744,-0.70339391206371,-0.618564013678328,-0.391348688885798,0.774980869676324,0.369181677055691,-0.453822940289352,-0.858334513139159,-0.0679036931627271,1.14542214955724,0.589529123243989,0.114002523928599,0.817012170494165,1.10310629051276,0.817012170494165,-0.0705609496871936,0.6889909076497,-1.12256730502457,-1.04806557169458,0.507116509507333,0.917566476161884,0.869105939717259,-0.590710800538598,-0.806536111069869,-0.391348688885798,-0.595936377798769,-0.504578098615964,-0.586845013885375,-0.749282268400272,-1.21809552051175,0.568425864029928,0.105406250597248,-0.65635599605476,-0.592122486177232,-0.0819631937635291,-0.898012962874244,0.979699258889417,0.160791516024035,0.670236143756844,0.886358450346385,0.435519243781917,0.281514065900134,0.682832724400303,0.682832724400303,-0.0616228744930443,-1.25095605562007,1.3650345617856,0.223861947321042,-2.03542084279638,-0.202875494043799,-0.193933566835524,-1.0002125522811,-0.888729441037333,-0.286904425214791,-0.908227461827405,-0.36428070280995,0.755551241823674,0.711095016407226,-0.262943549469985,-0.909551783192675,-0.274823379056414,-0.895737921615612,-1.06368304617927,-0.407153610755056,-0.602185097684464,-0.471401481558287,1.78891329814154,-0.885696359334983,-0.0278472343569434,0.0512926106647712,0.588687762606162,-0.199361816374992,0.690642284420326,-0.277522937462631,-0.34476848053886,0.652348567438131,-0.447422857068877,0.194009440828534,-0.723488865413399,0.454251997880092,-0.590386957395979,-0.250547305583844,0.823570833435961,-1.39341290226583,2.22532892838505,-1.51877453783681,0.105406250597248,-1.69920565718838,-0.333979422149212,0.707225658165495,3.87573774072154,0.106554821172549,3.21191402910042,-0.0201670357368324,0.201187390066993,-1.53466458868703,-1.56531543697313,-0.334146706962114,2.16246741574736,-1.2423133868938,-1.56531543697313,-0.149937701058835,0.470028354129537,-0.527054463374357,0.228635869181726,0.402678669304647,0.698110430443375,0.592001101920479,-0.595615855137194,-0.482591549127137,3.07117874814888,0.848260244467189,-0.723488865413399,0.957035039566971,0.726172755495118,-0.586710071414878,0.707844714924821,0.934069217061446,-0.195819457380031,3.01010459379188,-0.778386370841756,0.471155635969346,0.550854342883945,0.312645653531477,0.742239561078903,2.98249868650247,0.228695275045463,-0.142989533805432,-0.347885794497196,0.1226841919104
comm.and.crime_point_1719,comm.and.crime,regression,0.21,0.044072777458551,anomaly,0.507176249190595,1.22003874930914,-0.453822940289352,-0.936954845977958,2.28995579272044,-1.49039933729455,-0.639997445119629,-0.576459764357761,-0.284915395618803,-0.514522113788516,-0.397969848981704,1.43334986301233,-0.499564470154296,-1.56531543697313,-0.960646585528377,-1.08332729487748,-1.03655979871593,-1.09892968355255,1.26061717483676,0.415157172784282,1.4367801455882,-0.835669064732367,-0.681553878925593,-0.41781270379772,-0.472618903484926,0.585612258152271,-0.319107477609904,-2.10988394317149,-0.277522937462631,0.818368002036808,1.47259665067469,1.46497943338397,-0.629442373038718,0.0814626478570313,-0.982973896065542,2.5378037983911,-0.402359601765361,2.20576963315386,-0.543980067872989,1.08931211503494,-0.196385588662103,0.927284997518976,1.06601380168967,-0.761660555595246,-1.73742119443407,-1.79622356473708,-2.62415473467845,-1.94710218597463,0.999638731277305,0.988978031119698,-0.149937701058835,1.30467532522204,-0.34476848053886,-1.46155861675429,-1.70972241982659,2.28748026959951,1.54958058734317,-0.769171424646212,-0.770634624582392,-0.653776320283739,-0.65103955906403,0.855547772725906,-0.594343123662683,-0.445688830173635,-0.48183804574133,-0.779122631666902,-1.10450778395871,-0.180122176360894,-0.469831842542641,-0.172720524612857,0.491654823047211,-1.23321624918318,-0.444061083654919,0.311566195365187,-0.316872478427771,-0.617754621230122,1.67560362771661,-0.706240902341621,1.13454794740136,1.10007919748266,-0.867503152253548,-0.835659608007726,-0.760637999705362,-1.35133901467553,-1.34967559361385,-1.26049841310347,-1.09698938712883,-1.06268769461281,-0.959847858576748,0.135952419993153,-0.286904425214791,-0.226875569169311,-0.889317488918297,1.22894398048608,0.413283929954837,1.06510189413313,0.849911231176784,-0.413219819433159,-0.506438677988928,-0.70587936432781,-0.391348688885798,0.455475228757665,-0.405122580110374,-0.217427187171022,-0.314241419930838,-0.36444325550718,0.223861947321042,-0.894138248865786,-0.34476848053886,-0.96480656352602,0.703657382637049,-0.154888957153209,-0.652615808821794,-0.358695607590779,0.55273651378696,0.133665832754111,-1.63379767165778,0.190658429492517,-0.681631226510723,-1.06268769461281,0.279840888451533,-0.391348688885798,-0.595936377798769,-0.413219819433159,-0.748828535159937,0.287245806889183,-1.12021394047183,-0.23600364120476,0.517726140133124,-0.777184479464502,0.41325165161311,4.83381967943463,-0.334146706962114,0.267215693943522,0.706989613046053,0.246923518931679,1.08212161042621,0.886266145735984,-0.856335354515137,-1.56531543697313,0.682832724400303,0.815279974671134,-0.307289207713733,-0.0913622062174521,-1.3888684065923,0.30420847476134,-0.0595254815975429,0.848260244467189,-0.652304948129686,-0.243561843564225,-0.286904425214791,1.38584400255676,2.52644735052959,-0.830849724959226,-0.626298265141257,-0.733880170107544,1.10540245912095,-0.594329019975073,0.243010035727013,-0.757302642981302,-0.976145788122707,-1.01503934364349,0.310984137678462,-1.50475163444123,0.943214105202603,0.578708116571755,-2.87912915840445,-1.28023453882149,0.347766031238483,0.0464914919194661,-0.277522937462631,-0.34476848053886,0.521883215881349,-0.447422857068877,0.0881812846222431,2.75929032833465,-0.812893280194679,-0.669300457399169,0.259543388537675,-0.232948124244939,-0.176389105893484,-0.217427187171022,0.678929691805134,1.08466598824495,-0.709945487718708,-0.241958561604024,-0.177731018223659,-0.649009732299257,1.45825462820595,1.77903573652232,3.44356371978626,-0.288220510132573,-0.000739682945828393,0.682832724400303,-0.535527512645018,0.201898224687947,0.143988474218959,-1.56531543697313,-0.149937701058835,-0.750927891608026,-0.738257558223326,-2.20298854204279,0.726106231776839,-0.31272463367933,-0.265657561852559,-0.938572255698432,0.980158158380245,-0.0800332904192877,0.649747137552387,-0.305555362163633,-0.683388268503048,0.726172755495118,-0.901326148435522,-0.0734685214771128,0.263237410407251,-0.708757207400764,2.50739524339312,3.27642718339475,-1.18820810213626,2.23960375913671,-0.838532752471447,0.742239561078903,0.51197153032816,-0.115382978305131,-0.296859544818942,-0.826258750205395,-1.03742764507821
comm.and.crime_point_1988,comm.and.crime,regression,0.04,0.05720268777646,nominal,0.934069217061446,1.56802290981872,-0.375024355916575,1.13980295105744,-0.708757207400764,1.00919711899618,-0.687872404062027,-0.576459764357761,-0.156045871094839,-0.375210946038594,-0.518086685259539,-0.352508963049232,-0.499564470154296,-1.52035247374566,0.281218604480928,0.556798205719072,-0.105678140049712,-0.425039640804075,-0.0641256158777693,-0.620241068459545,0.302883286950643,0.1226841919104,-0.367596131833887,-0.578408706761027,-0.589173488055941,0.221480193470925,0.0391120955346223,1.16736100594875,-0.35568405855027,-0.757302642981302,0.722688852699825,0.625506297390161,-0.58163965777976,0.0814626478570313,0.281129612160397,0.660203159698619,0.50954497553961,0.647370646917718,-0.705017765998204,-0.8289128675117,-0.53838808979069,-1.41330154998685,-1.16702125886525,0.726106231776839,1.1342040892995,1.06294808549576,1.07871370914443,0.872638442876987,1.11825455621509,1.38842693899541,-0.333979422149212,-0.565328047091832,-0.34476848053886,-1.46155861675429,-1.42526006472277,-1.73241014542524,-1.8868496586252,-0.769171424646212,-0.728321444677741,-0.738257558223326,-0.736210329354915,0.370686525614054,-0.45780329625955,-0.242196122550708,-0.0623499430471371,1.04923188615163,1.30171296317677,-0.127296228476849,1.10307681836132,-0.506122969993337,-0.493806103611632,0.726172755495118,-0.37760024144161,-0.10075369417069,0.978995691768727,-0.388154860795292,1.30520508099459,0.111080258000336,-0.924361576905879,1.00313064626811,0.246456615393843,0.200868467281728,0.132020715007295,-0.530630024274263,-0.250658831525885,-0.0924897401426294,-0.20666076843211,0.23524876409128,1.28285890313643,0.707103613276012,-0.286904425214791,-0.226875569169311,-0.672992913698949,0.788476870306472,0.633849512110727,1.06510189413313,0.294975591471144,0.865796089126112,-1.04806557169458,-0.618564013678328,-0.391348688885798,-0.183536053079654,0.928401418342293,-0.375024355916575,-0.858334513139159,0.0507121317750543,-0.58250322963563,-0.437625211293547,1.7197010395647,-0.0468999429701671,2.24438888444335,1.41095174850089,1.14646284668515,-1.40638212283126,-1.18700206728655,2.3986510246141,-0.171709938179167,-0.584710153621474,0.384500575271014,0.353242987609834,-0.510251474836759,-0.391348688885798,-0.0477867027019386,-0.504578098615964,0.871006677585685,-0.61971625898909,-0.924450780392009,0.166211111412584,0.981586015860986,-1.13966992969373,0.317501733728316,-0.688849968232438,-0.13276590127921,-0.0616228744930443,-0.506783935891765,-0.864272121234376,0.641654500246602,-3.08850198967716,-0.192589859272896,0.45801790826296,0.682832724400303,-0.500074299075133,-0.248310029719587,-1.23115098117636,-1.3888684065923,-0.323496951900488,1.23062463041877,1.9400823324986,1.47862912729775,0.798631967738489,-0.286904425214791,1.54970625001278,-1.06019671565095,1.16494503970313,0.854387153715993,1.4638240595344,-0.440957773352299,0.227256913815765,-1.93546431745018,-1.19498893326411,0.336913082725718,0.164544216239436,-1.00671795787817,-0.694834028068417,-0.295725241742213,-1.07553374959742,-0.523299893074292,0.962472222891692,-0.35568405855027,-0.114546206205749,-0.277522937462631,1.37562278621411,2.18096542220705e-05,0.197761679375541,0.0352672065190975,-0.444866529913555,0.91503209899819,0.277661542639106,-0.930668231079202,0.136833510943376,-1.07592843364696,-0.0598300184254683,-0.472248714197789,-0.152293680362675,-0.314241419930838,-0.0579168405136468,-0.0597367947051054,-0.506122969993337,-0.653776320283739,-0.4726301518147,-0.400332606464976,1.71835188068565,0.0582574288134486,-1.56531543697313,-0.454975190371856,0.602923741041008,0.589585501005203,0.682832724400303,-0.241958561604024,-0.649181537796562,-0.315851368525389,0.940330818808414,-0.56760401811193,1.54047298387896,-0.499564470154296,0.727215975599007,0.223563482083323,-0.75529301296961,0.203092646994081,0.59996722821086,-1.05834216749048,0.726172755495118,-0.48183804574133,-0.0176604331626889,0.629145668582266,-0.669300457399169,-0.860757404278554,0.781157303864591,-0.0503586817209869,-0.114410578670175,1.30684518598855,0.799837073718665,1.89546673778578,0.114002523928599,-1.83555965495403,2.0439789840438,-0.432151904040676
comm.and.crime_point_1175,comm.and.crime,regression,0,0.00413600791813495,nominal,-1.20039562229281,0.176086267780421,-0.296225771543798,0.284667387572275,-0.629843707397574,0.845289154649251,-0.256997773580451,-0.533447461928133,-0.156045871094839,-0.932455617038282,-0.638203521537374,-0.631549404621351,-0.499564470154296,-1.56531543697313,2.43060066411242,1.15817755593781,-0.105678140049712,2.21436302662743,-1.04328333075373,-1.11543153166311,0.302883286950643,2.49334751097409,2.35337100962757,2.20525534460297,2.09158195707741,0.889055645386725,0.857899691293538,2.25977598898883,-0.433845179637909,-1.23875756229239,-1.05834216749048,-1.59662847435816,2.66894497982939,-1.30350158940051,1.08555911739508,-0.377418245894594,0.794515155947413,-1.71536329995644,2.46205696379769,-1.43178357631207,-0.709389340354984,-1.41330154998685,-1.43934260771341,0.0145655943380156,1.53029033533172,1.547553449942,1.26157141007396,0.82042102382418,-1.01683029266498,-0.209368692507428,-0.333979422149212,-0.91323565124325,-0.230075729421995,-0.503041693998314,-0.856335354515137,-0.64058805739383,-0.655889570517129,-0.387478293723169,-0.474442365249838,-0.358091987495182,-0.352941863045931,0.546999706382,-0.594343123662683,-0.750927891608026,-0.586710071414878,0.518419284204312,0.541853779870831,-0.549903811549208,1.45824974179125,-0.791896494605177,-1.53723532007394,0.726172755495118,-0.444061083654919,0.930046029669001,1.41095174850089,-0.52591471705619,0.934806534272571,0.584266192935153,-1.08907433885046,-0.741943275593805,1.49409155515892,1.53971723119727,1.49226256599801,1.38435761999537,1.37397464286502,1.5185567053206,1.48027766699325,-0.236728129982936,-0.158881157964898,-0.435198773289707,-0.286904425214791,-0.226875569169311,-0.153813933172513,-1.07127315045188,0.964697885344563,0.466662038712051,-0.209511353715802,0.317646414029282,-0.900349146138491,-0.0510142344566935,-0.391348688885798,0.364187902780905,-1.22244374045233,-0.296225771543798,-0.0669263775634199,0.465867519057289,0.569447023159616,1.10310629051276,-0.34476848053886,0.385056113761999,1.44549106869194,0.223072592487436,-0.123475027790339,0.358142534415864,0.294997464739033,0.281382258310197,-1.0594060620769,0.675263793938761,-1.60238141895859,2.06415922862887,-1.00405920189194,-0.391348688885798,-0.595936377798769,-0.504578098615964,-1.99070219826491,-0.360584240166726,1.03318082040625,-1.09789239681336,0.981586015860986,-0.293870545825533,-0.544247527234835,-1.23504806525446,-1.17994609083031,1.36334425539874,1.31387638751496,-0.70552988692494,-0.630806040272269,0.681381190302317,1.79864662645383,0.682832724400303,0.682832724400303,0.541247834307328,-0.0713724957371486,-0.534613396479251,-0.121723128517532,-0.209368692507428,0.513874568187483,0.00457954007927846,-0.478351146053977,0.649747137552387,0.39531226424825,1.98667224322881,0.33163531003105,-0.01206212920031,-0.387478036293313,-0.943185334835349,1.19912126108902,-0.137892390091274,-0.747205579353531,0.687062114951965,-0.801071272009583,-0.484226741696171,-0.471401481558287,-0.910812056434499,-0.472716577020044,-1.5166649139092,1.02809986702118,1.71004114346275,-0.277522937462631,-0.329263137039369,-0.35568405855027,0.228695275045463,-0.826258750205395,-0.619472066787389,-0.652615808821794,0.182033724961094,-0.236918153797056,-0.4325599573896,0.174528272850755,-0.814033550969433,2.04600217443863,-0.0598300184254683,-0.0536383847421805,0.620806112517094,0.625555741065352,-0.241958561604024,0.353242987609834,-0.220349445381496,-0.653776320283739,-0.67732705075443,-0.146888892646214,0.788476870306472,-0.413719465260767,0.682832724400303,0.43110035463292,1.44953316445302,-1.68791041368005,-1.56531543697313,-0.241958561604024,0.0630429388836828,1.62721710408512,-0.00859578069383644,-0.891031580584123,0.192692898382022,-0.343626531286471,-0.546622083628446,-0.93654835490529,-0.485189123949481,0.550490584094985,1.36617865083543,-0.964603692743623,-1.23321624918318,-0.48183804574133,-0.631549404621351,0.446191539494759,-0.0774492073752468,-0.358048053879797,1.18218282021765,0.328924458417437,-0.165584803405107,-0.472248714197789,0.799837073718665,0.808434789069078,-0.34476848053886,-2.04071966963871,1.69607137989238,-0.432151904040676
comm.and.crime_point_1117,comm.and.crime,regression,0.47,0.119587359980981,anomaly,0.690130378278102,0.176086267780421,-0.375024355916575,-0.692630399267912,0.0409210426295376,0.0257493329145824,-0.592122486177232,-0.447422857068877,-0.091611108832858,-0.375210946038594,-0.337911430842786,1.04269324481136,-0.499564470154296,-1.56531543697313,-1.19946681437632,-1.63003579507634,1.07017237616025,-0.705827158615937,0.857434586358428,0.730278376641099,0.183525722883532,-1.23918622542406,-0.890859043653398,-0.953132713675412,-0.764005364912463,-0.324717903551093,2.08608108493191,-1.39981420419544,-0.199361816374992,1.34359155037618,0.722688852699825,1.02055247903431,-0.390428796743927,1.36750086816761,-1.32772939830898,-0.179776073400649,0.965497264192096,0.546828776837966,-0.382942369747774,0.870086402743895,-1.05139184148357,0.584760136908366,0.739228183071879,-0.632289530606369,-0.549162456337422,-0.536249617176849,-0.384147898291766,-0.58944929060163,0.0507121317750543,0.0188878262786913,-0.241958561604024,-0.13044354190256,-0.34476848053886,0.135969587839005,-0.287410644307502,-0.392446673750327,-0.142989533805432,-0.641940381005198,-0.686008264773091,-0.696016939253532,-0.65103955906403,0.767391182341933,-0.594343123662683,-0.496562007079367,-0.534274058578104,-0.720143453672756,-1.23115098117636,0.136833510943376,0.0375580480715412,-0.363236207687417,0.375718243440288,-1.23321624918318,-0.178217714801685,-1.80157323850618,0.277067099578957,1.49456317477031,2.31057256495435,-0.491156386462159,2.28753728101341,-0.935840378022907,-1.04573671507713,-1.00841428722264,-0.930668231079202,-1.16895923903081,-1.15854224368551,-1.22022225196689,-1.14384878811286,0.176251652332003,-0.105483377924108,-0.279430266030745,-0.189444898148642,-0.226875569169311,-0.802787658830557,0.641654500246602,-0.082988629895916,0.416792050760294,0.79946253665809,-0.230503261067549,-0.70339391206371,-0.70587936432781,-0.391348688885798,-0.457398031009934,-0.620207095989836,-0.375024355916575,-0.314241419930838,-0.779598642789415,-0.640100742275393,-0.551753470686607,-0.230075729421995,-0.96480656352602,0.24714434506481,-0.748828535159937,-0.599701730718649,-0.358695607590779,-0.156045871094839,-0.70339391206371,-0.276144776284783,-0.730091762955347,0.432961111715639,1.7101765580732,0.279840888451533,-0.391348688885798,-0.321861540250354,-0.413219819433159,0.385056113761999,1.10783053316,-0.141398140072703,0.338588862534303,0.517726140133124,-1.09939376855715,4.0517485312353,-0.0819631937635291,-0.857736801737663,-0.500074299075133,-0.81022732312622,-0.017646871584048,-0.630806040272269,0.59942720812885,-0.334821036824805,0.682832724400303,0.682832724400303,0.760473546598372,-1.66381030157909,0.541853779870831,-1.27367338131278,-0.722945859776196,0.609441243151654,-0.789472887579932,0.82630236951384,-1.98055152906875,-0.286904425214791,-1.07208970928342,-0.524876705773258,0.806725466558606,-0.626298265141257,-1.1001642083812,0.0744956374721161,1.9617161073742,1.18371487005353,-0.188310465613652,0.818368002036808,-0.838101809661048,-0.965539767392024,0.43905062085352,0.884216993443326,-0.579261189746669,1.37285536926462,0.268301082361422,0.347766031238483,0.475925353586706,-0.277522937462631,-0.230075729421995,1.91351363248702,0.326798586664425,-0.335131340202921,-1.28073353641309,0.91503209899819,2.01375854270928,1.70480035521531,1.29900436439237,1.62268954961346,0.0977671503200851,-0.262943549469985,-1.13155341801038,-1.20457557245354,-0.241958561604024,-1.47566747692775,-0.601380811530617,-0.696016939253532,0.294983219209284,0.402239153961105,1.62047030064573,-0.885696359334983,0.682832724400303,1.59910902759376,3.27642718339475,1.1342040892995,0.682832724400303,-0.149937701058835,0.368282000318073,0.0643142022027552,0.881022906339523,-0.244176455639738,0.36116540906914,-0.499564470154296,-0.98756602720718,-1.13830693525114,-0.845327642642986,0.451234030637584,-0.653833281538438,-0.58964979375619,0.726172755495118,-0.219657981557459,-1.85932734753867,0.507176249190595,2.56615304273161,0.49655784179809,0.023664661864365,-0.00294828920368394,-0.267933252874971,1.14986631244269,1.03022712427771,0.264918814710728,-0.230075729421995,-0.707179574188299,-0.739281849167541,-1.1887465803376
comm.and.crime_point_0581,comm.and.crime,regression,0.04,0.116076247655736,nominal,0.324222120103087,-0.867866213748302,-0.453822940289352,0.773316280992368,-0.590386957395979,0.845289154649251,-0.496372568292438,-0.447422857068877,0.101693177953087,-0.514522113788516,-0.698261939676291,0.205571920095007,-0.499564470154296,-1.56531543697313,0.233454558711339,-0.153922844539436,-0.791590941172187,-0.0880946194298402,0.223861947321042,-0.98037958715305,1.01902867135331,0.0722445468239389,-0.419922423015838,-0.578408706761027,0.110154019370149,0.221480193470925,0.857899691293538,0.23880827036468,-0.35568405855027,-0.757302642981302,-0.542780556382761,-0.164586065898132,-0.868455949333508,-0.215315402983871,-0.465840642700386,-1.36562910836432,-0.288371529602239,-0.458589923959548,-0.597659300581394,-1.10294500787551,-0.994391424628807,-0.956601735839376,-1.05809271932599,0.726106231776839,0.936160966283394,0.917566476161884,0.987284858679672,0.768203604771372,-0.601674905382743,-0.0381763034178386,-0.333979422149212,-0.43486269553505,-0.34476848053886,-0.548685356986693,-0.808924961997834,-0.888729441037333,-1.06620959988649,-0.429888641603507,-0.516755545154489,-0.484813844404564,-0.523283403627701,0.502921411190013,-0.548829847861638,0.26653564650661,0.462010185320604,0.990252708157481,0.60517537847966,1.72161194746473,1.55972771991409,-0.696638653067897,-1.07348900164625,0.726172755495118,-0.244678557014993,-1.90465321089015,1.84290780523306,-0.434074812882258,0.776064299963135,1.27253664374943,-0.718470624475156,-0.208726243913775,0.157339833982052,0.0281137880668194,-0.0805170742100041,1.65792728346245,1.32619130538294,0.99496661054505,1.99573107781766,0.707225658165495,2.08382560374828,3.09555405791342,-0.286904425214791,-0.226875569169311,-0.240343763260253,0.445891340166776,-0.082988629895916,-0.331257768516057,0.496770369545922,0.317646414029282,-0.998826763175882,0.0363011161927887,-0.391348688885798,3.1028076820837,0.197114064352121,-0.375024355916575,0.32877769022445,-0.838906555258306,1.31821468747653,0.988978031119698,-0.115382978305131,0.169078085395916,0.589529123243989,0.978995691768727,0.670236143756844,0.413283929954837,-0.478219682404748,-0.211005826876756,1.08150811908822,0.481421648160263,-0.633170690066098,2.18215345214742,0.773648615506715,-0.391348688885798,-0.139144981884744,-0.413219819433159,-1.39676262025819,1.49652856139355,-0.435042880192443,0.0512926106647712,0.620806112517094,-0.65635599605476,-0.496372568292438,-0.264029226104202,-0.65635599605476,-0.554880727147895,-1.11367071036067,-0.176389105893484,0.152246600047036,0.886266145735984,0.992669953659678,0.682832724400303,0.682832724400303,-1.70581571667588,-0.602185097684464,0.541853779870831,0.454251997880092,-1.46477954583108,2.04294136761422,0.451234030637584,-0.43486269553505,-1.18649910140954,-0.286904425214791,1.05811950764474,-0.471344704785489,-1.44494042177841,0.185690512941751,0.94056114771489,1.99573107781766,-0.0466050641145143,-3.02470149403878,-1.01991441715099,0.94967388912165,-0.602185097684464,-0.0184413862106956,0.871006677585685,1.4741881110361,-0.744685376363587,-0.00616663970913513,0.268301082361422,3.78685535909461,-0.060866973497344,0.66041051558904,-0.34476848053886,-0.695793398648614,-0.361398252209622,0.0352672065190975,0.391000476585978,0.454251997880092,-0.550930207394384,2.34241372286721,0.242485406711466,0.82897837806628,1.83133600652117,1.2545188948066,-2.26543311423404,1.31803785969412,-0.241958561604024,0.0582574288134486,-0.506122969993337,2.17634515069244,-0.882023949694159,0.993607819538218,1.42470714056591,-0.708705024057152,-0.261389503376538,-1.05911760742057,-0.600152808018174,-0.103565429551178,0.682832724400303,-0.241958561604024,-0.445688830173635,-0.653776320283739,1.0589466437462,1.17890481923791,2.32667803375218,-0.499564470154296,-0.840584712680936,-0.785229419645906,0.910347635987851,-0.987985994494734,0.808933979835743,-1.01147293011705,0.726172755495118,-0.586710071414878,0.652036626610397,1.23899276554062,-0.669300457399169,-0.810486469238678,-0.689269589429965,-1.18820810213626,-0.523804376549633,1.98708697135391,-0.294515666436819,-0.179776073400649,0.458080777279193,1.498290583672,-0.782770299686468,-0.533031194213599
comm.and.crime_point_0524,comm.and.crime,regression,0.24,0.0421580886789831,anomaly,-1.44433446107615,-0.867866213748302,-0.453822940289352,-0.387224840880353,1.61919104269333,-0.916721462080286,-0.687872404062027,-0.619472066787389,0.101693177953087,-0.444866529913555,-0.518086685259539,0.484612361667126,-0.499564470154296,-1.56531543697313,-1.00841063129797,-0.809973044778059,3.47086718008891,-0.818142165740683,0.396654485240329,0.145053283764153,-1.72619530219024,-0.93654835490529,-0.472248714197789,-0.0430886968833349,-0.938837241768986,0.282168870917816,-1.39376619704348,0.5119120161247,-0.277522937462631,0.862136631065088,1.47259665067469,1.11931402444534,-0.82065323407455,0.32877769022445,-0.23600364120476,0.956666418439536,-0.459353637846922,0.597099711877842,-0.651338533289799,0.102796409725239,-0.823390174064514,0.0709728459924523,0.0856569458362924,-0.114805430650861,-0.648184017845477,-0.827012835844596,-0.612720024453672,-0.485014452496014,0.999638731277305,1.16017042020929,-0.241958561604024,0.304440963286713,-0.34476848053886,2.82894570415342,1.60900505638462,0.848260244467189,0.267330495563925,-0.726761076765874,-0.728321444677741,-0.738257558223326,-0.778795714500358,0.811469477533919,-0.639856399463727,-0.0895765918335127,-0.114785955883911,-0.248310029719587,-0.534613396479251,0.189659458827421,0.139036026194378,-0.125091603844216,-0.0880280749874027,0.726172755495118,-0.37760024144161,-0.255373652746643,0.223072592487436,0.62208408511796,0.617322065653698,0.0250464516485512,1.79339899517967,0.615336441409908,-0.956619933665339,-0.922036947615181,-0.845653115392282,-1.39693395858671,-1.30189225613177,-1.26049841310347,-1.14384878811286,0.353242987609834,-0.425870058168848,0.55133510601705,-0.286904425214791,-0.226875569169311,-0.932582403962166,1.42470714056591,0.964697885344563,0.915491930277863,0.79946253665809,-0.504578098615964,-0.407961060951538,-0.662221689003069,-0.391348688885798,1.0488428476066,0.756333805638724,-0.375024355916575,-0.611019470771741,1.6520257684351,-0.755295767554917,0.532464993547459,-0.34476848053886,-0.316872478427771,0.4183367341544,1.19497372013481,-1.76381144898785,1.46097044519532,-0.413784920142767,-0.8018715291011,0.141594576137679,0.190658429492517,0.917566476161884,1.88716789335104,-0.806536111069869,-0.391348688885798,-0.504578098615964,-0.595936377798769,-0.640839520976896,-0.922036947615181,0.201187390066993,0.108751861038678,0.672346098709078,1.63938518873034,-0.592122486177232,-0.385406580997984,-0.293870545825533,1.1441185431077,-0.0212745163166381,-0.970100277440667,0.152246600047036,-2.18700818576902,-0.0503586817209869,0.682832724400303,-1.56531543697313,-0.500074299075133,-0.130351673731295,0.478532181262003,-1.61925845715135,-2.66312626945821,1.08727461797251,0.203092646994081,-0.13044354190256,-0.491703227207728,-0.0919853710824933,-0.525882217763377,-0.631940707748796,0.499680118149013,-0.721826356680434,2.09173955371781,-0.722114179256525,-0.457398031009934,0.936160966283394,-0.494690868811617,0.774599373008527,1.69800284408723,-1.00671795787817,0.49304512794504,-0.94469347109426,0.0824355567210018,0.798262865525553,-0.959847858576748,-0.35568405855027,-0.275583904330964,-0.199361816374992,-0.34476848053886,1.65258292937346,0.62788470367182,-0.599701730718649,0.0427225572111723,0.16626443468128,-0.669300457399169,-0.590607768331523,0.717918937667871,-0.440959496409212,-0.453822940289352,-0.00131209356022966,0.930046029669001,-0.561556462298257,-0.333979422149212,-1.23967902989064,-0.267978366150136,-0.611535701313945,1.31846771390793,-0.273610749555595,0.886358450346385,-0.531713688779321,0.682832724400303,1.47828054418402,1.13762442951176,0.193499254972986,-1.56531543697313,-0.241958561604024,-0.750927891608026,1.37377339026636,0.0507121317750543,0.467364181799085,-1.49203220848915,-0.499564470154296,1.26614746219524,2.19070964045532,-0.215085234929352,0.351977477180183,-0.375210946038594,-0.214695894768757,0.726172755495118,-0.429402032904556,0.317188096723854,-1.38334975138032,0.55385879265027,-1.21265394955768,0.246456615393843,0.091872495830922,-0.370281702344836,1.72545551544416,-0.697698254915155,-0.525649875265053,-0.230075729421995,-0.348149548490111,1.5656060283356,1.23235638381255
comm.and.crime_point_1252,comm.and.crime,regression,0.22,0.351642723604095,anomaly,-1.38334975138032,0.524070428289996,-0.217427187171022,-0.875873734300447,-0.590386957395979,0.35356526160845,1.32287587151866,-0.103324437631854,-1.12256730502457,-0.653833281538438,-0.818378775954126,-0.296700874734808,-0.109719622984733,0.682832724400303,1.04544333679435,0.447456505679301,-0.44863454061095,0.866582941130492,-0.697698254915155,-0.75529301296961,0.123846940849976,1.03059780346671,1.20219260362464,1.08108332385982,1.62536361879334,0.282168870917816,0.550854342883945,1.22198175510075,-0.35568405855027,-0.976145788122707,-1.10521140486391,-1.39910538353609,0.995849945765856,-1.05618654703309,1.14301836776899,-0.970344763376429,-0.0603953852759968,-1.31319581963744,1.17375537879597,0.924892830816656,-0.0253843380978089,1.09854742782428,1.01154953192004,-0.891031580584123,0.441053158743122,0.481421648160263,0.804427157750147,0.35046425234891,0.347251694119508,0.532464993547459,-0.333979422149212,-0.782770299686468,-0.115382978305131,-0.00096140112613429,-0.0503586817209869,0.10383609353668,0.0621704808792462,0.29108727236224,0.244881693129221,0.317757916021518,0.243253528990267,0.0621384592701477,-0.230236917254329,-0.750927891608026,-0.796454122761974,-0.720143453672756,-0.471291797870422,-0.814033550969433,0.139036026194378,-0.363236207687417,-0.319901234201248,0.726172755495118,-0.311139399228302,0.569266126325109,-0.0468999429701671,-0.434074812882258,-1.816725527091,0.455215483407476,-0.965539767392024,-1.08126320484473,1.53864994586482,1.49652856139355,1.44975500815455,1.70352222737364,1.56510799279336,1.80048983327666,1.48027766699325,0.530234322887664,1.60324558338117,-1.11019563807854,-0.286904425214791,0.271131789839503,0.451894877441661,-0.483983670212399,-0.579261189746669,-0.630477696226598,-0.108613964678413,-0.413219819433159,0.773770343497151,1.82626580450717,-0.391348688885798,-0.229179716068034,0.369181677055691,-0.296225771543798,3.14816917321302,1.29617829362176,-0.236918153797056,1.44549106869194,-0.230075729421995,0.871006677585685,1.10310629051276,-0.910812056434499,-1.49924105847212,-0.248412816512834,-1.12256730502457,-0.0140505928019747,0.768203604771372,-0.4393285442876,-0.0516442527306052,0.23524876409128,-1.20158229271402,-0.391348688885798,-0.413219819433159,-0.413219819433159,1.30296273431785,-0.835659608007726,-0.630806040272269,1.43031461963852,-0.461533597514582,1.47828054418402,-0.592122486177232,-0.506783935891765,-1.01884144628399,0.979699258889417,0.828366967939835,1.25229100289144,-0.239279720112616,-0.875744470993553,0.091872495830922,0.682832724400303,-1.56531543697313,-0.993332151729983,0.931273530163335,-0.15468380482628,0.799837073718665,-0.722945859776196,-1.15854224368551,1.7415692255838,-1.0002125522811,0.649747137552387,-0.286904425214791,-1.12671045843542,1.34874332879867,-0.319107477609904,-0.100893761675781,-0.52457500537974,-0.0660825654799971,0.135969587839005,0.193499254972986,0.555756227867123,-0.450922239783337,0.164544216239436,0.393340518650751,-1.39676262025819,-0.708705024057152,-0.524119794207697,-0.00616663970913513,0.802278882769321,-0.35568405855027,-0.275583904330964,-0.121200695287352,0.114002523928599,-0.478351146053977,-0.232361344920738,-0.440959496409212,-1.21107795253813,-0.121723128517532,-0.472016707391195,0.387066062068055,3.14791254033394,-1.60506921467841,-0.375024355916575,2.56267617435537,1.29082593301289,0.625555741065352,-0.241958561604024,1.12020544048043,1.25614709844634,-0.611535701313945,0.704377017088742,-0.0201670357368324,0.494832130186732,0.117254540572726,0.682832724400303,0.874138127135308,1.93967546221788,0.540074720251176,0.682832724400303,-0.241958561604024,0.26653564650661,-0.358091987495182,0.110020044243945,3.31352673155438,-0.200409626554585,-0.499564470154296,-0.056684368540964,0.0218049017374774,-0.98037958715305,1.7415692255838,-1.76832262353781,-0.777126743249906,-1.23321624918318,0.776626262341248,-0.687357492935775,-1.6882732998595,-0.708757207400764,0.446286906758215,-0.733827980135861,-1.18820810213626,0.346157443944216,-1.04783791719925,0.108666922041517,-0.0315444440301896,-0.115382978305131,-1.83555965495403,-0.91323565124325,-0.58347083930006
comm.and.crime_point_0426,comm.and.crime,regression,0.16,0.1593616194265,anomaly,1.17800805584479,-0.867866213748302,-0.375024355916575,0.162505164217251,-0.35364645738641,0.394542252695183,-0.256997773580451,-0.0603121352022264,0.0372584156911057,0.251689308836056,-0.0376193401481986,-0.519933227992503,-0.343626531286471,0.682832724400303,-0.674062310910845,0.720810755778727,-0.399640769102202,-1.26740219423966,-0.640100742275393,-0.620241068459545,-0.592298443552689,-0.785229419645906,-0.838532752471447,-0.953132713675412,-0.822282657197971,-0.628161290785547,-0.779675500224294,-0.580502966915381,-0.277522937462631,0.118069937584314,-0.0272189452750407,0.625506297390161,-1.29868038666413,-0.165852394510387,0.338588862534303,0.956666418439536,-1.48524628731501,0.14466129651896,-1.29548932579066,1.52776353961703,-0.823390174064514,1.66942219550863,1.610656499386,0.0145655943380156,-0.40063011407534,-0.293946934953727,-0.749863300150816,-0.641666709654437,0.169327956712836,0.30420847476134,-0.241958561604024,-0.173931992421487,-0.34476848053886,-0.320467042044794,-0.145179466755593,-0.590959780665129,-0.758469577859468,-0.557119685244521,-0.516755545154489,-0.569295082344151,-0.608454173918587,0.502921411190013,-0.503316572060594,-0.445688830173635,-0.376966020067782,0.164544216239436,-0.281327002043937,0.823570833435961,-0.875743755033986,0.160681920767624,0.607591402654133,-1.23321624918318,-0.311139399228302,-0.461533597514582,-0.640839520976896,-0.112635148273496,0.141095362725389,0.197114064352121,1.13454794740136,0.80923354383901,-0.822944761547652,-0.878848277811454,-0.930668231079202,-0.393845192540718,-0.537358856418398,-0.65635599605476,-0.581535976304412,-1.18068191813137,-1.92100789931097,0.447489434511076,-0.286904425214791,-0.226875569169311,-0.586463083611209,0.0543650200071232,-0.854968167441532,0.0178321471462401,-0.209511353715802,-0.504578098615964,0.133665832754111,-0.618564013678328,-0.391348688885798,-0.457398031009934,0.670299999286939,-0.453822940289352,-0.0669263775634199,0.110020044243945,0.511849510519854,-0.665881730079667,-0.230075729421995,1.73491879105002,0.0188878262786913,0.0610890712128745,-1.23467066795639,0.6889909076497,1.00377984962083,-0.407961060951538,-0.746101547760053,0.820645403272635,1.30525076771888,0.294245875850557,0.378602433862569,-0.391348688885798,-0.413219819433159,-0.321861540250354,1.84290780523306,-0.446961579774181,1.32682556052599,0.568425864029928,-0.66769354228252,-0.777184479464502,-0.544247527234835,-0.0819631937635291,0.793585804862147,-0.500074299075133,-0.931604678020002,-1.49924105847212,-0.288220510132573,-0.261089604692552,0.565976421003951,0.682832724400303,0.682832724400303,0.376828550089045,-0.95606016564934,-0.0280406076086237,0.91503209899819,0.0188878262786913,-1.54080894354219,0.550490584094985,0.304440963286713,-1.58352531523914,-0.286904425214791,0.948878009340733,-1.4884527235531,0.192634769739419,0.137926467172162,0.626603400623183,1.38655886502517,0.501118891746045,0.589585501005203,-0.62599675589646,-0.976145788122707,0.459440106210166,-0.594936053016721,0.817012170494165,0.530234322887664,0.303001138876892,-1.5001071494307,2.13722338378907,-0.121200695287352,-1.45652702391587,-0.433845179637909,-0.34476848053886,-0.695793398648614,0.498847796382936,0.352751675137971,0.0427225572111723,-1.15847835603325,-0.629843707397574,1.44975500815455,1.03487462497214,0.511493909447407,-0.0598300184254683,3.39989683326659,0.569266126325109,-1.00672353855961,-0.333979422149212,-0.708705024057152,-0.649009732299257,0.655682867779868,-0.779675500224294,3.44356371978626,0.10330581002708,-1.23967902989064,-0.216426540149069,-0.374422868098694,-0.912061542959443,0.243010035727013,0.682832724400303,-0.241958561604024,-1.15791330685388,-0.611535701313945,-0.00859578069383644,-0.632289530606369,-0.818142165740683,-0.265657561852559,-0.15467191155846,-0.93654835490529,-0.98037958715305,-0.342818397021626,1.08755631533559,-1.01147293011705,0.726172755495118,0.986370313688344,-1.6919030825954,0.324222120103087,1.65864779269492,-0.106693378680418,0.38013178751153,-1.70972241982659,-1.13789507336882,1.5684766418983,1.49100722539581,1.25312967718045,-0.34476848053886,1.34442057265849,-0.826258750205395,-0.58347083930006
comm.and.crime_point_1019,comm.and.crime,regression,0.1,0.513462142761634,nominal,-1.38334975138032,0.176086267780421,0.885752994047852,-0.875873734300447,-0.4325599573896,-0.752813497733353,4.0517485312353,0.41282319152368,-1.18700206728655,0.182033724961094,-0.397969848981704,-0.519933227992503,0.981845949090042,0.682832724400303,0.997679291024758,1.10350670591792,-0.301653226084705,0.866582941130492,-1.04328333075373,-0.485189123949481,-0.532619661519134,1.03059780346671,1.2545188948066,1.4558073307742,1.04259069593827,0.403546225811598,0.499680118149013,0.566532765276704,-0.043039574199713,-0.844839901037864,-0.730257505876477,-0.905297656480906,1.13925809154273,-0.759408496192192,1.31539611889071,2.78485651400853,-1.20027610690721,-0.810486469238678,1.33479307692119,0.705667118525611,0.772621497868896,0.870197520750541,0.739228183071879,-0.56760401811193,0.0944776934649314,0.0937373566032682,0.53014060635586,0.0893771570848711,0.347251694119508,0.190080215368281,0.0341040200315418,-0.260908893459341,1.7197010395647,0.592406217722805,0.850438776107769,0.997145074653291,1.13926055797381,2.28437362273813,2.4028538682664,2.42978886451121,2.41510817140784,-1.12797551091349,0.63451532296551,0.012169761977951,-0.167221968720685,-0.602185097684464,-0.597934995088079,-0.232948124244939,-0.977221733156823,0.970373573834504,1.01336943127836,-1.23321624918318,0.353469022904782,0.517726140133124,-1.01880107061754,-0.847354381664952,-1.86963960519414,0.369181677055691,-0.883183386419734,-0.354149070735601,2.6971681042181,2.83537732530909,2.68247418561489,2.06828177866309,1.75624134272171,1.84076599441325,1.62085586994536,-0.35472235350149,0.481892202524582,-1.52557832410244,-0.286904425214791,-0.226875569169311,1.9661669039771,-1.2670363105317,-0.634402585285642,-0.430997744419571,-0.663549604384054,-0.0477867027019386,1.06920319460932,-0.0946719097814345,1.10660237664572,-0.731260008940213,0.0250464516485512,1.12214874716618,-1.20457557245354,-0.601674905382743,-0.755295767554917,-0.437625211293547,-0.230075729421995,1.08698470595177,1.84493997656764,1.24896822722633,-0.917186199337522,1.84696021396812,-0.54265444466673,-0.752632720582405,0.715986185718564,-0.681631226510723,-0.390868007842976,0.353242987609834,-0.21396683860365,-0.391348688885798,0.774437809943307,-0.321861540250354,-0.100894450061688,-0.533338919381635,0.25012818008695,1.71761087150805,0.311566195365187,-1.26049841310347,0.41325165161311,-0.203340548657311,-0.777184479464502,0.815279974671134,0.100102838577144,-0.758443965028085,-0.728687620312182,0.312588270521716,1.4193634863154,0.682832724400303,-1.56531543697313,-0.609687155220656,-0.484226741696171,-0.534613396479251,0.742239561078903,-0.0381763034178386,0.322741218259141,1.09640162811069,-0.391374245016123,0.500862307366285,-0.286904425214791,0.402670517820692,1.02755132287205,3.46778515277508,-0.530770173602079,-0.262943549469985,-0.112941966464035,-0.411754368021554,-2.38106134423643,0.555756227867123,0.905905260093369,-0.130351673731295,0.55805328059533,-1.50475163444123,1.4741881110361,0.247859743337919,1.14301836776899,-1.60062121906623,0.113282667975565,-0.543980067872989,-0.277522937462631,-0.115382978305131,-0.0434666408647052,0.111737074516285,-1.49924105847212,-1.0717667847882,0.454251997880092,-0.629843707397574,-0.760637999705362,0.823570833435961,0.299837597034825,-0.0598300184254683,3.39989683326659,0.414646167749156,-1.352964597874,-0.149937701058835,-0.177731018223659,-0.125091603844216,0.148795440142343,3.46778515277508,-0.10464827367642,0.543772920206689,-0.000739682945828393,-1.56531543697313,-1.05911760742057,-0.377360854488696,1.33224721231561,0.682832724400303,-0.0579168405136468,0.012169761977951,0.655682867779868,0.643791256463961,0.337993156810208,0.978897948255237,-0.265657561852559,2.00105403482646,-0.986987999991752,-0.125050605255976,0.15346437026538,0.0427225572111723,-0.402172844262473,-1.23321624918318,2.40214266028124,1.15430942144021,-0.102670847767764,-0.669300457399169,-0.358048053879797,1.13762442951176,0.755617991073163,1.06259659023327,2.71965504790123,0.16626443468128,0.956666418439536,-0.34476848053886,0.780230532275621,-0.347885794497196,0.223563482083323
comm.and.crime_point_1975,comm.and.crime,regression,0.52,0.0746410850268386,anomaly,0.507176249190595,1.56802290981872,-0.453822940289352,-0.326143729202842,1.73756129269811,-0.998675444253753,-0.639997445119629,-0.576459764357761,-0.284915395618803,-0.723488865413399,-0.638203521537374,0.484612361667126,-0.499564470154296,-1.56531543697313,-0.721826356680434,-0.372606244618977,0.0413031744765323,-0.930457172865427,0.281459459960805,0.505191802457658,-0.174546969317801,-0.734789774559444,-0.576901296561691,-0.310748701822181,-0.647450780341448,1.7386971296432,-1.39376619704348,1.49508550086077,-0.35568405855027,0.205607195640876,1.05077351431383,1.16869479715086,-0.58163965777976,-0.611019470771741,-0.178544390830854,1.54959293592137,-0.516347673928482,1.60251841267536,-0.436621602456179,-0.00681644642028318,-0.481387672935926,0.128060322760887,0.140121215605925,-0.308861968134177,-1.04427026387769,-0.972394445178469,-0.612720024453672,-0.0672751000735523,2.3044128055929,1.9590682359607,-0.0579168405136468,2.65281729130878,-0.34476848053886,-1.46155861675429,-1.70972241982659,-1.98055152906875,-2.19458968065222,-0.769171424646212,-0.770634624582392,-0.78049817719312,-0.778795714500358,0.811469477533919,-0.45780329625955,-0.547435183985099,-0.534274058578104,-0.425247563702025,-0.724578192305735,0.0840075630593312,-0.216136897235549,-0.267978366150136,-0.0880280749874027,0.726172755495118,-0.444061083654919,0.208486222981217,-0.100894450061688,-0.571834669143156,0.82897837806628,0.283147870703906,0.55805328059533,-0.984314653630183,-0.822944761547652,-0.792470938203999,-0.760637999705362,-1.16895923903081,-1.11075890620342,-1.09939376855715,-1.00327058516075,-0.531713688779321,-0.639461178332008,-0.0198160872658089,-0.189444898148642,-0.226875569169311,-0.932582403962166,1.62047030064573,0.358142534415864,0.765881966422592,0.900359925695479,-0.413219819433159,-0.654155103545014,-0.70587936432781,-0.391348688885798,0.227256913815765,1.65968877233247,-0.375024355916575,-0.512093453824773,0.110020044243945,0.627044535799378,0.817785642030109,0.114002523928599,-0.316872478427771,-0.0952404331143684,-0.370866985519292,-0.335131340202921,-0.744685376363587,-0.92926301823862,0.330621066828893,0.141594576137679,0.723724330383386,-0.827012835844596,-0.000739682945828393,0.823029388212234,-0.391348688885798,-0.504578098615964,-0.504578098615964,0.385056113761999,1.41015122178609,0.494832130186732,-0.580759143448198,0.620806112517094,-0.69663215719134,1.41862578940345,-0.385406580997984,-0.65635599605476,2.40466638878121,-0.14265187121042,0.194009440828534,-1.41385868059157,-1.24453739077415,-0.477052214376713,0.345610500194289,-0.261389503376538,0.322022122016284,0.341481750221874,-0.914542988132221,0.223861947321042,-0.380561081597017,-0.680708868864655,2.0889671626847,-0.91323565124325,0.798631967738489,-0.286904425214791,2.69674198220486,-0.0430886968833349,-0.830849724959226,0.376746696020106,-0.210617258288034,-0.909551783192675,0.638049880711185,-0.103565429551178,-0.932377159094426,-1.06368304617927,-0.307289207713733,-0.430223291072143,-0.640839520976896,1.4741881110361,1.07498067642251,-0.753136894569917,0.214903302320632,-0.277522937462631,2.94517005817334,-0.199361816374992,0.687466279512922,0.130487161211004,-0.490435159498505,-0.22930318399663,0.530311644335899,0.742239561078903,-0.35364645738641,0.0895131571638354,-0.814033550969433,1.46394731530403,-0.375024355916575,-0.943185334835349,-0.306913638938628,-1.15511256398006,-0.333979422149212,-0.531713688779321,0.160681920767624,-0.653776320283739,3.46778515277508,0.275517297051724,-0.141398140072703,-2.41962126507618,-0.216426540149069,-0.817460640601083,-0.689269589429965,-0.103565429551178,0.682832724400303,-0.333979422149212,-0.0387034149277808,-0.696016939253532,-0.660982817851633,2.40792955663224,1.82126050169082,-0.265657561852559,-0.399640769102202,-0.684350129472983,-0.845327642642986,0.848260244467189,0.808933979835743,0.113388766845247,-1.23321624918318,-0.534274058578104,-1.02220602282232,-1.38334975138032,-0.393103207388005,1.3008928024361,-0.778386370841756,-0.00294828920368394,-0.523804376549633,-1.25714308192706,-1.61925845715135,-0.920934220252943,-0.34476848053886,-0.707179574188299,-0.826258750205395,-0.93654835490529
comm.and.crime_point_1368,comm.and.crime,regression,0.19,0.18745139883498,anomaly,1.17800805584479,0.524070428289996,-0.375024355916575,1.20088406273495,-0.550930207394384,-0.875744470993553,-0.687872404062027,3.50970896645689,0.746040800572905,0.251689308836056,-0.0976777582871161,-0.408317051363656,-0.499564470154296,-1.56531543697313,-0.960646585528377,-0.0992519945195506,3.47086718008891,-1.21124469067729,0.0510694094017551,0.865330321151163,-2.02458921235802,-1.13830693525114,-1.15249049956315,-1.00666471466318,-0.822282657197971,-0.385406580997984,-1.18906929810375,-1.18133120758743,-0.121200695287352,1.91258372774383,2.64432758501042,1.90940638773364,-0.916258664592466,0.675018749538836,-0.523299893074292,-0.130365530277162,-0.630335746091604,0.697641581957593,-1.13445162766544,-0.554880727147895,-0.937391007774043,-0.328639491386592,-0.45898575186003,1.69638891919342,0.29252081648104,-0.00318371628598076,0.210139629729191,0.0893771570848711,-0.601674905382743,-1.57890780522414,-0.241958561604024,-0.391374245016123,-0.230075729421995,-0.137892390091274,-0.240000251790199,0.252720923722782,0.0621704808792462,-0.0481955106804643,-0.093623746107983,0.106554821172549,0.0303266032630535,-2.67071584263302,1.90888704539475,1.84360413058429,1.93021854475028,1.34412777612236,0.921783371523802,1.82726384323282,0.0375580480715412,2.06583875151322,-0.0300597851839413,0.726172755495118,-0.311139399228302,-0.976933459434427,0.277067099578957,0.530244180944028,0.564407987550553,0.283147870703906,3.02874470976401,-0.838891826808356,-0.956619933665339,-0.922036947615181,-0.888160673235742,-1.12336429511962,-1.06297556872134,-1.05911760742057,-1.09698938712883,-0.708705024057152,-1.06664341865833,-0.590967280548668,-0.0919853710824933,-0.226875569169311,0.105775557090704,0.739536080286516,0.0272941611820292,0.516532026663808,0.79946253665809,-0.504578098615964,-0.06328940132067,-0.70587936432781,-0.391348688885798,2.32686541128124,-2.12579870714607,-0.453822940289352,0.427703707171417,-1.37267776747832,-0.0641256158777693,-0.0381763034178386,-0.115382978305131,-0.640839520976896,0.817785642030109,0.49304512794504,1.30520508099459,-0.358695607590779,1.77699699676461,-0.70339391206371,1.18594295719383,-1.40853927318009,1.01448754905113,0.176251652332003,-0.164586065898132,-0.391348688885798,-0.504578098615964,-0.230503261067549,-0.478855999702333,-0.792470938203999,1.03318082040625,0.453507363282115,1.03312600205297,0.350548032359759,-0.400622650407643,-1.23504806525446,-1.05911760742057,0.431634978161806,-0.506783935891765,0.511493909447407,0.837417660326429,-1.90016924816189,-0.0977690742382896,0.682832724400303,0.682832724400303,1.08931211503494,-0.366268385707879,-0.724578192305735,-0.467308204356106,0.4183367341544,-1.01519223123925,0.15346437026538,0.739325468475985,-0.590959780665129,-0.286904425214791,-1.07208970928342,-0.36428070280995,-0.165584803405107,-0.100893761675781,-0.210617258288034,-1.14384878811286,-0.411754368021554,1.08469330854548,1.03721114717821,-0.62599675589646,0.459440106210166,-0.0184413862106956,-0.370866985519292,0.530234322887664,-0.468978398668724,0.22367036178649,0.481892202524582,-0.35568405855027,-1.45652702391587,-0.35568405855027,-0.230075729421995,-0.869747200724323,-0.146336740061482,1.14646284668515,-0.653833281538438,1.6637997633151,-0.274732957383221,0.344558504224595,1.93291573900091,1.14646284668515,-0.0598300184254683,0.835908565350987,0.311566195365187,-0.808871504665675,-0.333979422149212,1.7101765580732,3.01841716688602,2.85219505420914,0.141460545004487,-0.231370130585801,0.494832130186732,-0.295725241742213,0.682832724400303,-1.01884144628399,-0.555594417312278,1.57980111608575,0.682832724400303,-0.333979422149212,-0.547435183985099,-0.44257322543477,1.0589466437462,0.337993156810208,-0.53735464792882,-0.343626531286471,-0.938572255698432,-0.684350129472983,-0.485189123949481,1.09640162811069,0.0427225572111723,-0.0272189452750407,0.726172755495118,-0.0623499430471371,0.205571920095007,0.446191539494759,-0.590386957395979,-1.36346675467731,1.04850764809996,-1.14079770961895,-0.574978601284565,-0.472248714197789,-0.812893280194679,-1.16798693587037,-0.115382978305131,0.318620499235095,2.18096542220705e-05,0.929718513293784
comm.and.crime_point_0720,comm.and.crime,regression,0.09,0.049746612407783,nominal,0.324222120103087,-0.519882053238727,-0.296225771543798,0.0403429408622278,-0.314189707384816,0.435519243781917,0.365376692670713,-0.40441055463925,-0.349350157880785,-0.514522113788516,-0.458028267120621,-0.408317051363656,-0.187688592418646,0.682832724400303,1.04544333679435,0.939494155858268,-0.350646997593453,0.698110430443375,-0.697698254915155,-0.935362272316362,-0.114868187284245,1.03059780346671,1.20219260362464,1.13461532484759,0.751204234510732,-1.23504806525446,0.397331668679148,0.5119120161247,-0.35568405855027,-1.01991441715099,-0.870865217996765,-0.806536111069869,0.948047230506899,-0.512093453824773,0.85572211589946,-0.871523677129457,0.110586722968685,-0.91102833931843,1.22743461150438,-0.938525723657223,-0.196385588662103,-0.614076875228766,-0.785771370477824,0.208622131821331,0.787628624021312,0.917566476161884,0.621569456820622,0.663768766665756,-0.957522380196087,-0.323496951900488,-0.333979422149212,-0.695793398648614,-0.115382978305131,0.638049880711185,0.565976421003951,0.500862307366285,0.472490510248604,0.715190751165621,0.583387132366426,0.486720391900693,0.45618045471748,-0.0700964263058121,-0.139210365652241,-0.140449768739244,-0.0623499430471371,0.282502572227728,0.98510497013263,-0.708381655201343,0.544947938685724,-0.553751890761977,-0.319901234201248,0.726172755495118,-0.244678557014993,-0.10075369417069,0.169078085395916,-0.801434429577986,0.82897837806628,0.197114064352121,-0.965539767392024,-0.984314653630183,1.00394925739407,0.97826452374882,1.10969454540687,1.293167732173,0.752791255597911,0.471376515769501,0.543089647312493,-0.472716577020044,0.802278882769321,1.58979182107679,-0.189444898148642,-0.226875569169311,0.451894877441661,-0.141398140072703,0.90955648980559,0.716011978470835,0.294975591471144,-0.321861540250354,-0.211005826876756,0.167274142167012,-0.391348688885798,-1.18769663882401,-2.12579870714607,-0.453822940289352,-0.512093453824773,0.169327956712836,0.511849510519854,1.21723454990582,-0.34476848053886,0.00709456412135369,0.874849771726638,0.223072592487436,-0.017646871584048,0.0272941611820292,-0.156045871094839,0.133665832754111,0.924855861929795,-0.487789080732225,0.0937373566032682,-0.472716577020044,-0.757155338364351,1.39787063938796,-0.321861540250354,-0.504578098615964,1.14097921304329,-0.61971625898909,-0.435042880192443,0.166211111412584,0.826966057285032,-1.30077457424005,-0.256997773580451,-0.688849968232438,-1.01884144628399,-0.0616228744930443,-0.567472613338656,-0.864272121234376,-0.532924460232356,0.845289154649251,-0.808924961997834,-1.56531543697313,0.682832724400303,0.486441406234567,-0.779122631666902,-0.597934995088079,-0.928088305474204,-0.780009989472726,0.991707943008339,0.500862307366285,1.00025617158955,0.351977477180183,-0.286904425214791,1.71356849746879,-0.150152698858873,1.57433883758259,-0.530770173602079,-0.890859043653398,-0.0660825654799971,-0.411754368021554,-0.40063011407534,-1.06368304617927,-0.62599675589646,-0.425247563702025,2.740497376361,-0.424861492610813,1.65117944631393,0.799273698727645,-0.753136894569917,0.642085542646951,-0.433845179637909,-0.758696998706609,-0.35568405855027,-0.230075729421995,-0.0434666408647052,1.23005693768661,0.617322065653698,0.391000476585978,-0.0641256158777693,-0.0774492073752468,-0.888160673235742,1.61596005169664,0.670236143756844,-0.375024355916575,0.155666779985624,-1.49233332135427,-1.05618654703309,-0.333979422149212,-0.708705024057152,1.39903386075226,-0.44257322543477,-1.64963732071814,-0.696016939253532,1.7672926707056,-0.000739682945828393,0.368091981808023,0.189443387813436,0.602923741041008,-0.796716360107558,0.210721610511883,-0.333979422149212,-0.496562007079367,0.866885962628837,0.110020044243945,0.402678669304647,-1.54818971205152,-0.109719622984733,0.286272032020273,-1.34006551559698,1.76567661788493,1.9897106092273,-0.584177697663477,0.488342665832679,-1.23321624918318,-1.00619817410907,0.372996185038278,-0.224640267159436,-0.669300457399169,0.345745036678463,1.53864994586482,-0.856335354515137,2.34195220860657,-0.890859043653398,-0.640100742275393,1.15430859093348,0.228695275045463,-0.963629592544147,-0.869747200724323,2.44290786588763
comm.and.crime_point_0029,comm.and.crime,regression,0.49,0.117111929634301,anomaly,1.5439163140198,-1.56383453476745,-0.375024355916575,-1.181279292688,0.987883042667813,-0.465974560126219,-0.352747691465246,-0.576459764357761,-0.413784920142767,-1.14142236866316,-0.698261939676291,1.76819839289887,-0.499564470154296,-1.56531543697313,-1.15170276860673,-2.5047693953945,-0.889578484189684,-0.593512151491192,2.1245798644332,0.730278376641099,2.03356796592375,-0.835669064732367,-0.52457500537974,-0.524876705773258,-0.764005364912463,0.464234903258489,3.46778515277508,2.58750048390085,-0.199361816374992,1.16851703426305,0.675819615326396,0.526744751979124,-0.294823366226011,0.872870783432771,-2.13215890354367,-1.71150291022872,1.87740184149707,-1.06184114443806,0.690642284420326,0.815279974671134,-0.595388506645455,0.527672660139931,0.739228183071879,-0.891031580584123,-0.994759483123667,-0.87547337228922,-1.11557870200987,-0.171709938179167,-1.60990941735388,-0.722945859776196,-0.241958561604024,0.173975611729931,-0.34476848053886,-1.00512198687049,-1.23561849465356,-1.33538393159564,-1.47652962925584,-0.726761076765874,-0.728321444677741,-0.738257558223326,-0.736210329354915,0.679234591957959,-0.548829847861638,-0.547435183985099,-0.639146084251652,-1.19197687762592,-1.48443737561168,-0.549903811549208,-0.165397908174131,-0.553751890761977,0.201813374029904,0.726172755495118,-0.111756872588377,-1.13155341801038,-0.0468999429701671,0.438404276770096,2.20474440874806,-0.878308515045191,0.887478804484488,-0.111777692699224,-0.867503152253548,-0.835659608007726,-0.760637999705362,-1.12336429511962,-1.11075890620342,-1.05911760742057,-1.09698938712883,0.766222769924772,-0.479267838209638,-0.74673578780763,-0.189444898148642,-0.226875569169311,-0.716257828742818,1.03318082040625,0.799273698727645,0.815751954374349,0.648116453102006,-0.413219819433159,-0.309483443914147,-0.70587936432781,-0.391348688885798,-0.776903671928593,1.27253664374943,-0.138628602798245,-0.957260530086126,0.347251694119508,0.454251997880092,-1.86422845370679,1.14623728398038,0.43905062085352,0.133016085671751,-0.532850506793854,-0.758443965028085,1.9021016095071,0.55273651378696,3.77733766313757,0.193811995190487,-0.148565325619854,1.15986915838501,-0.590710800538598,1.21807556985638,1.43948039120828,-0.413219819433159,0.0435715764808665,-0.748828535159937,-0.274206900559272,0.739536080286516,-2.70675140728273,0.0538662644052637,-0.817460640601083,-0.0176229788684652,0.342857548364707,1.27689973850112,-0.500074299075133,0.403546225811598,-1.18175658985325,-0.239279720112616,-0.670859515559886,0.660797206038557,0.682832724400303,0.682832724400303,-1.59620286053036,-0.366268385707879,-0.597934995088079,0.108666922041517,-0.0381763034178386,-1.11075890620342,-0.293190120292925,-0.217420442940414,0.649747137552387,-0.189444898148642,-1.29057270589143,-0.899600712687643,-0.728501275489362,-0.769590402450023,1.98708697135391,0.871105454200756,0.272900576804145,-0.351119333321313,0.249375824669157,-1.01991441715099,-0.425247563702025,-0.265510529127564,-0.748828535159937,0.471237211128387,-2.28864445145482,-0.178544390830854,0.855676662810112,-0.35568405855027,-0.382942369747774,-0.433845179637909,0.687466279512922,3.26165559857376,-0.576459764357761,-0.017646871584048,0.112378141086133,0.16626443468128,-0.472016707391195,-0.675622884018443,-1.39511897769393,-0.70552988692494,0.176565734692862,-0.419922423015838,0.00232627821327909,-1.55081663176793,-0.333979422149212,-0.708705024057152,-0.553751890761977,-0.10464827367642,-1.29141774757362,-0.653776320283739,-2.34373369097075,0.23524876409128,-1.56531543697313,-0.414699029235275,-0.600152808018174,1.23322565080756,0.120795684056945,-0.333979422149212,-0.191322945644976,-0.400332606464976,-0.779598642789415,-0.56760401811193,-0.76198466217831,-0.343626531286471,-0.791590941172187,2.9977439618387,-0.215085234929352,-0.0946770133781229,-1.28073353641309,-0.0740881826484698,-1.23321624918318,0.776626262341248,0.484612361667126,-1.6882732998595,-0.708757207400764,-0.508860858999424,-0.912061542959443,-0.524462606894016,0.499680118149013,1.09754002126074,-0.236918153797056,-0.0809549871536759,-0.34476848053886,-1.3739496219135,-0.173931992421487,-0.986987999991752
comm.and.crime_point_0810,comm.and.crime,regression,0.02,0.157574996934314,nominal,-0.773502654421958,-0.171897892729153,-0.375024355916575,3.27764185977035,-0.669300457399169,0.763335172475784,-0.304872732522849,-0.361398252209622,3.71003986462407,3.52550175095922,3.98629467515928,-1.74771117090983,-0.499564470154296,-1.56531543697313,-1.10393872283714,1.26751925597758,3.47086718008891,-0.0880946194298402,-1.50406343187183,-0.620241068459545,-2.08426799439157,-1.1887465803376,-1.57110082901876,-1.75611272849195,-1.40505558005305,-0.870916000573111,-1.39376619704348,-0.908227461827405,-0.043039574199713,3.05056808247913,-0.730257505876477,-1.00405920189194,-0.247020650967053,1.02125980885322,-2.24707740429148,-0.970344763376429,2.50433623839423,0.0943903614790845,-0.490300835164584,-2.5279121377673,3.22363942262377,-2.78340099242929,-2.69202081241495,2.66667160660999,1.18371487005353,1.25679023127425,0.89585600821491,1.39481263340506,-1.07613820513387,-1.29358715674149,-0.333979422149212,-1.0002125522811,-0.34476848053886,3.1028076820837,3.0313168319037,2.98227614380132,2.88312068279358,1.43616666513137,0.87957939169898,0.528961010870487,0.328424299281152,0.502921411190013,-0.366776744657462,3.72591167609637,3.92278703254769,3.17248229394089,3.20136092144162,3.14791254033394,-1.78904555813951,3.87573774072154,-0.435837813808171,0.726172755495118,-0.444061083654919,0.775426071093047,-1.61274064862427,-0.434074812882258,0.141095362725389,0.928401418342293,0.0227368042754491,-0.935840378022907,-0.555594417312278,-0.576527589185363,-0.590607768331523,-1.21455418294199,-1.06297556872134,-0.173042062415791,-1.1907081890969,-0.0597367947051054,-0.265676718046478,-0.954427130819579,-0.286904425214791,-0.226875569169311,-0.283608678304122,-0.973391570411965,-2.23350305591585,-3.12397709381444,-3.28688171935617,-0.504578098615964,0.232143449791502,-0.574906338353587,-0.391348688885798,0.911911858641464,0.197114064352121,-0.296225771543798,0.427703707171417,2.00787324324845,0.627044535799378,-0.951202378562316,-0.230075729421995,-1.12679008480058,-0.380561081597017,-0.316872478427771,-0.22930318399663,1.01983928088354,0.230562702477051,-0.0140505928019747,1.34259521435226,-1.11777605451234,1.78985613216512,-1.00369058285354,0.0823177976294598,-0.391348688885798,-0.139144981884744,0.865796089126112,1.30296273431785,-0.706093598596545,-1.36491789057162,0.281129612160397,-1.69849326612221,0.833861965998727,-0.352747691465246,-0.81022732312622,-0.857736801737663,-0.500074299075133,-0.0819631937635291,0.405665753241116,-0.728687620312182,0.107703315088049,-1.28302888717086,0.682832724400303,0.682832724400303,0.924892830816656,-0.838101809661048,0.478532181262003,2.29737240235249,-0.665881730079667,0.322741218259141,0.749003691009788,-0.652304948129686,0.10383609353668,0.492771791314399,-0.252778472003357,0.545763313982127,-1.03554662389896,0.137926467172162,-0.52457500537974,-0.440957773352299,-0.0922487271028942,-0.00454386804312309,0.0743013085560334,-1.06368304617927,-0.95606016564934,2.45225004295799,1.19497372013481,-0.649707912297875,-1.18581654067537,0.281129612160397,-0.853052298495168,-0.35568405855027,0.744321517128731,-0.277522937462631,0.228695275045463,-0.956724101762177,0.0687247720866572,-0.176389105893484,0.0427225572111723,1.6637997633151,0.593315542651865,1.02467942971995,0.400963250363601,-0.652615808821794,-0.375024355916575,0.94056114771489,-0.66769354228252,-1.00672353855961,0.678250043847861,-1.41667036516848,-0.506122969993337,-0.358091987495182,0.0902863202695546,-0.273610749555595,0.543772920206689,0.884216993443326,0.682832724400303,0.0686149044036935,0.781157303864591,-0.697694798599504,-1.56531543697313,-0.0579168405136468,-0.852674245419489,0.655682867779868,0.643791256463961,-0.761660555595246,0.866582941130492,-0.499564470154296,0.188284489002777,0.0722445468239389,-0.305119864602728,0.500862307366285,-1.83797820741278,-0.58964979375619,0.726172755495118,0.462010185320604,0.98688515649694,1.60490102371564,-0.629843707397574,0.14466129651896,-0.288244073076904,-0.334821036824805,0.960248140763403,-0.943185334835349,1.03022712427771,-1.21739747899386,-0.000690227188266011,0.421200506577434,-0.565328047091832,-1.08786729016467
comm.and.crime_point_1536,comm.and.crime,regression,0.05,0.13865548281316,nominal,0.324222120103087,0.87205458879957,-0.296225771543798,-1.181279292688,-0.550930207394384,0.271611279434983,1.46650074834585,0.240773981805169,-1.31587159181051,-0.584177697663477,-0.698261939676291,1.21011750975464,-0.265657561852559,0.682832724400303,0.56780287909846,-0.372606244618977,-0.056684368540964,0.58579542331863,0.627044535799378,-0.440171809112793,-0.0551894052506902,0.627080642775015,1.51615035071635,1.50933933176197,1.10086798822378,1.19249903262118,0.755551241823674,1.49508550086077,-0.35568405855027,-0.844839901037864,0.722688852699825,0.230460115746014,0.278809216881485,-0.0669263775634199,-0.121085140456948,-0.229186616524135,-0.801317854336286,-0.358048053879797,0.422246120878301,-0.8289128675117,0.145616912466485,-0.842426782302506,-0.840235640247456,-0.955717093078561,0.540074720251176,0.578342721049512,1.03299928391205,0.35046425234891,-1.66921732982277,-2.09248497249291,-0.333979422149212,-0.608816497610759,0.114002523928599,0.409831565769285,0.565976421003951,0.451234030637584,0.421200506577434,3.04775988458422,3.07986474674081,2.80995443523935,2.6706204822805,-2.36216777628911,1.49926756318535,-0.394815653267903,-0.48183804574133,-0.95606016564934,-0.977864586741049,-0.497077863665163,-0.977221733156823,0.0654240792303436,1.7089889089199,-1.23321624918318,-0.178217714801685,-0.822313500858473,-0.96480656352602,-0.801434429577986,-0.335131340202921,-0.405122580110374,-0.718470624475156,-0.499571897557428,1.44953316445302,1.41015122178609,1.36473989246763,1.01959806870591,1.18284129293668,1.47828054418402,1.05854305813691,-0.236728129982936,0.321698862402212,2.31671152161862,-0.286904425214791,-0.226875569169311,3.09105469511771,-1.12021394047183,0.6889909076497,-0.0819078287572736,-0.562652215346664,-0.595936377798769,3.77733766313757,3.6598881681463,-0.391348688885798,-1.27898396480077,-1.13640993410055,-0.0598300184254683,-0.512093453824773,-0.0679036931627271,-0.00652810323800724,0.646593252940519,-0.230075729421995,-1.01880107061754,0.4183367341544,-1.50475163444123,-0.493873574512357,-0.248412816512834,-0.284915395618803,0.576815109422369,-0.850536385865668,-0.00318371628598076,1.06294808549576,-0.531713688779321,2.55135643290537,-0.391348688885798,-0.0477867027019386,-0.230503261067549,0.43905062085352,1.62609457080473,-1.46279947061153,0.510966613656022,0.775426071093047,-0.253594384688952,-0.687872404062027,-0.749538645679329,0.672757321452404,0.705667118525611,0.100102838577144,-0.599701730718649,0.0543650200071232,-0.302066595779285,-0.761514569480531,-1.56531543697313,0.682832724400303,0.870086402743895,-0.66116427567861,-1.73772377004699,-2.02244104562969,1.10310629051276,1.56510799279336,-0.64058805739383,-0.652304948129686,-0.392446673750327,-0.286904425214791,-0.908227461827405,-0.953132713675412,0.397331668679148,0.185690512941751,-0.629227587743642,2.88605969651438,0.546762554734425,-0.499651675583395,1.16851703426305,1.34359155037618,1.99289873405796,-0.265510529127564,-1.12679008480058,-0.472716577020044,0.854415094266617,-0.580759143448198,0.428494422483792,-0.199361816374992,0.851679982545541,-0.199361816374992,1.14623728398038,1.91351363248702,0.0257124696570293,2.31057256495435,-0.514522113788516,0.511849510519854,-0.274732957383221,0.642111409128814,-0.127296228476849,-1.18175658985325,0.0977671503200851,-0.786206461289495,-1.23463339039435,-0.165852394510387,3.99100102347465,-0.413719465260767,0.208310841536264,-0.653776320283739,0.243808994474351,-0.611535701313945,0.984240030386299,2.06415922862887,-0.104019132080398,-0.898012962874244,-0.912061542959443,-0.103565429551178,0.682832724400303,-0.149937701058835,-0.547435183985099,-0.653776320283739,0.999638731277305,-0.308861968134177,-0.425039640804075,-0.499564470154296,-0.693603398154691,0.425322062429169,0.370139857947594,-0.342818397021626,0.739278395960782,-0.870865217996765,0.726172755495118,-0.48183804574133,2.32627927604311,0.263237410407251,0.63277229265346,0.798183452037345,1.13762442951176,0.992669953659678,-1.54728887124828,-1.15249049956315,0.0510694094017551,-1.16798693587037,0.343388026162328,0.267330495563925,-0.13044354190256,-1.13830693525114
comm.and.crime_point_0183,comm.and.crime,regression,0.3,0.0922775364054798,anomaly,1.17800805584479,-1.56383453476745,-0.453822940289352,0.223586275894763,0.593315542651865,-0.95769845316702,-0.639997445119629,1.66017996198289,0.166127940215069,-0.305555362163633,-0.277853012703869,0.596228538295973,-0.499564470154296,-1.56531543697313,-0.960646585528377,-0.809973044778059,3.22589832254517,-0.705827158615937,1.08782463691748,0.640243746967722,-0.771334789653356,-0.785229419645906,-0.943185334835349,-0.792536710712104,-0.822282657197971,-1.23504806525446,3.05839135489563,-0.853606712675401,-0.277522937462631,1.21228566329134,2.59745834763699,1.61312175150053,-0.916258664592466,0.576092732591868,-0.580759143448198,0.808434789069078,-0.516347673928482,1.0998090622766,-0.919734696831824,-0.171235730638567,-0.424387256081161,-0.157377061081287,-0.132200133242237,0.726106231776839,-0.153076210305205,-0.390868007842976,-0.795577725383197,0.0893771570848711,1.23687038115287,1.10310629051276,-0.241958561604024,0.0435102601731493,-0.34476848053886,-0.776903671928593,-0.998566532067046,-0.888729441037333,0.0108804772080765,-0.641940381005198,-0.64369508486844,-0.611535701313945,-0.523283403627701,-0.907584034953557,0.315922392358201,0.520901531035269,0.462010185320604,0.282502572227728,-0.15468380482628,0.929222729204051,0.0375580480715412,0.636971128454024,0.607591402654133,-1.23321624918318,-0.311139399228302,-1.28617337658633,0.277067099578957,0.438404276770096,1.99308809633548,0.0250464516485512,1.91693356663811,0.566862165802633,-0.956619933665339,-0.878848277811454,-0.803145557548822,-1.12336429511962,-1.01519223123925,-1.05911760742057,-1.05012998614479,0.117254540572726,-0.425870058168848,0.343643763005101,-0.286904425214791,-0.226875569169311,-0.586463083611209,1.57152951062578,0.633849512110727,0.915491930277863,1.35439817636373,-0.321861540250354,-0.70339391206371,-0.531248663028845,-0.391348688885798,-0.639972682963453,-1.86769728809072,0.491760072183968,-0.709945487718708,-2.20298854204279,0.799837073718665,0.0759519559752211,-0.230075729421995,0.331061606670478,-0.437625211293547,-0.424861492610813,0.617322065653698,0.358142534415864,-0.284915395618803,0.133665832754111,0.872638442876987,-0.197025862064479,-1.36007873673546,0.117254540572726,-1.20158229271402,1.273041383927,-0.139144981884744,-0.504578098615964,1.41095174850089,1.23739654257118,1.03318082040625,-0.753136894569917,-0.152293680362675,-1.09939376855715,2.23250009142421,-0.870916000573111,-0.13276590127921,0.596054262380089,0.646300935599162,-0.546787652615503,-2.97996396123019,-1.32649137294762,1.60900505638462,0.682832724400303,0.682832724400303,-1.26736429209379,-0.95606016564934,-0.218005403435109,0.0510694094017551,-1.35065128643802,-0.632925531382569,0.897888521195889,-0.695793398648614,-0.590959780665129,-0.286904425214791,-0.362019970307365,-0.150152698858873,3.46778515277508,1.2364995198727,0.155666779985624,0.824246053216719,0.135969587839005,1.23322565080756,-0.144541836585371,-1.06368304617927,0.105565038245289,0.0227368042754491,0.331061606670478,-0.236728129982936,0.799273698727645,-0.465840642700386,-1.17343897873991,-0.35568405855027,1.28111384421278,-0.199361816374992,-0.115382978305131,-0.43486269553505,-0.576459764357761,-1.49924105847212,0.948245147585665,2.41256742763201,0.869512792663029,0.769634082659194,2.14421953053709,0.299837597034825,-0.0598300184254683,-0.210617258288034,0.620806112517094,-1.15511256398006,-0.0579168405136468,1.35619388751754,-0.220349445381496,-0.569295082344151,-0.830849724959226,-0.738257558223326,-0.141398140072703,1.00221121696188,0.682832724400303,-0.173042062415791,-0.912061542959443,-2.18301822122032,-1.56531543697313,0.12612488057673,1.13137965390405,-0.653776320283739,-0.542366992913852,0.208622131821331,0.248850401944395,-0.499564470154296,3.47086718008891,0.425322062429169,-1.29550079100987,1.24528645829679,1.57514540246031,0.0196502920983885,-1.23321624918318,-0.848890135598748,-0.408317051363656,-1.20039562229281,-0.629843707397574,-0.257506183800045,-1.00117832437123,0.850438776107769,-0.4726301518147,-0.105964675924132,-0.467308204356106,-0.377418245894594,-0.230075729421995,1.75474060202785,-0.478351146053977,1.83763212485009
comm.and.crime_point_1133,comm.and.crime,regression,0.05,0.116433466842721,nominal,0.934069217061446,0.176086267780421,-0.296225771543798,0.651154057637344,-0.669300457399169,0.968220127909451,-0.592122486177232,-0.490435159498505,0.810475562834887,0.460656060460939,0.803198513796647,0.652036626610397,-0.265657561852559,0.682832724400303,0.0423983756329848,0.0100897055202199,-0.252659454575957,0.0242203876949048,0.68464204843914,-0.215085234929352,1.19806501745397,0.0218049017374774,-0.210617258288034,-0.41781270379772,3.02401863364553,3.49866877560303,0.44850589341408,-0.252778472003357,-0.35568405855027,-0.713534013953022,1.56633512542155,1.11931402444534,-0.247020650967053,0.477166715644901,-0.121085140456948,1.20371913405697,-0.00340134919443606,0.798183452037345,-0.382942369747774,-0.993332151729983,0.487619413595073,-1.35621407321842,-1.22148552863488,0.0145655943380156,0.985671747037421,0.917566476161884,0.712998307285384,1.13372553814103,1.82994950584177,1.33136280929888,-0.241958561604024,-0.260908893459341,-0.115382978305131,-0.594329019975073,-0.90374574703244,-1.03761427122343,-1.11749960355766,0.121445880840888,-0.0513105662033324,-0.062407654706626,-0.0548441670278318,-1.03981892052952,1.18067463257804,-0.242196122550708,-0.167221968720685,0.164544216239436,0.415210582653175,-0.180122176360894,0.341991982440051,-0.458494049224697,-0.319901234201248,0.726172755495118,-0.311139399228302,0.208486222981217,0.169078085395916,0.254724468422232,0.670236143756844,-0.878308515045191,-0.718470624475156,-0.208726243913775,0.513806959629217,0.50318915590782,0.429573619911515,-0.211465416895992,-0.107308819079628,-0.0522135790060488,-0.0192231644959594,0.589231434646941,0.962472222891692,1.27825480655887,-0.286904425214791,-0.226875569169311,1.18739843318744,-0.581865250252313,0.46842532549381,0.0677021350979969,-0.411306131790581,-0.321861540250354,-0.260244635395451,-0.0946719097814345,-0.391348688885798,-0.639972682963453,-0.491156386462159,-0.375024355916575,-0.314241419930838,0.110020044243945,-0.0641256158777693,0.760721512333579,-0.000690227188266011,0.655028649219603,1.04604216081623,-0.26287797133625,-0.282217262099776,-0.082988629895916,0.101693177953087,0.232143449791502,1.49924747151068,0.675263793938761,-0.923933908733845,-0.35472235350149,-1.00405920189194,-0.391348688885798,-0.139144981884744,-0.413219819433159,2.16687484778218,-0.922036947615181,1.32682556052599,0.396048112908209,0.826966057285032,-0.334146706962114,-0.592122486177232,-0.688849968232438,-0.857736801737663,1.63737639576255,-0.385406580997984,-1.28758474605954,0.494832130186732,0.968220127909451,-0.287410644307502,0.682832724400303,0.682832724400303,-0.226042158711328,0.459440106210166,-0.534613396479251,0.223861947321042,-0.152304562810898,1.56510799279336,-0.392446673750327,-0.0434666408647052,0.00457954007927846,-0.286904425214791,0.23880827036468,-0.471344704785489,2.95604290542576,-0.578534219371668,-0.943185334835349,-1.05012998614479,-0.137892390091274,-2.23252900197435,-1.10745167520755,0.0305326795277526,-0.95606016564934,-0.965539767392024,-1.23477909898362,0.589231434646941,-1.79237189160407,-2.24707740429148,-0.212278938005688,-0.35568405855027,1.442151542338,0.425927152326122,-0.230075729421995,-1.0002125522811,0.0257124696570293,0.141095362725389,0.182033724961094,0.627044535799378,-0.629843707397574,-0.760637999705362,0.136833510943376,-1.92255368329729,-0.296225771543798,-0.890859043653398,-2.31697310042603,0.576092732591868,-0.149937701058835,0.176251652332003,-0.791896494605177,-0.696016939253532,0.141460545004487,0.275517297051724,0.00542422998716656,0.648228546406218,-1.56531543697313,2.32407992805221,-0.912061542959443,-0.202586991059232,0.682832724400303,-0.241958561604024,2.19971636892442,-0.569295082344151,0.110020044243945,0.143936619326893,-1.26740219423966,-0.343626531286471,-0.546622083628446,-0.633910484386522,-1.07041421682643,-0.64058805739383,-0.235899778288672,0.910165802193541,-1.23321624918318,-0.586710071414878,-0.0734685214771128,-1.26138033198864,-0.51147345739279,-0.00615150860066679,0.736598913158695,-0.998566532067046,-0.0632363539352424,-0.210617258288034,0.108666922041517,0.956666418439536,-0.115382978305131,1.34442057265849,-0.826258750205395,0.374882417342708
comm.and.crime_point_0597,comm.and.crime,regression,0.15,0.414090651766151,nominal,0.446191539494759,-0.867866213748302,0.0189685659473083,-0.6315492875904,0.751142542658244,-0.629882524473152,0.173876856901124,0.498847796382936,-0.993697780500602,-0.514522113788516,-0.458028267120621,0.372996185038278,0.124187285317004,0.682832724400303,0.806623107946404,0.283443955619646,-0.595615855137194,0.922740444692865,0.16626443468128,-0.485189123949481,-0.293904533384912,1.28279602889901,1.62080293308025,2.09819134262743,0.401540480797687,0.282168870917816,0.909073916028471,0.129566772060671,-0.199361816374992,-0.494690868811617,-0.214695894768757,-0.263347611309168,1.18706080680169,-0.363704428404322,0.338588862534303,-1.11857639274689,1.2504674445999,-1.21265394955768,1.28111384421278,-0.390461442929611,0.82962191472366,-0.157377061081287,-0.241128672781501,-0.308861968134177,-0.103565429551178,-0.293946934953727,0.392997330658716,-0.537231871548822,-0.30513534303829,0.133016085671751,0.12612488057673,1.26118687470311,0.458080777279193,0.501118891746045,0.660797206038557,0.600118860823686,0.575070517590943,1.94509083969543,1.97972206921989,1.7961795799643,1.73374200908076,-0.863505739761571,0.771055150368642,0.317408823412342,0.0949580954631852,-0.720143453672756,-0.597934995088079,-0.444251915781118,-0.723526787849732,0.446455445379464,1.07133772108182,-1.23321624918318,-0.0452960303750682,0.208486222981217,-0.802823042251458,-0.617754621230122,0.0881812846222431,-1.13640993410055,-0.512579672044432,0.0336451341226025,2.38525936927683,2.36030195746809,2.51244395424105,0.381268853949369,0.65722458063374,1.23662357736453,0.496230246328455,-0.118733906464382,-0.105483377924108,0.655180777523025,2.83180044090197,-0.127274097367549,1.79310724380162,-0.0435165600327901,0.854415094266617,0.516532026663808,0.345424285989838,-0.321861540250354,0.921486769053237,3.6598881681463,0.024748829317402,-0.183536053079654,1.53063806280479,-0.217427187171022,0.773944766485803,-2.02506480463612,0.223861947321042,0.0759519559752211,-0.115382978305131,-0.370866985519292,-0.894138248865786,0.43905062085352,0.82897837806628,-0.0278472343569434,0.681606038310923,1.41387485424019,0.611551347612948,-0.293946934953727,0.0452768201586437,0.294245875850557,-1.1522015200085,-0.391348688885798,-0.413219819433159,-0.504578098615964,0.223072592487436,1.15101920296373,1.03318082040625,0.913181366273366,-0.152293680362675,2.32407992805221,-0.0654979378108623,1.92076316198387,-0.0924897401426294,0.705667118525611,1.67800845219631,-0.440959496409212,0.396950550146819,0.927243136822718,0.613386813521254,-1.56531543697313,-1.56531543697313,0.486441406234567,1.04923188615163,-1.35779417839402,-1.33127089395254,-1.29358715674149,0.0838245308487138,0.351977477180183,-0.260908893459341,0.94751679792459,-0.286904425214791,1.76818924662079,-0.41781270379772,0.960248140763403,-0.8651184939892,0.626603400623183,-0.581535976304412,0.0446822618622457,1.87686580060991,-0.144541836585371,0.0305326795277526,-0.307289207713733,-0.553757862530577,1.14097921304329,-0.413719465260767,-0.193271420973861,-0.121085140456948,-0.799654518454378,0.894893878851958,1.442151542338,-0.433845179637909,4.35763431525259,-0.826258750205395,-0.490435159498505,1.14646284668515,1.57514540246031,0.281459459960805,-0.629843707397574,1.91733814443261,3.14791254033394,1.41103323720088,-0.217427187171022,2.71965504790123,0.672346098709078,-0.413167436877806,-0.149937701058835,1.7101765580732,0.160681920767624,-0.231370130585801,1.42081616337779,0.528961010870487,-1.21809552051175,1.7101765580732,0.682832724400303,-1.34105073537663,-0.912061542959443,0.589585501005203,-1.56531543697313,-0.241958561604024,-0.394815653267903,1.75393896099451,-1.90644897969834,-0.244176455639738,-1.6043472156139,-0.109719622984733,-0.203665683067209,2.29158893062824,1.72065930304824,0.848260244467189,0.0427225572111723,1.56633512542155,0.726172755495118,0.619318223830926,0.317188096723854,0.0192985716239078,-0.35364645738641,0.194932231558836,0.513806959629217,-0.192589859272896,3.46778515277508,1.98708697135391,1.26061717483676,-0.82211313400597,-0.230075729421995,-1.11749960355766,3.26165559857376,-0.280832968781291
comm.and.crime_point_1517,comm.and.crime,regression,0.03,0.051686969055883,nominal,-1.20039562229281,0.87205458879957,-0.453822940289352,0.10142405253974,-0.629843707397574,0.845289154649251,-0.44849760935004,-0.40441055463925,-0.220480633356821,-0.444866529913555,-0.458028267120621,-0.687357492935775,-0.499564470154296,-1.56531543697313,0.94991524525517,0.884823305838383,-0.056684368540964,0.81042543756812,-0.640100742275393,-1.02539690198974,-0.771334789653356,0.879278868207322,0.417298235895379,0.278103309043281,0.80948152679624,0.100102838577144,0.806725466558606,-0.252778472003357,-0.433845179637909,-1.01991441715099,-1.01147293011705,-0.806536111069869,0.278809216881485,-0.462630445351289,1.31539611889071,0.264918814710728,-0.402359601765361,-0.156964313720294,0.261208422753086,-0.390461442929611,-0.424387256081161,-0.214464537849722,-0.350057212320766,0.143936619326893,0.985671747037421,0.966027012606508,1.07871370914443,1.49924747151068,0.169327956712836,0.817785642030109,-0.333979422149212,-0.608816497610759,-0.34476848053886,0.638049880711185,0.044462103313619,-0.0946770133781229,-0.399439552161281,-0.387478293723169,-0.516755545154489,-0.527054463374357,-0.565868788773144,0.591078001573987,-0.321263468856418,-0.394815653267903,-0.272093994394233,0.40046092821602,0.351888984044347,-0.180122176360894,1.10307681836132,-0.649009732299257,-0.667710973022016,0.726172755495118,-0.244678557014993,-1.59541329373824,1.08698470595177,-0.617754621230122,2.3634866430575,0.197114064352121,-0.84200519593359,3.32989587541734,1.00394925739407,0.805509844533911,0.684618966972274,1.11078795652828,1.23062463041877,1.07551893281821,1.57399646896132,0.825219881684049,1.17606334305485,0.343643763005101,0.00547415598365529,-0.226875569169311,-0.586463083611209,0.10330581002708,0.358142534415864,-0.331257768516057,0.194078202433754,-0.139144981884744,-0.851110337619796,-0.487590987704104,-0.391348688885798,3.1028076820837,0.369181677055691,-0.375024355916575,-0.660482479245224,0.58448334399507,-0.524905716995868,-1.92129258340332,-0.34476848053886,-0.316872478427771,-0.608817600383137,0.763017663402644,1.7814317839229,-1.13067514513639,-1.7024801653824,-0.211005826876756,-0.485014452496014,1.45063237705275,-0.148565325619854,-0.826699247575706,0.773648615506715,2.02201691669276,0.134929855663671,-0.230503261067549,-0.370866985519292,1.06464186335627,-0.826569200352095,0.0512926106647712,0.156946236789233,-0.213318223552372,-0.592122486177232,-1.23504806525446,0.511652676906082,-0.883719295584461,-0.385406580997984,-0.70552988692494,0.641654500246602,0.845289154649251,-1.23561849465356,0.682832724400303,0.682832724400303,-1.70581571667588,-0.307289207713733,-0.914542988132221,-1.61925845715135,0.30420847476134,0.274957880777056,0.15346437026538,-0.739281849167541,0.252720923722782,-0.286904425214791,1.11274025679674,-0.310748701822181,-0.882023949694159,1.47531974872065,-1.15249049956315,-1.09698938712883,-0.229179716068034,-2.43057212499046,-1.01991441715099,1.21228566329134,-1.48687276759666,-1.00671795787817,-0.20888346424473,-0.236728129982936,-1.35124072729229,1.31539611889071,1.12266556301406,3.23972751148113,0.100170724627871,2.45811630060474,4.12824881301886,-0.956724101762177,-0.447422857068877,-1.18175658985325,0.321344892711017,1.14542214955724,-0.590386957395979,-0.718130441861903,-0.180122176360894,0.194009440828534,-0.296225771543798,-1.15249049956315,-0.358453625130612,-0.0669263775634199,-0.241958561604024,-1.3576732534092,-0.363236207687417,0.191036059112137,0.192634769739419,-0.611535701313945,-0.288220510132573,1.06120832872116,0.682832724400303,0.108891065540274,-0.778386370841756,-1.44035650990991,0.682832724400303,-0.333979422149212,0.012169761977951,-0.484813844404564,-0.245827430569399,-0.632289530606369,0.641952926881002,-0.265657561852559,-0.497628312119698,-0.0286347433489841,0.820313006314475,-0.342818397021626,0.59996722821086,1.14451198906069,0.726172755495118,0.199830121136733,0.98688515649694,1.60490102371564,3.15800429275553,-1.26292488459756,-0.733827980135861,-1.70972241982659,-0.319107477609904,-0.367596131833887,1.26061717483676,0.0672766422167828,0.802159030629787,-0.963629592544147,1.82653673144917,-0.58347083930006
comm.and.crime_point_1057,comm.and.crime,regression,1,0.032460768734396,anomaly,-1.38334975138032,0.176086267780421,0.334162903438415,-0.203981505847819,1.46136404268695,-2.59677809663636,2.47187488613619,1.87524147413103,-0.156045871094839,1.15721189921055,0.502906423102059,-1.18963028776559,0.358094193618742,0.682832724400303,-0.196421853214959,0.884823305838383,-0.840584712680936,-1.43587470492678,-1.56166094451159,0.595226432131034,-1.48748017405602,-0.280832968781291,-0.262943549469985,-0.0430886968833349,0.401540480797687,0.342857548364707,-0.0632363539352424,-0.307399221155361,0.269604910150844,0.249375824669157,0.253996478965534,0.329221661157051,-0.58163965777976,0.32877769022445,0.740803615151647,1.10489804781,-1.25727014298877,0.194932231558836,-0.651338533289799,1.41815068347151,1.34262566641654,1.55524724197176,1.50172795984673,0.6614207192824,-1.34133494840186,-1.16623659095697,-1.34415082817177,-1.21605831923532,-0.127211605631618,-0.266432822203958,0.494208322757484,2.08746743456273,1.26093003509725,0.455475228757665,0.70820759855586,0.848260244467189,1.08797055430264,2.87811849306286,3.12217792664546,3.19012000596749,3.35198664460758,-2.09769800513719,2.36401980340519,1.43661871533844,0.93393430085157,-0.0123933177430025,0.795140174306145,0.295311354595511,-2.6008693831222,3.30419069149786,2.28867180695451,-1.23321624918318,0.220547338478165,0.00232627821327909,-2.69263079045468,-0.479994764969224,-1.44632698036898,0.455215483407476,-0.100797767182985,0.0336451341226025,1.36041638304123,1.45333989158982,1.36473989246763,1.293167732173,0.943924605526253,0.833861965998727,0.730527251248644,0.648228546406218,1.22946112309564,-1.57750115985543,-0.286904425214791,-0.226875569169311,2.83146520485449,-1.16915473049179,-1.24095793621434,0.566402014615565,-0.310408742753192,-0.504578098615964,3.77733766313757,0.560193220089682,1.56430964666924,1.55092314047878,0.670299999286939,-0.375024355916575,-0.462630445351289,-1.96575689216723,1.26061717483676,0.817785642030109,-0.34476848053886,-0.748828535159937,-1.35065128643802,-1.61274064862427,-0.176389105893484,1.13012207196148,0.874910325096869,0.330621066828893,-2.93923314797798,-1.99006571051558,0.0937373566032682,-0.295725241742213,0.971171706328788,-0.391348688885798,-0.139144981884744,-0.230503261067549,0.00709456412135369,0.200868467281728,-0.435042880192443,0.568425864029928,-0.822313500858473,1.63938518873034,4.0517485312353,0.282168870917816,-0.736908318327921,1.25373139925322,0.221480193470925,0.405665753241116,0.592713710226646,0.312588270521716,-0.00294828920368394,0.682832724400303,-1.56531543697313,-1.97984785703968,1.4031069541165,0.60517537847966,-0.870490792834442,0.703657382637049,0.0838245308487138,1.29491473502549,-0.391374245016123,0.451234030637584,-0.286904425214791,-1.07208970928342,-1.00666471466318,1.06259659023327,0.0901624214025735,-0.681553878925593,0.730527251248644,-0.320467042044794,-0.648184017845477,1.38736017940446,-0.62599675589646,-0.484226741696171,2.78167556684714,-0.316872478427771,0.530234322887664,1.46097044519532,0.913181366273366,1.06926778297327,-0.277522937462631,-1.18813086037385,-0.35568405855027,0.916851781746651,1.39165222625989,-0.576459764357761,0.246923518931679,-0.0965886105387498,-0.236918153797056,1.50082079268855,-0.293054863427304,-0.761207603085388,2.09891625254177,0.255364319065638,1.09754002126074,0.620806112517094,0.477166715644901,-0.149937701058835,1.59218233455465,-0.220349445381496,-0.0201670357368324,0.857899691293538,0.444479772930899,1.08212161042621,-1.00369058285354,0.682832724400303,1.07551893281821,0.602923741041008,-1.34133494840186,0.368091981808023,-0.333979422149212,-0.801801068513758,-0.315851368525389,1.47410203102843,-0.632289530606369,0.473480416193885,-0.499564470154296,-0.644609626645943,-0.533031194213599,1.54059004370149,0.649747137552387,0.321344892711017,-0.402172844262473,-1.23321624918318,-0.114785955883911,-0.743165581250199,1.17800805584479,-0.629843707397574,-0.0564224436405426,-0.600152808018174,0.897849168625072,-1.64963732071814,-0.52457500537974,-1.73445348243088,0.660203159698619,-0.230075729421995,0.369910502906264,-0.478351146053977,-1.08786729016467
comm.and.crime_point_1831,comm.and.crime,regression,0.07,0.272510327138866,nominal,1.17800805584479,1.56802290981872,-0.453822940289352,0.895478504347391,-0.51147345739279,-0.629882524473152,-0.400622650407643,2.09030298627917,0.617171276048942,0.112378141086133,-0.217794594564951,-0.519933227992503,-0.499564470154296,-1.56531543697313,-0.578534219371668,0.22877310559976,1.60910386275648,-1.09892968355255,-0.179320641157294,-0.125050605255976,-0.353583315418467,-0.734789774559444,-0.890859043653398,-0.846068711699873,-0.0646778574863729,-0.0212745163166381,-0.779675500224294,-1.01746896013141,-0.35568405855027,0.511987598838842,1.47259665067469,1.46497943338397,-1.05966681036934,0.427703707171417,-0.638218393822105,-0.871523677129457,-0.573341710010043,1.25062186739623,-0.705017765998204,-0.554880727147895,-1.22239309204787,-0.499901921691897,-0.567914291399295,1.24359033173235,0.787628624021312,0.529882184604888,0.347282905426335,0.82042102382418,-1.13544611760276,-1.86422845370679,-0.333979422149212,-0.695793398648614,-0.230075729421995,-0.639972682963453,-0.761514569480531,-0.442074950479027,0.472490510248604,-0.0906058585608025,-0.135936926012634,0.148795440142343,0.626521995299251,-1.48060187244938,1.31721445998117,1.08050647699832,1.24855037787221,1.16719024213992,0.858461772914973,1.35183031227641,0.64642591680856,1.2085181776777,-0.435837813808171,0.726172755495118,-0.37760024144161,-0.873853487050458,0.817012170494165,-0.29631495662136,1.7814317839229,0.111080258000336,1.62868623323509,2.21498753645,-1.00117832437123,-1.00841428722264,-0.973175788922662,-0.986579463386079,-1.06297556872134,-1.01884144628399,-1.09698938712883,-1.82965014748341,-1.44042787894386,-1.00634996657257,-0.286904425214791,-0.226875569169311,0.668219452661009,0.348009760126863,-0.138130025434889,0.566402014615565,1.05170600925156,-0.504578098615964,-0.211005826876756,-0.70587936432781,-0.391348688885798,0.227256913815765,1.35857045010122,-0.375024355916575,-0.907797521612643,0.287943781650617,-1.90724602035016,-0.0381763034178386,-0.34476848053886,0.925001184677206,-3.00551104763739,-1.34276811316667,0.246923518931679,0.578708116571755,0.93934508735885,0.429098683866283,0.454899090454526,-2.13544731984946,-1.84468410118171,-0.767702135816429,-0.559632247542278,-0.391348688885798,-0.504578098615964,-0.139144981884744,1.08698470595177,-0.749282268400272,0.837417660326429,-0.293462891578667,-0.152293680362675,0.99496661054505,1.03562611786427,0.0394141611302526,2.32407992805221,2.18544067649016,-0.628161290785547,1.46394731530403,0.543772920206689,0.968220127909451,1.3719530937981,0.682832724400303,-1.56531543697313,0.102796409725239,3.17248229394089,0.415210582653175,-1.33127089395254,0.30420847476134,0.705007918115826,-0.293190120292925,-0.782770299686468,-0.789472887579932,-0.286904425214791,-0.416640719459369,0.438699312006588,0.0391120955346223,-0.960646585528377,-0.786206461289495,1.33969946404113,0.911911858641464,-0.202586991059232,2.39403864705492,0.118069937584314,-0.720143453672756,-0.7596488149613,-1.12679008480058,-0.708705024057152,-0.193271420973861,0.453507363282115,-0.319074498087268,-0.199361816374992,-0.543980067872989,-0.277522937462631,-0.34476848053886,0.0869987106920766,-0.533447461928133,-0.970100277440667,0.808933979835743,2.1245798644332,1.57973429269174,1.15220210325033,0.559441094015736,-0.017646871584048,-0.375024355916575,0.417298235895379,1.03312600205297,0.526629724118384,-0.333979422149212,-1.29867614164992,0.970373573834504,0.275517297051724,-0.984372399164023,-0.273610749555595,-1.21809552051175,-0.94469347109426,-1.56531543697313,-1.05911760742057,1.00394925739407,-0.202586991059232,0.682832724400303,-0.333979422149212,0.113916115789414,-0.611535701313945,-1.43198567994721,0.532049694293523,-0.874299669303055,-0.421595500720383,-0.301653226084705,3.14906289709809,1.36052078435473,-0.243561843564225,0.182033724961094,-1.15208064223734,-1.23321624918318,-0.114785955883911,0.149763831780583,0.324222120103087,2.01375854270928,-0.91102833931843,0.157339833982052,-1.04597692458435,-0.626152826019497,-0.629227587743642,1.54860473803558,-0.723292047758998,-0.34476848053886,-1.78426965128286,3.26165559857376,0.0722445468239389
comm.and.crime_point_1202,comm.and.crime,regression,0.02,0.035574743332776,nominal,0.324222120103087,0.524070428289996,-0.375024355916575,0.773316280992368,-0.35364645738641,0.517473225955383,0.126001897958727,-0.40441055463925,1.71256223450263,1.22686748308551,1.88425004029716,-0.0176604331626889,-0.265657561852559,0.682832724400303,1.80966806910777,0.502127355699187,-0.44863454061095,2.04589051594031,-0.179320641157294,-1.07041421682643,0.481919633051309,1.93851141502301,2.40569730080952,2.47291534954182,0.401540480797687,-1.05298203291378,-0.01206212920031,-0.0342954753953406,-0.433845179637909,-0.976145788122707,-0.495911319009332,-0.954678429186424,2.14311511198085,-0.957260530086126,0.0512926106647712,-0.871523677129457,0.851509192028974,-1.26292488459756,1.71054770588002,-1.59620286053036,1.28562524956178,-1.52747650352372,-1.54827114725268,-0.56760401811193,0.936160966283394,0.869105939717259,1.03299928391205,0.559333928560141,-1.13544611760276,-1.23652302704496,-0.333979422149212,-0.695793398648614,-0.230075729421995,-0.229179716068034,-0.00294828920368394,0.252720923722782,0.216040491892755,0.0790355329605499,0.202568513224571,0.317757916021518,0.328424299281152,-0.0700964263058121,-0.00267053824910844,-0.649181537796562,-0.534274058578104,-0.307289207713733,-0.0280406076086237,-0.708381655201343,0.443469960562887,-0.553751890761977,-0.667710973022016,0.726172755495118,-0.444061083654919,0.981586015860986,0.277067099578957,-0.52591471705619,-0.176389105893484,-1.05037612774876,-0.965539767392024,-0.499571897557428,1.85055868080609,1.75566058021591,1.95984570227607,1.61233233955127,1.80402468020379,1.88104215554983,1.6677152709294,-0.531713688779321,0.214903302320632,0.18787525574614,-0.189444898148642,-0.226875569169311,0.408629962397792,-0.581865250252313,-0.082988629895916,-0.879827635985382,-0.814895687940138,-0.504578098615964,0.429098683866283,1.04042764866183,-0.391348688885798,0.638049880711185,0.670299999286939,0.412961487811192,0.0814626478570313,-0.30513534303829,0.108666922041517,0.30420847476134,-0.34476848053886,0.331061606670478,-1.63597193492067,-0.424861492610813,1.41103323720088,-0.358695607590779,-0.54265444466673,0.281382258310197,1.02929070003541,-0.487789080732225,-1.94160517407096,-0.413719465260767,-0.559632247542278,-0.391348688885798,-0.0477867027019386,-0.413219819433159,-0.20888346424473,0.244057137085456,0.445891340166776,-0.695677644196011,0.311566195365187,1.7199375110035,-0.352747691465246,-0.446095258444874,0.310271871223178,0.267215693943522,0.828366967939835,-0.388045418306067,-2.24585211093084,0.312588270521716,-1.70972241982659,0.682832724400303,-1.56531543697313,0.705667118525611,-1.07401852163763,-0.914542988132221,-1.50406343187183,-0.266432822203958,-0.250658831525885,0.451234030637584,-0.826258750205395,-1.58352531523914,0.00547415598365529,-0.0342954753953406,-0.792536710712104,-1.44494042177841,-0.817354448219611,0.783582274169036,-0.112941966464035,-0.183536053079654,-1.98497509820421,0.205607195640876,-1.10745167520755,-1.01503934364349,-1.00671795787817,-0.532850506793854,0.176251652332003,-0.468978398668724,2.1198256241254,-1.33363231886228,0.504088273413761,-0.651338533289799,-0.35568405855027,-0.34476848053886,1.34816377574097,-0.232361344920738,0.246923518931679,-0.235899778288672,1.26061717483676,1.18516679267579,-0.760637999705362,3.14791254033394,-0.864272121234376,-0.217427187171022,-0.105964675924132,-0.358453625130612,0.0814626478570313,-0.333979422149212,-0.531713688779321,0.0654240792303436,-0.696016939253532,-0.830849724959226,-0.653776320283739,-1.16915473049179,-0.708705024057152,-1.56531543697313,-0.414699029235275,-0.912061542959443,-2.08399665971227,0.682832724400303,-0.333979422149212,3.47154579156771,-0.315851368525389,0.940330818808414,-0.308861968134177,0.0242203876949048,-0.343626531286471,0.727215975599007,0.425322062429169,0.68526106180441,0.203092646994081,-0.723488865413399,-0.683388268503048,0.726172755495118,-0.167221968720685,-0.18508469810596,-1.0174414932053,-0.0774492073752468,-0.156964313720294,-0.421919245194591,-0.998566532067046,-1.03554662389896,-0.0536383847421805,0.396654485240329,-0.377418245894594,-0.230075729421995,-0.758469577859468,-0.478351146053977,-0.93654835490529
comm.and.crime_point_0952,comm.and.crime,regression,0.12,0.213664047889132,nominal,-0.651533235030286,-0.171897892729153,-0.375024355916575,-0.692630399267912,-0.51147345739279,0.845289154649251,-0.687872404062027,-0.619472066787389,0.294997464739033,-0.235899778288672,-0.157736176426034,0.763652803239245,-0.499564470154296,-1.56531543697313,-0.912882539758789,-1.08332729487748,-0.15467191155846,-0.481197144366448,1.31821468747653,0.550209117294346,0.959349889319753,-0.835669064732367,-0.838532752471447,-1.00666471466318,-0.12295514977188,0.464234903258489,3.46778515277508,-0.908227461827405,-0.277522937462631,0.293144453697438,1.23825046380754,1.46497943338397,-1.20307495614621,1.86213095290244,-1.15535164718726,2.48839325526761,-0.972299962580968,2.557666178433,-1.18813086037385,1.52776353961703,-0.709389340354984,1.09854742782428,1.33833515053783,-0.632289530606369,-0.648184017845477,-0.584710153621474,-0.338433473059384,-0.380579614390398,0.169327956712836,0.760721512333579,-0.241958561604024,-0.521839596572905,-0.34476848053886,-1.14205297583563,-1.47267045724008,-1.38501220832434,-1.68168964394052,-0.769171424646212,-0.770634624582392,-0.738257558223326,-0.778795714500358,0.855547772725906,-0.594343123662683,-0.547435183985099,-0.534274058578104,-0.602185097684464,-0.851221389523392,-0.127296228476849,-0.0639199300512947,-0.458494049224697,0.723527982261056,-1.23321624918318,-0.37760024144161,0.208486222981217,0.00709456412135369,0.668004037204926,0.987720612375717,-1.30847754680412,2.08164632858268,1.00313064626811,-1.00117832437123,-1.00841428722264,-1.01568334676612,-1.03217440729726,-1.15854224368551,-1.22022225196689,-1.14384878811286,-1.12168480637209,-2.13459901947413,-0.175584594524771,-0.286904425214791,-0.226875569169311,-0.846052573874427,0.837417660326429,0.413283929954837,0.915491930277863,0.900359925695479,-0.413219819433159,-0.309483443914147,-0.531248663028845,-0.391348688885798,0.272900576804145,-0.0609873547032339,-0.453822940289352,-0.512093453824773,1.41479411855954,0.223861947321042,-0.551753470686607,0.802159030629787,1.46494625559241,1.04604216081623,-0.640839520976896,-0.917186199337522,-1.79237189160407,3.71003986462407,-0.506438677988928,0.193811995190487,0.287579502381766,-0.827012835844596,-0.236728129982936,-1.1522015200085,-0.391348688885798,-0.230503261067549,-0.504578098615964,0.43905062085352,0.762321174730183,1.66941109066569,0.913181366273366,-0.152293680362675,-1.01884144628399,-0.592122486177232,0.52492358070538,-1.05911760742057,-0.609687155220656,1.79938580709009,-1.23467066795639,0.396950550146819,-1.77723827490169,-1.52008084975738,0.682832724400303,0.525462353104163,0.0479899816524777,-1.25095605562007,1.17506976595912,-0.640100742275393,1.44549106869194,-1.11075890620342,0.600118860823686,-0.260908893459341,0.600118860823686,-0.286904425214791,-0.416640719459369,3.06176736040728,1.01142236549834,0.376746696020106,-0.629227587743642,1.19912126108902,-0.503041693998314,1.08469330854548,1.2998229213479,-1.06368304617927,1.58004448809894,-0.965539767392024,1.84290780523306,-0.472716577020044,-0.524119794207697,0.453507363282115,-0.853052298495168,-0.35568405855027,-0.114546206205749,-0.35568405855027,-0.34476848053886,-0.13044354190256,-0.533447461928133,-0.758443965028085,0.59996722821086,0.511849510519854,-0.156362707378436,-0.760637999705362,-0.866859498853478,-1.97546776140043,-0.375024355916575,-0.838532752471447,0.105406250597248,0.72448175801232,-0.333979422149212,-0.708705024057152,-0.649009732299257,0.148795440142343,1.57433883758259,-0.696016939253532,-0.728687620312182,-1.3576732534092,0.682832724400303,-0.0522135790060488,0.246456615393843,1.28273643156158,0.682832724400303,-0.241958561604024,1.18225283080978,-0.400332606464976,0.703099168932851,-0.56760401811193,-0.144252122992213,-0.421595500720383,-0.203665683067209,2.19070964045532,-1.20546616133649,-0.144305290106824,1.36617865083543,3.20675843349157,-1.23321624918318,-0.639146084251652,0.763652803239245,-1.20039562229281,-0.51147345739279,-0.0564224436405426,0.870274085276382,-0.571872999411319,0.909073916028471,0.312645653531477,-0.00652810323800724,2.98249868650247,-0.34476848053886,0.626360521262113,-0.826258750205395,-0.835669064732367
comm.and.crime_point_1913,comm.and.crime,regression,0.17,0.572109557920534,anomaly,0.629145668582266,1.56802290981872,-0.453822940289352,-0.570468175912889,-0.274732957383221,0.59942720812885,-0.544247527234835,-0.619472066787389,0.617171276048942,0.321344892711017,0.623023259379894,0.317188096723854,-0.499564470154296,-1.56531543697313,-0.626298265141257,-0.591289644698518,1.07017237616025,-0.256567130116958,0.511849510519854,0.910347635987851,0.60127719711842,-0.482591549127137,-0.576901296561691,-0.685472708736566,-0.356064318913911,-0.870916000573111,-0.830849724959226,-0.416640719459369,-0.35568405855027,0.380681711753999,-0.120957420021899,-0.0164437477815769,-0.438231512002885,0.229851673277482,-0.178544390830854,0.215508271587242,0.395556903376489,1.0998090622766,-0.275583904330964,0.212409265870761,-0.0253843380978089,0.584760136908366,0.466906834223718,-0.56760401811193,-0.40063011407534,-0.148565325619854,-0.0184324964327153,0.141594576137679,0.465867519057289,0.874849771726638,-0.333979422149212,-0.43486269553505,-0.34476848053886,0.227256913815765,0.37633485093474,0.203092646994081,0.267330495563925,-0.641940381005198,-0.64369508486844,-0.653776320283739,-0.65103955906403,0.811469477533919,-0.639856399463727,-0.852674245419489,-0.848890135598748,-0.779122631666902,-0.471291797870422,-0.708381655201343,-0.419092853481222,-0.601380811530617,0.317749953636827,-1.23321624918318,-0.444061083654919,0.620806112517094,-0.586845013885375,-0.434074812882258,0.0881812846222431,-0.319088773758589,1.01101337594292,0.712284992624459,-0.733827980135861,-0.749282268400272,-0.760637999705362,-1.12336429511962,-0.919625556275082,-0.938289124010825,-1.00327058516075,-0.531713688779321,-1.70741677914781,-0.0198160872658089,-0.189444898148642,-0.226875569169311,-0.802787658830557,1.22894398048608,-0.138130025434889,0.117572123049754,0.648116453102006,-0.504578098615964,-0.211005826876756,-0.574906338353587,-0.391348688885798,0.501118891746045,-0.0609873547032339,-0.453822940289352,-0.215315402983871,-0.127211605631618,-0.0641256158777693,-0.323496951900488,-0.115382978305131,0.115083578304395,0.24714434506481,1.73491879105002,-1.23467066795639,-0.193271420973861,-0.156045871094839,-0.8018715291011,0.141594576137679,-0.148565325619854,-0.342407471398352,-1.06268769461281,0.872410160917752,-0.391348688885798,-0.139144981884744,-0.413219819433159,0.00709456412135369,-0.187829560951817,1.27788477050604,1.83252937225587,-0.203833666554659,0.269995710086597,1.27500091257626,0.221480193470925,0.390824193496339,0.815279974671134,-0.0212745163166381,2.15183033064492,1.13106240044617,-0.793790488820086,0.613386813521254,0.682832724400303,0.682832724400303,0.431634978161806,0.223523394233582,-1.73772377004699,-1.3888684065923,-0.209368692507428,0.418307893223313,-1.43464048505304,0.391417864324567,0.699375414281087,-0.286904425214791,3.13370797542089,-0.150152698858873,-1.08672084863389,-0.8651184939892,-0.890859043653398,1.80829347388151,0.181613250827385,-2.23252900197435,-0.494690868811617,-0.888608530066145,0.0465858602511433,0.599231471081475,1.41095174850089,-0.649707912297875,-0.413837003129751,-0.0636258900830415,0.0547099621982618,-0.35568405855027,1.81790617129683,-0.35568405855027,-0.34476848053886,-0.347885794497196,1.01499542553847,-1.18175658985325,-1.14142236866316,-1.21607586867302,0.317118292640701,0.0895131571638354,0.189659458827421,-0.176389105893484,-0.138628602798245,1.77778180662611,-0.719233528474505,1.07072281732671,-0.241958561604024,0.176251652332003,3.87573774072154,1.03584843850801,-0.626152826019497,-0.696016939253532,-0.532924460232356,-0.649707912297875,0.682832724400303,-1.17994609083031,-0.822944761547652,0.886650185529367,-1.56531543697313,-0.333979422149212,-0.496562007079367,-0.696016939253532,1.0589466437462,1.04953379424903,0.978897948255237,-0.109719622984733,-0.644609626645943,-0.835669064732367,-0.800310327806298,0.15346437026538,-0.0269330266637888,0.347734953712392,-1.23321624918318,-0.48183804574133,-1.30124646439444,-1.44433446107615,2.21104229271725,-0.0564224436405426,-0.867503152253548,0.471155635969346,-0.421455927079768,-1.30946937310901,-0.352113179076581,-0.0809549871536759,-0.34476848053886,-0.50201955950362,-1.0002125522811,-1.13830693525114
comm.and.crime_point_1390,comm.and.crime,regression,0.39,0.0091299317669443,anomaly,-1.0174414932053,0.524070428289996,-0.138628602798245,-0.814792622622935,0.987883042667813,-0.506951551212952,-0.256997773580451,-0.533447461928133,-0.156045871094839,-0.375210946038594,-0.337911430842786,0.819460891553668,-0.109719622984733,0.682832724400303,-0.912882539758789,-0.864643894797944,-0.938572255698432,-0.649669655053565,0.68464204843914,0.595226432131034,0.959349889319753,-0.93654835490529,-0.576901296561691,-0.41781270379772,-0.764005364912463,-0.749538645679329,-0.523804376549633,-1.01746896013141,0.0351215468879261,0.94967388912165,0.488342665832679,0.625506297390161,-0.486034227261844,0.72448175801232,-0.982973896065542,-1.26680802211735,0.110586722968685,-0.408318988919673,-0.221904671622559,1.36334425539874,-0.424387256081161,1.38398481166645,1.4472636900771,-0.632289530606369,-1.04427026387769,-1.11777605451234,-1.61843737956606,-0.746101547760053,0.287943781650617,-0.0381763034178386,-0.0579168405136468,0.304440963286713,-0.230075729421995,-0.137892390091274,-0.619283391928622,-0.789472887579932,0.164750488221586,-0.514709337364183,-0.60138190496379,-0.611535701313945,-0.480698018482259,0.591078001573987,-0.412290020458506,-0.191322945644976,-0.324530007231007,-0.779122631666902,-1.04118618534988,-0.180122176360894,-0.419092853481222,-0.125091603844216,0.259781663833366,0.726172755495118,0.154086496264857,-1.0800134318184,-0.316872478427771,-0.250395004534394,0.246923518931679,0.197114064352121,1.05219156642907,-0.0148291414846731,-0.867503152253548,-0.835659608007726,-0.760637999705362,-1.03217440729726,-0.871842218792997,-0.817460640601083,-0.8158329812246,-0.000739682945828393,-0.639461178332008,0.0840295842401654,0.00547415598365529,0.370733261641266,-0.586463083611209,-0.875509990372052,-0.193271420973861,-0.13177781670903,-0.814895687940138,-0.230503261067549,-0.211005826876756,-0.70587936432781,-0.391348688885798,-1.46155861675429,0.283147870703906,-0.217427187171022,3.14816917321302,0.703099168932851,3.0461400666694,0.24714434506481,-0.34476848053886,0.0610890712128745,0.532464993547459,-0.586845013885375,0.352751675137971,0.854415094266617,-0.156045871094839,-0.309483443914147,-1.63379767165778,-1.06931551806772,1.59601398638663,0.825219881684049,0.92179093362327,0.607285354801882,0.500362972394892,-0.321861540250354,0.169078085395916,-0.792470938203999,0.592713710226646,-0.23600364120476,-3.19315286568976,0.672757321452404,0.700501405267494,0.342857548364707,-0.253594384688952,1.19892497118046,1.92076316198387,1.1993769247883,0.299068970106906,0.968220127909451,-1.28302888717086,-1.56531543697313,0.682832724400303,0.486441406234567,0.40046092821602,-0.914542988132221,0.223861947321042,-0.780009989472726,1.56510799279336,0.15346437026538,-0.13044354190256,0.10383609353668,-0.286904425214791,-1.07208970928342,-0.471344704785489,-0.370281702344836,-0.339713990523725,-0.838532752471447,1.6677152709294,-0.320467042044794,-0.00454386804312309,0.555756227867123,1.12474840523477,-0.366268385707879,-0.265510529127564,-1.61274064862427,-0.590710800538598,-1.62694770498715,0.798262865525553,0.0547099621982618,-0.35568405855027,0.475925353586706,1.20753836320251,-0.230075729421995,-0.0869550913836323,-0.576459764357761,0.82897837806628,3.3861905832093,1.14542214955724,-0.669300457399169,0.812141640502654,-1.60642276923011,0.82897837806628,-0.375024355916575,1.14986631244269,0.414646167749156,0.427703707171417,0.678250043847861,0.471237211128387,1.4466627815209,0.275517297051724,0.243808994474351,-0.189129511616007,0.984240030386299,1.23819966399899,-1.56531543697313,-0.978565285147405,-0.689269589429965,1.08469330854548,-1.56531543697313,-0.333979422149212,-0.140449768739244,-0.738257558223326,-1.37267776747832,-0.502918505617492,-0.649669655053565,-0.0317506535508209,-1.08555357022468,1.68631318959071,-0.26010254976604,0.699375414281087,0.321344892711017,0.535211903206109,-1.23321624918318,1.03880632652512,1.04269324481136,0.751115087973938,0.593315542651865,-0.709944599158927,0.246456615393843,-1.28302888717086,-0.830849724959226,2.45802359199147,0.799837073718665,0.660203159698619,-0.34476848053886,-0.399439552161281,-0.173931992421487,-0.331272613867753
comm.and.crime_point_1499,comm.and.crime,regression,0.06,0.128253316160404,nominal,0.812099797669774,0.87205458879957,-0.138628602798245,0.284667387572275,-0.4325599573896,0.681381190302317,-0.304872732522849,-0.490435159498505,-0.284915395618803,-0.166244194413711,-0.397969848981704,-0.408317051363656,-0.0317506535508209,0.682832724400303,0.520038833328871,0.884823305838383,-0.742597169663439,0.13653539481965,-0.179320641157294,-0.575223753622857,0.839992325252642,0.374882417342708,-0.00131209356022966,-0.150152698858873,0.634649649939717,1.37456506496185,0.0902863202695546,0.566532765276704,-0.35568405855027,-0.888608530066145,-0.777126743249906,-0.460870702131241,-0.677245088297676,-0.561556462298257,0.913181366273366,0.413150444081187,-0.516347673928482,0.245203166598712,-0.705017765998204,-0.390461442929611,-0.367386839226397,-0.442814444923462,-0.45898575186003,0.337993156810208,0.63909628175923,0.626803257494137,0.804427157750147,0.507116509507333,0.406559606588398,0.589529123243989,-0.241958561604024,-0.521839596572905,-0.230075729421995,-0.366110705033174,-0.240000251790199,-0.392446673750327,-0.50201955950362,-0.514709337364183,-0.474442365249838,-0.527054463374357,-0.523283403627701,0.591078001573987,-0.503316572060594,-0.140449768739244,-0.00991393021036301,0.577398462198459,0.795140174306145,-0.444251915781118,1.15381580742274,-0.506122969993337,-0.551774393415093,0.726172755495118,-0.244678557014993,0.311566195365187,1.03299019886025,-0.342234908708326,0.194009440828534,-0.319088773758589,-0.924361576905879,-0.69346899998653,0.0682230525702607,-0.0582635515406352,-0.165532189896924,1.11078795652828,0.848357930562082,0.511652676906082,0.730527251248644,-0.472716577020044,0.375096642443002,0.18787525574614,-0.286904425214791,-0.226875569169311,-0.49993325352347,0.0543650200071232,0.90955648980559,0.616272002567322,-0.0581652701597183,-0.0477867027019386,-0.506438677988928,-0.00735655913195239,-0.391348688885798,-0.685616345951833,0.455215483407476,-0.138628602798245,0.526629724118384,0.821714993870633,-0.697698254915155,-0.837074119169256,-0.34476848053886,1.30296273431785,-0.494689340990077,0.0610890712128745,1.35811915909774,1.35068765411737,-1.12256730502457,-0.211005826876756,0.768203604771372,0.966027012606508,0.432961111715639,0.471237211128387,-0.0658245204870952,-0.391348688885798,-0.321861540250354,-0.413219819433159,-1.61274064862427,0.416811816300365,1.27788477050604,2.46458112636884,0.826966057285032,-0.817460640601083,-0.304872732522849,0.464234903258489,0.471376515769501,0.157602837798,-0.264029226104202,-0.758443965028085,0.152246600047036,0.35356526160845,-0.524462606894016,0.682832724400303,-1.56531543697313,-0.116429302565806,-1.01503934364349,-0.281327002043937,-2.19523358354898,-0.266432822203958,0.800574593079997,0.997145074653291,-0.695793398648614,-1.23612737813824,-0.286904425214791,-0.0342954753953406,0.171039307067742,-0.216759028140039,-0.912882539758789,0.207993071167575,0.168214439440191,2.50944006323476,0.936160966283394,1.16851703426305,-0.538459497839898,-0.248310029719587,-0.636114243502866,-0.748828535159937,0.117254540572726,-0.689543980824615,2.63695887749056,0.588687762606162,1.91098845299127,1.01271768067076,-0.043039574199713,-0.000690227188266011,-0.652304948129686,-0.533447461928133,-0.546787652615503,-1.0717667847882,-0.697698254915155,1.02733979266941,0.217035830694215,-0.602729759433253,-0.917186199337522,0.0977671503200851,-0.210617258288034,0.723886084901063,-0.165852394510387,-0.333979422149212,1.41519099927682,-0.410865128456057,-0.696016939253532,0.857899691293538,-0.738257558223326,1.13106240044617,3.0081130167773,0.682832724400303,-0.253594384688952,1.40497477374713,-0.153076210305205,0.682832724400303,-0.149937701058835,-0.59830836089083,3.44356371978626,1.0589466437462,0.6614207192824,-0.874299669303055,-0.0317506535508209,-0.44863454061095,-0.331272613867753,1.27048615468136,-1.63315359196784,-1.62901145578789,1.05077351431383,0.726172755495118,-0.534274058578104,-0.631549404621351,-1.0174414932053,2.01375854270928,-0.760215534198803,0.157339833982052,-0.192589859272896,-0.370281702344836,1.20219260362464,-0.58250322963563,0.363739900957701,-0.34476848053886,-1.11749960355766,-0.13044354190256,1.18191673872609
comm.and.crime_point_0976,comm.and.crime,regression,0.09,0.438681057965988,nominal,-0.224640267159436,-0.171897892729153,-0.453822940289352,0.345748499249786,-0.472016707391195,0.763335172475784,-0.44849760935004,-0.533447461928133,-0.349350157880785,-0.0965886105387498,-0.0976777582871161,-0.0176604331626889,-0.343626531286471,0.682832724400303,0.328982650250517,0.283443955619646,-0.644609626645943,-0.425039640804075,0.396654485240329,0.190070598600841,0.183525722883532,0.324442772256246,-0.00131209356022966,-0.0966206978711041,-0.12295514977188,-1.23504806525446,-0.67732705075443,-0.908227461827405,-0.35568405855027,-0.669765384924741,-0.683388268503048,-0.510251474836759,-0.533836942520802,0.625555741065352,0.396048112908209,-0.377418245894594,-0.231377493520679,0.194932231558836,-0.651338533289799,-0.993332151729983,0.259617746176014,-0.899514259070941,-0.94916417978672,0.726106231776839,0.688607062513258,0.626803257494137,0.0729963540320473,0.298246833296102,0.169327956712836,-0.152304562810898,-0.333979422149212,-0.608816497610759,-0.34476848053886,-1.27898396480077,-1.42526006472277,-1.48426876178174,-1.47652962925584,-0.684350728885536,-0.686008264773091,-0.653776320283739,-0.608454173918587,0.28252993523008,-0.503316572060594,0.317408823412342,0.357138159647056,0.577398462198459,1.11174816735029,-0.919685446737523,1.15381580742274,-0.553751890761977,-0.609742683218555,0.726172755495118,-0.510521925868227,1.08466598824495,0.871006677585685,-0.250395004534394,-0.599701730718649,-0.620207095989836,-0.883183386419734,-0.1602519683065,0.469248568923321,0.33043447669291,0.132020715007295,-0.530630024274263,0.561657905669569,0.632481160315823,0.449370845344417,1.17920255223971,0.428494422483792,1.48594614957082,-0.286904425214791,-0.226875569169311,-0.197078848216383,1.37576635054595,1.9021016095071,0.765881966422592,1.6066416489572,-0.413219819433159,-0.555677486507623,1.12774299931132,-0.391348688885798,0.181613250827385,1.444604256453,0.649357240929522,-1.25403858092703,-0.542366992913852,-1.27367338131278,-0.209368692507428,-0.230075729421995,-0.370866985519292,-1.86422845370679,0.331061606670478,-0.017646871584048,-1.02039235405845,-0.156045871094839,-0.752632720582405,-0.537231871548822,0.239118965937142,-1.55392088251396,-0.649707912297875,-0.757155338364351,-0.391348688885798,-0.139144981884744,-0.321861540250354,0.00709456412135369,-0.878848277811454,1.32682556052599,1.94744787300368,-0.152293680362675,0.108891065540274,-0.209122814638054,0.464234903258489,2.04214680009615,-0.0616228744930443,-0.385406580997984,-0.017646871584048,-0.826569200352095,0.59942720812885,-1.42526006472277,-0.148982095307866,0.480499389876695,0.102796409725239,-0.66116427567861,0.541853779870831,-0.00652810323800724,1.21723454990582,-1.25410891864968,1.09640162811069,-0.739281849167541,2.18822371614211,-0.286904425214791,0.348049768668688,-0.36428070280995,-0.370281702344836,-0.626298265141257,2.09173955371781,-1.05012998614479,0.135969587839005,-0.0540546487971503,-0.932377159094426,0.687062114951965,-0.838101809661048,-0.84200519593359,-0.20888346424473,0.176251652332003,-0.248412816512834,-0.23600364120476,-1.49382565898465,0.0351215468879261,1.28111384421278,-0.277522937462631,-0.34476848053886,-0.43486269553505,-0.490435159498505,-0.0705609496871936,-0.723488865413399,-0.409710691716343,1.65864779269492,0.174528272850755,-0.285774072128984,0.141095362725389,-0.453822940289352,0.888234856532939,0.981586015860986,-1.30350158940051,-0.241958561604024,-1.41667036516848,-0.363236207687417,-0.696016939253532,-1.64963732071814,-0.653776320283739,-0.630806040272269,-0.708705024057152,0.682832724400303,-0.817460640601083,-0.867503152253548,-0.202586991059232,0.682832724400303,-0.0579168405136468,-0.59830836089083,-0.738257558223326,-0.779598642789415,0.6614207192824,2.10204801950269,0.202156254750917,-0.301653226084705,1.88807176993655,0.550209117294346,-1.28575565486694,-1.0717667847882,-0.870865217996765,-1.23321624918318,-0.848890135598748,-0.91058984619347,0.202252700711415,-0.51147345739279,1.04953812723672,-0.0654521195474263,-0.145179466755593,-0.67732705075443,0.103340488803673,0.742239561078903,-0.871523677129457,-0.115382978305131,0.831520535946791,3.26165559857376,-0.835669064732367
comm.and.crime_point_0753,comm.and.crime,regression,0.11,0.550378258661383,nominal,-0.468579105942779,-0.519882053238727,0.0977671503200851,-0.753711510945423,-0.195819457380031,0.59942720812885,-0.639997445119629,-0.576459764357761,0.0372584156911057,-0.166244194413711,-0.0976777582871161,0.372996185038278,0.124187285317004,0.682832724400303,-0.912882539758789,-0.700631344738288,0.531240889564015,-0.76198466217831,0.511849510519854,0.280105228274217,0.123846940849976,-0.835669064732367,-0.681553878925593,-0.792536710712104,-0.705728072626956,-0.567472613338656,-0.779675500224294,-1.01746896013141,0.269604910150844,0.862136631065088,0.582081140579538,0.526744751979124,-0.629442373038718,0.72448175801232,-0.580759143448198,0.0672766422167828,-0.0603953852759968,0.597099711877842,-0.597659300581394,0.870086402743895,-0.53838808979069,0.927284997518976,0.957085262150409,-0.56760401811193,-0.499651675583395,-0.390868007842976,-0.384147898291766,-0.11949251912636,0.643791256463961,0.133016085671751,-0.0579168405136468,-0.13044354190256,-0.34476848053886,1.2770611625485,0.37633485093474,-0.193933566835524,-0.45072955583245,-0.684350728885536,-0.728321444677741,-0.738257558223326,-0.736210329354915,0.899626067917892,-0.594343123662683,-0.649181537796562,-0.639146084251652,-0.720143453672756,-0.661256593696907,-0.549903811549208,-0.114658919112713,-0.363236207687417,0.0858767944229815,0.726172755495118,-0.0452960303750682,0.260026209173202,-0.20888346424473,-0.479994764969224,0.246923518931679,0.111080258000336,1.1757261378875,-0.838891826808356,-0.867503152253548,-0.878848277811454,-0.845653115392282,-1.12336429511962,-1.15854224368551,-1.17994609083031,-1.28442699106498,-0.295725241742213,-1.81421233922939,-0.74673578780763,-0.0919853710824933,-0.226875569169311,-0.889317488918297,1.22894398048608,0.0272941611820292,0.865621942326106,0.648116453102006,-0.230503261067549,0.330621066828893,-0.662221689003069,-0.391348688885798,0.0446822618622457,1.35857045010122,0.806954409675075,-0.611019470771741,0.999638731277305,1.95178732651391,-0.837074119169256,-0.34476848053886,-1.50475163444123,0.0188878262786913,-2.206680226631,-0.335131340202921,-0.0278472343569434,0.230562702477051,-0.457199869470233,-1.37271057639375,-0.923933908733845,-1.89314463762633,-2.1246357062798,0.131698570334978,-0.391348688885798,0.409004693212087,3.78926102297587,0.978995691768727,0.114491127674274,-0.581865250252313,0.166211111412584,-1.80157323850618,1.15607125509137,-0.687872404062027,-0.0212745163166381,-1.13966992969373,0.870086402743895,4.83381967943463,0.564407987550553,-1.56068105065144,0.47649623486865,-0.382231429342107,0.682832724400303,-1.13816728631218,-0.774106439438939,2.99554475995845,-0.724578192305735,0.223861947321042,-0.837074119169256,-1.06297556872134,-0.938357717766034,-0.565328047091832,0.749003691009788,-0.286904425214791,0.894257260188728,-0.739004709724335,-1.64963732071814,-0.960646585528377,2.35337100962757,0.121355038456154,0.729337206687944,-0.0540546487971503,-0.932377159094426,1.12474840523477,-0.838101809661048,0.475696899623041,0.385056113761999,0.23524876409128,1.9021016095071,-0.121085140456948,-0.586063398291218,-0.277522937462631,-0.705017765998204,-0.277522937462631,-0.230075729421995,-0.91323565124325,-0.533447461928133,-1.60506921467841,3.52550175095922,0.16626443468128,0.119834542632727,0.429573619911515,-0.497077863665163,1.46394731530403,-0.375024355916575,0.260319362349526,0.826966057285032,1.02125980885322,0.310166601667107,0.176251652332003,0.160681920767624,-0.189129511616007,-0.4726301518147,-0.653776320283739,0.690595290266559,0.589231434646941,-1.56531543697313,0.269995710086597,2.56349293210042,1.6788226775938,0.682832724400303,-0.241958561604024,1.38574553843271,-0.0201670357368324,1.47410203102843,0.467364181799085,0.529637919756257,-0.265657561852559,1.16815991917774,3.04818360692517,-0.98037958715305,0.600118860823686,-0.0965886105387498,0.957035039566971,-1.23321624918318,-0.48183804574133,1.43334986301233,1.17800805584479,-0.629843707397574,1.0998090622766,-0.377360854488696,-0.808924961997834,0.806725466558606,0.155666779985624,-0.409710691716343,0.808434789069078,-0.230075729421995,-0.50201955950362,-0.43486269553505,0.324442772256246
comm.and.crime_point_1317,comm.and.crime,regression,0.12,0.475581985034767,nominal,0.629145668582266,0.524070428289996,-0.453822940289352,-0.6315492875904,0.356575042642296,0.0257493329145824,-0.209122814638054,-0.533447461928133,-0.413784920142767,-0.305555362163633,-0.397969848981704,-0.18508469810596,-0.343626531286471,0.682832724400303,0.376746696020106,0.392785655659416,-0.791590941172187,0.36116540906914,-0.236918153797056,-0.710275698132921,0.422240851017754,0.274003127169785,0.364971944713428,0.171039307067742,0.984313403652762,-1.23504806525446,0.499680118149013,-0.252778472003357,-0.433845179637909,-0.932377159094426,-0.449042081635903,-0.460870702131241,0.0397956405866952,-0.907797521612643,0.683344364777741,0.561382073451646,-0.801317854336286,-0.458589923959548,0.475925353586706,-0.116429302565806,-0.481387672935926,-0.100289584312853,-0.0777358634726045,-0.56760401811193,0.243010035727013,0.384500575271014,0.255854054961572,0.402681671401718,1.23687038115287,0.874849771726638,-0.333979422149212,-0.695793398648614,-0.34476848053886,0.181613250827385,-0.42964182185941,-0.342818397021626,-0.348149548490111,-0.472298989483845,-0.60138190496379,-0.569295082344151,-0.565868788773144,0.635156296765973,-0.366776744657462,-0.700054714702294,-0.691582097088426,-0.484226741696171,-0.15468380482628,-0.708381655201343,0.0375580480715412,-0.649009732299257,-0.609742683218555,0.726172755495118,-0.444061083654919,0.672346098709078,-0.154888957153209,-0.75551447749102,-1.60506921467841,0.670299999286939,-0.924361576905879,-0.69346899998653,-0.421919245194591,-0.533338919381635,-0.590607768331523,0.381268853949369,0.274957880777056,0.310271871223178,0.308792642392304,-0.826699247575706,-1.54722343902544,-1.11019563807854,-0.286904425214791,-0.226875569169311,-0.629727998655079,-0.0435165600327901,-0.0278472343569434,0.0178321471462401,-0.209511353715802,-0.504578098615964,-0.260244635395451,-0.400275637054622,-0.391348688885798,-0.959478323882113,0.584266192935153,0.0189685659473083,2.6040760800047,-1.13544611760276,-0.352113179076581,0.24714434506481,-0.000690227188266011,1.78891329814154,0.36127260445787,0.169078085395916,1.25229100289144,0.0824355567210018,-0.800393493714657,-0.70339391206371,0.872638442876987,-1.65084195540321,-0.4393285442876,0.353242987609834,1.21807556985638,-0.391348688885798,-0.230503261067549,-0.139144981884744,-1.72072966280731,-0.922036947615181,-2.68631922111045,0.913181366273366,0.517726140133124,-0.0119374178694681,-0.687872404062027,-0.324717903551093,-0.938289124010825,2.62389210107225,-1.23504806525446,-1.1288425117501,-2.14797053089092,0.927243136822718,-0.998566532067046,0.682832724400303,0.682832724400303,1.08931211503494,-0.779122631666902,0.858461772914973,-1.27367338131278,-0.152304562810898,0.0838245308487138,1.543056118669,0.130487161211004,0.15346437026538,0.102933683049804,0.730395012732716,0.974019321884281,0.243808994474351,-0.626298265141257,1.09754002126074,2.88605969651438,0.181613250827385,-2.72763680951462,-0.363384981726775,1.78127784065899,-0.779122631666902,0.228627756706173,0.169078085395916,3.0081130167773,-0.303554212051806,1.31539611889071,-0.586063398291218,-0.277522937462631,-0.275583904330964,-0.277522937462631,-0.115382978305131,-0.565328047091832,-0.576459764357761,-0.335131340202921,-0.0965886105387498,-0.524905716995868,-0.550930207394384,1.23721721893725,-0.814033550969433,0.723150221859989,-0.296225771543798,-0.786206461289495,0.46618615394114,0.229851673277482,-0.333979422149212,-0.295725241742213,-0.744267573836537,-0.484813844404564,-0.779675500224294,-0.653776320283739,-0.0435165600327901,0.23524876409128,-1.56531543697313,-1.50215537992296,1.36041638304123,-0.0540546487971503,0.682832724400303,-0.333979422149212,0.113916115789414,-0.400332606464976,-1.25406194254054,-0.891031580584123,-1.09892968355255,-0.499564470154296,-0.252659454575957,0.274003127169785,-0.305119864602728,0.600118860823686,-0.653833281538438,-1.05834216749048,-1.23321624918318,-0.534274058578104,-0.0176604331626889,-1.38334975138032,-0.708757207400764,-0.156964313720294,1.27129960162944,-0.00294828920368394,1.72786151178739,-0.890859043653398,1.14542214955724,-0.229186616524135,-0.115382978305131,0.728940528604452,1.30467532522204,-1.28962587051052
comm.and.crime_point_0299,comm.and.crime,regression,0.29,0.0287414873031834,anomaly,-1.38334975138032,-1.21585037425788,-0.453822940289352,2.66683074299523,-0.708757207400764,-0.506951551212952,-0.496372568292438,3.6817581761754,0.746040800572905,0.460656060460939,0.202614332407471,-0.408317051363656,-0.499564470154296,-1.56531543697313,-0.00536567013660394,0.0100897055202199,0.38425957503777,-0.930457172865427,0.108666922041517,1.27048615468136,-0.293904533384912,-0.23039332369483,-0.838532752471447,-0.899600712687643,-1.69644204148058,-0.203340548657311,-0.319107477609904,-0.580502966915381,-0.35568405855027,0.161838566612595,2.64432758501042,1.90940638773364,-1.15527224088726,0.229851673277482,-0.00616663970913513,-0.476239332141566,-1.42825225123345,1.40143467251585,-1.45652702391587,-0.719300011366178,0.0316160787569558,-0.785339305534071,-0.785771370477824,3.11947019407106,0.540074720251176,0.190658429492517,0.53014060635586,1.08150811908822,-0.00859578069383644,-0.0952404331143684,-0.333979422149212,-0.304397343978269,-0.115382978305131,0.0446822618622457,0.139282888348225,0.15346437026538,0.0621704808792462,1.73303910029374,1.76815616969664,1.75393896099451,1.60598585364443,-2.84702902340097,3.86595790483965,3.72591167609637,3.92278703254769,2.81860722597601,1.87160735065623,3.14791254033394,-0.469831842542641,3.87573774072154,0.433686533243749,-1.23321624918318,-0.510521925868227,0.826966057285032,-0.0468999429701671,-0.663674573317088,-1.02301435554381,0.455215483407476,-0.0596195766968404,1.05160492187539,1.09306603880586,0.97826452374882,0.854649198346114,0.518053685682914,0.752791255597911,0.95469044940847,0.824246053216719,1.82817078159176,1.38965446321801,-1.31788698109049,-0.286904425214791,-0.226875569169311,2.26902130928418,-0.337161300152529,-0.0278472343569434,0.666141990519079,0.648116453102006,-0.504578098615964,0.724531534978455,-0.618564013678328,-0.391348688885798,-0.0466050641145143,0.0250464516485512,-0.217427187171022,1.56535290206154,-0.36444325550718,1.37581220011629,1.16017042020929,-0.34476848053886,1.19497372013481,-1.86422845370679,1.35695724140937,-0.811358043131231,0.192718347798946,-0.735958731452675,-0.752632720582405,-0.850536385865668,-0.10010478917523,-2.13544731984946,-1.18068191813137,-0.707774565658833,-0.391348688885798,2.96703651033063,-0.504578098615964,-0.26287797133625,1.32377388217864,-0.630806040272269,0.281129612160397,0.105406250597248,-0.253594384688952,-0.496372568292438,0.52492358070538,-1.17994609083031,1.58256996768979,-0.688849968232438,-1.07592843364696,-0.0924573500527467,0.763335172475784,-1.52008084975738,0.682832724400303,0.255684573739351,1.80179567998083,0.754335996180896,0.415210582653175,-0.00652810323800724,-0.209368692507428,-0.72849220634674,1.24528645829679,-0.565328047091832,0.600118860823686,-0.286904425214791,-0.96284821097941,-0.578408706761027,1.1137708149682,0.663330970637638,1.62080293308025,-0.487817174336336,1.00319918461822,0.540074720251176,-0.232079094641932,1.38736017940446,-0.897080987655194,-0.800827005447445,-0.316872478427771,0.589231434646941,0.137576952259974,-2.4194551554132,0.481892202524582,-0.121200695287352,2.78413236004812,-0.35568405855027,-0.115382978305131,2.18096542220705e-05,0.154749376945913,1.14646284668515,-0.862800033163321,1.43340971275605,-0.51147345739279,-0.505592652644603,-0.708381655201343,1.41103323720088,-0.217427187171022,-0.419922423015838,-0.152293680362675,-1.45189061482096,-0.241958561604024,0.117254540572726,-0.553751890761977,-0.10464827367642,-0.267933252874971,-0.315851368525389,0.837417660326429,0.943214105202603,0.682832724400303,2.32407992805221,3.00907683915937,-0.103565429551178,-1.56531543697313,-0.241958561604024,-0.343942476362171,-0.189129511616007,0.643791256463961,0.208622131821331,-0.649669655053565,-0.499564470154296,-0.546622083628446,0.0722445468239389,-0.440171809112793,0.848260244467189,0.59996722821086,-1.38642682910448,-1.23321624918318,-0.376966020067782,-0.743165581250199,0.0192985716239078,0.514402042648675,-0.458589923959548,0.291015006099739,-0.571872999411319,-0.0632363539352424,-0.786206461289495,1.49100722539581,-0.130365530277162,1.49031553733097,-0.50201955950362,-1.0002125522811,-1.23918622542406
comm.and.crime_point_0305,comm.and.crime,regression,0.06,0.314011436401898,nominal,0.690130378278102,-1.21585037425788,-0.296225771543798,-0.26506261752533,-0.550930207394384,0.558450217042117,-0.304872732522849,-0.447422857068877,0.423866989262996,0.0427225572111723,0.322731168685307,-0.18508469810596,-0.265657561852559,0.682832724400303,-0.483006127832491,0.283443955619646,0.139290717494029,-0.200409626554585,-0.236918153797056,-0.665258383296233,0.422240851017754,-0.482591549127137,-0.52457500537974,-0.685472708736566,0.0518767270846419,-0.506783935891765,-0.267933252874971,-0.96284821097941,-0.35568405855027,-0.363384981726775,-0.683388268503048,-0.164586065898132,-0.247020650967053,0.0814626478570313,0.281129612160397,-0.82211313400597,0.395556903376489,-0.257506183800045,-0.275583904330964,0.212409265870761,-0.53838808979069,0.870197520750541,0.630299643532615,-0.891031580584123,-0.103565429551178,-0.00318371628598076,0.301568480193953,-0.0150576810207445,0.58448334399507,0.646593252940519,-0.333979422149212,-0.695793398648614,-0.34476848053886,0.227256913815765,0.328924458417437,-0.0450487366494222,-0.142989533805432,-0.472298989483845,-0.474442365249838,-0.527054463374357,-0.523283403627701,0.635156296765973,-0.503316572060594,-0.801801068513758,-0.7440181099252,-0.543205919690318,-0.851221389523392,-0.0216443327087585,0.0375580480715412,-0.410865128456057,0.0858767944229815,0.726172755495118,-0.111756872588377,-1.44079333516229,0.169078085395916,-0.250395004534394,-0.758443965028085,0.111080258000336,-0.100797767182985,-0.935840378022907,-0.778386370841756,-0.792470938203999,-0.803145557548822,-0.71300979991899,-0.871842218792997,-0.857736801737663,-0.768973580240562,-0.708705024057152,-0.906450078535958,-1.00634996657257,-0.286904425214791,-0.226875569169311,-0.586463083611209,-0.0924573500527467,0.247859743337919,0.516532026663808,0.0931808133963657,-0.504578098615964,0.429098683866283,-0.662221689003069,-0.391348688885798,-0.320467042044794,1.18650283739765,-0.375024355916575,0.130925656330515,-0.423751167976071,-0.524905716995868,0.4183367341544,-0.34476848053886,-0.316872478427771,-1.06533063795537,-0.154888957153209,-0.970100277440667,-0.138130025434889,-1.18700206728655,-0.555677486507623,-0.746101547760053,-0.681631226510723,0.239118965937142,-0.35472235350149,2.65011797831641,-0.391348688885798,-0.413219819433159,-0.321861540250354,-0.26287797133625,-0.749282268400272,1.08212161042621,-0.00616663970913513,0.414646167749156,0.390824193496339,-0.592122486177232,-1.23504806525446,0.511652676906082,1.69218282383531,-0.749538645679329,0.564407987550553,0.886358450346385,-1.49039933729455,0.139282888348225,0.682832724400303,0.682832724400303,0.486441406234567,0.459440106210166,-0.977864586741049,-1.3888684065923,0.646593252940519,0.991707943008339,0.600118860823686,-0.521839596572905,-0.293190120292925,-0.189444898148642,-0.416640719459369,-0.203684699846642,0.192634769739419,-0.100893761675781,0.46962452707733,1.2928400630571,0.409831565769285,-1.44035650990991,-0.275847723670213,-1.19498893326411,1.04923188615163,-0.7596488149613,0.49304512794504,-0.94469347109426,-2.78491701130557,0.85572211589946,0.0547099621982618,-0.433845179637909,1.01271768067076,-0.121200695287352,-0.34476848053886,-0.695793398648614,-0.103324437631854,0.82897837806628,-0.514522113788516,2.1245798644332,-0.669300457399169,-0.165532189896924,0.400963250363601,-0.652615808821794,-0.375024355916575,2.82430763026513,0.826966057285032,-1.30350158940051,-0.241958561604024,-0.413719465260767,0.589342207685384,-0.484813844404564,0.346157443944216,-0.189129511616007,-0.483983670212399,-0.236728129982936,-1.56531543697313,-1.38132689651321,-0.64471119872407,0.738117843267285,0.682832724400303,0.12612488057673,0.927886946281123,-0.189129511616007,-1.66921732982277,1.82575994418229,0.248850401944395,0.825908010222217,-0.693603398154691,-0.734789774559444,1.27048615468136,1.29491473502549,-0.444866529913555,-0.683388268503048,0.726172755495118,2.34970664744447,0.652036626610397,-1.38334975138032,1.22462354267738,-1.51427955979694,2.11790902504146,-1.23561849465356,-0.114410578670175,0.103340488803673,2.29737240235249,0.314329357834215,4.12824881301886,-0.963629592544147,-0.869747200724323,-1.13830693525114
comm.and.crime_point_0764,comm.and.crime,regression,0.19,0.0104403993741567,anomaly,-1.38334975138032,-0.519882053238727,-0.453822940289352,-0.326143729202842,-0.590386957395979,0.148680306174783,0.604751487382699,0.928970820679215,-0.413784920142767,0.0427225572111723,-0.157736176426034,-0.18508469810596,-0.499564470154296,-1.56531543697313,-0.435242082062902,-0.645960494718403,0.678222204090259,-0.200409626554585,0.223861947321042,1.0904168953346,0.302883286950643,-0.633910484386522,-0.472248714197789,-0.524876705773258,-0.589173488055941,-0.324717903551093,-0.216759028140039,-0.635123716067385,-0.35568405855027,0.118069937584314,-0.214695894768757,0.0329370249239415,-0.629442373038718,-0.116389386036903,0.108751861038678,-0.723292047758998,-0.801317854336286,-0.00615150860066679,-1.08077239495704,1.47295711154427,-0.196385588662103,1.9548595793508,1.77404930869489,-0.373547480628615,-0.796716360107558,-0.633170690066098,-0.201290197362241,-0.328362195337591,-0.36444325550718,-0.551753470686607,-0.241958561604024,0.130487161211004,-0.230075729421995,0.318544239792525,0.518566028486648,0.798631967738489,0.369910502906264,0.29108727236224,0.371821232843173,0.444479772930899,0.243253528990267,-0.290487902265745,0.270409116557157,0.164789292695146,0.0949580954631852,-0.0713724957371486,-0.977864586741049,0.823570833435961,-1.53535061283242,1.06563141537178,1.59305232931298,-1.23321624918318,-0.37760024144161,-0.409993611322597,-1.1807845918921,-0.617754621230122,-0.970100277440667,1.01443522469408,-0.718470624475156,-1.17821175605928,0.692040522452799,0.762321174730183,0.727126524815734,0.928408180883549,0.65722458063374,0.511652676906082,0.543089647312493,1.00221121696188,1.17606334305485,-0.487121609042694,-0.286904425214791,-0.226875569169311,0.235570302222313,-0.19033893009266,-1.57180630944818,-1.02943759984065,0.345424285989838,-0.595936377798769,0.921486769053237,-0.531248663028845,-0.391348688885798,-1.05076564985887,1.444604256453,-0.453822940289352,0.378240698697934,1.35548620609065,0.799837073718665,-2.37780562097556,-0.34476848053886,-0.316872478427771,1.10310629051276,-0.370866985519292,2.99845558029525,-0.634402585285642,3.71003986462407,-0.900349146138491,0.82042102382418,0.0452768201586437,-0.390868007842976,-0.649707912297875,0.378602433862569,-0.391348688885798,0.0435715764808665,0.317646414029282,1.24896822722633,-1.13798029663382,-0.924450780392009,1.66015162113415,0.00232627821327909,1.80048983327666,-0.209122814638054,-0.870916000573111,0.95469044940847,0.431634978161806,0.646300935599162,0.405665753241116,1.08212161042621,-0.384020577952752,-0.287410644307502,0.278166055353086,0.682832724400303,0.979699258889417,1.28514859812821,-0.977864586741049,-1.27367338131278,-0.608817600383137,0.800574593079997,-1.78203842215394,0.173975611729931,1.3941712884829,-0.286904425214791,0.0203252737566635,-0.953132713675412,-0.574978601284565,-0.196421853214959,0.417298235895379,-1.1907081890969,-0.0466050641145143,0.589585501005203,-0.144541836585371,-0.844839901037864,-0.779122631666902,0.887478804484488,0.223072592487436,0.648228546406218,0.137576952259974,-1.32772939830898,-1.86761011927018,0.113282667975565,-0.275583904330964,-0.199361816374992,0.114002523928599,-0.869747200724323,-0.490435159498505,1.51686139340717,0.669622812085821,0.396654485240329,0.830056042661434,-0.675622884018443,-0.0744702805928035,-1.28758474605954,-0.217427187171022,-0.733880170107544,-0.873853487050458,1.07072281732671,-0.241958561604024,-0.885696359334983,1.73243630613274,-0.569295082344151,1.47199038811273,-0.484813844404564,1.18000319046612,0.648228546406218,0.682832724400303,-1.01884144628399,-0.912061542959443,0.837139404775339,-1.56531543697313,-0.149937701058835,0.470028354129537,-0.146888892646214,0.762407081401742,-0.050119918156423,-1.09892968355255,-0.499564470154296,-0.15467191155846,-0.886108709818829,0.595226432131034,-0.491703227207728,-0.0965886105387498,0.253996478965534,0.726172755495118,-0.324530007231007,0.652036626610397,-0.407594396246943,-0.669300457399169,0.044119426439209,-0.822944761547652,-0.477052214376713,-1.13789507336882,3.39989683326659,-0.697698254915155,-1.21739747899386,-0.34476848053886,0.113460484550416,-0.13044354190256,0.324442772256246
comm.and.crime_point_1837,comm.and.crime,regression,0.86,0.00917957099941264,anomaly,-0.956456783509466,1.56802290981872,-0.375024355916575,-0.0818192824927953,3.23691779275872,-2.67873207880982,-0.639997445119629,-0.576459764357761,0.101693177953087,-0.166244194413711,-0.157736176426034,0.484612361667126,-0.265657561852559,0.682832724400303,-1.24723086014591,-0.809973044778059,-0.693603398154691,-1.66050471917627,1.14542214955724,2.12581513657843,0.60127719711842,-1.34006551559698,-1.15249049956315,-0.631940707748796,-0.764005364912463,0.52492358070538,-0.626152826019497,0.566532765276704,-0.121200695287352,1.7375092116307,0.957035039566971,1.36621788797293,-1.01186409511038,1.31803785969412,-1.15535164718726,-0.525649875265053,-1.08628803474409,0.245203166598712,-1.24181009308225,2.24024710456292,0.202617329321249,2.24029696319298,2.31869200639122,0.143936619326893,-2.77714759026865,-2.86235536651882,-3.03558456176988,-2.15597186218586,0.703099168932851,0.24714434506481,-0.0579168405136468,2.43537503871415,-0.34476848053886,-0.685616345951833,-1.14079770961895,-1.48426876178174,-1.32265961824234,-0.726761076765874,-0.728321444677741,-0.738257558223326,-0.736210329354915,0.767391182341933,-0.639856399463727,0.724394238658196,0.514446198157378,-0.0713724957371486,-0.597934995088079,0.612267041899781,-1.1801776894025,0.494084366148104,0.201813374029904,0.726172755495118,-0.244678557014993,-0.873853487050458,-0.96480656352602,1.49456317477031,0.82897837806628,-0.491156386462159,1.95811175712425,-0.111777692699224,-0.956619933665339,-0.922036947615181,-0.930668231079202,-1.48812384640908,-1.25410891864968,-1.13966992969373,-1.09698938712883,1.12020544048043,-0.425870058168848,0.914794956287961,-0.286904425214791,-0.226875569169311,-0.802787658830557,1.18000319046612,0.0824355567210018,0.516532026663808,0.749013842139396,-0.139144981884744,-0.752632720582405,-0.662221689003069,-0.391348688885798,0.683693543699564,-0.405122580110374,-0.453822940289352,0.32877769022445,0.287943781650617,1.37581220011629,0.589529123243989,-0.34476848053886,0.655028649219603,2.24438888444335,1.46494625559241,-0.917186199337522,-1.46152351837023,0.359432227001014,0.330621066828893,0.298246833296102,0.481421648160263,0.239118965937142,2.4771390109438,-0.658393792953314,-0.391348688885798,1.41394576422294,-0.504578098615964,-0.748828535159937,-0.922036947615181,-0.924450780392009,-0.23600364120476,-0.616153556090535,-0.978565285147405,-0.400622650407643,-0.446095258444874,-0.978565285147405,0.322022122016284,0.0394141611302526,0.141095362725389,0.494832130186732,0.927243136822718,0.471155635969346,-1.56531543697313,-1.56531543697313,0.979699258889417,-1.01503934364349,1.61832095622091,0.223861947321042,0.646593252940519,1.1350579554546,-0.0946770133781229,0.652348567438131,-1.03761427122343,-0.286904425214791,0.566532765276704,1.72346733571305,-1.34259197230855,-0.817354448219611,0.731255982987085,-0.581535976304412,1.09448651059498,1.62931189683977,-0.976145788122707,-0.801071272009583,-0.425247563702025,0.722766042539909,0.43905062085352,-0.236728129982936,0.247859743337919,-0.465840642700386,0.748881102728531,-0.35568405855027,-0.436621602456179,-0.35568405855027,1.03154453286352,-0.260908893459341,-0.0172998327725985,1.51686139340717,-1.62901145578789,-1.73445348243088,0.55385879265027,0.132020715007295,-1.44794492557797,2.52222887736694,-0.453822940289352,-0.105964675924132,-3.70855272760961,0.0814626478570313,-0.241958561604024,0.23524876409128,-0.839525415373817,-0.569295082344151,0.0902863202695546,2.13410453172265,0.984240030386299,-1.12168480637209,0.660351242786569,0.793585804862147,-0.733827980135861,-1.63839963292602,0.682832724400303,-0.333979422149212,-0.445688830173635,-0.611535701313945,-1.07613820513387,-0.244176455639738,0.192692898382022,-0.187688592418646,0.580234661072763,-0.331272613867753,0.190070598600841,-0.442074950479027,1.08755631533559,2.36311216076984,0.726172755495118,-0.586710071414878,-0.240892786420384,-0.956456783509466,-0.669300457399169,2.15549869811399,-0.689269589429965,-0.761514569480531,-0.267933252874971,-0.629227587743642,-1.15847835603325,2.38957216902064,-0.34476848053886,0.369910502906264,0.130487161211004,0.374882417342708
comm.and.crime_point_0609,comm.and.crime,regression,0.59,0.209718313419099,anomaly,0.446191539494759,-0.519882053238727,-0.296225771543798,-0.875873734300447,-0.037992457373652,0.312588270521716,-0.639997445119629,-0.232361344920738,-0.607089206928712,-0.235899778288672,-0.217794594564951,1.15430942144021,-0.265657561852559,0.682832724400303,-0.960646585528377,-1.63003579507634,-0.595615855137194,-0.200409626554585,1.49100722539581,0.865330321151163,2.6303557862593,-0.835669064732367,-0.838532752471447,-0.899600712687643,-0.880559949483478,-0.324717903551093,-0.830849724959226,-0.635123716067385,-0.199361816374992,0.599524856895403,0.816427327446683,1.06993325173982,-1.05966681036934,0.971796800379738,-1.27027014793507,-0.0809549871536759,0.110586722968685,0.546828776837966,-1.29548932579066,0.0479899816524777,0.544619830449837,-0.271552014618157,-0.132200133242237,-0.1794909431453,-1.04427026387769,-0.730091762955347,-0.88700657584796,-0.223927357231975,-1.13544611760276,-1.40771541613455,-0.149937701058835,0.782813918994912,-0.230075729421995,-0.548685356986693,-0.951156139549743,-1.33538393159564,-1.52781963292701,-0.429888641603507,-0.516755545154489,-0.611535701313945,-0.608454173918587,-0.378644492649718,-0.0936970898511967,0.113916115789414,-0.0623499430471371,-0.66116427567861,-0.534613396479251,-0.497077863665163,-0.317614875358386,-0.267978366150136,-0.145996364790864,0.726172755495118,-0.311139399228302,0.311566195365187,-0.370866985519292,1.03536365390065,0.0881812846222431,-1.22244374045233,0.0639149947615938,0.372965063373531,-0.733827980135861,-0.706093598596545,-0.760637999705362,-0.940984519474898,-1.01519223123925,-1.05911760742057,-0.956411184176713,-0.0597367947051054,-1.49382565898465,1.1744091350529,0.200393210115953,-0.226875569169311,-0.197078848216383,1.27788477050604,1.73667742289018,1.76328172545773,1.40484687088243,-0.413219819433159,0.232143449791502,0.822139272038128,-0.391348688885798,2.8745893671418,0.670299999286939,-0.453822940289352,0.378240698697934,-0.601674905382743,-0.812893280194679,1.38842693899541,-0.115382978305131,-1.1807845918921,-0.152304562810898,-0.856817549342979,-0.864272121234376,-1.62694770498715,-0.349350157880785,-0.260244635395451,-0.276144776284783,-0.390868007842976,1.40217184060813,0.0582574288134486,-1.1522015200085,-0.391348688885798,8.53989154048173,-0.504578098615964,-1.01880107061754,-0.706093598596545,0.837417660326429,1.08555911739508,0.414646167749156,-0.0924897401426294,0.796251323152288,2.52764993645278,0.833861965998727,-0.500074299075133,-0.749538645679329,2.20474440874806,-1.80538500075123,0.640404199215584,0.139282888348225,0.682832724400303,-1.56531543697313,-0.116429302565806,-1.48687276759666,-0.977864586741049,0.627044535799378,-0.494689340990077,-0.250658831525885,0.997145074653291,-0.391374245016123,-1.13687082468084,-0.286904425214791,-0.143536973699349,0.866955319908742,1.52316461284766,0.520038833328871,3.39989683326659,1.52713706797728,-0.0922487271028942,0.391542377989094,-0.494690868811617,2.39403864705492,2.81860722597601,2.28753728101341,-0.370866985519292,-0.236728129982936,-1.35124072729229,-0.0636258900830415,1.17606334305485,-0.043039574199713,0.851679982545541,0.113282667975565,-0.34476848053886,-0.304397343978269,-0.40441055463925,2.57514295547008,-0.375210946038594,-1.04328333075373,0.00146429262794278,-0.123024632053464,0.0840075630593312,2.78679926788266,7.42603549698832,0.992887438896841,-1.54387330754626,-0.264778411457355,-0.333979422149212,-0.531713688779321,-0.410865128456057,-0.696016939253532,-0.728501275489362,-0.400332606464976,-0.826569200352095,-0.413719465260767,0.682832724400303,0.0686149044036935,0.0682230525702607,0.589585501005203,0.682832724400303,-0.241958561604024,0.419155177223805,-0.569295082344151,1.41479411855954,-0.114805430650861,-0.76198466217831,1.60559770456134,-0.742597169663439,1.68631318959071,-0.26010254976604,-1.73241014542524,-0.375210946038594,1.05077351431383,-1.23321624918318,-0.324530007231007,1.6007741279556,-1.38334975138032,-0.669300457399169,-0.00615150860066679,-0.867503152253548,-0.00294828920368394,-0.421455927079768,-0.733880170107544,-1.33127089395254,0.0178660990932967,-0.230075729421995,-0.0916995301342629,-0.478351146053977,-0.432151904040676
comm.and.crime_point_1187,comm.and.crime,regression,0.08,0.108050142645786,nominal,-0.224640267159436,0.176086267780421,-0.217427187171022,0.773316280992368,-0.35364645738641,0.640404199215584,-0.400622650407643,-0.533447461928133,-0.284915395618803,-0.723488865413399,-0.157736176426034,0.875268979868092,-0.187688592418646,0.682832724400303,1.52308379449023,-0.153922844539436,-0.203665683067209,1.31584296962947,1.26061717483676,-0.620241068459545,1.67549527372242,1.68631318959071,1.2545188948066,1.13461532484759,0.867758819081747,2.46696125900589,0.499680118149013,0.675774263580712,-0.35568405855027,-1.01991441715099,-1.10521140486391,-1.34972461083057,1.61728524413231,-0.561556462298257,-0.00616663970913513,-1.21739747899386,1.99138991366019,-1.46400862475706,2.08630233483886,-2.03465428511244,0.601620247304602,-1.9841763176712,-2.03844957517937,0.855477256765716,1.18371487005353,1.30525076771888,1.1701425596092,1.55146489056349,0.881022906339523,0.817785642030109,-0.333979422149212,-0.782770299686468,-0.230075729421995,-0.776903671928593,-0.90374574703244,-0.938357717766034,-1.11749960355766,-0.429888641603507,-0.432129185345187,-0.400332606464976,-0.438112633336816,0.41476482080604,-0.548829847861638,0.419155177223805,0.462010185320604,0.813315174175043,0.858461772914973,-0.338600020013028,1.45824974179125,-0.791896494605177,-1.76910847928778,0.726172755495118,-0.444061083654919,1.03312600205297,1.41095174850089,-0.52591471705619,0.0352672065190975,-2.12579870714607,-1.04789614836431,-0.644994724379254,1.40497477374713,1.36696255198237,1.40724745031109,0.290078966127006,1.03949128049042,1.47828054418402,1.52713706797728,0.176251652332003,0.481892202524582,0.18787525574614,-0.286904425214791,-0.226875569169311,0.0192457270029651,1.03318082040625,1.68153602735121,0.366922062808537,1.00125731473287,-0.230503261067549,-0.358722252432842,1.82626580450717,-0.391348688885798,1.82478511840906,0.455215483407476,-0.453822940289352,-0.462630445351289,-0.601674905382743,1.77899478859462,-0.266432822203958,-0.34476848053886,-0.316872478427771,0.4183367341544,-0.856817549342979,2.78679926788266,-1.57180630944818,1.00377984962083,-0.900349146138491,0.559333928560141,1.59601398638663,0.481421648160263,-0.000739682945828393,-1.00405920189194,-0.391348688885798,-0.504578098615964,-0.0477867027019386,-0.154888957153209,-0.706093598596545,1.66941109066569,0.281129612160397,-2.57467303138595,0.95469044940847,-0.209122814638054,0.100102838577144,0.350548032359759,-0.33565501485685,-0.0212745163166381,-1.23467066795639,0.0543650200071232,0.681381190302317,-0.00294828920368394,0.682832724400303,0.592906797945366,-1.92504142896692,1.46208613211065,-0.914542988132221,0.396654485240329,0.988978031119698,2.66412475488133,-1.23612737813824,1.69607137989238,-0.839101164308632,-0.286904425214791,1.16736100594875,1.61640333373751,-0.267933252874971,-1.10393872283714,-0.00131209356022966,-1.23756759008094,0.272900576804145,-0.846227140861585,-0.407153610755056,0.993442518149931,-1.13299769963178,-0.594936053016721,0.223072592487436,-0.531713688779321,0.6889909076497,-0.982973896065542,0.0547099621982618,-0.277522937462631,-0.436621602456179,-0.433845179637909,-0.230075729421995,-0.956724101762177,-0.490435159498505,1.30520508099459,-0.444866529913555,-0.985685818113966,-0.669300457399169,-0.293054863427304,0.189659458827421,-0.440959496409212,-0.453822940289352,-0.629227587743642,-0.976933459434427,0.477166715644901,-0.333979422149212,0.648228546406218,0.208310841536264,-0.062407654706626,-0.0632363539352424,1.20481091438719,1.52258872060582,-1.00369058285354,0.682832724400303,2.12269912236931,1.93967546221788,0.886650185529367,0.682832724400303,-0.333979422149212,-0.445688830173635,0.740164105719455,1.29617829362176,0.920162769260154,0.641952926881002,1.44965976569352,-0.252659454575957,-0.633910484386522,0.640243746967722,-1.48426876178174,0.112378141086133,-0.261565132142186,0.726172755495118,-0.848890135598748,-0.519933227992503,0.446191539494759,-0.590386957395979,1.0998090622766,3.27642718339475,-0.0503586817209869,-0.728501275489362,-1.51877453783681,-0.870490792834442,-0.278597159647621,-0.000690227188266011,0.831520535946791,0.130487161211004,-0.835669064732367
comm.and.crime_point_0931,comm.and.crime,regression,0.03,0.046282366877228,nominal,0.934069217061446,-0.171897892729153,-0.375024355916575,1.32304628608997,-0.669300457399169,0.927243136822718,-0.544247527234835,-0.576459764357761,1.84143175902659,0.739278395960782,1.70407478588041,-0.18508469810596,-0.265657561852559,0.30064753696682,0.711095016407226,0.338114805639531,-1.03655979871593,0.754267934005747,0.223861947321042,-0.620241068459545,-0.0551894052506902,0.727959932947938,-0.00131209356022966,-0.150152698858873,-0.414341611199418,-1.23504806525446,-0.4726301518147,-0.580502966915381,-0.35568405855027,-0.888608530066145,-0.402172844262473,-0.312728384014686,0.18320378636357,-0.462630445351289,0.166211111412584,0.0178660990932967,1.07948533635522,-0.458589923959548,0.261208422753086,-1.37697714823931,1.00062316528795,-1.52747650352372,-1.49380687748304,0.0792511068324541,1.1342040892995,1.01448754905113,1.1701425596092,1.18594295719383,-0.186519518100509,0.30420847476134,-0.333979422149212,-0.869747200724323,-0.34476848053886,-1.00512198687049,-1.23561849465356,-1.28575565486694,-1.47652962925584,-0.684350728885536,-0.686008264773091,-0.653776320283739,-0.693624944209472,0.591078001573987,-0.548829847861638,-0.59830836089083,-0.48183804574133,0.282502572227728,0.478532181262003,-1.18381518615775,1.45824974179125,-0.696638653067897,-0.551774393415093,0.726172755495118,-0.444061083654919,1.03312600205297,1.30296273431785,-0.75551447749102,0.670236143756844,0.283147870703906,-0.924361576905879,-0.208726243913775,0.38013178751153,0.373623146496638,0.344558504224595,-0.302655304718355,-0.0117421441154574,0.269995710086597,-0.0660825654799971,0.23524876409128,0.321698862402212,-0.435198773289707,-0.286904425214791,-0.226875569169311,-0.49993325352347,0.494832130186732,0.744132303188673,0.516532026663808,-0.51220352082797,0.134929855663671,-0.851110337619796,-0.400275637054622,-0.391348688885798,-0.183536053079654,0.283147870703906,0.176565734692862,-0.165852394510387,0.525175431526179,-0.58250322963563,-0.437625211293547,-0.230075729421995,1.62692977686698,0.24714434506481,-0.20888346424473,-1.1288425117501,1.07498067642251,-0.220480633356821,-0.555677486507623,-0.380579614390398,0.432961111715639,-0.148565325619854,-0.767702135816429,1.11931402444534,1.43948039120828,0.134929855663671,-0.413219819433159,-2.4766527620886,-0.0582635515406352,1.62047030064573,-0.523299893074292,-0.461533597514582,-1.30077457424005,-0.44849760935004,-0.446095258444874,1.03524277168163,-0.993332151729983,-1.23504806525446,0.511493909447407,1.86517425074552,0.640404199215584,-0.808924961997834,0.682832724400303,-1.56531543697313,-0.664493583293417,0.0465858602511433,0.288567385435518,1.26061717483676,0.0188878262786913,-0.0117421441154574,0.997145074653291,-0.739281849167541,-1.53389703851044,-0.286904425214791,-0.635123716067385,0.652827315957665,-0.216759028140039,-1.48605108899385,1.5684766418983,-0.347238971384223,-0.137892390091274,-0.351119333321313,-1.01991441715099,1.56243469551758,-0.543205919690318,-0.0184413862106956,-0.370866985519292,1.06120832872116,1.13012207196148,1.60269237076024,0.214903302320632,-0.199361816374992,0.261208422753086,-0.35568405855027,-0.34476848053886,-0.652304948129686,-0.576459764357761,-0.440959496409212,0.460656060460939,1.37581220011629,-0.472016707391195,-0.803145557548822,-0.549903811549208,1.09354876858201,-0.296225771543798,-0.262943549469985,0.775426071093047,0.823407774959287,-0.333979422149212,-1.59366170044631,-0.553751890761977,-0.738257558223326,0.294983219209284,0.0220735832329614,-2.19691132091088,0.117254540572726,0.682832724400303,-0.495251351508437,-0.600152808018174,-0.499651675583395,-1.56531543697313,-0.333979422149212,2.75932131488747,0.866885962628837,2.00787324324845,3.31352673155438,0.248850401944395,-0.0317506535508209,-1.28152865625967,-0.381712258954214,1.76567661788493,-0.491703227207728,-0.723488865413399,-0.308434369515615,-1.23321624918318,-0.219657981557459,-0.0176604331626889,0.0192985716239078,-0.314189707384816,1.04953812723672,0.335573396805634,-0.334821036824805,1.47199038811273,-0.838532752471447,1.49100722539581,-1.31621856524083,-0.34476848053886,0.934100543289131,2.0439789840438,-0.533031194213599
comm.and.crime_point_1605,comm.and.crime,regression,0.02,0.155280641236039,nominal,0.446191539494759,1.22003874930914,-0.296225771543798,-1.05911706933298,-0.590386957395979,0.59942720812885,-0.592122486177232,0.283786284234797,-0.800393493714657,-0.79314444928836,-0.578145103398456,2.15885501109984,-0.499564470154296,-1.56531543697313,-0.912882539758789,-1.73937749511611,-0.889578484189684,0.305007905506768,2.1245798644332,0.0550186540907768,1.25774379948753,-0.684350129472983,-0.629227587743642,-0.739004709724335,0.692926942225224,-1.23504806525446,0.141460545004487,-0.689744465219389,-0.277522937462631,0.205607195640876,0.535211903206109,0.823029388212234,-0.868455949333508,1.16964883427367,-1.15535164718726,0.709613702822105,0.224574795131807,0.848454387077221,-0.597659300581394,0.0479899816524777,-0.0823847549525736,-0.157377061081287,-0.0777358634726045,-0.761660555595246,-0.796716360107558,-0.681631226510723,-1.20700755247463,-0.485014452496014,-0.127211605631618,0.0759519559752211,-0.241958561604024,0.0869987106920766,-0.230075729421995,-0.320467042044794,-0.145179466755593,-0.442074950479027,-0.655889570517129,-0.302657597962493,-0.262876465726585,-0.358091987495182,-0.395527248191373,-0.643114263801638,0.0428427375519358,-0.394815653267903,-0.48183804574133,-0.897080987655194,-0.977864586741049,-0.444251915781118,-0.875743755033986,-0.506122969993337,-0.667710973022016,0.726172755495118,-0.244678557014993,-0.10075369417069,-0.856817549342979,-0.204475052447428,1.72851770581975,-2.12579870714607,0.55805328059533,0.663810717017184,-0.600152808018174,-0.576527589185363,-0.590607768331523,-1.07776935120844,-1.06297556872134,-1.09939376855715,-0.956411184176713,-0.531713688779321,-0.906450078535958,1.07056346354692,-0.286904425214791,-0.226875569169311,-0.153813933172513,1.22894398048608,0.964697885344563,0.815751954374349,0.849911231176784,-0.504578098615964,0.281382258310197,-0.0510142344566935,-0.391348688885798,0.409831565769285,-0.620207095989836,-0.375024355916575,1.51588989358806,-0.423751167976071,-0.755295767554917,-0.209368692507428,-0.34476848053886,-1.66673515571579,0.589529123243989,0.115083578304395,-0.493873574512357,-0.248412816512834,-1.18700206728655,-0.457199869470233,-0.380579614390398,-0.293946934953727,0.917566476161884,-1.65265881220558,-1.6953900197692,-0.391348688885798,-0.139144981884744,-0.139144981884744,0.00709456412135369,-0.749282268400272,-1.70750342071131,0.108751861038678,0.569266126325109,-1.05911760742057,-0.544247527234835,-1.23504806525446,-1.34105073537663,-0.116429302565806,0.585612258152271,-0.282217262099776,-0.532924460232356,0.845289154649251,-1.14079770961895,0.682832724400303,0.682832724400303,1.30853782732598,-1.13299769963178,-1.16782938256753,-0.755295767554917,-0.608817600383137,-0.394008843972142,-0.64058805739383,2.17444433560058,0.302349200451482,-0.0919853710824933,3.35219097202891,0.385167311018819,0.909073916028471,-1.10393872283714,-0.629227587743642,-0.253520169416148,-1.41591495376591,-2.38106134423643,-0.0132359495005283,-0.801071272009583,-1.19197687762592,-0.800827005447445,-0.370866985519292,-0.295725241742213,-1.5166649139092,1.08555911739508,-0.532665618250428,1.59834396864071,-0.812376231415014,-0.35568405855027,-0.34476848053886,-0.217420442940414,-0.490435159498505,-0.388045418306067,-0.0965886105387498,0.281459459960805,-0.629843707397574,-0.463085094801143,-0.655555707317298,0.0881812846222431,-0.453822940289352,-0.367596131833887,0.620806112517094,0.0319996393835476,-0.333979422149212,0.23524876409128,-0.267978366150136,-0.0201670357368324,0.857899691293538,3.10563876802791,-1.90326658079114,-0.236728129982936,0.682832724400303,0.350548032359759,1.00394925739407,0.441053158743122,0.682832724400303,-0.241958561604024,0.470028354129537,-0.738257558223326,-0.30513534303829,-0.114805430650861,-0.0319371158674677,2.69716327663612,-0.252659454575957,0.1226841919104,-0.98037958715305,-0.64058805739383,0.321344892711017,2.50371987289013,0.726172755495118,-0.639146084251652,-1.41286264102328,-1.13941091259697,2.48723954272842,0.345745036678463,-0.64471119872407,-0.145179466755593,0.346157443944216,-0.733880170107544,-0.179320641157294,-0.0809549871536759,-0.115382978305131,0.626360521262113,-0.652304948129686,-0.93654835490529
comm.and.crime_point_0289,comm.and.crime,regression,0.59,0.120956881434403,anomaly,1.17800805584479,-1.21585037425788,-0.296225771543798,-0.203981505847819,0.830056042661434,-0.465974560126219,-0.592122486177232,-0.103324437631854,-0.220480633356821,-0.305555362163633,-0.337911430842786,0.484612361667126,-0.499564470154296,-1.56531543697313,-0.674062310910845,-0.536618794678632,1.75608517728272,-0.481197144366448,0.454251997880092,0.145053283764153,-0.413262097452023,-0.633910484386522,-0.576901296561691,-0.41781270379772,-0.705728072626956,0.706989613046053,0.294983219209284,-0.471261468611373,-0.199361816374992,0.599524856895403,0.394604191085821,0.773648615506715,-0.342626081484969,0.130925656330515,-0.293462891578667,1.94487728090926,-0.744323818254725,0.898725322117096,-0.275583904330964,0.65086069045285,-0.823390174064514,0.299322753066192,0.466906834223718,0.143936619326893,-0.202586991059232,-0.4393285442876,-0.109861346897478,-0.432797033443206,-0.423751167976071,0.30420847476134,-0.241958561604024,-0.13044354190256,-0.34476848053886,0.774980869676324,1.3719530937981,1.3445430117542,1.08797055430264,-0.345067945842831,-0.262876465726585,-0.315851368525389,-0.352941863045931,0.502921411190013,-0.321263468856418,0.215662469600878,0.199830121136733,-0.0713724957371486,-0.344648600652765,0.348137302479556,-0.469831842542641,0.208310841536264,0.259781663833366,0.726172755495118,-0.0452960303750682,-1.64695327993023,-0.370866985519292,0.897603797639757,0.723150221859989,0.111080258000336,1.66986442372124,1.48787340234087,-0.956619933665339,-0.835659608007726,-0.760637999705362,-0.485035080363082,-0.632925531382569,-0.65635599605476,-0.581535976304412,-0.35472235350149,-1.01324563861754,1.07056346354692,-0.286904425214791,-0.226875569169311,-0.54319816856734,0.837417660326429,-0.082988629895916,0.217312098953267,0.547219064064617,0.0435715764808665,-0.752632720582405,-0.618564013678328,-0.391348688885798,-1.18769663882401,-2.12579870714607,-0.375024355916575,-0.709945487718708,0.0507121317750543,-0.697698254915155,-0.209368692507428,-0.230075729421995,-0.802823042251458,-0.551753470686607,-0.20888346424473,-1.23467066795639,0.413283929954837,-1.18700206728655,-0.752632720582405,-0.380579614390398,0.578342721049512,-0.87547337228922,0.825219881684049,0.0823177976294598,-0.391348688885798,-0.413219819433159,-0.413219819433159,-0.694834028068417,-0.317395570362999,-0.924450780392009,0.568425864029928,0.723886084901063,1.5185567053206,-0.400622650407643,0.282168870917816,0.793585804862147,-0.554880727147895,-0.14265187121042,1.46394731530403,-0.973391570411965,0.968220127909451,-1.70972241982659,0.210721610511883,-1.56531543697313,0.815279974671134,0.223523394233582,-1.04118618534988,-0.00652810323800724,-0.0952404331143684,0.513874568187483,-0.0946770133781229,0.869790820032767,0.0542078168079789,1.36990753490974,0.129566772060671,-0.792536710712104,-0.830849724959226,-1.62934322630262,-1.1001642083812,0.308792642392304,-0.366110705033174,0.0449669127109041,0.599524856895403,-0.976145788122707,0.813315174175043,-0.636114243502866,0.169078085395916,-0.118733906464382,0.523566721032782,-0.23600364120476,-1.81421233922939,-0.35568405855027,-0.275583904330964,-0.35568405855027,-0.34476848053886,0.956767721070621,2.34837680085693,-0.652615808821794,-0.235899778288672,-1.50406343187183,0.277661542639106,-0.463085094801143,3.14791254033394,-1.39341290226583,-0.375024355916575,-0.786206461289495,0.981586015860986,-1.50135362329445,-0.241958561604024,-0.94469347109426,-0.649009732299257,0.0220735832329614,-0.165584803405107,-0.569295082344151,0.00542422998716656,0.117254540572726,-1.56531543697313,1.88104215554983,-0.822944761547652,-0.994759483123667,-0.193945058535335,-0.333979422149212,-1.00529377613668,-0.696016939253532,-0.898214467727196,-1.14977363056188,-0.0880946194298402,7.29733247323696,-0.742597169663439,1.13147709363963,-1.11543153166311,0.401605753908883,-0.584177697663477,-0.542780556382761,0.726172755495118,-0.376966020067782,0.038147655151735,-1.50531917077199,-0.393103207388005,1.45170560755573,-0.466477635900487,-0.42964182185941,-0.574978601284565,0.417298235895379,0.972629611637952,1.00607696156302,-0.34476848053886,0.626360521262113,-0.43486269553505,-0.633910484386522
comm.and.crime_point_0834,comm.and.crime,regression,0.03,0.0326416172628869,nominal,0.812099797669774,-0.171897892729153,-0.217427187171022,-0.203981505847819,-0.708757207400764,0.968220127909451,-0.544247527234835,-0.576459764357761,-0.92926301823862,-1.00211120091324,-0.758320357815209,0.652036626610397,-0.109719622984733,0.682832724400303,0.281218604480928,0.0647605555401046,-1.08555357022468,1.37200047319184,0.68464204843914,-0.935362272316362,1.13838623542042,0.1226841919104,0.103340488803673,-0.0430886968833349,1.68364091107885,-0.14265187121042,0.0902863202695546,1.98667224322881,-0.35568405855027,-1.06368304617927,-0.542780556382761,-0.460870702131241,-0.151415220449137,-0.858334513139159,0.108751861038678,-0.42682878901808,0.281568831213367,-0.609402729079175,0.207529190044681,-1.54139643245759,-0.766389757209749,-1.87000136413433,-1.71166395656157,-0.438232993123054,1.38175799306964,1.3537113041635,1.12442813437682,1.49924747151068,-0.0679036931627271,-0.152304562810898,-0.333979422149212,-0.956724101762177,-0.230075729421995,0.0446822618622457,-0.287410644307502,-0.590959780665129,-0.758469577859468,-0.514709337364183,-0.559068725059139,-0.611535701313945,-0.608454173918587,0.546999706382,-0.594343123662683,-0.700054714702294,-0.534274058578104,0.0465858602511433,-0.0913622062174521,-0.814033550969433,1.66120569803692,-0.791896494605177,-1.36333045066355,0.726172755495118,-0.444061083654919,1.23928594682091,1.6809242839585,-0.29631495662136,-0.017646871584048,-0.405122580110374,-1.00671795787817,-0.548046173164703,-0.511036026606383,-0.576527589185363,-0.590607768331523,-0.16587047298481,-0.29844216900797,-0.495251351508437,-0.253520169416148,-1.53466458868703,-0.425870058168848,0.447489434511076,-0.286904425214791,-0.226875569169311,-0.629727998655079,1.71835188068565,2.06752579612401,1.71341173750597,1.25350078732634,-0.321861540250354,-0.0140505928019747,0.778481596713387,-0.391348688885798,3.1028076820837,-1.3945113531559,-0.0598300184254683,-0.165852394510387,0.287943781650617,0.91503209899819,1.21723454990582,-0.34476848053886,-1.12679008480058,0.931913901423168,-0.748828535159937,-1.23467066795639,0.137576952259974,0.423866989262996,3.08799434387583,-1.63379767165778,1.3537113041635,-0.4393285442876,-1.47566747692775,-1.00405920189194,-0.391348688885798,-0.321861540250354,-0.504578098615964,-0.424861492610813,-0.533338919381635,0.152246600047036,0.166211111412584,0.156946236789233,1.23662357736453,-0.209122814638054,-0.506783935891765,1.35745206077428,1.30853782732598,1.13181035517429,-1.39341290226583,1.47364793058586,-0.0562046492588845,3.0313168319037,-1.52035247374566,0.682832724400303,-0.390461442929611,-0.838101809661048,-1.10450778395871,0.454251997880092,0.475400863850929,-1.44524226857802,-0.0946770133781229,-0.869747200724323,0.798631967738489,-0.286904425214791,-0.853606712675401,-0.41781270379772,-0.4726301518147,1.04544333679435,0.155666779985624,-0.581535976304412,-0.594329019975073,1.23322565080756,-0.144541836585371,-0.582228126868179,0.518419284204312,2.82285375733329,-0.26287797133625,-0.885696359334983,-1.13067514513639,2.63695887749056,2.13722338378907,-0.35568405855027,-0.812376231415014,-0.35568405855027,-0.34476848053886,0.0869987106920766,-0.40441055463925,-0.599701730718649,-0.514522113788516,0.569447023159616,-0.629843707397574,0.514588735598435,1.24617841650832,0.82897837806628,0.570558656556745,0.312645653531477,1.03312600205297,1.31803785969412,-0.333979422149212,-0.708705024057152,-0.410865128456057,-0.400332606464976,1.36964193864286,-0.696016939253532,-0.0435165600327901,0.117254540572726,-1.56531543697313,-0.414699029235275,-0.778386370841756,-1.04427026387769,0.390573463421757,0.12612488057673,-0.903547422325221,3.44356371978626,0.347251694119508,1.30827584422678,0.0803778912572774,-0.343626531286471,-0.938572255698432,0.929718513293784,-1.1604488464998,0.302349200451482,-0.0269330266637888,-1.10521140486391,0.726172755495118,0.357138159647056,0.875268979868092,-1.0174414932053,-0.235276207381626,-1.26292488459756,-1.09029510578303,1.56159466386731,0.141460545004487,-0.262943549469985,-0.00652810323800724,2.68603542776156,-0.230075729421995,-0.655889570517129,-0.869747200724323,-0.785229419645906
comm.and.crime_point_0277,comm.and.crime,regression,0.34,0.0160148005842203,anomaly,-1.6882732998595,-1.21585037425788,-0.296225771543798,-0.326143729202842,2.36886929272363,-1.53137632838129,-0.639997445119629,-0.576459764357761,0.101693177953087,-0.0965886105387498,-0.0376193401481986,0.205571920095007,-0.187688592418646,0.682832724400303,-1.00841063129797,-0.919314744817829,-0.791590941172187,-1.77281972630101,0.569447023159616,0.865330321151163,0.183525722883532,-1.08786729016467,-0.9955116260173,-0.685472708736566,-0.822282657197971,-0.0212745163166381,-1.34259197230855,-0.0342954753953406,-0.043039574199713,1.25605429231962,1.51946588804812,1.66250252420604,-1.01186409511038,1.07072281732671,-0.86805539531773,1.15430859093348,-0.402359601765361,1.40143467251585,-1.08077239495704,1.30853782732598,-0.253386005516867,1.32689733489802,1.39279942030747,0.0145655943380156,-1.48986729066394,-1.65084195540321,-1.20700755247463,-0.902753804918476,0.110020044243945,-0.0952404331143684,0.0341040200315418,1.60909447885453,-0.34476848053886,-0.776903671928593,-1.18820810213626,-1.28575565486694,0.780230532275621,-0.726761076765874,-0.728321444677741,-0.738257558223326,-0.65103955906403,0.767391182341933,-0.503316572060594,0.0630429388836828,-0.00991393021036301,-0.189330851725441,-0.407970199261594,0.295311354595511,-0.622048809726895,0.160681920767624,0.317749953636827,-1.23321624918318,-0.111756872588377,-0.66769354228252,-0.532850506793854,-0.112635148273496,-0.123475027790339,0.111080258000336,1.09336975691521,0.179067960944429,-0.912061542959443,-0.878848277811454,-0.845653115392282,-1.57931373423144,-1.34967559361385,-1.13966992969373,-1.23756759008094,0.0582574288134486,-1.12004119869912,-0.227507430277758,-0.286904425214791,-0.226875569169311,-0.846052573874427,-0.435042880192443,0.578708116571755,0.566402014615565,-0.00771657564102366,-0.0477867027019386,-0.654155103545014,-0.487590987704104,-0.391348688885798,-0.320467042044794,0.584266192935153,-0.296225771543798,1.31803785969412,-1.01683029266498,-0.00652810323800724,-0.323496951900488,-0.34476848053886,-1.99070219826491,-0.722945859776196,1.14097921304329,0.670236143756844,0.137576952259974,0.166127940215069,-0.8018715291011,1.34259521435226,-1.74776302829246,-1.16623659095697,-0.885696359334983,0.0329370249239415,-0.391348688885798,-0.321861540250354,-0.321861540250354,1.41095174850089,-1.00841428722264,-1.21809552051175,1.43031461963852,1.08466598824495,-0.857736801737663,-0.687872404062027,-0.385406580997984,-0.213318223552372,-0.116429302565806,-0.385406580997984,0.564407987550553,0.935299240366342,0.681381190302317,0.518566028486648,0.682832724400303,0.682832724400303,-0.390461442929611,0.40046092821602,-0.471291797870422,-1.3888684065923,0.475400863850929,-0.967408893757168,-1.28575565486694,-0.739281849167541,-0.392446673750327,0.102933683049804,1.00349875849274,0.438699312006588,-0.728501275489362,1.47531974872065,-0.00131209356022966,-0.0192231644959594,0.135969587839005,0.738117843267285,-0.450922239783337,1.21228566329134,0.223523394233582,0.0639149947615938,-0.856817549342979,-0.826699247575706,-1.46152351837023,-0.0636258900830415,2.03042782370749,-0.35568405855027,-0.543980067872989,-0.277522937462631,-0.230075729421995,-0.695793398648614,-0.576459764357761,-1.18175658985325,-0.0965886105387498,0.281459459960805,-0.35364645738641,-0.378069979114223,0.348137302479556,-0.176389105893484,-0.296225771543798,0.678929691805134,0.414646167749156,-0.709945487718708,-0.241958561604024,-0.708705024057152,-0.839525415373817,0.528961010870487,-0.0632363539352424,-0.569295082344151,-0.141398140072703,-0.118733906464382,0.682832724400303,-1.22022225196689,1.85055868080609,0.243010035727013,0.682832724400303,-0.333979422149212,-0.700054714702294,-0.315851368525389,-2.32160436698057,1.17890481923791,0.58579542331863,-0.343626531286471,-0.889578484189684,1.23235638381255,-0.170067920092664,-1.28575565486694,-0.932455617038282,-0.823995980623335,0.726172755495118,-0.639146084251652,-0.240892786420384,0.324222120103087,-0.51147345739279,-0.860757404278554,0.112781443276156,0.660797206038557,-0.523804376549633,-1.25714308192706,-1.67685596979111,-1.41503965148781,-0.34476848053886,-0.707179574188299,-0.826258750205395,2.14026999536886
comm.and.crime_point_1724,comm.and.crime,regression,0.11,0.144362444808506,nominal,0.0192985716239078,1.22003874930914,-0.217427187171022,-0.692630399267912,-0.629843707397574,0.845289154649251,-0.496372568292438,-0.447422857068877,-0.478219682404748,-0.375210946038594,-0.337911430842786,-0.352508963049232,-0.187688592418646,0.682832724400303,0.281218604480928,0.884823305838383,0.0902969459852806,0.417322912631512,-0.524905716995868,-1.11543153166311,-0.0551894052506902,0.324442772256246,0.417298235895379,0.278103309043281,1.10086798822378,0.767678290492944,-0.267933252874971,-0.0342954753953406,-0.35568405855027,-0.976145788122707,-0.823995980623335,-0.954678429186424,-0.00800707467226295,-1.10564955550658,1.02809986702118,-0.229186616524135,-0.687329782173164,-0.408318988919673,-0.114546206205749,-0.00681644642028318,-0.937391007774043,-0.100289584312853,-0.0777358634726045,-0.826346068089685,0.540074720251176,0.675263793938761,0.575855031588241,0.663768766665756,1.53340994349732,1.61668345778153,-0.333979422149212,-0.739281849167541,-0.34476848053886,-1.23334030181239,-0.477052214376713,-0.739844610851231,-0.912339588872978,-0.769171424646212,-0.686008264773091,-0.696016939253532,-0.693624944209472,0.767391182341933,-0.639856399463727,-0.903547422325221,-0.796454122761974,-0.484226741696171,-0.218005403435109,-0.972511394621568,0.64642591680856,-0.601380811530617,-0.667710973022016,0.726172755495118,-0.311139399228302,0.517726140133124,0.43905062085352,-0.663674573317088,-1.60506921467841,0.455215483407476,-0.84200519593359,-0.790417551201081,-0.466477635900487,-0.533338919381635,-0.548100210488063,-0.120275529073628,-0.394008843972142,-0.535527512645018,-0.394098372368261,-1.23967902989064,-1.54722343902544,-1.16211847383153,-0.286904425214791,-0.226875569169311,-0.759522743786688,-0.0435165600327901,0.247859743337919,-0.231517792612544,-0.259960048234497,-0.413219819433159,0.182904641272807,-0.31296028640514,-0.391348688885798,0.0446822618622457,0.928401418342293,-0.453822940289352,-1.45189061482096,-0.898214467727196,-0.755295767554917,-2.37780562097556,-0.115382978305131,-0.26287797133625,0.988978031119698,0.978995691768727,-0.388045418306067,-1.90265468268201,-1.44474111633447,-0.457199869470233,-1.26827573828813,-1.31161820029084,-0.730091762955347,-0.94469347109426,1.86002561502812,-0.391348688885798,0.409004693212087,-0.0477867027019386,-1.50475163444123,-0.317395570362999,-0.630806040272269,0.85572211589946,0.517726140133124,-0.736908318327921,4.0517485312353,-1.23504806525446,1.23662357736453,-0.116429302565806,0.160791516024035,-1.86963960519414,-0.239279720112616,0.394542252695183,-0.382231429342107,0.345610500194289,0.660351242786569,2.78831138529053,-0.189330851725441,-0.977864586741049,0.742239561078903,0.646593252940519,-0.489575518936313,-0.590959780665129,0.0435102601731493,0.649747137552387,1.27244800784359,-0.471261468611373,-0.899600712687643,-0.523804376549633,-0.960646585528377,0.783582274169036,-0.581535976304412,-1.46155861675429,-2.08399665971227,-0.62599675589646,-0.801071272009583,-1.5458519455908,-0.800827005447445,1.46494625559241,-2.00664148276125,0.192718347798946,-0.86805539531773,0.535289982565372,-0.043039574199713,-0.651338533289799,-0.35568405855027,-0.115382978305131,1.73955983041131,-0.576459764357761,-1.44632698036898,-1.0717667847882,-0.812893280194679,2.36886929272363,2.76748930130181,-0.391425967897073,1.09354876858201,-0.217427187171022,-0.315269840651936,0.569266126325109,-0.858334513139159,-0.241958561604024,0.707225658165495,-0.601380811530617,-0.653776320283739,-0.114410578670175,0.402239153961105,-0.0435165600327901,-1.23967902989064,0.682832724400303,0.0283387432671127,-1.00117832437123,-0.153076210305205,-1.56531543697313,-0.241958561604024,-0.59830836089083,-0.400332606464976,-0.00859578069383644,0.143936619326893,-1.49203220848915,-0.499564470154296,-1.03655979871593,0.576640997688553,-0.890344957479674,0.252720923722782,0.321344892711017,-0.261565132142186,0.726172755495118,0.252266133973507,0.149763831780583,-0.651533235030286,-0.0774492073752468,-0.358048053879797,-0.912061542959443,1.08749073869428,-0.421455927079768,0.155666779985624,-0.640100742275393,1.15430859093348,-0.230075729421995,-0.861049585201808,-0.869747200724323,1.4341149641584
comm.and.crime_point_1185,comm.and.crime,regression,0.08,0.013737945622731,nominal,0.324222120103087,0.176086267780421,-0.375024355916575,0.46791072260481,-0.629843707397574,0.640404199215584,0.556876528440302,-0.447422857068877,-0.349350157880785,-0.584177697663477,-0.518086685259539,-0.798973669564622,-0.343626531286471,0.682832724400303,2.5261287556516,0.994165005878154,-0.693603398154691,1.8774180052532,-0.697698254915155,-1.34051810584656,-0.472940879485578,2.54378715606055,2.14406584489976,2.04465934163967,3.43195967964408,1.55663109730253,0.602028567618877,1.33122325340476,-0.433845179637909,-1.10745167520755,-1.19894987961077,-1.44848615624161,1.95190425094502,-0.858334513139159,0.740803615151647,-0.179776073400649,-0.858311890417847,-1.46400862475706,1.4958307750464,-1.32217072016655,-0.424387256081161,-1.41330154998685,-1.43934260771341,0.27330764431577,1.38175799306964,1.45063237705275,1.3987146857711,1.18594295719383,-1.96575689216723,-1.52184367552761,-0.333979422149212,-0.91323565124325,-0.230075729421995,-0.229179716068034,-0.287410644307502,-0.342818397021626,-0.0404095264630932,-0.00578516280012634,-0.00899738629868194,-0.0201670357368324,0.115497373553939,0.15029504965412,-0.321263468856418,-0.394815653267903,-0.219657981557459,0.754335996180896,0.668496977088488,-0.0744702805928035,1.50898873085267,-0.744267573836537,-1.5952036098774,0.726172755495118,-0.444061083654919,0.208486222981217,1.51894076268393,-0.939194285838884,-0.22930318399663,-0.233054967406804,-1.04789614836431,0.27601651215898,1.98423385292377,1.92841525943082,2.00235326011953,2.84339582515318,2.71190809236342,2.32407992805221,2.65176269159419,0.825219881684049,0.748881102728531,2.52440286463056,-0.189444898148642,-0.226875569169311,0.322100132310052,-0.924450780392009,1.01983928088354,0.566402014615565,-0.159062659197108,-0.504578098615964,-0.161767018358061,1.34603137593502,-0.391348688885798,-1.37027129077753,-0.405122580110374,0.0189685659473083,0.971796800379738,-0.00859578069383644,-1.44646591923207,0.532464993547459,-0.115382978305131,0.43905062085352,0.817785642030109,0.331061606670478,-0.917186199337522,-0.910109562980505,0.423866989262996,1.61083008831497,-1.37271057639375,-1.11777605451234,-0.245486398509103,0.176251652332003,0.872410160917752,3.7696264931462,1.96209543931977,-0.504578098615964,0.763017663402644,-0.835659608007726,0.886358450346385,-1.61502565017851,0.723886084901063,0.511652676906082,-0.639997445119629,-0.688849968232438,-1.13966992969373,1.30853782732598,-0.385406580997984,-0.440959496409212,0.984240030386299,0.189657297261516,0.186693280865528,-1.56531543697313,0.682832724400303,-0.883719295584461,1.58004448809894,-0.851221389523392,0.799837073718665,-0.152304562810898,0.991707943008339,-1.98055152906875,-0.521839596572905,-0.987985994494734,-0.286904425214791,-0.416640719459369,-0.0430886968833349,-0.114410578670175,-0.339713990523725,-0.210617258288034,-1.05012998614479,0.866268195653084,0.243010035727013,-0.10077320755709,-0.713534013953022,0.164544216239436,0.0639149947615938,-0.694834028068417,0.176251652332003,0.358142534415864,0.625885114403834,-1.54722343902544,-0.35568405855027,-1.29548932579066,-0.277522937462631,-0.115382978305131,-0.565328047091832,-0.533447461928133,-0.493873574512357,-0.932455617038282,1.08782463691748,-0.629843707397574,-0.718130441861903,0.0311816151752862,1.41103323720088,-0.375024355916575,-1.15249049956315,0.260026209173202,-1.00672353855961,-0.333979422149212,0.648228546406218,-0.125091603844216,1.20481091438719,-0.216759028140039,-0.611535701313945,-0.141398140072703,-0.472716577020044,0.682832724400303,2.32407992805221,-0.555594417312278,0.143988474218959,-1.56531543697313,-0.241958561604024,0.978760123186855,-0.696016939253532,1.6520257684351,1.69638891919342,-0.481197144366448,-0.265657561852559,0.188284489002777,0.1226841919104,1.13543421017129,-0.442074950479027,-0.0965886105387498,0.722688852699825,0.726172755495118,0.40957417248383,-0.352508963049232,1.3609621849323,-0.708757207400764,-0.458589923959548,-0.822944761547652,0.518566028486648,0.141460545004487,-0.733880170107544,1.03022712427771,-0.723292047758998,-0.230075729421995,0.523780513919773,-0.91323565124325,-0.482591549127137
comm.and.crime_point_1747,comm.and.crime,regression,0.06,0.026117288143371,nominal,0.0192985716239078,1.22003874930914,-0.453822940289352,-0.936954845977958,-0.472016707391195,0.59942720812885,0.317501733728316,-0.533447461928133,-0.864828255976639,-0.723488865413399,-0.518086685259539,0.819460891553668,-0.343626531286471,0.682832724400303,2.0962523437253,0.447456505679301,0.531240889564015,2.32667803375218,-0.236918153797056,-1.34051810584656,-1.18908626388824,3.04818360692517,3.39989683326659,3.3829593663339,1.45053174193682,0.0394141611302526,1.31846771390793,1.05811950764474,-0.433845179637909,-0.976145788122707,-0.964603692743623,-1.39910538353609,2.66894497982939,-1.60027964024141,0.0512926106647712,-0.328007702771107,1.42144955284458,-1.91644704011594,2.99884929088174,-1.15775143594827,-0.310386422371632,-1.35621407321842,-1.27594979840451,-1.14977363056188,1.48077955457769,1.40217184060813,1.35300026053872,1.6558997286691,-0.838906555258306,-1.63597193492067,-0.333979422149212,-0.956724101762177,-0.34476848053886,0.729337206687944,-0.00294828920368394,-0.342818397021626,-0.655889570517129,0.0790355329605499,-0.220563285821935,-0.315851368525389,-0.395527248191373,0.41476482080604,-0.503316572060594,-0.852674245419489,-0.796454122761974,-1.01503934364349,-0.597934995088079,-1.92337845653438,1.00159884023849,-0.791896494605177,-0.609742683218555,0.726172755495118,-0.444061083654919,0.363106181557171,0.655028649219603,-0.801434429577986,-0.917186199337522,0.928401418342293,-1.08907433885046,-1.17821175605928,1.00394925739407,1.19420787276746,1.49226256599801,0.837218293061186,0.561657905669569,0.511652676906082,0.543089647312493,-2.1246357062798,-1.54722343902544,-0.954427130819579,-0.286904425214791,-0.226875569169311,-0.197078848216383,0.0543650200071232,0.633849512110727,0.0677021350979969,-0.360857437271886,-0.413219819433159,-0.506438677988928,-0.618564013678328,-0.391348688885798,-0.137892390091274,0.0250464516485512,-0.296225771543798,0.0814626478570313,0.228635869181726,-0.524905716995868,0.646593252940519,-0.230075729421995,0.763017663402644,-1.17945889734843,-1.39676262025819,1.88725994012919,0.358142534415864,0.101693177953087,0.970725577571932,0.872638442876987,1.547553449942,1.11140862194038,0.176251652332003,-0.263347611309168,1.56430964666924,0.957154368308917,0.500362972394892,0.817012170494165,0.589566495515274,-0.141398140072703,-0.23600364120476,-0.10075369417069,0.149167226676855,-0.11337289675326,-0.688849968232438,0.632481160315823,-0.664493583293417,-0.506783935891765,-1.39341290226583,0.201187390066993,0.640404199215584,-0.0977690742382896,0.682832724400303,-1.56531543697313,1.19892497118046,3.17248229394089,-0.15468380482628,1.03022712427771,1.10310629051276,-0.441792181454227,1.7415692255838,-0.391374245016123,0.0542078168079789,-0.0919853710824933,-1.01746896013141,-0.685472708736566,-0.4726301518147,-0.196421853214959,-0.315269840651936,-1.1907081890969,-0.0922487271028942,-1.04427026387769,-1.23875756229239,-0.0132359495005283,-0.130351673731295,-0.677292433989011,-1.01880107061754,2.06415922862887,-2.01293747375996,1.31539611889071,-1.17343897873991,7.38226692912601,-0.651338533289799,-0.433845179637909,-0.34476848053886,0.913279270551694,-0.490435159498505,0.670236143756844,-0.0269330266637888,-0.0641256158777693,-0.708757207400764,-0.505592652644603,-0.708381655201343,-0.335131340202921,2.38292609713061,0.103340488803673,0.826966057285032,-0.0174633690899362,-0.333979422149212,-0.0597367947051054,-0.315607286918777,1.50049524717574,-0.370281702344836,0.57120162984028,1.13106240044617,0.766222769924772,-1.56531543697313,0.793585804862147,-0.822944761547652,-0.252097771813259,0.682832724400303,-0.333979422149212,-0.394815653267903,0.444479772930899,0.347251694119508,0.0145655943380156,0.754267934005747,-0.499564470154296,-0.693603398154691,1.03059780346671,0.415157172784282,-0.442074950479027,-0.0269330266637888,0.44147342845925,0.726172755495118,3.24111886566963,-0.352508963049232,-1.44433446107615,-0.590386957395979,-1.26292488459756,2.29614258786504,0.471155635969346,-1.39376619704348,-0.419922423015838,-1.15847835603325,-1.16798693587037,-0.230075729421995,0.164750488221586,-0.521839596572905,0.929718513293784
comm.and.crime_point_1938,comm.and.crime,regression,0.06,0.096698474763127,nominal,0.263237410407251,1.56802290981872,-0.453822940289352,-0.99803595765547,-0.708757207400764,0.968220127909451,-0.592122486177232,-0.576459764357761,-0.54265444466673,-0.723488865413399,-0.578145103398456,1.32173368638348,-0.499564470154296,-1.56531543697313,-0.674062310910845,-1.46602324501668,-0.693603398154691,0.192692898382022,1.203019662197,0.370139857947594,0.839992325252642,-0.533031194213599,-0.576901296561691,-0.739004709724335,-0.705728072626956,0.52492358070538,-0.67732705075443,-0.471261468611373,-0.35568405855027,-0.10077320755709,1.3319889385544,1.16869479715086,-1.29868038666413,1.07072281732671,-1.04043314643945,1.50018239279789,-0.3453655656838,1.70306028275511,-1.29548932579066,-0.33565501485685,-0.481387672935926,-1.07077668937625,-0.731307100708191,-1.020402605573,0.243010035727013,0.33604003882639,-0.338433473059384,0.246029414243294,-0.779598642789415,0.24714434506481,-0.333979422149212,-0.521839596572905,-0.230075729421995,-1.37027129077753,-1.61490163479198,-1.93092325234005,-2.09200967330988,-0.726761076765874,-0.728321444677741,-0.78049817719312,-0.736210329354915,-2.22993289071315,-0.00267053824910844,-1.20878648375961,-1.05863418694584,-0.838101809661048,-0.407970199261594,-1.18381518615775,0.139036026194378,-0.696638653067897,0.317749953636827,-1.23321624918318,-0.37760024144161,-0.358453625130612,-0.154888957153209,-0.112635148273496,1.04063469047886,-2.12579870714607,0.105093185247738,-0.1602519683065,-0.64471119872407,-0.61971625898909,-0.633115326174983,-0.804199687741353,-0.824058881310911,-0.898012962874244,-1.00327058516075,0.353242987609834,-0.853052298495168,0.447489434511076,-0.286904425214791,-0.226875569169311,-0.110549018128644,1.03318082040625,1.46097044519532,1.16484187003665,0.900359925695479,1.04851264749172,-1.04806557169458,-0.662221689003069,-0.391348688885798,-0.548685356986693,-1.13640993410055,-0.453822940289352,-0.462630445351289,1.29617829362176,1.83659230123439,-0.152304562810898,-0.34476848053886,0.331061606670478,2.35851714383641,0.385056113761999,0.670236143756844,1.51611184073429,-0.284915395618803,-0.309483443914147,0.82042102382418,-0.293946934953727,-1.31161820029084,-0.826699247575706,-0.707774565658833,-0.391348688885798,0.317646414029282,-0.321861540250354,0.547039635036561,-0.749282268400272,-1.36491789057162,0.166211111412584,-0.10075369417069,-1.17994609083031,-0.352747691465246,0.160791516024035,-0.535527512645018,0.322022122016284,-1.23504806525446,1.56977547151032,-0.973391570411965,-0.506951551212952,-0.00294828920368394,0.368091981808023,-1.56531543697313,0.541247834307328,-0.838101809661048,1.55499935761209,-0.640100742275393,0.817785642030109,-0.29844216900797,-0.789472887579932,-0.391374245016123,-0.193933566835524,-0.286904425214791,0.293429019516684,-0.203684699846642,-0.421455927079768,-0.769590402450023,-0.629227587743642,-0.956411184176713,-0.594329019975073,-0.301608552567286,-0.669765384924741,-1.01991441715099,0.459440106210166,-0.471401481558287,-0.424861492610813,0.0582574288134486,0.0272941611820292,-0.121085140456948,0.481892202524582,-0.35568405855027,-0.490300835164584,-0.121200695287352,-0.230075729421995,-0.304397343978269,-0.40441055463925,0.881892456169426,0.251689308836056,0.511849510519854,-0.708757207400764,-0.293054863427304,0.189659458827421,-1.39341290226583,-0.138628602798245,3.39989683326659,0.46618615394114,-0.116389386036903,-0.241958561604024,-0.472716577020044,0.160681920767624,-0.653776320283739,-0.728501275489362,-0.696016939253532,1.47364793058586,0.589231434646941,0.682832724400303,-0.253594384688952,0.825715694570486,-2.13350744046629,0.682832724400303,-0.241958561604024,-0.0895765918335127,-0.696016939253532,1.23687038115287,-0.050119918156423,-1.21124469067729,-0.343626531286471,0.0902969459852806,0.374882417342708,-0.620241068459545,-0.392446673750327,-0.166244194413711,0.816427327446683,-1.23321624918318,-0.429402032904556,-0.575741316306927,-0.224640267159436,-0.51147345739279,-0.106693378680418,-0.912061542959443,-0.287410644307502,1.47199038811273,-0.0536383847421805,0.742239561078903,1.15430859093348,-0.34476848053886,-0.55330956317479,-0.173931992421487,-0.482591549127137
comm.and.crime_point_0408,comm.and.crime,regression,0.62,0.034277184230825,anomaly,-1.26138033198864,-0.867866213748302,-0.375024355916575,0.528991834282321,-0.472016707391195,0.0667263240013159,-0.400622650407643,2.26235219599768,0.230562702477051,-0.0269330266637888,-0.217794594564951,-0.631549404621351,-0.265657561852559,0.637869761172835,-1.00841063129797,-0.0992519945195506,-1.18354111324217,-1.71666222273864,-0.236918153797056,1.76567661788493,-0.651977225586244,-1.13830693525114,-1.2048167907451,-1.3278567205898,-0.647450780341448,-0.688849968232438,-0.779675500224294,-0.689744465219389,-0.199361816374992,1.38736017940446,0.722688852699825,1.56374097879501,-1.58549667821788,1.76320493595548,-0.523299893074292,-0.0315444440301896,-1.88420453988594,1.95441495795449,-1.88596088558311,2.1306342484174,-0.253386005516867,1.9548595793508,2.04637065754305,0.726106231776839,-1.2423133868938,-1.31161820029084,-2.34986818328416,-0.954971223971284,-1.01683029266498,-0.722945859776196,-0.149937701058835,0.521883215881349,-0.34476848053886,0.820624532664704,0.565976421003951,0.252720923722782,0.0621704808792462,-0.217836902201817,-0.305189645631236,-0.400332606464976,-0.438112633336816,-0.422722787841705,0.08835601335298,0.775267415563927,0.776626262341248,0.754335996180896,0.161924188217862,1.4574822080445,-0.571309820665477,0.827486811528584,0.549623112850672,-1.23321624918318,-0.311139399228302,-0.822313500858473,-0.26287797133625,0.62208408511796,0.934806534272571,-0.319088773758589,1.29926070934593,1.34245057551904,-0.689269589429965,-0.749282268400272,-0.803145557548822,-0.485035080363082,-0.537358856418398,-0.616079834918179,-0.534676575320374,2.2411505639067,0.481892202524582,0.343643763005101,-0.0919853710824933,-0.226875569169311,-0.49993325352347,0.00542422998716656,0.303001138876892,0.466662038712051,0.749013842139396,-0.0477867027019386,-0.8018715291011,0.210931817491753,-0.391348688885798,-0.776903671928593,0.0250464516485512,-0.453822940289352,0.625555741065352,0.703099168932851,-0.524905716995868,1.10310629051276,-0.000690227188266011,1.08698470595177,-0.266432822203958,1.03299019886025,-0.388045418306067,0.413283929954837,2.1636055703365,-0.260244635395451,0.611551347612948,-0.390868007842976,-0.681631226510723,0.294245875850557,0.526744751979124,3.7696264931462,-0.0477867027019386,-0.230503261067549,0.547039635036561,-0.749282268400272,0.690595290266559,0.970640616647273,1.03312600205297,-0.616079834918179,-0.11337289675326,-0.446095258444874,1.03524277168163,-0.8289128675117,0.282168870917816,1.41103323720088,-0.141398140072703,0.927243136822718,1.3719530937981,0.682832724400303,-1.56531543697313,-1.10294500787551,-0.66116427567861,1.17506976595912,1.26061717483676,-2.03542084279638,-0.0117421441154574,0.0542078168079789,-0.304397343978269,-1.68278186869654,-0.286904425214791,-1.23595195673943,0.171039307067742,-0.67732705075443,3.05153325911707,0.0510141976217214,1.15226186010498,-0.731260008940213,1.18371487005353,0.0305326795277526,1.95635235677211,0.223523394233582,-0.883183386419734,-1.07279557770906,-0.000739682945828393,-0.303554212051806,-2.24707740429148,0.855676662810112,-0.433845179637909,-1.02709316224863,-0.121200695287352,-0.230075729421995,-0.826258750205395,-0.490435159498505,-0.652615808821794,-0.0269330266637888,-0.352113179076581,2.56615304273161,0.514588735598435,-0.497077863665163,-1.18175658985325,4.27409212207725,0.260319362349526,-1.80157323850618,0.130925656330515,-0.333979422149212,0.471237211128387,1.35140493998362,2.21858576966224,-0.319107477609904,0.402239153961105,1.08212161042621,-0.94469347109426,0.682832724400303,-0.777184479464502,-0.822944761547652,0.243010035727013,-1.56531543697313,0.0341040200315418,-0.29306929945644,-0.653776320283739,-0.127211605631618,3.31352673155438,-0.31272463367933,0.903876979656129,-0.938572255698432,-0.0790743884354456,-0.665258383296233,-0.442074950479027,-0.305555362163633,2.87867377187756,0.726172755495118,-0.324530007231007,0.652036626610397,1.17800805584479,-0.669300457399169,0.044119426439209,-0.199127291665113,-0.571872999411319,0.602028567618877,2.51034988317342,-1.44646591923207,2.19192999652669,-0.230075729421995,0.934100543289131,-0.217420442940414,0.0722445468239389
comm.and.crime_point_0562,comm.and.crime,regression,0.08,0.183344412520869,nominal,-0.651533235030286,-0.867866213748302,-0.453822940289352,-0.6315492875904,-0.669300457399169,0.968220127909451,-0.639997445119629,-0.576459764357761,-0.671523969190694,-0.514522113788516,-0.518086685259539,0.372996185038278,-0.499564470154296,-1.56531543697313,0.0901624214025735,0.174102255579875,1.70709140577397,0.192692898382022,0.0510694094017551,-0.845327642642986,0.481919633051309,0.0722445468239389,-0.00131209356022966,-0.203684699846642,0.867758819081747,-0.264029226104202,-0.4726301518147,-0.362019970307365,-0.433845179637909,-0.844839901037864,-0.964603692743623,-0.658393792953314,-0.342626081484969,-1.352964597874,0.740803615151647,-0.525649875265053,-0.288371529602239,-0.156964313720294,-0.114546206205749,-0.171235730638567,-1.27939350890263,0.0709728459924523,-0.0232715937029722,-0.761660555595246,0.540074720251176,0.675263793938761,0.850141582982528,0.141594576137679,0.762407081401742,1.04604216081623,-0.333979422149212,-0.869747200724323,-0.34476848053886,1.36834848852526,0.471155635969346,-0.0946770133781229,-0.55330956317479,-0.641940381005198,-0.686008264773091,-0.696016939253532,-0.736210329354915,0.855547772725906,-0.548829847861638,-0.903547422325221,-0.848890135598748,-0.484226741696171,-0.281327002043937,-0.708381655201343,0.443469960562887,-0.696638653067897,-0.203964654594325,0.726172755495118,-0.444061083654919,0.878506043477017,0.277067099578957,-0.939194285838884,-0.493873574512357,0.283147870703906,-0.183154148155274,0.566862165802633,-0.555594417312278,-0.576527589185363,-0.590607768331523,-0.4394401364519,-0.394008843972142,-0.454975190371856,-0.300379570400185,-1.29867614164992,-1.33363231886228,-1.00634996657257,-0.286904425214791,-0.226875569169311,-0.846052573874427,0.592713710226646,-0.248412816512834,-0.630477696226598,0.244526896952449,-0.504578098615964,-0.0140505928019747,-0.662221689003069,-0.391348688885798,0.409831565769285,0.584266192935153,-0.375024355916575,0.72448175801232,0.0507121317750543,-0.870490792834442,0.36127260445787,0.572773528396057,0.331061606670478,-0.551753470686607,-1.50475163444123,0.141095362725389,0.358142534415864,0.746040800572905,-0.06328940132067,-2.73036347176675,-1.02085498162309,0.578342721049512,1.41519099927682,0.0329370249239415,1.35626088756764,-0.504578098615964,-0.504578098615964,1.89690231232458,1.36696255198237,0.10330581002708,-1.09789239681336,-3.70855272760961,-0.736908318327921,0.173876856901124,-0.749538645679329,-1.13966992969373,0.0479899816524777,-0.385406580997984,-2.13420999570987,-2.09902974087097,-3.08850198967716,-0.714104176963228,0.682832724400303,-1.56531543697313,-0.8289128675117,0.282502572227728,0.921783371523802,-0.0641256158777693,0.703657382637049,-0.0595254815975429,-1.13687082468084,-0.652304948129686,1.09640162811069,-0.189444898148642,-0.798985963523397,1.93759533966413,3.21191402910042,2.00072425218612,0.207993071167575,-1.1907081890969,0.866268195653084,1.18371487005353,0.205607195640876,-0.407153610755056,-0.95606016564934,1.1757261378875,-0.532850506793854,0.766222769924772,-0.468978398668724,0.913181366273366,1.71004114346275,0.113282667975565,-1.40284779120747,-0.277522937462631,-0.34476848053886,-0.956724101762177,-0.533447461928133,-0.388045418306067,0.739278395960782,-2.42562363410802,-0.550930207394384,0.0895131571638354,-0.0744702805928035,-0.493873574512357,4.11649495333169,-0.629227587743642,-0.513073583706566,-0.0669263775634199,0.0341040200315418,-0.94469347109426,-0.649009732299257,-0.484813844404564,-0.728501275489362,-0.44257322543477,-0.777628410332139,-0.0597367947051054,0.682832724400303,-0.65635599605476,-0.377360854488696,0.688607062513258,0.682832724400303,0.12612488057673,-0.29306929945644,-0.696016939253532,-0.779598642789415,-0.891031580584123,-1.32355969780203,-0.343626531286471,-0.644609626645943,-0.633910484386522,-1.25048347617318,1.7911975023125,-0.444866529913555,-0.823995980623335,0.726172755495118,-0.691582097088426,-1.63609499428098,0.629145668582266,-0.629843707397574,0.295474101638588,-0.600152808018174,0.613386813521254,0.243808994474351,0.94056114771489,0.0510694094017551,-0.723292047758998,1.14623728398038,-0.45072955583245,1.78304828093024,-0.93654835490529
comm.and.crime_point_1355,comm.and.crime,regression,0.14,0.474461938086241,nominal,0.629145668582266,0.524070428289996,-0.453822940289352,-1.36452262772054,3.23691779275872,-2.43287013228942,-0.209122814638054,-0.576459764357761,-0.54265444466673,0.0427225572111723,-0.0976777582871161,-0.18508469810596,-0.343626531286471,0.682832724400303,-0.387478036293313,0.338114805639531,-1.13454734173342,-1.15508718711492,-0.294515666436819,-0.26010254976604,0.183525722883532,-0.179953678608368,-0.210617258288034,-0.36428070280995,0.459817773083194,1.92076316198387,-0.01206212920031,1.27660250425276,-0.35568405855027,-0.582228126868179,-0.730257505876477,0.181079343040496,-0.82065323407455,-0.0669263775634199,0.625885114403834,1.05548750468651,-0.3453655656838,1.15007999731647,-0.758696998706609,1.52776353961703,0.316618163030779,1.26980985812958,1.39279942030747,-0.761660555595246,-0.697694798599504,-0.633170690066098,0.0729963540320473,-0.171709938179167,1.88925741831066,1.61668345778153,-0.241958561604024,2.18096542220705e-05,-0.34476848053886,-0.685616345951833,-0.90374574703244,-1.18649910140954,-1.27136961457117,-0.59953003312486,-0.60138190496379,-0.653776320283739,-0.65103955906403,0.370686525614054,-0.275750193055373,-0.59830836089083,-0.691582097088426,-1.13299769963178,-0.0913622062174521,-1.55359682134606,-0.216136897235549,-0.553751890761977,0.607591402654133,-1.23321624918318,-0.37760024144161,0.105406250597248,-0.748828535159937,-0.847354381664952,-0.599701730718649,0.283147870703906,-0.677292433989011,-0.741943275593805,-0.466477635900487,-0.576527589185363,-0.675622884018443,0.335673910038188,-0.0595254815975429,-0.334146706962114,-0.253520169416148,-0.472716577020044,0.108107742239052,0.135952419993153,-0.286904425214791,-0.226875569169311,-0.49993325352347,0.494832130186732,0.578708116571755,1.26458184594016,1.25350078732634,-0.504578098615964,-0.06328940132067,0.429220194115458,-0.391348688885798,0.181613250827385,1.444604256453,0.0977671503200851,-0.759408496192192,1.29617829362176,-0.121723128517532,-0.951202378562316,-0.34476848053886,-1.12679008480058,-0.323496951900488,-0.316872478427771,0.934806534272571,1.01983928088354,-0.156045871094839,1.3153972372028,-0.954971223971284,1.15986915838501,-3.0077369758527,-0.649707912297875,2.79826029643296,-0.391348688885798,-0.230503261067549,0.0435715764808665,1.78891329814154,-0.576527589185363,0.543772920206689,-1.27027014793507,-1.23463339039435,-0.777184479464502,-0.352747691465246,-0.385406580997984,-0.13276590127921,-0.171235730638567,0.282168870917816,-0.599701730718649,-0.973391570411965,0.59942720812885,1.3719530937981,0.682832724400303,0.682832724400303,-0.116429302565806,3.17248229394089,-0.787899790914564,0.857434586358428,-1.40771541613455,-0.72849220634674,-0.789472887579932,-1.04370100280003,0.15346437026538,-0.286904425214791,-1.39981420419544,-0.524876705773258,0.294983219209284,0.520038833328871,-0.576901296561691,-0.628395377288449,-0.274823379056414,-0.40063011407534,-0.407153610755056,-0.801071272009583,-0.602185097684464,1.83457718566582,0.169078085395916,0.117254540572726,-0.193271420973861,-0.523299893074292,-1.54722343902544,-0.433845179637909,1.92526463671364,-0.043039574199713,-0.115382978305131,-0.826258750205395,-0.533447461928133,-0.440959496409212,0.460656060460939,0.569447023159616,3.03963404275074,-0.590607768331523,-0.655555707317298,-1.49924105847212,-0.138628602798245,1.93476068017196,-0.255373652746643,-1.00672353855961,-0.241958561604024,1.00221121696188,-0.267978366150136,-0.653776320283739,-0.4726301518147,-0.653776320283739,-0.630806040272269,-1.65265881220558,0.682832724400303,-0.857736801737663,-1.13485349648892,-0.598673237091449,0.682832724400303,-0.333979422149212,3.16630673013332,0.23327667808193,0.643791256463961,-0.696975043100807,1.76510299812845,0.280125224184829,-0.938572255698432,-0.58347083930006,0.595226432131034,0.00457954007927846,-0.444866529913555,-0.870865217996765,0.726172755495118,-0.953762161272296,0.317188096723854,-0.956456783509466,-0.274732957383221,-0.91102833931843,0.602923741041008,-1.42526006472277,0.704377017088742,-0.210617258288034,-0.524905716995868,-0.920934220252943,-0.34476848053886,-1.8868496586252,-0.43486269553505,-0.986987999991752
comm.and.crime_point_0742,comm.and.crime,regression,0.23,0.227276671586167,anomaly,-0.224640267159436,-0.519882053238727,-0.375024355916575,0.0403429408622278,-0.669300457399169,0.927243136822718,-0.592122486177232,-0.576459764357761,-0.54265444466673,-0.305555362163633,-0.458028267120621,-0.408317051363656,-0.499564470154296,-1.45290802890446,0.328982650250517,0.22877310559976,-0.15467191155846,-0.593512151491192,-0.179320641157294,-0.0350159755825995,0.0641681588164208,0.374882417342708,-0.00131209356022966,-0.150152698858873,-0.589173488055941,0.221480193470925,1.47199038811273,1.05811950764474,-0.35568405855027,-0.669765384924741,-0.120957420021899,-0.21396683860365,-0.103612505190179,0.872870783432771,0.396048112908209,1.00607696156302,-0.231377493520679,0.0943903614790845,-0.060866973497344,0.0479899816524777,-0.0823847549525736,-0.214464537849722,-0.0777358634726045,0.0145655943380156,0.143988474218959,0.287579502381766,0.301568480193953,0.768203604771372,0.0507121317750543,0.24714434506481,-0.241958561604024,-0.173931992421487,-0.34476848053886,-0.868190997905353,-0.998566532067046,-1.03761427122343,-1.3739496219135,-0.641940381005198,-0.64369508486844,-0.611535701313945,-0.65103955906403,0.458843115998027,-0.503316572060594,-0.394815653267903,-0.324530007231007,0.105565038245289,0.541853779870831,-0.180122176360894,-0.165397908174131,-0.553751890761977,0.143845084226443,0.726172755495118,-0.37760024144161,-0.203833666554659,-0.370866985519292,-0.847354381664952,1.30520508099459,-1.30847754680412,-0.430223291072143,-0.644994724379254,0.558365350335113,0.460000486104092,0.387066062068055,0.654838517416459,0.65722458063374,0.471376515769501,0.589949048296531,-0.590710800538598,1.12266556301406,2.10902017860667,-0.189444898148642,-0.226875569169311,-0.49993325352347,0.837417660326429,0.303001138876892,1.06510189413313,0.698565147620701,-0.321861540250354,-0.654155103545014,-0.487590987704104,-0.391348688885798,2.09864709633934,1.01443522469408,0.0189685659473083,-0.0669263775634199,0.110020044243945,-1.15847835603325,-1.00826650825885,-0.34476848053886,1.14097921304329,-1.06533063795537,0.925001184677206,1.04063469047886,-0.358695607590779,-1.12256730502457,3.77733766313757,-0.537231871548822,0.0937373566032682,0.869105939717259,0.0582574288134486,1.21807556985638,-0.391348688885798,-0.139144981884744,0.226288134846476,-0.100894450061688,-1.09479162683009,-0.0435165600327901,0.108751861038678,0.517726140133124,0.713033482588985,-0.0176229788684652,0.0394141611302526,-0.414699029235275,-0.938525723657223,0.403546225811598,-0.652615808821794,-1.31597710055166,0.47649623486865,-0.0503586817209869,0.682832724400303,0.682832724400303,0.760473546598372,-0.543205919690318,-1.29447257978519,0.68464204843914,-0.437625211293547,-0.250658831525885,-0.392446673750327,-0.652304948129686,-1.68278186869654,0.200393210115953,1.00349875849274,-1.64904872651641,1.83020996125725,0.281218604480928,-0.838532752471447,2.27688748372189,2.28122174829286,1.57980111608575,-0.0132359495005283,-0.363384981726775,-0.779122631666902,0.805122423512198,-0.100894450061688,-0.649707912297875,0.744132303188673,-0.0636258900830415,-0.0520855978833183,-0.433845179637909,-0.812376231415014,-0.35568405855027,-0.34476848053886,-0.695793398648614,-0.576459764357761,-0.970100277440667,-1.00211120091324,0.16626443468128,-0.314189707384816,0.174528272850755,0.0840075630593312,-0.0705609496871936,-0.375024355916575,-0.52457500537974,0.46618615394114,0.0814626478570313,-0.149937701058835,0.530234322887664,-0.363236207687417,0.191036059112137,0.0391120955346223,-0.0201670357368324,1.13106240044617,2.65413034622164,0.682832724400303,-0.575803673781598,3.27642718339475,-0.103565429551178,-1.56531543697313,-0.241958561604024,-0.343942476362171,-0.315851368525389,0.821714993870633,-0.244176455639738,-0.76198466217831,-0.499564470154296,0.0902969459852806,-0.533031194213599,0.595226432131034,-0.839101164308632,-0.79314444928836,-0.167826657395328,-1.23321624918318,-0.376966020067782,-1.41286264102328,-0.102670847767764,1.57973429269174,0.697641581957593,-1.00117832437123,-0.619283391928622,-0.626152826019497,-0.943185334835349,-0.294515666436819,-0.42682878901808,-0.230075729421995,-1.73297964761169,-0.217420442940414,0.0218049017374774
comm.and.crime_point_1058,comm.and.crime,regression,0.32,0.441569469511465,anomaly,0.0192985716239078,0.176086267780421,-0.375024355916575,-0.26506261752533,-0.4325599573896,0.681381190302317,-0.352747691465246,-0.533447461928133,-0.478219682404748,-0.653833281538438,-0.518086685259539,0.0939557434661589,-0.265657561852559,0.682832724400303,0.376746696020106,0.666139905758843,0.531240889564015,1.14737045894235,-0.121723128517532,-1.1604488464998,0.481919633051309,0.47576170751563,0.364971944713428,0.171039307067742,0.459817773083194,-0.567472613338656,0.243808994474351,-0.307399221155361,-0.433845179637909,-1.06368304617927,-0.449042081635903,-0.362109156720205,0.0397956405866952,-1.15511256398006,0.740803615151647,0.51197153032816,-0.744323818254725,-0.508860858999424,0.314887655461491,-0.0616228744930443,-0.53838808979069,-0.0432021075444176,-0.0232715937029722,-0.56760401811193,0.490563939497149,0.578342721049512,0.712998307285384,0.193811995190487,1.29617829362176,0.874849771726638,-0.333979422149212,-0.695793398648614,-0.34476848053886,-0.274823379056414,-0.42964182185941,0.252720923722782,0.164750488221586,-0.641940381005198,-0.64369508486844,-0.611535701313945,-0.608454173918587,0.679234591957959,-0.45780329625955,-0.547435183985099,-0.48183804574133,-0.248310029719587,-0.15468380482628,-0.602729759433253,0.798642883992814,-0.649009732299257,-0.667710973022016,0.726172755495118,-0.37760024144161,0.569266126325109,0.709023156311124,-0.709594525404054,-1.07592843364696,0.283147870703906,-0.965539767392024,-0.887366102415632,-0.243685682371009,-0.317395570362999,-0.378069979114223,0.290078966127006,-0.0595254815975429,-0.253594384688952,-0.0192231644959594,-2.36062415331691,-1.81421233922939,-1.21404130958451,-0.286904425214791,-0.226875569169311,-0.759522743786688,0.739536080286516,0.578708116571755,0.516532026663808,0.648116453102006,-0.230503261067549,-0.654155103545014,-0.574906338353587,-0.391348688885798,0.729337206687944,-2.12579870714607,0.806954409675075,0.773944766485803,-0.30513534303829,-0.121723128517532,0.30420847476134,-0.34476848053886,-0.316872478427771,0.646593252940519,0.49304512794504,-0.388045418306067,-0.082988629895916,-0.0271763465708762,-0.211005826876756,0.0893771570848711,-1.21469712740159,-0.487789080732225,0.530234322887664,-0.362109156720205,-0.391348688885798,0.0435715764808665,0.317646414029282,-0.640839520976896,3.18088668373891,-0.777628410332139,1.2579368685168,1.08466598824495,-1.01884144628399,-0.256997773580451,-0.0212745163166381,-1.05911760742057,-0.719300011366178,-0.688849968232438,-0.811358043131231,1.7672926707056,0.927243136822718,-0.90374574703244,0.660351242786569,-1.56531543697313,1.74698925190807,-0.366268385707879,-0.914542988132221,-0.0641256158777693,0.30420847476134,0.370524555741227,-1.48426876178174,-0.782770299686468,-1.28575565486694,0.200393210115953,-1.23595195673943,-0.257216700834412,-1.08672084863389,1.37979165718147,0.364971944713428,0.0276362364880784,0.181613250827385,-0.994759483123667,-0.888608530066145,-0.62599675589646,-0.543205919690318,-0.100797767182985,0.763017663402644,-1.06268769461281,1.2955462585784,0.970640616647273,0.695483322687741,-0.199361816374992,-1.18813086037385,-0.35568405855027,-0.34476848053886,-0.13044354190256,-0.576459764357761,0.670236143756844,-1.0717667847882,0.339056972600567,-0.550930207394384,-0.930668231079202,-0.761207603085388,-0.123475027790339,0.334162903438415,-0.576901296561691,-0.203833666554659,-0.0669263775634199,-0.149937701058835,0.412240099369111,-0.220349445381496,-0.611535701313945,-0.421455927079768,-0.696016939253532,0.445891340166776,-0.236728129982936,0.682832724400303,1.19634741622795,2.38525936927683,0.490563939497149,0.682832724400303,-0.149937701058835,0.26653564650661,-0.527054463374357,-0.186519518100509,0.596735206787962,-0.53735464792882,-0.421595500720383,0.237278260511525,1.98895106010947,-1.1604488464998,-0.64058805739383,2.34135682508489,-1.15208064223734,-1.23321624918318,0.0425220826264111,-0.575741316306927,1.17800805584479,-0.550930207394384,0.194932231558836,0.602923741041008,1.18231152372889,1.06259659023327,0.312645653531477,0.0510694094017551,2.19192999652669,-0.34476848053886,2.6779606681089,-0.0434666408647052,-0.633910484386522
comm.and.crime_point_1614,comm.and.crime,regression,0.15,0.021273128101561,nominal,1.23899276554062,1.22003874930914,-0.296225771543798,1.62845184447753,-0.629843707397574,0.681381190302317,-0.256997773580451,-0.18934904249111,0.810475562834887,0.391000476585978,-0.217794594564951,-1.07801411113674,-0.187688592418646,0.682832724400303,0.137926467172162,0.939494155858268,0.825203518616504,-0.0880946194298402,-0.985685818113966,-0.845327642642986,1.37710136355464,-0.129514033521907,-0.681553878925593,-0.846068711699873,-0.0646778574863729,-0.264029226104202,-0.01206212920031,-0.252778472003357,-0.35568405855027,-0.888608530066145,-1.15208064223734,-1.05343997459746,-0.58163965777976,-0.759408496192192,1.2579368685168,-0.0315444440301896,-1.37125821515189,0.044119426439209,-0.221904671622559,-0.445267871002372,-1.05139184148357,-0.271552014618157,-0.404521482090398,1.95513096917117,0.886650185529367,0.966027012606508,0.575855031588241,0.82042102382418,1.82994950584177,2.01613236565723,-0.333979422149212,-1.04370100280003,-0.34476848053886,-0.457398031009934,-0.951156139549743,-0.392446673750327,0.0621704808792462,-0.641940381005198,-0.686008264773091,-0.653776320283739,-0.608454173918587,0.591078001573987,-0.45780329625955,2.09797001511295,2.40214266028124,1.93391955606382,1.93492894926506,1.19335246862428,1.25529378554558,-0.125091603844216,-1.18942558125317,0.726172755495118,-0.444061083654919,0.826966057285032,1.30296273431785,-0.801434429577986,0.299837597034825,0.842367611990508,-0.718470624475156,-1.17821175605928,-0.511036026606383,-0.61971625898909,-0.718130441861903,-0.4394401364519,-0.72849220634674,-0.69663215719134,-0.722114179256525,-1.29867614164992,-0.692858958372798,-0.74673578780763,-0.286904425214791,-0.226875569169311,-0.759522743786688,0.543772920206689,0.303001138876892,0.267182086905024,0.496770369545922,-0.413219819433159,0.330621066828893,-0.400275637054622,-0.391348688885798,0.0446822618622457,-2.12579870714607,0.649357240929522,0.773944766485803,-1.19475403007165,1.08782463691748,0.646593252940519,-0.34476848053886,0.49304512794504,-1.63597193492067,-0.0468999429701671,0.617322065653698,-1.07553374959742,-0.284915395618803,-0.604916295026319,0.0893771570848711,1.01448754905113,-0.245486398509103,0.766222769924772,-1.25096306541953,-0.391348688885798,-0.504578098615964,-0.230503261067549,-0.370866985519292,0.33043447669291,0.592713710226646,2.46458112636884,-0.822313500858473,0.269995710086597,-0.304872732522849,-0.0819631937635291,0.833861965998727,-1.76062214474864,-0.14265187121042,-0.176389105893484,0.984240030386299,-0.670859515559886,-1.14079770961895,0.682832724400303,0.682832724400303,0.815279974671134,2.05187791205211,0.288567385435518,-0.524905716995868,-1.1223947676519,0.22717454329497,-0.144305290106824,-0.826258750205395,-1.58352531523914,-0.286904425214791,-0.635123716067385,-0.36428070280995,-0.882023949694159,-0.817354448219611,0.417298235895379,1.24598066207306,0.364187902780905,0.243010035727013,-0.232079094641932,-0.757302642981302,-0.366268385707879,1.50515166177666,-2.04469670535644,0.943214105202603,-1.90265468268201,1.37285536926462,-1.70741677914781,-0.199361816374992,-1.24181009308225,-0.35568405855027,0.114002523928599,0.434906314843494,0.0687247720866572,1.30520508099459,3.52550175095922,-0.524905716995868,-0.393103207388005,-0.123024632053464,0.242485406711466,-0.335131340202921,-0.375024355916575,-0.733880170107544,-0.513073583706566,0.72448175801232,-0.241958561604024,-0.826699247575706,-0.0298337623069365,-0.653776320283739,2.23960375913671,-0.44257322543477,0.25012818008695,1.00221121696188,0.480499389876695,1.7199375110035,-0.733827980135861,-0.0540546487971503,0.368091981808023,2.15058381257088,-0.903547422325221,-0.696016939253532,0.762407081401742,-0.308861968134177,-0.368882137241703,-0.265657561852559,-0.742597169663439,0.627080642775015,-1.1604488464998,-0.392446673750327,-0.305555362163633,0.0196502920983885,0.726172755495118,-0.48183804574133,1.76819839289887,-0.956456783509466,-0.629843707397574,-0.458589923959548,0.246456615393843,2.13051937407495,1.57433883758259,0.678929691805134,0.972629611637952,-1.26680802211735,-0.115382978305131,0.421200506577434,-0.782770299686468,-1.03742764507821
comm.and.crime_point_0912,comm.and.crime,regression,0.04,0.238599507624883,nominal,-0.468579105942779,-0.171897892729153,-0.453822940289352,1.01764072770241,-0.669300457399169,0.968220127909451,-0.639997445119629,-0.576459764357761,0.423866989262996,0.391000476585978,-0.0976777582871161,-1.35705455270886,-0.343626531286471,0.682832724400303,0.185690512941751,1.21284840595769,0.38425957503777,-0.649669655053565,-1.04328333075373,-0.305119864602728,-1.12940748185469,-0.0790743884354456,-0.52457500537974,-0.685472708736566,-1.69644204148058,-1.23504806525446,0.499680118149013,1.05811950764474,-0.433845179637909,-0.713534013953022,-0.214695894768757,0.0329370249239415,-0.772850518815592,-0.858334513139159,1.31539611889071,0.166097728463756,-1.08628803474409,0.647370646917718,-0.812376231415014,-0.609687155220656,-0.937391007774043,-0.328639491386592,-0.45898575186003,0.855477256765716,0.540074720251176,0.626803257494137,0.301568480193953,0.193811995190487,1.35548620609065,0.931913901423168,-0.333979422149212,-0.304397343978269,-0.34476848053886,-1.46155861675429,-0.192589859272896,-0.69021633412253,-1.06620959988649,-0.769171424646212,-0.728321444677741,-0.738257558223326,-0.778795714500358,0.899626067917892,-0.685369675264771,0.113916115789414,0.357138159647056,1.34412777612236,1.3650345617856,0.770744885551916,0.950859851177069,-0.458494049224697,-0.377869524004709,0.726172755495118,-0.444061083654919,0.260026209173202,0.925001184677206,-0.801434429577986,-1.34049882416269,0.928401418342293,-0.430223291072143,-0.208726243913775,-0.600152808018174,-0.662904928792817,-0.760637999705362,-0.16587047298481,-0.394008843972142,-0.575803673781598,-0.347238971384223,-0.826699247575706,-0.799654518454378,-0.435198773289707,-0.286904425214791,-0.226875569169311,-0.889317488918297,0.641654500246602,0.358142534415864,0.566402014615565,0.496770369545922,-0.139144981884744,-0.900349146138491,-0.0510142344566935,-0.391348688885798,-1.18769663882401,-2.12579870714607,-0.138628602798245,0.576092732591868,1.35548620609065,0.223861947321042,-2.32074149127903,-0.34476848053886,-0.0468999429701671,0.703657382637049,-0.20888346424473,0.0352672065190975,-0.138130025434889,0.359432227001014,0.182904641272807,0.141594576137679,-0.633170690066098,-0.923933908733845,-0.531713688779321,1.46497943338397,-0.391348688885798,-0.139144981884744,-0.413219819433159,-0.424861492610813,1.23739654257118,1.08212161042621,0.740803615151647,0.569266126325109,2.28380376691563,-0.304872732522849,-0.870916000573111,-1.38132689651321,-0.0616228744930443,3.01315935602791,-0.22930318399663,0.592713710226646,0.763335172475784,1.79864662645383,0.682832724400303,0.682832724400303,-1.37697714823931,-1.42789358960251,-0.0913622062174521,-0.00652810323800724,0.817785642030109,0.22717454329497,0.401605753908883,-0.0434666408647052,0.600118860823686,-0.0919853710824933,-0.580502966915381,-0.0430886968833349,-1.64963732071814,1.57084784025982,1.20219260362464,1.6677152709294,3.1028076820837,-0.00454386804312309,-0.582228126868179,3.05056808247913,-0.720143453672756,-0.965539767392024,2.32885836905675,0.589231434646941,-0.910109562980505,-0.121085140456948,-0.158881157964898,4.568466569971,0.0464914919194661,-0.35568405855027,0.114002523928599,0.391417864324567,-0.490435159498505,0.723150221859989,-0.514522113788516,-0.294515666436819,3.23691779275872,-0.505592652644603,-0.497077863665163,0.0881812846222431,1.0433501627934,2.14406584489976,1.03312600205297,2.45568705458425,-0.333979422149212,-0.236728129982936,-0.839525415373817,0.613442248810074,0.243808994474351,1.88066081790389,-0.239279720112616,-1.3576732534092,0.660351242786569,0.592204999179243,-0.867503152253548,1.08469330854548,0.682832724400303,0.862291764938238,0.0630429388836828,1.28929215232677,0.0507121317750543,-0.373547480628615,1.14737045894235,1.76153564342917,0.0413031744765323,0.425322062429169,-0.845327642642986,-1.78203842215394,-1.55935587191293,-0.683388268503048,0.726172755495118,0.357138159647056,-0.18508469810596,1.3609621849323,-0.51147345739279,0.194932231558836,-0.377360854488696,-0.571872999411319,0.294983219209284,-0.419922423015838,-1.21607586867302,2.58721434151458,-0.34476848053886,1.44700058000083,0.739325468475985,-0.785229419645906
comm.and.crime_point_0225,comm.and.crime,regression,0.16,0.930864727720508,anomaly,1.60490102371564,-1.21585037425788,-0.138628602798245,-0.387224840880353,-0.669300457399169,0.886266145735984,-0.496372568292438,-0.490435159498505,-0.220480633356821,-0.305555362163633,-0.277853012703869,0.428804273352702,-0.499564470154296,-1.56531543697313,-0.530770173602079,-0.153922844539436,-0.497628312119698,0.698110430443375,0.627044535799378,0.0550186540907768,-0.174546969317801,-0.533031194213599,-0.52457500537974,-0.685472708736566,-1.11366911862551,0.403546225811598,-1.08672084863389,-0.525882217763377,-0.199361816374992,-0.275847723670213,0.207127241592105,-0.0658245204870952,-0.725047803556634,-0.363704428404322,0.0512926106647712,1.10489804781,-0.174383457439118,0.999267192196847,-0.812376231415014,-0.280848586784089,-0.367386839226397,-0.556989398460331,-0.45898575186003,-0.114805430650861,0.243010035727013,0.481421648160263,-0.0641469216650966,0.454899090454526,0.643791256463961,0.646593252940519,-0.241958561604024,-0.521839596572905,-0.34476848053886,-0.320467042044794,-0.856335354515137,-1.03761427122343,-1.16878960722883,-0.641940381005198,-0.686008264773091,-0.696016939253532,-0.693624944209472,0.635156296765973,-0.548829847861638,-0.191322945644976,-0.272093994394233,-0.366268385707879,-0.0280406076086237,-0.814033550969433,0.240514004317214,-0.601380811530617,-0.145996364790864,0.726172755495118,-0.311139399228302,0.826966057285032,0.00709456412135369,-0.434074812882258,0.299837597034825,-0.878308515045191,-0.553757862530577,-0.208726243913775,-0.778386370841756,-0.792470938203999,-0.803145557548822,-0.621819912096626,-0.632925531382569,-0.69663215719134,-0.722114179256525,-0.472716577020044,-0.532665618250428,-0.0717389230187961,-0.286904425214791,-0.226875569169311,-0.759522743786688,1.47364793058586,0.413283929954837,0.815751954374349,1.00125731473287,-0.321861540250354,0.084427024235416,-0.531248663028845,-0.391348688885798,0.272900576804145,1.27253664374943,-0.375024355916575,-0.512093453824773,-0.898214467727196,0.0510694094017551,0.988978031119698,11.1245066311476,-0.100894450061688,-1.6930360646172,1.03299019886025,-0.176389105893484,-0.138130025434889,-0.413784920142767,-0.161767018358061,-0.432797033443206,-0.4393285442876,-2.76543429362957,-0.472716577020044,0.625506297390161,-0.391348688885798,-0.504578098615964,-0.413219819433159,-0.0468999429701671,2.44667929707555,-0.239279720112616,0.22367036178649,-0.358453625130612,1.92131831668641,-0.209122814638054,1.61731977474942,-1.01884144628399,1.1441185431077,-0.688849968232438,-1.49924105847212,-1.02233236043192,-0.424997569039485,0.044462103313619,0.682832724400303,0.682832724400303,0.376828550089045,-0.543205919690318,-1.10450778395871,0.627044535799378,-0.380561081597017,-0.0117421441154574,0.848260244467189,2.08746743456273,-0.0946770133781229,-0.286904425214791,-1.67291794995546,-1.06019671565095,-0.523804376549633,-0.817354448219611,0.888234856532939,-0.487817174336336,-1.46155861675429,1.57980111608575,0.511987598838842,-1.01991441715099,2.22881544603455,0.640409661567619,-0.532850506793854,0.23524876409128,-1.18581654067537,1.14301836776899,-1.17343897873991,0.738571636676679,-0.705017765998204,-0.277522937462631,-0.34476848053886,-0.826258750205395,-0.576459764357761,-1.55215513657527,-0.375210946038594,-0.121723128517532,0.0409210426295376,-0.548100210488063,-0.232948124244939,0.458579831344262,-0.453822940289352,-0.576901296561691,0.775426071093047,-0.165852394510387,-0.0579168405136468,0.825219881684049,0.446455445379464,-0.315851368525389,-1.64963732071814,-0.527054463374357,0.396950550146819,0.23524876409128,0.682832724400303,1.27689973850112,-1.00117832437123,-0.153076210305205,-0.396278393058944,0.678250043847861,-0.140449768739244,-0.569295082344151,0.762407081401742,-0.114805430650861,-0.705827158615937,-0.499564470154296,-0.350646997593453,1.13147709363963,1.63062467337486,-1.93092325234005,0.391000476585978,-0.308434369515615,0.726172755495118,-0.691582097088426,-1.35705455270886,0.629145668582266,-0.669300457399169,-0.106693378680418,1.09306603880586,1.08749073869428,-0.626152826019497,0.0510141976217214,-0.697698254915155,-1.01975530649992,-0.34476848053886,-0.0916995301342629,-0.652304948129686,-1.4409448057699
comm.and.crime_point_1748,comm.and.crime,regression,0.5,0.0139445462480933,anomaly,-1.38334975138032,1.22003874930914,0.649357240929522,0.834397392669879,-0.156362707378436,-0.261089604692552,0.365376692670713,0.584872401242192,-0.091611108832858,0.391000476585978,-0.157736176426034,-1.07801411113674,0.669970071354392,0.660351242786569,0.376746696020106,0.611469055738957,-0.644609626645943,-0.593512151491192,-0.985685818113966,0.775295691477787,0.0641681588164208,0.1226841919104,-0.105964675924132,-0.0430886968833349,-0.181232442057388,-0.203340548657311,0.0902863202695546,-0.307399221155361,0.191443789063205,-0.232079094641932,-0.542780556382761,-0.263347611309168,-0.533836942520802,0.378240698697934,-0.0636258900830415,0.166097728463756,-0.573341710010043,-0.358048053879797,-0.00718774078893893,0.760473546598372,-0.196385588662103,1.09854742782428,0.957085262150409,0.6614207192824,0.0449669127109041,-0.10010478917523,0.0729963540320473,-0.0150576810207445,-1.13544611760276,-1.00826650825885,0.310166601667107,0.565371666400276,0.343388026162328,0.683693543699564,0.613386813521254,0.600118860823686,0.677650524933283,0.503139011763931,0.371821232843173,0.359998534991312,0.328424299281152,-0.114174721497799,0.08835601335298,0.622647884846732,0.619318223830926,0.754335996180896,0.541853779870831,0.929222729204051,-0.0639199300512947,0.541713286916744,-0.377869524004709,0.726172755495118,0.685773233971324,-0.461533597514582,0.00709456412135369,-0.342234908708326,-1.23467066795639,1.53063806280479,-0.471401481558287,0.179067960944429,0.291015006099739,0.244057137085456,0.174528272850755,0.837218293061186,0.65722458063374,0.592204999179243,0.636808449280568,0.412240099369111,1.06926778297327,-0.954427130819579,0.00547415598365529,-0.226875569169311,0.235570302222313,-0.581865250252313,-1.79237189160407,-0.281387780564301,-0.259960048234497,1.77937888095416,-0.70339391206371,-0.443933312379363,-0.391348688885798,1.23141749956012,0.197114064352121,-0.217427187171022,-1.50135362329445,-0.542366992913852,1.54860473803558,1.04604216081623,-0.230075729421995,-0.586845013885375,-1.57890780522414,1.30296273431785,-0.917186199337522,0.303001138876892,-0.478219682404748,0.724531534978455,-0.954971223971284,0.287579502381766,-0.148565325619854,-0.94469347109426,1.51436020608949,-0.391348688885798,-0.413219819433159,-0.321861540250354,-0.856817549342979,0.50318915590782,-1.02233236043192,-0.695677644196011,0.414646167749156,-1.05911760742057,-0.639997445119629,-0.0212745163166381,-1.38132689651321,1.03450568696218,-0.0212745163166381,-0.440959496409212,0.299068970106906,0.59942720812885,-0.714104176963228,0.682832724400303,-1.56531543697313,1.58256996768979,0.223523394233582,0.668496977088488,0.742239561078903,0.30420847476134,-0.919625556275082,0.401605753908883,-0.869747200724323,-0.0450487366494222,-0.286904425214791,0.348049768668688,-0.524876705773258,-0.319107477609904,1.09320738256394,0.417298235895379,-0.347238971384223,-0.274823379056414,1.72833345834783,0.380681711753999,-0.538459497839898,-0.484226741696171,0.105093185247738,1.62692977686698,-0.000739682945828393,1.07498067642251,0.108751861038678,1.17606334305485,-0.35568405855027,-0.436621602456179,-0.433845179637909,-0.34476848053886,-0.43486269553505,-0.490435159498505,-0.282217262099776,-0.0269330266637888,0.108666922041517,-0.4325599573896,-0.803145557548822,-0.285774072128984,-0.017646871584048,-0.453822940289352,-0.786206461289495,0.930046029669001,0.180388664803999,-0.241958561604024,-0.826699247575706,1.2085181776777,-0.527054463374357,0.857899691293538,-0.653776320283739,1.08212161042621,0.353242987609834,0.682832724400303,0.108891065540274,-0.912061542959443,0.29252081648104,0.682832724400303,0.218145741121919,-0.394815653267903,-0.484813844404564,0.169327956712836,-0.244176455639738,0.417322912631512,-0.343626531286471,-0.644609626645943,0.0218049017374774,1.54059004370149,-0.491703227207728,-0.375210946038594,0.0196502920983885,-1.23321624918318,2.19239860893415,-0.18508469810596,1.60490102371564,-0.629843707397574,-0.0564224436405426,1.62776672727661,-0.90374574703244,-0.626152826019497,0.312645653531477,0.799837073718665,0.116687185340269,-0.230075729421995,-0.861049585201808,-0.608816497610759,3.14906289709809
comm.and.crime_point_0445,comm.and.crime,regression,0.72,0.00483040828242279,anomaly,1.17800805584479,-0.867866213748302,0.176565734692862,-0.814792622622935,1.54027754269014,-1.40844535512109,-0.0654979378108623,1.10102003039773,-0.284915395618803,0.182033724961094,-0.0976777582871161,0.038147655151735,0.202156254750917,0.660351242786569,-1.00841063129797,-0.427277094638862,-0.252659454575957,-1.09892968355255,-0.0641256158777693,0.595226432131034,-0.651977225586244,-1.03742764507821,-0.52457500537974,-0.150152698858873,-0.647450780341448,-0.506783935891765,-0.0632363539352424,-0.580502966915381,0.582249394501401,1.47489743746102,0.722688852699825,0.674887070095679,-0.151415220449137,1.12018582580019,-0.580759143448198,-1.51386073773478,2.33335413014955,-0.408318988919673,-0.00718774078893893,2.02102139227188,0.544619830449837,1.61233471874019,1.82851357846452,-0.114805430650861,-1.63839963292602,-1.65084195540321,-1.11557870200987,-2.05153702408025,0.228635869181726,0.24714434506481,0.310166601667107,1.43514067677882,-0.000690227188266011,-0.0922487271028942,-0.192589859272896,-0.0450487366494222,0.421200506577434,-0.0906058585608025,-0.135936926012634,-0.062407654706626,0.0729119884084963,-0.554957673417664,0.224895840756112,0.164789292695146,-0.114785955883911,-0.779122631666902,-0.914542988132221,-0.232948124244939,-1.53535061283242,0.446455445379464,1.65102061911644,-1.23321624918318,1.88206839381087,-3.50239278284167,-1.50475163444123,1.72416293520514,0.670236143756844,-0.319088773758589,1.5463298522628,1.00313064626811,-0.778386370841756,-0.749282268400272,-0.675622884018443,-0.804199687741353,-0.680708868864655,-0.65635599605476,-0.722114179256525,0.23524876409128,-0.158881157964898,1.1744091350529,0.297852737182101,0.569936205244792,0.0625106420468348,0.396950550146819,-0.248412816512834,0.317052074856781,0.597667758583312,0.591721251577697,-0.604916295026319,0.0799587915175297,1.43948039120828,-0.685616345951833,1.01443522469408,0.0189685659473083,-0.116389386036903,-1.55060150488499,0.396654485240329,-0.0381763034178386,-0.115382978305131,-1.50475163444123,-1.35065128643802,0.871006677585685,1.46394731530403,0.578708116571755,1.90586652128858,-0.0140505928019747,0.507116509507333,-1.94160517407096,1.64447452283125,0.884216993443326,1.51436020608949,-0.391348688885798,0.500362972394892,-0.321861540250354,0.925001184677206,-0.317395570362999,0.0543650200071232,0.396048112908209,0.672346098709078,-0.616079834918179,-0.304872732522849,0.828366967939835,0.310271871223178,0.65086069045285,-0.0819631937635291,-0.388045418306067,1.52258872060582,0.189657297261516,0.091872495830922,-1.56531543697313,0.682832724400303,-0.938525723657223,-0.248310029719587,0.161924188217862,0.396654485240329,-0.437625211293547,0.800574593079997,0.848260244467189,-0.173931992421487,0.649747137552387,-0.286904425214791,-0.635123716067385,-0.792536710712104,-0.267933252874971,-1.24723086014591,0.835908565350987,-0.956411184176713,0.866268195653084,-0.648184017845477,0.905905260093369,-0.582228126868179,3.17248229394089,0.887478804484488,-1.45075712734971,-0.94469347109426,0.799273698727645,1.2004776181429,0.0547099621982618,-0.35568405855027,-0.812376231415014,0.582249394501401,-0.34476848053886,3.0007248954602,0.842946215819959,-1.49924105847212,1.36617865083543,-0.640100742275393,0.356575042642296,0.982171871876493,0.717918937667871,-0.864272121234376,-0.375024355916575,-0.890859043653398,0.723886084901063,-0.264778411457355,-0.149937701058835,0.943214105202603,-0.220349445381496,0.0643142022027552,-0.523804376549633,-0.400332606464976,0.299068970106906,-1.88864725924269,0.413054945035492,0.43110035463292,3.27642718339475,-0.598673237091449,0.682832724400303,-0.333979422149212,1.48749189224417,-0.696016939253532,0.643791256463961,0.143936619326893,0.641952926881002,-0.343626531286471,0.531240889564015,0.929718513293784,0.0550186540907768,1.29491473502549,0.391000476585978,0.582081140579538,-1.23321624918318,2.40214266028124,-0.352508963049232,-1.20039562229281,-0.629843707397574,0.345745036678463,-0.956619933665339,-0.00294828920368394,3.46778515277508,2.14406584489976,-0.928088305474204,-1.31621856524083,-0.115382978305131,0.523780513919773,-0.869747200724323,-0.734789774559444
comm.and.crime_point_1899,comm.and.crime,regression,0.01,0.184640628001772,nominal,-0.651533235030286,1.56802290981872,-0.453822940289352,-0.26506261752533,-0.629843707397574,0.804312163562517,-0.496372568292438,-0.40441055463925,-0.220480633356821,-0.0965886105387498,-0.337911430842786,0.149763831780583,-0.499564470154296,-1.56531543697313,-0.291949944754136,0.283443955619646,0.727215975599007,-0.0880946194298402,0.396654485240329,-0.530206438786169,-0.592298443552689,-0.280832968781291,-0.158290967106083,-0.257216700834412,-0.181232442057388,-0.0819631937635291,-0.830849724959226,0.0203252737566635,-0.35568405855027,-0.363384981726775,-0.167826657395328,0.0823177976294598,-0.390428796743927,-0.957260530086126,0.453507363282115,2.58721434151458,-1.08628803474409,1.5019765425956,-0.651338533289799,0.0479899816524777,-0.823390174064514,0.356410229834627,0.249049755145189,-0.050119918156423,0.243010035727013,0.33604003882639,-0.155575772129859,0.402681671401718,0.110020044243945,0.30420847476134,-0.241958561604024,-0.173931992421487,-0.34476848053886,-0.229179716068034,1.18231152372889,0.500862307366285,0.780230532275621,-0.59953003312486,-0.432129185345187,-0.527054463374357,-0.523283403627701,0.635156296765973,-0.412290020458506,-0.0387034149277808,-0.0623499430471371,-0.189330851725441,-0.0913622062174521,-0.338600020013028,0.240514004317214,-0.315607286918777,0.0279085046195201,0.726172755495118,-0.444061083654919,0.156946236789233,0.169078085395916,-0.709594525404054,-0.599701730718649,-0.620207095989836,0.763944233026054,0.227542236551704,-0.778386370841756,-0.749282268400272,-0.675622884018443,-0.667414856007808,-0.72849220634674,-0.817460640601083,-0.581535976304412,-0.708705024057152,-1.38703009890307,-0.383275937536719,-0.189444898148642,-0.226875569169311,-0.672992913698949,0.494832130186732,0.0272941611820292,0.716011978470835,0.597667758583312,-0.321861540250354,-0.654155103545014,-0.618564013678328,-0.391348688885798,-0.0922487271028942,-0.491156386462159,-0.375024355916575,2.10944599526986,-1.01683029266498,0.396654485240329,-0.152304562810898,-0.115382978305131,1.08698470595177,-0.0381763034178386,0.385056113761999,-1.28758474605954,-1.57180630944818,0.294997464739033,-0.112528209839365,0.193811995190487,-0.584710153621474,0.481421648160263,1.41519099927682,-1.64600924706368,-0.391348688885798,2.96703651033063,-0.321861540250354,0.115083578304395,1.75566058021591,0.543772920206689,-0.925514645691636,0.569266126325109,-0.777184479464502,-0.352747691465246,-0.264029226104202,0.43110035463292,1.08931211503494,-0.870916000573111,-0.652615808821794,-0.728687620312182,0.886266145735984,-0.90374574703244,-1.56531543697313,-1.56531543697313,-0.8289128675117,3.17248229394089,-0.787899790914564,-1.96484353298993,2.70090192201559,0.131607868330799,1.5926843953977,1.52211757781668,-0.64058805739383,-0.286904425214791,0.23880827036468,1.88406333867636,-0.4726301518147,-0.674062310910845,0.364971944713428,0.730527251248644,-0.320467042044794,1.43126877382367,-0.0132359495005283,-0.0570045785288092,0.754335996180896,-1.00671795787817,-1.34276811316667,-0.649707912297875,0.137576952259974,-1.78740340130023,-0.0520855978833183,1.83282733190363,1.65686847317162,-0.433845179637909,-0.115382978305131,0.652348567438131,-0.275373647350366,-0.176389105893484,0.59996722821086,0.281459459960805,-0.669300457399169,-0.463085094801143,-1.07816329038966,1.25229100289144,-0.453822940289352,-0.158290967106083,0.620806112517094,-1.15511256398006,-0.333979422149212,0.23524876409128,0.636971128454024,-0.0201670357368324,2.08608108493191,2.93667629214873,0.837417660326429,-0.531713688779321,-1.56531543697313,0.0686149044036935,1.04850764809996,0.490563939497149,0.0308697576020081,-0.333979422149212,-0.140449768739244,-0.358091987495182,0.762407081401742,0.467364181799085,-1.77281972630101,-0.499564470154296,-0.938572255698432,-0.835669064732367,-0.215085234929352,-1.03761427122343,-0.166244194413711,0.347734953712392,0.726172755495118,0.776626262341248,0.763652803239245,0.751115087973938,-0.4325599573896,3.01010459379188,1.40497477374713,-1.52008084975738,2.08608108493191,-1.51877453783681,-0.524905716995868,-0.130365530277162,-0.230075729421995,-0.655889570517129,-0.565328047091832,1.88807176993655
comm.and.crime_point_0453,comm.and.crime,regression,0.2,0.103806221843568,anomaly,0.507176249190595,-0.867866213748302,-0.217427187171022,-0.753711510945423,0.672229042655054,-0.138158631432351,-0.687872404062027,-0.576459764357761,-0.349350157880785,-0.305555362163633,-0.217794594564951,1.21011750975464,-0.109719622984733,0.682832724400303,-0.8651184939892,-0.645960494718403,-0.791590941172187,-1.21124469067729,1.08782463691748,-0.125050605255976,0.839992325252642,-0.835669064732367,-0.786206461289495,-0.792536710712104,-0.589173488055941,1.55663109730253,-0.882023949694159,-1.45443495334745,-0.199361816374992,-0.0132359495005283,1.80068131228869,1.71188329691156,-1.25087767140517,-0.0669263775634199,-0.350922141952573,2.38957216902064,-1.54224032339657,2.45712430835324,-1.18813086037385,0.979699258889417,-0.880390590919278,0.527672660139931,0.739228183071879,-0.826346068089685,-0.549162456337422,-0.778552299399972,-0.704148874918434,-0.485014452496014,0.762407081401742,0.817785642030109,-0.149937701058835,0.130487161211004,-0.34476848053886,-0.411754368021554,1.22972191624619,0.848260244467189,1.34442057265849,-0.726761076765874,-0.686008264773091,-0.696016939253532,-0.693624944209472,0.811469477533919,-0.594343123662683,-0.496562007079367,-0.48183804574133,-0.543205919690318,-1.10450778395871,0.295311354595511,-0.216136897235549,-0.172720524612857,1.07133772108182,-1.23321624918318,-0.244678557014993,0.363106181557171,0.0610890712128745,0.300644420509198,0.194009440828534,-0.620207095989836,1.13454794740136,1.14855347308994,-0.867503152253548,-0.878848277811454,-0.845653115392282,-1.21455418294199,-1.11075890620342,-1.13966992969373,-0.956411184176713,-1.06268769461281,-1.17343897873991,-0.227507430277758,-0.286904425214791,-0.226875569169311,-0.889317488918297,1.13106240044617,0.90955648980559,0.366922062808537,0.698565147620701,-0.230503261067549,-0.358722252432842,-0.618564013678328,-0.391348688885798,3.1028076820837,0.283147870703906,-0.138628602798245,-1.352964597874,0.110020044243945,-0.467308204356106,0.703657382637049,-0.34476848053886,-0.370866985519292,0.988978031119698,-0.100894450061688,-1.28758474605954,0.0272941611820292,3.71003986462407,1.85702413090845,2.07363908109157,0.432961111715639,1.30525076771888,0.589231434646941,-0.707774565658833,-0.391348688885798,0.0435715764808665,0.957154368308917,0.49304512794504,0.287245806889183,-0.826569200352095,0.625885114403834,0.363106181557171,-0.817460640601083,-0.209122814638054,-0.567472613338656,1.55883286645718,-0.883719295584461,1.43525374240874,-0.176389105893484,-1.46279947061153,-0.875744470993553,-0.524462606894016,0.682832724400303,0.682832724400303,-2.25387999740349,0.754335996180896,-1.42111577700285,-0.236918153797056,-0.608817600383137,-0.0595254815975429,-0.243561843564225,-1.0002125522811,0.997145074653291,-0.286904425214791,-0.471261468611373,-1.00666471466318,-0.0632363539352424,0.56780287909846,0.312645653531477,-0.768973580240562,0.592406217722805,-0.598673237091449,-0.62599675589646,0.730830743980246,0.341481750221874,-1.00671795787817,0.0610890712128745,-0.295725241742213,0.523566721032782,-2.01724040279586,-1.44042787894386,-0.35568405855027,1.06639691337916,0.582249394501401,-0.34476848053886,1.0872330726274,-0.576459764357761,0.511493909447407,-0.653833281538438,-0.697698254915155,-0.669300457399169,0.812141640502654,0.136833510943376,-0.335131340202921,-0.453822940289352,-0.681553878925593,0.620806112517094,-1.05618654703309,-0.333979422149212,1.06120832872116,0.494084366148104,-0.315851368525389,-0.626152826019497,1.54273586614554,-0.581865250252313,0.0582574288134486,-1.56531543697313,-1.13966992969373,-0.689269589429965,-0.301608552567286,-1.56531543697313,-0.241958561604024,0.775267415563927,0.951367200568424,1.35548620609065,-0.050119918156423,0.417322912631512,-0.343626531286471,0.139290717494029,-1.49138445085637,-1.11543153166311,0.749003691009788,0.182033724961094,-0.777126743249906,0.726172755495118,0.881498288014796,-1.24543837608001,-0.224640267159436,-0.195819457380031,-0.106693378680418,-1.04573671507713,-0.00294828920368394,0.397331668679148,-0.262943549469985,-0.121723128517532,-0.377418245894594,-0.230075729421995,-0.50201955950362,-0.521839596572905,-1.39050516068344
comm.and.crime_point_1437,comm.and.crime,regression,0.65,0.0258374494447866,anomaly,-1.38334975138032,0.87205458879957,2.0677317596395,1.20088406273495,0.0409210426295376,-1.65430730164149,4.0517485312353,1.35909384497549,0.359432227001014,0.182033724961094,0.0824974961296363,-0.575741316306927,2.07341152116482,0.682832724400303,-0.530770173602079,-0.591289644698518,-0.15467191155846,-1.04277217999017,-0.294515666436819,3.07117874814888,-0.114868187284245,-0.684350129472983,-0.733880170107544,-0.41781270379772,-0.530896195770433,-0.385406580997984,-0.830849724959226,-0.580502966915381,2.69259966386766,1.16851703426305,1.37885817592783,0.971171706328788,-0.629442373038718,1.66427891900851,-1.09789239681336,-0.673881504635512,0.0535926868871247,0.295474101638588,-0.490300835164584,0.815279974671134,0.544619830449837,0.870197520750541,0.848156722611144,2.01981648166561,-0.697694798599504,-0.584710153621474,-0.521291173988909,-0.223927357231975,-1.60990941735388,-1.97835671309985,1.50643778875456,0.82630236951384,3.32539955520081,-0.00096140112613429,0.518566028486648,0.997145074653291,1.44700058000083,1.39375631725103,2.02203524912454,2.42978886451121,2.75579125257139,-1.87730652917726,2.63709945821145,2.8101944917932,2.50701468595479,1.28514859812821,0.478532181262003,1.98574168688495,-1.38313364564817,2.78027256304282,0.839464561867979,-1.23321624918318,0.818694918397941,0.46618615394114,-1.01880107061754,0.713923989291892,-1.1288425117501,0.670299999286939,0.105093185247738,0.712284992624459,-0.199127291665113,-0.101452221344363,-0.0380095163665442,-0.0746805851624468,-0.155092156561714,-0.173042062415791,-0.159801367448073,1.06120832872116,0.321698862402212,-0.850581459313604,2.63688138676967,1.16754503605537,1.9661669039771,-0.386102090172486,-0.744685376363587,0.117572123049754,0.244526896952449,0.774437809943307,0.527576300903674,-0.225644935755658,2.97904120856012,-0.594329019975073,-0.147021161055019,-0.453822940289352,-0.808871504665675,0.169327956712836,-1.8496485077104,1.78787584687111,-0.230075729421995,0.0610890712128745,1.78787584687111,1.6809242839585,0.934806534272571,-0.524119794207697,0.0372584156911057,-0.06328940132067,-0.954971223971284,-1.26315766384622,0.481421648160263,0.176251652332003,0.724267842801197,-0.391348688885798,0.226288134846476,-0.321861540250354,0.601034142128082,-0.965225617418908,0.396950550146819,0.0512926106647712,1.13620597443694,-0.334146706962114,-0.592122486177232,0.706989613046053,-0.978565285147405,-1.8154285728214,-0.203340548657311,0.299837597034825,0.0543650200071232,-2.30993915902922,-0.761514569480531,0.682832724400303,0.682832724400303,-1.10294500787551,-0.248310029719587,1.49167775900326,-1.21607586867302,0.0188878262786913,1.03949128049042,1.3941712884829,-0.173931992421487,-0.590959780665129,2.83180044090197,-1.01746896013141,0.224571308055511,-0.626152826019497,1.09320738256394,-0.681553878925593,-1.09698938712883,-0.868190997905353,0.143988474218959,-1.01991441715099,-1.23875756229239,0.754335996180896,-0.924361576905879,0.223072592487436,-0.649707912297875,-1.5166649139092,1.37285536926462,-1.28023453882149,-0.35568405855027,2.78413236004812,-0.277522937462631,-0.230075729421995,-0.608816497610759,0.62788470367182,-0.388045418306067,-0.932455617038282,3.0461400666694,-0.4325599573896,-0.718130441861903,-0.761207603085388,-0.335131340202921,0.176565734692862,-0.629227587743642,0.260026209173202,-1.15511256398006,0.0341040200315418,2.12315634038814,-0.458494049224697,-0.611535701313945,-0.370281702344836,3.44356371978626,0.445891340166776,-0.295725241742213,-1.56531543697313,2.32407992805221,-0.421919245194591,-2.13350744046629,0.682832724400303,-0.333979422149212,0.012169761977951,-0.653776320283739,-0.30513534303829,2.27855853164336,0.248850401944395,-0.499564470154296,-0.693603398154691,-0.280832968781291,-0.305119864602728,-0.987985994494734,0.251689308836056,0.300865716338963,-1.23321624918318,-0.167221968720685,-0.240892786420384,-1.38334975138032,-0.590386957395979,-1.06184114443806,2.51893454139452,-1.28302888717086,-0.4726301518147,-0.733880170107544,-0.58250322963563,0.116687185340269,-0.34476848053886,-0.758469577859468,2.0439789840438,-1.08786729016467
comm.and.crime_point_0754,comm.and.crime,regression,0.1,0.053118995349734,nominal,1.60490102371564,-0.519882053238727,-0.296225771543798,0.284667387572275,-0.669300457399169,0.763335172475784,0.0781269390163294,-0.576459764357761,3.32343129105218,3.45584616708426,3.98629467515928,-0.18508469810596,-0.499564470154296,-1.56531543697313,-0.912882539758789,-0.427277094638862,-0.301653226084705,0.81042543756812,0.454251997880092,0.145053283764153,-0.234225751351356,-0.684350129472983,-0.943185334835349,-1.06019671565095,-1.05539182634,-0.81022732312622,-1.34259197230855,-1.07208970928342,-0.121200695287352,1.16851703426305,0.347734953712392,-0.263347611309168,0.0875983558456533,-0.0174633690899362,-0.695677644196011,-0.673881504635512,1.13647937243678,0.194932231558836,-0.329263137039369,-1.26736429209379,2.99563775520472,-1.41330154998685,-1.38487833794378,-0.696975043100807,-0.103565429551178,0.287579502381766,-0.247004622594622,-0.223927357231975,0.821714993870633,0.30420847476134,-0.241958561604024,-0.478351146053977,-0.230075729421995,3.1028076820837,3.0313168319037,2.98227614380132,2.6779606681089,0.715190751165621,0.287194873033872,0.0643142022027552,-0.0548441670278318,0.326608230422067,-0.321263468856418,-0.394815653267903,-0.324530007231007,-0.779122631666902,-0.914542988132221,-0.232948124244939,-0.875743755033986,-0.458494049224697,0.317749953636827,-1.23321624918318,-0.37760024144161,0.620806112517094,-0.802823042251458,-0.663674573317088,-0.864272121234376,-0.620207095989836,-0.471401481558287,-0.984314653630183,-0.778386370841756,-0.835659608007726,-0.845653115392282,-0.530630024274263,-0.632925531382569,-0.65635599605476,-0.722114179256525,0.412240099369111,-0.425870058168848,1.07056346354692,-0.189444898148642,-0.226875569169311,-0.49993325352347,1.08212161042621,-0.965250958519477,-1.67774744321349,0.294975591471144,-0.230503261067549,-0.457199869470233,-0.574906338353587,-0.391348688885798,-0.594329019975073,0.283147870703906,-0.296225771543798,-0.907797521612643,-0.36444325550718,0.857434586358428,-0.209368692507428,-0.34476848053886,0.978995691768727,1.21723454990582,0.0610890712128745,0.458579831344262,-0.744685376363587,-0.413784920142767,-0.309483443914147,-0.641666709654437,0.966027012606508,1.25679023127425,-0.000739682945828393,0.773648615506715,-0.391348688885798,-0.321861540250354,-0.139144981884744,0.385056113761999,-0.446961579774181,-1.12021394047183,-0.408381392326479,-0.0492137079787055,-0.213318223552372,-0.44849760935004,-0.931604678020002,-0.65635599605476,0.486441406234567,0.706989613046053,1.67560362771661,-1.46279947061153,0.927243136822718,0.660797206038557,-1.56531543697313,0.682832724400303,-0.500074299075133,-1.07401852163763,-0.0913622062174521,0.16626443468128,1.04604216081623,-1.30189225613177,0.897888521195889,-0.391374245016123,-1.33538393159564,-0.189444898148642,0.0749460229086676,0.545763313982127,-0.933198174429091,-0.196421853214959,-0.262943549469985,1.15226186010498,-1.27898396480077,1.18371487005353,-0.976145788122707,-0.976145788122707,0.459440106210166,0.393340518650751,0.43905062085352,0.353242987609834,0.90955648980559,0.85572211589946,-1.33363231886228,-0.35568405855027,-0.705017765998204,-0.433845179637909,-0.230075729421995,0.782813918994912,-0.40441055463925,0.670236143756844,-0.0965886105387498,0.281459459960805,3.23691779275872,0.217035830694215,0.189659458827421,0.352751675137971,0.0189685659473083,-1.15249049956315,-0.255373652746643,0.229851673277482,-0.333979422149212,-0.649707912297875,-0.696638653067897,-0.696016939253532,-0.779675500224294,0.0220735832329614,0.641654500246602,2.4771390109438,-1.56531543697313,0.471376515769501,0.647482131746904,-0.153076210305205,0.682832724400303,-0.241958561604024,-0.547435183985099,-0.653776320283739,0.643791256463961,-0.050119918156423,-0.200409626554585,-0.499564470154296,-0.644609626645943,0.0218049017374774,0.640243746967722,-1.88129497561135,0.251689308836056,-0.683388268503048,0.726172755495118,-0.272093994394233,1.04269324481136,0.629145668582266,-0.35364645738641,-1.41373768971719,0.736598913158695,2.60462329924798,0.960248140763403,0.155666779985624,0.627044535799378,0.363739900957701,-0.34476848053886,0.267330495563925,0.304440963286713,-1.34006551559698
comm.and.crime_point_1431,comm.and.crime,regression,0.06,0.034478472509435,nominal,0.934069217061446,0.87205458879957,-0.375024355916575,-0.0818192824927953,-0.629843707397574,0.886266145735984,-0.44849760935004,-0.533447461928133,-0.478219682404748,-0.862800033163321,-0.638203521537374,-0.18508469810596,-0.343626531286471,0.188240128898148,0.711095016407226,0.502127355699187,-0.693603398154691,0.978897948255237,-0.409710691716343,-1.07041421682643,1.07870745338686,0.526201352602092,0.46962452707733,0.278103309043281,1.04259069593827,-1.23504806525446,0.346157443944216,0.5119120161247,-0.35568405855027,-0.888608530066145,-0.542780556382761,-0.806536111069869,0.948047230506899,-0.215315402983871,0.625885114403834,-0.229186616524135,0.851509192028974,-0.760215534198803,0.851679982545541,-0.609687155220656,-0.65238892350022,-1.18495164291312,-0.94916417978672,-0.1794909431453,1.1342040892995,1.11140862194038,1.26157141007396,1.02929070003541,0.0507121317750543,0.532464993547459,-0.333979422149212,-0.956724101762177,-0.34476848053886,-1.23334030181239,-1.42526006472277,-1.48426876178174,-1.06620959988649,-0.726761076765874,-0.728321444677741,-0.696016939253532,-0.65103955906403,0.458843115998027,-0.639856399463727,-0.700054714702294,-0.586710071414878,0.223523394233582,0.0986025896090331,0.189659458827421,0.64642591680856,-0.696638653067897,-0.377869524004709,0.726172755495118,-0.178217714801685,-1.33771336277832,0.709023156311124,-0.342234908708326,1.72851770581975,0.283147870703906,-0.7596488149613,-1.17821175605928,0.736598913158695,0.719132504926456,0.854649198346114,0.746028405238823,1.03949128049042,1.27689973850112,1.24598066207306,0.353242987609834,1.01587000293248,0.810949284781987,-0.286904425214791,-0.226875569169311,-0.586463083611209,-1.36491789057162,0.46842532549381,0.0677021350979969,-1.168036549571,0.0435715764808665,-0.851110337619796,-0.443933312379363,-0.391348688885798,-1.32462762778915,-0.405122580110374,-0.138628602798245,-0.314241419930838,-0.245827430569399,0.108666922041517,2.18732475474682,-0.230075729421995,-0.910812056434499,0.532464993547459,-1.88271318408187,-1.55215513657527,-2.89519980238352,-0.220480633356821,0.0351882157167206,-0.328362195337591,0.723724330383386,0.190658429492517,0.530234322887664,-0.757155338364351,-0.391348688885798,0.134929855663671,-0.230503261067549,-0.96480656352602,0.416811816300365,0.152246600047036,1.48777387001243,-0.10075369417069,-0.978565285147405,-0.400622650407643,0.160791516024035,-0.454975190371856,0.705667118525611,-1.11367071036067,0.670236143756844,1.86517425074552,-1.85919225707515,3.0313168319037,0.682832724400303,0.682832724400303,0.267215693943522,0.223523394233582,0.415210582653175,0.108666922041517,0.133016085671751,1.27840796790085,-0.0450487366494222,-0.565328047091832,0.997145074653291,-0.286904425214791,1.22198175510075,-0.631940707748796,-0.0632363539352424,-0.483006127832491,0.992887438896841,-1.09698938712883,0.227256913815765,-0.994759483123667,0.993442518149931,-0.844839901037864,1.87494037806967,1.66986442372124,1.62692977686698,-2.00664148276125,1.46097044519532,-2.13215890354367,-0.532665618250428,-0.433845179637909,1.71054770588002,1.36386060537779,1.14623728398038,-0.956724101762177,-0.490435159498505,0.617322065653698,0.391000476585978,-0.524905716995868,-0.472016707391195,1.36473989246763,-0.919685446737523,-0.388045418306067,-0.453822940289352,-0.367596131833887,-0.719233528474505,0.625555741065352,-0.333979422149212,-0.118733906464382,0.303568683073544,1.66945772305492,0.550854342883945,-0.696016939253532,0.201187390066993,-1.41667036516848,0.682832724400303,0.108891065540274,-0.912061542959443,0.391542377989094,0.682832724400303,0.12612488057673,-0.547435183985099,0.0643142022027552,0.110020044243945,2.3432440441378,-0.930457172865427,-0.343626531286471,-0.056684368540964,0.526201352602092,2.57598828494531,-1.43464048505304,3.52550175095922,-1.33955759173106,0.726172755495118,-0.429402032904556,-1.18963028776559,0.324222120103087,-0.629843707397574,0.446286906758215,0.246456615393843,0.37633485093474,1.93255841072712,-1.04783791719925,0.454251997880092,-0.42682878901808,-0.230075729421995,-0.296859544818942,-0.43486269553505,-0.179953678608368
comm.and.crime_point_0995,comm.and.crime,regression,0.03,0.167196783424863,nominal,0.324222120103087,-0.171897892729153,-0.453822940289352,3.09439852473781,-0.037992457373652,-0.0562046492588845,1.32287587151866,-0.232361344920738,3.71003986462407,3.52550175095922,3.98629467515928,-0.631549404621351,-0.499564470154296,-1.56531543697313,0.758859062176815,0.174102255579875,-1.08555357022468,1.76510299812845,-0.00652810323800724,-0.935362272316362,-0.0551894052506902,1.58543389941778,1.09754002126074,1.40227532978643,-0.12295514977188,-0.0819631937635291,-0.779675500224294,-0.689744465219389,-0.35568405855027,-0.232079094641932,-0.355303606889044,-1.00405920189194,3.05136670190105,-1.05618654703309,-0.580759143448198,-1.36562910836432,3.18826467137296,-1.76563423499632,2.40837773108929,-1.76062214474864,3.22363942262377,-1.41330154998685,-1.65719968679194,-1.47320119303407,0.441053158743122,0.384500575271014,0.210139629729191,0.663768766665756,-0.245827430569399,-0.323496951900488,-0.333979422149212,-0.173931992421487,-0.230075729421995,1.7334977924323,2.27275055162686,1.8408257790412,1.44700058000083,2.79329779730219,2.99523838693151,2.34530762657162,1.90408354966253,-0.554957673417664,0.0428427375519358,-0.496562007079367,-0.639146084251652,-1.48687276759666,-1.23115098117636,-1.02533734250561,-1.28165566752533,-0.267978366150136,0.143845084226443,0.726172755495118,-0.444061083654919,0.00232627821327909,-1.39676262025819,0.759843941378858,-0.017646871584048,-2.12579870714607,-0.965539767392024,-1.17821175605928,1.85055868080609,2.23073594805691,2.98002709051911,0.974003124794731,1.42175798034711,1.80048983327666,1.38655886502517,-0.94469347109426,0.0547099621982618,1.38210047806485,-0.286904425214791,-0.226875569169311,1.27392826327518,-2.29479290095079,-2.01293747375996,-3.12397709381444,-3.28688171935617,-0.595936377798769,1.56159127979628,0.560193220089682,-0.391348688885798,-0.137892390091274,0.928401418342293,-0.453822940289352,-0.907797521612643,-0.127211605631618,-1.04328333075373,-0.323496951900488,-0.115382978305131,0.817012170494165,-2.14954910218944,0.00709456412135369,-0.493873574512357,0.137576952259974,0.294997464739033,-0.0140505928019747,0.246029414243294,-2.66851322074032,0.675263793938761,0.353242987609834,-1.05343997459746,2.43811443489596,0.409004693212087,-0.139144981884744,-0.640839520976896,-0.662904928792817,-0.386102090172486,0.453507363282115,0.930046029669001,2.32407992805221,-0.0654979378108623,-0.446095258444874,-1.30077457424005,1.47295711154427,-0.0819631937635291,-0.546787652615503,1.22894398048608,0.394542252695183,0.897849168625072,0.682832724400303,0.682832724400303,1.03450568696218,-0.307289207713733,1.3650345617856,-1.15847835603325,1.04604216081623,-0.107308819079628,0.351977477180183,-0.869747200724323,0.302349200451482,-0.286904425214791,0.129566772060671,0.385167311018819,-0.216759028140039,-0.626298265141257,0.731255982987085,-0.159801367448073,-0.913834660893733,0.391542377989094,-1.10745167520755,1.08097977620649,1.81596120007553,-0.471401481558287,-0.532850506793854,-0.826699247575706,-0.634402585285642,-0.23600364120476,0.108107742239052,-0.433845179637909,-0.705017765998204,-0.35568405855027,-0.230075729421995,-0.956724101762177,-0.576459764357761,0.881892456169426,0.948245147585665,0.627044535799378,-0.0774492073752468,-0.760637999705362,-0.602729759433253,-1.07592843364696,-0.375024355916575,-0.158290967106083,0.569266126325109,0.32877769022445,3.5308967207487,-0.649707912297875,0.541713286916744,-0.696016939253532,0.806725466558606,-0.189129511616007,-0.777628410332139,-0.295725241742213,-1.56531543697313,-1.13966992969373,1.44953316445302,-0.450140894829368,0.480499389876695,-0.333979422149212,-0.649181537796562,-0.569295082344151,-1.01683029266498,0.208622131821331,0.305007905506768,0.202156254750917,0.482247118055266,0.980158158380245,-0.75529301296961,-0.64058805739383,-1.0717667847882,-0.0272189452750407,0.726172755495118,-0.219657981557459,0.652036626610397,-1.20039562229281,0.987883042667813,-1.26292488459756,-0.778386370841756,0.234103673382831,-0.882023949694159,-0.890859043653398,-0.121723128517532,0.857845332192564,-0.34476848053886,-1.3739496219135,2.08746743456273,-0.886108709818829
comm.and.crime_point_0854,comm.and.crime,regression,0.01,0.018661827398028,nominal,0.629145668582266,-0.171897892729153,-0.453822940289352,-0.26506261752533,-0.669300457399169,0.886266145735984,-0.496372568292438,-0.533447461928133,-0.091611108832858,-0.723488865413399,-0.698261939676291,-0.352508963049232,-0.343626531286471,0.682832724400303,0.854387153715993,0.0647605555401046,-0.693603398154691,1.37200047319184,-0.179320641157294,-1.02539690198974,0.541598415084864,1.08103744855317,1.04521373007879,0.866955319908742,1.45053174193682,-0.992293355466893,-0.4726301518147,3.35219097202891,-0.433845179637909,-1.15122030423583,-1.05834216749048,-1.20158229271402,1.37827166783752,-0.759408496192192,0.510966613656022,0.166097728463756,1.13647937243678,-0.91102833931843,1.54951000775481,-1.26736429209379,-0.994391424628807,-1.07077668937625,-1.16702125886525,0.208622131821331,1.43126877382367,1.49909291349738,1.35300026053872,1.44703005245787,0.287943781650617,-0.323496951900488,-0.333979422149212,-0.91323565124325,-0.34476848053886,-1.00512198687049,-1.04597692458435,-0.590959780665129,-0.707179574188299,-0.726761076765874,-0.686008264773091,-0.653776320283739,-0.65103955906403,0.767391182341933,-0.639856399463727,-0.649181537796562,-0.534274058578104,-0.0123933177430025,0.668496977088488,-1.50077087346202,1.05233782929991,-0.791896494605177,-0.783647552628939,0.726172755495118,-0.444061083654919,0.620806112517094,0.601034142128082,-0.939194285838884,-0.493873574512357,0.756333805638724,-0.965539767392024,-0.838891826808356,-0.199127291665113,-0.231018230755544,-0.0805170742100041,-0.348250248629537,-0.29844216900797,-0.454975190371856,-0.300379570400185,-1.29867614164992,-0.319074498087268,-0.383275937536719,-0.286904425214791,-0.226875569169311,-0.716257828742818,0.592713710226646,-0.082988629895916,-0.929697623937139,0.042732118877671,-0.504578098615964,-0.06328940132067,-0.356617961729881,-0.391348688885798,0.592406217722805,1.01443522469408,-0.375024355916575,-0.264778411457355,-0.00859578069383644,-0.294515666436819,2.18732475474682,-0.34476848053886,0.709023156311124,0.24714434506481,0.925001184677206,0.0881812846222431,0.192718347798946,-0.478219682404748,-0.358722252432842,-0.11949251912636,-1.89314463762633,-2.2323683927387,-0.177731018223659,0.625506297390161,-0.391348688885798,-0.413219819433159,-0.504578098615964,-0.424861492610813,-0.662904928792817,-2.24585211093084,0.568425864029928,1.18774596062892,1.39772822191086,-0.304872732522849,-0.567472613338656,0.390824193496339,-1.04813857980274,-0.567472613338656,-1.65798329278156,1.08212161042621,0.271611279434983,-1.70972241982659,0.682832724400303,-1.56531543697313,-0.280848586784089,0.40046092821602,-0.597934995088079,0.339056972600567,-0.209368692507428,-0.680708868864655,0.0542078168079789,0.565371666400276,1.543056118669,-0.286904425214791,-0.580502966915381,0.385167311018819,0.0391120955346223,-1.05617467706755,0.312645653531477,0.871105454200756,-0.731260008940213,1.62931189683977,2.56911316316804,-1.06368304617927,0.164544216239436,0.722766042539909,0.00709456412135369,2.35914478742525,1.18526346750045,-0.523299893074292,0.588687762606162,-0.35568405855027,-0.812376231415014,-0.121200695287352,-0.000690227188266011,2.13095588508166,3.6817581761754,0.723150221859989,-3.16143430103703,-0.467308204356106,-0.669300457399169,1.19470966109379,0.929222729204051,0.246923518931679,-0.375024355916575,-0.629227587743642,1.08466598824495,-0.413167436877806,-0.333979422149212,-0.0597367947051054,3.87573774072154,0.824645343659043,-0.0632363539352424,-0.146888892646214,0.592713710226646,-0.885696359334983,0.682832724400303,0.149167226676855,-0.511036026606383,0.441053158743122,0.682832724400303,-0.333979422149212,-0.903547422325221,-0.358091987495182,2.36372071806179,-0.56760401811193,-0.818142165740683,-0.187688592418646,-1.03655979871593,1.33323567398548,0.0100013392540886,-1.08724254795214,-1.21107795253813,-0.917734455370194,0.726172755495118,-0.272093994394233,0.763652803239245,0.812099797669774,-0.669300457399169,-0.508860858999424,0.959390866688173,-0.382231429342107,-0.882023949694159,0.155666779985624,1.08782463691748,-0.723292047758998,-0.115382978305131,-1.11749960355766,-0.956724101762177,0.727959932947938
comm.and.crime_point_1878,comm.and.crime,regression,0.15,0.303225259381573,nominal,-0.346609686551107,1.56802290981872,-0.0598300184254683,-0.6315492875904,-0.669300457399169,0.927243136822718,-0.544247527234835,-0.576459764357761,0.359432227001014,0.391000476585978,0.562964841240977,0.540420449981549,-0.0317506535508209,0.682832724400303,-0.721826356680434,-0.427277094638862,-0.791590941172187,-0.649669655053565,0.627044535799378,0.775295691477787,-0.890692353720466,-0.633910484386522,-0.576901296561691,-0.739004709724335,-0.997114534054493,-0.688849968232438,-0.626152826019497,-0.143536973699349,-0.043039574199713,0.249375824669157,1.89441978703555,1.2674563425619,-1.05966681036934,0.576092732591868,-0.23600364120476,1.00607696156302,-0.00340134919443606,1.0998090622766,-1.02709316224863,0.760473546598372,0.145616912466485,0.185147799529322,0.412442564454086,-0.826346068089685,-0.747205579353531,-0.536249617176849,-1.57272295433368,-0.0150576810207445,0.58448334399507,0.589529123243989,-0.149937701058835,-0.173931992421487,-0.230075729421995,-1.14205297583563,-1.42526006472277,-1.68278186869654,-1.8868496586252,-0.641940381005198,-0.686008264773091,-0.696016939253532,-0.693624944209472,-1.78914993879329,0.0428427375519358,-0.750927891608026,-0.7440181099252,-0.779122631666902,-0.15468380482628,-0.761207603085388,-0.875743755033986,-0.601380811530617,0.665559692457595,-1.23321624918318,-0.0452960303750682,-0.10075369417069,-1.12679008480058,0.62208408511796,0.246923518931679,-1.48054515950769,0.475696899623041,-0.1602519683065,-0.288244073076904,-0.360584240166726,-0.420577536957683,-0.576224968185445,-0.585142193900484,-0.65635599605476,-0.8158329812246,-0.177731018223659,-0.212278938005688,0.914794956287961,0.00547415598365529,-0.226875569169311,-0.240343763260253,0.935299240366342,-0.138130025434889,0.666141990519079,0.446321675027228,0.317646414029282,-0.654155103545014,-0.487590987704104,-0.391348688885798,1.59656680346716,0.584266192935153,-0.296225771543798,0.526629724118384,0.110020044243945,-0.812893280194679,-3.00551104763739,-0.34476848053886,0.169078085395916,-1.23652302704496,-1.61274064862427,0.194009440828534,1.13012207196148,-0.0271763465708762,1.06920319460932,-0.223927357231975,1.64447452283125,-1.79622356473708,-0.767702135816429,-1.1522015200085,-0.391348688885798,1.96209543931977,-0.413219819433159,-0.370866985519292,-0.0582635515406352,-0.924450780392009,-0.121085140456948,1.03312600205297,-0.817460640601083,1.80162546094263,-0.0212745163166381,2.32407992805221,-2.14426714125797,0.160791516024035,2.25765848685121,0.494832130186732,-0.0562046492588845,-1.14079770961895,0.682832724400303,0.682832724400303,1.19892497118046,1.04923188615163,1.8082857520474,-1.50406343187183,0.4183367341544,-0.441792181454227,-0.739844610851231,-0.521839596572905,0.451234030637584,-0.286904425214791,0.0749460229086676,-0.41781270379772,-0.830849724959226,-0.769590402450023,0.155666779985624,0.355652043376342,2.50944006323476,0.29252081648104,0.118069937584314,-0.407153610755056,-0.0713724957371486,-0.84200519593359,0.601034142128082,-0.649707912297875,1.13012207196148,0.798262865525553,0.108107742239052,-0.35568405855027,0.314887655461491,-0.35568405855027,-0.34476848053886,-0.608816497610759,-0.576459764357761,-1.18175658985325,-0.932455617038282,0.91503209899819,-0.550930207394384,-0.633115326174983,0.717918937667871,1.14646284668515,-0.138628602798245,-0.262943549469985,-1.80157323850618,0.773944766485803,-0.333979422149212,-0.708705024057152,-0.125091603844216,0.359998534991312,3.31426247857029,-0.696016939253532,0.690595290266559,-0.708705024057152,-1.56531543697313,-1.17994609083031,-1.00117832437123,1.18371487005353,0.682832724400303,-0.333979422149212,-0.191322945644976,-0.696016939253532,-0.838906555258306,-0.696975043100807,-1.09892968355255,-0.499564470154296,0.874197290125252,-1.34006551559698,-0.530206438786169,-1.68278186869654,-0.0965886105387498,-0.402172844262473,0.726172755495118,-0.324530007231007,-0.687357492935775,0.446191539494759,-0.669300457399169,-1.21265394955768,0.291015006099739,0.803028383590466,-1.24024352283868,-0.890859043653398,1.31821468747653,-0.772702590882484,-0.230075729421995,1.13926055797381,-0.826258750205395,2.64466644623347
comm.and.crime_point_1420,comm.and.crime,regression,0.12,0.020846758421582,nominal,0.751115087973938,0.87205458879957,-0.375024355916575,0.345748499249786,-0.669300457399169,0.804312163562517,-0.209122814638054,-0.490435159498505,-0.156045871094839,-1.00211120091324,-0.878437194093044,-1.18963028776559,-0.265657561852559,0.682832724400303,0.94991524525517,1.15817755593781,0.0413031744765323,0.978897948255237,-1.3888684065923,-0.98037958715305,-0.771334789653356,0.7783995780344,0.888234856532939,0.759891317933204,1.21742257279479,-0.506783935891765,-0.267933252874971,1.49508550086077,-0.35568405855027,-0.932377159094426,-1.19894987961077,-1.34972461083057,1.09145537628377,-1.30350158940051,1.31539611889071,-0.575060418388539,0.110586722968685,-1.11211207947793,1.33479307692119,-0.445267871002372,-1.27939350890263,-0.214464537849722,-0.350057212320766,0.0792511068324541,0.936160966283394,1.06294808549576,0.758712732517766,0.82042102382418,0.228635869181726,0.646593252940519,-0.333979422149212,-0.869747200724323,-0.34476848053886,-0.320467042044794,-0.761514569480531,-1.08724254795214,-1.27136961457117,-0.472298989483845,-0.559068725059139,-0.611535701313945,-0.608454173918587,0.723312887149946,-0.548829847861638,-0.547435183985099,-0.376966020067782,0.636377640192604,0.541853779870831,0.295311354595511,1.10307681836132,-0.601380811530617,-1.53723532007394,0.726172755495118,-0.444061083654919,1.13620597443694,1.14097921304329,0.39248432468313,-1.18175658985325,1.01443522469408,-0.553757862530577,-0.644994724379254,-0.243685682371009,-0.14464089114809,0.00449804147691576,0.244484022215825,-0.0117421441154574,0.108891065540274,0.0276362364880784,-0.708705024057152,0.214903302320632,0.914794956287961,-0.286904425214791,-0.226875569169311,-0.456668338479601,-0.679746830292226,-0.634402585285642,-1.17904756369592,-0.764446993421443,-0.413219819433159,-0.112528209839365,-0.138329585106176,-0.391348688885798,0.546762554734425,0.197114064352121,-0.453822940289352,-0.907797521612643,-0.483059080444962,-1.27367338131278,0.532464993547459,-0.230075729421995,-1.39676262025819,1.21723454990582,0.871006677585685,-0.0705609496871936,0.578708116571755,1.64812747224065,-0.604916295026319,0.246029414243294,0.287579502381766,-2.32928946562795,-0.590710800538598,-0.658393792953314,1.60591939848956,-0.0477867027019386,-0.230503261067549,0.00709456412135369,-0.360584240166726,0.348009760126863,0.108751861038678,-0.66769354228252,-1.22022225196689,-0.687872404062027,0.52492358070538,0.108891065540274,0.431634978161806,-1.23504806525446,-1.65798329278156,-0.288220510132573,0.271611279434983,0.186693280865528,0.682832724400303,-1.56531543697313,-0.171235730638567,0.577398462198459,0.795140174306145,-0.352113179076581,-0.437625211293547,-0.155092156561714,-1.03761427122343,-0.782770299686468,-1.78203842215394,-0.286904425214791,2.53287973474885,0.599295314969896,-1.24024352283868,0.56780287909846,0.417298235895379,0.449370845344417,-0.320467042044794,1.33224721231561,-0.888608530066145,0.380681711753999,-0.189330851725441,1.58750804274895,0.223072592487436,-1.53466458868703,1.40582904965634,0.338588862534303,0.321698862402212,-0.35568405855027,0.0464914919194661,0.425927152326122,0.114002523928599,0.217464062248858,-0.533447461928133,-0.388045418306067,-0.0965886105387498,0.339056972600567,-0.0774492073752468,-0.633115326174983,-0.497077863665163,-0.652615808821794,0.412961487811192,-0.315269840651936,-0.616153556090535,-1.40242760634748,-0.333979422149212,-1.23967902989064,-0.696638653067897,-0.653776320283739,-0.574978601284565,-0.10464827367642,-1.16915473049179,0.412240099369111,0.682832724400303,0.95469044940847,0.023664661864365,-1.09378104463172,0.682832724400303,-0.333979422149212,-0.801801068513758,2.00738267481327,1.29617829362176,-2.24942734296733,0.529637919756257,-0.343626531286471,-1.18354111324217,-0.93654835490529,-0.75529301296961,-0.392446673750327,0.460656060460939,-0.542780556382761,0.726172755495118,-0.114785955883911,0.652036626610397,-0.224640267159436,-0.4325599573896,-0.00615150860066679,-0.912061542959443,-0.382231429342107,2.59782333228124,0.678929691805134,0.108666922041517,-0.130365530277162,-0.115382978305131,-0.55330956317479,-0.956724101762177,0.980158158380245
comm.and.crime_point_1340,comm.and.crime,regression,0.06,0.094641228402137,nominal,0.995053926757281,0.524070428289996,-0.217427187171022,-0.448305952557865,0.00146429262794278,0.394542252695183,-0.544247527234835,-0.533447461928133,-0.864828255976639,-0.0269330266637888,-0.578145103398456,-0.854781757879046,-0.109719622984733,0.682832724400303,0.376746696020106,1.10350670591792,-0.595615855137194,0.36116540906914,-1.21607586867302,-0.890344957479674,-0.293904533384912,0.425322062429169,0.626603400623183,0.652827315957665,-0.414341611199418,0.282168870917816,1.16494503970313,0.5119120161247,-0.277522937462631,-0.713534013953022,-1.01147293011705,-1.20158229271402,1.5216798136144,-1.55081663176793,1.43031461963852,-1.0691658496234,1.2504674445999,-1.26292488459756,1.442151542338,-0.226042158711328,-0.310386422371632,-0.0432021075444176,-0.132200133242237,-0.438232993123054,0.589585501005203,0.675263793938761,0.89585600821491,0.298246833296102,0.643791256463961,0.646593252940519,-0.241958561604024,-0.478351146053977,-0.34476848053886,-0.822547334916973,-1.18820810213626,-0.888729441037333,-1.06620959988649,-0.684350728885536,-0.728321444677741,-0.653776320283739,-0.65103955906403,0.679234591957959,-0.594343123662683,-0.750927891608026,-0.691582097088426,-0.307289207713733,-0.0280406076086237,-0.549903811549208,0.139036026194378,-0.601380811530617,-0.609742683218555,0.726172755495118,-0.311139399228302,0.414646167749156,-0.0468999429701671,-0.52591471705619,-0.546787652615503,1.53063806280479,-0.594936053016721,-0.354149070735601,-0.243685682371009,-0.231018230755544,-0.0380095163665442,0.472458741771733,0.179391205812885,0.0283387432671127,0.215073840424229,-1.47566747692775,0.268301082361422,-0.0717389230187961,-0.286904425214791,-0.226875569169311,-0.672992913698949,-0.728687620312182,-1.40638212283126,-0.929697623937139,-1.87431827283272,-0.0477867027019386,-0.604916295026319,-0.618564013678328,-0.391348688885798,-1.46155861675429,-0.319088773758589,-0.453822940289352,-0.512093453824773,-0.542366992913852,0.281459459960805,1.73081171717458,0.228695275045463,0.115083578304395,-0.209368692507428,-0.26287797133625,0.0881812846222431,-0.303554212051806,0.681606038310923,-0.604916295026319,1.34259521435226,-2.03852624696021,1.06294808549576,0.353242987609834,0.576125524684642,3.68640698950556,-0.0477867027019386,-0.504578098615964,-0.586845013885375,-0.61971625898909,-0.386102090172486,0.683344364777741,0.414646167749156,0.592204999179243,-0.639997445119629,-0.628161290785547,-1.17994609083031,0.431634978161806,-0.506783935891765,1.14646284668515,-0.630806040272269,0.804312163562517,-0.240000251790199,0.45801790826296,0.682832724400303,-0.0616228744930443,1.81596120007553,1.04842656874146,-0.58250322963563,-0.380561081597017,2.66412475488133,1.543056118669,-0.173931992421487,1.543056118669,-0.286904425214791,-1.12671045843542,0.33163531003105,-0.165584803405107,0.711095016407226,1.3591714771705,-0.956411184176713,0.592406217722805,-0.994759483123667,0.0743013085560334,-0.232079094641932,-0.0713724957371486,1.1757261378875,1.84290780523306,-0.767702135816429,0.633849512110727,-0.465840642700386,-0.319074498087268,-0.35568405855027,0.529604586295112,-0.35568405855027,-0.34476848053886,0.695837017957058,0.928970820679215,-0.917186199337522,0.251689308836056,0.16626443468128,0.00146429262794278,-0.888160673235742,-0.232948124244939,2.46931479926379,-0.296225771543798,0.417298235895379,-1.0800134318184,-1.79813167413535,-0.241958561604024,-1.53466458868703,-0.506122969993337,0.317757916021518,-0.267933252874971,0.23327667808193,-1.02233236043192,-0.0597367947051054,0.682832724400303,-0.0522135790060488,-0.154568900959218,-1.29182416764783,-1.56531543697313,-0.241958561604024,-0.547435183985099,-0.738257558223326,-1.13544611760276,0.920162769260154,0.978897948255237,1.60559770456134,0.335265803529022,-0.381712258954214,1.72065930304824,-1.48426876178174,0.0427225572111723,-0.355303606889044,0.726172755495118,-0.219657981557459,-0.18508469810596,0.812099797669774,-0.4325599573896,1.70306028275511,-0.555594417312278,-1.37784967220547,-0.728501275489362,-0.786206461289495,1.31821468747653,0.51197153032816,0.228695275045463,-0.60459956684596,1.21769842418418,-0.886108709818829
comm.and.crime_point_0548,comm.and.crime,regression,0.18,0.213074129536117,anomaly,-0.651533235030286,-0.867866213748302,-0.217427187171022,0.0403429408622278,-0.314189707384816,0.517473225955383,-0.496372568292438,-0.0603121352022264,-0.284915395618803,-0.514522113788516,-0.458028267120621,0.596228538295973,-0.187688592418646,0.6153882795591,0.233454558711339,0.0647605555401046,-0.301653226084705,0.248850401944395,0.799837073718665,-0.620241068459545,1.79485283778953,0.173123836996862,-0.0536383847421805,-0.203684699846642,0.80948152679624,-0.506783935891765,-0.626152826019497,0.566532765276704,-0.35568405855027,-0.976145788122707,-0.261565132142186,-0.263347611309168,-0.629442373038718,-0.709945487718708,-0.0636258900830415,0.709613702822105,-0.858311890417847,0.194932231558836,-0.597659300581394,-0.664493583293417,-0.65238892350022,-1.18495164291312,-0.94916417978672,0.0792511068324541,0.936160966283394,0.820645403272635,1.12442813437682,0.663768766665756,-1.07613820513387,-0.780009989472726,-0.241958561604024,-0.652304948129686,-0.230075729421995,-1.32462762778915,-1.47267045724008,-1.73241014542524,-1.8868496586252,-0.726761076765874,-0.686008264773091,-0.696016939253532,-0.693624944209472,-0.0700964263058121,-0.230236917254329,-0.191322945644976,-0.114785955883911,0.282502572227728,0.668496977088488,-0.919685446737523,1.05233782929991,-0.506122969993337,-0.957552422039323,0.726172755495118,-0.444061083654919,0.981586015860986,0.817012170494165,-0.847354381664952,-0.811358043131231,0.369181677055691,-0.84200519593359,-0.596520448771979,-0.600152808018174,-0.662904928792817,-0.760637999705362,0.381268853949369,0.179391205812885,0.0283387432671127,0.168214439440191,-0.000739682945828393,-1.7608145591886,-0.590967280548668,-0.286904425214791,-0.226875569169311,-0.0672841030847741,0.25012818008695,0.964697885344563,1.11497188208489,0.496770369545922,0.226288134846476,-0.8018715291011,-0.269302611080399,-0.391348688885798,-0.137892390091274,1.10046903104586,-0.138628602798245,0.279314681750966,-0.127211605631618,1.03022712427771,1.16017042020929,-0.34476848053886,-1.12679008480058,-0.380561081597017,-0.154888957153209,0.0352672065190975,-0.634402585285642,1.39038842319272,-0.998826763175882,-0.171709938179167,0.287579502381766,1.25679023127425,1.17920255223971,0.526744751979124,-0.391348688885798,-0.504578098615964,-0.230503261067549,1.35695724140937,-1.00841428722264,1.66941109066569,-0.925514645691636,-1.80157323850618,0.471376515769501,4.0517485312353,-0.506783935891765,-1.26049841310347,0.431634978161806,0.403546225811598,-1.23467066795639,0.494832130186732,0.107703315088049,0.945259561142375,-1.56531543697313,-1.56531543697313,0.102796409725239,0.105565038245289,-0.661256593696907,-1.10088084339349,0.817785642030109,1.37397464286502,-0.69021633412253,-1.0002125522811,0.302349200451482,-0.286904425214791,-0.0889162245473447,0.224571308055511,-0.165584803405107,-1.15170276860673,0.678929691805134,-1.09698938712883,-0.0922487271028942,-0.598673237091449,-0.757302642981302,-0.144541836585371,0.69535681818675,0.805122423512198,-0.26287797133625,2.53613612270308,1.68153602735121,-2.18961815391758,-0.692858958372798,-0.433845179637909,-1.08077239495704,3.31788863256877,-0.34476848053886,-0.391374245016123,-0.490435159498505,1.7814317839229,-0.723488865413399,0.857434586358428,-0.35364645738641,-0.675622884018443,-0.708381655201343,1.14646284668515,-0.296225771543798,0.731255982987085,-0.0492137079787055,0.229851673277482,-0.333979422149212,-1.94764437100197,1.01800249460314,0.613442248810074,-0.830849724959226,-0.696016939253532,-0.141398140072703,-0.531713688779321,0.682832724400303,1.15607125509137,-0.64471119872407,-1.39084572915588,-1.56531543697313,0.12612488057673,-0.0387034149277808,-0.527054463374357,-0.0679036931627271,0.726106231776839,-0.593512151491192,0.202156254750917,-0.98756602720718,0.526201352602092,-0.0800332904192877,-0.0946770133781229,-0.79314444928836,-1.10521140486391,-1.23321624918318,-0.7440181099252,0.484612361667126,1.48293160432397,-0.590386957395979,-1.16238301451781,-0.555594417312278,0.37633485093474,-0.728501275489362,-0.576901296561691,-1.44646591923207,0.215508271587242,-0.34476848053886,1.85732060937019,0.173975611729931,-1.03742764507821
comm.and.crime_point_1476,comm.and.crime,regression,0.21,0.0758292889157682,anomaly,-1.0174414932053,0.87205458879957,-0.453822940289352,-0.99803595765547,0.830056042661434,-0.302066595779285,-0.592122486177232,-0.490435159498505,-1.05813254276258,-1.42004470416301,-0.938495612231962,3.10759251244505,-0.499564470154296,-1.56531543697313,-0.960646585528377,-2.55944024541439,0.0413031744765323,-0.0880946194298402,2.81575001611035,-0.125050605255976,2.03356796592375,-1.03742764507821,-0.629227587743642,-0.524876705773258,-0.764005364912463,0.282168870917816,-0.626152826019497,-0.96284821097941,-0.277522937462631,0.380681711753999,0.160258004218676,0.674887070095679,-0.58163965777976,0.526629724118384,-2.01724040279586,-1.26680802211735,0.45255093945805,-0.257506183800045,-0.436621602456179,0.102796409725239,-1.56439559317645,0.128060322760887,0.140121215605925,-1.40851568053963,-0.994759483123667,-1.02085498162309,-1.0241498515451,-0.223927357231975,0.525175431526179,0.646593252940519,-0.241958561604024,0.217464062248858,-0.34476848053886,-0.731260008940213,-0.998566532067046,-1.33538393159564,-1.3739496219135,-0.59953003312486,-0.60138190496379,-0.653776320283739,-0.65103955906403,0.679234591957959,-0.639856399463727,-0.394815653267903,-0.429402032904556,-0.95606016564934,-1.42111577700285,-0.180122176360894,0.0375580480715412,-0.172720524612857,1.18727430068875,-1.23321624918318,-0.244678557014993,-1.59541329373824,0.223072592487436,-0.52591471705619,-0.70552988692494,0.928401418342293,1.01101337594292,-0.887366102415632,-0.689269589429965,-0.662904928792817,-0.590607768331523,-0.940984519474898,-0.72849220634674,-0.736908318327921,-0.768973580240562,0.825219881684049,0.481892202524582,-0.590967280548668,-0.286904425214791,-0.226875569169311,-0.456668338479601,-1.51174026063149,-0.965250958519477,-0.730217672130112,-1.11758785505231,-0.413219819433159,-0.407961060951538,-0.70587936432781,-0.391348688885798,-1.46155861675429,0.197114064352121,-0.453822940289352,0.576092732591868,0.881022906339523,0.339056972600567,1.90200410626417,-0.115382978305131,0.43905062085352,-0.323496951900488,-0.96480656352602,2.41640072116065,-2.67463422022763,0.93934508735885,-0.70339391206371,-0.380579614390398,0.675263793938761,1.11140862194038,3.0081130167773,1.11931402444534,1.4810901430286,0.500362972394892,-0.139144981884744,1.03299019886025,-0.360584240166726,-0.875509990372052,-1.27027014793507,-1.02847344562641,-0.938289124010825,-0.544247527234835,0.949744322833616,-0.414699029235275,1.30853782732598,1.7386971296432,0.511493909447407,-2.00114816083105,-3.08850198967716,0.945259561142375,0.682832724400303,-1.56531543697313,-1.8154285728214,0.518419284204312,-0.281327002043937,0.0510694094017551,0.0188878262786913,-1.25410891864968,1.3445430117542,1.30467532522204,-0.491703227207728,-0.286904425214791,-0.252778472003357,0.492231312994358,1.1137708149682,0.424510741789694,-0.629227587743642,-0.956411184176713,2.32686541128124,-0.747205579353531,-0.144541836585371,-0.538459497839898,-0.0123933177430025,-0.965539767392024,-0.748828535159937,0.23524876409128,-0.634402585285642,-0.465840642700386,-0.906450078535958,-0.277522937462631,-2.20803628183355,-0.277522937462631,-0.230075729421995,1.13072152314633,-0.447422857068877,-1.02301435554381,0.321344892711017,-0.467308204356106,-0.669300457399169,-0.0380095163665442,0.770744885551916,-1.07592843364696,-0.217427187171022,-1.04783791719925,0.878506043477017,-0.116389386036903,-0.333979422149212,-1.00369058285354,-0.601380811530617,-0.696016939253532,0.960248140763403,-0.44257322543477,0.00542422998716656,-1.65265881220558,0.660351242786569,0.43110035463292,-0.778386370841756,0.243010035727013,0.682832724400303,-0.149937701058835,-0.59830836089083,1.54273586614554,1.6520257684351,-0.373547480628615,-0.53735464792882,0.124187285317004,-0.693603398154691,-0.93654835490529,1.76567661788493,-0.491703227207728,0.460656060460939,-0.542780556382761,-1.23321624918318,-0.429402032904556,0.149763831780583,0.324222120103087,1.73756129269811,-0.0564224436405426,0.558365350335113,-0.666693784445925,0.0391120955346223,0.155666779985624,-0.0641256158777693,-0.723292047758998,-0.115382978305131,0.934100543289131,-0.565328047091832,0.0722445468239389
comm.and.crime_point_1236,comm.and.crime,regression,0.35,0.275366297706099,anomaly,0.812099797669774,0.524070428289996,-0.453822940289352,-0.203981505847819,-0.116905957376842,0.312588270521716,-0.639997445119629,0.0687247720866572,-0.478219682404748,-0.166244194413711,-0.337911430842786,1.15430942144021,-0.343626531286471,0.682832724400303,-0.578534219371668,-0.700631344738288,-1.03655979871593,-0.256567130116958,1.37581220011629,0.370139857947594,0.660955979151975,-0.381712258954214,-0.629227587743642,-0.739004709724335,-0.472618903484926,1.31387638751496,0.141460545004487,-0.471261468611373,-0.35568405855027,-0.144541836585371,0.957035039566971,1.41559866067845,-1.15527224088726,0.922333791906255,-0.408381392326479,1.25312967718045,-0.402359601765361,1.70306028275511,-1.13445162766544,0.212409265870761,0.430618996740308,0.0709728459924523,0.140121215605925,0.6614207192824,-0.252097771813259,-0.487789080732225,0.164425204496809,-0.0672751000735523,-0.186519518100509,-0.209368692507428,-0.241958561604024,0.0869987106920766,-0.34476848053886,-1.23334030181239,-0.334821036824805,-0.0946770133781229,-0.55330956317479,-0.726761076765874,-0.60138190496379,-0.569295082344151,-0.608454173918587,-0.114174721497799,-0.0481838140501525,0.775267415563927,0.514446198157378,-0.0123933177430025,0.478532181262003,-0.444251915781118,0.0375580480715412,-0.363236207687417,-0.0300597851839413,0.726172755495118,-0.444061083654919,0.620806112517094,-0.20888346424473,0.759843941378858,-0.388045418306067,-2.12579870714607,-0.430223291072143,-0.741943275593805,-0.377360854488696,-0.403772909970454,-0.548100210488063,-0.302655304718355,-0.250658831525885,-0.293870545825533,-0.20666076843211,0.530234322887664,0.535289982565372,2.88786271490148,-0.286904425214791,-0.226875569169311,-0.629727998655079,0.935299240366342,1.35068765411737,1.5638017736507,1.05170600925156,-0.595936377798769,1.3153972372028,0.0363011161927887,-0.391348688885798,-0.639972682963453,-0.233054967406804,1.12214874716618,1.21911184274716,1.35548620609065,-0.640100742275393,-1.86422845370679,-0.230075729421995,1.41095174850089,-0.951202378562316,1.03299019886025,-0.440959496409212,-0.0278472343569434,-0.735958731452675,-0.654155103545014,-0.850536385865668,-0.778552299399972,-0.4393285442876,-1.3576732534092,0.92179093362327,-0.391348688885798,-0.139144981884744,-0.504578098615964,0.978995691768727,-0.878848277811454,1.32682556052599,1.54523312038634,-0.719233528474505,-0.777184479464502,-0.44849760935004,0.889055645386725,-1.05911760742057,-0.719300011366178,0.100102838577144,1.56977547151032,-0.777628410332139,0.640404199215584,0.139282888348225,0.682832724400303,0.682832724400303,0.486441406234567,0.754335996180896,-0.0280406076086237,-1.04328333075373,0.24714434506481,-0.489575518936313,0.252720923722782,1.13072152314633,0.798631967738489,-0.286904425214791,-0.96284821097941,0.492231312994358,-0.4726301518147,-0.196421853214959,3.39989683326659,1.19912126108902,-0.320467042044794,-0.450140894829368,-0.582228126868179,1.60620332454586,0.577398462198459,-0.347866910099853,-0.424861492610813,1.17920255223971,0.413283929954837,-2.24707740429148,0.695483322687741,-0.35568405855027,2.19366080025567,-0.433845179637909,-0.230075729421995,-0.608816497610759,3.6817581761754,0.194009440828534,0.251689308836056,0.799837073718665,-0.629843707397574,-0.718130441861903,-0.708381655201343,0.82897837806628,-0.453822940289352,1.20219260362464,-0.409993611322597,1.21911184274716,-0.241958561604024,1.82817078159176,-0.791896494605177,-0.231370130585801,-0.728501275489362,0.486720391900693,-0.337161300152529,-0.708705024057152,0.682832724400303,-1.13966992969373,-0.377360854488696,-2.3315505634824,0.682832724400303,-0.333979422149212,-0.445688830173635,-0.484813844404564,1.17756246868398,-0.56760401811193,0.13653539481965,0.514032132486567,0.188284489002777,-0.734789774559444,-0.395154494276104,-0.243561843564225,0.0427225572111723,-0.542780556382761,0.726172755495118,2.34970664744447,0.875268979868092,0.324222120103087,-0.550930207394384,-1.56455049483681,-0.0208937288415306,0.803028383590466,-0.830849724959226,-1.1001642083812,-0.352113179076581,0.0178660990932967,-0.34476848053886,0.677650524933283,-0.217420442940414,1.03059780346671
comm.and.crime_point_1849,comm.and.crime,regression,0.14,0.080792048774778,nominal,1.17800805584479,1.56802290981872,-0.453822940289352,-0.203981505847819,-0.669300457399169,0.886266145735984,-0.44849760935004,-0.361398252209622,-0.220480633356821,-0.514522113788516,-0.458028267120621,-0.352508963049232,-0.343626531286471,0.682832724400303,0.185690512941751,0.0100897055202199,0.0413031744765323,0.417322912631512,-0.0641256158777693,-0.75529301296961,-0.353583315418467,0.1226841919104,-0.0536383847421805,-0.203684699846642,0.634649649939717,-0.324717903551093,0.44850589341408,0.293429019516684,-0.35568405855027,-0.494690868811617,-0.730257505876477,-0.658393792953314,-0.390428796743927,-0.0669263775634199,-0.293462891578667,0.956666418439536,0.167580759050246,-0.00615150860066679,-0.221904671622559,-0.0616228744930443,-1.22239309204787,-0.614076875228766,-0.404521482090398,-0.308861968134177,0.886650185529367,0.966027012606508,1.12442813437682,0.977073280982603,-0.779598642789415,-0.494689340990077,-0.333979422149212,-0.91323565124325,-0.34476848053886,-1.46155861675429,-0.666693784445925,-1.08724254795214,-1.42523962558467,-0.769171424646212,-0.686008264773091,-0.696016939253532,-0.736210329354915,0.502921411190013,-0.503316572060594,-0.59830836089083,-0.48183804574133,0.0465858602511433,-0.15468380482628,0.242485406711466,0.849381873054233,-0.267978366150136,-0.493806103611632,0.726172755495118,-0.444061083654919,0.311566195365187,0.978995691768727,-0.250395004534394,1.51686139340717,0.111080258000336,-0.265510529127564,-1.17821175605928,-0.867503152253548,-0.792470938203999,-0.718130441861903,-0.621819912096626,-0.824058881310911,-0.938289124010825,-0.675254778272487,-1.29867614164992,-1.97440567935176,-1.21404130958451,-0.286904425214791,-0.226875569169311,-0.716257828742818,0.690595290266559,1.07498067642251,1.26458184594016,1.30394948184504,-0.413219819433159,-0.555677486507623,-0.618564013678328,-0.391348688885798,0.135969587839005,-0.405122580110374,-0.217427187171022,0.576092732591868,0.0507121317750543,0.91503209899819,0.760721512333579,-0.115382978305131,-0.532850506793854,-3.00551104763739,0.385056113761999,-1.18175658985325,0.247859743337919,-1.05813254276258,-0.457199869470233,-0.276144776284783,-0.87547337228922,-0.778552299399972,-0.0597367947051054,1.06993325173982,-0.391348688885798,0.957154368308917,0.134929855663671,-1.34276811316667,-0.878848277811454,-0.337161300152529,0.85572211589946,0.414646167749156,1.35745206077428,1.22712595363386,0.706989613046053,-1.50215537992296,0.760473546598372,-0.203340548657311,1.56977547151032,0.543772920206689,0.640404199215584,1.22972191624619,-1.56531543697313,-1.56531543697313,-1.26736429209379,-0.307289207713733,-0.15468380482628,1.203019662197,0.30420847476134,-1.01519223123925,0.15346437026538,-0.91323565124325,-0.789472887579932,-0.286904425214791,-1.18133120758743,0.652827315957665,0.294983219209284,0.663330970637638,-0.681553878925593,1.48027766699325,-0.548685356986693,-0.450140894829368,-0.932377159094426,-0.407153610755056,-0.0713724957371486,0.887478804484488,0.331061606670478,-0.885696359334983,-0.303554212051806,0.970640616647273,-1.38703009890307,-0.121200695287352,1.22743461150438,-0.35568405855027,7.68372409764167,-0.565328047091832,-0.490435159498505,-0.811358043131231,-0.444866529913555,0.511849510519854,3.23691779275872,-0.845653115392282,-0.127296228476849,-0.546787652615503,-0.217427187171022,-1.25714308192706,-1.33771336277832,-1.60027964024141,-0.333979422149212,0.943214105202603,-0.506122969993337,-0.315851368525389,-1.64963732071814,-0.231370130585801,-1.36491789057162,-1.3576732534092,0.682832724400303,-0.173042062415791,-1.13485349648892,-1.2423133868938,0.682832724400303,0.12612488057673,-1.00529377613668,-0.696016939253532,-0.779598642789415,-0.438232993123054,-0.0880946194298402,0.514032132486567,-0.350646997593453,-0.179953678608368,-0.395154494276104,0.600118860823686,-1.28073353641309,-0.449042081635903,0.726172755495118,-0.376966020067782,-0.352508963049232,0.324222120103087,-0.550930207394384,0.345745036678463,-0.733827980135861,-0.714104176963228,-0.0632363539352424,0.0510141976217214,0.454251997880092,0.90725587531605,-0.34476848053886,-1.27136961457117,0.565371666400276,-0.331272613867753
comm.and.crime_point_0481,comm.and.crime,regression,0.4,0.377766389952401,anomaly,-1.0174414932053,-0.867866213748302,-0.375024355916575,-0.509387064235377,-0.669300457399169,0.927243136822718,-0.639997445119629,-0.533447461928133,-0.671523969190694,-1.00211120091324,-0.818378775954126,1.65658221627003,-0.343626531286471,0.682832724400303,-0.674062310910845,-1.90339004517576,-1.03655979871593,-0.144252122992213,1.95178732651391,-0.350137179439416,2.27228309405797,-0.93654835490529,-0.786206461289495,-0.953132713675412,0.168431311655657,-0.324717903551093,-0.267933252874971,-0.307399221155361,-0.35568405855027,-0.188310465613652,-0.214695894768757,0.526744751979124,-1.20307495614621,-0.709945487718708,-1.09789239681336,-0.476239332141566,-1.08628803474409,0.194932231558836,-1.02709316224863,0.541247834307328,-1.50739517632169,0.128060322760887,0.303514024914822,-1.020402605573,0.143988474218959,-0.00318371628598076,-0.201290197362241,-0.223927357231975,-0.00859578069383644,0.0188878262786913,-0.333979422149212,-0.956724101762177,-0.34476848053886,-0.868190997905353,-1.28302888717086,-1.58352531523914,-1.52781963292701,-0.641940381005198,-0.686008264773091,-0.738257558223326,-0.693624944209472,0.591078001573987,-0.548829847861638,-0.649181537796562,-0.534274058578104,-0.248310029719587,-0.914542988132221,1.14052652074023,0.747903894931396,-0.458494049224697,0.0858767944229815,0.726172755495118,-0.244678557014993,-1.23463339039435,1.14097921304329,-0.52591471705619,0.0881812846222431,1.65968877233247,-0.0596195766968404,-0.451097621950152,-0.600152808018174,-0.662904928792817,-0.760637999705362,0.062104246571098,-0.202875494043799,-0.374422868098694,-0.0192231644959594,-0.000739682945828393,0.802278882769321,-0.642890116301655,-0.286904425214791,-0.226875569169311,-0.54319816856734,-2.14797053089092,-1.13067514513639,-0.879827635985382,-1.92476696735142,-0.413219819433159,-0.260244635395451,-0.662221689003069,-0.391348688885798,0.0446822618622457,0.369181677055691,-0.217427187171022,-0.512093453824773,0.287943781650617,-0.179320641157294,0.817785642030109,-0.230075729421995,0.331061606670478,-0.0952404331143684,-0.370866985519292,-0.970100277440667,-0.910109562980505,0.294997464739033,-0.604916295026319,1.39481263340506,1.45063237705275,-0.4393285442876,0.23524876409128,0.674887070095679,-0.391348688885798,-0.230503261067549,-0.504578098615964,2.00489132650762,-0.490150249577908,-0.826569200352095,-0.23600364120476,0.414646167749156,-0.857736801737663,-0.735747363004424,-0.506783935891765,0.632481160315823,-1.32217072016655,-0.506783935891765,-1.65798329278156,1.91411504076547,-0.834767479906819,-0.145179466755593,-1.56531543697313,0.682832724400303,-1.32217072016655,-1.01503934364349,-0.407970199261594,1.14542214955724,0.760721512333579,-0.537358856418398,-1.18649910140954,-0.347885794497196,1.4437995652116,-0.286904425214791,-0.798985963523397,2.09819134262743,-0.165584803405107,-0.817354448219611,-0.158290967106083,-0.159801367448073,0.227256913815765,1.08469330854548,0.205607195640876,0.42445034078228,0.0465858602511433,-1.00671795787817,-1.01880107061754,-0.413719465260767,0.303001138876892,-0.638218393822105,0.108107742239052,0.738571636676679,-0.436621602456179,-0.277522937462631,-0.230075729421995,-0.43486269553505,2.1333152887088,2.83971334598581,-0.235899778288672,0.799837073718665,1.69810454269652,-0.888160673235742,0.876396781320006,-1.07592843364696,-0.217427187171022,0.521950818259281,0.156946236789233,-0.709945487718708,-0.333979422149212,1.41519099927682,0.589342207685384,0.148795440142343,1.06259659023327,0.486720391900693,-0.924450780392009,3.0081130167773,-1.56531543697313,-0.253594384688952,-0.912061542959443,1.53029033533172,0.682832724400303,-0.333979422149212,-0.954420599230953,-0.696016939253532,0.821714993870633,-0.891031580584123,-0.31272463367933,-0.499564470154296,-1.18354111324217,0.828839223120861,0.550209117294346,-0.293190120292925,-0.375210946038594,-0.823995980623335,-1.23321624918318,1.19611436503544,0.372996185038278,1.11702334614895,-0.669300457399169,-0.20723524876017,0.424690178217426,2.9364960468691,-0.523804376549633,-0.210617258288034,1.203019662197,-0.0809549871536759,-0.34476848053886,-1.32265961824234,0.913279270551694,-0.633910484386522
comm.and.crime_point_0744,comm.and.crime,regression,0.12,0.61670031107093,nominal,-0.041686138071928,-0.519882053238727,-0.217427187171022,-0.26506261752533,1.14571004267419,-0.547928542299685,-0.687872404062027,-0.576459764357761,-0.091611108832858,-0.0965886105387498,-0.277853012703869,-0.240892786420384,-0.499564470154296,-1.56531543697313,-0.435242082062902,0.338114805639531,0.237278260511525,-0.874299669303055,-0.409710691716343,-0.0350159755825995,-1.12940748185469,-0.381712258954214,-0.210617258288034,0.0104433041044344,-0.705728072626956,-0.264029226104202,0.65320279235381,-0.416640719459369,-0.199361816374992,0.118069937584314,-0.214695894768757,0.131698570334978,-0.103612505190179,-0.561556462298257,0.453507363282115,1.00607696156302,-0.288371529602239,0.697641581957593,-0.00718774078893893,0.486441406234567,-0.65238892350022,0.641847613676801,0.575835373762982,-0.114805430650861,-0.40063011407534,-0.487789080732225,-0.56700559922129,0.0893771570848711,1.11825455621509,0.817785642030109,-0.149937701058835,0.434906314843494,-0.34476848053886,-1.05076564985887,-0.714104176963228,-0.243561843564225,1.29313056898732,-0.769171424646212,-0.728321444677741,-0.738257558223326,-0.693624944209472,0.855547772725906,-0.594343123662683,-0.394815653267903,-0.376966020067782,-0.130351673731295,-0.15468380482628,-0.0216443327087585,-0.114658919112713,-0.267978366150136,-0.319901234201248,0.726172755495118,-0.311139399228302,0.46618615394114,-0.100894450061688,-0.388154860795292,0.405665753241116,0.584266192935153,0.599231471081475,-0.402623346342877,-0.689269589429965,-0.662904928792817,-0.633115326174983,-1.03217440729726,-0.967408893757168,-0.978565285147405,-0.956411184176713,-1.23967902989064,-1.06664341865833,-0.279430266030745,-0.189444898148642,-0.226875569169311,-0.889317488918297,0.886358450346385,-0.248412816512834,0.0677021350979969,0.294975591471144,0.774437809943307,-0.900349146138491,-0.662221689003069,-0.391348688885798,0.0446822618622457,-2.12579870714607,-0.138628602798245,0.130925656330515,0.821714993870633,0.281459459960805,1.16017042020929,-0.34476848053886,-0.802823042251458,1.73081171717458,-0.424861492610813,0.723150221859989,1.57125323627326,0.810475562834887,2.15245698202062,0.0893771570848711,0.675263793938761,-3.0077369758527,-1.41667036516848,-0.263347611309168,-0.391348688885798,-0.0477867027019386,0.226288134846476,-1.1807845918921,-0.274206900559272,0.445891340166776,-0.523299893074292,0.517726140133124,-1.05911760742057,-0.687872404062027,0.585612258152271,1.39772822191086,0.541247834307328,0.585612258152271,-0.017646871584048,1.08212161042621,-0.629882524473152,-0.42964182185941,-1.56531543697313,0.682832724400303,-0.116429302565806,-1.01503934364349,-0.0280406076086237,0.742239561078903,0.760721512333579,-1.06297556872134,0.10383609353668,0.34792941380564,1.6919409488551,0.00547415598365529,0.78501576188472,-0.310748701822181,0.192634769739419,2.14401638949489,0.0510141976217214,0.0276362364880784,3.1028076820837,-0.202586991059232,1.60620332454586,-0.0132359495005283,-0.720143453672756,2.24635909052726,-2.36866374790556,-0.708705024057152,0.192718347798946,0.338588862534303,-1.49382565898465,-0.35568405855027,1.28111384421278,-0.043039574199713,-0.34476848053886,-0.869747200724323,-0.533447461928133,0.617322065653698,0.391000476585978,0.799837073718665,-0.550930207394384,-0.845653115392282,-1.7120746649982,0.0352672065190975,-0.296225771543798,2.09173955371781,0.260026209173202,0.675018749538836,0.12612488057673,-0.295725241742213,-0.696638653067897,-0.738257558223326,0.294983219209284,-0.738257558223326,-0.239279720112616,0.589231434646941,0.682832724400303,0.511652676906082,1.36041638304123,-0.549162456337422,0.682832724400303,-0.241958561604024,-0.59830836089083,-0.569295082344151,-1.37267776747832,-0.244176455639738,-0.930457172865427,-0.109719622984733,-0.693603398154691,-0.0790743884354456,-1.02539690198974,1.09640162811069,-0.166244194413711,-0.449042081635903,0.726172755495118,2.24483462177092,0.428804273352702,-0.224640267159436,-0.629843707397574,0.798183452037345,-0.778386370841756,2.13051937407495,-0.728501275489362,0.678929691805134,1.31821468747653,2.19192999652669,3.09601405296708,0.0621704808792462,0.217464062248858,-0.432151904040676
comm.and.crime_point_0734,comm.and.crime,regression,0.2,0.1914322760475,anomaly,0.629145668582266,-0.519882053238727,-0.296225771543798,-0.814792622622935,-0.629843707397574,0.886266145735984,-0.544247527234835,-0.576459764357761,-0.413784920142767,-0.166244194413711,-0.277853012703869,0.0939557434661589,-0.187688592418646,0.682832724400303,-0.912882539758789,-0.591289644698518,-0.840584712680936,-0.593512151491192,0.16626443468128,0.68526106180441,0.660955979151975,-0.835669064732367,-0.786206461289495,-0.953132713675412,-1.05539182634,-0.567472613338656,-0.882023949694159,-0.908227461827405,-0.199361816374992,0.161838566612595,0.675819615326396,1.41559866067845,-1.20307495614621,0.32877769022445,-0.293462891578667,0.759024245945591,-1.48524628731501,1.45170560755573,-1.40284779120747,1.74698925190807,-0.0823847549525736,1.44107228843489,1.610656499386,-0.244176455639738,-0.94524870236964,-0.633170690066098,-0.749863300150816,-0.746101547760053,-0.127211605631618,-0.0381763034178386,-0.241958561604024,-0.0434666408647052,-0.34476848053886,1.2770611625485,0.755617991073163,0.401605753908883,0.0621704808792462,-0.557119685244521,-0.60138190496379,-0.653776320283739,-0.65103955906403,0.723312887149946,-0.45780329625955,-0.191322945644976,-0.272093994394233,-0.602185097684464,-0.15468380482628,-0.602729759433253,-0.571309820665477,-0.315607286918777,1.01336943127836,-1.23321624918318,-0.311139399228302,0.363106181557171,-0.802823042251458,-0.801434429577986,-0.017646871584048,-2.12579870714607,0.434518709136896,-0.111777692699224,-0.778386370841756,-0.792470938203999,-0.845653115392282,-0.71300979991899,-0.871842218792997,-0.978565285147405,-1.05012998614479,-0.531713688779321,-0.425870058168848,-0.642890116301655,0.102933683049804,-0.226875569169311,-0.802787658830557,0.396950550146819,0.192718347798946,1.16484187003665,0.950808620214174,-0.504578098615964,2.00474055646453,0.341904843465976,-0.391348688885798,-0.685616345951833,-0.0609873547032339,0.176565734692862,-0.462630445351289,-1.43198567994721,-0.755295767554917,-1.00826650825885,-0.34476848053886,-2.4766527620886,-0.551753470686607,-0.694834028068417,-0.388045418306067,0.247859743337919,0.230562702477051,-0.06328940132067,0.35046425234891,-1.11777605451234,-0.536249617176849,-0.295725241742213,1.36621788797293,-0.391348688885798,-0.413219819433159,-0.0477867027019386,0.0610890712128745,-0.792470938203999,0.886358450346385,1.02809986702118,-0.976933459434427,-0.454975190371856,1.03562611786427,0.706989613046053,-0.0119374178694681,-0.938525723657223,-0.264029226104202,-0.599701730718649,-0.19033893009266,-0.138158631432351,-1.23561849465356,0.233203092125617,0.682832724400303,-0.171235730638567,-0.66116427567861,-0.851221389523392,0.511849510519854,1.90200410626417,-0.155092156561714,-1.83166669888264,-0.91323565124325,0.401605753908883,6.34034341528332,0.457291266972696,0.278103309043281,3.46778515277508,-0.674062310910845,-0.0536383847421805,-0.112941966464035,0.911911858641464,0.441053158743122,-0.669765384924741,1.47489743746102,-0.130351673731295,-0.965539767392024,-0.100894450061688,0.530234322887664,0.137576952259974,-0.523299893074292,0.535289982565372,-0.277522937462631,-0.168225438914154,-0.35568405855027,1.26093003509725,-0.91323565124325,-0.361398252209622,-0.652615808821794,-0.584177697663477,-0.58250322963563,-0.669300457399169,-0.378069979114223,0.0840075630593312,-1.65798329278156,-0.375024355916575,-0.681553878925593,0.981586015860986,2.10944599526986,-0.149937701058835,0.884216993443326,0.208310841536264,1.88066081790389,-0.933198174429091,-0.653776320283739,1.52258872060582,-1.23967902989064,0.682832724400303,0.753309643725566,2.34070097857094,-1.29182416764783,-0.148982095307866,-0.241958561604024,-0.191322945644976,0.106554821172549,0.110020044243945,1.04953379424903,-2.10976474767525,0.514032132486567,2.39300420689645,0.173123836996862,2.71104022945538,-0.193933566835524,-0.653833281538438,0.675819615326396,-1.23321624918318,-0.00991393021036301,-2.02675161248195,-0.224640267159436,1.89538829270449,-1.36346675467731,2.16246741574736,-1.47267045724008,-0.0632363539352424,-0.629227587743642,2.35496991499225,-0.377418245894594,-0.115382978305131,-1.57910963659818,-1.0002125522811,0.677520287861476
comm.and.crime_point_0371,comm.and.crime,regression,0.6,0.0104279564511595,anomaly,1.17800805584479,-1.21585037425788,-0.217427187171022,-0.509387064235377,2.05321529271087,-1.28551438186089,-0.592122486177232,-0.533447461928133,0.101693177953087,-0.235899778288672,-0.277853012703869,0.707844714924821,-0.109719622984733,0.682832724400303,-0.912882539758789,-1.24733984493714,-0.056684368540964,-0.9866146764278,0.569447023159616,0.865330321151163,0.422240851017754,-0.886108709818829,-0.629227587743642,-0.257216700834412,-0.705728072626956,0.706989613046053,-0.67732705075443,-0.96284821097941,0.0351215468879261,1.21228566329134,-0.0272189452750407,0.674887070095679,-0.438231512002885,0.872870783432771,-1.15535164718726,-0.130365530277162,0.45255093945805,0.597099711877842,-0.329263137039369,1.1441185431077,-0.424387256081161,1.09854742782428,1.17494234122894,-0.244176455639738,-1.39084572915588,-1.50546034606934,-1.06986427677748,-0.954971223971284,0.287943781650617,-0.0381763034178386,0.0341040200315418,0.956767721070621,-0.34476848053886,0.227256913815765,-0.0977690742382896,0.749003691009788,0.369910502906264,-0.684350728885536,-0.686008264773091,-0.696016939253532,-0.693624944209472,0.811469477533919,-0.548829847861638,0.012169761977951,-0.0623499430471371,-0.484226741696171,-0.787899790914564,0.136833510943376,-0.469831842542641,0.0177951584617036,0.317749953636827,0.726172755495118,0.154086496264857,-1.33771336277832,-0.370866985519292,0.208804516335266,0.564407987550553,0.111080258000336,0.887478804484488,1.48787340234087,-0.956619933665339,-0.878848277811454,-0.803145557548822,-0.986579463386079,-0.871842218792997,-0.857736801737663,-0.8158329812246,-0.0597367947051054,-0.746256738413588,0.343643763005101,-0.286904425214791,-0.127274097367549,-0.846052573874427,-0.141398140072703,-0.0278472343569434,0.217312098953267,-0.259960048234497,-0.0477867027019386,-0.506438677988928,-0.662221689003069,-0.391348688885798,-1.46155861675429,1.18650283739765,-0.375024355916575,1.76320493595548,-1.01683029266498,1.08782463691748,0.30420847476134,-0.34476848053886,-0.370866985519292,1.10310629051276,-0.370866985519292,1.46394731530403,1.35068765411737,0.230562702477051,-0.555677486507623,0.0371597380320633,0.820645403272635,0.481421648160263,-0.236728129982936,-0.806536111069869,-0.391348688885798,-0.504578098615964,-0.504578098615964,0.277067099578957,-0.101452221344363,0.837417660326429,1.08555911739508,0.878506043477017,-0.495251351508437,-0.400622650407643,-0.870916000573111,-1.22022225196689,-0.883719295584461,3.55935745304993,-0.335131340202921,1.66941109066569,0.517473225955383,0.992669953659678,0.682832724400303,0.682832724400303,-1.65100928860312,2.22881544603455,0.478532181262003,0.742239561078903,-1.00826650825885,-0.967408893757168,2.28748026959951,-0.43486269553505,1.9897106092273,-0.286904425214791,-0.0889162245473447,-0.310748701822181,-0.984372399164023,0.281218604480928,0.417298235895379,-0.862692382208638,0.181613250827385,-1.2423133868938,-0.976145788122707,-0.0570045785288092,-1.66381030157909,-0.553757862530577,0.0610890712128745,-0.531713688779321,1.40582904965634,0.453507363282115,0.428494422483792,-0.35568405855027,-0.597659300581394,-0.121200695287352,-0.000690227188266011,0.565371666400276,-0.447422857068877,1.09354876858201,-0.166244194413711,-0.0641256158777693,-0.51147345739279,3.10754976404949,-0.602729759433253,0.670236143756844,-0.453822940289352,0.417298235895379,0.930046029669001,-1.45189061482096,-0.333979422149212,0.353242987609834,0.494084366148104,-0.484813844404564,-1.13789507336882,-0.273610749555595,0.543772920206689,-1.06268769461281,0.682832724400303,0.0686149044036935,-1.04573671507713,0.342031597235068,0.682832724400303,-0.333979422149212,-0.700054714702294,-0.484813844404564,0.169327956712836,-0.244176455639738,-0.593512151491192,0.358094193618742,-0.44863454061095,0.0722445468239389,0.280105228274217,-0.987985994494734,-1.55935587191293,-0.683388268503048,0.726172755495118,-0.691582097088426,-0.798973669564622,-0.651533235030286,-0.4325599573896,0.396015971718339,-0.912061542959443,-0.42964182185941,-0.370281702344836,-0.681553878925593,0.511849510519854,-0.278597159647621,-0.000690227188266011,0.728940528604452,-0.869747200724323,-1.03742764507821
comm.and.crime_point_1576,comm.and.crime,regression,0.18,0.106549086682197,anomaly,1.3609621849323,0.87205458879957,1.35854450028451,0.712235169314856,1.38245054268376,-0.834767479906819,-0.352747691465246,-0.533447461928133,0.0372584156911057,0.0427225572111723,-0.277853012703869,-0.966397934507894,1.29372182682569,0.592906797945366,0.185690512941751,0.939494155858268,-0.44863454061095,-0.76198466217831,-0.985685818113966,-0.350137179439416,0.72063476118553,-0.0286347433489841,-0.262943549469985,-0.203684699846642,-0.12295514977188,0.767678290492944,-0.4726301518147,0.348049768668688,0.504088273413761,-0.319616352698494,-0.214695894768757,0.0329370249239415,-0.486034227261844,-0.660482479245224,0.740803615151647,-0.377418245894594,-0.402359601765361,-0.257506183800045,-0.168225438914154,0.102796409725239,-0.595388506645455,-0.0432021075444176,-0.0232715937029722,0.467364181799085,0.29252081648104,-0.00318371628598076,0.0729963540320473,0.0893771570848711,0.58448334399507,0.646593252940519,0.586229183302673,0.34792941380564,-0.115382978305131,-0.320467042044794,-0.42964182185941,-0.491703227207728,-0.50201955950362,-0.641940381005198,-0.64369508486844,-0.653776320283739,-0.65103955906403,0.723312887149946,-0.548829847861638,-0.0895765918335127,0.0949580954631852,0.872294352169189,0.668496977088488,0.876396781320006,0.64642591680856,-0.267978366150136,-1.07348900164625,0.726172755495118,0.818694918397941,0.0538662644052637,0.763017663402644,1.86192279146604,-0.22930318399663,1.10046903104586,-0.0596195766968404,0.0336451341226025,-0.3328024637828,-0.317395570362999,-0.335562421270764,-0.211465416895992,-0.155092156561714,-0.213318223552372,-0.0660825654799971,0.117254540572726,0.909074442850902,0.0840295842401654,-0.286904425214791,-0.226875569169311,-0.716257828742818,-0.141398140072703,-0.303554212051806,-0.929697623937139,-0.209511353715802,8.44853326129893,-0.949587954657186,-0.443933312379363,1.56430964666924,0.181613250827385,-0.620207095989836,0.0189685659473083,0.130925656330515,-0.898214467727196,-0.755295767554917,0.589529123243989,-0.34476848053886,1.73491879105002,0.0188878262786913,0.871006677585685,1.94017401823234,2.23294998274093,-0.220480633356821,-0.752632720582405,-1.00718864302409,-0.633170690066098,0.917566476161884,0.530234322887664,-1.49786692894712,1.14821212846604,0.591721251577697,0.409004693212087,-0.370866985519292,-0.706093598596545,1.03318082040625,0.85572211589946,-0.10075369417069,-1.38132689651321,-0.544247527234835,-0.749538645679329,-0.777184479464502,-0.554880727147895,0.100102838577144,-0.652615808821794,0.592713710226646,0.35356526160845,-1.37784967220547,0.682832724400303,0.682832724400303,0.322022122016284,-0.66116427567861,-0.407970199261594,0.281459459960805,-0.722945859776196,-1.30189225613177,-1.63315359196784,0.869790820032767,-0.938357717766034,0.00547415598365529,1.16736100594875,0.813423318920973,-1.13789507336882,0.328982650250517,-0.210617258288034,-1.00327058516075,-1.18769663882401,0.441053158743122,-0.888608530066145,2.13142687288523,-0.484226741696171,0.887478804484488,1.6809242839585,-0.118733906464382,0.247859743337919,0.0512926106647712,-0.0520855978833183,-0.277522937462631,-0.275583904330964,-0.043039574199713,-0.230075729421995,-0.782770299686468,-0.533447461928133,-0.017646871584048,-0.723488865413399,1.203019662197,-0.35364645738641,-0.803145557548822,-0.444251915781118,0.82897837806628,-0.375024355916575,0.835908565350987,-1.3892533489703,-0.611019470771741,-0.149937701058835,-0.472716577020044,-0.458494049224697,-0.484813844404564,1.62551306231752,-0.78049817719312,0.348009760126863,-1.06268769461281,0.682832724400303,0.0686149044036935,-0.466477635900487,0.936160966283394,0.682832724400303,-0.333979422149212,-0.59830836089083,-0.273610749555595,-0.186519518100509,-0.761660555595246,-1.71666222273864,-0.187688592418646,0.0902969459852806,-1.54182409594283,1.63062467337486,0.500862307366285,-1.21107795253813,-1.2458191169842,0.726172755495118,-0.00991393021036301,-0.464125139678079,-1.0174414932053,-0.51147345739279,-0.156964313720294,1.27129960162944,1.18231152372889,-0.0632363539352424,2.40569730080952,0.91503209899819,0.314329357834215,-0.230075729421995,-1.93813966229637,-0.826258750205395,0.0722445468239389
comm.and.crime_point_0598,comm.and.crime,regression,0.24,0.118473749446703,anomaly,-0.224640267159436,-0.867866213748302,0.0977671503200851,-0.203981505847819,-0.550930207394384,0.722358181389051,-0.496372568292438,-0.18934904249111,-0.607089206928712,0.112378141086133,-0.277853012703869,0.038147655151735,0.124187285317004,0.682832724400303,0.281218604480928,0.0100897055202199,-0.595615855137194,-0.368882137241703,-0.0641256158777693,0.370139857947594,-0.293904533384912,0.274003127169785,-0.00131209356022966,-0.0966206978711041,0.168431311655657,0.464234903258489,0.141460545004487,-0.635123716067385,-0.121200695287352,-0.363384981726775,-0.120957420021899,-0.0658245204870952,-0.151415220449137,0.427703707171417,0.22367036178649,1.15430859093348,-0.174383457439118,-0.106693378680418,0.100170724627871,-0.116429302565806,0.202617329321249,-0.157377061081287,-0.132200133242237,-0.114805430650861,-0.153076210305205,-0.148565325619854,-0.475576748756528,-0.171709938179167,0.58448334399507,0.532464993547459,-0.0579168405136468,0.260952512767785,-0.115382978305131,-0.0466050641145143,-0.240000251790199,-0.392446673750327,-0.55330956317479,-0.260247250082155,-0.305189645631236,-0.358091987495182,-0.395527248191373,0.106216754462134,-0.275750193055373,-0.29306929945644,-0.324530007231007,-0.189330851725441,-0.0280406076086237,-0.180122176360894,-0.216136897235549,-0.506122969993337,0.607591402654133,-1.23321624918318,0.0876256540515485,-0.255373652746643,-0.26287797133625,0.346564372596164,-0.017646871584048,-2.12579870714607,-0.183154148155274,-0.111777692699224,0.424690178217426,0.33043447669291,0.217035830694215,0.244484022215825,0.418307893223313,0.390824193496339,0.496230246328455,0.353242987609834,1.12266556301406,0.707103613276012,0.00547415598365529,-0.226875569169311,-0.197078848216383,0.935299240366342,0.247859743337919,0.616272002567322,0.345424285989838,0.226288134846476,-0.506438677988928,-0.0946719097814345,1.4810901430286,-0.00096140112613429,0.283147870703906,-0.375024355916575,-0.314241419930838,-1.72852524229167,-0.640100742275393,-0.0381763034178386,-0.34476848053886,-0.532850506793854,-0.837074119169256,0.655028649219603,-0.493873574512357,1.68153602735121,-0.54265444466673,-0.949587954657186,0.246029414243294,-0.633170690066098,0.481421648160263,0.707225658165495,-1.25096306541953,-0.391348688885798,1.41394576422294,0.134929855663671,-0.20888346424473,-0.835659608007726,0.837417660326429,2.00490712337759,-0.719233528474505,0.149167226676855,-0.0654979378108623,-0.567472613338656,-1.30077457424005,-0.719300011366178,-1.23504806525446,0.352751675137971,0.543772920206689,0.804312163562517,-1.14079770961895,0.165758647284414,0.682832724400303,-0.171235730638567,-0.838101809661048,0.351888984044347,-0.812893280194679,0.4183367341544,-0.107308819079628,0.600118860823686,-0.217420442940414,1.7911975023125,-0.189444898148642,-0.307399221155361,1.93759533966413,0.294983219209284,0.233454558711339,-0.472248714197789,-0.8158329812246,-0.868190997905353,-0.499651675583395,1.21228566329134,-0.713534013953022,0.0465858602511433,-0.430223291072143,0.817012170494165,0.825219881684049,0.578708116571755,0.338588862534303,-1.70741677914781,-0.35568405855027,-1.29548932579066,0.0351215468879261,-0.34476848053886,1.00025617158955,-0.232361344920738,-0.970100277440667,-0.514522113788516,0.339056972600567,-0.669300457399169,-0.718130441861903,3.14791254033394,-0.335131340202921,-0.296225771543798,0.0510141976217214,-0.152293680362675,-0.907797521612643,-0.333979422149212,-0.0597367947051054,-0.601380811530617,0.0220735832329614,-0.523804376549633,-0.696016939253532,0.739536080286516,0.943214105202603,-1.56531543697313,-0.898012962874244,0.692040522452799,-0.450140894829368,0.682832724400303,-0.149937701058835,-0.750927891608026,-0.653776320283739,0.465867519057289,0.0792511068324541,0.978897948255237,0.202156254750917,-1.42850997078591,-0.785229419645906,-0.845327642642986,-1.33538393159564,0.0427225572111723,-0.120957420021899,0.726172755495118,0.619318223830926,1.76819839289887,0.751115087973938,-0.156362707378436,2.10522776307411,-1.04573671507713,-1.33043927968817,-0.523804376549633,0.312645653531477,-0.928088305474204,0.0672766422167828,-0.34476848053886,-1.32265961824234,2.56584039027093,-0.835669064732367
comm.and.crime_point_0082,comm.and.crime,regression,0.24,0.0763745275860743,anomaly,1.23899276554062,-1.56383453476745,0.255364319065638,-0.203981505847819,-0.51147345739279,0.23063428834825,-0.209122814638054,0.326798586664425,0.294997464739033,0.321344892711017,0.262672750546389,0.26138000840943,0.280125224184829,0.682832724400303,-0.769590402450023,-0.645960494718403,-0.350646997593453,-0.425039640804075,0.339056972600567,0.68526106180441,0.839992325252642,-0.785229419645906,-0.838532752471447,-0.899600712687643,-0.589173488055941,-0.506783935891765,-0.574978601284565,-0.798985963523397,0.269604910150844,0.599524856895403,-0.261565132142186,0.230460115746014,-0.533836942520802,0.872870783432771,-0.523299893074292,0.0672766422167828,-0.744323818254725,0.546828776837966,-0.490300835164584,1.52776353961703,-0.253386005516867,0.870197520750541,1.17494234122894,0.337993156810208,-0.499651675583395,-0.293946934953727,-0.521291173988909,0.0371597380320633,0.406559606588398,0.190080215368281,-0.0579168405136468,-0.173931992421487,-0.115382978305131,0.181613250827385,0.328924458417437,0.302349200451482,0.575070517590943,-0.345067945842831,-0.347502825535886,-0.358091987495182,-0.310356477900488,0.15029504965412,-0.184723641453285,0.978760123186855,0.724190249504474,-0.130351673731295,-0.0913622062174521,-0.0216443327087585,-0.266875886296968,0.113052999998984,0.607591402654133,-1.23321624918318,0.552851549544707,-0.873853487050458,-0.26287797133625,3.65280092285772,0.82897837806628,-0.878308515045191,0.352162328164607,-0.0148291414846731,-0.778386370841756,-0.792470938203999,-0.803145557548822,-0.986579463386079,-0.919625556275082,-0.898012962874244,-1.00327058516075,-0.590710800538598,-0.319074498087268,-0.435198773289707,0.882609899578993,1.16754503605537,-0.456668338479601,0.25012818008695,0.0272941611820292,0.217312098953267,-0.108613964678413,0.0435715764808665,-0.161767018358061,-0.00735655913195239,-0.391348688885798,-0.868190997905353,0.928401418342293,-0.0598300184254683,-1.15511256398006,0.643791256463961,0.339056972600567,-0.323496951900488,-0.34476848053886,2.05888583359914,0.703657382637049,1.51894076268393,0.776064299963135,0.854415094266617,0.294997464739033,-0.70339391206371,0.141594576137679,0.142197893047893,-1.16623659095697,-0.0597367947051054,0.576125524684642,-0.391348688885798,-0.504578098615964,0.134929855663671,0.277067099578957,-0.706093598596545,0.00542422998716656,-0.293462891578667,0.00232627821327909,-0.0522135790060488,-0.496372568292438,1.55663109730253,0.833861965998727,-2.47310570969453,-0.567472613338656,0.987720612375717,-0.973391570411965,-0.0971816403456179,-0.0503586817209869,0.480499389876695,-1.56531543697313,0.212409265870761,0.754335996180896,-0.344648600652765,-1.8496485077104,-1.75010019431373,-1.11075890620342,0.15346437026538,1.60909447885453,-1.43464048505304,-0.286904425214791,-0.580502966915381,-0.257216700834412,-0.319107477609904,-0.0531297159061927,0.417298235895379,1.62085586994536,-0.913834660893733,-0.94524870236964,1.12474840523477,-0.538459497839898,-0.602185097684464,-0.389045100585998,0.331061606670478,-0.94469347109426,-0.358695607590779,-0.0636258900830415,0.481892202524582,-0.35568405855027,0.583283819003517,-0.433845179637909,-0.34476848053886,-0.826258750205395,-0.619472066787389,1.35811915909774,-0.0269330266637888,-0.697698254915155,-0.590386957395979,-0.548100210488063,-0.497077863665163,-0.917186199337522,-0.296225771543798,-0.629227587743642,0.620806112517094,-0.561556462298257,-0.241958561604024,-0.531713688779321,-0.410865128456057,-0.0201670357368324,-1.64963732071814,0.528961010870487,-0.0924573500527467,-0.708705024057152,0.682832724400303,0.189443387813436,-0.199127291665113,1.03518252779145,-1.56531543697313,0.954312625483427,0.215662469600878,-0.696016939253532,-0.127211605631618,-0.761660555595246,-0.53735464792882,-0.343626531286471,-0.840584712680936,0.173123836996862,0.415157172784282,0.600118860823686,-0.375210946038594,3.20675843349157,-1.23321624918318,-0.429402032904556,0.0939557434661589,-1.38334975138032,1.54027754269014,-0.106693378680418,1.44953316445302,-0.524462606894016,0.346157443944216,-0.733880170107544,-0.524905716995868,0.462560987204673,-0.34476848053886,-0.0916995301342629,0.956767721070621,-0.785229419645906
comm.and.crime_point_1245,comm.and.crime,regression,0.52,0.0399070019892787,anomaly,0.812099797669774,0.524070428289996,4.11649495333169,-0.936954845977958,1.26408029267898,-0.711836506646619,-0.256997773580451,-0.533447461928133,0.101693177953087,0.182033724961094,0.502906423102059,0.98688515649694,4.10060472644654,0.682832724400303,-1.00841063129797,-1.35668154497691,-0.938572255698432,-0.31272463367933,0.972629611637952,1.58560735853817,0.660955979151975,-0.886108709818829,-0.52457500537974,-0.310748701822181,-0.589173488055941,0.100102838577144,-0.421455927079768,-0.0342954753953406,4.9592721754092,1.16851703426305,-0.0272189452750407,0.427983206568087,-0.247020650967053,1.16964883427367,-1.38518864868289,-1.16798693587037,1.82040780541551,-0.5591317940393,-0.00718774078893893,0.486441406234567,1.62762775069036,0.0709728459924523,0.249049755145189,-0.56760401811193,-1.7869319751881,-1.60238141895859,-1.61843737956606,-1.58158025260498,-1.13544611760276,-1.23652302704496,4.17504274456502,1.65258292937346,0.916851781746651,0.866268195653084,0.660797206038557,0.451234030637584,0.113460484550416,-0.0906058585608025,-0.178250105917284,-0.273610749555595,-0.310356477900488,0.370686525614054,-0.412290020458506,-0.191322945644976,-0.429402032904556,-1.13299769963178,-0.724578192305735,-0.972511394621568,-0.571309820665477,-0.458494049224697,0.665559692457595,-1.23321624918318,5.40449303111622,-0.616153556090535,-0.748828535159937,3.65280092285772,1.14646284668515,-2.12579870714607,-0.389045100585998,0.421439338980806,-0.956619933665339,-0.965225617418908,-0.930668231079202,-0.895389575563716,-0.72849220634674,-0.65635599605476,-0.768973580240562,0.825219881684049,-0.692858958372798,0.914794956287961,3.7089361844973,1.26714650785713,-0.370138508391861,1.13106240044617,0.854415094266617,0.965361918229619,0.648116453102006,0.865796089126112,1.61083008831497,3.6598881681463,3.31191922312268,0.181613250827385,-0.491156386462159,-0.453822940289352,-0.512093453824773,0.465867519057289,0.627044535799378,-0.665881730079667,-0.34476848053886,0.763017663402644,-0.209368692507428,1.30296273431785,-0.493873574512357,-1.57180630944818,-0.671523969190694,-0.555677486507623,1.18594295719383,-0.487789080732225,-0.972394445178469,0.23524876409128,0.0329370249239415,-0.391348688885798,-0.504578098615964,-0.139144981884744,0.223072592487436,-0.576527589185363,0.0543650200071232,-1.32772939830898,-0.203833666554659,-1.26049841310347,-0.11337289675326,-0.567472613338656,-1.30077457424005,-1.04813857980274,-0.203340548657311,-0.0705609496871936,0.396950550146819,0.189657297261516,0.70820759855586,0.682832724400303,0.682832724400303,0.486441406234567,-0.66116427567861,0.541853779870831,1.26061717483676,0.760721512333579,-0.489575518936313,-1.68278186869654,-0.826258750205395,-0.193933566835524,-0.286904425214791,0.457291266972696,0.0104433041044344,-1.64963732071814,1.37979165718147,-1.1001642083812,-0.8158329812246,-0.959478323882113,1.23322565080756,0.94967388912165,-0.757302642981302,0.577398462198459,-0.0184413862106956,1.6809242839585,-0.708705024057152,0.358142534415864,0.0512926106647712,0.428494422483792,-0.277522937462631,0.690642284420326,-0.277522937462631,-0.34476848053886,-0.956724101762177,-0.275373647350366,0.776064299963135,0.0427225572111723,-1.04328333075373,-0.629843707397574,-0.930668231079202,1.24617841650832,-1.23467066795639,-0.375024355916575,-1.15249049956315,-3.45085279664969,0.72448175801232,-0.333979422149212,-0.826699247575706,0.351197603842184,-0.569295082344151,-0.4726301518147,-0.400332606464976,-0.141398140072703,-0.236728129982936,-1.56531543697313,0.108891065540274,-1.13485349648892,-0.301608552567286,0.682832724400303,-0.149937701058835,-0.242196122550708,-0.10464827367642,0.881022906339523,-0.308861968134177,-0.76198466217831,2.30731842946655,-0.791590941172187,0.0722445468239389,-1.11543153166311,0.302349200451482,-1.00211120091324,0.160258004218676,-1.23321624918318,-0.48183804574133,0.707844714924821,-1.38334975138032,-0.669300457399169,-0.156964313720294,-0.421919245194591,-1.09338731710165,-0.0632363539352424,-0.210617258288034,-0.640100742275393,-0.970344763376429,-0.230075729421995,-0.296859544818942,-0.347885794497196,0.1226841919104
comm.and.crime_point_1129,comm.and.crime,regression,0.2,0.02240072768925,anomaly,-1.38334975138032,0.176086267780421,0.570558656556745,-0.99803595765547,-0.590386957395979,-0.0562046492588845,1.27500091257626,1.18704463525698,-0.800393493714657,-0.0965886105387498,-0.277853012703869,0.317188096723854,0.669970071354392,0.682832724400303,0.185690512941751,0.0647605555401046,-0.497628312119698,-0.200409626554585,-0.352113179076581,0.0100013392540886,-0.472940879485578,0.223563482083323,0.626603400623183,0.652827315957665,0.926036111367255,-0.0212745163166381,0.0902863202695546,0.184187521212675,0.113282667975565,-0.407153610755056,-0.120957420021899,-0.21396683860365,-0.00800707467226295,-0.314241419930838,0.453507363282115,0.116687185340269,-0.801317854336286,-0.508860858999424,0.368566888169896,0.870086402743895,0.658620664159367,1.09854742782428,1.01154953192004,-0.438232993123054,-0.301608552567286,-0.148565325619854,0.164425204496809,-0.223927357231975,-0.30513534303829,-0.494689340990077,0.12612488057673,0.173975611729931,1.49031553733097,0.318544239792525,0.328924458417437,0.351977477180183,0.677650524933283,2.24196327485779,2.10666160893385,2.04962329378306,2.3725227862624,-1.52468016764137,1.54478083898639,0.0630429388836828,-0.219657981557459,-0.838101809661048,-0.724578192305735,-0.444251915781118,-1.1801776894025,1.25614709844634,1.94086206813374,-1.23321624918318,0.154086496264857,0.569266126325109,-1.23477909898362,-0.52591471705619,-1.02301435554381,-0.878308515045191,-0.718470624475156,0.421439338980806,1.89511707151198,1.92841525943082,2.00235326011953,1.24757278826182,1.03949128049042,1.15607125509137,1.01168365715287,0.707225658165495,0.962472222891692,-1.11019563807854,0.00547415598365529,-0.226875569169311,2.39881605441579,-1.21809552051175,-0.303554212051806,0.616272002567322,-0.0581652701597183,-0.139144981884744,1.06920319460932,0.0799587915175297,1.93879741305212,0.683693543699564,0.670299999286939,-0.453822940289352,-0.363704428404322,0.169327956712836,0.108666922041517,0.646593252940519,-0.34476848053886,0.223072592487436,0.646593252940519,1.89690231232458,1.83434586202605,-0.689543980824615,0.101693177953087,-0.211005826876756,0.0893771570848711,-1.06931551806772,-0.0516442527306052,-0.531713688779321,-1.49786692894712,-0.391348688885798,0.134929855663671,0.0435715764808665,-0.478855999702333,-0.360584240166726,0.201187390066993,1.83252937225587,0.260026209173202,0.350548032359759,-0.0654979378108623,-0.385406580997984,-0.65635599605476,1.91140853612636,-0.264029226104202,-0.758443965028085,1.03318082040625,0.763335172475784,-0.42964182185941,-1.56531543697313,-1.38546358406325,-1.43178357631207,-0.0713724957371486,-0.597934995088079,0.223861947321042,0.703657382637049,0.609441243151654,0.15346437026538,-0.739281849167541,0.600118860823686,-0.189444898148642,-0.744365214371393,-0.792536710712104,-0.830849724959226,-1.05617467706755,-0.681553878925593,-0.159801367448073,1.18577383657174,-1.39084572915588,-0.0132359495005283,0.818368002036808,1.04923188615163,0.969835185456777,-1.12679008480058,-0.767702135816429,0.633849512110727,-0.00616663970913513,-0.0520855978833183,-0.35568405855027,0.583283819003517,-0.433845179637909,-0.34476848053886,-0.260908893459341,0.0687247720866572,1.04063469047886,-0.305555362163633,-1.04328333075373,-0.51147345739279,-0.718130441861903,-0.180122176360894,-2.13420999570987,-0.375024355916575,-0.9955116260173,0.311566195365187,-0.264778411457355,-0.333979422149212,0.117254540572726,-0.744267573836537,-0.653776320283739,-0.01206212920031,0.993607819538218,-0.728687620312182,-0.649707912297875,-1.56531543697313,-0.978565285147405,-1.00117832437123,-0.846227140861585,0.682832724400303,-0.241958561604024,-0.29306929945644,-0.738257558223326,-0.00859578069383644,-0.114805430650861,-0.144252122992213,0.124187285317004,-0.252659454575957,3.14906289709809,-0.890344957479674,-0.64058805739383,-0.0965886105387498,3.20675843349157,-1.23321624918318,-0.324530007231007,0.875268979868092,-1.38334975138032,-0.629843707397574,2.60793711347287,-0.867503152253548,0.234103673382831,0.141460545004487,-0.733880170107544,0.0510694094017551,0.166097728463756,-0.230075729421995,0.934100543289131,-0.521839596572905,0.526201352602092
comm.and.crime_point_1993,comm.and.crime,regression,0.19,0.457474882763042,anomaly,-0.224640267159436,1.56802290981872,0.176565734692862,0.284667387572275,-0.472016707391195,0.47649623486865,0.317501733728316,-0.18934904249111,1.00377984962083,1.71445657021024,1.76413320401933,-0.0734685214771128,0.202156254750917,0.682832724400303,0.376746696020106,0.447456505679301,-0.399640769102202,0.305007905506768,-0.294515666436819,-0.350137179439416,-0.174546969317801,0.47576170751563,0.260319362349526,0.171039307067742,-0.00640056520086566,-0.0212745163166381,-0.0632363539352424,-0.0889162245473447,-0.199361816374992,-0.62599675589646,-0.0740881826484698,-0.164586065898132,0.278809216881485,0.0319996393835476,0.396048112908209,0.215508271587242,0.737521119865853,-0.609402729079175,0.207529190044681,-0.774106439438939,2.48263400351183,-1.07077668937625,-0.94916417978672,-0.1794909431453,0.143988474218959,0.142197893047893,0.392997330658716,0.663768766665756,0.406559606588398,0.589529123243989,-0.149937701058835,-0.347885794497196,0.343388026162328,0.364187902780905,0.471155635969346,0.401605753908883,0.318620499235095,1.01206318632799,1.04883211131758,0.951367200568424,0.839448921026465,-0.466801083033691,0.224895840756112,-0.0387034149277808,-0.219657981557459,-0.602185097684464,0.288567385435518,-0.761207603085388,-0.875743755033986,-0.267978366150136,0.839464561867979,-1.23321624918318,-0.178217714801685,0.620806112517094,-1.1807845918921,-0.158555100360462,-0.493873574512357,-1.13640993410055,-0.677292433989011,0.469913614588082,1.22674121092355,0.97826452374882,0.854649198346114,1.06519301261709,1.18284129293668,1.3171758996377,1.19912126108902,-0.35472235350149,-0.0520855978833183,-0.0198160872658089,0.102933683049804,-0.127274097367549,1.01433877301197,0.152246600047036,0.0272941611820292,-0.181647804660787,-0.663549604384054,-0.321861540250354,0.724531534978455,0.734823921388646,0.524065851161242,-0.868190997905353,0.584266192935153,-0.453822940289352,-0.363704428404322,1.29617829362176,1.203019662197,-0.323496951900488,0.802159030629787,-0.640839520976896,-0.323496951900488,0.763017663402644,0.194009440828534,0.0824355567210018,0.874910325096869,2.20169579053932,0.559333928560141,1.45063237705275,-0.4393285442876,0.176251652332003,-0.115205293192613,-0.391348688885798,0.774437809943307,-0.321861540250354,1.24896822722633,-0.533338919381635,-0.239279720112616,-0.86805539531773,0.156946236789233,0.793585804862147,-0.496372568292438,0.100102838577144,0.632481160315823,1.41815068347151,0.100102838577144,-0.0705609496871936,0.837417660326429,0.927243136822718,1.3719530937981,-1.56531543697313,0.682832724400303,1.25373139925322,2.40575298001699,1.11174816735029,-0.00652810323800724,0.36127260445787,-0.155092156561714,1.14602990483939,-0.521839596572905,-1.43464048505304,-0.189444898148642,2.47825898559685,1.2952113278109,0.243808994474351,1.04544333679435,-0.0536383847421805,0.636808449280568,-0.731260008940213,-0.450140894829368,-0.363384981726775,-0.888608530066145,-1.13299769963178,-0.636114243502866,1.51894076268393,-2.41962126507618,0.854415094266617,2.40712187599493,-1.44042787894386,0.191443789063205,-0.436621602456179,-0.35568405855027,-0.34476848053886,0.82630236951384,0.326798586664425,-0.440959496409212,1.22686748308551,0.511849510519854,-0.51147345739279,-0.548100210488063,1.24617841650832,0.723150221859989,0.176565734692862,0.364971944713428,0.981586015860986,-1.25403858092703,-0.241958561604024,1.65117944631393,-0.696638653067897,-0.315851368525389,-0.01206212920031,-0.653776320283739,-0.0924573500527467,-0.826699247575706,-1.56531543697313,0.511652676906082,-0.199127291665113,0.143988474218959,-1.18313024953964,-0.333979422149212,-0.496562007079367,0.23327667808193,-0.00859578069383644,-0.826346068089685,-0.425039640804075,-0.499564470154296,-1.28152865625967,-0.381712258954214,0.280105228274217,-0.293190120292925,-0.514522113788516,-0.495911319009332,-1.23321624918318,-0.48183804574133,0.0939557434661589,1.60490102371564,-0.708757207400764,-0.810486469238678,-0.733827980135861,-0.382231429342107,0.755551241823674,3.39989683326659,0.16626443468128,-0.0809549871536759,0.114002523928599,-0.655889570517129,0.173975611729931,1.53499425433132
comm.and.crime_point_0603,comm.and.crime,regression,0.23,0.317833038152785,anomaly,0.446191539494759,-0.519882053238727,-0.453822940289352,-1.42560373939805,-0.550930207394384,0.804312163562517,-0.44849760935004,-0.576459764357761,-0.478219682404748,-0.305555362163633,-0.277853012703869,1.15430942144021,-0.499564470154296,-1.56531543697313,-0.721826356680434,-1.30201069495703,-0.546622083628446,0.192692898382022,1.37581220011629,0.505191802457658,1.9738891838902,-0.533031194213599,-0.315269840651936,-0.471344704785489,0.459817773083194,-0.567472613338656,-0.370281702344836,0.0203252737566635,-0.35568405855027,0.249375824669157,-0.214695894768757,-0.115205293192613,-0.151415220449137,0.32877769022445,-0.925514645691636,2.14251945340321,-0.00340134919443606,0.245203166598712,0.207529190044681,0.815279974671134,-0.253386005516867,0.698935090445236,0.793692452841512,-0.891031580584123,-0.648184017845477,-0.293946934953727,-0.749863300150816,-0.276144776284783,-0.127211605631618,0.0188878262786913,-0.241958561604024,2.18096542220705e-05,-0.34476848053886,-0.320467042044794,-0.145179466755593,-0.64058805739383,-0.758469577859468,-0.472298989483845,-0.432129185345187,-0.527054463374357,-0.523283403627701,0.546999706382,-0.594343123662683,-0.700054714702294,-0.796454122761974,-1.25095605562007,-0.977864586741049,-1.02533734250561,-0.469831842542641,-0.696638653067897,0.0858767944229815,0.726172755495118,-0.444061083654919,0.414646167749156,-0.640839520976896,-0.709594525404054,-0.123475027790339,-2.12579870714607,0.0639149947615938,-0.402623346342877,-0.822944761547652,-0.835659608007726,-0.803145557548822,-0.667414856007808,-0.680708868864655,-0.736908318327921,-0.862692382208638,0.117254540572726,-1.33363231886228,0.291720927252114,-0.286904425214791,-0.226875569169311,-0.413403423435731,0.837417660326429,0.358142534415864,0.416792050760294,0.395872980508533,-0.504578098615964,0.429098683866283,-0.487590987704104,-0.391348688885798,-1.05076564985887,0.369181677055691,-0.453822940289352,-0.462630445351289,0.110020044243945,-1.3888684065923,0.4183367341544,0.458080777279193,-0.640839520976896,-0.0952404331143684,1.24896822722633,-1.49924105847212,-0.579261189746669,-0.864828255976639,-0.900349146138491,-0.485014452496014,-0.633170690066098,0.675263793938761,0.23524876409128,0.674887070095679,-0.391348688885798,-0.321861540250354,-0.504578098615964,0.277067099578957,-0.576527589185363,0.837417660326429,0.281129612160397,-0.513073583706566,0.632481160315823,0.269626774785918,0.889055645386725,-0.938289124010825,0.596054262380089,0.0394141611302526,-0.599701730718649,-1.07127315045188,0.927243136822718,1.22972191624619,0.682832724400303,0.682832724400303,1.03450568696218,0.69535681818675,-1.16782938256753,0.281459459960805,0.475400863850929,-0.824058881310911,-0.888729441037333,0.130487161211004,-1.73241014542524,-0.286904425214791,0.184187521212675,1.40227532978643,-0.216759028140039,-0.291949944754136,-0.262943549469985,0.168214439440191,0.638049880711185,1.38175799306964,0.687062114951965,0.687062114951965,-2.01768536954397,-0.265510529127564,-0.748828535159937,-0.826699247575706,-1.84751328714304,0.338588862534303,-0.746256738413588,-0.35568405855027,-0.651338533289799,-0.35568405855027,-0.230075729421995,-1.04370100280003,0.498847796382936,2.31057256495435,-0.862800033163321,0.511849510519854,3.23691779275872,0.514588735598435,-1.07816329038966,-0.282217262099776,0.176565734692862,0.574277109441232,-0.616153556090535,0.872870783432771,0.494208322757484,-0.0597367947051054,0.398826524610824,0.0643142022027552,-1.08672084863389,-0.358091987495182,1.03318082040625,0.117254540572726,0.660351242786569,-0.777184479464502,1.44953316445302,-0.0540546487971503,-1.56531543697313,-0.333979422149212,0.0630429388836828,1.37377339026636,1.17756246868398,-0.696975043100807,0.417322912631512,0.514032132486567,-0.938572255698432,-0.734789774559444,0.145053283764153,-0.69021633412253,1.08755631533559,-0.964603692743623,0.726172755495118,0.199830121136733,-0.352508963049232,-1.0174414932053,-0.629843707397574,0.798183452037345,0.825715694570486,-1.37784967220547,-1.18906929810375,-0.733880170107544,1.49100722539581,-1.11857639274689,-0.34476848053886,0.113460484550416,-0.608816497610759,-1.03742764507821
comm.and.crime_point_0572,comm.and.crime,regression,0.14,0.109424091922592,nominal,-1.0174414932053,-0.867866213748302,-0.296225771543798,-0.936954845977958,-0.629843707397574,0.845289154649251,-0.304872732522849,-0.361398252209622,-0.800393493714657,-1.0717667847882,-0.818378775954126,0.428804273352702,-0.187688592418646,0.682832724400303,0.854387153715993,0.0100897055202199,-0.840584712680936,1.03505545181761,0.0510694094017551,-1.20546616133649,-0.234225751351356,0.929718513293784,1.93476068017196,1.72346733571305,0.634649649939717,1.79938580709009,3.46778515277508,1.44046475170877,-0.35568405855027,-0.844839901037864,-1.10521140486391,-1.25096306541953,1.23486352206065,-1.30350158940051,0.453507363282115,-0.42682878901808,0.0535926868871247,-1.26292488459756,1.54951000775481,-0.00681644642028318,-0.65238892350022,0.527672660139931,0.249049755145189,-1.14977363056188,0.441053158743122,0.675263793938761,0.758712732517766,0.246029414243294,1.17756246868398,1.21723454990582,-0.333979422149212,-0.869747200724323,-0.230075729421995,-0.183536053079654,-0.382231429342107,-0.590959780665129,-0.60459956684596,-0.175426554321479,-0.262876465726585,-0.315851368525389,-0.310356477900488,0.326608230422067,-0.503316572060594,-0.954420599230953,-0.901326148435522,-0.720143453672756,-0.851221389523392,-0.602729759433253,0.798642883992814,-0.601380811530617,0.317749953636827,-1.23321624918318,0.419929865118091,-3.3993128104577,0.817012170494165,-0.847354381664952,-0.493873574512357,1.53063806280479,-0.883183386419734,-0.596520448771979,0.0682230525702607,0.287245806889183,0.684618966972274,1.33876267608418,1.08727461797251,1.27689973850112,1.2928400630571,0.117254540572726,0.375096642443002,-0.175584594524771,-0.286904425214791,-0.226875569169311,-0.0240191880409045,-2.24585211093084,-1.13067514513639,-0.780087660081869,-1.67252349475795,0.0435715764808665,-0.8018715291011,-0.618564013678328,-0.391348688885798,-0.594329019975073,0.670299999286939,-0.296225771543798,0.72448175801232,-1.07613820513387,2.06698235179344,-1.75010019431373,-0.230075729421995,0.655028649219603,-0.323496951900488,-0.478855999702333,0.564407987550553,-1.90265468268201,1.97030128355056,-0.900349146138491,-1.0594060620769,-2.76543429362957,0.675263793938761,0.176251652332003,2.30445256937778,-0.391348688885798,-0.413219819433159,-0.413219819433159,1.57293526977546,-0.403772909970454,0.641654500246602,-1.61502565017851,0.930046029669001,0.269995710086597,-0.209122814638054,0.221480193470925,-1.13966992969373,-0.993332151729983,-0.446095258444874,-0.22930318399663,1.22894398048608,0.927243136822718,0.897849168625072,0.682832724400303,-1.56531543697313,0.157602837798,-1.42789358960251,1.23839136456794,-0.179320641157294,-0.722945859776196,0.466091230705398,-0.293190120292925,0.695837017957058,-0.789472887579932,0.200393210115953,-0.908227461827405,3.3829593663339,-0.216759028140039,-0.387478036293313,-0.681553878925593,-1.05012998614479,1.45963581450202,1.72833345834783,1.08097977620649,-0.363384981726775,3.17248229394089,-0.471401481558287,0.223072592487436,-0.295725241742213,0.964697885344563,-0.695677644196011,-0.425870058168848,-0.433845179637909,-0.114546206205749,-0.433845179637909,-0.34476848053886,-0.869747200724323,-0.490435159498505,0.881892456169426,-0.584177697663477,1.54860473803558,-0.156362707378436,1.49226256599801,0.348137302479556,-0.599701730718649,0.806954409675075,0.521950818259281,-0.719233528474505,-0.858334513139159,-0.333979422149212,0.176251652332003,-0.696638653067897,-0.527054463374357,-0.370281702344836,1.62721710408512,1.08212161042621,0.353242987609834,-1.56531543697313,-0.575803673781598,-1.04573671507713,0.193499254972986,0.682832724400303,-0.333979422149212,1.79273095367856,-0.611535701313945,0.110020044243945,0.6614207192824,0.698110430443375,-0.499564470154296,0.0902969459852806,1.58543389941778,-0.485189123949481,-0.293190120292925,-0.166244194413711,-0.542780556382761,0.726172755495118,0.147394108299959,0.0939557434661589,0.812099797669774,-0.590386957395979,-0.358048053879797,2.87540166704169,-0.951156139549743,-0.882023949694159,-0.838532752471447,-0.755295767554917,1.35195076342743,0.916851781746651,-1.52781963292701,-0.826258750205395,-0.986987999991752
comm.and.crime_point_1617,comm.and.crime,regression,0.02,0.051739201904354,nominal,0.324222120103087,1.22003874930914,-0.375024355916575,0.284667387572275,-0.629843707397574,0.47649623486865,1.27500091257626,-0.18934904249111,-0.671523969190694,-0.584177697663477,-0.518086685259539,0.484612361667126,-0.265657561852559,0.682832724400303,1.18873547410311,0.174102255579875,-0.840584712680936,0.641952926881002,0.511849510519854,-0.845327642642986,0.72063476118553,1.23235638381255,0.731255982987085,0.599295314969896,0.284985896226672,-1.23504806525446,0.294983219209284,1.33122325340476,-0.433845179637909,-1.01991441715099,-0.308434369515615,-0.362109156720205,-0.151415220449137,-0.709945487718708,0.453507363282115,-0.229186616524135,-0.516347673928482,-0.508860858999424,0.100170724627871,-1.65100928860312,-0.139385171807338,-1.64165145706059,-1.65719968679194,0.596735206787962,1.28273643156158,1.11140862194038,1.3987146857711,0.768203604771372,-0.660982817851633,-0.437625211293547,-0.333979422149212,-1.0002125522811,-0.115382978305131,-0.00096140112613429,-0.287410644307502,-0.342818397021626,-0.296859544818942,0.587959707524607,0.371821232843173,0.359998534991312,0.413595069572038,-0.378644492649718,0.08835601335298,0.164789292695146,0.252266133973507,0.577398462198459,0.98510497013263,-0.761207603085388,1.10307681836132,-0.506122969993337,-0.8416158424324,0.726172755495118,-0.444061083654919,1.13620597443694,0.871006677585685,-0.709594525404054,-0.758443965028085,-1.3945113531559,-1.04789614836431,-1.17821175605928,1.22674121092355,0.97826452374882,0.727126524815734,0.928408180883549,1.18284129293668,1.27689973850112,1.01168365715287,0.825219881684049,0.748881102728531,2.16094301435965,-0.286904425214791,-0.226875569169311,0.927808942924227,-0.826569200352095,2.12266719166299,1.2147118579884,0.648116453102006,-0.595936377798769,2.3986510246141,1.86992347983191,-0.391348688885798,-1.05076564985887,0.670299999286939,3.0921133564856,0.72448175801232,0.525175431526179,-0.928088305474204,1.04604216081623,-0.34476848053886,-0.316872478427771,-0.0381763034178386,-1.45075712734971,-0.335131340202921,0.523566721032782,-0.413784920142767,-0.900349146138491,0.193811995190487,1.25679023127425,0.529882184604888,-0.649707912297875,-0.21396683860365,-0.391348688885798,-0.504578098615964,-0.504578098615964,-0.20888346424473,-0.878848277811454,-2.78420080115036,-1.15535164718726,1.08466598824495,0.833861965998727,-0.544247527234835,-0.567472613338656,-0.575803673781598,-0.226042158711328,0.160791516024035,-0.652615808821794,1.47364793058586,0.927243136822718,-0.524462606894016,-1.56531543697313,-1.56531543697313,2.24024710456292,-1.36891441160836,-0.218005403435109,-1.50406343187183,0.931913901423168,-0.0117421441154574,-0.69021633412253,0.130487161211004,1.19565818156809,-0.286904425214791,-0.853606712675401,-0.150152698858873,-0.165584803405107,2.57389280142119,1.51615035071635,0.871105454200756,-0.411754368021554,-0.549162456337422,-1.15122030423583,-0.932377159094426,-0.66116427567861,-0.224332338641419,0.655028649219603,-1.00369058285354,-0.634402585285642,-1.15535164718726,-1.38703009890307,-0.35568405855027,2.13998156754726,-0.277522937462631,-0.230075729421995,-0.391374245016123,-0.576459764357761,1.62268954961346,0.59996722821086,-1.61925845715135,2.28995579272044,-0.590607768331523,-0.391425967897073,-0.864272121234376,-0.453822940289352,-0.576901296561691,1.08466598824495,3.04924315626605,-0.0579168405136468,-1.18068191813137,-0.601380811530617,-0.696016939253532,-0.421455927079768,0.486720391900693,0.25012818008695,-0.885696359334983,0.682832724400303,0.914414288271889,-0.600152808018174,1.53029033533172,-1.56531543697313,-0.241958561604024,-0.547435183985099,-0.484813844404564,0.821714993870633,-0.891031580584123,0.58579542331863,-0.499564470154296,0.531240889564015,0.576640997688553,0.100035968927465,-0.342818397021626,-0.0965886105387498,1.37885817592783,0.726172755495118,-0.429402032904556,0.317188096723854,-0.407594396246943,-0.35364645738641,1.95441495795449,-0.3328024637828,-1.37784967220547,-0.267933252874971,3.08593908617488,-0.58250322963563,-1.16798693587037,-0.34476848053886,0.472490510248604,-0.695793398648614,-0.633910484386522
comm.and.crime_point_0468,comm.and.crime,regression,0.12,0.250469393567673,nominal,-1.38334975138032,-0.867866213748302,-0.296225771543798,-0.387224840880353,-0.629843707397574,-0.343043586866018,4.0517485312353,0.283786284234797,-0.864828255976639,-1.00211120091324,-0.698261939676291,1.21011750975464,-0.265657561852559,0.682832724400303,0.997679291024758,-0.427277094638862,-0.105678140049712,1.09121295537998,0.68464204843914,-0.98037958715305,1.37710136355464,1.03059780346671,1.14986631244269,1.18814732583536,0.0518767270846419,1.92076316198387,0.499680118149013,0.948878009340733,-0.35568405855027,-0.757302642981302,-0.495911319009332,-0.609013020247796,0.0875983558456533,-1.05618654703309,-0.23600364120476,-1.21739747899386,-0.459353637846922,-0.860757404278554,0.207529190044681,-0.554880727147895,-0.424387256081161,-0.499901921691897,-0.567914291399295,-0.632289530606369,0.490563939497149,0.529882184604888,0.89585600821491,0.402681671401718,-1.07613820513387,-0.780009989472726,-0.333979422149212,-0.739281849167541,0.114002523928599,0.135969587839005,0.234103673382831,0.451234030637584,0.164750488221586,1.98750118757576,2.02203524912454,2.21858576966224,1.86149816451709,-1.52468016764137,0.680028598766554,-0.394815653267903,-0.324530007231007,-0.248310029719587,-0.281327002043937,-0.0744702805928035,0.0882970371329595,0.255939762304904,-0.319901234201248,0.726172755495118,-0.444061083654919,1.03312600205297,0.115083578304395,-0.801434429577986,-1.07592843364696,-0.491156386462159,-1.00671795787817,-0.887366102415632,3.27642718339475,3.18088668373891,3.10754976404949,2.06828177866309,1.99515803013213,2.24352760577905,1.94887167683362,1.82817078159176,0.748881102728531,-1.21404130958451,-0.286904425214791,-0.226875569169311,2.44208096945966,-0.532924460232356,0.744132303188673,0.267182086905024,0.395872980508533,-0.504578098615964,1.46311366275889,0.516535544764941,-0.391348688885798,0.546762554734425,1.444604256453,-0.453822940289352,-1.40242760634748,0.881022906339523,-1.21607586867302,0.532464993547459,-0.230075729421995,-0.370866985519292,-0.494689340990077,0.0610890712128745,0.299837597034825,0.46842532549381,-0.478219682404748,0.0351882157167206,0.246029414243294,-0.148565325619854,0.966027012606508,0.353242987609834,2.65011797831641,-0.391348688885798,-0.321861540250354,0.226288134846476,0.49304512794504,-0.792470938203999,0.592713710226646,0.396048112908209,0.826966057285032,-0.777184479464502,-0.44849760935004,1.55663109730253,1.23662357736453,0.815279974671134,0.0394141611302526,-0.758443965028085,-2.00114816083105,0.394542252695183,-1.70972241982659,0.210721610511883,-1.56531543697313,-0.171235730638567,-0.897080987655194,1.93492894926506,-1.44646591923207,0.36127260445787,1.03949128049042,-1.38501220832434,3.26165559857376,0.252720923722782,-0.286904425214791,2.75136273135687,-0.41781270379772,0.141460545004487,-0.483006127832491,-1.46644824665486,-0.722114179256525,-1.37027129077753,0.936160966283394,-0.713534013953022,-0.494690868811617,-0.838101809661048,0.187449566220028,-0.26287797133625,1.12020544048043,2.50865696043579,1.08555911739508,-1.06664341865833,-0.043039574199713,-0.382942369747774,1.52018284755307,-0.34476848053886,0.0435102601731493,-0.576459764357761,0.987720612375717,-0.723488865413399,0.627044535799378,-0.669300457399169,-0.505592652644603,-0.602729759433253,-0.176389105893484,-0.217427187171022,0.731255982987085,0.930046029669001,0.0319996393835476,8.86810663236964,0.766222769924772,-0.0298337623069365,-0.653776320283739,1.1137708149682,-0.189129511616007,0.152246600047036,2.12315634038814,0.682832724400303,0.471376515769501,-0.3328024637828,-0.450140894829368,-1.56531543697313,-0.149937701058835,3.72591167609637,-0.696016939253532,-0.423751167976071,0.790791744271277,1.54047298387896,0.280125224184829,-0.889578484189684,-0.785229419645906,-0.845327642642986,-0.144305290106824,1.36617865083543,-0.0272189452750407,-1.23321624918318,-0.796454122761974,-2.13836778911079,-0.224640267159436,-0.590386957395979,3.06037552883175,-0.778386370841756,-0.951156139549743,2.18842953440178,-0.158290967106083,0.569447023159616,0.166097728463756,-0.230075729421995,1.34442057265849,0.0435102601731493,1.18191673872609
comm.and.crime_point_1316,comm.and.crime,regression,0.15,0.433058891610739,nominal,-0.224640267159436,0.524070428289996,-0.0598300184254683,0.10142405253974,-0.629843707397574,0.681381190302317,-0.352747691465246,-0.232361344920738,-0.413784920142767,-0.514522113788516,-0.458028267120621,0.707844714924821,-0.0317506535508209,0.570425316331632,0.328982650250517,-0.263264544579206,-0.546622083628446,0.0803778912572774,0.742239561078903,-0.125050605255976,0.899671107286197,0.425322062429169,0.0510141976217214,-0.0966206978711041,0.226708603941165,0.646300935599162,-0.165584803405107,-0.689744465219389,-0.199361816374992,-0.538459497839898,0.394604191085821,0.329221661157051,-0.342626081484969,0.625555741065352,-0.121085140456948,1.05548750468651,-0.3453655656838,0.0943903614790845,0.0464914919194661,-0.993332151729983,-0.0253843380978089,-0.956601735839376,-1.00362844955635,0.337993156810208,0.391542377989094,0.287579502381766,0.301568480193953,0.141594576137679,0.821714993870633,0.532464993547459,-0.149937701058835,-0.347885794497196,-0.115382978305131,-0.731260008940213,-0.808924961997834,-0.69021633412253,-0.655889570517129,-0.429888641603507,-0.432129185345187,-0.315851368525389,-0.310356477900488,-0.334566197457732,0.133869289154024,0.012169761977951,0.0425220826264111,0.282502572227728,0.541853779870831,-0.338600020013028,0.595686927747142,-0.458494049224697,-0.203964654594325,0.726172755495118,-0.244678557014993,0.46618615394114,0.49304512794504,-0.250395004534394,-0.282217262099776,-0.319088773758589,-0.636114243502866,-0.887366102415632,0.558365350335113,0.460000486104092,0.302050946381135,0.0165093026599163,0.513874568187483,0.43110035463292,0.355652043376342,-0.118733906464382,0.748881102728531,0.914794956287961,-0.286904425214791,-0.226875569169311,-0.0240191880409045,1.13106240044617,1.35068765411737,1.26458184594016,1.00125731473287,-0.0477867027019386,-0.407961060951538,-0.269302611080399,-0.391348688885798,-0.274823379056414,-0.491156386462159,-0.375024355916575,-0.907797521612643,-2.08437271710501,0.972629611637952,-0.608817600383137,-0.34476848053886,-1.72072966280731,-1.29358715674149,0.763017663402644,-0.758443965028085,-0.248412816512834,0.874910325096869,3.62962123758148,-1.26827573828813,-0.681631226510723,-0.778552299399972,0.648228546406218,-0.510251474836759,-0.391348688885798,-0.504578098615964,-0.321861540250354,0.817012170494165,0.50318915590782,-0.532924460232356,1.2579368685168,0.156946236789233,-0.616079834918179,-0.639997445119629,-0.324717903551093,1.5185567053206,-0.171235730638567,1.31387638751496,0.0881812846222431,-0.679746830292226,0.804312163562517,0.897849168625072,0.682832724400303,0.682832724400303,-0.280848586784089,-0.484226741696171,0.795140174306145,0.857434586358428,0.133016085671751,1.18284129293668,-0.0450487366494222,-0.521839596572905,0.649747137552387,-0.286904425214791,0.0203252737566635,-0.953132713675412,1.77903573652232,0.233454558711339,-0.0536383847421805,-0.347238971384223,-0.822547334916973,0.837139404775339,0.0743013085560334,0.161838566612595,0.282502572227728,-0.553757862530577,0.115083578304395,1.59218233455465,-1.07553374959742,0.0512926106647712,-1.44042787894386,-0.35568405855027,1.01271768067076,-0.121200695287352,-0.34476848053886,-0.565328047091832,0.240773981805169,-1.39341290226583,3.52550175095922,-0.294515666436819,0.0409210426295376,-0.803145557548822,0.453789198247646,0.0352672065190975,2.77691901899449,3.39989683326659,0.672346098709078,-0.957260530086126,-0.333979422149212,-0.708705024057152,0.494084366148104,-0.400332606464976,0.806725466558606,-0.484813844404564,-0.630806040272269,-0.118733906464382,-1.56531543697313,-1.01884144628399,1.6723251179825,-1.53937807141797,0.682832724400303,-0.241958561604024,-1.00529377613668,-0.062407654706626,1.29617829362176,-1.14977363056188,1.42815797675422,-0.343626531286471,-0.252659454575957,3.14906289709809,-0.620241068459545,0.252720923722782,0.112378141086133,0.488342665832679,-1.23321624918318,-0.848890135598748,0.596228538295973,-0.956456783509466,0.00146429262794278,0.546828776837966,-0.867503152253548,-0.808924961997834,-0.01206212920031,0.155666779985624,1.31821468747653,-0.525649875265053,-0.230075729421995,0.421200506577434,-0.347885794497196,-0.93654835490529
comm.and.crime_point_0799,comm.and.crime,regression,0.05,0.068211331514025,nominal,0.812099797669774,-0.519882053238727,-0.296225771543798,-1.12019818101049,-0.708757207400764,0.927243136822718,-0.544247527234835,-0.533447461928133,-0.800393493714657,-0.932455617038282,-0.578145103398456,2.27047118772869,-0.499564470154296,-1.56531543697313,-1.00841063129797,-1.73937749511611,-1.03655979871593,0.0803778912572774,2.18217737707296,0.415157172784282,1.13838623542042,-0.93654835490529,-0.681553878925593,-0.899600712687643,0.518095065368702,-0.385406580997984,3.21191402910042,-0.362019970307365,-0.199361816374992,0.205607195640876,0.44147342845925,0.526744751979124,-1.01186409511038,0.0319996393835476,-1.27027014793507,1.05548750468651,-0.231377493520679,1.75333121779498,-0.866055464123419,-0.390461442929611,0.0316160787569558,-0.842426782302506,-0.676842830938559,-0.696975043100807,-0.153076210305205,-0.00318371628598076,-0.429862323524147,-0.537231871548822,-1.84714106722945,-1.86422845370679,-0.241958561604024,-0.43486269553505,-0.34476848053886,-0.366110705033174,-0.761514569480531,-0.938357717766034,-0.963629592544147,-0.59953003312486,-0.64369508486844,-0.653776320283739,-0.65103955906403,0.502921411190013,-0.503316572060594,-0.445688830173635,-0.534274058578104,-0.95606016564934,-0.851221389523392,-0.866859498853478,-0.0639199300512947,-0.696638653067897,-0.435837813808171,0.726172755495118,-0.244678557014993,0.0538662644052637,-0.154888957153209,-0.158555100360462,1.56977547151032,-2.12579870714607,-0.389045100585998,-0.305674795128326,-0.956619933665339,-0.922036947615181,-0.845653115392282,-1.03217440729726,-1.06297556872134,-1.05911760742057,-1.14384878811286,-0.767702135816429,-0.639461178332008,1.1744091350529,-0.286904425214791,-0.226875569169311,-0.629727998655079,1.66941109066569,1.73667742289018,1.31445183389192,1.15260339828895,-0.504578098615964,0.576815109422369,-0.356617961729881,-0.391348688885798,-1.46155861675429,0.197114064352121,-0.296225771543798,-0.363704428404322,0.0507121317750543,0.108666922041517,1.10310629051276,-0.34476848053886,2.16687484778218,1.04604216081623,-0.370866985519292,-1.28758474605954,1.35068765411737,-0.478219682404748,-0.604916295026319,-0.223927357231975,0.77218486682801,1.40217184060813,0.294245875850557,0.230460115746014,-0.391348688885798,0.500362972394892,-0.0477867027019386,2.11288034069066,2.40349062727182,0.592713710226646,-0.0636258900830415,-1.0800134318184,-0.575803673781598,-0.400622650407643,-0.0819631937635291,-0.777184479464502,-0.33565501485685,1.31387638751496,0.141095362725389,0.837417660326429,-0.0562046492588845,0.565976421003951,0.682832724400303,0.682832724400303,0.486441406234567,-0.307289207713733,-2.18097496030879,-0.121723128517532,0.36127260445787,-0.967408893757168,0.649747137552387,-0.956724101762177,-0.342818397021626,-0.189444898148642,0.23880827036468,2.1517233436152,-0.779675500224294,-0.0531297159061927,-0.786206461289495,0.261933241408267,-0.320467042044794,-1.88595353669616,1.60620332454586,1.16851703426305,-0.366268385707879,2.08164632858268,-1.99070219826491,-1.06268769461281,0.0272941611820292,-1.55756639980461,0.695483322687741,-0.277522937462631,-0.919734696831824,-0.35568405855027,-0.34476848053886,-0.304397343978269,-0.490435159498505,-0.758443965028085,0.112378141086133,0.511849510519854,-0.629843707397574,0.217035830694215,0.400963250363601,0.194009440828534,0.0977671503200851,-0.890859043653398,0.363106181557171,-0.709945487718708,0.218145741121919,0.766222769924772,-0.649009732299257,0.0220735832329614,3.46778515277508,-0.696016939253532,-0.239279720112616,0.353242987609834,0.682832724400303,-0.857736801737663,-0.288244073076904,-1.7869319751881,-1.56531543697313,-0.333979422149212,-1.00529377613668,0.740164105719455,0.999638731277305,-0.826346068089685,-0.649669655053565,0.358094193618742,-1.23253488475092,-0.734789774559444,0.550209117294346,0.302349200451482,-0.514522113788516,-1.2458191169842,0.726172755495118,-0.167221968720685,0.819460891553668,0.324222120103087,2.68452329273639,-1.36346675467731,1.13762442951176,1.4193634863154,0.0391120955346223,-0.00131209356022966,1.03022712427771,0.808434789069078,-0.115382978305131,1.13926055797381,-0.173931992421487,0.374882417342708
comm.and.crime_point_1689,comm.and.crime,regression,0.08,0.017268999867428,nominal,1.17800805584479,1.22003874930914,-0.296225771543798,0.773316280992368,-0.51147345739279,0.640404199215584,-0.256997773580451,-0.146336740061482,0.423866989262996,-0.375210946038594,-0.518086685259539,-1.58028690596656,-0.187688592418646,0.682832724400303,1.33202761141188,1.48620265605712,1.0211786046515,0.754267934005747,-1.61925845715135,-1.11543153166311,-0.771334789653356,1.18191673872609,0.888234856532939,0.759891317933204,0.867758819081747,-0.203340548657311,0.806725466558606,0.948878009340733,-0.35568405855027,-1.06368304617927,-1.19894987961077,-1.39910538353609,0.948047230506899,-0.858334513139159,1.43031461963852,0.264918814710728,0.110586722968685,-1.16238301451781,1.38847230962959,-0.664493583293417,-0.994391424628807,-0.385726968155027,-0.513450021629662,0.596735206787962,1.03518252779145,1.06294808549576,1.03299928391205,1.23816037624664,0.110020044243945,-0.152304562810898,-0.333979422149212,-0.91323565124325,-0.230075729421995,-0.776903671928593,-0.666693784445925,-0.491703227207728,-0.707179574188299,-0.59953003312486,-0.516755545154489,-0.484813844404564,-0.523283403627701,0.458843115998027,-0.412290020458506,-0.242196122550708,-0.0623499430471371,1.04923188615163,1.17506976595912,0.400963250363601,0.950859851177069,-0.506122969993337,-2.05894992830509,0.726172755495118,-0.444061083654919,0.826966057285032,0.925001184677206,-0.571834669143156,0.0352672065190975,1.18650283739765,-1.08907433885046,-0.741943275593805,-0.421919245194591,-0.403772909970454,-0.335562421270764,0.381268853949369,0.274957880777056,0.310271871223178,0.589949048296531,-0.531713688779321,-0.372472278128058,-0.487121609042694,-0.286904425214791,-0.226875569169311,-0.413403423435731,-0.337161300152529,-0.082988629895916,-0.780087660081869,0.395872980508533,-0.0477867027019386,-0.70339391206371,-0.487590987704104,-0.391348688885798,0.227256913815765,1.18650283739765,-0.375024355916575,-1.45189061482096,0.703099168932851,0.108666922041517,-0.0381763034178386,-0.115382978305131,-0.100894450061688,-0.837074119169256,0.817012170494165,-0.864272121234376,-0.0278472343569434,-2.47569731252618,-0.752632720582405,0.507116509507333,1.01448754905113,-0.633170690066098,-1.53466458868703,-1.39910538353609,-0.391348688885798,0.683079530760502,-0.504578098615964,-0.26287797133625,1.10783053316,-2.09902974087097,0.166211111412584,0.105406250597248,-1.01884144628399,0.221751815843521,-0.0212745163166381,0.229719548950016,0.102796409725239,-0.567472613338656,-0.864272121234376,0.445891340166776,0.763335172475784,0.281514065900134,0.682832724400303,0.682832724400303,-0.938525723657223,-0.602185097684464,0.288567385435518,-0.0641256158777693,0.24714434506481,0.0838245308487138,-1.63315359196784,-0.695793398648614,-1.13687082468084,-0.286904425214791,-0.635123716067385,-0.631940707748796,-0.626152826019497,-0.0531297159061927,-0.210617258288034,0.964824256168832,-0.685616345951833,1.57980111608575,1.56243469551758,-0.801071272009583,0.69535681818675,0.763944233026054,0.547039635036561,-1.3576732534092,-0.248412816512834,-0.925514645691636,-1.60062121906623,-0.35568405855027,-0.812376231415014,-0.35568405855027,-0.34476848053886,-0.739281849167541,-0.576459764357761,1.56977547151032,0.0427225572111723,0.281459459960805,1.50082079268855,0.174528272850755,-0.127296228476849,-0.282217262099776,0.0189685659473083,0.678929691805134,1.29082593301289,0.0814626478570313,0.494208322757484,-0.649707912297875,-0.553751890761977,-0.569295082344151,-0.984372399164023,-0.527054463374357,0.886358450346385,0.589231434646941,-1.56531543697313,-0.817460640601083,-0.778386370841756,-0.202586991059232,-1.56531543697313,0.12612488057673,-0.0387034149277808,-0.738257558223326,0.0507121317750543,-0.373547480628615,-0.0319371158674677,-0.499564470154296,0.188284489002777,0.1226841919104,-0.0350159755825995,-0.342818397021626,0.112378141086133,1.09764275168726,0.726172755495118,-0.796454122761974,-0.18508469810596,-0.041686138071928,-0.708757207400764,-1.56455049483681,-1.00117832437123,0.565976421003951,-0.165584803405107,0.155666779985624,-0.467308204356106,-0.278597159647621,1.94908654179843,-0.45072955583245,-0.173931992421487,-0.734789774559444
comm.and.crime_point_1856,comm.and.crime,regression,0.09,0.522391198615822,nominal,1.5439163140198,1.56802290981872,-0.138628602798245,-1.12019818101049,-0.590386957395979,0.886266145735984,-0.639997445119629,-0.619472066787389,-0.478219682404748,-0.723488865413399,-0.458028267120621,1.26592559806906,-0.109719622984733,0.682832724400303,-1.00841063129797,-1.79404834513599,-0.742597169663439,-0.593512151491192,1.49100722539581,0.595226432131034,1.13838623542042,-0.93654835490529,-0.733880170107544,-0.899600712687643,-0.356064318913911,-0.688849968232438,0.141460545004487,1.27660250425276,0.0351215468879261,0.862136631065088,0.722688852699825,0.773648615506715,-0.82065323407455,0.773944766485803,-1.38518864868289,0.215508271587242,-0.0603953852759968,0.647370646917718,-0.597659300581394,0.760473546598372,-0.709389340354984,0.698935090445236,0.793692452841512,-1.020402605573,-0.648184017845477,-0.536249617176849,-0.749863300150816,0.0371597380320633,-1.01683029266498,-0.894138248865786,-0.149937701058835,-0.173931992421487,-0.34476848053886,-0.137892390091274,-0.524462606894016,-0.888729441037333,-1.2200796109,-0.684350728885536,-0.728321444677741,-0.738257558223326,-0.736210329354915,0.855547772725906,-0.548829847861638,-0.700054714702294,-0.691582097088426,-1.01503934364349,-1.16782938256753,-0.602729759433253,-0.0131809409898764,-0.696638653067897,0.201813374029904,0.726172755495118,0.154086496264857,-1.02847344562641,0.00709456412135369,0.254724468422232,1.41103323720088,-1.05037612774876,1.21690432837365,-0.305674795128326,-0.956619933665339,-0.922036947615181,-0.888160673235742,-1.03217440729726,-1.06297556872134,-1.13966992969373,-1.00327058516075,0.23524876409128,-1.65401899910702,0.18787525574614,-0.286904425214791,-0.226875569169311,-0.846052573874427,1.18000319046612,0.46842532549381,0.915491930277863,0.547219064064617,-0.321861540250354,0.084427024235416,-0.487590987704104,-0.391348688885798,-1.46155861675429,1.18650283739765,-0.375024355916575,-0.165852394510387,0.821714993870633,-1.79205099507064,0.190080215368281,0.458080777279193,-1.45075712734971,-0.323496951900488,1.51894076268393,0.934806534272571,1.24040486303943,1.51925794771669,-0.752632720582405,0.507116509507333,-0.245486398509103,1.15986915838501,0.825219881684049,-0.411489929425723,-0.391348688885798,-0.321861540250354,-0.230503261067549,1.41095174850089,0.244057137085456,-2.14797053089092,-0.465840642700386,0.00232627821327909,2.32407992805221,1.17925099469147,0.282168870917816,-1.01884144628399,-1.48659000438483,-0.324717903551093,-0.388045418306067,-1.12021394047183,-0.0971816403456179,-1.28302888717086,0.682832724400303,-1.56531543697313,-0.280848586784089,-0.0713724957371486,-0.281327002043937,-1.50406343187183,1.33136280929888,-0.441792181454227,0.600118860823686,-0.91323565124325,-0.938357717766034,-0.286904425214791,1.33122325340476,0.278103309043281,0.141460545004487,1.14097142833352,-0.315269840651936,-0.909551783192675,-0.959478323882113,0.63909628175923,-0.450922239783337,-0.407153610755056,0.990252708157481,-0.883183386419734,-2.90860881882077,0.353242987609834,-1.29609933175331,1.08555911739508,-0.319074498087268,-0.199361816374992,0.475925353586706,-0.277522937462631,-0.34476848053886,-0.43486269553505,-0.18934904249111,0.881892456169426,-0.235899778288672,-0.294515666436819,1.54027754269014,-0.718130441861903,1.24617841650832,-0.22930318399663,-0.217427187171022,0.207993071167575,0.311566195365187,1.26857485122064,0.218145741121919,-0.708705024057152,3.87573774072154,-0.231370130585801,-0.67732705075443,2.38754824554141,0.739536080286516,0.766222769924772,0.188240128898148,-1.01884144628399,-0.867503152253548,0.540074720251176,-1.56531543697313,0.218145741121919,-0.445688830173635,-0.738257558223326,-0.601674905382743,0.6614207192824,-0.144252122992213,0.280125224184829,1.56011009124773,-0.684350129472983,-0.350137179439416,0.699375414281087,-0.0269330266637888,1.09764275168726,-1.23321624918318,-0.429402032904556,-0.519933227992503,-1.38334975138032,-0.708757207400764,0.747912516997469,1.89511707151198,0.37633485093474,-0.01206212920031,0.521950818259281,0.16626443468128,0.759024245945591,-0.115382978305131,1.34442057265849,0.521883215881349,-1.49138445085637
comm.and.crime_point_1395,comm.and.crime,regression,0.07,0.189041062585841,nominal,0.629145668582266,0.524070428289996,-0.375024355916575,-0.99803595765547,-0.669300457399169,0.927243136822718,-0.639997445119629,-0.619472066787389,-0.349350157880785,-0.514522113788516,-0.458028267120621,0.652036626610397,-0.499564470154296,-1.56531543697313,-0.8651184939892,-1.08332729487748,-1.08555357022468,-0.368882137241703,0.627044535799378,0.325122543110906,0.959349889319753,-0.785229419645906,-0.681553878925593,-0.846068711699873,-0.647450780341448,-0.628161290785547,3.46778515277508,1.11274025679674,-0.277522937462631,0.0743013085560334,-0.120957420021899,0.0329370249239415,-1.05966681036934,0.922333791906255,-0.695677644196011,1.15430859093348,-0.915305926499407,1.60251841267536,-0.973413929540229,0.431634978161806,-0.937391007774043,0.356410229834627,0.412442564454086,-0.761660555595246,0.0944776934649314,0.190658429492517,0.118710779264428,0.0371597380320633,0.0507121317750543,-0.266432822203958,-0.333979422149212,-0.695793398648614,-0.34476848053886,-1.46155861675429,-1.70972241982659,-1.58352531523914,-1.2200796109,-0.769171424646212,-0.770634624582392,-0.78049817719312,-0.736210329354915,0.855547772725906,-0.639856399463727,-0.801801068513758,-0.796454122761974,-0.838101809661048,-0.851221389523392,-0.602729759433253,0.240514004317214,-0.696638653067897,0.259781663833366,0.726172755495118,-0.37760024144161,0.414646167749156,0.223072592487436,-0.0667151961865298,-0.22930318399663,-1.05037612774876,0.228627756706173,0.27601651215898,-0.822944761547652,-0.835659608007726,-0.803145557548822,-0.940984519474898,-1.06297556872134,-1.13966992969373,-1.14384878811286,-0.531713688779321,-0.586063398291218,-0.435198773289707,-0.286904425214791,-0.226875569169311,-0.846052573874427,1.52258872060582,0.633849512110727,1.06510189413313,1.15260339828895,-0.413219819433159,-0.211005826876756,-0.618564013678328,-0.391348688885798,0.501118891746045,-0.792274708693406,0.0189685659473083,-1.20457557245354,0.643791256463961,0.627044535799378,-0.0381763034178386,1.26093003509725,-0.26287797133625,0.646593252940519,1.84290780523306,0.564407987550553,0.6889909076497,0.230562702477051,0.921486769053237,-0.276144776284783,0.481421648160263,-0.197025862064479,-0.767702135816429,-1.49786692894712,-0.391348688885798,-0.504578098615964,-0.321861540250354,1.57293526977546,-0.835659608007726,0.152246600047036,-0.121085140456948,0.414646167749156,-0.616079834918179,4.0517485312353,-0.567472613338656,1.5185567053206,0.376828550089045,4.83381967943463,0.0352672065190975,0.0543650200071232,-1.20356039968742,0.897849168625072,-1.56531543697313,0.682832724400303,0.322022122016284,0.636377640192604,-0.471291797870422,-0.697698254915155,0.703657382637049,-0.155092156561714,0.897888521195889,-0.173931992421487,-0.938357717766034,-0.286904425214791,-1.01746896013141,1.61640333373751,-0.01206212920031,-0.578534219371668,-0.315269840651936,-0.440957773352299,-1.46155861675429,1.03518252779145,-1.19498893326411,0.599524856895403,1.81596120007553,0.887478804484488,-0.694834028068417,-2.8915981591504,1.40582904965634,-0.00616663970913513,-1.60062121906623,-0.121200695287352,-1.18813086037385,0.191443789063205,-0.34476848053886,-0.565328047091832,1.27306924011624,1.88725994012919,-0.723488865413399,-0.294515666436819,1.066796542671,-0.845653115392282,2.19704547842113,-1.1288425117501,-0.453822940289352,2.03941326253586,0.878506043477017,-0.264778411457355,-0.333979422149212,-0.826699247575706,-0.267978366150136,-0.653776320283739,1.267293489173,-0.231370130585801,-0.19033893009266,-0.118733906464382,0.6153882795591,0.753309643725566,3.27642718339475,-2.13350744046629,0.682832724400303,-0.241958561604024,1.74185777677283,-0.400332606464976,-0.423751167976071,0.208622131821331,-0.481197144366448,-0.499564470154296,0.874197290125252,0.7783995780344,-0.800310327806298,0.00457954007927846,-0.862800033163321,1.09764275168726,-1.23321624918318,-0.0623499430471371,-1.74771117090983,1.5439163140198,-0.590386957395979,-0.20723524876017,-0.689269589429965,1.04008034617698,0.602028567618877,-1.15249049956315,-0.294515666436819,-0.130365530277162,0.802159030629787,1.95990061671252,-0.478351146053977,0.1226841919104
comm.and.crime_point_0088,comm.and.crime,regression,0.1,0.141635796041711,nominal,-1.38334975138032,-1.56383453476745,-0.296225771543798,-2.58614486127077,-0.629843707397574,0.640404199215584,0.509001569497905,-0.232361344920738,-1.89578445216835,-1.83797820741278,-1.23878770292655,3.21920868907389,-0.187688592418646,0.682832724400303,-0.0531297159061927,-3.05147789559335,-0.105678140049712,1.59663048744133,3.0461400666694,-0.710275698132921,3.10778604252775,0.879278868207322,1.88243438899001,1.66993533472528,1.45053174193682,0.342857548364707,1.83020996125725,1.44046475170877,-0.35568405855027,-0.844839901037864,-0.823995980623335,-0.806536111069869,0.709033654212108,-1.20457557245354,-1.67248490055242,-0.130365530277162,0.680527083784293,-1.36346675467731,1.81790617129683,0.431634978161806,-0.481387672935926,-0.271552014618157,0.0311926760666601,-2.24942734296733,0.738117843267285,0.820645403272635,0.438711755891097,0.454899090454526,-1.07613820513387,-0.0952404331143684,-0.333979422149212,-0.91323565124325,-0.115382978305131,-0.229179716068034,-0.42964182185941,-0.541331503936429,-0.809759581530638,-0.00578516280012634,-0.093623746107983,-0.10464827367642,-0.18260032246416,0.238451640038094,-0.366776744657462,-1.15791330685388,-1.21594222545617,-2.48951879349714,-3.13079893944121,-1.1309892382737,0.64642591680856,-0.601380811530617,1.94086206813374,-1.23321624918318,-0.178217714801685,0.00232627821327909,0.978995691768727,-0.893274333751918,-0.017646871584048,0.197114064352121,-0.965539767392024,-1.17821175605928,2.83084327633579,3.09450934413146,2.98002709051911,1.88590200301836,2.09072470509631,2.32407992805221,1.85515287486555,-0.649707912297875,0.481892202524582,-0.798658623560617,-0.286904425214791,-0.226875569169311,0.322100132310052,-1.36491789057162,0.46842532549381,-0.680347684178355,0.244526896952449,-0.321861540250354,-0.260244635395451,-0.443933312379363,-0.391348688885798,-0.0466050641145143,-0.319088773758589,-0.453822940289352,-0.215315402983871,-0.0679036931627271,1.31821468747653,-1.63597193492067,0.114002523928599,1.6809242839585,0.24714434506481,0.385056113761999,-1.02301435554381,1.07498067642251,-0.54265444466673,-0.407961060951538,-0.432797033443206,0.481421648160263,0.820645403272635,1.35619388751754,-0.905297656480906,-0.391348688885798,-0.504578098615964,0.317646414029282,1.89690231232458,-0.662904928792817,0.935299240366342,0.625885114403834,-0.0492137079787055,0.189443387813436,2.13675017353941,-0.0819631937635291,-0.374422868098694,0.541247834307328,1.55663109730253,0.0352672065190975,0.396950550146819,0.927243136822718,2.46239212169607,0.592906797945366,0.682832724400303,2.78831138529053,0.164544216239436,0.0986025896090331,0.742239561078903,-0.437625211293547,-0.871842218792997,-0.0450487366494222,-0.826258750205395,0.302349200451482,-0.189444898148642,0.78501576188472,0.171039307067742,0.0902863202695546,-0.435242082062902,-0.158290967106083,0.121355038456154,-0.229179716068034,-0.40063011407534,0.380681711753999,-1.10745167520755,-0.838101809661048,-0.430223291072143,-0.20888346424473,-0.767702135816429,0.0824355567210018,1.31539611889071,-0.425870058168848,-0.277522937462631,1.60318924046321,-0.35568405855027,-0.230075729421995,0.260952512767785,-0.361398252209622,-0.017646871584048,-1.0717667847882,-0.755295767554917,-0.51147345739279,-0.590607768331523,-1.23664113404179,-0.388045418306067,0.255364319065638,0.364971944713428,0.311566195365187,0.130925656330515,-0.241958561604024,0.353242987609834,-0.696638653067897,-0.484813844404564,-1.24024352283868,-0.738257558223326,0.984240030386299,2.77212456974019,0.682832724400303,0.713033482588985,-0.778386370841756,0.738117843267285,0.682832724400303,-0.333979422149212,-0.954420599230953,0.0220735832329614,-0.127211605631618,0.337993156810208,0.192692898382022,2.22934946003264,-0.056684368540964,-0.432151904040676,-1.02539690198974,-1.58352531523914,-0.235899778288672,-0.917734455370194,-1.23321624918318,-0.534274058578104,-0.519933227992503,0.751115087973938,1.73756129269811,-1.06184114443806,0.246456615393843,0.281514065900134,-1.29141774757362,0.260319362349526,-0.121723128517532,-0.130365530277162,-0.230075729421995,-0.45072955583245,-0.91323565124325,-0.684350129472983
comm.and.crime_point_0342,comm.and.crime,regression,0.1,0.12205073429638,nominal,0.629145668582266,-1.21585037425788,-0.453822940289352,0.651154057637344,-0.274732957383221,0.558450217042117,-0.44849760935004,-0.533447461928133,-0.478219682404748,-1.42004470416301,-0.938495612231962,0.707844714924821,-0.499564470154296,-1.56531543697313,0.424510741789694,0.283443955619646,1.41312877672148,0.978897948255237,0.569447023159616,-0.395154494276104,0.899671107286197,0.324442772256246,0.103340488803673,0.0104433041044344,-0.0646778574863729,1.13181035517429,1.57433883758259,-0.198157722851353,-0.433845179637909,-0.801071272009583,-0.0272189452750407,0.0329370249239415,-0.533836942520802,-0.808871504665675,-0.638218393822105,1.15430859093348,-0.0603953852759968,0.396015971718339,-0.060866973497344,0.267215693943522,-1.1653926751931,-1.35621407321842,-0.622378561168927,-0.114805430650861,1.03518252779145,0.820645403272635,0.758712732517766,1.29037779529945,1.11825455621509,0.133016085671751,-0.333979422149212,-0.43486269553505,-0.34476848053886,-1.18769663882401,-0.477052214376713,-0.938357717766034,-0.758469577859468,-0.726761076765874,-0.64369508486844,-0.696016939253532,-0.65103955906403,0.679234591957959,-0.548829847861638,-0.496562007079367,-0.324530007231007,0.40046092821602,0.161924188217862,0.136833510943376,1.66120569803692,-0.696638653067897,-1.71114018948432,0.726172755495118,-0.444061083654919,0.620806112517094,1.78891329814154,-0.342234908708326,-0.0705609496871936,0.111080258000336,-0.883183386419734,0.179067960944429,-0.466477635900487,-0.490150249577908,-0.505592652644603,-0.667414856007808,-0.72849220634674,-0.736908318327921,-0.722114179256525,0.176251652332003,-1.54722343902544,-0.798658623560617,-0.286904425214791,-0.226875569169311,-0.672992913698949,0.837417660326429,0.964697885344563,1.01523190618138,0.950808620214174,0.0435715764808665,-0.998826763175882,-0.662221689003069,-0.391348688885798,-1.09640931284725,0.283147870703906,2.0677317596395,-0.165852394510387,0.465867519057289,0.223861947321042,-0.380561081597017,-0.000690227188266011,-0.910812056434499,0.475400863850929,-1.72072966280731,-1.7108973708847,0.247859743337919,0.423866989262996,-0.457199869470233,0.454899090454526,-0.0516442527306052,-0.10010478917523,-0.000739682945828393,-0.806536111069869,0.898553617544122,0.226288134846476,2.87567823114782,-0.26287797133625,3.18088668373891,-0.0435165600327901,0.0512926106647712,0.156946236789233,-0.454975190371856,-0.11337289675326,-1.23504806525446,2.32407992805221,-0.280848586784089,-0.0212745163166381,0.617322065653698,1.13106240044617,0.845289154649251,-1.70972241982659,0.682832724400303,-1.56531543697313,-0.116429302565806,-0.366268385707879,1.17506976595912,0.281459459960805,-0.209368692507428,1.75624134272171,-0.0946770133781229,-0.956724101762177,-1.63315359196784,-0.286904425214791,0.402670517820692,0.33163531003105,0.960248140763403,-0.8651184939892,-0.733880170107544,0.730527251248644,1.00319918461822,-1.88595353669616,-0.932377159094426,-0.757302642981302,0.754335996180896,-0.224332338641419,1.84290780523306,-0.708705024057152,-0.138130025434889,-1.15535164718726,-1.2268367587807,-0.35568405855027,-0.973413929540229,0.0351215468879261,-0.34476848053886,-0.695793398648614,1.18704463525698,0.881892456169426,-0.305555362163633,-0.236918153797056,-0.037992457373652,-0.675622884018443,-0.338600020013028,-1.39341290226583,1.20094733153896,-0.0536383847421805,-1.69849326612221,-0.709945487718708,-0.241958561604024,0.23524876409128,-0.649009732299257,0.23327667808193,-0.523804376549633,0.402239153961105,0.641654500246602,0.530234322887664,0.682832724400303,2.04214680009615,-0.867503152253548,-0.94524870236964,0.682832724400303,-0.241958561604024,-0.343942476362171,-0.653776320283739,-0.30513534303829,-1.14977363056188,0.192692898382022,-0.109719622984733,-0.056684368540964,-0.835669064732367,-1.11543153166311,-0.938357717766034,0.59996722821086,-0.214695894768757,0.726172755495118,-0.272093994394233,0.149763831780583,-0.224640267159436,-0.708757207400764,1.20035093235635,-0.912061542959443,0.139282888348225,-0.319107477609904,0.46962452707733,-0.812893280194679,1.94487728090926,0.343388026162328,-0.655889570517129,-0.695793398648614,-0.482591549127137
comm.and.crime_point_1262,comm.and.crime,regression,0.41,0.0215451927034853,anomaly,-0.956456783509466,0.524070428289996,-0.453822940289352,-0.0818192824927953,2.92126379274596,-1.98212323033536,-0.687872404062027,-0.490435159498505,0.359432227001014,-0.0965886105387498,-0.157736176426034,0.540420449981549,-0.499564470154296,-1.56531543697313,-1.15170276860673,-1.4113523949968,-0.742597169663439,-1.54818971205152,1.26061717483676,2.30588439592518,-0.592298443552689,-1.1887465803376,-1.1001642083812,-0.631940707748796,-0.880559949483478,0.282168870917816,-1.64963732071814,0.0749460229086676,-0.199361816374992,2.04388961482867,1.42572741330126,1.61312175150053,-0.629442373038718,0.279314681750966,-1.27027014793507,0.90725587531605,0.50954497553961,1.25062186739623,-0.597659300581394,0.815279974671134,0.145616912466485,1.21272238136115,1.12047807145931,0.143936619326893,-1.93546431745018,-1.94160517407096,-1.84700950572797,-1.99931960502744,-0.245827430569399,-0.209368692507428,-0.149937701058835,1.5656060283356,-0.34476848053886,3.1028076820837,3.0313168319037,2.63487820670041,2.06248062405486,-0.0906058585608025,-0.178250105917284,-0.315851368525389,-0.395527248191373,0.811469477533919,-0.503316572060594,0.470028354129537,0.357138159647056,-0.0713724957371486,-0.407970199261594,0.400963250363601,-0.266875886296968,0.160681920767624,-0.319901234201248,0.726172755495118,-0.37760024144161,-0.770773514666489,-0.100894450061688,0.116964612161334,0.723150221859989,0.111080258000336,2.24635909052726,1.8271933315918,-1.00117832437123,-0.922036947615181,-0.845653115392282,-1.53371879032026,-1.49302560606011,-1.38132689651321,-1.47186459500113,0.23524876409128,0.321698862402212,1.22633197080588,-0.286904425214791,-0.226875569169311,-0.672992913698949,0.788476870306472,0.247859743337919,0.416792050760294,0.14362950791506,-0.230503261067549,-0.851110337619796,-0.70587936432781,-0.391348688885798,0.364187902780905,1.10046903104586,-0.217427187171022,0.477166715644901,-2.32160436698057,-0.179320641157294,0.0759519559752211,5.84864007977183,2.16687484778218,0.475400863850929,-0.424861492610813,-0.176389105893484,-0.0278472343569434,-0.478219682404748,1.85702413090845,0.0371597380320633,-1.79622356473708,-2.32928946562795,0.23524876409128,-0.609013020247796,-0.391348688885798,-0.230503261067549,-0.230503261067549,1.84290780523306,-0.403772909970454,-0.483983670212399,-0.350922141952573,-0.358453625130612,0.108891065540274,-0.352747691465246,0.889055645386725,-0.0924897401426294,-0.226042158711328,0.646300935599162,-0.652615808821794,0.152246600047036,0.886266145735984,-1.33043927968817,0.30064753696682,-1.56531543697313,-0.280848586784089,0.69535681818675,0.541853779870831,-0.409710691716343,1.16017042020929,-0.394008843972142,0.401605753908883,-0.521839596572905,0.94751679792459,0.00547415598365529,-0.689744465219389,-0.846068711699873,2.5466491075463,-0.196421853214959,-0.472248714197789,-0.956411184176713,-1.23334030181239,-0.153076210305205,1.12474840523477,-0.888608530066145,0.813315174175043,-0.14197595766913,0.115083578304395,0.471237211128387,-1.35124072729229,0.108751861038678,-1.28023453882149,-0.277522937462631,0.959038447962351,-0.35568405855027,-0.230075729421995,0.304440963286713,0.0257124696570293,-1.28758474605954,1.01790073146063,-0.294515666436819,0.0409210426295376,-0.845653115392282,0.136833510943376,-0.652615808821794,-0.0598300184254683,-1.1001642083812,0.930046029669001,0.180388664803999,-0.241958561604024,-0.295725241742213,-0.649009732299257,-0.569295082344151,0.704377017088742,-0.569295082344151,-0.630806040272269,0.117254540572726,-1.56531543697313,1.07551893281821,-0.154568900959218,-0.00454386804312309,0.682832724400303,-0.241958561604024,-0.394815653267903,-0.484813844404564,-0.186519518100509,-0.891031580584123,-0.53735464792882,-0.265657561852559,0.0413031744765323,-1.13830693525114,-0.800310327806298,-0.442074950479027,-0.653833281538438,0.722688852699825,-1.23321624918318,0.0949580954631852,-0.687357492935775,0.56816095888643,0.238204792637512,-1.56455049483681,-0.733827980135861,1.22972191624619,2.90486868069083,-0.105964675924132,0.223861947321042,-1.16798693587037,0.114002523928599,0.369910502906264,-0.652304948129686,-0.129514033521907
comm.and.crime_point_1846,comm.and.crime,regression,0.16,0.250355871656091,anomaly,0.324222120103087,1.56802290981872,-0.296225771543798,0.406829610927298,0.0803777926311325,0.271611279434983,-0.400622650407643,-0.490435159498505,-0.349350157880785,-0.0269330266637888,-0.217794594564951,-0.129276609791536,-0.187688592418646,0.592906797945366,0.376746696020106,0.611469055738957,-0.791590941172187,-0.368882137241703,-0.00652810323800724,-0.530206438786169,0.780313543219086,0.274003127169785,-0.105964675924132,-0.257216700834412,0.343263188512179,-0.264029226104202,0.0391120955346223,0.730395012732716,-0.35568405855027,-0.801071272009583,-0.214695894768757,0.378602433862569,-0.82065323407455,-0.363704428404322,0.338588862534303,-0.0315444440301896,-0.858311890417847,0.446286906758215,-0.919734696831824,-0.0616228744930443,0.0316160787569558,-0.614076875228766,-0.404521482090398,0.532049694293523,0.391542377989094,0.239118965937142,0.804427157750147,0.454899090454526,-1.07613820513387,-0.951202378562316,-0.241958561604024,-0.347885794497196,-0.34476848053886,-0.776903671928593,-0.666693784445925,-0.987985994494734,-1.11749960355766,-0.684350728885536,-0.64369508486844,-0.653776320283739,-0.65103955906403,0.635156296765973,-0.548829847861638,0.215662469600878,0.304702146810281,0.518419284204312,0.668496977088488,-0.391425967897073,1.20455479648416,-0.506122969993337,-0.783647552628939,0.726172755495118,-0.37760024144161,0.826966057285032,1.08698470595177,0.484324228857062,-1.02301435554381,0.197114064352121,-0.84200519593359,-0.548046173164703,-0.243685682371009,-0.317395570362999,-0.420577536957683,0.335673910038188,0.0360411933666282,0.0283387432671127,0.215073840424229,-0.295725241742213,0.0547099621982618,0.707103613276012,-0.286904425214791,-0.226875569169311,-0.629727998655079,-0.581865250252313,1.24040486303943,0.317052074856781,0.496770369545922,-0.139144981884744,-0.604916295026319,0.0799587915175297,-0.391348688885798,-0.548685356986693,-1.78166348173893,-0.453822940289352,-0.116389386036903,-0.838906555258306,0.108666922041517,1.21723454990582,-0.115382978305131,-0.586845013885375,0.133016085671751,0.0610890712128745,-0.970100277440667,0.0824355567210018,2.22804033259849,-0.851110337619796,-0.746101547760053,1.06294808549576,0.287579502381766,2.12315634038814,0.526744751979124,-0.391348688885798,5.98185972336319,-0.230503261067549,0.49304512794504,-0.922036947615181,-0.0435165600327901,0.396048112908209,0.620806112517094,-1.01884144628399,2.71124968084818,4.04486687262505,0.833861965998727,-1.21255786402103,-0.264029226104202,-0.0705609496871936,-1.21809552051175,-0.629882524473152,-0.998566532067046,0.188240128898148,-1.56531543697313,1.47295711154427,0.459440106210166,-0.597934995088079,0.339056972600567,-0.894138248865786,-0.824058881310911,0.15346437026538,-1.0002125522811,0.351977477180183,-0.189444898148642,-0.0342954753953406,0.0104433041044344,-0.626152826019497,0.281218604480928,-0.733880170107544,0.543089647312493,1.55092314047878,1.38175799306964,-0.450922239783337,0.161838566612595,0.518419284204312,-0.883183386419734,-0.478855999702333,0.884216993443326,-0.744685376363587,-0.408381392326479,-0.105483377924108,3.47421087474405,-0.329263137039369,-0.199361816374992,-0.230075729421995,-0.782770299686468,-0.146336740061482,-1.18175658985325,-0.235899778288672,0.857434586358428,-0.669300457399169,1.23721721893725,-0.814033550969433,0.617322065653698,-0.296225771543798,-0.419922423015838,-0.409993611322597,0.0319996393835476,-0.241958561604024,-0.590710800538598,-0.553751890761977,-0.653776320283739,0.909073916028471,-0.358091987495182,-1.90326658079114,-0.295725241742213,0.682832724400303,-1.22022225196689,-0.377360854488696,-0.252097771813259,0.682832724400303,-0.0579168405136468,-0.394815653267903,-0.696016939253532,1.0589466437462,0.532049694293523,0.305007905506768,-0.265657561852559,-0.644609626645943,-0.684350129472983,-1.29550079100987,-0.144305290106824,0.530311644335899,-1.01147293011705,-1.23321624918318,0.93393430085157,0.596228538295973,1.17800805584479,2.72398004273798,-0.760215534198803,-0.600152808018174,1.4193634863154,0.192634769739419,0.155666779985624,0.108666922041517,1.30254022030394,-0.34476848053886,1.03668055063147,1.69607137989238,-0.482591549127137
comm.and.crime_point_0187,comm.and.crime,regression,0.12,0.16948691150113,nominal,-1.0174414932053,-1.56383453476745,0.412961487811192,0.773316280992368,-0.4325599573896,0.59942720812885,-0.11337289675326,-0.0603121352022264,0.681606038310923,-0.0269330266637888,-0.157736176426034,-1.24543837608001,0.514032132486567,0.682832724400303,0.758859062176815,1.21284840595769,-0.889578484189684,0.305007905506768,-1.21607586867302,-1.07041421682643,-1.60683773812313,0.7783995780344,0.521950818259281,0.438699312006588,0.110154019370149,1.55663109730253,0.294983219209284,0.457291266972696,-0.121200695287352,-0.801071272009583,-0.964603692743623,-1.10282074730298,0.709033654212108,-0.808871504665675,1.31539611889071,-0.970344763376429,-0.459353637846922,-1.21265394955768,0.529604586295112,-0.664493583293417,-0.424387256081161,-0.157377061081287,-0.404521482090398,0.984848281754593,0.787628624021312,0.917566476161884,0.804427157750147,0.82042102382418,-0.00859578069383644,0.190080215368281,-0.149937701058835,-0.521839596572905,0.343388026162328,0.0903259248506256,0.37633485093474,0.451234030637584,0.472490510248604,0.375907968122917,0.541073952461775,0.528961010870487,0.498765839862923,-0.0260181311138255,-0.139210365652241,-0.394815653267903,-0.272093994394233,1.10821106414577,1.49167775900326,0.559441094015736,0.0882970371329595,-0.0774626830755764,-0.261932944397787,0.726172755495118,0.486390707331399,-0.513073583706566,0.00709456412135369,-0.75551447749102,-0.811358043131231,1.74572257868425,-0.84200519593359,-0.548046173164703,0.602923741041008,0.589566495515274,0.599603851285354,1.15638290043946,0.848357930562082,0.753309643725566,0.917964855184794,0.530234322887664,1.65664336342196,0.55133510601705,-0.286904425214791,-0.226875569169311,0.538424707529401,-2.49055606103062,-1.68208910052612,-1.47826749140646,-2.83284346868792,0.0435715764808665,0.232143449791502,-0.531248663028845,2.39650468307564,2.32686541128124,-0.147021161055019,-0.375024355916575,-0.957260530086126,-0.36444325550718,-0.640100742275393,-0.209368692507428,-0.34476848053886,1.78891329814154,0.760721512333579,-1.01880107061754,0.617322065653698,-0.0278472343569434,0.101693177953087,0.773770343497151,-0.432797033443206,0.578342721049512,1.64447452283125,0.530234322887664,-0.905297656480906,-0.391348688885798,1.59666232258855,-0.139144981884744,1.24896822722633,-0.749282268400272,1.32682556052599,-0.23600364120476,0.878506043477017,0.95469044940847,-0.400622650407643,-0.688849968232438,-0.978565285147405,-0.116429302565806,0.342857548364707,1.30520508099459,-0.826569200352095,0.271611279434983,0.518566028486648,0.660351242786569,0.682832724400303,-1.21255786402103,0.872294352169189,0.0986025896090331,0.223861947321042,0.4183367341544,0.179391205812885,0.351977477180183,0.695837017957058,-1.28575565486694,-0.286904425214791,1.05811950764474,-0.0966206978711041,-0.728501275489362,0.0423983756329848,-0.943185334835349,1.99573107781766,0.592406217722805,-0.153076210305205,1.5186660664893,-0.888608530066145,0.754335996180896,-0.512579672044432,-1.1807845918921,-0.472716577020044,1.2955462585784,0.281129612160397,0.481892202524582,0.0351215468879261,-1.08077239495704,-0.433845179637909,-0.34476848053886,-0.391374245016123,-0.619472066787389,-0.493873574512357,-1.62901145578789,-0.121723128517532,-0.51147345739279,-0.803145557548822,-0.919685446737523,0.776064299963135,-0.296225771543798,-0.105964675924132,0.00232627821327909,0.576092732591868,-0.333979422149212,-0.531713688779321,-0.363236207687417,0.697923486749661,0.0391120955346223,-0.696016939253532,1.27788477050604,-0.000739682945828393,0.682832724400303,-0.253594384688952,-0.956619933665339,-0.351119333321313,0.682832724400303,-0.241958561604024,-0.547435183985099,0.106554821172549,0.228635869181726,-0.891031580584123,-0.818142165740683,0.592001101920479,-0.693603398154691,1.33323567398548,1.54059004370149,0.302349200451482,1.29652306696047,1.84755054966212,-1.23321624918318,-0.324530007231007,-0.854781757879046,1.17800805584479,-0.550930207394384,-1.26292488459756,-0.199127291665113,-0.00294828920368394,-0.01206212920031,0.155666779985624,-1.50406343187183,0.0672766422167828,-0.34476848053886,-1.11749960355766,-0.391374245016123,-0.633910484386522
comm.and.crime_point_0914,comm.and.crime,regression,0.16,0.145603324046056,anomaly,0.446191539494759,-0.171897892729153,-0.138628602798245,-0.753711510945423,-0.116905957376842,0.23063428834825,-0.256997773580451,0.240773981805169,-1.25143682954853,-0.514522113788516,-0.818378775954126,0.707844714924821,-0.109719622984733,0.682832724400303,0.615566924868049,-0.372606244618977,-0.840584712680936,0.36116540906914,0.396654485240329,-0.215085234929352,-0.7116560076198,0.879278868207322,0.992887438896841,1.08108332385982,-0.0646778574863729,-0.446095258444874,0.65320279235381,0.293429019516684,-0.277522937462631,-0.407153610755056,-0.449042081635903,-0.510251474836759,0.470020077917318,-0.165852394510387,-0.178544390830854,-0.970344763376429,0.224574795131807,-0.609402729079175,0.529604586295112,0.157602837798,0.772621497868896,-0.214464537849722,-0.0777358634726045,-0.308861968134177,0.0449669127109041,-0.148565325619854,0.850141582982528,-0.485014452496014,-1.78783315476056,-1.06533063795537,-0.149937701058835,-0.0434666408647052,-0.000690227188266011,-0.320467042044794,-0.287410644307502,-0.193933566835524,-0.0916995301342629,0.29108727236224,0.329508052938522,0.402239153961105,0.498765839862923,-0.466801083033691,0.179382564955068,0.317408823412342,-0.00991393021036301,-0.838101809661048,-0.597934995088079,-0.655555707317298,-0.723526787849732,0.494084366148104,1.18727430068875,-1.23321624918318,0.0876256540515485,-1.02847344562641,-0.856817549342979,0.39248432468313,1.7814317839229,-0.706240902341621,-0.677292433989011,-0.354149070735601,1.00394925739407,0.935075853945092,0.939664314033033,1.42995256390655,1.42175798034711,1.63938518873034,1.48027766699325,0.530234322887664,0.695483322687741,2.7840170433955,-0.286904425214791,-0.226875569169311,0.841279112836488,0.690595290266559,0.358142534415864,0.516532026663808,0.79946253665809,-0.595936377798769,3.77733766313757,3.6598881681463,-0.391348688885798,-0.366110705033174,0.455215483407476,0.412961487811192,3.14816917321302,-0.186519518100509,-0.00652810323800724,2.01613236565723,-0.000690227188266011,0.655028649219603,1.38842693899541,-0.316872478427771,1.09354876858201,0.303001138876892,-1.18700206728655,-0.457199869470233,0.246029414243294,0.33604003882639,1.45063237705275,0.707225658165495,1.21807556985638,-0.391348688885798,-0.230503261067549,0.134929855663671,0.601034142128082,1.32377388217864,-0.288220510132573,0.0512926106647712,-1.13155341801038,1.80048983327666,-0.592122486177232,-0.0819631937635291,-0.13276590127921,0.212409265870761,3.01315935602791,0.0881812846222431,-0.239279720112616,-0.916721462080286,0.660797206038557,0.682832724400303,0.682832724400303,-2.08946071318521,-1.25095605562007,-0.914542988132221,1.37581220011629,-1.29358715674149,1.46954131782919,2.68450648342911,-0.13044354190256,-0.0450487366494222,-0.286904425214791,-0.798985963523397,-1.00666471466318,-0.421455927079768,1.37979165718147,-0.472248714197789,0.964824256168832,-0.0466050641145143,-0.153076210305205,-0.844839901037864,-0.888608530066145,-0.602185097684464,1.46397347129051,-1.82871867699035,-0.590710800538598,0.192718347798946,-0.695677644196011,1.28285890313643,0.347766031238483,-0.812376231415014,0.0351215468879261,-0.34476848053886,0.260952512767785,0.885958518249587,-1.76381144898785,0.321344892711017,0.627044535799378,1.46136404268695,-0.760637999705362,1.82726384323282,0.82897837806628,-0.453822940289352,-0.629227587743642,-3.3993128104577,-0.0669263775634199,-0.241958561604024,-0.118733906464382,1.4466627815209,-0.738257558223326,0.141460545004487,-0.146888892646214,-0.386102090172486,0.648228546406218,-1.56531543697313,-0.414699029235275,-0.733827980135861,0.0944776934649314,0.682832724400303,-0.333979422149212,2.70844813798174,0.486720391900693,-0.36444325550718,-0.696975043100807,1.54047298387896,-0.265657561852559,-0.44863454061095,0.0722445468239389,0.0100013392540886,0.500862307366285,0.391000476585978,-0.495911319009332,0.726172755495118,3.92278703254769,2.15885501109984,-1.6882732998595,-0.708757207400764,1.40143467251585,2.07335063433556,0.281514065900134,-0.01206212920031,-1.2048167907451,-2.36802612146826,-0.673881504635512,-0.230075729421995,-0.399439552161281,-0.391374245016123,0.526201352602092
comm.and.crime_point_0816,comm.and.crime,regression,0.06,0.07130082943585,nominal,0.324222120103087,-0.171897892729153,0.570558656556745,0.284667387572275,-0.274732957383221,-0.261089604692552,3.28574918815695,-0.275373647350366,-0.800393493714657,-0.166244194413711,-0.397969848981704,-0.464125139678079,0.592001101920479,0.682832724400303,1.28426356564229,1.26751925597758,-0.693603398154691,1.09121295537998,-0.870490792834442,-0.890344957479674,-0.532619661519134,1.23235638381255,0.992887438896841,1.08108332385982,0.634649649939717,0.100102838577144,0.243808994474351,1.22198175510075,-0.199361816374992,-0.976145788122707,-0.636519031129619,-0.658393792953314,0.900244515247941,-0.611019470771741,0.913181366273366,0.0672766422167828,-0.231377493520679,-0.5591317940393,0.744321517128731,-1.04813857980274,-0.0253843380978089,-1.24203911968155,-1.22148552863488,0.208622131821331,1.18371487005353,1.06294808549576,1.12442813437682,0.977073280982603,-0.36444325550718,-0.323496951900488,-0.241958561604024,-0.826258750205395,0.916851781746651,0.227256913815765,0.660797206038557,0.848260244467189,0.780230532275621,1.18170457784934,1.51427709026874,1.58497648511533,1.47822969820811,-0.819427444569584,0.08835601335298,-0.29306929945644,-0.167221968720685,0.40046092821602,0.731818575697316,-0.180122176360894,0.494208949624305,-0.172720524612857,-0.0300597851839413,0.726172755495118,-0.178217714801685,0.930046029669001,0.331061606670478,-0.617754621230122,-0.493873574512357,0.369181677055691,-0.965539767392024,-0.596520448771979,1.00394925739407,0.935075853945092,0.939664314033033,1.56673739564009,1.23062463041877,1.03524277168163,1.15226186010498,-1.12168480637209,0.481892202524582,0.707103613276012,0.297852737182101,-0.226875569169311,1.36045809336292,-0.386102090172486,0.46842532549381,-0.281387780564301,-0.411306131790581,0.226288134846476,0.084427024235416,1.73895045385769,1.31465113574732,0.683693543699564,-0.405122580110374,-0.453822940289352,-0.215315402983871,0.228635869181726,1.95178732651391,-0.551753470686607,-0.34476848053886,-0.100894450061688,-0.380561081597017,1.89690231232458,0.881892456169426,0.854415094266617,2.80795319295632,0.084427024235416,0.0371597380320633,-1.21469712740159,0.578342721049512,0.412240099369111,-0.609013020247796,-0.391348688885798,-0.321861540250354,-0.230503261067549,-0.96480656352602,-0.61971625898909,-0.924450780392009,-1.21281089756117,0.208486222981217,-1.13966992969373,-0.400622650407643,-1.23504806525446,-0.817460640601083,-0.554880727147895,-0.264029226104202,1.09354876858201,1.37576635054595,0.271611279434983,-0.90374574703244,0.682832724400303,-1.56531543697313,-1.70581571667588,-0.779122631666902,0.541853779870831,-1.15847835603325,1.10310629051276,-0.632925531382569,-0.64058805739383,-0.956724101762177,-0.193933566835524,-0.286904425214791,-0.635123716067385,-0.685472708736566,-0.574978601284565,-1.19946681437632,2.51034988317342,0.261933241408267,-0.548685356986693,0.441053158743122,0.511987598838842,-0.494690868811617,0.164544216239436,-0.924361576905879,-0.0468999429701671,-0.649707912297875,-0.193271420973861,0.510966613656022,-0.319074498087268,-0.433845179637909,1.01271768067076,-0.35568405855027,-0.230075729421995,-0.695793398648614,-0.361398252209622,-0.70552988692494,0.739278395960782,-1.50406343187183,-0.51147345739279,-0.590607768331523,1.4574822080445,-1.34049882416269,0.334162903438415,-1.25714308192706,0.569266126325109,-0.709945487718708,-0.241958561604024,-0.649707912297875,0.255939762304904,-0.738257558223326,-0.779675500224294,-0.527054463374357,0.25012818008695,1.59218233455465,-1.56531543697313,2.32407992805221,-0.3328024637828,0.391542377989094,0.682832724400303,0.0341040200315418,-0.445688830173635,-0.696016939253532,0.940330818808414,-0.308861968134177,0.0242203876949048,-0.187688592418646,-1.42850997078591,1.03059780346671,-0.215085234929352,0.302349200451482,1.7841121540852,-1.2458191169842,-1.23321624918318,1.24855037787221,0.317188096723854,0.629145668582266,1.1062532926726,-1.26292488459756,-0.3328024637828,-0.761514569480531,-0.0632363539352424,0.731255982987085,-1.79205099507064,-1.11857639274689,-0.34476848053886,0.472490510248604,-0.260908893459341,-0.129514033521907
comm.and.crime_point_1097,comm.and.crime,regression,0.44,0.266033244329467,anomaly,-0.224640267159436,0.176086267780421,-0.453822940289352,-0.26506261752533,-0.669300457399169,0.886266145735984,-0.592122486177232,-0.576459764357761,-0.413784920142767,-0.584177697663477,-0.638203521537374,0.596228538295973,-0.499564470154296,-1.56531543697313,-0.483006127832491,-0.755302194758174,0.433253346546518,-0.425039640804075,0.511849510519854,0.730278376641099,1.19806501745397,-0.432151904040676,-0.52457500537974,-0.685472708736566,-0.764005364912463,-0.81022732312622,2.8536944559559,-0.143536973699349,-0.35568405855027,-0.0132359495005283,-0.0740881826484698,0.230460115746014,-0.868455949333508,1.86213095290244,-0.695677644196011,1.94487728090926,-0.174383457439118,1.3008928024361,-1.08077239495704,0.157602837798,-0.424387256081161,0.0709728459924523,0.140121215605925,0.0145655943380156,0.0449669127109041,0.190658429492517,0.118710779264428,0.0893771570848711,-0.957522380196087,-0.894138248865786,-0.333979422149212,-0.347885794497196,-0.34476848053886,-0.959478323882113,-1.18820810213626,-1.28575565486694,-1.57910963659818,-0.641940381005198,-0.64369508486844,-0.653776320283739,-0.693624944209472,0.591078001573987,-0.45780329625955,-0.191322945644976,-0.219657981557459,-0.0713724957371486,-0.0280406076086237,-0.338600020013028,0.595686927747142,-0.506122969993337,-0.145996364790864,0.726172755495118,-0.37760024144161,-0.564613569898551,0.49304512794504,-0.342234908708326,1.7814317839229,-2.12579870714607,-0.14197595766913,0.954656370660837,-0.199127291665113,-0.231018230755544,-0.293054863427304,-0.667414856007808,-0.29844216900797,-0.374422868098694,-0.394098372368261,0.412240099369111,0.481892202524582,-0.227507430277758,-0.286904425214791,-0.226875569169311,-0.456668338479601,1.08212161042621,0.523566721032782,0.466662038712051,0.900359925695479,0.226288134846476,-0.998826763175882,-0.618564013678328,-0.391348688885798,0.0446822618622457,-0.405122580110374,-0.453822940289352,0.675018749538836,-0.36444325550718,-0.0641256158777693,1.67374758747806,0.343388026162328,-0.910812056434499,0.475400863850929,-0.748828535159937,-0.811358043131231,1.2955462585784,-1.05813254276258,-0.112528209839365,0.611551347612948,-0.681631226510723,-0.584710153621474,-0.94469347109426,-1.30034383812505,-0.391348688885798,-0.413219819433159,-0.321861540250354,-0.370866985519292,-0.576527589185363,0.984240030386299,0.625885114403834,0.775426071093047,2.32407992805221,-0.544247527234835,-0.567472613338656,0.229719548950016,-1.04813857980274,-0.688849968232438,0.458579831344262,-1.51174026063149,0.681381190302317,-0.334821036824805,-1.56531543697313,0.682832724400303,0.705667118525611,-1.78176865756739,-0.534613396479251,0.0510694094017551,-0.665881730079667,-0.250658831525885,-0.342818397021626,-0.13044354190256,1.19565818156809,-0.286904425214791,-0.307399221155361,0.117507306079973,-0.728501275489362,0.711095016407226,1.62080293308025,-1.00327058516075,0.135969587839005,-1.73742119443407,-0.538459497839898,-0.801071272009583,-0.897080987655194,-0.883183386419734,-0.478855999702333,0.23524876409128,0.413283929954837,-0.523299893074292,1.87023448358512,-0.35568405855027,-0.597659300581394,0.504088273413761,-0.230075729421995,-0.826258750205395,-0.576459764357761,0.881892456169426,-0.0965886105387498,1.03022712427771,-0.708757207400764,-0.675622884018443,-0.972511394621568,0.881892456169426,-0.138628602798245,-0.681553878925593,-0.10075369417069,-0.907797521612643,-0.333979422149212,-1.00369058285354,-0.506122969993337,-0.78049817719312,-0.728501275489362,-0.44257322543477,1.37576635054595,-0.649707912297875,0.682832724400303,0.0686149044036935,-0.421919245194591,0.29252081648104,-1.56531543697313,-0.333979422149212,-0.343942476362171,-0.273610749555595,-0.30513534303829,-1.020402605573,-0.53735464792882,-0.265657561852559,2.73596060745768,-0.835669064732367,0.100035968927465,0.798631967738489,0.530311644335899,-1.19894987961077,-1.23321624918318,-0.219657981557459,-2.02675161248195,0.812099797669774,-0.669300457399169,-0.458589923959548,1.44953316445302,0.660797206038557,2.03490686019698,-0.52457500537974,0.972629611637952,-0.377418245894594,1.37562278621411,0.677650524933283,-0.91323565124325,-0.23039332369483
comm.and.crime_point_0673,comm.and.crime,regression,0.04,0.063925390362302,nominal,1.23899276554062,-0.519882053238727,-0.0598300184254683,3.27764185977035,-0.669300457399169,0.640404199215584,-0.161247855695657,-0.103324437631854,1.32595366093074,0.59996722821086,-0.277853012703869,-2.13836778911079,0.0462183158830917,0.660351242786569,-0.00536567013660394,1.9235694562162,-0.203665683067209,-0.874299669303055,-2.13763607090921,-0.485189123949481,-2.14394677642513,-0.331272613867753,-1.04783791719925,-1.22079271861426,-0.00640056520086566,-0.506783935891765,-0.728501275489362,-0.580502966915381,-0.199361816374992,-0.582228126868179,-1.05834216749048,-0.806536111069869,-0.58163965777976,-0.907797521612643,1.66015162113415,0.0672766422167828,-0.915305926499407,0.49655784179809,-0.705017765998204,-0.883719295584461,-0.709389340354984,-0.556989398460331,-0.731307100708191,3.31352673155438,0.985671747037421,1.15986915838501,0.712998307285384,0.872638442876987,0.287943781650617,0.24714434506481,-0.241958561604024,-0.739281849167541,-0.230075729421995,-0.913834660893733,-1.04597692458435,-1.08724254795214,-0.296859544818942,-0.684350728885536,-0.686008264773091,-0.696016939253532,-0.608454173918587,0.546999706382,-0.45780329625955,3.72591167609637,3.92278703254769,3.17248229394089,3.20136092144162,1.51030815592855,1.306032774607,0.636971128454024,-1.24739387105663,0.726172755495118,-0.37760024144161,0.672346098709078,1.14097921304329,-0.52591471705619,0.141095362725389,1.444604256453,-0.718470624475156,-1.08126320484473,-0.555594417312278,-0.61971625898909,-0.675622884018443,-0.393845192540718,-0.585142193900484,-0.575803673781598,-0.581535976304412,-0.236728129982936,0.321698862402212,0.291720927252114,-0.286904425214791,-0.226875569169311,-0.672992913698949,0.788476870306472,0.303001138876892,1.06510189413313,0.698565147620701,0.134929855663671,-0.506438677988928,-0.181987260430917,-0.391348688885798,0.729337206687944,-0.0609873547032339,2.93451618774004,-0.808871504665675,0.0507121317750543,-0.00652810323800724,-1.17945889734843,-0.34476848053886,-0.424861492610813,-3.00551104763739,0.277067099578957,-1.28758474605954,-0.689543980824615,0.294997464739033,0.084427024235416,1.39481263340506,1.40217184060813,-0.148565325619854,-0.000739682945828393,0.526744751979124,-0.391348688885798,4.3374106980727,-0.321861540250354,0.169078085395916,-0.706093598596545,0.25012818008695,0.625885114403834,-0.306913638938628,-0.575803673781598,0.173876856901124,1.13181035517429,0.632481160315823,-1.15775143594827,0.403546225811598,-0.970100277440667,0.935299240366342,0.886266145735984,0.37633485093474,0.682832724400303,0.682832724400303,-1.70581571667588,1.81596120007553,1.30171296317677,0.16626443468128,-2.49193388036862,-0.680708868864655,0.550490584094985,2.18096542220705e-05,-1.43464048505304,-0.286904425214791,0.78501576188472,-0.0430886968833349,-1.39376619704348,1.52308379449023,-0.52457500537974,-1.14384878811286,-0.639972682963453,0.193499254972986,-0.275847723670213,0.468218969810561,-0.95606016564934,-0.430223291072143,0.925001184677206,1.00221121696188,-0.0278472343569434,0.510966613656022,0.748881102728531,-0.199361816374992,2.13998156754726,0.504088273413761,0.343388026162328,-0.695793398648614,0.842946215819959,0.246923518931679,0.391000476585978,0.339056972600567,-0.669300457399169,-0.463085094801143,1.03487462497214,-1.07592843364696,-0.375024355916575,-0.315269840651936,1.13620597443694,-1.352964597874,1.50643778875456,0.294245875850557,-0.839525415373817,0.444479772930899,-0.728501275489362,-0.696016939253532,0.984240030386299,0.23524876409128,-1.56531543697313,-0.857736801737663,-0.377360854488696,1.38175799306964,0.682832724400303,-0.333979422149212,-0.496562007079367,-0.146888892646214,-0.423751167976071,0.143936619326893,0.0242203876949048,-0.343626531286471,0.286272032020273,-0.835669064732367,-0.75529301296961,0.252720923722782,-0.0269330266637888,-0.730257505876477,0.726172755495118,-0.534274058578104,0.149763831780583,1.3609621849323,1.38245054268376,1.45170560755573,-0.466477635900487,-1.04597692458435,2.13725530966685,-0.105964675924132,0.627044535799378,1.30254022030394,-0.230075729421995,-0.399439552161281,-0.13044354190256,1.58543389941778
comm.and.crime_point_1224,comm.and.crime,regression,0.19,0.0165415716445149,anomaly,1.17800805584479,0.524070428289996,0.570558656556745,-0.0207381708152835,0.00146429262794278,-0.261089604692552,-0.44849760935004,1.0580077279681,-0.220480633356821,-0.375210946038594,-0.518086685259539,-0.798973669564622,0.592001101920479,0.682832724400303,-0.14865780744537,0.392785655659416,1.41312877672148,-0.0319371158674677,-0.640100742275393,-0.485189123949481,-1.2487650459218,-0.179953678608368,0.155666779985624,0.385167311018819,-0.705728072626956,0.160791516024035,0.806725466558606,-0.908227461827405,0.504088273413761,0.336913082725718,0.0196502920983885,-0.0658245204870952,0.470020077917318,0.0814626478570313,0.281129612160397,-1.56327128085826,-0.402359601765361,-0.860757404278554,0.475925353586706,0.212409265870761,-1.10839225833834,0.470585183371496,0.357978294684454,0.532049694293523,0.342031597235068,0.239118965937142,0.301568480193953,0.193811995190487,-0.542366992913852,-0.722945859776196,0.0341040200315418,-0.217420442940414,0.114002523928599,-0.0466050641145143,-0.145179466755593,0.00457954007927846,0.523780513919773,-0.175426554321479,-0.220563285821935,-0.189129511616007,-0.0548441670278318,-0.599035968609651,0.497975495562377,0.164789292695146,0.147394108299959,0.223523394233582,0.478532181262003,-0.0216443327087585,0.0882970371329595,0.446455445379464,-0.0880280749874027,0.726172755495118,1.35038165610441,-1.54387330754626,0.00709456412135369,0.530244180944028,0.0352672065190975,0.842367611990508,0.887478804484488,-0.0633034170919484,-0.822944761547652,-0.662904928792817,-0.590607768331523,-0.804199687741353,-0.824058881310911,-0.69663215719134,-0.768973580240562,-1.29867614164992,-0.372472278128058,-0.175584594524771,0.102933683049804,-0.127274097367549,-0.153813933172513,0.396950550146819,-0.634402585285642,-0.181647804660787,0.547219064064617,1.13987092667453,-0.604916295026319,-0.662221689003069,0.732114610262842,1.23141749956012,0.197114064352121,-0.296225771543798,-0.759408496192192,0.58448334399507,0.108666922041517,0.24714434506481,-0.34476848053886,1.73491879105002,-1.92129258340332,1.30296273431785,1.62268954961346,-1.84751328714304,-0.413784920142767,1.70930770535236,-0.954971223971284,0.723724330383386,0.869105939717259,-0.118733906464382,-0.115205293192613,-0.391348688885798,-0.321861540250354,-0.504578098615964,-0.424861492610813,-0.403772909970454,0.935299240366342,1.77507012188196,-1.90465321089015,0.0283387432671127,-0.592122486177232,-0.446095258444874,0.0686149044036935,-1.32217072016655,-0.506783935891765,-1.816725527091,-0.483983670212399,0.35356526160845,0.044462103313619,0.682832724400303,0.682832724400303,-0.445267871002372,-0.425247563702025,0.415210582653175,2.00938483915367,0.0759519559752211,2.4252080674709,-1.08724254795214,-0.608816497610759,-0.392446673750327,-0.286904425214791,-0.362019970307365,1.13461532484759,-0.523804376549633,-0.912882539758789,-0.629227587743642,-1.09698938712883,-0.0922487271028942,0.936160966283394,-0.932377159094426,-0.319616352698494,-0.543205919690318,-0.7596488149613,2.38285287614827,-0.649707912297875,-0.854968167441532,0.798262865525553,-0.158881157964898,0.0351215468879261,2.5157361965061,-0.277522937462631,-0.34476848053886,1.04374462210848,-0.533447461928133,-0.282217262099776,-0.0965886105387498,0.511849510519854,1.02733979266941,0.00449804147691576,-1.1309892382737,0.670236143756844,-0.217427187171022,-0.00131209356022966,0.517726140133124,1.66427891900851,-0.241958561604024,-1.23967902989064,-0.791896494605177,-0.696016939253532,-0.370281702344836,-0.696016939253532,-0.288220510132573,-1.12168480637209,-1.56531543697313,-1.22022225196689,-1.00117832437123,1.48077955457769,0.682832724400303,-0.333979422149212,-0.445688830173635,-0.527054463374357,-1.19475403007165,-1.08508811806744,0.866582941130492,0.0462183158830917,-0.791590941172187,-0.93654835490529,-0.485189123949481,-0.0946770133781229,-0.166244194413711,2.50371987289013,0.726172755495118,-0.848890135598748,0.372996185038278,-0.224640267159436,-0.550930207394384,0.295474101638588,-0.600152808018174,-0.0503586817209869,-0.319107477609904,-0.210617258288034,1.08782463691748,-1.41503965148781,-0.34476848053886,1.95990061671252,-0.652304948129686,-0.986987999991752
comm.and.crime_point_0318,comm.and.crime,regression,0.31,0.0203717578708322,anomaly,-1.38334975138032,-1.21585037425788,-0.375024355916575,2.48358740796269,-0.708757207400764,-2.26896216794249,-0.0176229788684652,3.6817581761754,0.810475562834887,0.59996722821086,0.322731168685307,-0.631549404621351,-0.499564470154296,-1.56531543697313,-0.721826356680434,-0.0992519945195506,1.51111631973898,-1.49203220848915,0.108666922041517,2.621005599782,-0.950371135754022,-0.986987999991752,-1.25714308192706,-1.00666471466318,-0.938837241768986,-0.264029226104202,0.0902863202695546,-0.853606712675401,-0.199361816374992,1.12474840523477,3.20675843349157,2.60073720561089,-1.29868038666413,3.14816917321302,-0.810596144943824,0.0672766422167828,-1.37125821515189,1.90414402291461,-1.45652702391587,-0.719300011366178,0.373618579885543,-0.0432021075444176,-0.350057212320766,2.86072814409331,-0.301608552567286,-0.584710153621474,-0.932721001080341,0.298246833296102,-0.127211605631618,-0.0952404331143684,-0.149937701058835,0.913279270551694,-0.000690227188266011,-0.00096140112613429,0.518566028486648,0.451234030637584,0.728940528604452,1.52098736089205,2.10666160893385,1.96514205584347,2.15959586053519,-3.46412515608878,3.86595790483965,3.36979943775625,3.76547899403737,2.81860722597601,1.99825054787388,3.14791254033394,-0.875743755033986,3.87573774072154,0.433686533243749,-1.23321624918318,-0.510521925868227,1.23928594682091,-0.478855999702333,0.897603797639757,0.246923518931679,0.369181677055691,0.55805328059533,1.68177050476997,-0.511036026606383,-0.576527589185363,-0.633115326174983,-0.576224968185445,-0.585142193900484,-0.69663215719134,-0.581535976304412,0.589231434646941,0.855676662810112,-0.590967280548668,-0.286904425214791,-0.226875569169311,2.09596164910871,-0.19033893009266,0.303001138876892,1.2147118579884,0.900359925695479,-0.504578098615964,0.379859875347588,-0.70587936432781,-0.391348688885798,1.0488428476066,0.0250464516485512,-0.217427187171022,-1.10564955550658,0.762407081401742,-0.294515666436819,1.16017042020929,-0.115382978305131,2.27486386196523,0.760721512333579,0.223072592487436,0.0352672065190975,2.06752579612401,0.101693177953087,-0.70339391206371,-0.0150576810207445,-0.584710153621474,1.20832969482963,-0.531713688779321,-0.411489929425723,-0.391348688885798,-0.595936377798769,0.0435715764808665,1.46494625559241,0.373623146496638,0.886358450346385,0.510966613656022,0.620806112517094,0.833861965998727,-0.256997773580451,-0.81022732312622,0.0686149044036935,1.30853782732598,1.49594241985563,0.352751675137971,-1.51174026063149,0.845289154649251,1.18231152372889,0.682832724400303,0.682832724400303,-1.10294500787551,-1.36891441160836,0.0986025896090331,-1.33127089395254,-1.86422845370679,1.56510799279336,0.600118860823686,1.91351363248702,-1.38501220832434,-0.286904425214791,-1.07208970928342,-1.00666471466318,2.34195220860657,1.52308379449023,0.207993071167575,-0.112941966464035,-0.0922487271028942,1.43126877382367,-0.450922239783337,-0.669765384924741,0.754335996180896,-0.924361576905879,0.169078085395916,-1.12168480637209,0.854415094266617,0.22367036178649,-1.70741677914781,-0.433845179637909,-0.490300835164584,-0.199361816374992,-0.115382978305131,0.478394765362422,3.6817581761754,-1.92255368329729,1.01790073146063,-0.179320641157294,-0.629843707397574,-0.505592652644603,-1.02533734250561,0.987720612375717,-0.453822940289352,-0.890859043653398,-1.18309340420237,-0.462630445351289,-0.333979422149212,-0.531713688779321,-0.744267573836537,-0.231370130585801,0.346157443944216,-0.611535701313945,-0.386102090172486,-0.472716577020044,0.682832724400303,-0.616079834918179,1.09306603880586,0.589585501005203,-1.56531543697313,-0.333979422149212,-0.29306929945644,-0.696016939253532,-1.01683029266498,-0.308861968134177,-0.593512151491192,-0.0317506535508209,-0.203665683067209,0.1226841919104,0.145053283764153,-1.08724254795214,-0.235899778288672,0.535211903206109,0.726172755495118,-0.848890135598748,0.819460891553668,-1.0174414932053,1.65864779269492,0.0943903614790845,-0.154568900959218,0.139282888348225,1.06259659023327,-1.36179566429096,0.627044535799378,0.90725587531605,-0.34476848053886,1.54958058734317,-0.260908893459341,-0.280832968781291
comm.and.crime_point_1059,comm.and.crime,regression,0.3,0.00433748635406975,anomaly,-1.38334975138032,0.176086267780421,1.12214874716618,0.406829610927298,-0.35364645738641,-0.998675444253753,1.89737537882743,2.34837680085693,-0.0271763465708762,0.321344892711017,0.142555914268554,-0.296700874734808,1.13778388795787,0.682832724400303,-0.100893761675781,0.0647605555401046,-0.938572255698432,-0.481197144366448,-0.294515666436819,0.775295691477787,1.19806501745397,-0.179953678608368,-0.210617258288034,-0.150152698858873,0.110154019370149,-0.0212745163166381,-0.0632363539352424,-0.198157722851353,0.504088273413761,-0.232079094641932,0.0665195294718176,0.131698570334978,-0.438231512002885,0.0319996393835476,-0.00616663970913513,-0.377418245894594,-0.516347673928482,-0.408318988919673,-0.114546206205749,0.431634978161806,-0.139385171807338,0.813110043982106,0.630299643532615,0.596735206787962,-0.0540546487971503,-0.245486398509103,0.027281928799666,-0.0150576810207445,-0.720290730320524,-0.894138248865786,0.12612488057673,-0.260908893459341,1.94908654179843,0.0903259248506256,0.044462103313619,0.10383609353668,0.0621704808792462,1.47857701301171,1.38733755055479,1.41601400923616,1.35047354277178,-2.05361970994521,1.31721445998117,0.877013769375391,0.829062275178022,0.577398462198459,0.668496977088488,0.717918937667871,-0.672787798788313,1.49429170228954,0.781496272064518,-1.23321624918318,0.220547338478165,0.723886084901063,-0.694834028068417,-0.571834669143156,-1.76381144898785,0.670299999286939,-0.594936053016721,-0.208726243913775,0.647482131746904,0.632755165319001,0.642111409128814,0.837218293061186,0.65722458063374,0.592204999179243,0.496230246328455,1.06120832872116,1.17606334305485,-1.21404130958451,-0.286904425214791,0.0719288462359772,1.92290198893323,-1.2670363105317,-0.799826771902559,0.117572123049754,-0.411306131790581,0.134929855663671,0.773770343497151,0.385562518790717,-0.391348688885798,-0.959478323882113,1.27253664374943,-0.138628602798245,-0.561556462298257,0.110020044243945,-0.640100742275393,1.04604216081623,-0.230075729421995,0.0610890712128745,-1.6930360646172,-1.61274064862427,-0.282217262099776,-0.248412816512834,-0.413784920142767,1.56159127979628,1.13372553814103,0.675263793938761,-0.10010478917523,2.06415922862887,1.86002561502812,-0.391348688885798,-0.0477867027019386,0.134929855663671,-0.532850506793854,-0.61971625898909,-0.826569200352095,-0.925514645691636,0.208486222981217,-0.173042062415791,-0.592122486177232,-0.688849968232438,1.27689973850112,0.157602837798,-0.14265187121042,-0.176389105893484,0.543772920206689,0.804312163562517,-0.00294828920368394,0.682832724400303,-1.56531543697313,-0.116429302565806,-0.425247563702025,0.415210582653175,-0.409710691716343,0.703657382637049,-1.30189225613177,-0.69021633412253,-0.565328047091832,1.543056118669,-0.286904425214791,-1.01746896013141,-0.471344704785489,0.550854342883945,3.05153325911707,-0.890859043653398,0.168214439440191,-0.183536053079654,-0.648184017845477,-0.0132359495005283,-0.757302642981302,-0.248310029719587,-0.84200519593359,1.08698470595177,1.23819966399899,-0.248412816512834,0.0512926106647712,-1.2268367587807,-0.433845179637909,2.5157361965061,-0.433845179637909,-0.34476848053886,0.521883215881349,-0.619472066787389,1.35811915909774,0.0427225572111723,0.454251997880092,0.830056042661434,-0.675622884018443,-0.180122176360894,1.25229100289144,-0.375024355916575,-0.210617258288034,-1.3892533489703,0.180388664803999,1.04633348602862,0.117254540572726,-0.553751890761977,0.824645343659043,-0.165584803405107,-0.0201670357368324,-0.924450780392009,1.12020544048043,0.682832724400303,2.32407992805221,-1.00117832437123,0.29252081648104,0.682832724400303,-0.333979422149212,-0.29306929945644,-0.44257322543477,0.940330818808414,3.31352673155438,0.978897948255237,-0.265657561852559,-0.644609626645943,1.93851141502301,0.370139857947594,-0.0946770133781229,-1.0717667847882,-1.10521140486391,0.726172755495118,-1.00619817410907,1.32173368638348,0.324222120103087,-0.629843707397574,-0.307777118839921,-0.0208937288415306,-0.477052214376713,0.346157443944216,2.92896021262903,0.742239561078903,2.24134053965018,-0.34476848053886,-0.45072955583245,-0.43486269553505,-0.734789774559444
comm.and.crime_point_0185,comm.and.crime,regression,0.19,0.488810321415118,anomaly,-1.20039562229281,-1.56383453476745,0.0977671503200851,-0.692630399267912,-0.393103207388005,0.640404199215584,-0.256997773580451,-0.447422857068877,-0.800393493714657,-0.235899778288672,-0.337911430842786,0.484612361667126,0.124187285317004,0.592906797945366,0.520038833328871,0.338114805639531,-0.693603398154691,0.698110430443375,0.223861947321042,-0.575223753622857,0.899671107286197,0.47576170751563,0.574277109441232,0.492231312994358,0.226708603941165,-0.0819631937635291,0.0902863202695546,0.566532765276704,-0.277522937462631,-0.932377159094426,-0.542780556382761,-0.559632247542278,0.18320378636357,-0.858334513139159,0.85572211589946,-0.0809549871536759,-0.231377493520679,-0.609402729079175,0.207529190044681,-0.171235730638567,0.0886164956117204,0.128060322760887,0.0311926760666601,-0.696975043100807,0.0449669127109041,0.239118965937142,0.301568480193953,-0.328362195337591,1.47410203102843,1.38842693899541,-0.149937701058835,-0.347885794497196,-0.115382978305131,-0.731260008940213,-0.761514569480531,-0.590959780665129,-0.55330956317479,-0.472298989483845,-0.432129185345187,-0.358091987495182,-0.352941863045931,0.326608230422067,-0.366776744657462,-0.750927891608026,-0.691582097088426,-0.543205919690318,-0.534613396479251,-0.338600020013028,-0.216136897235549,-0.649009732299257,0.201813374029904,0.726172755495118,-0.178217714801685,0.620806112517094,-0.20888346424473,-0.479994764969224,0.352751675137971,-0.706240902341621,-0.800827005447445,-0.111777692699224,0.647482131746904,0.460000486104092,0.387066062068055,0.837218293061186,0.896141268044168,0.793585804862147,0.917964855184794,-0.177731018223659,0.481892202524582,-0.435198773289707,-0.189444898148642,-0.226875569169311,-0.110549018128644,0.10330581002708,0.192718347798946,0.716011978470835,0.597667758583312,0.134929855663671,-0.358722252432842,-0.00735655913195239,-0.391348688885798,-0.822547334916973,0.197114064352121,-0.375024355916575,-0.759408496192192,0.643791256463961,0.0510694094017551,0.24714434506481,-0.34476848053886,-0.370866985519292,0.4183367341544,-0.748828535159937,1.14646284668515,0.46842532549381,0.423866989262996,-0.8018715291011,-0.0672751000735523,-3.0077369758527,0.481421648160263,-0.94469347109426,-0.0164437477815769,-0.391348688885798,-0.321861540250354,-0.413219819433159,-0.100894450061688,-0.533338919381635,1.22894398048608,-0.408381392326479,-1.80157323850618,-0.293870545825533,-0.0176229788684652,-0.203340548657311,-1.22022225196689,0.65086069045285,0.160791516024035,2.57514295547008,-2.24585211093084,0.968220127909451,0.518566028486648,0.682832724400303,0.255684573739351,2.24024710456292,1.34412777612236,0.541853779870831,0.569447023159616,0.817785642030109,0.0360411933666282,1.29491473502549,-0.739281849167541,0.401605753908883,0.102933683049804,-0.853606712675401,0.0104433041044344,0.141460545004487,0.711095016407226,0.155666779985624,1.2928400630571,-1.09640931284725,1.23322565080756,0.249375824669157,0.336913082725718,1.16719024213992,-0.924361576905879,0.978995691768727,1.88716789335104,-0.193271420973861,-0.753136894569917,0.748881102728531,0.191443789063205,-1.13445162766544,-0.043039574199713,-0.34476848053886,-0.608816497610759,0.111737074516285,-1.60506921467841,-0.653833281538438,-0.467308204356106,-0.195819457380031,0.514588735598435,0.982048677088096,0.352751675137971,-0.375024355916575,-0.629227587743642,0.672346098709078,1.16964883427367,0.218145741121919,1.06120832872116,-0.506122969993337,-0.231370130585801,-1.39376619704348,-0.653776320283739,-0.532924460232356,0.176251652332003,0.682832724400303,-0.0119374178694681,-0.822944761547652,0.837139404775339,0.682832724400303,-0.241958561604024,-0.903547422325221,-0.315851368525389,0.940330818808414,0.0145655943380156,0.0242203876949048,-0.499564470154296,-0.595615855137194,-1.13830693525114,-0.620241068459545,-0.69021633412253,-0.0965886105387498,-0.449042081635903,0.726172755495118,-0.796454122761974,0.98688515649694,0.629145668582266,-0.669300457399169,-0.408318988919673,0.647482131746904,1.3245427012808,0.44850589341408,-0.576901296561691,1.83659230123439,-0.0315444440301896,-0.34476848053886,1.95990061671252,-0.521839596572905,-1.1887465803376
comm.and.crime_point_1695,comm.and.crime,regression,0.02,0.021634505593352,nominal,0.629145668582266,1.22003874930914,-0.138628602798245,0.528991834282321,-0.629843707397574,0.804312163562517,-0.0654979378108623,-0.533447461928133,-0.0271763465708762,-0.653833281538438,-0.578145103398456,-1.02220602282232,-0.0317506535508209,0.682832724400303,1.37979165718147,1.37686095601735,-0.00769059703221596,1.37200047319184,-0.985685818113966,-1.1604488464998,-0.7116560076198,1.23235638381255,0.888234856532939,0.652827315957665,2.14985924936291,-0.506783935891765,1.16494503970313,0.730395012732716,-0.35568405855027,-1.10745167520755,-1.10521140486391,-1.10282074730298,0.613428223694192,-0.907797521612643,1.14301836776899,0.413150444081187,-0.231377493520679,-0.760215534198803,0.851679982545541,-1.10294500787551,-0.937391007774043,-1.52747650352372,-1.38487833794378,0.596735206787962,1.57980111608575,1.547553449942,1.1701425596092,1.70811714772191,-0.601674905382743,-0.437625211293547,-0.333979422149212,-0.826258750205395,-0.230075729421995,-0.639972682963453,-0.477052214376713,-0.69021633412253,-0.809759581530638,-0.472298989483845,-0.389816005440537,-0.44257322543477,-0.480698018482259,0.41476482080604,-0.412290020458506,-0.394815653267903,-0.219657981557459,0.872294352169189,1.17506976595912,-1.18381518615775,1.61046670897551,-0.744267573836537,-1.47926703027047,0.726172755495118,-0.244678557014993,0.208486222981217,1.41095174850089,-0.250395004534394,-1.55215513657527,1.10046903104586,-0.965539767392024,-0.644994724379254,0.0682230525702607,0.0281137880668194,-0.0380095163665442,0.244484022215825,-0.0595254815975429,-0.293870545825533,-0.253520169416148,-0.590710800538598,-0.319074498087268,-1.00634996657257,-0.286904425214791,-0.226875569169311,-0.240343763260253,0.739536080286516,0.413283929954837,0.566402014615565,0.395872980508533,0.0435715764808665,-0.555677486507623,-0.00735655913195239,-0.391348688885798,-0.731260008940213,-0.405122580110374,-0.217427187171022,0.427703707171417,-0.720290730320524,0.972629611637952,-1.80716432401026,-0.34476848053886,-2.80061980463773,0.4183367341544,-0.100894450061688,-1.39341290226583,-1.68208910052612,-0.349350157880785,-0.654155103545014,0.663768766665756,1.3537113041635,-1.11777605451234,1.06120832872116,-1.39910538353609,2.02201691669276,-0.504578098615964,-0.595936377798769,-0.0468999429701671,-0.835659608007726,0.396950550146819,-2.64929215690883,0.414646167749156,-0.777184479464502,-0.352747691465246,-1.23504806525446,-1.54243154105954,0.431634978161806,-0.203340548657311,0.458579831344262,0.396950550146819,0.640404199215584,-0.998566532067046,0.682832724400303,0.682832724400303,1.08931211503494,0.813315174175043,0.795140174306145,0.799837073718665,-0.152304562810898,-1.15854224368551,0.15346437026538,-0.173931992421487,0.94751679792459,-0.286904425214791,0.948878009340733,-0.578408706761027,-0.779675500224294,-0.769590402450023,-0.9955116260173,0.683667850264606,0.501118891746045,0.143988474218959,-0.888608530066145,-0.144541836585371,-0.602185097684464,0.599231471081475,0.871006677585685,-0.531713688779321,0.46842532549381,-0.178544390830854,-1.97440567935176,-0.121200695287352,0.100170724627871,-0.199361816374992,-0.230075729421995,2.69630574182771,1.01499542553847,0.617322065653698,-0.375210946038594,-1.67685596979111,-0.629843707397574,-0.760637999705362,0.665092989783826,0.246923518931679,-0.375024355916575,-0.419922423015838,-0.152293680362675,1.31803785969412,-0.241958561604024,-0.0597367947051054,0.160681920767624,-0.696016939253532,0.192634769739419,-0.231370130585801,1.03318082040625,-0.295725241742213,0.682832724400303,-0.414699029235275,-0.243685682371009,0.787628624021312,0.30064753696682,-0.333979422149212,-0.496562007079367,-0.484813844404564,-0.957522380196087,-0.438232993123054,-0.53735464792882,-0.499564470154296,-0.301653226084705,0.0218049017374774,-0.665258383296233,-0.491703227207728,2.20204565733496,-0.402172844262473,-1.23321624918318,-0.272093994394233,-0.0734685214771128,1.3609621849323,-0.669300457399169,-0.508860858999424,-0.377360854488696,-0.42964182185941,-0.779675500224294,-0.629227587743642,0.223861947321042,0.215508271587242,0.458080777279193,0.0621704808792462,-0.695793398648614,0.173123836996862
comm.and.crime_point_0392,comm.and.crime,regression,0.04,0.211650808780384,nominal,1.48293160432397,-1.21585037425788,-0.375024355916575,0.590072945959833,-0.35364645738641,0.0667263240013159,1.75375050200023,-0.18934904249111,-0.156045871094839,1.22686748308551,0.262672750546389,-1.24543837608001,-0.499564470154296,-1.56531543697313,-0.626298265141257,0.994165005878154,0.188284489002777,-0.425039640804075,-1.33127089395254,-0.530206438786169,0.362562068984198,-0.93654835490529,-0.733880170107544,-0.792536710712104,-0.530896195770433,-0.385406580997984,-0.933198174429091,-0.798985963523397,-0.35568405855027,-0.407153610755056,-0.823995980623335,-0.954678429186424,-0.438231512002885,-0.264778411457355,0.625885114403834,-1.0691658496234,-0.744323818254725,-0.508860858999424,-0.812376231415014,-0.993332151729983,-1.39339434261216,-0.556989398460331,-0.785771370477824,0.596735206787962,0.985671747037421,1.11140862194038,0.712998307285384,0.454899090454526,-0.660982817851633,-1.06533063795537,-0.333979422149212,-0.782770299686468,-0.230075729421995,0.957555521629844,0.70820759855586,0.699375414281087,0.472490510248604,0.418318316003255,0.244881693129221,0.191036059112137,0.0729119884084963,0.106216754462134,-0.366776744657462,-0.242196122550708,-0.114785955883911,0.813315174175043,0.0986025896090331,1.51030815592855,-1.94126252532377,0.398826524610824,-0.0300597851839413,0.726172755495118,-0.444061083654919,0.930046029669001,-1.66673515571579,-0.75551447749102,-0.388045418306067,0.928401418342293,-0.84200519593359,-0.596520448771979,-0.3328024637828,-0.360584240166726,-0.420577536957683,0.0165093026599163,-0.107308819079628,-0.213318223552372,-0.253520169416148,-0.000739682945828393,1.12266556301406,-2.0967295173853,-0.286904425214791,-0.226875569169311,0.0192457270029651,-2.19691132091088,-2.45406863807174,-3.12397709381444,-3.28688171935617,-0.413219819433159,-0.211005826876756,-0.662221689003069,-0.391348688885798,-1.05076564985887,-0.0609873547032339,0.412961487811192,0.823407774959287,-0.838906555258306,0.857434586358428,1.38842693899541,-0.34476848053886,-0.370866985519292,0.760721512333579,-0.802823042251458,0.670236143756844,0.358142534415864,-0.607089206928712,-0.0140505928019747,-0.0150576810207445,0.481421648160263,-0.0516442527306052,0.176251652332003,-0.806536111069869,-0.391348688885798,0.226288134846476,2.32752855605099,-0.424861492610813,1.19420787276746,-1.07127315045188,-0.00616663970913513,1.18774596062892,-0.13276590127921,1.84950041988503,-0.870916000573111,-1.42160305764979,0.596054262380089,-0.0212745163166381,1.51686139340717,0.690595290266559,-2.67873207880982,0.044462103313619,0.682832724400303,0.682832724400303,-0.609687155220656,3.17248229394089,-0.218005403435109,-1.15847835603325,0.24714434506481,-1.06297556872134,-0.342818397021626,-0.695793398648614,0.798631967738489,-0.189444898148642,-0.362019970307365,1.40227532978643,-0.216759028140039,-0.674062310910845,0.103340488803673,-0.581535976304412,0.501118891746045,1.48077955457769,-0.757302642981302,-0.494690868811617,-1.01503934364349,1.66986442372124,-0.694834028068417,-0.708705024057152,0.799273698727645,-1.21281089756117,1.06926778297327,1.05121612102724,1.71054770588002,-0.121200695287352,3.32539955520081,-0.13044354190256,-0.40441055463925,0.564407987550553,-1.28073353641309,-1.3888684065923,-0.669300457399169,-0.633115326174983,-1.50077087346202,-0.758443965028085,-0.296225771543798,1.62080293308025,-1.02847344562641,-0.314241419930838,8.86810663236964,-0.94469347109426,-0.363236207687417,-0.44257322543477,-0.882023949694159,0.951367200568424,1.08212161042621,0.412240099369111,-1.56531543697313,0.95469044940847,0.201898224687947,0.490563939497149,0.682832724400303,-0.333979422149212,-1.10704012994815,-0.696016939253532,0.287943781650617,0.596735206787962,0.0803778912572774,-0.499564470154296,0.38425957503777,-0.0790743884354456,-1.02539690198974,0.10383609353668,3.52550175095922,1.28511970118097,0.726172755495118,-0.639146084251652,0.205571920095007,1.11702334614895,-0.708757207400764,3.06037552883175,-0.600152808018174,1.3719530937981,-0.421455927079768,-0.52457500537974,-0.640100742275393,-0.82211313400597,-0.230075729421995,-1.01491959621532,-0.13044354190256,0.526201352602092
comm.and.crime_point_0796,comm.and.crime,regression,0.25,0.23440198836068,anomaly,-1.0174414932053,-0.519882053238727,0.176565734692862,-0.0818192824927953,-0.116905957376842,0.35356526160845,-0.209122814638054,-0.18934904249111,-0.671523969190694,-0.235899778288672,-0.578145103398456,-0.296700874734808,0.280125224184829,0.682832724400303,-0.244185898984547,0.338114805639531,-0.497628312119698,-0.256567130116958,-0.352113179076581,-0.665258383296233,0.959349889319753,-0.482591549127137,-0.472248714197789,-0.578408706761027,-0.297787026628403,-0.0819631937635291,-0.4726301518147,-0.252778472003357,-0.043039574199713,-0.363384981726775,-0.683388268503048,-0.460870702131241,-0.486034227261844,-0.0669263775634199,0.281129612160397,0.857845332192564,-1.20027610690721,-0.257506183800045,-0.329263137039369,0.157602837798,-0.880390590919278,0.128060322760887,0.140121215605925,-0.308861968134177,0.490563939497149,0.384500575271014,0.712998307285384,0.35046425234891,0.465867519057289,0.24714434506481,-0.241958561604024,-0.565328047091832,-0.000690227188266011,-0.0466050641145143,-0.287410644307502,-0.193933566835524,-0.194279537476602,-0.0906058585608025,-0.178250105917284,-0.146888892646214,-0.140014937318717,0.238451640038094,-0.366776744657462,-0.394815653267903,-0.324530007231007,0.223523394233582,-0.0913622062174521,0.665092989783826,0.139036026194378,-0.267978366150136,-0.493806103611632,0.726172755495118,0.552851549544707,-0.976933459434427,0.277067099578957,-0.479994764969224,-0.917186199337522,1.83175638503604,-0.430223291072143,-0.69346899998653,-0.555594417312278,-0.61971625898909,-0.633115326174983,0.290078966127006,-0.0117421441154574,-0.213318223552372,0.0276362364880784,-0.531713688779321,0.321698862402212,-1.36980981684348,-0.286904425214791,-0.226875569169311,0.0192457270029651,-2.14797053089092,-1.90265468268201,-1.62787745526173,-2.88329216320662,1.04851264749172,-0.752632720582405,-0.662221689003069,-0.391348688885798,-0.731260008940213,1.444604256453,-0.453822940289352,-0.0669263775634199,-0.957522380196087,0.511849510519854,-2.66312626945821,-0.230075729421995,-0.96480656352602,-1.29358715674149,-1.07279557770906,1.67560362771661,0.303001138876892,-1.50917587859646,-0.70339391206371,0.454899090454526,0.626803257494137,0.287579502381766,-0.885696359334983,-0.954678429186424,-0.391348688885798,0.226288134846476,-0.504578098615964,0.43905062085352,-0.231018230755544,0.396950550146819,1.02809986702118,-1.54387330754626,-0.334146706962114,0.317501733728316,-0.688849968232438,-0.575803673781598,-0.719300011366178,2.77040464624034,1.14646284668515,-1.56068105065144,0.59942720812885,1.08749073869428,0.682832724400303,0.682832724400303,-0.8289128675117,-0.95606016564934,0.98510497013263,0.799837073718665,1.16017042020929,0.561657905669569,1.09640162811069,0.739325468475985,1.29491473502549,-0.286904425214791,0.129566772060671,-0.36428070280995,-0.779675500224294,0.0901624214025735,2.30104471844562,-0.394098372368261,-1.46155861675429,0.143988474218959,0.380681711753999,-0.801071272009583,-0.0713724957371486,-0.924361576905879,1.30296273431785,0.353242987609834,-0.468978398668724,0.970640616647273,-0.799654518454378,-0.35568405855027,0.422246120878301,-0.35568405855027,-0.34476848053886,0.173975611729931,-0.18934904249111,0.987720612375717,-0.584177697663477,-1.21607586867302,-0.393103207388005,-0.845653115392282,-0.285774072128984,-1.60506921467841,0.334162903438415,0.155666779985624,-1.0800134318184,-0.314241419930838,-0.241958561604024,-0.649707912297875,-0.363236207687417,-0.44257322543477,-1.24024352283868,-0.611535701313945,-0.777628410332139,0.294245875850557,-1.56531543697313,-0.616079834918179,-0.778386370841756,0.243010035727013,-1.56531543697313,-0.0579168405136468,-0.59830836089083,-0.569295082344151,0.228635869181726,0.6614207192824,0.417322912631512,-0.187688592418646,0.482247118055266,-0.0286347433489841,1.58560735853817,2.98227614380132,-1.14142236866316,-0.495911319009332,0.726172755495118,0.566882210994152,0.038147655151735,0.629145668582266,-0.629843707397574,2.00468589299436,0.736598913158695,-0.951156139549743,1.06259659023327,-0.00131209356022966,1.26061717483676,-0.871523677129457,-0.230075729421995,-0.194279537476602,0.652348567438131,-0.93654835490529
comm.and.crime_point_1798,comm.and.crime,regression,0.16,0.197189694000917,anomaly,-0.224640267159436,1.56802290981872,-0.375024355916575,0.0403429408622278,-0.590386957395979,0.804312163562517,-0.544247527234835,-0.533447461928133,-0.156045871094839,-0.235899778288672,-0.0976777582871161,0.372996185038278,-0.499564470154296,-1.56531543697313,0.0423983756329848,-0.208593694559321,-0.301653226084705,-0.481197144366448,0.511849510519854,-0.215085234929352,0.899671107286197,-0.0790743884354456,-0.0536383847421805,-0.203684699846642,0.110154019370149,-0.81022732312622,-0.421455927079768,-0.635123716067385,-0.35568405855027,-0.582228126868179,-0.870865217996765,-0.855916883775387,-0.0558097899312211,0.0814626478570313,-0.23600364120476,-1.0691658496234,0.167580759050246,-0.860757404278554,-0.060866973497344,-0.664493583293417,0.145616912466485,-0.385726968155027,-0.513450021629662,-0.1794909431453,0.540074720251176,0.675263793938761,0.804427157750147,0.298246833296102,0.347251694119508,0.0759519559752211,-0.333979422149212,-0.521839596572905,-0.34476848053886,-0.868190997905353,-0.856335354515137,-0.987985994494734,-1.11749960355766,-0.641940381005198,-0.64369508486844,-0.653776320283739,-0.65103955906403,0.591078001573987,-0.366776744657462,-0.394815653267903,-0.376966020067782,-0.0123933177430025,-0.407970199261594,0.506615146131691,-0.0131809409898764,-0.696638653067897,-0.551774393415093,0.726172755495118,0.552851549544707,-3.70855272760961,0.169078085395916,-0.663674573317088,-0.546787652615503,-0.0609873547032339,-0.84200519593359,-0.25720051952105,0.558365350335113,0.50318915590782,0.472081177754975,0.563648629594096,0.705007918115826,0.672757321452404,0.636808449280568,0.471237211128387,0.909074442850902,1.22633197080588,-0.286904425214791,-0.226875569169311,-0.586463083611209,0.348009760126863,-0.138130025434889,-0.829957648033625,-0.461754826309275,0.500362972394892,-0.998826763175882,-0.356617961729881,-0.391348688885798,-0.776903671928593,-0.147021161055019,-0.217427187171022,-0.165852394510387,0.643791256463961,-0.870490792834442,0.190080215368281,-0.34476848053886,0.115083578304395,-0.780009989472726,-1.99070219826491,-1.7108973708847,0.192718347798946,-0.156045871094839,1.3153972372028,0.0371597380320633,1.25679023127425,0.917566476161884,-0.649707912297875,-0.905297656480906,-0.391348688885798,-0.321861540250354,0.500362972394892,-0.100894450061688,-0.360584240166726,-1.41385868059157,0.22367036178649,-0.822313500858473,-0.65635599605476,-0.544247527234835,0.464234903258489,0.793585804862147,-0.609687155220656,0.342857548364707,-0.440959496409212,-1.12021394047183,-0.916721462080286,-0.571872999411319,-1.56531543697313,0.682832724400303,-0.226042158711328,1.34412777612236,0.288567385435518,0.108666922041517,0.703657382637049,-0.0117421441154574,0.15346437026538,-0.391374245016123,-1.58352531523914,-0.189444898148642,-0.580502966915381,1.66993533472528,-1.08672084863389,0.854387153715993,-0.315269840651936,0.871105454200756,-1.46155861675429,-0.94524870236964,1.03721114717821,-0.188310465613652,3.11350311594674,-1.04789614836431,1.62692977686698,-0.649707912297875,2.06752579612401,-1.95978115242195,0.108107742239052,0.504088273413761,0.422246120878301,-0.199361816374992,-0.34476848053886,-0.739281849167541,-0.40441055463925,0.352751675137971,-1.00211120091324,0.627044535799378,-0.472016707391195,0.642111409128814,-0.549903811549208,-0.917186199337522,5.69246664078723,-0.733880170107544,-0.409993611322597,0.526629724118384,-0.333979422149212,2.12315634038814,-0.601380811530617,-0.569295082344151,-0.830849724959226,-0.696016939253532,0.201187390066993,1.00221121696188,0.682832724400303,-0.334146706962114,0.825715694570486,-0.40063011407534,0.682832724400303,-0.241958561604024,-0.29306929945644,-0.484813844404564,0.0507121317750543,-0.891031580584123,-0.0319371158674677,-0.499564470154296,-0.742597169663439,0.47576170751563,1.76567661788493,0.0542078168079789,3.52550175095922,-0.917734455370194,0.726172755495118,-0.429402032904556,1.26592559806906,-0.651533235030286,-0.4325599573896,-0.91102833931843,1.44953316445302,-1.04597692458435,-0.728501275489362,0.103340488803673,-0.121723128517532,0.660203159698619,-0.000690227188266011,1.08797055430264,-0.565328047091832,0.47576170751563
comm.and.crime_point_0859,comm.and.crime,regression,0.97,0.0707294681343167,anomaly,0.629145668582266,-0.171897892729153,0.0189685659473083,0.284667387572275,1.14571004267419,-0.588905533386419,-0.592122486177232,-0.490435159498505,0.166127940215069,0.182033724961094,0.022439077990719,0.038147655151735,0.0462183158830917,0.682832724400303,-0.960646585528377,-0.919314744817829,-0.497628312119698,-0.930457172865427,0.742239561078903,1.45055541402811,0.780313543219086,-0.986987999991752,-1.04783791719925,-1.06019671565095,-0.764005364912463,0.100102838577144,1.1137708149682,-1.01746896013141,0.191443789063205,1.16851703426305,-0.0272189452750407,0.724267842801197,-1.20307495614621,2.65353908847818,-1.61502565017851,0.51197153032816,-0.3453655656838,1.25062186739623,-1.18813086037385,2.40466638878121,0.373618579885543,1.15563490459271,1.71958503892526,0.208622131821331,-1.39084572915588,-1.31161820029084,-1.61843737956606,-1.42492799544655,-0.00859578069383644,-0.0952404331143684,0.218145741121919,1.21769842418418,-0.34476848053886,-0.274823379056414,-0.192589859272896,-0.243561843564225,-0.399439552161281,-0.726761076765874,-0.686008264773091,-0.696016939253532,-0.736210329354915,0.723312887149946,-0.594343123662683,0.317408823412342,0.199830121136733,-0.130351673731295,-0.407970199261594,0.348137302479556,-0.368353864419804,-0.410865128456057,-0.145996364790864,0.726172755495118,0.287008180691474,-1.28617337658633,-0.26287797133625,3.51504106659682,1.41103323720088,-1.13640993410055,1.1757261378875,-0.0633034170919484,-1.00117832437123,-0.965225617418908,-0.973175788922662,-1.03217440729726,-1.01519223123925,-1.05911760742057,-1.00327058516075,0.412240099369111,-1.97440567935176,-0.487121609042694,0.102933683049804,-0.226875569169311,-0.846052573874427,1.03318082040625,0.192718347798946,0.566402014615565,0.749013842139396,-0.321861540250354,0.330621066828893,-0.356617961729881,-0.391348688885798,-1.05076564985887,-1.9537310944425,0.0189685659473083,-1.15511256398006,1.0589466437462,0.396654485240329,0.589529123243989,-0.34476848053886,-1.45075712734971,-0.0952404331143684,-0.424861492610813,-1.7108973708847,-0.413837003129751,-1.31587159181051,-0.555677486507623,0.298246833296102,0.966027012606508,0.77218486682801,-1.88864725924269,0.625506297390161,-0.391348688885798,2.87567823114782,-0.321861540250354,-0.100894450061688,-0.922036947615181,-0.0924573500527467,0.0512926106647712,0.826966057285032,2.32407992805221,-0.496372568292438,-0.688849968232438,0.269995710086597,-0.0616228744930443,-1.23504806525446,-1.07592843364696,1.13106240044617,-2.63775508772309,-0.287410644307502,0.682832724400303,0.6153882795591,1.36334425539874,1.04923188615163,-1.16782938256753,-0.755295767554917,0.931913901423168,-1.11075890620342,-0.590959780665129,-0.478351146053977,0.302349200451482,-0.286904425214791,2.96984572796488,-0.631940707748796,0.294983219209284,-0.626298265141257,-0.472248714197789,-1.14384878811286,-0.776903671928593,-2.62861524800656,-0.713534013953022,-1.06368304617927,-0.366268385707879,1.91693356663811,0.925001184677206,0.176251652332003,-1.13067514513639,-0.23600364120476,-1.92100789931097,-0.121200695287352,-0.490300835164584,0.582249394501401,0.343388026162328,-0.869747200724323,-0.103324437631854,1.1993769247883,2.61997916058473,-0.524905716995868,-0.708757207400764,0.599603851285354,0.189659458827421,1.62268954961346,-0.375024355916575,-0.0536383847421805,0.00232627821327909,1.26857485122064,-0.333979422149212,0.648228546406218,-0.506122969993337,0.824645343659043,-1.64963732071814,-0.738257558223326,0.886358450346385,0.176251652332003,-1.56531543697313,2.32407992805221,-0.466477635900487,-0.103565429551178,0.682832724400303,-0.333979422149212,2.75932131488747,-0.527054463374357,-1.25406194254054,-0.308861968134177,-0.425039640804075,-0.343626531286471,-0.791590941172187,-0.734789774559444,0.505191802457658,0.00457954007927846,-0.514522113788516,0.207127241592105,0.726172755495118,-0.167221968720685,-0.743165581250199,1.17800805584479,-0.4325599573896,0.14466129651896,-0.956619933665339,-0.666693784445925,1.47199038811273,-0.0536383847421805,2.18217737707296,0.314329357834215,-0.115382978305131,1.70345059835668,-0.739281849167541,-0.0790743884354456
comm.and.crime_point_1272,comm.and.crime,regression,0.33,0.0324478561928649,anomaly,1.17800805584479,0.524070428289996,0.570558656556745,0.10142405253974,-0.235276207381626,-0.506951551212952,-0.544247527234835,1.87524147413103,0.166127940215069,-0.0269330266637888,-0.157736176426034,-0.631549404621351,0.592001101920479,0.682832724400303,-0.721826356680434,0.174102255579875,-0.00769059703221596,-0.818142165740683,-0.467308204356106,0.0100013392540886,-1.2487650459218,-0.785229419645906,-0.681553878925593,-0.524876705773258,-0.764005364912463,-0.0212745163166381,2.80252023122097,-0.908227461827405,0.816732757764318,0.905905260093369,0.816427327446683,0.724267842801197,-0.772850518815592,0.576092732591868,-0.23600364120476,-0.772702590882484,-0.288371529602239,-0.00615150860066679,-0.597659300581394,0.870086402743895,-0.994391424628807,0.756022567213671,0.848156722611144,0.596735206787962,-0.00454386804312309,-0.0516442527306052,-0.201290197362241,0.0893771570848711,-0.779598642789415,-1.1223947676519,0.0341040200315418,-0.13044354190256,0.228695275045463,-0.548685356986693,-0.524462606894016,-0.541331503936429,-0.142989533805432,-0.302657597962493,-0.262876465726585,-0.273610749555595,-0.140014937318717,-1.21613210129746,0.998621529373863,0.419155177223805,0.40957417248383,0.341481750221874,0.415210582653175,0.295311354595511,-0.0639199300512947,0.875115732297224,0.317749953636827,0.726172755495118,1.21745997167779,-1.3892533489703,-0.100894450061688,1.17312351016155,1.04063469047886,0.197114064352121,1.66986442372124,1.00313064626811,-0.956619933665339,-0.922036947615181,-0.845653115392282,-0.986579463386079,-1.06297556872134,-0.978565285147405,-1.09698938712883,-1.23967902989064,-0.853052298495168,-0.175584594524771,0.00547415598365529,-0.226875569169311,0.0192457270029651,0.592713710226646,-0.193271420973861,0.566402014615565,1.00125731473287,0.317646414029282,-0.112528209839365,-0.70587936432781,1.10660237664572,-0.411754368021554,1.35857045010122,-0.375024355916575,0.72448175801232,0.228635869181726,0.799837073718665,0.24714434506481,0.228695275045463,-1.01880107061754,-0.152304562810898,-1.07279557770906,-1.07592843364696,-2.1232202648379,0.681606038310923,-0.900349146138491,-0.850536385865668,-0.390868007842976,0.529882184604888,-0.885696359334983,-0.312728384014686,-0.391348688885798,2.96703651033063,-0.139144981884744,-1.01880107061754,-0.922036947615181,0.152246600047036,0.396048112908209,-0.976933459434427,-1.34105073537663,0.126001897958727,-0.870916000573111,-0.414699029235275,-0.664493583293417,-0.0819631937635291,0.458579831344262,-0.532924460232356,-0.916721462080286,-0.477052214376713,0.682832724400303,0.682832724400303,0.541247834307328,-0.248310029719587,0.795140174306145,-0.00652810323800724,1.50255519838847,1.61289133027545,-0.590959780665129,-0.260908893459341,-1.03761427122343,-0.286904425214791,-0.362019970307365,0.545763313982127,-0.0632363539352424,-0.387478036293313,-0.00131209356022966,-1.09698938712883,-1.37027129077753,0.490563939497149,-0.10077320755709,0.818368002036808,-0.0713724957371486,0.475696899623041,-1.12679008480058,2.35914478742525,-1.02039235405845,0.798262865525553,1.17606334305485,-0.043039574199713,0.368566888169896,-0.277522937462631,-0.34476848053886,-0.91323565124325,-0.361398252209622,-0.282217262099776,0.182033724961094,0.627044535799378,-0.4325599573896,-0.845653115392282,-1.76490061288224,0.617322065653698,-0.453822940289352,3.39989683326659,0.620806112517094,-0.907797521612643,-0.241958561604024,0.766222769924772,-0.363236207687417,0.528961010870487,-0.421455927079768,1.07808905747781,-1.6096218406714,-0.295725241742213,0.682832724400303,0.713033482588985,-0.956619933665339,-1.39084572915588,0.480499389876695,-0.333979422149212,-0.700054714702294,0.275517297051724,-0.779598642789415,-0.632289530606369,-1.6043472156139,0.280125224184829,-0.15467191155846,-1.03742764507821,-0.665258383296233,0.351977477180183,-0.79314444928836,-1.01147293011705,0.726172755495118,-0.114785955883911,-1.18963028776559,-1.20039562229281,-0.393103207388005,-0.458589923959548,-0.288244073076904,-0.0503586817209869,-0.626152826019497,0.207993071167575,-1.61925845715135,2.58721434151458,-0.34476848053886,-0.50201955950362,-0.956724101762177,-0.129514033521907
comm.and.crime_point_0176,comm.and.crime,regression,0.17,0.394705459384916,anomaly,0.324222120103087,-1.56383453476745,0.570558656556745,0.284667387572275,-0.195819457380031,0.189657297261516,0.892001241037083,-0.18934904249111,-0.993697780500602,-0.305555362163633,-0.518086685259539,0.0939557434661589,0.669970071354392,0.682832724400303,0.94991524525517,0.666139905758843,-0.497628312119698,0.641952926881002,0.108666922041517,-0.75529301296961,0.660955979151975,0.828839223120861,0.521950818259281,0.438699312006588,0.401540480797687,0.52492358070538,0.294983219209284,1.05811950764474,-0.277522937462631,-1.01991441715099,-0.0272189452750407,-0.0164437477815769,-0.247020650967053,-0.462630445351289,0.338588862534303,0.0178660990932967,-0.858311890417847,-0.106693378680418,-0.168225438914154,-0.500074299075133,0.316618163030779,-1.18495164291312,-0.894699910017088,0.0792511068324541,0.886650185529367,0.723724330383386,1.03299928391205,0.663768766665756,-0.423751167976071,0.0188878262786913,-0.149937701058835,-0.695793398648614,0.572773528396057,-0.320467042044794,-0.0977690742382896,0.10383609353668,0.164750488221586,0.121445880840888,0.287194873033872,0.444479772930899,0.45618045471748,-0.422722787841705,-0.0936970898511967,-0.242196122550708,-0.167221968720685,0.223523394233582,0.478532181262003,-0.444251915781118,0.849381873054233,-0.410865128456057,-0.261932944397787,0.726172755495118,-0.178217714801685,0.981586015860986,0.763017663402644,-0.204475052447428,-0.123475027790339,-0.405122580110374,-0.84200519593359,-0.644994724379254,0.736598913158695,0.589566495515274,0.344558504224595,1.47554750781773,1.18284129293668,1.07551893281821,1.10540245912095,-0.413719465260767,0.588687762606162,1.79748316408874,0.00547415598365529,-0.226875569169311,0.62495453761714,0.299068970106906,1.40582904965634,0.317052074856781,0.547219064064617,0.0435715764808665,0.527576300903674,0.996769973337092,1.10660237664572,1.0488428476066,-0.706240902341621,-0.375024355916575,-0.215315402983871,-0.0679036931627271,2.06698235179344,1.21723454990582,0.114002523928599,2.05888583359914,0.133016085671751,1.08698470595177,0.0352672065190975,2.39837416935785,0.810475562834887,0.823009152015846,2.07363908109157,-0.681631226510723,-0.487789080732225,0.825219881684049,1.02055247903431,-0.391348688885798,-0.139144981884744,-0.504578098615964,-0.586845013885375,-0.878848277811454,-0.973391570411965,0.798262865525553,-1.95619319708213,-0.334146706962114,-0.496372568292438,4.83381967943463,0.551928838042662,-0.33565501485685,-0.749538645679329,0.194009440828534,-1.12021394047183,-0.261089604692552,0.044462103313619,0.682832724400303,0.682832724400303,-0.8289128675117,0.69535681818675,0.351888984044347,0.108666922041517,0.36127260445787,-1.11075890620342,0.699375414281087,-0.739281849167541,0.897888521195889,-0.286904425214791,-1.29057270589143,-0.41781270379772,-0.0632363539352424,-0.912882539758789,0.364971944713428,-0.253520169416148,-0.0922487271028942,0.441053158743122,-0.888608530066145,-1.06368304617927,-0.95606016564934,-0.924361576905879,0.43905062085352,-0.649707912297875,-0.248412816512834,0.166211111412584,0.535289982565372,-0.121200695287352,1.97894386942205,0.973054999939597,-0.230075729421995,-0.869747200724323,1.0580077279681,-1.28758474605954,0.112378141086133,-1.15847835603325,0.908969542664623,-0.675622884018443,-0.0744702805928035,1.30520508099459,-0.217427187171022,-1.25714308192706,0.363106181557171,1.36750086816761,0.0341040200315418,-0.531713688779321,-0.267978366150136,-0.653776320283739,0.0391120955346223,0.528961010870487,-0.0924573500527467,-0.236728129982936,0.682832724400303,0.551928838042662,-0.377360854488696,0.589585501005203,-1.56531543697313,-0.333979422149212,-0.445688830173635,-0.358091987495182,0.525175431526179,-0.114805430650861,-1.09892968355255,-0.499564470154296,-0.497628312119698,-0.482591549127137,1.4955727288648,-0.987985994494734,-0.0269330266637888,-0.261565132142186,0.726172755495118,-0.114785955883911,-1.18963028776559,0.812099797669774,-0.35364645738641,-0.307777118839921,-0.421919245194591,-0.619283391928622,-1.49611464651335,0.260319362349526,0.742239561078903,-0.476239332141566,-0.230075729421995,0.728940528604452,-0.391374245016123,-0.633910484386522
comm.and.crime_point_0750,comm.and.crime,regression,0.05,0.045831582327445,nominal,1.29997747523646,-0.519882053238727,-0.453822940289352,-0.753711510945423,-0.669300457399169,0.845289154649251,-0.161247855695657,-0.576459764357761,-0.349350157880785,0.182033724961094,-0.0376193401481986,-0.519933227992503,-0.343626531286471,0.682832724400303,0.711095016407226,0.666139905758843,-0.742597169663439,1.2596854660671,-0.755295767554917,-1.29550079100987,-0.651977225586244,0.677520287861476,0.835908565350987,0.706359316945435,1.80019549564987,-0.264029226104202,0.0391120955346223,1.98667224322881,-0.433845179637909,-0.976145788122707,-1.01147293011705,-1.25096306541953,1.33046895257856,-1.352964597874,1.08555911739508,-0.723292047758998,0.908503228110535,-1.01157020939818,1.28111384421278,0.0479899816524777,0.316618163030779,0.185147799529322,0.140121215605925,-0.891031580584123,0.29252081648104,0.578342721049512,1.1701425596092,-0.276144776284783,0.287943781650617,0.988978031119698,-0.333979422149212,-0.608816497610759,-0.34476848053886,-0.0922487271028942,-0.240000251790199,-0.243561843564225,-0.45072955583245,-0.302657597962493,-0.347502825535886,-0.358091987495182,-0.395527248191373,0.326608230422067,-0.503316572060594,-0.801801068513758,-0.7440181099252,-0.602185097684464,-0.787899790914564,-0.497077863665163,0.64642591680856,-0.744267573836537,0.0279085046195201,0.726172755495118,-0.444061083654919,0.569266126325109,0.655028649219603,-0.801434429577986,-0.546787652615503,0.756333805638724,-0.924361576905879,-0.451097621950152,0.157339833982052,0.0713024578705468,0.0895131571638354,0.882813236972367,0.848357930562082,0.672757321452404,0.917964855184794,-0.885696359334983,0.214903302320632,0.135952419993153,-0.286904425214791,-0.226875569169311,-0.283608678304122,-0.483983670212399,-0.744685376363587,0.117572123049754,-0.613100909865359,-0.139144981884744,-0.851110337619796,-0.618564013678328,-0.391348688885798,-0.320467042044794,-1.22244374045233,-0.453822940289352,-0.561556462298257,0.110020044243945,0.281459459960805,-1.52184367552761,-0.34476848053886,1.41095174850089,-0.780009989472726,1.78891329814154,0.246923518931679,-0.965250958519477,-0.0271763465708762,-0.211005826876756,0.246029414243294,-1.69930249184784,-0.487789080732225,-0.649707912297875,-0.312728384014686,-0.391348688885798,0.409004693212087,-0.504578098615964,-1.1807845918921,-0.403772909970454,-1.02233236043192,0.0512926106647712,0.0538662644052637,0.551928838042662,-0.496372568292438,0.0394141611302526,-1.26049841310347,0.322022122016284,0.100102838577144,0.0352672065190975,0.739536080286516,0.804312163562517,-0.808924961997834,0.682832724400303,-1.56531543697313,-0.226042158711328,-0.0713724957371486,-1.04118618534988,2.29737240235249,-1.35065128643802,2.61634141739925,0.500862307366285,3.26165559857376,0.600118860823686,-0.286904425214791,-0.362019970307365,1.08108332385982,0.44850589341408,0.854387153715993,-0.315269840651936,-1.37814579303305,-1.27898396480077,0.441053158743122,2.74418767928116,1.2998229213479,-1.60483112358495,-0.347866910099853,0.277067099578957,0.0582574288134486,-0.248412816512834,-0.408381392326479,1.06926778297327,-0.043039574199713,-0.705017765998204,-0.433845179637909,-0.34476848053886,-0.173931992421487,-0.361398252209622,-1.34049882416269,-1.21107795253813,2.87334752875011,-0.472016707391195,0.982171871876493,-0.232948124244939,-0.70552988692494,0.176565734692862,1.62080293308025,0.930046029669001,0.0814626478570313,-0.333979422149212,-1.59366170044631,-0.506122969993337,-0.315851368525389,-0.728501275489362,3.02115753008832,0.348009760126863,-1.53466458868703,0.682832724400303,1.23662357736453,-0.421919245194591,0.441053158743122,0.682832724400303,-0.333979422149212,-0.343942476362171,-0.653776320283739,-0.36444325550718,-1.53788670552851,0.754267934005747,-0.499564470154296,-0.791590941172187,-1.03742764507821,-0.98037958715305,0.15346437026538,1.08755631533559,-0.0272189452750407,0.726172755495118,-0.534274058578104,-0.18508469810596,0.324222120103087,-0.590386957395979,-1.26292488459756,0.201898224687947,0.803028383590466,0.397331668679148,-0.52457500537974,-1.15847835603325,-0.920934220252943,-0.34476848053886,-0.45072955583245,0.913279270551694,-0.381712258954214
comm.and.crime_point_1347,comm.and.crime,regression,0.03,0.103647298615479,nominal,1.48293160432397,0.524070428289996,-0.453822940289352,-0.814792622622935,-0.669300457399169,0.763335172475784,-0.352747691465246,-0.447422857068877,-1.05813254276258,-1.55935587191293,-1.23878770292655,1.71239030458445,-0.499564470154296,-1.56531543697313,-0.339713990523725,-1.95806089519565,-0.546622083628446,0.58579542331863,1.60620225067534,0.0100013392540886,2.51099822219219,-0.331272613867753,-0.158290967106083,-0.310748701822181,-1.34677828776754,-0.14265187121042,-1.08672084863389,-0.252778472003357,-0.35568405855027,-0.0132359495005283,-0.449042081635903,-0.362109156720205,-0.629442373038718,0.773944766485803,-1.78740340130023,0.166097728463756,-0.801317854336286,0.0943903614790845,-0.705017765998204,0.541247834307328,-1.56439559317645,0.0709728459924523,0.249049755145189,-1.14977363056188,0.193499254972986,0.239118965937142,-0.521291173988909,-0.485014452496014,-0.0679036931627271,-0.837074119169256,-0.333979422149212,-0.739281849167541,-0.34476848053886,-1.46155861675429,-0.808924961997834,-0.69021633412253,-0.707179574188299,-0.769171424646212,-0.559068725059139,-0.527054463374357,-0.523283403627701,0.723312887149946,-0.412290020458506,-0.59830836089083,-0.534274058578104,-0.720143453672756,-0.977864586741049,-0.127296228476849,0.240514004317214,-0.315607286918777,-0.203964654594325,0.726172755495118,-0.37760024144161,0.156946236789233,0.385056113761999,0.897603797639757,-0.652615808821794,0.197114064352121,-0.265510529127564,-0.208726243913775,-0.421919245194591,-0.360584240166726,-0.208039747740384,-0.621819912096626,-0.489575518936313,-0.374422868098694,-0.440957773352299,0.117254540572726,-0.532665618250428,-0.850581459313604,-0.189444898148642,-0.226875569169311,-0.413403423435731,-0.924450780392009,-0.358695607590779,-0.430997744419571,-0.764446993421443,-0.321861540250354,-0.70339391206371,-0.531248663028845,-0.391348688885798,-0.137892390091274,-1.05037612774876,-0.217427187171022,0.922333791906255,0.999638731277305,0.396654485240329,-1.52184367552761,-0.230075729421995,-1.82871867699035,1.10310629051276,-1.12679008480058,0.194009440828534,0.964697885344563,0.101693177953087,-0.358722252432842,-0.328362195337591,0.869105939717259,-0.197025862064479,-0.94469347109426,0.0823177976294598,-0.391348688885798,1.23122920585733,-0.413219819433159,-0.640839520976896,0.460000486104092,-0.581865250252313,0.281129612160397,-0.925393473242442,-0.736908318327921,-0.352747691465246,-0.81022732312622,0.149167226676855,0.322022122016284,0.100102838577144,0.458579831344262,0.299068970106906,0.640404199215584,0.660797206038557,0.480499389876695,0.682832724400303,-1.70581571667588,-0.543205919690318,-0.0913622062174521,1.37581220011629,-0.437625211293547,-1.06297556872134,-0.0946770133781229,2.26142123663844,0.302349200451482,1.36990753490974,-0.0342954753953406,-0.203684699846642,-0.01206212920031,0.376746696020106,0.207993071167575,-0.768973580240562,3.01152035610694,-1.7869319751881,-1.06368304617927,-0.407153610755056,0.223523394233582,-0.677292433989011,-1.50475163444123,-0.0597367947051054,0.744132303188673,0.568425864029928,1.4430522432588,-0.433845179637909,-0.705017765998204,-0.199361816374992,-0.34476848053886,-0.869747200724323,0.928970820679215,0.405665753241116,-0.305555362163633,-0.179320641157294,-0.195819457380031,0.0470055993203757,1.03487462497214,0.881892456169426,-0.375024355916575,-0.419922423015838,-3.70855272760961,-0.512093453824773,-0.333979422149212,-1.12168480637209,0.494084366148104,-0.189129511616007,-0.779675500224294,0.444479772930899,-0.532924460232356,0.117254540572726,0.682832724400303,0.43110035463292,-0.377360854488696,0.688607062513258,0.682832724400303,-0.149937701058835,0.877013769375391,-0.611535701313945,-0.0679036931627271,0.726106231776839,-0.593512151491192,-0.499564470154296,0.0902969459852806,-0.0286347433489841,-1.02539690198974,0.15346437026538,0.739278395960782,1.23825046380754,-1.23321624918318,-0.167221968720685,0.038147655151735,0.995053926757281,0.198748042635917,0.597099711877842,3.27642718339475,-1.14079770961895,-0.4726301518147,-0.838532752471447,-0.294515666436819,-0.42682878901808,-0.34476848053886,1.34442057265849,-0.826258750205395,-1.13830693525114
comm.and.crime_point_0249,comm.and.crime,regression,1,0.002194272716613,anomaly,0.995053926757281,-1.21585037425788,-0.0598300184254683,-0.326143729202842,2.80289354274117,-1.94114623924862,-0.496372568292438,-0.576459764357761,0.488301751524978,0.182033724961094,0.502906423102059,0.484612361667126,0.0462183158830917,0.682832724400303,-0.8651184939892,-0.700631344738288,-0.497628312119698,-1.04277217999017,0.511849510519854,1.22546883984467,-0.234225751351356,-0.734789774559444,-0.576901296561691,0.0639753050922037,-0.647450780341448,-0.0819631937635291,-0.370281702344836,-0.143536973699349,0.191443789063205,1.21228566329134,0.863296564820112,1.06993325173982,0.0397956405866952,0.32877769022445,-0.638218393822105,1.10489804781,0.224574795131807,1.3008928024361,-0.221904671622559,1.30853782732598,0.658620664159367,0.984372474287411,1.17494234122894,-0.050119918156423,-2.13350744046629,-2.13544731984946,-2.34986818328416,-2.57371121460832,0.525175431526179,0.589529123243989,0.494208322757484,2.87025954390342,-0.230075729421995,0.820624532664704,0.423745243452043,0.15346437026538,0.216040491892755,-0.429888641603507,-0.474442365249838,-0.527054463374357,-0.523283403627701,0.679234591957959,-0.503316572060594,0.215662469600878,-0.00991393021036301,-0.543205919690318,-0.787899790914564,0.0840075630593312,-1.12943870034108,-0.0298337623069365,0.433686533243749,-1.23321624918318,-0.111756872588377,0.0538662644052637,-1.01880107061754,0.943523749726722,0.194009440828534,-0.0609873547032339,1.46397347129051,0.954656370660837,-0.822944761547652,-0.706093598596545,-0.675622884018443,-1.21455418294199,-0.967408893757168,-0.898012962874244,-0.956411184176713,-0.236728129982936,-0.532665618250428,-0.227507430277758,0.39531226424825,-0.127274097367549,-0.629727998655079,0.837417660326429,0.0824355567210018,0.616272002567322,0.294975591471144,-0.139144981884744,-0.161767018358061,-0.138329585106176,3.7696264931462,0.272900576804145,1.27253664374943,0.255364319065638,0.675018749538836,0.228635869181726,-1.27367338131278,-0.608817600383137,-0.000690227188266011,-1.72072966280731,0.760721512333579,0.115083578304395,-1.02301435554381,-0.248412816512834,0.359432227001014,-0.457199869470233,0.768203604771372,0.77218486682801,0.33604003882639,0.943214105202603,0.477363979273606,-0.391348688885798,-0.413219819433159,0.500362972394892,-0.694834028068417,-0.446961579774181,-0.0924573500527467,1.48777387001243,0.723886084901063,-0.777184479464502,-0.592122486177232,0.342857548364707,-1.01884144628399,-0.609687155220656,-0.567472613338656,-0.546787652615503,-0.0435165600327901,-3.04752499859042,0.139282888348225,0.682832724400303,0.682832724400303,-0.445267871002372,-0.248310029719587,0.0986025896090331,-2.25283109618874,-2.03542084279638,1.56510799279336,0.500862307366285,-0.826258750205395,0.451234030637584,-0.189444898148642,-1.23595195673943,-1.06019671565095,-0.882023949694159,2.0962523437253,-1.1001642083812,-1.33128639204901,0.318544239792525,1.18371487005353,1.16851703426305,-0.144541836585371,-0.484226741696171,-0.512579672044432,0.49304512794504,-0.295725241742213,-0.579261189746669,-1.21281089756117,1.12266556301406,-0.35568405855027,1.442151542338,-0.277522937462631,-0.34476848053886,-0.217420442940414,-0.361398252209622,-0.123475027790339,-0.514522113788516,-0.179320641157294,1.22462354267738,-0.505592652644603,0.0311816151752862,-1.02301435554381,0.176565734692862,1.83010809780806,1.13620597443694,-1.30350158940051,-0.333979422149212,0.117254540572726,-0.601380811530617,-0.653776320283739,-0.267933252874971,0.486720391900693,0.886358450346385,-0.118733906464382,0.0758327208294768,1.63938518873034,0.959390866688173,-0.0540546487971503,-1.56531543697313,-0.333979422149212,-1.05616695304242,-0.400332606464976,0.347251694119508,0.208622131821331,-0.649669655053565,0.592001101920479,-0.595615855137194,1.58543389941778,3.07117874814888,2.98227614380132,-0.305555362163633,-1.05834216749048,-1.23321624918318,-0.0623499430471371,0.540420449981549,-0.224640267159436,-0.669300457399169,-0.307777118839921,-0.511036026606383,-0.90374574703244,1.01142236549834,1.41149776835245,-0.640100742275393,0.51197153032816,-0.230075729421995,1.75474060202785,-0.0434666408647052,-0.0790743884354456
comm.and.crime_point_1866,comm.and.crime,regression,0.95,0.0187023569797506,anomaly,-1.0174414932053,1.56802290981872,1.51614166903007,-0.6315492875904,1.34299379268217,-0.95769845316702,-0.304872732522849,0.0687247720866572,0.423866989262996,1.36617865083543,1.04343218635232,-0.408317051363656,1.52762873512743,0.682832724400303,-0.578534219371668,0.338114805639531,-0.644609626645943,-0.874299669303055,-0.524905716995868,-0.0800332904192877,-0.950371135754022,-0.633910484386522,-0.262943549469985,0.0639753050922037,-0.589173488055941,-0.14265187121042,-0.267933252874971,-0.252778472003357,1.28569948429015,0.468218969810561,-0.261565132142186,-0.0658245204870952,-0.00800707467226295,-0.561556462298257,0.913181366273366,-1.11857639274689,-0.801317854336286,-0.508860858999424,-0.114546206205749,1.74698925190807,1.62762775069036,1.84068462581393,1.77404930869489,-0.632289530606369,-1.58888885217199,-1.79622356473708,-1.34415082817177,-1.63379767165778,0.525175431526179,0.532464993547459,1.69047950984493,2.13095588508166,0.572773528396057,0.135969587839005,0.281514065900134,0.401605753908883,0.626360521262113,-0.0481955106804643,-0.00899738629868194,0.0220735832329614,0.0303266032630535,0.0180601640781611,-0.00267053824910844,-0.0387034149277808,-0.324530007231007,-1.07401852163763,-0.977864586741049,-0.497077863665163,-1.53535061283242,0.351197603842184,1.47711574970605,-1.23321624918318,2.21437260487742,-0.822313500858473,-1.55874614153275,0.0251247079874021,-1.39341290226583,0.842367611990508,0.722766042539909,-0.354149070735601,-0.466477635900487,-0.533338919381635,-0.505592652644603,0.062104246571098,-0.0117421441154574,-0.0924897401426294,0.0276362364880784,0.353242987609834,0.0547099621982618,-0.279430266030745,3.61147665743115,5.15160390812588,-0.0672841030847741,-1.65856263069136,-1.46152351837023,-1.42839750345471,-2.32835652350098,1.13987092667453,-0.161767018358061,0.167274142167012,3.60318748586492,1.09448651059498,0.928401418342293,-0.296225771543798,-0.907797521612643,-0.127211605631618,1.49100722539581,-0.837074119169256,-0.230075729421995,-0.910812056434499,0.0759519559752211,-0.26287797133625,-0.70552988692494,-1.29609933175331,-0.993697780500602,-0.309483443914147,-1.32049315734094,-0.390868007842976,1.45063237705275,-0.708705024057152,-1.54724770165264,-0.391348688885798,-0.504578098615964,-0.504578098615964,-2.90860881882077,1.53971723119727,-1.2670363105317,1.71761087150805,-3.70855272760961,-0.495251351508437,1.03562611786427,-1.23504806525446,-0.817460640601083,-1.10294500787551,-1.23504806525446,0.0881812846222431,-1.2670363105317,-0.875744470993553,-0.0977690742382896,0.682832724400303,0.682832724400303,-1.26736429209379,-1.42789358960251,0.0352809910002048,0.742239561078903,-0.152304562810898,0.0360411933666282,-0.541331503936429,-0.260908893459341,0.699375414281087,-0.189444898148642,-1.23595195673943,0.599295314969896,0.0902863202695546,-0.291949944754136,0.312645653531477,0.40251144436038,-0.685616345951833,-2.57910446725254,-0.582228126868179,2.35027001802664,0.105565038245289,0.681587852053764,1.57293526977546,-1.00369058285354,0.744132303188673,1.02809986702118,-0.799654518454378,-0.35568405855027,-0.382942369747774,0.738571636676679,-0.34476848053886,-0.869747200724323,-0.576459764357761,-1.02301435554381,-1.42004470416301,-1.8496485077104,-0.4325599573896,2.38492128071067,-0.972511394621568,-0.758443965028085,-0.375024355916575,-0.629227587743642,-0.203833666554659,0.773944766485803,0.678250043847861,0.23524876409128,-0.839525415373817,-0.569295082344151,-0.574978601284565,-0.611535701313945,-0.777628410332139,-0.94469347109426,-1.56531543697313,-1.22022225196689,-0.377360854488696,0.688607062513258,0.682832724400303,-0.149937701058835,-0.29306929945644,-0.400332606464976,0.0507121317750543,0.726106231776839,-0.200409626554585,-0.499564470154296,-0.595615855137194,-0.734789774559444,1.36052078435473,0.0542078168079789,-2.04694495903766,-0.120957420021899,-1.23321624918318,-0.429402032904556,-0.129276609791536,1.17800805584479,1.73756129269811,0.446286906758215,3.27642718339475,-0.761514569480531,-1.03554662389896,1.93476068017196,-0.697698254915155,0.51197153032816,-0.230075729421995,1.85732060937019,3.26165559857376,-0.280832968781291
comm.and.crime_point_1660,comm.and.crime,regression,0.03,0.018952511579078,nominal,-1.38334975138032,1.22003874930914,-0.138628602798245,0.162505164217251,-0.550930207394384,0.23063428834825,1.89737537882743,-0.146336740061482,-0.0271763465708762,-0.166244194413711,-0.397969848981704,-1.80351925922425,-0.0317506535508209,0.682832724400303,2.38283661834283,1.81422775617643,-0.301653226084705,0.978897948255237,-2.13763607090921,-1.1604488464998,-1.48748017405602,2.19070964045532,1.77778180662611,1.72346733571305,2.20813654164842,1.0711216777274,0.550854342883945,1.98667224322881,-0.433845179637909,-1.19498893326411,-1.33955759173106,-1.64600924706368,1.61728524413231,-1.25403858092703,2.1198256241254,-0.42682878901808,-0.915305926499407,-1.46400862475706,1.33479307692119,-0.116429302565806,-0.367386839226397,-0.0432021075444176,-0.132200133242237,0.27330764431577,1.08469330854548,1.15986915838501,1.07871370914443,1.02929070003541,-0.245827430569399,0.190080215368281,-0.333979422149212,-0.739281849167541,-0.115382978305131,-0.183536053079654,-0.240000251790199,-0.342818397021626,-0.142989533805432,0.0790355329605499,0.0333157936059686,0.0220735832329614,0.115497373553939,0.0621384592701477,-0.230236917254329,-0.547435183985099,-0.429402032904556,0.459440106210166,0.921783371523802,-0.497077863665163,0.697164905869978,-0.553751890761977,-0.957552422039323,0.726172755495118,-0.311139399228302,0.46618615394114,0.49304512794504,-0.893274333751918,-1.86963960519414,1.65968877233247,-1.04789614836431,-0.838891826808356,2.65260971351221,2.61943397629046,2.46993639639759,2.75220593733081,2.52077474243508,2.32407992805221,2.32374688470593,-0.295725241742213,2.35081450395223,-0.642890116301655,-0.286904425214791,-0.226875569169311,0.365365047353922,-0.630806040272269,-1.18581654067537,-1.92709738297228,-0.764446993421443,-0.321861540250354,0.133665832754111,-0.225644935755658,-0.391348688885798,-0.183536053079654,0.670299999286939,-0.375024355916575,-0.215315402983871,0.881022906339523,0.627044535799378,-1.80716432401026,-0.000690227188266011,-0.100894450061688,-0.608817600383137,-0.154888957153209,-1.18175658985325,-0.082988629895916,-0.800393493714657,-0.555677486507623,-0.850536385865668,0.0937373566032682,-1.02085498162309,1.12020544048043,-0.460870702131241,-0.391348688885798,-0.321861540250354,2.96703651033063,0.169078085395916,3.13769801393518,-1.36491789057162,-0.178544390830854,0.826966057285032,2.00187063895957,-0.400622650407643,-0.14265187121042,0.713033482588985,1.30853782732598,-0.567472613338656,-0.123475027790339,-0.924450780392009,0.47649623486865,0.613386813521254,-1.56531543697313,0.682832724400303,-0.883719295584461,-0.779122631666902,1.49167775900326,-2.42562363410802,0.646593252940519,1.23062463041877,-1.13687082468084,1.87002518196809,1.5926843953977,-0.286904425214791,0.293429019516684,0.0104433041044344,0.550854342883945,0.233454558711339,1.3591714771705,0.121355038456154,-1.09640931284725,0.0449669127109041,-1.10745167520755,-0.932377159094426,-1.84074783556153,-1.08907433885046,0.223072592487436,-0.0597367947051054,1.62639463181223,0.281129612160397,0.962472222891692,-0.35568405855027,-0.221904671622559,0.504088273413761,0.458080777279193,-0.695793398648614,-0.576459764357761,-1.1288425117501,0.878589563710704,0.0510694094017551,-0.629843707397574,-0.803145557548822,-1.34229302980988,0.723150221859989,-0.296225771543798,0.364971944713428,0.981586015860986,-1.05618654703309,-0.241958561604024,0.23524876409128,-0.0298337623069365,-0.611535701313945,-0.830849724959226,1.20481091438719,0.935299240366342,-0.885696359334983,0.682832724400303,-0.857736801737663,-0.421919245194591,1.33224721231561,0.233203092125617,-0.0579168405136468,-0.445688830173635,-0.738257558223326,-0.245827430569399,0.596735206787962,-0.0319371158674677,1.21575285739178,3.47086718008891,-0.280832968781291,1.31550346951804,0.997145074653291,-0.375210946038594,1.23825046380754,0.726172755495118,-0.48183804574133,-0.743165581250199,-0.224640267159436,-0.4325599573896,0.546828776837966,-0.555594417312278,-0.00294828920368394,0.243808994474351,-0.367596131833887,-0.58250322963563,0.314329357834215,-0.115382978305131,-0.60459956684596,-0.956724101762177,-1.03742764507821
comm.and.crime_point_1566,comm.and.crime,regression,0.04,0.062863867491017,nominal,1.17800805584479,0.87205458879957,-0.296225771543798,1.07872183937993,0.396031792643891,-0.220112613605818,-0.209122814638054,0.0257124696570293,-0.220480633356821,0.0427225572111723,-0.638203521537374,-1.85932734753867,-0.265657561852559,0.682832724400303,0.615566924868049,1.86889860619632,-0.644609626645943,-0.256567130116958,-2.08003855826945,-0.98037958715305,-2.02458921235802,0.324442772256246,-0.0536383847421805,-0.0966206978711041,0.284985896226672,-0.992293355466893,-0.4726301518147,0.0749460229086676,-0.35568405855027,-0.976145788122707,-0.823995980623335,-0.806536111069869,0.42221736265836,-0.907797521612643,1.77507012188196,-0.130365530277162,-0.174383457439118,-0.709944599158927,0.368566888169896,-0.719300011366178,-1.3363939257574,-0.157377061081287,-0.45898575186003,0.790791744271277,0.985671747037421,0.917566476161884,0.804427157750147,0.768203604771372,1.35548620609065,1.21723454990582,-0.333979422149212,-0.956724101762177,-0.34476848053886,-0.0466050641145143,-0.0503586817209869,0.600118860823686,0.934100543289131,-0.472298989483845,-0.474442365249838,-0.400332606464976,-0.352941863045931,0.370686525614054,-0.321263468856418,-0.29306929945644,-0.0623499430471371,1.34412777612236,1.11174816735029,1.24617841650832,1.05233782929991,-0.172720524612857,-1.71114018948432,0.726172755495118,-0.37760024144161,0.105406250597248,1.19497372013481,-0.709594525404054,-0.864272121234376,1.91779019138782,-0.7596488149613,-0.451097621950152,-0.377360854488696,-0.403772909970454,-0.505592652644603,0.381268853949369,0.22717454329497,0.0686149044036935,0.496230246328455,0.176251652332003,1.12266556301406,0.55133510601705,-0.286904425214791,-0.226875569169311,-0.54319816856734,0.152246600047036,-1.79237189160407,-0.231517792612544,-0.108613964678413,0.317646414029282,-0.900349146138491,-0.443933312379363,-0.391348688885798,0.774980869676324,-0.0609873547032339,-0.375024355916575,-0.363704428404322,-0.898214467727196,1.26061717483676,-0.722945859776196,-0.230075729421995,1.24896822722633,-0.722945859776196,0.169078085395916,-1.34049882416269,0.90955648980559,0.166127940215069,0.626053917941065,-0.537231871548822,0.0452768201586437,-1.02085498162309,-1.00369058285354,0.279840888451533,1.77235840577084,-0.413219819433159,-0.504578098615964,1.24896822722633,-0.360584240166726,0.788476870306472,-1.55756639980461,0.156946236789233,1.43800438304744,-0.400622650407643,-0.992293355466893,0.149167226676855,0.486441406234567,-0.688849968232438,0.246923518931679,0.25012818008695,0.35356526160845,-0.334821036824805,-1.56531543697313,0.682832724400303,-1.26736429209379,-0.779122631666902,-0.787899790914564,0.454251997880092,-0.0952404331143684,1.03949128049042,0.500862307366285,0.0869987106920766,1.3941712884829,-0.286904425214791,-0.471261468611373,2.6870433534929,-0.4726301518147,-0.912882539758789,-0.576901296561691,0.168214439440191,0.272900576804145,1.28273643156158,0.730830743980246,-0.582228126868179,0.69535681818675,-1.00671795787817,-0.424861492610813,0.353242987609834,-1.40638212283126,-0.86805539531773,0.375096642443002,-0.433845179637909,1.17375537879597,-0.35568405855027,-0.230075729421995,-0.652304948129686,0.670897006101448,-1.44632698036898,-0.444866529913555,1.03022712427771,-0.4325599573896,1.02467942971995,3.14791254033394,-1.39341290226583,-0.217427187171022,0.0510141976217214,0.517726140133124,0.180388664803999,-0.0579168405136468,-1.06268769461281,-0.601380811530617,0.824645343659043,0.857899691293538,-0.611535701313945,1.22894398048608,0.176251652332003,0.682832724400303,-1.05911760742057,-0.243685682371009,-0.450140894829368,0.682832724400303,-0.333979422149212,0.26653564650661,-0.78049817719312,0.0507121317750543,-2.76691144292284,0.754267934005747,-0.187688592418646,-0.889578484189684,-0.58347083930006,2.21584976625181,-1.38501220832434,0.0427225572111723,0.769558090073254,-1.23321624918318,-0.534274058578104,1.48915795132675,0.934069217061446,0.830056042661434,-0.5591317940393,1.13762442951176,1.13490113121159,-0.574978601284565,2.14406584489976,1.203019662197,-0.82211313400597,-0.000690227188266011,-0.963629592544147,-0.608816497610759,-1.13830693525114
comm.and.crime_point_0948,comm.and.crime,regression,0.65,0.0379078858725034,anomaly,0.507176249190595,-0.171897892729153,0.0189685659473083,-0.203981505847819,1.89538829270449,-1.24453739077415,-0.400622650407643,-0.576459764357761,3.19456176652821,3.24687941545938,3.92623625702036,-0.91058984619347,0.0462183158830917,0.682832724400303,-0.8651184939892,0.720810755778727,0.433253346546518,-0.705827158615937,-0.928088305474204,0.46017448762097,-1.12940748185469,-0.533031194213599,-0.576901296561691,-0.203684699846642,-0.705728072626956,2.16351787177143,-0.0632363539352424,0.0749460229086676,0.347766031238483,1.78127784065899,0.0196502920983885,-0.164586065898132,0.900244515247941,0.229851673277482,-0.0636258900830415,-0.278597159647621,1.47844358892614,-0.358048053879797,0.583283819003517,-0.609687155220656,3.05263817205948,-0.385726968155027,-0.45898575186003,-0.373547480628615,-1.29182416764783,-1.36007873673546,-1.43557967863653,-1.52936283355217,0.999638731277305,0.703657382637049,0.218145741121919,2.34839813767629,-0.230075729421995,0.318544239792525,0.423745243452043,0.00457954007927846,0.216040491892755,-0.557119685244521,-0.559068725059139,-0.611535701313945,-0.608454173918587,0.723312887149946,-0.548829847861638,-0.191322945644976,-0.48183804574133,-0.838101809661048,-0.661256593696907,-0.444251915781118,-1.43387263470959,-0.0774626830755764,0.665559692457595,-1.23321624918318,-0.178217714801685,0.311566195365187,-1.50475163444123,-0.479994764969224,-0.917186199337522,0.842367611990508,0.599231471081475,-0.208726243913775,-0.555594417312278,-0.533338919381635,-0.420577536957683,-0.804199687741353,-0.776275543828826,-0.817460640601083,-0.768973580240562,1.53318522279537,-0.212278938005688,-0.0717389230187961,0.102933683049804,-0.0276726255657857,-0.716257828742818,0.543772920206689,-1.40638212283126,-1.57800746730998,-0.259960048234497,-0.139144981884744,-0.112528209839365,-0.400275637054622,-0.391348688885798,-0.822547334916973,1.27253664374943,-0.453822940289352,0.625555741065352,-0.00859578069383644,0.511849510519854,-0.0381763034178386,0.114002523928599,1.30296273431785,-0.722945859776196,-0.478855999702333,0.0352672065190975,0.0272941611820292,0.294997464739033,0.527576300903674,1.13372553814103,-0.245486398509103,1.01448754905113,-0.000739682945828393,0.230460115746014,3.7696264931462,1.50530404340575,-0.321861540250354,0.817012170494165,-0.446961579774181,0.00542422998716656,-0.465840642700386,-1.0800134318184,0.471376515769501,-0.400622650407643,-1.23504806525446,-1.05911760742057,0.157602837798,-0.324717903551093,1.56977547151032,0.984240030386299,0.189657297261516,0.660797206038557,0.682832724400303,0.682832724400303,-0.171235730638567,-0.0713724957371486,-0.407970199261594,-0.524905716995868,1.67374758747806,0.418307893223313,-0.590959780665129,0.956767721070621,0.500862307366285,-0.286904425214791,2.25977598898883,-0.578408706761027,-1.64963732071814,-0.100893761675781,0.678929691805134,-0.0660825654799971,-0.913834660893733,-0.94524870236964,-0.757302642981302,2.21896413094179,2.11085709004626,0.969835185456777,0.655028649219603,0.0582574288134486,0.523566721032782,0.683344364777741,-1.54722343902544,-0.35568405855027,-0.973413929540229,0.347766031238483,0.228695275045463,0.304440963286713,3.03657363973098,-0.758443965028085,-0.444866529913555,-0.00652810323800724,-0.472016707391195,-0.378069979114223,-0.127296228476849,0.194009440828534,-0.0598300184254683,-0.629227587743642,0.0538662644052637,2.20837201221683,-0.241958561604024,2.18215345214742,-0.172720524612857,0.106554821172549,-0.421455927079768,1.58497648511533,0.396950550146819,-0.0597367947051054,0.547943834717897,-1.38132689651321,-1.00117832437123,-0.648184017845477,0.682832724400303,-0.333979422149212,-0.242196122550708,-0.484813844404564,0.169327956712836,-0.244176455639738,0.417322912631512,-0.265657561852559,0.0902969459852806,0.879278868207322,-1.1604488464998,0.94751679792459,-0.932455617038282,-0.402172844262473,0.726172755495118,-0.114785955883911,-1.02220602282232,1.48293160432397,-0.35364645738641,-0.508860858999424,0.112781443276156,-1.14079770961895,0.0902863202695546,-1.78040599374657,0.569447023159616,1.05548750468651,-0.34476848053886,-0.758469577859468,-0.0869550913836323,-0.381712258954214
comm.and.crime_point_0978,comm.and.crime,regression,0.33,0.0482829895862571,anomaly,-0.407594396246943,-0.171897892729153,-0.453822940289352,-0.142900394170307,0.47494529264708,-0.138158631432351,-0.544247527234835,-0.40441055463925,-0.0271763465708762,0.112378141086133,-0.0376193401481986,-0.129276609791536,-0.343626531286471,0.682832724400303,-1.19946681437632,-0.809973044778059,-0.00769059703221596,-1.88513473342576,0.454251997880092,1.00038226566123,-0.0551894052506902,-1.39050516068344,-1.30946937310901,-1.3278567205898,-0.938837241768986,-0.506783935891765,-0.882023949694159,-0.471261468611373,-0.277522937462631,1.43112880843274,3.15988919611814,2.45259488749434,-1.53769396295892,0.922333791906255,-1.38518864868289,-0.0315444440301896,-1.48524628731501,1.5019765425956,-1.88596088558311,1.69218282383531,-0.595388506645455,1.04145995105585,1.39279942030747,0.27330764431577,-1.14329182538575,-1.31161820029084,0.255854054961572,-2.20818928123867,-2.1436806295739,-2.8343186585478,-0.241958561604024,0.652348567438131,-0.34476848053886,-0.548685356986693,0.897849168625072,0.997145074653291,1.13926055797381,-0.641940381005198,-0.474442365249838,-0.484813844404564,-0.480698018482259,0.0180601640781611,-0.366776744657462,0.215662469600878,0.199830121136733,0.164544216239436,-0.218005403435109,0.770744885551916,-0.622048809726895,0.589342207685384,0.89743285167144,-1.23321624918318,-0.37760024144161,-0.719233528474505,-0.424861492610813,2.91808168946626,1.99308809633548,-0.319088773758589,0.805122423512198,1.58482195355542,-0.822944761547652,-0.835659608007726,-0.845653115392282,-1.03217440729726,-0.967408893757168,-1.05911760742057,-1.09698938712883,0.353242987609834,0.428494422483792,-0.0717389230187961,-0.286904425214791,-0.226875569169311,-0.716257828742818,1.66941109066569,0.358142534415864,1.61367176160246,1.45529556540112,-0.504578098615964,0.281382258310197,-0.400275637054622,-0.391348688885798,0.501118891746045,0.670299999286939,-0.375024355916575,-0.611019470771741,-0.30513534303829,0.108666922041517,0.703657382637049,-0.34476848053886,1.62692977686698,-0.380561081597017,-0.316872478427771,-0.388045418306067,0.744132303188673,0.166127940215069,1.11844200312802,0.0893771570848711,0.0937373566032682,-0.245486398509103,0.825219881684049,-0.757155338364351,-0.391348688885798,-0.230503261067549,0.0435715764808665,-0.26287797133625,0.632755165319001,-2.09902974087097,1.02809986702118,0.981586015860986,0.0686149044036935,-0.496372568292438,-1.23504806525446,2.32407992805221,-0.883719295584461,-0.628161290785547,-0.123475027790339,0.788476870306472,0.517473225955383,1.08749073869428,0.682832724400303,0.682832724400303,-1.70581571667588,2.58269051399943,-0.407970199261594,-0.294515666436819,0.0188878262786913,-0.967408893757168,-0.193933566835524,-0.478351146053977,0.749003691009788,-0.189444898148642,1.71356849746879,0.171039307067742,-0.626152826019497,-0.8651184939892,-1.30946937310901,-0.768973580240562,0.501118891746045,0.688607062513258,-0.669765384924741,-0.932377159094426,-0.838101809661048,-0.224332338641419,0.49304512794504,1.41519099927682,1.13012207196148,-1.95978115242195,-0.853052298495168,-0.277522937462631,-0.275583904330964,-0.35568405855027,-0.115382978305131,0.0869987106920766,-0.576459764357761,0.405665753241116,0.0427225572111723,0.281459459960805,-0.116905957376842,-0.718130441861903,1.56313410381259,-0.70552988692494,0.255364319065638,-0.262943549469985,0.826966057285032,-1.20457557245354,-0.333979422149212,0.0582574288134486,0.0654240792303436,-0.231370130585801,-0.267933252874971,-0.484813844404564,0.494832130186732,0.353242987609834,-1.56531543697313,-0.0924897401426294,0.469248568923321,-0.202586991059232,0.210721610511883,-0.333979422149212,-0.750927891608026,3.44356371978626,-0.720290730320524,-0.308861968134177,-0.481197144366448,0.514032132486567,-0.105678140049712,-1.13830693525114,-0.530206438786169,1.5926843953977,0.321344892711017,1.19138122643412,0.726172755495118,-0.534274058578104,2.10304692278542,0.629145668582266,1.50082079268855,-0.0564224436405426,-0.778386370841756,1.56159466386731,-0.165584803405107,0.207993071167575,0.68464204843914,-0.772702590882484,-0.230075729421995,-0.142989533805432,2.30490968715737,0.1226841919104
comm.and.crime_point_1585,comm.and.crime,regression,0.26,0.213191318605274,anomaly,-0.285624976855271,0.87205458879957,-0.296225771543798,-1.36452262772054,0.356575042642296,-0.261089604692552,0.748376364209891,-0.40441055463925,-1.57361064085844,1.08755631533559,-0.217794594564951,-1.30124646439444,-0.265657561852559,0.682832724400303,0.806623107946404,1.86889860619632,-1.23253488475092,0.36116540906914,-1.90724602035016,-1.02539690198974,-1.18908626388824,0.727959932947938,1.14986631244269,1.13461532484759,1.15914528050928,0.100102838577144,0.243808994474351,0.730395012732716,-0.35568405855027,-0.976145788122707,-0.917734455370194,-0.855916883775387,1.09145537628377,-1.45189061482096,2.63695887749056,-1.11857639274689,0.0535926868871247,-1.11211207947793,1.12007614608757,1.41815068347151,0.715621081014131,1.26980985812958,1.33833515053783,-1.14977363056188,-0.153076210305205,-0.0516442527306052,0.438711755891097,-0.171709938179167,1.6520257684351,1.61668345778153,-0.241958561604024,0.913279270551694,-0.230075729421995,0.181613250827385,0.328924458417437,0.500862307366285,0.9853905469603,-0.00578516280012634,0.0333157936059686,0.0643142022027552,0.158082758699382,0.326608230422067,-0.366776744657462,-0.801801068513758,-0.901326148435522,-1.19197687762592,-1.35779417839402,-0.655555707317298,-0.723526787849732,-0.267978366150136,0.723527982261056,-1.23321624918318,-0.37760024144161,0.363106181557171,-0.694834028068417,-0.571834669143156,-1.28758474605954,1.27253664374943,-0.677292433989011,-0.935840378022907,0.201898224687947,0.0713024578705468,-0.0380095163665442,1.24757278826182,0.896141268044168,0.793585804862147,0.730527251248644,-0.767702135816429,0.962472222891692,-1.31788698109049,-0.286904425214791,-0.226875569169311,-0.0240191880409045,-1.70750342071131,-2.1232202648379,-1.82735740706876,-1.92476696735142,-0.504578098615964,1.3646360457215,0.385562518790717,-0.391348688885798,-0.822547334916973,0.369181677055691,-0.0598300184254683,-0.314241419930838,-0.423751167976071,-0.467308204356106,-0.837074119169256,-0.34476848053886,-0.694834028068417,0.475400863850929,0.115083578304395,0.0881812846222431,0.744132303188673,-0.478219682404748,-0.407961060951538,0.715986185718564,0.432961111715639,-1.11777605451234,0.117254540572726,0.477363979273606,-0.391348688885798,0.774437809943307,-0.504578098615964,-0.96480656352602,-0.576527589185363,0.592713710226646,0.625885114403834,0.826966057285032,-1.26049841310347,1.41862578940345,0.221480193470925,2.32407992805221,-1.76062214474864,-0.870916000573111,2.78679926788266,-1.12021394047183,0.886266145735984,-0.477052214376713,0.682832724400303,-1.56531543697313,-1.26736429209379,0.164544216239436,-0.344648600652765,-1.04328333075373,-1.35065128643802,-0.632925531382569,-0.293190120292925,-0.0869550913836323,0.848260244467189,0.200393210115953,-0.198157722851353,0.866955319908742,-0.319107477609904,0.233454558711339,0.312645653531477,0.543089647312493,-0.0466050641145143,-0.103565429551178,-0.976145788122707,-0.713534013953022,-1.13299769963178,-0.883183386419734,-0.478855999702333,-1.47566747692775,0.523566721032782,-0.408381392326479,-0.212278938005688,-0.433845179637909,1.38847230962959,-0.433845179637909,-0.230075729421995,3.26165559857376,1.14403233282735,-0.0705609496871936,0.321344892711017,0.799837073718665,-0.393103207388005,-1.01568334676612,1.88008979111686,0.987720612375717,-0.296225771543798,-0.838532752471447,-3.70855272760961,1.26857485122064,0.12612488057673,-0.472716577020044,-0.696638653067897,-0.484813844404564,0.397331668679148,0.106554821172549,-0.581865250252313,-0.118733906464382,-1.36298210244952,-0.817460640601083,2.20702580645325,0.193499254972986,0.682832724400303,0.586229183302673,1.13137965390405,0.23327667808193,0.940330818808414,0.208622131821331,0.866582941130492,-0.499564470154296,-0.497628312119698,0.425322062429169,2.9811441184755,-0.293190120292925,0.0427225572111723,-0.542780556382761,0.726172755495118,0.357138159647056,0.372996185038278,0.324222120103087,-0.708757207400764,0.295474101638588,-0.600152808018174,1.56159466386731,1.42081616337779,0.260319362349526,-0.409710691716343,-0.575060418388539,-0.000690227188266011,-0.912339588872978,-0.782770299686468,-1.03742764507821
comm.and.crime_point_0343,comm.and.crime,regression,0,0.140641358067291,nominal,-0.224640267159436,-1.21585037425788,-0.453822940289352,3.27764185977035,0.238204792637512,-0.0971816403456179,0.0302519800739321,-0.18934904249111,2.1636055703365,2.20204565733496,2.30465896726958,-2.19417587742522,-0.499564470154296,-1.56531543697313,1.09320738256394,2.03291115625597,1.46212254823023,0.922740444692865,-2.36802612146826,-1.1604488464998,-2.08426799439157,0.576640997688553,0.46962452707733,0.545763313982127,-0.0646778574863729,-0.203340548657311,-0.370281702344836,-0.580502966915381,-0.433845179637909,-0.932377159094426,-1.38642682910448,-1.79415156518023,1.56948252887335,-1.6497426487149,2.57949962711665,0.462560987204673,1.47844358892614,-1.26292488459756,2.99884929088174,-1.21255786402103,1.39962608327131,-2.26961370151338,-1.82059249610084,1.30827584422678,1.6788226775938,1.69293505927587,1.1701425596092,1.70811714772191,-0.423751167976071,-0.780009989472726,-0.333979422149212,-0.869747200724323,-0.34476848053886,0.272900576804145,0.328924458417437,0.15346437026538,0.164750488221586,-0.260247250082155,-0.262876465726585,-0.315851368525389,-0.310356477900488,0.194373344846107,-0.639856399463727,-0.29306929945644,0.0425220826264111,2.05187791205211,1.04842656874146,2.72530495726158,-1.53535061283242,-0.172720524612857,-1.18942558125317,0.726172755495118,-0.444061083654919,0.46618615394114,-1.12679008480058,-0.709594525404054,0.458579831344262,-0.0609873547032339,-0.924361576905879,0.324490787766255,2.51893454139452,2.57624530648673,2.42742883855413,0.791623349150004,0.848357930562082,0.99496661054505,0.589949048296531,-1.41667036516848,-0.158881157964898,-0.954427130819579,-0.286904425214791,-0.226875569169311,-0.370138508391861,-2.14797053089092,-2.23350305591585,-3.12397709381444,-3.28688171935617,0.0435715764808665,-0.949587954657186,2.56844628502777,-0.391348688885798,0.820624532664704,0.111080258000336,-0.375024355916575,1.07072281732671,-0.720290730320524,0.0510694094017551,-0.209368692507428,-0.34476848053886,-0.802823042251458,-0.722945859776196,-0.748828535159937,-1.02301435554381,-0.0278472343569434,-0.413784920142767,-0.457199869470233,0.246029414243294,-0.197025862064479,-1.50546034606934,-0.649707912297875,-0.954678429186424,1.10660237664572,-0.413219819433159,-0.321861540250354,0.115083578304395,-0.878848277811454,0.152246600047036,1.77507012188196,1.18774596062892,-1.05911760742057,-0.639997445119629,-0.688849968232438,-1.13966992969373,-1.54139643245759,1.67800845219631,-1.28758474605954,0.0543650200071232,-0.261089604692552,0.37633485093474,0.682832724400303,0.682832724400303,1.08931211503494,0.872294352169189,-1.48443737561168,1.31821468747653,1.27429867960235,-0.250658831525885,-1.28575565486694,-0.521839596572905,-1.68278186869654,-0.286904425214791,-0.0889162245473447,0.278103309043281,0.806725466558606,-1.2949949059155,-0.733880170107544,-0.675254778272487,1.00319918461822,-0.697694798599504,-0.888608530066145,0.118069937584314,-1.13299769963178,-1.08907433885046,1.51894076268393,-0.000739682945828393,0.358142534415864,-0.638218393822105,-0.0520855978833183,0.347766031238483,2.78413236004812,-0.433845179637909,-0.34476848053886,-0.869747200724323,-0.533447461928133,0.194009440828534,3.52550175095922,0.281459459960805,-0.708757207400764,-0.293054863427304,-0.761207603085388,-0.017646871584048,-0.138628602798245,0.312645653531477,-1.90465321089015,1.36750086816761,-0.149937701058835,-0.0597367947051054,0.208310841536264,1.62721710408512,-0.882023949694159,-0.696016939253532,1.42470714056591,0.766222769924772,0.682832724400303,1.35745206077428,1.44953316445302,-1.09378104463172,0.682832724400303,-0.333979422149212,-0.343942476362171,-0.738257558223326,0.110020044243945,-0.438232993123054,0.192692898382022,-0.343626531286471,-0.595615855137194,-0.986987999991752,-0.890344957479674,0.10383609353668,0.808933979835743,-0.0740881826484698,0.726172755495118,-0.376966020067782,0.819460891553668,0.324222120103087,-0.708757207400764,0.848454387077221,-0.778386370841756,1.22972191624619,-0.779675500224294,0.626603400623183,1.83659230123439,1.50018239279789,0.228695275045463,1.08797055430264,0.34792941380564,0.374882417342708
comm.and.crime_point_1559,comm.and.crime,regression,0.19,0.489960253639349,anomaly,-1.44433446107615,0.87205458879957,-0.375024355916575,-0.326143729202842,-0.393103207388005,0.722358181389051,-0.687872404062027,-0.576459764357761,-0.220480633356821,-0.584177697663477,-0.458028267120621,0.540420449981549,-0.499564470154296,-1.56531543697313,-0.721826356680434,-0.919314744817829,0.727215975599007,-0.705827158615937,0.857434586358428,0.0550186540907768,0.839992325252642,-0.684350129472983,-0.681553878925593,-0.792536710712104,-0.822282657197971,-0.203340548657311,0.602028567618877,-0.908227461827405,-0.277522937462631,0.161838566612595,0.769558090073254,0.674887070095679,-0.725047803556634,-0.363704428404322,-0.580759143448198,0.264918814710728,0.680527083784293,0.747912516997469,-0.490300835164584,0.102796409725239,-1.45039475946692,-0.157377061081287,-0.0777358634726045,-0.438232993123054,0.441053158743122,0.287579502381766,0.210139629729191,0.924855861929795,0.169327956712836,0.4183367341544,-0.333979422149212,-0.826258750205395,-0.34476848053886,-1.46155861675429,-1.70972241982659,-1.98055152906875,-1.8868496586252,-0.769171424646212,-0.770634624582392,-0.78049817719312,-0.778795714500358,0.855547772725906,-0.639856399463727,-0.547435183985099,-0.429402032904556,-0.130351673731295,-0.534613396479251,0.453789198247646,0.341991982440051,-0.267978366150136,-0.0880280749874027,0.726172755495118,-0.37760024144161,0.208486222981217,0.547039635036561,0.576164133030994,0.458579831344262,0.111080258000336,0.969835185456777,0.663810717017184,-0.822944761547652,-0.792470938203999,-0.760637999705362,-1.07776935120844,-1.11075890620342,-1.05911760742057,-0.768973580240562,-0.000739682945828393,-1.28023453882149,0.291720927252114,-0.286904425214791,-0.226875569169311,-0.846052573874427,0.788476870306472,0.413283929954837,0.366922062808537,0.446321675027228,-0.230503261067549,-0.654155103545014,-0.70587936432781,-0.391348688885798,0.729337206687944,0.283147870703906,-0.453822940289352,-0.709945487718708,0.762407081401742,0.223861947321042,-0.551753470686607,-0.230075729421995,-0.26287797133625,-0.0381763034178386,-0.100894450061688,-0.335131340202921,-0.799826771902559,0.810475562834887,0.429098683866283,0.141594576137679,-0.293946934953727,-2.4262105385172,-1.12168480637209,1.16869479715086,-0.391348688885798,-0.321861540250354,2.14481199768538,-0.856817549342979,-1.09479162683009,-0.581865250252313,0.22367036178649,0.878506043477017,-0.414699029235275,-0.11337289675326,0.160791516024035,-0.575803673781598,-0.0616228744930443,-0.81022732312622,1.72851770581975,0.739536080286516,0.394542252695183,0.139282888348225,-1.56531543697313,0.682832724400303,-0.664493583293417,1.34412777612236,-0.534613396479251,-0.294515666436819,0.532464993547459,0.0838245308487138,1.09640162811069,-0.0434666408647052,-0.739844610851231,-0.189444898148642,1.8228099957728,-1.59551672552864,-0.421455927079768,-1.10393872283714,-1.2048167907451,-1.09698938712883,-0.594329019975073,-0.40063011407534,1.21228566329134,-0.582228126868179,-0.95606016564934,-0.0596195766968404,-2.26067473372252,1.17920255223971,-0.082988629895916,-1.38518864868289,-0.906450078535958,-0.35568405855027,0.153849957336276,0.582249394501401,-0.34476848053886,-0.565328047091832,-0.576459764357761,1.46394731530403,-0.0965886105387498,-2.36802612146826,-0.669300457399169,-0.590607768331523,-0.549903811549208,0.405665753241116,0.728155825302298,1.3591714771705,-1.3892533489703,-0.116389386036903,-0.333979422149212,0.589231434646941,-0.696638653067897,-0.189129511616007,0.499680118149013,-0.400332606464976,-1.9522073708111,-0.885696359334983,-1.56531543697313,-1.05911760742057,-0.555594417312278,0.193499254972986,0.682832724400303,-0.333979422149212,3.72591167609637,0.613442248810074,0.940330818808414,0.855477256765716,0.13653539481965,1.3716907962596,-0.44863454061095,0.425322062429169,0.280105228274217,-0.392446673750327,0.182033724961094,-0.355303606889044,0.726172755495118,-0.48183804574133,0.038147655151735,1.60490102371564,-0.35364645738641,1.95441495795449,-0.822944761547652,2.79426486931719,3.05839135489563,0.521950818259281,0.454251997880092,0.561382073451646,-0.230075729421995,-0.809759581530638,-0.347885794497196,0.526201352602092
comm.and.crime_point_0345,comm.and.crime,regression,0.02,0.052922162867944,nominal,1.60490102371564,-1.21585037425788,-0.375024355916575,-0.753711510945423,-0.708757207400764,0.927243136822718,-0.496372568292438,-0.533447461928133,-0.54265444466673,0.112378141086133,-0.337911430842786,-0.0176604331626889,-0.343626531286471,0.682832724400303,-0.483006127832491,0.0647605555401046,-0.791590941172187,0.473480416193885,0.16626443468128,0.190070598600841,-0.174546969317801,-0.482591549127137,-0.419922423015838,-0.578408706761027,-1.69644204148058,-0.324717903551093,-1.29141774757362,-0.96284821097941,-0.35568405855027,-0.232079094641932,-0.0740881826484698,-0.115205293192613,-0.916258664592466,-0.611019470771741,0.510966613656022,2.58721434151458,-1.08628803474409,1.70306028275511,-1.08077239495704,0.267215693943522,-0.253386005516867,-0.0432021075444176,0.0856569458362924,-0.308861968134177,0.0449669127109041,0.384500575271014,-0.201290197362241,0.246029414243294,0.999638731277305,0.703657382637049,-0.241958561604024,-0.217420442940414,-0.34476848053886,-0.913834660893733,-1.04597692458435,-0.392446673750327,0.267330495563925,-0.726761076765874,-0.728321444677741,-0.653776320283739,-0.608454173918587,0.723312887149946,-0.412290020458506,-0.649181537796562,-0.639146084251652,-0.484226741696171,-0.218005403435109,-0.761207603085388,0.139036026194378,-0.601380811530617,-0.0300597851839413,0.726172755495118,-0.444061083654919,0.981586015860986,-0.0468999429701671,-0.571834669143156,0.194009440828534,-0.620207095989836,-0.347866910099853,-0.208726243913775,-0.733827980135861,-0.792470938203999,-0.803145557548822,-0.485035080363082,-0.680708868864655,-0.817460640601083,-0.768973580240562,-0.708705024057152,-0.425870058168848,0.810949284781987,-0.286904425214791,-0.226875569169311,-0.716257828742818,1.42470714056591,0.413283929954837,0.267182086905024,0.900359925695479,-0.504578098615964,0.232143449791502,-0.531248663028845,-0.391348688885798,0.135969587839005,-2.12579870714607,0.0189685659473083,-1.10564955550658,0.940330818808414,-1.27367338131278,0.133016085671751,-0.34476848053886,-0.316872478427771,1.90200410626417,-0.910812056434499,-0.652615808821794,0.0272941611820292,-0.220480633356821,0.0351882157167206,0.402681671401718,0.675263793938761,0.33604003882639,-1.12168480637209,0.477363979273606,-0.391348688885798,-0.504578098615964,-0.504578098615964,0.277067099578957,1.19420787276746,0.0543650200071232,-0.925514645691636,0.208486222981217,0.149167226676855,-0.352747691465246,-0.870916000573111,0.551928838042662,0.376828550089045,-0.870916000573111,-1.44632698036898,1.18000319046612,0.886266145735984,0.565976421003951,0.682832724400303,-1.56531543697313,-1.8154285728214,-1.13299769963178,0.478532181262003,-1.33127089395254,0.703657382637049,0.0360411933666282,-1.98055152906875,-0.826258750205395,1.04677335138199,-0.286904425214791,0.948878009340733,-1.22079271861426,0.141460545004487,-0.530770173602079,-0.419922423015838,0.589949048296531,-1.46155861675429,0.0449669127109041,0.862136631065088,-0.275847723670213,-0.248310029719587,0.0639149947615938,1.41095174850089,-0.236728129982936,-0.744685376363587,-1.55756639980461,-1.28023453882149,-0.35568405855027,1.54951000775481,-0.433845179637909,-0.34476848053886,0.913279270551694,3.50970896645689,0.246923518931679,0.59996722821086,1.26061717483676,-0.195819457380031,1.83232302874569,-0.919685446737523,-0.864272121234376,-0.296225771543798,-0.0536383847421805,-0.66769354228252,-0.709945487718708,-0.241958561604024,-2.36062415331691,-0.506122969993337,-0.78049817719312,-1.64963732071814,-0.696016939253532,-1.12021394047183,-1.18068191813137,0.682832724400303,-1.17994609083031,1.09306603880586,-0.00454386804312309,0.682832724400303,-0.333979422149212,0.012169761977951,-0.400332606464976,-0.601674905382743,-1.34383016804519,-0.76198466217831,2.22934946003264,-0.399640769102202,-0.280832968781291,0.370139857947594,-0.144305290106824,0.391000476585978,-0.308434369515615,0.726172755495118,-0.219657981557459,0.707844714924821,1.5439163140198,-0.116905957376842,-0.91102833931843,-0.600152808018174,0.518566028486648,-0.114410578670175,0.103340488803673,-0.179320641157294,1.20371913405697,-0.115382978305131,-0.55330956317479,-0.43486269553505,-0.835669064732367
comm.and.crime_point_0127,comm.and.crime,regression,0.17,0.618232550045955,anomaly,0.812099797669774,-1.56383453476745,-0.0598300184254683,-0.814792622622935,-0.274732957383221,0.558450217042117,-0.352747691465246,-0.533447461928133,-0.864828255976639,-0.444866529913555,-0.518086685259539,-0.0734685214771128,-0.0317506535508209,0.592906797945366,0.328982650250517,0.884823305838383,-0.889578484189684,0.922740444692865,-0.640100742275393,-1.02539690198974,0.72063476118553,0.274003127169785,0.574277109441232,0.438699312006588,0.57637235765421,2.406272581559,0.550854342883945,-0.0342954753953406,-0.35568405855027,-1.06368304617927,-1.01147293011705,-0.905297656480906,0.326611932140444,-1.50135362329445,1.2579368685168,-1.01975530649992,0.0535926868871247,-0.659673664119051,0.798000749837136,-0.280848586784089,-0.53838808979069,-0.385726968155027,-0.350057212320766,-0.891031580584123,0.63909628175923,0.723724330383386,0.987284858679672,1.02929070003541,0.406559606588398,0.532464993547459,-0.241958561604024,-0.739281849167541,-0.230075729421995,-0.229179716068034,-0.334821036824805,-0.392446673750327,-0.296859544818942,-0.59953003312486,-0.60138190496379,-0.611535701313945,-0.608454173918587,0.635156296765973,-0.594343123662683,-0.954420599230953,-0.848890135598748,-0.720143453672756,-0.0913622062174521,-1.28946708192584,0.291252993378632,-0.744267573836537,-0.0880280749874027,0.726172755495118,-0.244678557014993,0.517726140133124,-0.100894450061688,-0.617754621230122,-1.65798329278156,0.670299999286939,-0.965539767392024,-0.548046173164703,-0.3328024637828,-0.360584240166726,-0.420577536957683,0.563648629594096,0.179391205812885,-0.0924897401426294,0.0744956374721161,-1.3576732534092,-0.692858958372798,-1.11019563807854,-0.286904425214791,-0.226875569169311,-0.672992913698949,1.13106240044617,0.192718347798946,0.0677021350979969,0.547219064064617,0.134929855663671,-0.555677486507623,-0.356617961729881,-0.391348688885798,1.32270482553688,0.842367611990508,-0.453822940289352,0.229851673277482,-0.186519518100509,0.511849510519854,-0.837074119169256,-0.34476848053886,-1.61274064862427,-0.209368692507428,-0.424861492610813,1.30520508099459,-1.62694770498715,-0.478219682404748,1.41387485424019,-2.05153702408025,-0.87547337228922,-1.02085498162309,0.23524876409128,0.477363979273606,-0.391348688885798,-0.230503261067549,-0.413219819433159,1.41095174850089,-0.835659608007726,0.445891340166776,-2.87912915840445,0.620806112517094,0.350548032359759,-0.161247855695657,-0.688849968232438,0.99496661054505,0.870086402743895,-0.324717903551093,0.299837597034825,1.27788477050604,0.968220127909451,-0.951156139549743,0.682832724400303,0.682832724400303,1.30853782732598,-0.602185097684464,0.668496977088488,0.454251997880092,0.133016085671751,0.800574593079997,0.10383609353668,1.69607137989238,0.848260244467189,-0.286904425214791,-1.01746896013141,-0.203684699846642,1.36964193864286,-1.05617467706755,0.260319362349526,-1.09698938712883,0.0903259248506256,-0.598673237091449,1.60620332454586,0.0743013085560334,-0.366268385707879,-0.677292433989011,-0.424861492610813,1.41519099927682,0.46842532549381,-1.61502565017851,0.962472222891692,-0.35568405855027,-1.45652702391587,0.347766031238483,-0.34476848053886,-0.260908893459341,-0.619472066787389,-1.34049882416269,3.52550175095922,-0.58250322963563,-0.550930207394384,0.429573619911515,-0.549903811549208,-0.176389105893484,-0.375024355916575,2.35337100962757,0.672346098709078,2.10944599526986,-0.333979422149212,-0.118733906464382,-0.649009732299257,-0.400332606464976,0.857899691293538,-0.738257558223326,-0.337161300152529,-1.3576732534092,0.682832724400303,-0.817460640601083,2.741726494924,-2.13350744046629,0.682832724400303,-0.149937701058835,-0.343942476362171,-0.611535701313945,-0.127211605631618,0.143936619326893,1.82126050169082,-0.499564470154296,-0.301653226084705,-0.58347083930006,-0.215085234929352,0.550490584094985,-0.723488865413399,0.535211903206109,0.726172755495118,-0.00991393021036301,2.21466309941426,-0.224640267159436,-0.669300457399169,0.747912516997469,1.13762442951176,0.518566028486648,0.0902863202695546,-0.629227587743642,-0.121723128517532,1.89546673778578,0.114002523928599,0.523780513919773,-0.0434666408647052,0.1226841919104
comm.and.crime_point_0728,comm.and.crime,regression,0.34,0.0030454337712702,anomaly,-0.956456783509466,-0.519882053238727,0.806954409675075,-0.326143729202842,3.23691779275872,-2.30993915902922,-0.639997445119629,-0.576459764357761,0.294997464739033,0.182033724961094,0.142555914268554,0.317188096723854,0.825908010222217,0.682832724400303,-0.960646585528377,-0.973985594837714,-0.595615855137194,-1.26740219423966,0.569447023159616,1.99076319206837,0.302883286950643,-0.986987999991752,-0.681553878925593,0.0104433041044344,-0.589173488055941,0.100102838577144,-0.523804376549633,0.129566772060671,1.36386060537779,1.5186660664893,1.05077351431383,1.21807556985638,-0.629442373038718,0.922333791906255,-0.925514645691636,-0.476239332141566,0.110586722968685,0.446286906758215,-0.705017765998204,1.69218282383531,0.487619413595073,1.66942219550863,1.71958503892526,0.0145655943380156,-2.23252900197435,-2.28082892918333,-2.44129703374892,-2.31262411934429,0.287943781650617,0.0759519559752211,1.59845864929975,2.60932884078986,-0.230075729421995,1.64221046645554,1.46677387883271,0.997145074653291,0.728940528604452,-0.59953003312486,-0.64369508486844,-0.653776320283739,-0.693624944209472,0.767391182341933,-0.594343123662683,0.26653564650661,0.0949580954631852,-0.366268385707879,-0.597934995088079,0.242485406711466,-1.07869971127966,0.113052999998984,0.433686533243749,-1.23321624918318,1.01807744503787,-0.564613569898551,-0.910812056434499,3.51504106659682,0.564407987550553,-0.233054967406804,1.21690432837365,0.615336441409908,-0.867503152253548,-0.835659608007726,-0.803145557548822,-1.30574407076435,-1.11075890620342,-0.978565285147405,-0.956411184176713,0.412240099369111,-0.799654518454378,-0.0717389230187961,0.492771791314399,0.86874062065008,-0.846052573874427,1.22894398048608,-0.0278472343569434,0.716011978470835,0.698565147620701,0.683079530760502,-0.211005826876756,-0.0510142344566935,2.56294369035692,-0.776903671928593,1.27253664374943,-0.296225771543798,-0.561556462298257,0.0507121317750543,-0.640100742275393,0.4183367341544,-0.34476848053886,2.27486386196523,-1.23652302704496,0.385056113761999,-0.599701730718649,-0.854968167441532,-2.08908873895429,0.133665832754111,-0.328362195337591,-0.0516442527306052,1.06294808549576,0.353242987609834,-0.559632247542278,3.7696264931462,-0.139144981884744,-0.413219819433159,-0.640839520976896,3.18088668373891,-1.51174026063149,-1.44264789905679,-0.616153556090535,-0.374422868098694,1.22712595363386,0.100102838577144,1.67966134986692,-1.21255786402103,0.585612258152271,0.194009440828534,1.37576635054595,0.23063428834825,-0.666693784445925,0.682832724400303,-0.0815376504666633,0.376828550089045,1.5210653101048,-0.471291797870422,0.16626443468128,0.475400863850929,1.08727461797251,-1.08724254795214,0.0435102601731493,-0.69021633412253,-0.286904425214791,0.5119120161247,-0.36428070280995,-1.64963732071814,0.376746696020106,1.88243438899001,-0.675254778272487,-0.868190997905353,0.589585501005203,0.818368002036808,-1.23875756229239,0.282502572227728,-0.7596488149613,0.978995691768727,-0.826699247575706,0.247859743337919,-1.15535164718726,-0.265676718046478,0.504088273413761,1.92526463671364,-0.433845179637909,-0.34476848053886,1.91351363248702,-0.576459764357761,-1.34049882416269,0.391000476585978,-0.236918153797056,-0.195819457380031,-0.420577536957683,-1.39511897769393,2.46931479926379,-0.453822940289352,-0.629227587743642,0.723886084901063,2.35676103763728,-0.333979422149212,-1.23967902989064,0.494084366148104,-0.569295082344151,0.192634769739419,-0.231370130585801,-0.924450780392009,0.471237211128387,0.660351242786569,-0.777184479464502,-0.733827980135861,-1.2423133868938,-1.56531543697313,-0.333979422149212,0.622647884846732,-0.44257322543477,-1.13544611760276,-0.114805430650861,0.641952926881002,0.124187285317004,0.237278260511525,-0.533031194213599,-1.02539690198974,-1.28575565486694,0.182033724961094,0.910165802193541,0.726172755495118,-0.796454122761974,-1.24543837608001,0.812099797669774,-0.590386957395979,0.044119426439209,-0.956619933665339,3.0313168319037,-0.216759028140039,-0.629227587743642,-1.21607586867302,-1.01975530649992,-0.230075729421995,-1.3739496219135,-1.0002125522811,-0.684350129472983
comm.and.crime_point_0566,comm.and.crime,regression,0.04,0.150179624987885,nominal,0.56816095888643,-0.867866213748302,-0.138628602798245,-0.753711510945423,-0.629843707397574,0.763335172475784,-0.544247527234835,-0.576459764357761,0.423866989262996,0.391000476585978,0.322731168685307,0.0939557434661589,-0.499564470154296,-1.56531543697313,-0.769590402450023,-0.0992519945195506,3.47086718008891,0.0803778912572774,0.16626443468128,-0.170067920092664,-0.771334789653356,-0.633910484386522,-0.629227587743642,-0.739004709724335,-0.356064318913911,-0.870916000573111,-0.4726301518147,-0.307399221155361,-0.121200695287352,0.293144453697438,0.113388766845247,-0.362109156720205,-0.151415220449137,-0.116389386036903,0.108751861038678,-1.61268182398175,0.680527083784293,-0.358048053879797,-0.275583904330964,-0.445267871002372,0.0316160787569558,-0.614076875228766,-0.567914291399295,-0.438232993123054,0.143988474218959,0.384500575271014,-0.155575772129859,-0.328362195337591,1.0589466437462,0.703657382637049,-0.241958561604024,-0.43486269553505,-0.34476848053886,1.55092314047878,0.755617991073163,0.252720923722782,-0.0916995301342629,-0.345067945842831,-0.474442365249838,-0.527054463374357,-0.565868788773144,0.591078001573987,-0.548829847861638,-0.750927891608026,-0.7440181099252,-0.720143453672756,-0.15468380482628,-1.1309892382737,0.139036026194378,-0.553751890761977,0.375718243440288,-1.23321624918318,-0.111756872588377,0.00232627821327909,-0.154888957153209,-0.52591471705619,0.511493909447407,0.197114064352121,-0.594936053016721,-0.69346899998653,-0.733827980135861,-0.749282268400272,-0.760637999705362,-0.849794631652535,-0.871842218792997,-0.857736801737663,-1.05012998614479,-0.295725241742213,-0.105483377924108,-0.175584594524771,-0.0919853710824933,-0.226875569169311,-0.672992913698949,0.641654500246602,-0.138130025434889,-0.181647804660787,0.042732118877671,-0.230503261067549,-0.06328940132067,-0.618564013678328,-0.391348688885798,-1.00512198687049,-2.12579870714607,-0.138628602798245,0.0814626478570313,-0.00859578069383644,-1.21607586867302,-1.17945889734843,-0.34476848053886,-0.370866985519292,0.30420847476134,-0.586845013885375,0.723150221859989,0.633849512110727,0.101693177953087,-0.309483443914147,-0.328362195337591,0.384500575271014,-0.197025862064479,-1.00369058285354,0.971171706328788,-0.391348688885798,-0.504578098615964,-0.230503261067549,1.03299019886025,-0.61971625898909,0.984240030386299,0.338588862534303,-0.66769354228252,0.471376515769501,-0.592122486177232,0.342857548364707,-0.495251351508437,0.212409265870761,-0.446095258444874,-0.440959496409212,0.837417660326429,0.517473225955383,-0.00294828920368394,0.682832724400303,-1.56531543697313,-0.8289128675117,0.0465858602511433,-0.661256593696907,0.627044535799378,-1.35065128643802,0.609441243151654,-0.293190120292925,1.60909447885453,1.14602990483939,-0.189444898148642,-0.307399221155361,-0.899600712687643,1.52316461284766,0.185690512941751,0.992887438896841,1.80829347388151,-0.320467042044794,-1.2423133868938,-1.01991441715099,0.862136631065088,-0.543205919690318,0.228627756706173,2.11288034069066,-1.3576732534092,-1.40638212283126,1.88998862262977,0.214903302320632,-0.199361816374992,-0.436621602456179,-0.043039574199713,-0.115382978305131,0.260952512767785,1.70319226441252,1.41103323720088,-0.305555362163633,0.91503209899819,3.23691779275872,-0.888160673235742,-0.127296228476849,-0.22930318399663,-0.375024355916575,-1.1001642083812,-0.616153556090535,1.91159396137593,-0.241958561604024,-1.47566747692775,-0.0774626830755764,-0.569295082344151,-0.626152826019497,3.44356371978626,-0.239279720112616,1.41519099927682,-1.56531543697313,0.914414288271889,1.00394925739407,0.193499254972986,0.682832724400303,-0.333979422149212,0.0630429388836828,-0.273610749555595,0.821714993870633,-1.73194324301182,0.58579542331863,-0.499564470154296,-0.791590941172187,0.879278868207322,-0.215085234929352,1.24528645829679,-0.235899778288672,-0.964603692743623,-1.23321624918318,-0.586710071414878,-0.687357492935775,-1.38334975138032,-0.590386957395979,0.446286906758215,-0.689269589429965,0.281514065900134,-0.4726301518147,-0.576901296561691,1.37581220011629,-0.525649875265053,-0.230075729421995,1.75474060202785,-0.739281849167541,0.47576170751563
comm.and.crime_point_1423,comm.and.crime,regression,0.03,0.022640964497049,nominal,0.629145668582266,0.87205458879957,-0.453822940289352,0.345748499249786,-0.708757207400764,0.968220127909451,-0.687872404062027,-0.533447461928133,0.166127940215069,-0.375210946038594,-0.397969848981704,-0.464125139678079,-0.343626531286471,0.682832724400303,0.328982650250517,0.447456505679301,-1.42850997078591,0.192692898382022,-0.236918153797056,-0.350137179439416,0.959349889319753,0.1226841919104,-0.105964675924132,-0.310748701822181,-1.69644204148058,0.706989613046053,-0.267933252874971,0.566532765276704,-0.35568405855027,-0.363384981726775,-0.636519031129619,-0.312728384014686,-0.486034227261844,-0.462630445351289,0.338588862534303,1.40136130655091,-0.288371529602239,0.898725322117096,-0.597659300581394,-0.171235730638567,-0.937391007774043,-0.614076875228766,-0.45898575186003,0.27330764431577,0.936160966283394,0.723724330383386,0.53014060635586,1.44703005245787,0.940330818808414,0.190080215368281,-0.333979422149212,-0.826258750205395,-0.34476848053886,-1.14205297583563,-0.90374574703244,-0.938357717766034,-1.11749960355766,-0.726761076765874,-0.64369508486844,-0.653776320283739,-0.65103955906403,0.723312887149946,-0.594343123662683,-0.191322945644976,-0.0623499430471371,0.518419284204312,0.541853779870831,0.189659458827421,0.798642883992814,-0.506122969993337,-1.01552071184278,0.726172755495118,-0.37760024144161,-0.461533597514582,0.763017663402644,-0.479994764969224,2.57514295547008,0.0250464516485512,-0.718470624475156,0.179067960944429,-0.64471119872407,-0.662904928792817,-0.633115326174983,-0.348250248629537,-0.489575518936313,-0.616079834918179,-0.300379570400185,-0.94469347109426,-1.44042787894386,-1.36980981684348,-0.286904425214791,-0.226875569169311,-0.629727998655079,0.396950550146819,0.854415094266617,0.0677021350979969,0.849911231176784,-0.321861540250354,-0.70339391206371,-0.662221689003069,-0.391348688885798,-1.23334030181239,1.10046903104586,-0.296225771543798,-0.215315402983871,-0.30513534303829,1.83659230123439,-0.665881730079667,0.228695275045463,-0.802823042251458,-1.46477954583108,0.547039635036561,-0.70552988692494,1.18526346750045,-0.0271763465708762,-0.260244635395451,0.0893771570848711,0.432961111715639,0.869105939717259,-0.0597367947051054,1.46497943338397,-0.391348688885798,-0.230503261067549,-0.321861540250354,-0.424861492610813,-0.0582635515406352,1.03318082040625,1.08555911739508,-0.409993611322597,-0.334146706962114,0.0781269390163294,-0.264029226104202,1.35745206077428,0.541247834307328,0.100102838577144,-1.23467066795639,-0.288220510132573,0.804312163562517,0.186693280865528,-1.56531543697313,0.682832724400303,-1.04813857980274,-0.484226741696171,0.0986025896090331,0.16626443468128,0.36127260445787,0.752791255597911,1.19565818156809,3.26165559857376,0.600118860823686,0.00547415598365529,0.78501576188472,-0.578408706761027,0.499680118149013,-0.626298265141257,-0.0536383847421805,1.33969946404113,-0.137892390091274,-0.450140894829368,-0.494690868811617,-1.32629482034895,-0.838101809661048,0.0639149947615938,-1.23477909898362,-0.177731018223659,-1.40638212283126,1.2579368685168,-1.38703009890307,-0.433845179637909,-1.08077239495704,-0.35568405855027,-0.34476848053886,-0.91323565124325,-0.533447461928133,0.194009440828534,0.112378141086133,-0.179320641157294,-0.35364645738641,0.472081177754975,-0.497077863665163,-0.440959496409212,1.67373883777562,-0.786206461289495,-0.152293680362675,-0.314241419930838,-0.241958561604024,-0.531713688779321,0.0177951584617036,-0.569295082344151,3.21191402910042,-0.484813844404564,0.935299240366342,-0.118733906464382,-1.56531543697313,-0.213318223552372,-0.243685682371009,-0.103565429551178,0.682832724400303,-0.0579168405136468,-0.445688830173635,-0.315851368525389,-0.779598642789415,0.0145655943380156,1.82126050169082,-0.499564470154296,-0.889578484189684,-0.381712258954214,0.68526106180441,-1.58352531523914,3.52550175095922,0.957035039566971,0.726172755495118,3.92278703254769,-0.296700874734808,0.507176249190595,-0.472016707391195,0.194932231558836,-0.466477635900487,-0.145179466755593,1.06259659023327,-0.629227587743642,-1.50406343187183,-0.624470961512025,-0.34476848053886,-1.73297964761169,-0.347885794497196,-0.179953678608368
comm.and.crime_point_0203,comm.and.crime,regression,0.29,0.24827789479009,anomaly,-0.651533235030286,-1.21585037425788,-0.375024355916575,0.590072945959833,-0.708757207400764,0.558450217042117,-0.687872404062027,0.41282319152368,0.423866989262996,0.251689308836056,-0.0376193401481986,-0.352508963049232,-0.343626531286471,0.682832724400303,-0.387478036293313,0.11943140555999,-1.08555357022468,-1.32355969780203,0.16626443468128,-0.170067920092664,0.780313543219086,-0.533031194213599,-0.890859043653398,-1.06019671565095,0.284985896226672,-1.23504806525446,-1.59846309598321,-0.580502966915381,-0.35568405855027,-0.0132359495005283,0.394604191085821,1.31683711526742,-1.53769396295892,0.625555741065352,-0.408381392326479,1.05548750468651,-1.25727014298877,2.40685337331337,-2.04699858370833,1.19892497118046,-0.424387256081161,0.413497706603062,0.739228183071879,0.726106231776839,-0.00454386804312309,-0.148565325619854,-0.155575772129859,0.402681671401718,-1.25406194254054,-1.40771541613455,-0.241958561604024,-0.347885794497196,-0.34476848053886,-1.27898396480077,-1.33043927968817,-1.63315359196784,-1.8868496586252,-0.726761076765874,-0.728321444677741,-0.738257558223326,-0.736210329354915,0.106216754462134,-0.230236917254329,0.470028354129537,0.566882210994152,0.813315174175043,0.351888984044347,1.51030815592855,0.747903894931396,0.255939762304904,0.201813374029904,0.726172755495118,-0.444061083654919,0.569266126325109,0.978995691768727,2.41296221650963,1.35811915909774,-0.620207095989836,0.146271375733883,-0.790417551201081,-1.00117832437123,-1.00841428722264,-1.05819090460958,-0.71300979991899,-0.871842218792997,-0.978565285147405,-0.581535976304412,-0.94469347109426,-2.24139457955571,0.499412270264063,-0.286904425214791,-0.226875569169311,-0.586463083611209,0.348009760126863,0.799273698727645,0.865621942326106,0.698565147620701,-0.413219819433159,-0.457199869470233,-0.531248663028845,-0.391348688885798,-1.05076564985887,0.369181677055691,-0.296225771543798,3.14816917321302,-0.898214467727196,-0.294515666436819,-0.951202378562316,-0.000690227188266011,-0.694834028068417,0.24714434506481,0.547039635036561,0.617322065653698,0.964697885344563,-0.735958731452675,-0.949587954657186,0.402681671401718,-0.681631226510723,0.0452768201586437,2.94911590501802,0.576125524684642,-0.391348688885798,-0.321861540250354,0.957154368308917,0.331061606670478,-0.662904928792817,0.592713710226646,0.913181366273366,0.826966057285032,-1.17994609083031,-0.639997445119629,-0.567472613338656,-0.0119374178694681,0.267215693943522,0.160791516024035,0.564407987550553,0.592713710226646,0.517473225955383,-0.998566532067046,0.682832724400303,-1.56531543697313,0.979699258889417,-0.779122631666902,-0.0913622062174521,1.03022712427771,-0.323496951900488,0.752791255597911,0.649747137552387,0.956767721070621,-0.0450487366494222,-0.286904425214791,-0.744365214371393,0.224571308055511,1.06259659023327,-0.483006127832491,0.312645653531477,-0.8158329812246,-0.548685356986693,-0.0540546487971503,-1.15122030423583,-0.494690868811617,-1.13299769963178,-0.636114243502866,-0.316872478427771,-0.531713688779321,0.358142534415864,-0.121085140456948,0.108107742239052,-0.35568405855027,-1.08077239495704,-0.433845179637909,-0.34476848053886,1.39165222625989,3.6817581761754,2.04600217443863,0.112378141086133,0.511849510519854,-0.669300457399169,1.36473989246763,1.08770057285619,1.7814317839229,-0.453822940289352,-0.315269840651936,0.208486222981217,-1.20457557245354,-0.241958561604024,-1.12168480637209,-0.696638653067897,1.16257029541739,-0.216759028140039,-0.611535701313945,0.935299240366342,1.06120832872116,-1.56531543697313,-1.17994609083031,2.78628488562989,-1.58888885217199,-1.56531543697313,-0.333979422149212,-0.547435183985099,-0.738257558223326,-0.483059080444962,0.467364181799085,0.641952926881002,-0.265657561852559,-1.18354111324217,1.73675283467717,0.595226432131034,0.94751679792459,0.0427225572111723,1.80068131228869,-1.23321624918318,3.92278703254769,0.540420449981549,0.507176249190595,-0.669300457399169,-0.458589923959548,2.16246741574736,-0.524462606894016,-0.421455927079768,2.40569730080952,-0.00652810323800724,0.116687185340269,-0.230075729421995,-0.758469577859468,-0.652304948129686,0.677520287861476
comm.and.crime_point_1815,comm.and.crime,regression,0.09,0.07592371668364,nominal,0.0192985716239078,1.56802290981872,-0.375024355916575,1.13980295105744,-0.116905957376842,0.35356526160845,-0.161247855695657,-0.533447461928133,3.71003986462407,3.52550175095922,3.98629467515928,-0.966397934507894,-0.499564470154296,-1.56531543697313,-1.10393872283714,0.502127355699187,2.63797306444019,0.192692898382022,-0.812893280194679,-0.215085234929352,-0.592298443552689,-0.785229419645906,-1.04783791719925,-1.16726071762649,-0.938837241768986,-0.749538645679329,0.192634769739419,-1.12671045843542,-0.199361816374992,1.69374058260242,-0.355303606889044,-0.609013020247796,0.995849945765856,0.823407774959287,-1.15535164718726,-1.16798693587037,2.16237202190487,-0.810486469238678,0.100170724627871,-1.54139643245759,3.22363942262377,-1.58456398029216,-1.60273541702231,-1.14977363056188,-0.0540546487971503,0.0937373566032682,0.255854054961572,-0.11949251912636,-0.423751167976071,0.0759519559752211,-0.333979422149212,-0.173931992421487,-0.34476848053886,2.60072738921152,2.41498172917877,1.9897106092273,1.60087059101434,0.0790355329605499,-0.0513105662033324,-0.189129511616007,-0.267771092755045,0.591078001573987,-0.594343123662683,-0.903547422325221,-0.953762161272296,-1.13299769963178,-0.787899790914564,-0.814033550969433,-1.33239465658675,-0.553751890761977,0.89743285167144,-1.23321624918318,-0.37760024144161,-0.306913638938628,-1.45075712734971,-0.571834669143156,-0.599701730718649,0.369181677055691,0.146271375733883,-0.741943275593805,-0.733827980135861,-0.662904928792817,-0.675622884018443,-0.849794631652535,-0.776275543828826,-0.817460640601083,-0.862692382208638,2.18215345214742,-0.853052298495168,-1.52557832410244,-0.286904425214791,-0.226875569169311,-0.54319816856734,0.10330581002708,-2.45406863807174,-3.12397709381444,-0.713998298902748,-0.413219819433159,-0.407961060951538,-0.662221689003069,-0.391348688885798,-1.09640931284725,1.83175638503604,-0.453822940289352,1.12018582580019,1.17756246868398,-0.409710691716343,-0.0381763034178386,-0.34476848053886,-1.23477909898362,-0.152304562810898,0.331061606670478,1.56977547151032,0.0824355567210018,-0.413784920142767,0.527576300903674,-0.432797033443206,0.626803257494137,-1.89314463762633,0.589231434646941,-0.707774565658833,-0.391348688885798,-0.504578098615964,-0.504578098615964,-0.370866985519292,0.460000486104092,-0.777628410332139,0.281129612160397,1.08466598824495,0.310271871223178,-0.400622650407643,-0.446095258444874,-0.334146706962114,-0.280848586784089,-0.203340548657311,-1.55215513657527,-2.09902974087097,0.640404199215584,-1.33043927968817,-1.56531543697313,0.682832724400303,1.03450568696218,0.0465858602511433,0.0986025896090331,-0.179320641157294,0.760721512333579,0.418307893223313,2.98227614380132,-0.521839596572905,-1.48426876178174,0.00547415598365529,-1.07208970928342,-0.257216700834412,0.397331668679148,-0.769590402450023,0.103340488803673,0.543089647312493,0.364187902780905,1.53029033533172,0.993442518149931,-0.582228126868179,0.459440106210166,-0.14197595766913,-0.424861492610813,0.176251652332003,1.9021016095071,0.683344364777741,-0.212278938005688,-0.433845179637909,-1.18813086037385,5.50640002302267,-0.34476848053886,0.34792941380564,1.48813075226438,0.564407987550553,-1.55935587191293,2.81575001611035,-0.708757207400764,0.514588735598435,-0.444251915781118,-1.28758474605954,-0.453822940289352,-0.629227587743642,-0.358453625130612,-1.20457557245354,-0.333979422149212,0.825219881684049,-0.363236207687417,-0.696016939253532,-1.18906929810375,0.486720391900693,1.66941109066569,-1.59366170044631,0.682832724400303,2.08242296123273,0.959390866688173,0.441053158743122,0.682832724400303,-0.149937701058835,0.317408823412342,-0.44257322543477,0.287943781650617,-0.56760401811193,1.48431548031659,2.07341152116482,-1.03655979871593,0.274003127169785,-0.485189123949481,-0.193933566835524,0.530311644335899,-0.964603692743623,0.726172755495118,-0.167221968720685,-0.575741316306927,1.60490102371564,0.948426292666218,-0.860757404278554,0.692040522452799,-0.998566532067046,-0.728501275489362,-0.681553878925593,0.396654485240329,-1.0691658496234,-0.34476848053886,-1.06620959988649,0.391417864324567,-0.633910484386522
comm.and.crime_point_0556,comm.and.crime,regression,0.55,0.0128818832567484,anomaly,0.507176249190595,-0.867866213748302,-0.296225771543798,-0.570468175912889,3.23691779275872,-2.63775508772309,-0.639997445119629,-0.576459764357761,0.166127940215069,-0.514522113788516,-0.458028267120621,0.763652803239245,-0.499564470154296,-1.56531543697313,-1.19946681437632,-1.08332729487748,-0.15467191155846,-1.37971720136441,1.03022712427771,1.90072856239499,0.243204504917087,-1.08786729016467,-0.890859043653398,-0.0430886968833349,-0.764005364912463,-0.446095258444874,1.77903573652232,-0.689744465219389,-0.043039574199713,1.60620332454586,1.61320436279498,1.46497943338397,-0.629442373038718,0.823407774959287,-1.27027014793507,1.30254022030394,0.680527083784293,1.5019765425956,-0.436621602456179,0.705667118525611,0.715621081014131,1.38398481166645,1.17494234122894,-0.308861968134177,-2.43057212499046,-2.28082892918333,-1.93843835619273,-2.52149379555552,1.35548620609065,1.27429867960235,0.0341040200315418,1.73955983041131,-0.34476848053886,-1.23334030181239,-1.28302888717086,-0.789472887579932,-0.194279537476602,-0.769171424646212,-0.728321444677741,-0.738257558223326,-0.693624944209472,0.811469477533919,-0.685369675264771,0.012169761977951,-0.114785955883911,-0.602185097684464,-0.977864586741049,0.0311816151752862,-0.926482744095404,-0.0774626830755764,0.0858767944229815,0.726172755495118,-0.244678557014993,-0.152293680362675,-0.748828535159937,0.116964612161334,-0.440959496409212,-0.233054967406804,2.24635909052726,3.37837015102461,-0.867503152253548,-0.792470938203999,-0.675622884018443,-1.4425289024979,-1.44524226857802,-1.34105073537663,-1.28442699106498,0.530234322887664,0.108107742239052,2.21286585011264,-0.189444898148642,-0.226875569169311,-0.846052573874427,1.42470714056591,0.523566721032782,0.865621942326106,0.749013842139396,-0.230503261067549,-0.358722252432842,-0.618564013678328,-0.391348688885798,0.272900576804145,-0.620207095989836,-0.453822940289352,-1.10564955550658,-0.483059080444962,1.14542214955724,-0.0381763034178386,-0.34476848053886,0.115083578304395,-0.0381763034178386,-0.370866985519292,-1.55215513657527,0.799273698727645,-0.284915395618803,2.49712864165149,0.768203604771372,-0.778552299399972,0.287579502381766,-0.708705024057152,-0.757155338364351,-0.391348688885798,-0.413219819433159,0.591721251577697,1.19497372013481,-0.965225617418908,-0.581865250252313,1.08555911739508,-3.70855272760961,-0.293870545825533,-0.496372568292438,0.282168870917816,0.632481160315823,-0.993332151729983,0.0394141611302526,0.458579831344262,-1.90326658079114,-0.629882524473152,0.234103673382831,0.682832724400303,0.682832724400303,0.267215693943522,-0.425247563702025,0.668496977088488,-1.10088084339349,0.988978031119698,0.274957880777056,0.500862307366285,0.434906314843494,-0.839101164308632,0.200393210115953,0.402670517820692,0.224571308055511,-0.267933252874971,-0.626298265141257,1.62080293308025,0.496230246328455,2.8745893671418,-0.00454386804312309,2.52534453413976,-0.582228126868179,-0.602185097684464,-0.14197595766913,0.763017663402644,0.707225658165495,0.854415094266617,-0.638218393822105,-0.0520855978833183,0.582249394501401,-0.00718774078893893,-0.433845179637909,3.55478505743454,0.434906314843494,-0.447422857068877,0.458579831344262,-0.0965886105387498,-0.352113179076581,-0.669300457399169,-0.293054863427304,2.72530495726158,0.0352672065190975,-0.296225771543798,0.260319362349526,1.13620597443694,1.41696387664109,-0.0579168405136468,0.766222769924772,-0.410865128456057,-0.44257322543477,-0.67732705075443,-0.484813844404564,0.984240030386299,-0.885696359334983,0.682832724400303,-0.334146706962114,2.11790902504146,0.787628624021312,0.682832724400303,-0.241958561604024,-0.343942476362171,3.44356371978626,-0.127211605631618,-1.34383016804519,-1.6043472156139,-0.187688592418646,-0.350646997593453,-0.331272613867753,-0.440171809112793,0.798631967738489,-1.83797820741278,0.207127241592105,0.726172755495118,-0.796454122761974,-0.575741316306927,-0.407594396246943,-0.669300457399169,0.295474101638588,-0.199127291665113,-1.18820810213626,-0.319107477609904,-0.105964675924132,-1.79205099507064,0.759024245945591,-0.34476848053886,0.318620499235095,-0.0869550913836323,-0.179953678608368
comm.and.crime_point_1773,comm.and.crime,regression,0.09,0.333336106157044,nominal,0.629145668582266,1.22003874930914,-0.375024355916575,-0.570468175912889,-0.629843707397574,0.927243136822718,-0.639997445119629,-0.576459764357761,0.681606038310923,0.112378141086133,0.562964841240977,0.596228538295973,-0.499564470154296,-1.56531543697313,-1.00841063129797,-1.30201069495703,-0.644609626645943,-0.368882137241703,0.742239561078903,1.00038226566123,0.780313543219086,-0.93654835490529,-0.681553878925593,-0.846068711699873,-0.880559949483478,-0.870916000573111,-1.64963732071814,-1.34519345504344,-0.277522937462631,0.687062114951965,0.160258004218676,0.181079343040496,-0.247020650967053,0.32877769022445,-0.86805539531773,-0.42682878901808,1.59243166108926,-0.106693378680418,0.422246120878301,0.596054262380089,-0.0253843380978089,0.356410229834627,0.52137110399335,-0.891031580584123,-0.499651675583395,-0.245486398509103,0.027281928799666,-0.380579614390398,0.110020044243945,-0.0381763034178386,-0.241958561604024,-0.304397343978269,-0.34476848053886,-1.46155861675429,0.660797206038557,1.04677335138199,0.472490510248604,-0.769171424646212,-0.686008264773091,-0.696016939253532,-0.693624944209472,0.855547772725906,-0.594343123662683,-0.700054714702294,-0.691582097088426,-0.95606016564934,-1.10450778395871,-0.549903811549208,-0.216136897235549,-0.649009732299257,-0.0300597851839413,0.726172755495118,-0.311139399228302,-0.306913638938628,-0.20888346424473,-0.571834669143156,1.14646284668515,-1.9537310944425,0.763944233026054,-0.0148291414846731,-0.912061542959443,-0.878848277811454,-0.845653115392282,-1.07776935120844,-1.15854224368551,-1.17994609083031,-1.1907081890969,-0.413719465260767,-1.60062121906623,-0.383275937536719,-0.286904425214791,-0.226875569169311,-0.889317488918297,0.445891340166776,0.0824355567210018,0.0677021350979969,-0.159062659197108,-0.413219819433159,-0.358722252432842,-0.487590987704104,-0.391348688885798,2.50944006323476,0.756333805638724,-0.138628602798245,-0.907797521612643,0.228635869181726,0.339056972600567,-0.380561081597017,-0.230075729421995,-0.532850506793854,-1.17945889734843,-1.01880107061754,-1.816725527091,-2.17836166037687,-0.156045871094839,-0.998826763175882,0.611551347612948,1.15986915838501,0.917566476161884,-0.295725241742213,-0.21396683860365,-0.391348688885798,-0.321861540250354,-0.230503261067549,0.547039635036561,-1.05160295702636,0.690595290266559,-1.21281089756117,0.311566195365187,0.833861965998727,-0.544247527234835,-0.992293355466893,2.32407992805221,-0.116429302565806,0.52492358070538,0.881892456169426,1.27788477050604,-2.35091615011596,-0.145179466755593,-1.56531543697313,-1.56531543697313,0.705667118525611,0.577398462198459,-0.218005403435109,0.742239561078903,-0.323496951900488,-1.15854224368551,-0.144305290106824,3.26165559857376,1.3941712884829,0.200393210115953,-0.744365214371393,0.492231312994358,-0.319107477609904,-0.483006127832491,2.45802359199147,0.168214439440191,-0.822547334916973,0.490563939497149,-0.494690868811617,-0.713534013953022,0.0465858602511433,-0.265510529127564,1.24896822722633,0.766222769924772,0.358142534415864,0.338588862534303,-1.01324563861754,0.0351215468879261,-1.34916855849906,-0.433845179637909,-0.34476848053886,-0.695793398648614,-0.447422857068877,-0.0705609496871936,0.182033724961094,0.281459459960805,-0.0774492073752468,-0.378069979114223,-0.655555707317298,-0.0705609496871936,-0.453822940289352,-0.733880170107544,1.13620597443694,1.81266794442896,-0.333979422149212,-0.649707912297875,-0.458494049224697,-0.738257558223326,-0.267933252874971,-0.400332606464976,0.690595290266559,-0.295725241742213,0.682832724400303,-0.374422868098694,-0.689269589429965,-1.53937807141797,-1.56531543697313,-0.149937701058835,-0.0895765918335127,-0.611535701313945,-0.36444325550718,-0.891031580584123,-0.200409626554585,0.124187285317004,0.580234661072763,-0.381712258954214,0.100035968927465,0.351977477180183,-0.0965886105387498,-0.58964979375619,0.726172755495118,3.55573494269027,0.038147655151735,0.324222120103087,-0.669300457399169,0.647370646917718,-0.912061542959443,0.37633485093474,0.397331668679148,-0.210617258288034,0.799837073718665,-0.575060418388539,-0.000690227188266011,0.523780513919773,2.60932884078986,-0.482591549127137
comm.and.crime_point_1897,comm.and.crime,regression,0.04,0.096878104729985,nominal,0.324222120103087,1.56802290981872,-0.375024355916575,-0.326143729202842,-0.669300457399169,0.968220127909451,-0.639997445119629,-0.533447461928133,-0.607089206928712,-0.723488865413399,-0.518086685259539,0.707844714924821,-0.265657561852559,0.682832724400303,0.56780287909846,-0.208593694559321,-0.252659454575957,0.754267934005747,0.91503209899819,-0.800310327806298,0.839992325252642,0.526201352602092,0.626603400623183,0.438699312006588,-0.880559949483478,1.61731977474942,-0.421455927079768,0.894257260188728,-0.433845179637909,-1.01991441715099,-0.495911319009332,-0.362109156720205,-0.247020650967053,-0.561556462298257,0.0512926106647712,-1.01975530649992,0.224574795131807,-0.810486469238678,-0.060866973497344,-0.719300011366178,-0.196385588662103,-0.614076875228766,-0.676842830938559,-0.244176455639738,0.63909628175923,0.578342721049512,0.941570433447291,-0.0672751000735523,-0.838906555258306,-0.494689340990077,-0.333979422149212,-0.782770299686468,-0.34476848053886,-1.32462762778915,-1.18820810213626,-1.38501220832434,-1.57910963659818,-0.726761076765874,-0.686008264773091,-0.696016939253532,-0.693624944209472,0.591078001573987,-0.503316572060594,-0.496562007079367,-0.48183804574133,-0.130351673731295,-0.344648600652765,-0.127296228476849,0.950859851177069,-0.649009732299257,-0.435837813808171,0.726172755495118,-0.178217714801685,-1.28617337658633,1.03299019886025,-0.847354381664952,1.25229100289144,-0.0609873547032339,-0.924361576905879,-0.208726243913775,0.602923741041008,0.50318915590782,0.472081177754975,1.47554750781773,1.27840796790085,1.23662357736453,1.52713706797728,1.35619388751754,1.28285890313643,3.09555405791342,-0.189444898148642,-0.226875569169311,-0.54319816856734,1.08212161042621,1.46097044519532,0.716011978470835,1.25350078732634,-0.504578098615964,0.970725577571932,-0.269302611080399,-0.391348688885798,0.227256913815765,0.283147870703906,-0.375024355916575,0.229851673277482,-1.13544611760276,-0.409710691716343,-2.49193388036862,-0.115382978305131,-0.532850506793854,0.0759519559752211,0.547039635036561,-0.335131340202921,-0.248412816512834,-0.349350157880785,-0.604916295026319,1.02929070003541,-0.390868007842976,0.675263793938761,2.06415922862887,-1.10282074730298,-0.391348688885798,0.500362972394892,-0.0477867027019386,0.43905062085352,0.589566495515274,-0.386102090172486,-1.27027014793507,-0.719233528474505,-0.616079834918179,0.844126282094685,1.01043300028051,-0.938289124010825,0.0479899816524777,-0.0212745163166381,-1.49924105847212,0.10330581002708,0.722358181389051,2.13051937407495,0.660351242786569,-1.45290802890446,0.431634978161806,1.46208613211065,0.288567385435518,0.223861947321042,1.27429867960235,-0.967408893757168,0.10383609353668,2.30490968715737,-0.0946770133781229,2.83180044090197,1.27660250425276,0.171039307067742,-1.54728887124828,2.57389280142119,-0.681553878925593,-1.5655833969692,1.82478511840906,1.1342040892995,-0.0132359495005283,0.555756227867123,-0.366268385707879,-1.04789614836431,0.547039635036561,1.00221121696188,-0.579261189746669,0.798262865525553,0.909074442850902,-0.35568405855027,0.100170724627871,-0.199361816374992,-0.34476848053886,-0.347885794497196,-0.447422857068877,-0.917186199337522,0.808933979835743,2.00938483915367,-0.35364645738641,1.19470966109379,-0.761207603085388,0.299837597034825,-0.375024355916575,-0.210617258288034,-0.770773514666489,0.427703707171417,-0.333979422149212,-1.71165592396486,-0.553751890761977,-0.484813844404564,0.192634769739419,0.23327667808193,0.641654500246602,-0.767702135816429,0.682832724400303,-0.898012962874244,0.335573396805634,0.936160966283394,0.682832724400303,0.12612488057673,-0.59830836089083,-0.273610749555595,0.58448334399507,-0.761660555595246,-0.481197144366448,-0.343626531286471,0.286272032020273,-1.08786729016467,-0.98037958715305,-1.38501220832434,0.669622812085821,-0.730257505876477,-1.23321624918318,-0.167221968720685,0.652036626610397,-1.38334975138032,-0.393103207388005,-0.458589923959548,-0.421919245194591,0.660797206038557,-0.165584803405107,-0.472248714197789,-0.870490792834442,0.51197153032816,0.916851781746651,-0.142989533805432,-0.565328047091832,0.0218049017374774
comm.and.crime_point_0395,comm.and.crime,regression,0.01,0.082461994181479,nominal,1.17800805584479,-1.21585037425788,-0.453822940289352,1.32304628608997,-0.669300457399169,0.845289154649251,-0.256997773580451,-0.447422857068877,0.488301751524978,-1.21107795253813,-0.638203521537374,-1.80351925922425,-0.343626531286471,0.682832724400303,3.05153325911707,1.9235694562162,1.70709140577397,1.31584296962947,-2.13763607090921,-1.20546616133649,-0.890692353720466,3.04818360692517,2.98128650381098,2.79410735546844,4.13128718707017,2.406272581559,3.46778515277508,-0.0889162245473447,-0.433845179637909,-1.23875756229239,-1.15208064223734,-1.44848615624161,1.8562988204271,-1.10564955550658,1.14301836776899,-0.42682878901808,-0.915305926499407,-1.46400862475706,1.60318924046321,-1.65100928860312,-1.45039475946692,-2.04126379443964,-1.9295210356401,0.6614207192824,1.92637658136394,1.69293505927587,1.26157141007396,2.07363908109157,-0.898214467727196,-1.52184367552761,-0.333979422149212,-0.956724101762177,-0.34476848053886,1.00319918461822,0.755617991073163,0.401605753908883,0.421200506577434,-0.217836902201817,-0.305189645631236,-0.400332606464976,-0.395527248191373,0.635156296765973,-0.548829847861638,-0.445688830173635,-0.114785955883911,1.69800284408723,1.3650345617856,1.24617841650832,2.11785659958969,-0.696638653067897,-2.75456940594662,2.68556176017342,-0.444061083654919,0.517726140133124,2.27486386196523,-0.75551447749102,0.670236143756844,1.74572257868425,-1.04789614836431,-1.17821175605928,0.647482131746904,0.935075853945092,1.40724745031109,0.290078966127006,0.370524555741227,0.99496661054505,0.824246053216719,-0.94469347109426,0.481892202524582,-0.590967280548668,-0.286904425214791,-0.226875569169311,-0.49993325352347,-0.924450780392009,-0.910109562980505,-1.22891755164768,-2.0761130509075,-0.230503261067549,-0.752632720582405,-0.618564013678328,-0.391348688885798,-1.14205297583563,-1.22244374045233,-0.296225771543798,-1.00672353855961,1.53340994349732,0.569447023159616,0.0759519559752211,-0.34476848053886,-0.802823042251458,-0.0381763034178386,0.0610890712128745,0.934806534272571,1.24040486303943,-0.478219682404748,-0.407961060951538,-0.328362195337591,-1.02085498162309,0.675263793938761,-0.35472235350149,-0.757155338364351,-0.391348688885798,0.134929855663671,-0.139144981884744,-0.20888346424473,-0.965225617418908,-1.41385868059157,0.740803615151647,0.930046029669001,1.80048983327666,-0.592122486177232,-0.688849968232438,0.189443387813436,-0.719300011366178,-1.23504806525446,0.82897837806628,0.543772920206689,0.23063428834825,-1.52008084975738,0.480499389876695,-1.56531543697313,0.157602837798,-0.307289207713733,-2.24429655891762,-1.04328333075373,-0.551753470686607,1.03949128049042,1.3941712884829,-0.521839596572905,0.897888521195889,-0.286904425214791,-0.525882217763377,-0.0966206978711041,-0.523804376549633,-0.769590402450023,0.260319362349526,-1.00327058516075,-0.0922487271028942,-1.73742119443407,0.249375824669157,-0.275847723670213,0.931273530163335,-0.512579672044432,0.817012170494165,-0.000739682945828393,-0.413837003129751,-1.04043314643945,-0.799654518454378,-0.35568405855027,1.22743461150438,0.0351215468879261,-0.230075729421995,0.0869987106920766,-0.490435159498505,-1.18175658985325,0.391000476585978,-0.697698254915155,-0.629843707397574,1.57727768168493,-0.180122176360894,0.82897837806628,-0.138628602798245,2.35337100962757,1.08466598824495,0.823407774959287,-0.333979422149212,-0.0597367947051054,1.54192062305818,0.697923486749661,0.141460545004487,-0.738257558223326,1.27788477050604,2.35914478742525,0.682832724400303,0.269995710086597,-0.600152808018174,-0.301608552567286,-1.56531543697313,0.218145741121919,-0.547435183985099,-0.10464827367642,-0.779598642789415,-0.373547480628615,1.09121295537998,-0.265657561852559,3.47086718008891,1.4341149641584,0.325122543110906,2.73413476015781,0.251689308836056,-0.542780556382761,-1.23321624918318,0.40957417248383,0.317188096723854,0.812099797669774,-0.708757207400764,2.40685337331337,-0.377360854488696,1.46677387883271,-0.4726301518147,1.20219260362464,-0.409710691716343,2.19192999652669,-0.34476848053886,-0.60459956684596,1.21769842418418,1.18191673872609
comm.and.crime_point_0070,comm.and.crime,regression,0.05,0.24921711755036,nominal,0.446191539494759,-1.56383453476745,-0.453822940289352,-0.448305952557865,-0.669300457399169,0.886266145735984,-0.592122486177232,-0.576459764357761,-0.220480633356821,-0.166244194413711,-0.277853012703869,0.540420449981549,-0.499564470154296,-1.56531543697313,-0.674062310910845,-1.0286564448576,-0.350646997593453,-0.256567130116958,0.799837073718665,0.100035968927465,0.541598415084864,-0.734789774559444,-0.681553878925593,-0.846068711699873,0.168431311655657,-0.567472613338656,2.34195220860657,0.402670517820692,-0.35568405855027,-0.232079094641932,-0.355303606889044,0.0823177976294598,-0.58163965777976,-0.660482479245224,-0.408381392326479,0.660203159698619,0.338562867294928,1.04953812723672,-0.651338533289799,0.322022122016284,-0.196385588662103,0.0709728459924523,0.194585485375557,0.0145655943380156,-0.103565429551178,-0.00318371628598076,-0.704148874918434,0.507116509507333,-0.00859578069383644,0.190080215368281,-0.241958561604024,-0.173931992421487,-0.34476848053886,-0.822547334916973,-1.23561849465356,-1.53389703851044,-1.83555965495403,-0.684350728885536,-0.728321444677741,-0.738257558223326,-0.736210329354915,0.679234591957959,-0.45780329625955,-0.343942476362171,-0.376966020067782,-0.366268385707879,0.161924188217862,-0.814033550969433,-0.0131809409898764,-0.601380811530617,-0.0300597851839413,0.726172755495118,-0.444061083654919,0.569266126325109,-0.26287797133625,-0.250395004534394,0.776064299963135,-2.12579870714607,0.763944233026054,2.21498753645,-0.733827980135861,-0.706093598596545,-0.675622884018443,-0.576224968185445,-0.632925531382569,-0.736908318327921,-0.722114179256525,0.23524876409128,-0.0520855978833183,1.48594614957082,-0.286904425214791,-0.226875569169311,-0.716257828742818,1.52258872060582,0.578708116571755,0.616272002567322,1.20305209280765,-0.0477867027019386,-0.949587954657186,-0.443933312379363,-0.391348688885798,-1.46155861675429,0.928401418342293,-0.138628602798245,-0.611019470771741,0.58448334399507,0.742239561078903,0.30420847476134,-0.230075729421995,-0.370866985519292,0.817785642030109,1.78891329814154,-0.652615808821794,0.303001138876892,3.51673557783812,3.77733766313757,1.13372553814103,-1.06931551806772,-1.26315766384622,0.0582574288134486,-1.1522015200085,-0.391348688885798,-0.413219819433159,0.0435715764808665,0.43905062085352,-0.317395570362999,-1.2670363105317,-0.178544390830854,0.826966057285032,-0.0522135790060488,-0.256997773580451,0.52492358070538,0.753309643725566,-1.21255786402103,-0.688849968232438,-1.28758474605954,1.22894398048608,0.59942720812885,-1.42526006472277,0.682832724400303,0.682832724400303,0.157602837798,-1.19197687762592,1.11174816735029,-0.236918153797056,-1.97835671309985,-0.824058881310911,0.699375414281087,-0.91323565124325,-0.64058805739383,-0.286904425214791,0.457291266972696,0.224571308055511,2.90486868069083,-1.05617467706755,1.20219260362464,0.261933241408267,1.0488428476066,0.688607062513258,1.43112880843274,-0.494690868811617,-0.602185097684464,0.516875090109185,1.51894076268393,-0.531713688779321,-2.84005840684454,0.0512926106647712,-1.44042787894386,-0.433845179637909,-1.40284779120747,-0.277522937462631,-0.34476848053886,0.130487161211004,-0.533447461928133,0.723150221859989,-0.723488865413399,-0.870490792834442,-0.669300457399169,-0.760637999705362,-1.28946708192584,0.670236143756844,-0.296225771543798,0.992887438896841,1.08466598824495,1.96105696984941,-0.333979422149212,0.884216993443326,1.39903386075226,-0.273610749555595,-1.39376619704348,-0.738257558223326,0.935299240366342,1.23819966399899,0.682832724400303,-0.938289124010825,0.023664661864365,0.0449669127109041,0.682832724400303,-0.333979422149212,-0.750927891608026,-0.738257558223326,-0.186519518100509,-0.1794909431453,0.922740444692865,1.68356667399525,-0.546622083628446,-0.280832968781291,1.36052078435473,-0.144305290106824,0.391000476585978,1.05077351431383,0.726172755495118,0.724190249504474,0.931077068182516,0.324222120103087,-0.314189707384816,-0.0564224436405426,-0.511036026606383,-0.666693784445925,0.0391120955346223,0.835908565350987,0.799837073718665,-0.772702590882484,-0.34476848053886,2.93441068646475,0.869790820032767,3.14906289709809
comm.and.crime_point_1464,comm.and.crime,regression,0.02,0.016791925974935,nominal,-1.20039562229281,0.87205458879957,-0.375024355916575,-0.326143729202842,-0.629843707397574,0.845289154649251,-0.304872732522849,-0.576459764357761,-0.864828255976639,-1.55935587191293,-0.938495612231962,-0.0176604331626889,-0.421595500720383,-0.261389503376538,2.62165684719077,0.830152455818498,0.188284489002777,2.32667803375218,-0.524905716995868,-1.20546616133649,-0.114868187284245,2.94730431675224,3.39989683326659,3.27589536435836,2.49952300307596,-1.23504806525446,1.72786151178739,-0.416640719459369,-0.433845179637909,-1.23875756229239,-1.01147293011705,-1.39910538353609,2.38212868827564,-1.50135362329445,0.683344364777741,-0.673881504635512,0.623533047702732,-1.56455049483681,2.30101926567248,-1.21255786402103,-0.937391007774043,-1.52747650352372,-1.43934260771341,-0.632289530606369,1.72833345834783,1.7413955957205,1.26157141007396,1.49924747151068,-1.19475403007165,-1.29358715674149,-0.333979422149212,-1.04370100280003,-0.230075729421995,-0.366110705033174,0.044462103313619,0.00457954007927846,0.0108804772080765,-0.345067945842831,-0.220563285821935,-0.231370130585801,-0.225185707609603,0.458843115998027,-0.503316572060594,-0.903547422325221,-0.7440181099252,-0.130351673731295,-0.15468380482628,-1.07816329038966,1.55972771991409,-0.839525415373817,-1.07348900164625,0.726172755495118,-0.37760024144161,0.260026209173202,1.51894076268393,-0.939194285838884,0.0352672065190975,0.928401418342293,-0.965539767392024,-0.887366102415632,1.53864994586482,1.79884925001964,2.21489104933683,2.20506661039663,1.94737469265005,2.12269912236931,2.08944987978574,0.176251652332003,0.802278882769321,0.291720927252114,-0.286904425214791,-0.226875569169311,-0.197078848216383,-0.875509990372052,0.192718347798946,0.0178321471462401,-1.01669046601492,0.0435715764808665,-0.900349146138491,-0.356617961729881,-0.391348688885798,-1.14205297583563,1.65968877233247,0.806954409675075,-1.10564955550658,-0.186519518100509,1.60620225067534,-0.722945859776196,-0.230075729421995,-0.478855999702333,0.24714434506481,1.30296273431785,-0.017646871584048,-0.248412816512834,-0.54265444466673,0.281382258310197,0.141594576137679,0.0452768201586437,-0.487789080732225,2.94911590501802,-0.954678429186424,-0.391348688885798,0.500362972394892,0.134929855663671,-0.910812056434499,0.546377825711547,-0.924450780392009,0.338588862534303,0.620806112517094,-1.13966992969373,-0.0654979378108623,0.282168870917816,-1.34105073537663,1.08931211503494,0.100102838577144,-0.70552988692494,0.837417660326429,-0.302066595779285,-0.00294828920368394,0.682832724400303,0.682832724400303,-0.0616228744930443,-1.01503934364349,-0.914542988132221,1.37581220011629,-0.494689340990077,-0.632925531382569,-0.64058805739383,-0.217420442940414,-0.888729441037333,-0.286904425214791,-0.0342954753953406,0.171039307067742,-0.319107477609904,-1.15170276860673,0.94056114771489,-1.09698938712883,0.227256913815765,-0.994759483123667,-0.319616352698494,-0.801071272009583,0.754335996180896,1.25808251885979,0.817012170494165,-1.12168480637209,-1.40638212283126,-1.09789239681336,-0.0520855978833183,-0.121200695287352,-1.56388548933269,0.0351215468879261,-0.000690227188266011,-0.0869550913836323,-0.40441055463925,2.20474440874806,0.321344892711017,1.37581220011629,-0.629843707397574,-0.505592652644603,0.929222729204051,1.99308809633548,0.0189685659473083,-0.419922423015838,0.00232627821327909,1.16964883427367,-0.333979422149212,0.412240099369111,1.4466627815209,0.317757916021518,-0.830849724959226,-0.0201670357368324,-0.435042880192443,-1.06268769461281,0.682832724400303,2.32407992805221,0.469248568923321,-0.994759483123667,-1.56531543697313,-0.333979422149212,-0.394815653267903,-0.738257558223326,0.643791256463961,-0.438232993123054,0.248850401944395,-0.499564470154296,1.11916614766899,-0.482591549127137,1.18045152500798,-0.243561843564225,-0.444866529913555,3.20675843349157,-1.23321624918318,-0.639146084251652,-1.30124646439444,-0.651533235030286,-0.669300457399169,-1.51427955979694,-0.912061542959443,-0.287410644307502,2.29077798387164,-0.576901296561691,-0.640100742275393,-0.82211313400597,-0.230075729421995,-1.01491959621532,2.13095588508166,-0.58347083930006
comm.and.crime_point_1606,comm.and.crime,regression,0.04,0.216038082968132,nominal,0.446191539494759,1.22003874930914,-0.453822940289352,-0.875873734300447,-0.629843707397574,0.927243136822718,-0.639997445119629,-0.576459764357761,-0.413784920142767,-0.166244194413711,-0.0976777582871161,0.652036626610397,-0.499564470154296,-1.56531543697313,-0.387478036293313,-0.536618794678632,-0.350646997593453,0.13653539481965,0.857434586358428,0.190070598600841,0.541598415084864,-0.331272613867753,-0.210617258288034,-0.36428070280995,1.21742257279479,-0.628161290785547,-1.29141774757362,-0.525882217763377,-0.35568405855027,-0.232079094641932,-0.261565132142186,-0.21396683860365,-0.103612505190179,0.32877769022445,-0.0636258900830415,0.166097728463756,0.737521119865853,0.0943903614790845,-0.060866973497344,0.815279974671134,0.259617746176014,0.813110043982106,0.848156722611144,-0.56760401811193,-0.499651675583395,-0.293946934953727,-0.704148874918434,-0.954971223971284,0.228635869181726,0.646593252940519,-0.333979422149212,-0.217420442940414,-0.34476848053886,-1.46155861675429,-1.23561849465356,-1.58352531523914,-1.83555965495403,-0.769171424646212,-0.728321444677741,-0.738257558223326,-0.736210329354915,0.635156296765973,-0.548829847861638,-0.750927891608026,-0.796454122761974,-0.838101809661048,-0.407970199261594,-0.814033550969433,-0.672787798788313,-0.696638653067897,0.433686533243749,-1.23321624918318,-0.444061083654919,0.156946236789233,-0.856817549342979,-0.571834669143156,0.881892456169426,-0.405122580110374,-0.430223291072143,0.421439338980806,-0.377360854488696,-0.403772909970454,-0.335562421270764,-0.120275529073628,-0.250658831525885,-0.374422868098694,-0.253520169416148,-0.0597367947051054,-0.372472278128058,-0.642890116301655,-0.286904425214791,-0.226875569169311,-0.672992913698949,1.22894398048608,-0.248412816512834,-0.13177781670903,0.698565147620701,-0.504578098615964,-0.211005826876756,-0.531248663028845,-0.391348688885798,0.0903259248506256,-0.620207095989836,-0.375024355916575,0.526629724118384,0.999638731277305,-1.15847835603325,1.78787584687111,0.228695275045463,-0.0468999429701671,-0.722945859776196,-0.316872478427771,-0.0705609496871936,1.2955462585784,0.359432227001014,-0.506438677988928,0.402681671401718,-0.293946934953727,0.578342721049512,0.648228546406218,0.329221661157051,-0.391348688885798,-0.413219819433159,-0.230503261067549,-0.100894450061688,-0.835659608007726,1.18000319046612,0.0512926106647712,0.672346098709078,-0.374422868098694,2.75912463979058,-0.567472613338656,0.149167226676855,-0.226042158711328,-0.688849968232438,0.82897837806628,-2.24585211093084,0.517473225955383,-0.0503586817209869,0.682832724400303,0.682832724400303,-0.8289128675117,-1.48687276759666,0.858461772914973,0.396654485240329,0.475400863850929,-0.155092156561714,-0.144305290106824,-0.565328047091832,-0.839101164308632,0.102933683049804,-0.580502966915381,-0.524876705773258,0.294983219209284,2.0962523437253,-0.681553878925593,-0.0660825654799971,-0.366110705033174,0.243010035727013,-0.713534013953022,0.818368002036808,-0.425247563702025,-0.100797767182985,1.30296273431785,0.943214105202603,0.358142534415864,0.798262865525553,-1.49382565898465,-0.277522937462631,-1.40284779120747,0.191443789063205,-0.115382978305131,1.04374462210848,-0.576459764357761,0.194009440828534,0.59996722821086,-1.3888684065923,-0.669300457399169,-0.930668231079202,-0.655555707317298,-0.282217262099776,0.491760072183968,0.260319362349526,-1.13155341801038,-0.709945487718708,-0.149937701058835,-1.53466458868703,-0.315607286918777,2.38754824554141,-0.0632363539352424,2.68323257832997,0.396950550146819,-0.472716577020044,0.682832724400303,2.32407992805221,-0.3328024637828,0.985671747037421,0.682832724400303,-0.333979422149212,-0.343942476362171,2.89443567317894,-1.66921732982277,-0.050119918156423,-0.0880946194298402,-0.499564470154296,-0.15467191155846,-0.633910484386522,-0.98037958715305,1.3941712884829,0.530311644335899,-0.636519031129619,-1.23321624918318,-0.376966020067782,0.484612361667126,0.690130378278102,0.0409210426295376,0.898725322117096,-0.689269589429965,0.139282888348225,0.704377017088742,-0.262943549469985,1.08782463691748,0.660203159698619,-0.230075729421995,0.421200506577434,-0.478351146053977,-0.886108709818829
comm.and.crime_point_0157,comm.and.crime,regression,0.03,0.018086041509539,nominal,-1.38334975138032,-1.56383453476745,-0.296225771543798,-0.26506261752533,-0.669300457399169,0.558450217042117,0.987751158921877,-0.361398252209622,-0.607089206928712,-1.35038912028805,-0.938495612231962,0.149763831780583,-0.187688592418646,0.682832724400303,2.47836470988201,0.11943140555999,-0.44863454061095,1.8774180052532,-0.524905716995868,-0.98037958715305,0.243204504917087,2.89686467166578,3.39989683326659,3.3829593663339,0.80948152679624,2.406272581559,1.267293489173,1.44046475170877,-0.35568405855027,-0.888608530066145,-1.29268835435763,-1.6953900197692,2.90795855612418,-1.45189061482096,0.625885114403834,-1.26680802211735,1.2504674445999,-1.51427955979694,2.62309466192291,-0.719300011366178,-0.595388506645455,-0.499901921691897,-0.622378561168927,-0.761660555595246,1.1342040892995,1.25679023127425,1.07871370914443,0.663768766665756,-0.542366992913852,-0.837074119169256,-0.333979422149212,-0.782770299686468,-0.230075729421995,-0.320467042044794,-0.571872999411319,-0.541331503936429,-0.707179574188299,-0.0481955106804643,-0.178250105917284,-0.146888892646214,-0.18260032246416,0.194373344846107,-0.45780329625955,-0.903547422325221,-0.796454122761974,-0.0713724957371486,0.0986025896090331,-0.972511394621568,1.15381580742274,-0.649009732299257,-1.53723532007394,0.726172755495118,-0.444061083654919,0.930046029669001,0.978995691768727,-0.571834669143156,-0.440959496409212,-0.319088773758589,-1.00671795787817,-0.548046173164703,3.27642718339475,3.18088668373891,3.10754976404949,1.70352222737364,1.66067466775754,2.00187063895957,1.52713706797728,0.412240099369111,0.962472222891692,-1.57750115985543,-0.286904425214791,-0.226875569169311,0.278835217266183,-0.435042880192443,0.799273698727645,0.0677021350979969,0.547219064064617,-0.230503261067549,-0.506438677988928,2.39381558372881,-0.391348688885798,3.1028076820837,-0.491156386462159,-0.217427187171022,-0.907797521612643,-0.423751167976071,-0.467308204356106,0.931913901423168,-0.230075729421995,0.817012170494165,-2.49193388036862,0.817012170494165,-0.017646871584048,-0.193271420973861,-0.284915395618803,-0.70339391206371,-3.04366798608359,-0.0516442527306052,-0.681631226510723,1.41519099927682,0.872410160917752,-0.391348688885798,0.0435715764808665,0.683079530760502,-0.96480656352602,0.200868467281728,-1.07127315045188,0.108751861038678,0.569266126325109,-1.26049841310347,-0.592122486177232,0.282168870917816,-1.05911760742057,1.1441185431077,2.10282919432454,-0.22930318399663,-0.630806040272269,0.886266145735984,1.22972191624619,0.682832724400303,0.682832724400303,-0.445267871002372,-0.602185097684464,-1.10450778395871,-0.985685818113966,0.646593252940519,-1.06297556872134,0.500862307366285,2.87025954390342,-1.33538393159564,-0.286904425214791,-1.12671045843542,1.13461532484759,-0.319107477609904,-1.39052299745468,-0.52457500537974,-0.581535976304412,0.181613250827385,1.03518252779145,-0.757302642981302,-0.0132359495005283,0.0465858602511433,-1.04789614836431,-0.910812056434499,-0.413719465260767,-1.84751328714304,0.85572211589946,-1.70741677914781,-0.433845179637909,-0.060866973497344,-0.35568405855027,-0.34476848053886,-0.260908893459341,0.713909308531075,-0.282217262099776,-0.0965886105387498,-0.179320641157294,-0.669300457399169,-0.718130441861903,-0.444251915781118,-0.440959496409212,-0.296225771543798,-0.262943549469985,1.08466598824495,-0.957260530086126,-0.333979422149212,-0.413719465260767,-0.696638653067897,-0.738257558223326,-0.01206212920031,-0.611535701313945,-0.0435165600327901,0.176251652332003,0.682832724400303,-0.817460640601083,-0.199127291665113,-0.499651675583395,0.682832724400303,-0.241958561604024,1.33487236152698,-0.189129511616007,1.0589466437462,0.27330764431577,0.81042543756812,-0.499564470154296,0.433253346546518,-0.280832968781291,0.280105228274217,-0.888729441037333,-0.375210946038594,-1.10521140486391,-1.23321624918318,-0.114785955883911,-0.296700874734808,-0.224640267159436,-0.669300457399169,-0.760215534198803,-0.0654521195474263,-0.287410644307502,-0.319107477609904,-0.210617258288034,1.83659230123439,1.20371913405697,-0.34476848053886,-1.11749960355766,-0.478351146053977,-0.835669064732367
comm.and.crime_point_0031,comm.and.crime,regression,0.16,0.176138971811459,anomaly,-1.6882732998595,-1.56383453476745,-0.375024355916575,-0.99803595765547,-0.708757207400764,0.968220127909451,-0.639997445119629,-0.576459764357761,-0.284915395618803,-0.862800033163321,-0.397969848981704,1.76819839289887,-0.499564470154296,-1.56531543697313,-0.960646585528377,-1.73937749511611,-0.252659454575957,-0.481197144366448,1.49100722539581,0.955364950824539,0.0641681588164208,-0.835669064732367,-0.52457500537974,-0.685472708736566,-1.69644204148058,-0.506783935891765,-0.165584803405107,-1.89140094656348,-0.277522937462631,0.643293485923684,1.42572741330126,1.11931402444534,-0.486034227261844,-0.611019470771741,-1.32772939830898,0.264918814710728,-0.402359601765361,0.546828776837966,-0.114546206205749,0.431634978161806,-1.22239309204787,0.299322753066192,0.412442564454086,-1.34383016804519,0.0944776934649314,0.0452768201586437,0.392997330658716,0.0893771570848711,-0.898214467727196,0.0759519559752211,-0.333979422149212,-0.869747200724323,-0.34476848053886,3.1028076820837,2.13051937407495,2.33710854632821,1.60087059101434,-0.684350728885536,-0.728321444677741,-0.696016939253532,-0.736210329354915,0.855547772725906,-0.594343123662683,-1.05616695304242,-1.00619817410907,-1.13299769963178,-1.04118618534988,-0.919685446737523,-0.165397908174131,-0.649009732299257,-0.203964654594325,0.726172755495118,-0.444061083654919,0.414646167749156,-0.26287797133625,-0.479994764969224,-0.282217262099776,0.197114064352121,0.434518709136896,-0.838891826808356,-0.733827980135861,-0.706093598596545,-0.675622884018443,-1.30574407076435,-1.34967559361385,-1.26049841310347,-1.23756759008094,0.530234322887664,-1.06664341865833,-0.642890116301655,-0.286904425214791,-0.226875569169311,-0.932582403962166,1.03318082040625,0.0272941611820292,0.466662038712051,0.547219064064617,-0.230503261067549,-0.8018715291011,-0.662221689003069,-0.391348688885798,0.409831565769285,0.111080258000336,-0.453822940289352,-1.30350158940051,0.525175431526179,0.742239561078903,0.874849771726638,-0.115382978305131,2.2208693548737,-0.780009989472726,1.19497372013481,0.0881812846222431,1.40582904965634,0.166127940215069,-0.8018715291011,-1.58158025260498,1.15986915838501,-0.197025862064479,1.41519099927682,1.95878716043915,-0.391348688885798,-0.413219819433159,-0.504578098615964,-0.532850506793854,-0.662904928792817,0.788476870306472,0.281129612160397,0.672346098709078,0.793585804862147,-0.544247527234835,-1.23504806525446,0.149167226676855,1.1441185431077,0.0394141611302526,-0.493873574512357,1.18000319046612,0.927243136822718,-0.761514569480531,0.682832724400303,0.682832724400303,1.36334425539874,0.754335996180896,1.17506976595912,0.0510694094017551,-0.266432822203958,-1.34967559361385,-1.03761427122343,-0.956724101762177,1.09640162811069,0.590231318380547,2.15053449068482,-0.36428070280995,-0.114410578670175,-0.8651184939892,-0.105964675924132,0.121355038456154,-0.457398031009934,1.08469330854548,-0.144541836585371,-0.275847723670213,-0.366268385707879,-0.265510529127564,0.655028649219603,0.766222769924772,1.79181881842915,-0.810596144943824,-0.906450078535958,0.0351215468879261,-0.060866973497344,-0.277522937462631,1.14623728398038,1.82653673144917,0.62788470367182,-0.758443965028085,0.739278395960782,0.223861947321042,-0.629843707397574,1.02467942971995,1.03487462497214,-0.970100277440667,-0.375024355916575,0.992887438896841,-1.85311322469816,1.36750086816761,-0.333979422149212,0.353242987609834,-0.125091603844216,0.444479772930899,0.192634769739419,-0.569295082344151,0.935299240366342,-0.885696359334983,-1.56531543697313,0.43110035463292,-0.867503152253548,-0.301608552567286,0.682832724400303,3.07079241802276,3.06456037632186,-0.273610749555595,0.643791256463961,-0.632289530606369,0.13653539481965,-0.109719622984733,-0.44863454061095,-0.734789774559444,0.46017448762097,-1.48426876178174,-0.723488865413399,0.0665195294718176,0.726172755495118,-0.534274058578104,0.372996185038278,0.446191539494759,-0.629843707397574,0.396015971718339,-0.377360854488696,1.04008034617698,-0.882023949694159,0.835908565350987,-0.00652810323800724,0.0672766422167828,-0.230075729421995,-1.57910963659818,3.26165559857376,-0.93654835490529
comm.and.crime_point_0189,comm.and.crime,regression,0.06,0.0273141882225429,nominal,0.812099797669774,-1.56383453476745,-0.375024355916575,0.162505164217251,-0.274732957383221,0.558450217042117,-0.256997773580451,-0.576459764357761,-0.735958731452675,-1.28073353641309,-0.878437194093044,0.540420449981549,-0.343626531286471,0.682832724400303,1.52308379449023,0.174102255579875,-0.889578484189684,1.70894549456608,0.16626443468128,-0.800310327806298,0.660955979151975,1.53499425433132,1.41149776835245,1.34874332879867,0.867758819081747,-0.385406580997984,0.65320279235381,1.33122325340476,-0.433845179637909,-1.06368304617927,-0.683388268503048,-1.00405920189194,1.66508795939127,-1.55081663176793,0.108751861038678,-0.476239332141566,1.76341376933395,-1.11211207947793,2.19366080025567,-1.26736429209379,-0.65238892350022,-1.18495164291312,-1.27594979840451,-0.114805430650861,1.03518252779145,1.11140862194038,1.53585796146825,1.02929070003541,-0.36444325550718,-0.722945859776196,-0.333979422149212,-0.739281849167541,-0.34476848053886,0.455475228757665,-0.145179466755593,-0.541331503936429,-0.60459956684596,-0.302657597962493,-0.474442365249838,-0.527054463374357,-0.523283403627701,0.546999706382,-0.321263468856418,-0.394815653267903,-0.219657981557459,0.341481750221874,0.161924188217862,-0.232948124244939,1.66120569803692,-0.696638653067897,-1.47926703027047,0.726172755495118,-0.444061083654919,0.569266126325109,1.78891329814154,-0.801434429577986,1.46394731530403,-0.491156386462159,-0.924361576905879,-1.17821175605928,0.424690178217426,0.719132504926456,0.727126524815734,0.563648629594096,0.800574593079997,0.713033482588985,0.917964855184794,-0.649707912297875,0.481892202524582,1.74556032833576,-0.286904425214791,-0.226875569169311,-0.49993325352347,0.690595290266559,0.854415094266617,0.915491930277863,0.597667758583312,-0.504578098615964,-0.0140505928019747,1.08408532398657,-0.391348688885798,0.638049880711185,-1.05037612774876,-0.375024355916575,-1.10564955550658,-0.601674905382743,-0.409710691716343,-1.23652302704496,-0.34476848053886,0.00709456412135369,-0.665881730079667,-0.20888346424473,1.83434586202605,-0.854968167441532,1.77699699676461,-0.358722252432842,-0.746101547760053,-0.681631226510723,0.481421648160263,-0.236728129982936,-0.0164437477815769,-0.391348688885798,-0.504578098615964,-0.321861540250354,0.978995691768727,0.416811816300365,-1.07127315045188,-1.44264789905679,0.260026209173202,0.592204999179243,-0.496372568292438,-1.23504806525446,-0.616079834918179,0.705667118525611,0.221480193470925,0.194009440828534,-0.483983670212399,-0.302066595779285,1.94087780400574,0.682832724400303,0.682832724400303,-0.883719295584461,0.282502572227728,0.0986025896090331,0.627044535799378,-0.837074119169256,-0.72849220634674,1.09640162811069,-0.565328047091832,1.24528645829679,-0.189444898148642,-1.23595195673943,-1.80964472947972,0.806725466558606,1.47531974872065,-0.629227587743642,0.0744956374721161,-1.18769663882401,-0.549162456337422,-0.757302642981302,0.511987598838842,1.16719024213992,-0.677292433989011,0.00709456412135369,-0.531713688779321,-0.358695607590779,0.85572211589946,-0.906450078535958,-0.35568405855027,-0.812376231415014,-0.277522937462631,-0.34476848053886,-0.521839596572905,-0.533447461928133,0.194009440828534,-0.723488865413399,3.0461400666694,-0.393103207388005,-0.760637999705362,0.453789198247646,-0.123475027790339,-0.375024355916575,0.835908565350987,-0.10075369417069,-1.05618654703309,0.12612488057673,2.89011879325874,-0.601380811530617,-0.273610749555595,-0.114410578670175,2.42978886451121,1.27788477050604,-0.708705024057152,-1.56531543697313,-1.05911760742057,-0.0208937288415306,-0.796716360107558,-1.56531543697313,-0.241958561604024,-0.750927891608026,-0.653776320283739,1.35548620609065,0.0145655943380156,0.417322912631512,-0.421595500720383,1.21715369068649,-1.03742764507821,-0.75529301296961,0.203092646994081,0.321344892711017,0.0665195294718176,0.726172755495118,-0.48183804574133,0.484612361667126,-1.38334975138032,-0.116905957376842,-0.358048053879797,0.558365350335113,-0.477052214376713,-0.165584803405107,-0.681553878925593,0.742239561078903,2.98249868650247,0.916851781746651,-1.06620959988649,-0.826258750205395,0.274003127169785
comm.and.crime_point_1760,comm.and.crime,regression,1,0.00862398145208485,anomaly,-1.38334975138032,1.22003874930914,0.491760072183968,-0.0818192824927953,2.6450665427348,-3.00654800750369,2.75912463979058,0.541860098812564,-0.284915395618803,-0.166244194413711,-0.217794594564951,-0.352508963049232,0.592001101920479,0.682832724400303,-0.100893761675781,-0.263264544579206,-0.644609626645943,-0.76198466217831,-0.352113179076581,2.03578050690505,0.302883286950643,-0.179953678608368,-0.158290967106083,0.706359316945435,-0.00640056520086566,-0.0819631937635291,-0.01206212920031,-0.0342954753953406,0.582249394501401,0.511987598838842,0.0196502920983885,0.0823177976294598,-0.0558097899312211,1.31803785969412,-0.408381392326479,-0.82211313400597,0.395556903376489,-0.20723524876017,-0.060866973497344,1.47295711154427,0.772621497868896,1.89777210258237,1.71958503892526,0.467364181799085,-1.88595353669616,-1.79622356473708,-1.48129410386892,-1.7382325097634,0.0507121317750543,-0.152304562810898,0.77027090439305,1.60909447885453,0.687466279512922,0.135969587839005,0.37633485093474,0.550490584094985,0.882810539617961,0.842421794806635,1.00651893141293,1.07808905747781,1.26530277248089,-0.731270854185611,0.771055150368642,1.02963330009259,0.776626262341248,0.0465858602511433,-0.15468380482628,0.559441094015736,-0.723526787849732,1.25614709844634,1.01336943127836,-1.23321624918318,0.0876256540515485,0.46618615394114,-0.586845013885375,2.50480212068357,-0.652615808821794,-0.491156386462159,-0.265510529127564,0.663810717017184,0.201898224687947,0.373623146496638,0.472081177754975,0.290078966127006,0.466091230705398,0.592204999179243,0.355652043376342,1.12020544048043,1.06926778297327,-0.642890116301655,0.785150372512844,2.76116858488357,1.05760368805584,-0.581865250252313,-0.0278472343569434,-0.281387780564301,0.547219064064617,0.134929855663671,0.084427024235416,2.48113093437829,3.7696264931462,0.227256913815765,0.111080258000336,-0.375024355916575,0.477166715644901,-1.60990941735388,1.26061717483676,0.646593252940519,-0.230075729421995,-0.586845013885375,0.931913901423168,-2.90860881882077,-2.02838183950358,0.0272941611820292,1.26151889866876,-1.09730438021327,0.454899090454526,-0.00318371628598076,0.384500575271014,-0.35472235350149,-0.312728384014686,1.31465113574732,-0.413219819433159,-0.321861540250354,0.115083578304395,-0.662904928792817,1.27788477050604,1.54523312038634,0.260026209173202,0.43110035463292,-0.592122486177232,-0.14265187121042,-1.26049841310347,0.979699258889417,0.767678290492944,0.987720612375717,-1.56068105065144,0.148680306174783,-0.0977690742382896,-1.56531543697313,0.682832724400303,-0.171235730638567,-0.95606016564934,2.82143132978865,-1.10088084339349,0.475400863850929,-0.919625556275082,1.9897106092273,-0.521839596572905,0.749003691009788,-0.286904425214791,0.894257260188728,1.2952113278109,-0.574978601284565,0.472274787559283,0.417298235895379,-0.0192231644959594,1.9617161073742,0.143988474218959,-1.06368304617927,-1.01991441715099,0.0465858602511433,-0.965539767392024,0.169078085395916,1.4741881110361,2.2880913782799,1.14301836776899,-0.746256738413588,-0.35568405855027,0.583283819003517,-0.35568405855027,3.32539955520081,-0.782770299686468,-0.576459764357761,1.04063469047886,-0.514522113788516,-1.61925845715135,-0.274732957383221,-0.760637999705362,-0.127296228476849,-0.176389105893484,-0.296225771543798,-0.105964675924132,0.981586015860986,-0.363704428404322,-0.241958561604024,1.41519099927682,-0.744267573836537,0.90912658159863,-0.370281702344836,0.148795440142343,0.690595290266559,-1.06268769461281,0.682832724400303,0.874138127135308,1.00394925739407,0.540074720251176,0.592906797945366,-0.333979422149212,0.113916115789414,-0.569295082344151,-2.49952810438724,-0.56760401811193,-1.54818971205152,-0.499564470154296,-0.791590941172187,-0.835669064732367,-0.890344957479674,-1.48426876178174,-0.584177697663477,-0.402172844262473,-1.23321624918318,-0.167221968720685,0.205571920095007,-0.590548525334451,-0.4325599573896,-1.06184114443806,1.18218282021765,1.4193634863154,-0.4726301518147,-0.105964675924132,0.799837073718665,-0.328007702771107,0.228695275045463,0.369910502906264,-0.869747200724323,-0.835669064732367
comm.and.crime_point_1106,comm.and.crime,regression,0.09,0.404087736259381,nominal,0.812099797669774,0.176086267780421,-0.375024355916575,-1.36452262772054,-0.590386957395979,0.886266145735984,-0.639997445119629,-0.576459764357761,-0.349350157880785,-0.235899778288672,-0.157736176426034,1.21011750975464,-0.499564470154296,-1.56531543697313,-1.24723086014591,-1.73937749511611,-1.13454734173342,-0.425039640804075,1.14542214955724,1.54059004370149,0.839992325252642,-1.13830693525114,-0.943185334835349,-1.11372871663872,-0.414341611199418,-0.203340548657311,1.93255841072712,-1.29057270589143,-0.199361816374992,1.38736017940446,0.300865716338963,0.427983206568087,-0.964061379851424,0.526629724118384,-1.15535164718726,-0.0315444440301896,-0.288371529602239,0.747912516997469,-1.02709316224863,0.979699258889417,0.259617746176014,1.21272238136115,1.17494234122894,-0.502918505617492,-1.04427026387769,-0.681631226510723,-1.0241498515451,-0.380579614390398,-1.01683029266498,-1.17945889734843,-0.241958561604024,-0.13044354190256,-0.34476848053886,-1.46155861675429,-1.23561849465356,-1.58352531523914,-1.83555965495403,-0.769171424646212,-0.728321444677741,-0.738257558223326,-0.736210329354915,0.723312887149946,-0.594343123662683,-0.394815653267903,-0.586710071414878,-1.19197687762592,-0.787899790914564,-0.919685446737523,-0.977221733156823,-0.601380811530617,0.491654823047211,-1.23321624918318,-0.311139399228302,0.00232627821327909,-1.1807845918921,0.0710446600743682,1.41103323720088,-2.12579870714607,0.269805947192317,-0.548046173164703,-0.956619933665339,-0.965225617418908,-0.973175788922662,-0.986579463386079,-1.06297556872134,-1.05911760742057,-1.14384878811286,0.707225658165495,-1.54722343902544,-0.175584594524771,-0.189444898148642,-0.226875569169311,-0.716257828742818,1.71835188068565,0.523566721032782,1.16484187003665,1.20305209280765,-0.504578098615964,1.2661584286841,-0.531248663028845,-0.391348688885798,-0.00096140112613429,-1.13640993410055,0.0977671503200851,0.72448175801232,-0.838906555258306,-0.409710691716343,0.190080215368281,-0.34476848053886,0.385056113761999,0.703657382637049,0.00709456412135369,-1.23467066795639,1.24040486303943,0.874910325096869,0.724531534978455,0.141594576137679,0.239118965937142,0.0452768201586437,0.353242987609834,-0.115205293192613,2.27167542761468,-0.321861540250354,-0.504578098615964,-0.856817549342979,-0.317395570362999,1.18000319046612,-1.44264789905679,0.414646167749156,0.390824193496339,0.700501405267494,-0.0212745163166381,-1.22022225196689,-1.70581571667588,-0.385406580997984,-0.0705609496871936,-0.288220510132573,0.0667263240013159,0.044462103313619,-1.56531543697313,0.682832724400303,-0.33565501485685,-0.95606016564934,0.415210582653175,1.60620225067534,-1.23652302704496,-0.0595254815975429,0.997145074653291,-0.782770299686468,-0.342818397021626,-0.189444898148642,-1.12671045843542,-0.899600712687643,-1.08672084863389,-0.912882539758789,1.72545551544416,0.730527251248644,-0.776903671928593,0.985671747037421,1.60620332454586,-1.06368304617927,0.40046092821602,0.55805328059533,1.89690231232458,0.530234322887664,-0.468978398668724,0.625885114403834,1.49645002329959,-0.35568405855027,-0.168225438914154,0.816732757764318,-0.34476848053886,2.08746743456273,-0.490435159498505,0.0352672065190975,1.01790073146063,-0.236918153797056,-0.669300457399169,0.132020715007295,-0.866859498853478,0.194009440828534,-0.375024355916575,-1.2048167907451,-0.976933459434427,-1.50135362329445,-0.241958561604024,-0.236728129982936,2.6373858007369,2.51427010245079,1.57433883758259,-0.400332606464976,1.27788477050604,-0.885696359334983,0.682832724400303,-1.38132689651321,-0.199127291665113,0.490563939497149,0.682832724400303,-0.333979422149212,-0.394815653267903,-0.44257322543477,0.169327956712836,-0.696975043100807,0.36116540906914,-0.187688592418646,1.31514123370399,-1.13830693525114,0.280105228274217,-0.541331503936429,-0.653833281538438,1.80068131228869,0.726172755495118,0.304702146810281,1.04269324481136,-1.0174414932053,-0.629843707397574,-0.860757404278554,-0.912061542959443,-0.90374574703244,-0.216759028140039,-0.472248714197789,1.203019662197,0.166097728463756,-0.34476848053886,-0.348149548490111,-0.956724101762177,0.1226841919104
comm.and.crime_point_1662,comm.and.crime,regression,0.59,0.0198528171982648,anomaly,-0.285624976855271,1.22003874930914,-0.138628602798245,-1.05911706933298,1.8164747927013,-1.16258340860069,-0.352747691465246,-0.533447461928133,-0.607089206928712,0.0427225572111723,-0.0976777582871161,-0.18508469810596,-0.109719622984733,0.682832724400303,0.137926467172162,0.447456505679301,-0.203665683067209,-0.200409626554585,-0.524905716995868,0.0100013392540886,0.60127719711842,0.1226841919104,0.521950818259281,1.2952113278109,-0.414341611199418,1.13181035517429,-0.267933252874971,0.0203252737566635,-0.121200695287352,0.0305326795277526,-0.402172844262473,-0.263347611309168,0.804639084730025,-0.215315402983871,0.913181366273366,-1.51386073773478,0.566539011621171,-1.11211207947793,0.905359215253946,1.52776353961703,0.943622748433189,1.55524724197176,1.55619222961636,-0.696975043100807,-1.88595353669616,-1.99006571051558,-1.29843640293939,-1.99931960502744,0.940330818808414,1.21723454990582,0.218145741121919,2.34839813767629,-0.230075729421995,-0.00096140112613429,-0.00294828920368394,0.203092646994081,-0.142989533805432,-0.429888641603507,-0.432129185345187,-0.400332606464976,-0.480698018482259,0.546999706382,-0.45780329625955,-0.191322945644976,-0.376966020067782,-0.897080987655194,-1.16782938256753,-0.285774072128984,-1.1801776894025,-0.220349445381496,0.317749953636827,-1.23321624918318,-0.111756872588377,-0.152293680362675,-1.07279557770906,3.65280092285772,-0.758443965028085,0.197114064352121,0.0639149947615938,-0.548046173164703,0.157339833982052,0.33043447669291,0.472081177754975,0.290078966127006,0.609441243151654,0.713033482588985,0.589949048296531,0.23524876409128,-0.0520855978833183,0.18787525574614,-0.189444898148642,-0.226875569169311,-0.49993325352347,-0.239279720112616,-0.413837003129751,0.0677021350979969,-0.613100909865359,-0.413219819433159,1.01996438609063,0.516535544764941,-0.391348688885798,0.227256913815765,-1.30847754680412,0.0189685659473083,-0.462630445351289,-0.423751167976071,-1.27367338131278,-1.35065128643802,-0.34476848053886,1.51894076268393,0.4183367341544,0.547039635036561,0.194009440828534,-0.0278472343569434,0.0372584156911057,-0.112528209839365,-0.328362195337591,-0.4393285442876,0.481421648160263,-0.531713688779321,-0.658393792953314,-0.391348688885798,-0.321861540250354,2.96703651033063,0.43905062085352,-0.61971625898909,1.03318082040625,-1.72994415092632,0.414646167749156,-0.777184479464502,-0.44849760935004,-0.0819631937635291,-0.495251351508437,1.1441185431077,-0.0819631937635291,0.617322065653698,-0.924450780392009,0.968220127909451,-1.70972241982659,0.682832724400303,0.682832724400303,-0.993332151729983,-0.307289207713733,-1.10450778395871,1.72139727595486,0.931913901423168,1.18284129293668,-0.193933566835524,-0.695793398648614,-0.888729441037333,-0.286904425214791,-0.471261468611373,2.57997935151736,2.39312643334151,1.57084784025982,1.14986631244269,0.964824256168832,-0.411754368021554,-0.252097771813259,-1.06368304617927,-0.669765384924741,1.28514859812821,-0.306688719613709,-0.478855999702333,-0.295725241742213,0.192718347798946,-0.350922141952573,-0.906450078535958,0.425927152326122,-1.18813086037385,-0.35568405855027,-0.115382978305131,1.47862912729775,-0.619472066787389,0.0352672065190975,-0.235899778288672,0.0510694094017551,-0.472016707391195,0.0470055993203757,0.982048677088096,-0.864272121234376,-0.296225771543798,0.626603400623183,-1.33771336277832,-1.50135362329445,-0.333979422149212,-0.177731018223659,-0.744267573836537,-0.569295082344151,-0.267933252874971,0.0643142022027552,1.57152951062578,1.82817078159176,0.682832724400303,0.95469044940847,1.89511707151198,-0.202586991059232,0.682832724400303,-0.149937701058835,-0.394815653267903,-0.358091987495182,-0.245827430569399,0.596735206787962,0.248850401944395,-0.0317506535508209,-0.350646997593453,1.23235638381255,-0.305119864602728,-1.23612737813824,-0.932455617038282,-0.449042081635903,0.726172755495118,-0.0623499430471371,-0.240892786420384,-1.0174414932053,-0.393103207388005,-0.609402729079175,-0.733827980135861,-0.240000251790199,2.90486868069083,-0.0536383847421805,0.91503209899819,-1.0691658496234,1.94908654179843,-1.8868496586252,1.82653673144917,-1.23918622542406
comm.and.crime_point_0774,comm.and.crime,regression,0,0.170881161248375,nominal,0.446191539494759,-0.519882053238727,-0.375024355916575,-0.326143729202842,-0.669300457399169,0.886266145735984,-0.592122486177232,-0.490435159498505,0.681606038310923,0.878589563710704,1.28366585890799,0.540420449981549,-0.499564470154296,-1.56531543697313,-0.769590402450023,-0.864643894797944,-1.08555357022468,-0.200409626554585,0.91503209899819,0.190070598600841,1.01902867135331,-0.482591549127137,-0.629227587743642,-0.792536710712104,-0.472618903484926,1.7386971296432,-1.34259197230855,-0.252778472003357,-0.199361816374992,0.862136631065088,-0.0740881826484698,0.378602433862569,-0.247020650967053,0.872870783432771,-1.27027014793507,-0.772702590882484,1.13647937243678,-0.307777118839921,-0.114546206205749,-0.609687155220656,1.17162441585225,-0.842426782302506,-0.731307100708191,-0.1794909431453,-0.252097771813259,-0.10010478917523,-0.0641469216650966,0.246029414243294,-1.78783315476056,-1.80716432401026,-0.241958561604024,-0.217420442940414,-0.34476848053886,2.37250907426962,1.3719530937981,0.649747137552387,0.216040491892755,-0.175426554321479,-0.347502825535886,-0.484813844404564,-0.523283403627701,0.635156296765973,-0.503316572060594,-0.29306929945644,-0.324530007231007,-0.543205919690318,-0.407970199261594,-0.444251915781118,-0.368353864419804,-0.601380811530617,-0.145996364790864,0.726172755495118,-0.37760024144161,0.311566195365187,-0.478855999702333,0.39248432468313,0.723150221859989,-2.12579870714607,-0.306688719613709,-0.499571897557428,-0.733827980135861,-0.706093598596545,-0.760637999705362,-0.530630024274263,-0.632925531382569,-0.616079834918179,-0.675254778272487,0.825219881684049,-1.70741677914781,0.914794956287961,-0.286904425214791,0.0719288462359772,-0.629727998655079,1.47364793058586,-0.0278472343569434,0.267182086905024,0.79946253665809,-0.413219819433159,-0.112528209839365,-0.138329585106176,-0.391348688885798,-0.0922487271028942,-0.491156386462159,-0.453822940289352,-0.907797521612643,-0.186519518100509,1.37581220011629,0.589529123243989,-0.230075729421995,-1.01880107061754,-0.0381763034178386,0.385056113761999,-0.335131340202921,1.18526346750045,-1.18700206728655,-0.0140505928019747,0.559333928560141,0.869105939717259,0.287579502381766,1.23819966399899,0.92179093362327,-0.391348688885798,-0.230503261067549,-0.504578098615964,0.385056113761999,-0.792470938203999,-0.581865250252313,-0.86805539531773,-1.02847344562641,0.99496661054505,0.0781269390163294,2.52764993645278,-1.13966992969373,-2.03465428511244,-0.264029226104202,0.352751675137971,0.10330581002708,0.763335172475784,-0.477052214376713,0.682832724400303,0.682832724400303,1.25373139925322,0.69535681818675,-0.15468380482628,0.857434586358428,0.30420847476134,-0.489575518936313,1.5926843953977,-0.782770299686468,-1.88129497561135,-0.286904425214791,1.33122325340476,-0.792536710712104,-0.830849724959226,0.137926467172162,-0.315269840651936,-0.8158329812246,1.82478511840906,-1.14329182538575,0.94967388912165,-0.669765384924741,-0.0713724957371486,0.722766042539909,-0.370866985519292,0.412240099369111,-1.46152351837023,-0.23600364120476,0.375096642443002,-0.277522937462631,1.92526463671364,-0.35568405855027,-0.230075729421995,2.60932884078986,-0.576459764357761,2.99845558029525,-0.305555362163633,1.6637997633151,-0.669300457399169,-0.590607768331523,-0.549903811549208,-0.864272121234376,-0.296225771543798,-0.733880170107544,0.517726140133124,1.02125980885322,-0.333979422149212,0.117254540572726,-0.506122969993337,-0.315851368525389,-0.67732705075443,-0.738257558223326,-0.288220510132573,-0.236728129982936,0.682832724400303,2.32407992805221,-0.377360854488696,-0.202586991059232,0.682832724400303,-0.333979422149212,2.09797001511295,2.51427010245079,0.881022906339523,0.726106231776839,1.14737045894235,-0.343626531286471,-0.938572255698432,-1.1887465803376,-0.710275698132921,1.3445430117542,-0.723488865413399,0.910165802193541,-1.23321624918318,-0.901326148435522,-0.0176604331626889,0.324222120103087,1.34299379268217,-0.609402729079175,0.914832475982277,-0.287410644307502,-0.779675500224294,-0.0536383847421805,-0.985685818113966,-1.0691658496234,1.49031553733097,-0.0916995301342629,-0.391374245016123,0.727959932947938
comm.and.crime_point_1407,comm.and.crime,regression,0.01,0.188570287785942,nominal,-0.224640267159436,0.87205458879957,-0.296225771543798,0.0403429408622278,-0.590386957395979,0.804312163562517,-0.44849760935004,-0.318385949779994,-0.349350157880785,-0.0965886105387498,-0.217794594564951,-0.0734685214771128,-0.499564470154296,-1.56531543697313,0.376746696020106,0.447456505679301,-0.546622083628446,-0.144252122992213,-0.179320641157294,-0.170067920092664,-0.114868187284245,0.425322062429169,0.103340488803673,-0.0430886968833349,0.57637235765421,0.282168870917816,-0.319107477609904,-0.416640719459369,-0.35568405855027,-0.888608530066145,0.207127241592105,0.0823177976294598,0.0397956405866952,0.279314681750966,0.453507363282115,1.15430859093348,-0.288371529602239,0.345745036678463,-0.060866973497344,-0.554880727147895,0.0316160787569558,-0.671164351997201,-0.622378561168927,0.143936619326893,0.391542377989094,0.481421648160263,0.53014060635586,0.715986185718564,-0.00859578069383644,0.36127260445787,-0.241958561604024,-0.260908893459341,-0.115382978305131,0.409831565769285,0.281514065900134,-0.144305290106824,-0.45072955583245,0.418318316003255,0.287194873033872,0.0643142022027552,-0.0548441670278318,-0.202331311881772,0.361435668159245,-0.394815653267903,-0.324530007231007,0.223523394233582,0.668496977088488,-0.285774072128984,0.189775015255796,-0.601380811530617,-0.0880280749874027,0.726172755495118,-0.37760024144161,0.569266126325109,-0.0468999429701671,-0.479994764969224,-0.758443965028085,-0.0609873547032339,-0.718470624475156,-0.790417551201081,0.736598913158695,0.632755165319001,0.429573619911515,0.062104246571098,0.370524555741227,0.511652676906082,0.308792642392304,-0.472716577020044,0.588687762606162,1.48594614957082,-0.189444898148642,-0.226875569169311,0.322100132310052,0.445891340166776,0.799273698727645,0.0677021350979969,0.244526896952449,-0.230503261067549,-0.457199869470233,-0.487590987704104,-0.391348688885798,-0.137892390091274,0.111080258000336,0.964551578420628,-0.116389386036903,-0.601674905382743,-0.812893280194679,-1.29358715674149,-0.34476848053886,2.11288034069066,-0.0952404331143684,-0.100894450061688,-0.493873574512357,-0.248412816512834,-0.0271763465708762,1.06920319460932,0.82042102382418,-0.00318371628598076,-0.10010478917523,-0.000739682945828393,1.36621788797293,-0.391348688885798,-0.504578098615964,-0.321861540250354,-1.28877360607514,1.15101920296373,1.18000319046612,1.37285536926462,0.517726140133124,-0.736908318327921,-0.11337289675326,1.49594241985563,-0.777184479464502,-0.500074299075133,-0.567472613338656,-0.970100277440667,0.592713710226646,0.845289154649251,0.044462103313619,-1.56531543697313,0.682832724400303,0.157602837798,-1.13299769963178,0.478532181262003,-0.409710691716343,2.24438888444335,1.42175798034711,-0.293190120292925,-0.695793398648614,-0.0946770133781229,-0.286904425214791,0.402670517820692,0.224571308055511,0.0902863202695546,-0.196421853214959,-0.576901296561691,-1.00327058516075,-0.411754368021554,-0.450140894829368,-0.713534013953022,-0.232079094641932,-0.0713724957371486,-0.677292433989011,0.169078085395916,0.589231434646941,0.0272941611820292,-0.523299893074292,0.00131218215747174,0.582249394501401,-0.382942369747774,0.113282667975565,-0.230075729421995,-0.521839596572905,-0.576459764357761,-0.440959496409212,0.948245147585665,-2.19523358354898,-0.708757207400764,-0.165532189896924,-0.761207603085388,-1.39341290226583,1.59494025340284,0.521950818259281,0.0538662644052637,-0.611019470771741,-0.241958561604024,-0.35472235350149,1.54192062305818,0.90912658159863,0.499680118149013,-0.484813844404564,0.935299240366342,-1.71165592396486,0.682832724400303,-0.978565285147405,-0.822944761547652,-0.351119333321313,0.682832724400303,-0.333979422149212,-0.191322945644976,1.62721710408512,-0.127211605631618,3.31352673155438,2.32667803375218,-0.343626531286471,1.46212254823023,1.28279602889901,1.31550346951804,1.09640162811069,1.64480098633528,-0.261565132142186,-1.23321624918318,0.304702146810281,-1.24543837608001,-1.0174414932053,0.0409210426295376,-1.76563423499632,-0.822944761547652,-0.0977690742382896,-0.882023949694159,-0.733880170107544,-0.121723128517532,-0.130365530277162,-0.230075729421995,-0.245569541147772,-0.304397343978269,-0.785229419645906
comm.and.crime_point_1758,comm.and.crime,regression,0.09,0.021650041653651,nominal,-0.224640267159436,1.22003874930914,-0.453822940289352,0.895478504347391,-0.629843707397574,0.927243136822718,-0.544247527234835,-0.533447461928133,0.0372584156911057,-0.305555362163633,-0.518086685259539,-1.24543837608001,-0.499564470154296,-1.56531543697313,0.854387153715993,1.37686095601735,-0.203665683067209,-0.0319371158674677,-1.3888684065923,-0.620241068459545,-1.72619530219024,0.727959932947938,0.364971944713428,0.171039307067742,0.751204234510732,-1.23504806525446,0.602028567618877,-0.252778472003357,-0.433845179637909,-0.932377159094426,-0.870865217996765,-0.954678429186424,0.613428223694192,-0.215315402983871,1.2004776181429,1.74723510841532,-0.744323818254725,-0.106693378680418,0.905359215253946,-0.993332151729983,-0.424387256081161,-0.842426782302506,-0.94916417978672,1.04953379424903,1.1342040892995,1.11140862194038,0.987284858679672,0.768203604771372,0.110020044243945,0.133016085671751,-0.333979422149212,-0.739281849167541,-0.34476848053886,-0.503041693998314,-0.192589859272896,-0.392446673750327,-0.655889570517129,-0.472298989483845,-0.389816005440537,-0.44257322543477,-0.480698018482259,0.546999706382,-0.548829847861638,0.012169761977951,0.147394108299959,1.16719024213992,1.49167775900326,-0.0216443327087585,1.00159884023849,-0.696638653067897,-1.01552071184278,0.726172755495118,-0.510521925868227,0.878506043477017,0.871006677585685,-0.939194285838884,-0.652615808821794,0.928401418342293,-0.800827005447445,-0.69346899998653,0.781157303864591,0.675943835122729,0.642111409128814,0.472458741771733,0.705007918115826,0.833861965998727,0.917964855184794,-0.295725241742213,0.748881102728531,-0.435198773289707,-0.286904425214791,-0.226875569169311,-0.326873593347992,0.348009760126863,0.413283929954837,0.666141990519079,0.294975591471144,-0.0477867027019386,-0.949587954657186,-0.574906338353587,-0.391348688885798,-0.959478323882113,1.35857045010122,0.0977671503200851,-1.20457557245354,0.110020044243945,-0.236918153797056,0.24714434506481,-0.230075729421995,-0.26287797133625,-0.665881730079667,-1.99070219826491,-0.335131340202921,-1.02039235405845,0.359432227001014,-0.211005826876756,0.715986185718564,-0.778552299399972,1.40217184060813,0.648228546406218,1.36621788797293,2.39650468307564,-0.504578098615964,-0.595936377798769,-0.532850506793854,2.10116993864573,0.984240030386299,0.396048112908209,0.620806112517094,-1.13966992969373,-0.687872404062027,-0.506783935891765,0.0283387432671127,-0.8289128675117,1.13181035517429,-1.65798329278156,0.494832130186732,0.722358181389051,0.803028383590466,-1.56531543697313,0.682832724400303,-1.37697714823931,0.636377640192604,-1.42111577700285,-1.27367338131278,2.01613236565723,1.03949128049042,1.7415692255838,0.217464062248858,0.15346437026538,-0.286904425214791,-0.525882217763377,-0.899600712687643,-0.830849724959226,0.281218604480928,-0.890859043653398,-0.0660825654799971,1.00319918461822,-0.351119333321313,-0.976145788122707,2.13142687288523,0.164544216239436,-0.471401481558287,-1.77472416989883,0.530234322887664,-0.358695607590779,0.396048112908209,0.108107742239052,-0.35568405855027,2.94517005817334,-0.277522937462631,-0.34476848053886,-0.565328047091832,-0.576459764357761,0.617322065653698,-0.0269330266637888,0.627044535799378,1.46136404268695,-0.930668231079202,-0.497077863665163,0.670236143756844,0.0189685659473083,0.260319362349526,-1.80157323850618,-0.215315402983871,0.12612488057673,-1.47566747692775,0.0654240792303436,3.44356371978626,-1.24024352283868,-0.696016939253532,-1.41385868059157,-0.885696359334983,-1.56531543697313,0.793585804862147,-0.867503152253548,-1.09378104463172,0.682832724400303,-0.333979422149212,-0.547435183985099,0.275517297051724,0.228635869181726,-0.114805430650861,-0.705827158615937,-0.499564470154296,-0.00769059703221596,1.33323567398548,-1.11543153166311,0.500862307366285,-0.166244194413711,-0.449042081635903,0.726172755495118,-0.7440181099252,-1.18963028776559,0.263237410407251,-0.274732957383221,0.798183452037345,-0.377360854488696,-1.70972241982659,2.75134600648603,0.364971944713428,-0.524905716995868,1.40136130655091,-0.34476848053886,-0.861049585201808,-0.608816497610759,-0.432151904040676
comm.and.crime_point_1398,comm.and.crime,regression,0.6,0.0261581208929387,anomaly,0.995053926757281,0.87205458879957,-0.0598300184254683,1.87277629118758,2.25049904271885,-1.49039933729455,-0.400622650407643,-0.490435159498505,-0.0271763465708762,1.15721189921055,0.382789586824224,-0.575741316306927,0.0462183158830917,0.682832724400303,-0.960646585528377,-0.427277094638862,-0.742597169663439,-1.04277217999017,-0.0641256158777693,1.27048615468136,-0.114868187284245,-1.13830693525114,-0.681553878925593,-0.257216700834412,-0.705728072626956,-0.688849968232438,-0.370281702344836,0.184187521212675,0.113282667975565,1.08097977620649,0.160258004218676,-0.0658245204870952,-0.199217935708095,-0.215315402983871,0.338588862534303,0.166097728463756,-0.00340134919443606,0.597099711877842,-0.329263137039369,-0.390461442929611,-0.709389340354984,0.128060322760887,-0.186664403011869,0.6614207192824,-0.549162456337422,-0.681631226510723,-0.247004622594622,-0.850536385865668,-0.601674905382743,-0.894138248865786,0.12612488057673,1.26118687470311,-0.230075729421995,0.774980869676324,0.328924458417437,-0.0450487366494222,-0.0916995301342629,-0.514709337364183,-0.559068725059139,-0.611535701313945,-0.608454173918587,0.635156296765973,-0.548829847861638,0.317408823412342,0.357138159647056,0.577398462198459,-0.15468380482628,1.29900436439237,-1.43387263470959,0.113052999998984,-0.261932944397787,0.726172755495118,-0.178217714801685,0.105406250597248,-1.12679008480058,0.0251247079874021,1.41103323720088,0.111080258000336,1.1757261378875,1.92414188280635,-0.778386370841756,-0.706093598596545,-0.633115326174983,-1.16895923903081,-1.01519223123925,-0.777184479464502,-0.862692382208638,-0.177731018223659,-0.212278938005688,0.55133510601705,-0.0919853710824933,-0.127274097367549,-0.716257828742818,-0.386102090172486,-0.854968167441532,-1.37852751550295,-2.78239477416923,-0.0477867027019386,-0.407961060951538,-0.574906338353587,-0.391348688885798,-0.0922487271028942,-0.0609873547032339,-0.0598300184254683,-0.957260530086126,1.29617829362176,-0.524905716995868,-1.35065128643802,-0.230075729421995,-1.66673515571579,-0.437625211293547,0.925001184677206,0.194009440828534,-0.689543980824615,-0.413784920142767,-0.851110337619796,1.39481263340506,-0.0516442527306052,-0.778552299399972,-0.472716577020044,0.0329370249239415,-0.391348688885798,-0.0477867027019386,0.317646414029282,-1.01880107061754,-0.749282268400272,-1.56068105065144,-0.178544390830854,0.775426071093047,-1.09939376855715,-0.304872732522849,0.282168870917816,1.63938518873034,1.30853782732598,-0.81022732312622,0.194009440828534,-1.6096218406714,-0.0562046492588845,-0.42964182185941,-1.56531543697313,-1.56531543697313,1.25373139925322,-0.0123933177430025,-0.661256593696907,1.37581220011629,0.817785642030109,-0.871842218792997,-0.144305290106824,-0.652304948129686,-1.73241014542524,-0.286904425214791,-0.635123716067385,0.974019321884281,0.346157443944216,0.281218604480928,0.521950818259281,0.40251144436038,-0.959478323882113,-0.549162456337422,-0.888608530066145,0.730830743980246,0.341481750221874,-0.7596488149613,1.51894076268393,-2.59661260035402,-0.910109562980505,-0.408381392326479,-0.586063398291218,-0.277522937462631,1.22743461150438,-0.433845179637909,-0.230075729421995,-0.695793398648614,3.6817581761754,1.25229100289144,-0.305555362163633,0.339056972600567,-0.235276207381626,1.66229279737185,0.189659458827421,-0.440959496409212,-0.453822940289352,-1.04783791719925,0.981586015860986,-0.0174633690899362,-0.333979422149212,0.707225658165495,-0.315607286918777,-0.738257558223326,0.0902863202695546,-0.696016939253532,-0.239279720112616,2.89011879325874,0.682832724400303,0.471376515769501,-0.154568900959218,0.490563939497149,0.682832724400303,0.0341040200315418,-0.496562007079367,0.402239153961105,-0.00859578069383644,0.143936619326893,1.2596854660671,-0.499564470154296,0.38425957503777,-0.482591549127137,-0.620241068459545,-0.144305290106824,0.112378141086133,-0.730257505876477,-1.23321624918318,0.357138159647056,-0.854781757879046,1.48293160432397,1.1062532926726,1.5019765425956,-0.689269589429965,-0.666693784445925,-0.267933252874971,-0.629227587743642,-0.58250322963563,1.64841402216834,2.75193579961649,-0.50201955950362,-0.391374245016123,0.0218049017374774
comm.and.crime_point_1153,comm.and.crime,regression,0.12,0.147797681101533,nominal,1.11702334614895,0.176086267780421,-0.296225771543798,-1.181279292688,-0.669300457399169,0.927243136822718,-0.400622650407643,-0.576459764357761,-0.54265444466673,-0.375210946038594,-0.337911430842786,0.875268979868092,-0.265657561852559,0.682832724400303,-0.530770173602079,0.0100897055202199,-0.644609626645943,-0.368882137241703,0.396654485240329,-0.98037958715305,0.243204504917087,-0.633910484386522,-0.262943549469985,-0.41781270379772,0.751204234510732,-0.264029226104202,0.0391120955346223,-1.07208970928342,-0.35568405855027,-0.494690868811617,-0.0740881826484698,0.131698570334978,-0.58163965777976,-0.512093453824773,0.166211111412584,0.0178660990932967,-0.687329782173164,-0.0564224436405426,-0.382942369747774,0.65086069045285,-1.10839225833834,0.870197520750541,0.793692452841512,-1.34383016804519,-0.00454386804312309,-0.00318371628598076,0.621569456820622,-0.223927357231975,0.287943781650617,0.874849771726638,-0.333979422149212,-0.869747200724323,-0.34476848053886,-1.00512198687049,-1.37784967220547,-0.69021633412253,0.421200506577434,-0.726761076765874,-0.728321444677741,-0.653776320283739,-0.565868788773144,0.723312887149946,-0.548829847861638,-1.00529377613668,-0.953762161272296,-1.01503934364349,-1.16782938256753,-0.655555707317298,-0.0639199300512947,-0.649009732299257,0.317749953636827,-1.23321624918318,-0.311139399228302,0.414646167749156,-0.0468999429701671,-0.52591471705619,-0.811358043131231,-0.319088773758589,-0.512579672044432,-0.402623346342877,-0.733827980135861,-0.749282268400272,-0.803145557548822,-0.257060360807173,-0.537358856418398,-0.65635599605476,-0.440957773352299,-1.23967902989064,-1.06664341865833,-0.74673578780763,-0.286904425214791,-0.226875569169311,-0.716257828742818,0.00542422998716656,0.0824355567210018,0.566402014615565,-0.310408742753192,-0.413219819433159,-0.112528209839365,-0.70587936432781,-0.391348688885798,-1.46155861675429,-0.878308515045191,0.334162903438415,-0.462630445351289,-0.720290730320524,-0.985685818113966,0.646593252940519,-0.230075729421995,-1.45075712734971,0.190080215368281,-0.532850506793854,-0.123475027790339,1.13012207196148,1.19708413640678,-0.70339391206371,-1.84266734786902,1.64447452283125,0.626803257494137,1.00221121696188,-0.559632247542278,-0.391348688885798,-0.413219819433159,-0.504578098615964,0.115083578304395,-0.965225617418908,-0.777628410332139,-0.465840642700386,0.981586015860986,1.07551893281821,-0.161247855695657,-1.23504806525446,0.149167226676855,-0.0616228744930443,-0.870916000573111,-0.652615808821794,0.0543650200071232,-0.424997569039485,-0.998566532067046,-1.56531543697313,-1.56531543697313,0.322022122016284,-0.0123933177430025,0.98510497013263,1.08782463691748,-0.323496951900488,-0.871842218792997,0.848260244467189,0.0435102601731493,0.500862307366285,-0.286904425214791,0.184187521212675,-0.36428070280995,-0.574978601284565,-0.626298265141257,-0.890859043653398,-0.768973580240562,0.272900576804145,0.787628624021312,-0.844839901037864,0.380681711753999,0.813315174175043,-0.883183386419734,-0.532850506793854,-0.413719465260767,1.40582904965634,-0.0636258900830415,1.12266556301406,-0.35568405855027,0.798000749837136,-0.043039574199713,-0.34476848053886,0.739325468475985,0.154749376945913,-0.917186199337522,-1.28073353641309,-0.0641256158777693,3.23691779275872,-0.675622884018443,-1.28946708192584,0.776064299963135,-0.138628602798245,-0.367596131833887,0.311566195365187,0.279314681750966,-0.241958561604024,0.117254540572726,-0.696638653067897,-0.527054463374357,-0.728501275489362,-0.358091987495182,1.22894398048608,-0.236728129982936,0.682832724400303,2.32407992805221,-0.778386370841756,-2.38106134423643,0.682832724400303,-0.333979422149212,-0.750927891608026,2.64099195936017,-0.483059080444962,1.89044545667673,0.978897948255237,-0.343626531286471,-0.350646997593453,0.374882417342708,-0.125050605255976,0.401605753908883,0.251689308836056,-0.777126743249906,-1.23321624918318,-0.00991393021036301,-0.631549404621351,-1.38334975138032,2.09267204271247,-1.01157020939818,-0.822944761547652,-1.42526006472277,2.29077798387164,-0.890859043653398,0.339056972600567,-0.673881504635512,-0.230075729421995,2.26764063873954,2.43537503871415,-0.93654835490529
comm.and.crime_point_0165,comm.and.crime,regression,0.05,0.050546315344685,nominal,0.324222120103087,-1.56383453476745,-0.375024355916575,-1.181279292688,-0.4325599573896,0.640404199215584,-0.11337289675326,-0.447422857068877,-1.63804540312042,-1.62901145578789,-1.17872928478763,2.15885501109984,-0.343626531286471,0.682832724400303,1.18873547410311,-0.427277094638862,-0.350646997593453,1.59663048744133,1.43340971275605,-0.845327642642986,0.243204504917087,1.38367531907194,2.09173955371781,1.9911273406519,0.867758819081747,0.52492358070538,1.72786151178739,0.5119120161247,-0.433845179637909,-1.10745167520755,-0.495911319009332,-0.658393792953314,0.995849945765856,-0.957260530086126,0.22367036178649,-0.624470961512025,0.45255093945805,-1.21265394955768,1.33479307692119,-1.43178357631207,-0.766389757209749,-1.24203911968155,-1.27594979840451,-1.14977363056188,1.48077955457769,1.45063237705275,1.35300026053872,1.39481263340506,0.406559606588398,0.133016085671751,-0.333979422149212,-0.956724101762177,-0.230075729421995,-0.731260008940213,-0.856335354515137,-0.938357717766034,-0.861049585201808,-0.0481955106804643,-0.0513105662033324,-0.0201670357368324,0.0729119884084963,-0.466801083033691,-0.00267053824910844,-0.903547422325221,-0.848890135598748,-0.95606016564934,-0.534613396479251,-1.76490061288224,0.950859851177069,-0.839525415373817,-0.493806103611632,0.726172755495118,-0.444061083654919,0.878506043477017,0.601034142128082,-0.75551447749102,0.0352672065190975,-0.706240902341621,-1.04789614836431,-1.17821175605928,1.36041638304123,1.32377388217864,1.27972477678071,1.293167732173,1.61289133027545,1.80048983327666,1.52713706797728,0.412240099369111,0.695483322687741,1.1744091350529,-0.286904425214791,-0.226875569169311,1.01433877301197,0.152246600047036,1.73667742289018,0.616272002567322,0.900359925695479,-0.504578098615964,-0.06328940132067,0.778481596713387,-0.391348688885798,0.0903259248506256,0.584266192935153,-0.453822940289352,-1.45189061482096,1.41479411855954,-0.870490792834442,2.30145301413988,1.14623728398038,-0.26287797133625,-2.14954910218944,-0.370866985519292,-0.282217262099776,0.358142534415864,1.26151889866876,-0.851110337619796,0.872638442876987,1.20832969482963,-0.827012835844596,0.353242987609834,-0.115205293192613,-0.391348688885798,-0.0477867027019386,0.0435715764808665,-1.72072966280731,-0.533338919381635,-0.875509990372052,1.83252937225587,-0.770773514666489,-0.0522135790060488,0.173876856901124,-0.14265187121042,-1.30077457424005,-0.226042158711328,-1.23504806525446,-1.1288425117501,-1.2670363105317,-2.63775508772309,-0.808924961997834,-1.36298210244952,0.682832724400303,2.95273066950882,-0.838101809661048,1.99825054787388,1.14542214955724,-0.0381763034178386,-0.776275543828826,-1.03761427122343,-0.782770299686468,1.4437995652116,-0.0919853710824933,-0.908227461827405,0.224571308055511,-0.67732705075443,0.137926467172162,-0.733880170107544,-0.300379570400185,-0.959478323882113,0.29252081648104,-0.844839901037864,0.468218969810561,-0.720143453672756,0.805122423512198,1.19497372013481,0.0582574288134486,1.2955462585784,-0.121085140456948,-0.853052298495168,-0.433845179637909,-1.13445162766544,1.05121612102724,-0.34476848053886,-0.956724101762177,-0.533447461928133,0.987720612375717,-0.166244194413711,-0.00652810323800724,-0.629843707397574,-0.208039747740384,-0.0216443327087585,-1.60506921467841,-0.375024355916575,-0.733880170107544,0.208486222981217,-0.0174633690899362,-0.333979422149212,-0.295725241742213,-0.410865128456057,0.782404724689249,1.83020996125725,-0.44257322543477,0.494832130186732,-0.118733906464382,0.682832724400303,-0.374422868098694,-0.466477635900487,-0.648184017845477,0.682832724400303,-0.0579168405136468,0.26653564650661,0.0643142022027552,1.0589466437462,-0.438232993123054,-1.15508718711492,0.0462183158830917,0.825203518616504,0.627080642775015,-0.125050605255976,0.500862307366285,0.251689308836056,0.582081140579538,-1.23321624918318,-0.219657981557459,-0.18508469810596,-1.38334975138032,-0.590386957395979,0.747912516997469,-0.243685682371009,-0.334821036824805,-0.830849724959226,-0.472248714197789,-1.3888684065923,0.51197153032816,-0.115382978305131,-0.60459956684596,0.869790820032767,-1.08786729016467
comm.and.crime_point_0128,comm.and.crime,regression,0.14,0.310372752444732,nominal,-1.38334975138032,-1.56383453476745,-0.375024355916575,0.590072945959833,-0.235276207381626,-1.24453739077415,4.0517485312353,0.455835493953308,-0.735958731452675,0.59996722821086,0.0824974961296363,-0.129276609791536,-0.265657561852559,0.682832724400303,-0.00536567013660394,0.392785655659416,0.874197290125252,-0.31272463367933,-0.640100742275393,1.13543421017129,-0.353583315418467,-0.129514033521907,-0.00131209356022966,0.0104433041044344,0.57637235765421,-0.14265187121042,0.0902863202695546,-0.362019970307365,-0.277522937462631,-0.0132359495005283,-0.261565132142186,-0.559632247542278,1.56948252887335,-0.512093453824773,-0.293462891578667,-1.36562910836432,3.18826467137296,-0.91102833931843,1.65686847317162,-0.445267871002372,0.259617746176014,0.185147799529322,-0.0777358634726045,0.143936619326893,-0.00454386804312309,-0.293946934953727,0.438711755891097,-0.0672751000735523,-0.423751167976071,-0.722945859776196,-0.333979422149212,-0.391374245016123,-0.000690227188266011,0.227256913815765,0.565976421003951,0.749003691009788,0.9853905469603,2.45401501425948,2.86829884721756,2.97891691111852,3.18164510402581,-1.56875846283336,1.08964808097595,0.26653564650661,0.147394108299959,-0.0123933177430025,-0.0280406076086237,0.348137302479556,-1.23091667846391,0.827486811528584,1.07133772108182,-1.23321624918318,-0.37760024144161,-0.152293680362675,-1.23477909898362,-0.709594525404054,-1.65798329278156,1.10046903104586,-0.14197595766913,0.518387890195357,0.335573396805634,0.50318915590782,0.557096293441894,0.335673910038188,0.22717454329497,0.229719548950016,0.168214439440191,-0.236728129982936,0.802278882769321,-0.227507430277758,-0.0919853710824933,0.271131789839503,2.83146520485449,-1.41385868059157,-2.17836166037687,-1.57800746730998,-1.168036549571,-0.413219819433159,-0.112528209839365,-0.400275637054622,-0.391348688885798,-0.0922487271028942,0.670299999286939,-0.375024355916575,-0.907797521612643,-0.0679036931627271,-1.3888684065923,-0.209368692507428,-0.34476848053886,-0.586845013885375,0.133016085671751,0.925001184677206,-0.282217262099776,-0.0278472343569434,-0.0271763465708762,-0.8018715291011,-1.21605831923532,-0.148565325619854,-0.00318371628598076,-1.53466458868703,-0.609013020247796,-0.391348688885798,1.50530404340575,-0.504578098615964,-0.424861492610813,0.589566495515274,0.396950550146819,-0.23600364120476,0.775426071093047,0.95469044940847,-0.44849760935004,0.464234903258489,-0.978565285147405,1.03450568696218,-0.203340548657311,-0.440959496409212,-1.90326658079114,0.435519243781917,-0.761514569480531,0.682832724400303,0.682832724400303,0.705667118525611,0.636377640192604,1.49167775900326,0.972629611637952,-1.35065128643802,-0.0595254815975429,-0.144305290106824,-0.521839596572905,2.73413476015781,-0.286904425214791,0.621153514428708,-1.00666471466318,0.294983219209284,0.0423983756329848,-1.04783791719925,-1.00327058516075,0.638049880711185,1.6788226775938,0.380681711753999,-0.144541836585371,-0.130351673731295,-0.965539767392024,1.14097921304329,0.23524876409128,0.964697885344563,-0.695677644196011,0.588687762606162,-0.35568405855027,0.261208422753086,-0.277522937462631,-0.230075729421995,0.0435102601731493,-0.576459764357761,0.670236143756844,-0.305555362163633,0.511849510519854,-0.629843707397574,0.174528272850755,0.136833510943376,-0.440959496409212,0.570558656556745,-0.419922423015838,0.672346098709078,-0.858334513139159,-0.333979422149212,-0.000739682945828393,-0.410865128456057,-0.696016939253532,0.141460545004487,1.75393896099451,0.641654500246602,-1.59366170044631,-1.56531543697313,0.551928838042662,1.36041638304123,0.490563939497149,-1.56531543697313,-0.241958561604024,-0.445688830173635,-0.358091987495182,0.525175431526179,0.467364181799085,-0.368882137241703,-0.187688592418646,1.26614746219524,-0.179953678608368,3.07117874814888,-1.28575565486694,-1.14142236866316,-0.0272189452750407,0.726172755495118,-0.48183804574133,0.707844714924821,0.812099797669774,-0.472016707391195,-1.06184114443806,1.58320833657071,-0.998566532067046,0.243808994474351,-0.210617258288034,-1.3888684065923,1.05548750468651,0.572773528396057,-1.57910963659818,-0.782770299686468,1.13147709363963
comm.and.crime_point_0440,comm.and.crime,regression,0.24,0.0732779522962541,anomaly,-1.26138033198864,-0.867866213748302,-0.217427187171022,-1.36452262772054,-0.629843707397574,0.517473225955383,-0.44849760935004,0.240773981805169,-0.0271763465708762,-0.375210946038594,0.0824974961296363,1.21011750975464,-0.109719622984733,0.682832724400303,-1.15170276860673,-1.46602324501668,0.0902969459852806,-0.31272463367933,0.68464204843914,0.640243746967722,0.362562068984198,-1.13830693525114,-0.681553878925593,-0.739004709724335,-0.822282657197971,-0.385406580997984,-0.984372399164023,-0.853606712675401,-0.043039574199713,1.16851703426305,-0.167826657395328,0.0329370249239415,-0.390428796743927,0.971796800379738,-1.15535164718726,-1.01975530649992,0.45255093945805,-0.00615150860066679,-0.221904671622559,2.24024710456292,-0.0823847549525736,1.72650967227706,1.99190638777342,-1.21445914305632,-1.2423133868938,-0.923933908733845,-1.11557870200987,-1.37271057639375,-0.838906555258306,-0.380561081597017,-0.241958561604024,-0.521839596572905,-0.230075729421995,-0.183536053079654,-0.145179466755593,-0.0450487366494222,-0.0404095264630932,-0.472298989483845,-0.474442365249838,-0.44257322543477,-0.480698018482259,0.326608230422067,-0.366776744657462,-0.649181537796562,-0.7440181099252,-1.5458519455908,-1.5477589742205,-0.972511394621568,-0.875743755033986,-0.363236207687417,0.781496272064518,-1.23321624918318,-0.178217714801685,0.156946236789233,-0.910812056434499,0.0710446600743682,-0.176389105893484,-0.0609873547032339,0.516875090109185,-0.111777692699224,-0.778386370841756,-0.792470938203999,-0.760637999705362,-0.940984519474898,-0.919625556275082,-0.938289124010825,-1.09698938712883,0.23524876409128,-0.0520855978833183,-0.590967280548668,0.00547415598365529,0.470334733443029,-0.49993325352347,-0.679746830292226,-1.40638212283126,-0.979567611888896,-0.562652215346664,-0.230503261067549,-0.358722252432842,-0.662221689003069,-0.391348688885798,-0.320467042044794,0.928401418342293,0.0189685659473083,-0.314241419930838,-0.00859578069383644,0.339056972600567,1.04604216081623,-0.34476848053886,0.0610890712128745,-1.92129258340332,0.115083578304395,-1.60506921467841,0.90955648980559,0.359432227001014,0.626053917941065,-0.798318966812861,-0.293946934953727,-2.4262105385172,0.943214105202603,0.230460115746014,-0.391348688885798,-0.504578098615964,-0.0477867027019386,0.817012170494165,3.18088668373891,0.886358450346385,1.31539611889071,-0.203833666554659,0.0283387432671127,0.0302519800739321,0.464234903258489,-1.09939376855715,0.65086069045285,4.83381967943463,0.564407987550553,0.837417660326429,0.845289154649251,-1.70972241982659,-1.56531543697313,0.682832724400303,-0.993332151729983,0.282502572227728,0.668496977088488,-1.3888684065923,-0.209368692507428,-0.72849220634674,-0.839101164308632,-0.0869550913836323,0.00457954007927846,-0.286904425214791,-0.689744465219389,1.40227532978643,-0.4726301518147,-0.291949944754136,0.417298235895379,0.871105454200756,-1.14205297583563,-1.04427026387769,3.05056808247913,3.05056808247913,-0.779122631666902,2.90521013830558,-0.586845013885375,-0.531713688779321,0.6889909076497,1.31539611889071,0.588687762606162,-0.35568405855027,0.207529190044681,-0.35568405855027,-0.34476848053886,1.43514067677882,3.6817581761754,1.1993769247883,3.52550175095922,0.454251997880092,-0.393103207388005,-0.633115326174983,0.559441094015736,-0.176389105893484,-0.296225771543798,-0.733880170107544,-1.02847344562641,-0.858334513139159,-0.333979422149212,0.176251652332003,-0.267978366150136,-0.527054463374357,-1.08672084863389,-0.10464827367642,-0.679746830292226,0.353242987609834,-1.56531543697313,-0.777184479464502,0.781157303864591,0.29252081648104,0.682832724400303,-0.0579168405136468,-0.29306929945644,-0.653776320283739,0.999638731277305,-0.114805430650861,1.2596854660671,-0.187688592418646,-0.44863454061095,-0.482591549127137,-1.25048347617318,-0.243561843564225,0.391000476585978,0.628950377952967,0.726172755495118,-0.639146084251652,-1.24543837608001,-0.651533235030286,-0.708757207400764,1.3008928024361,0.157339833982052,1.3719530937981,-1.64963732071814,-0.367596131833887,-0.524905716995868,0.215508271587242,-0.34476848053886,-1.11749960355766,3.26165559857376,-0.0286347433489841
comm.and.crime_point_0623,comm.and.crime,regression,0.1,0.076765642801592,nominal,0.263237410407251,-0.519882053238727,-0.453822940289352,-0.203981505847819,-0.629843707397574,0.927243136822718,-0.544247527234835,-0.576459764357761,-0.54265444466673,0.182033724961094,-0.277853012703869,-0.687357492935775,-0.499564470154296,-1.56531543697313,0.424510741789694,0.939494155858268,0.678222204090259,0.36116540906914,-0.870490792834442,-0.845327642642986,-1.18908626388824,0.324442772256246,0.207993071167575,0.0104433041044344,0.518095065368702,0.828366967939835,0.960248140763403,1.65894774831678,-0.433845179637909,-0.801071272009583,-0.636519031129619,-0.609013020247796,0.0875983558456533,-0.215315402983871,1.2579368685168,1.7966456515388,-1.42825225123345,0.345745036678463,-0.060866973497344,0.0479899816524777,-0.481387672935926,0.413497706603062,0.249049755145189,-0.1794909431453,0.441053158743122,0.626803257494137,0.758712732517766,-0.276144776284783,1.11825455621509,0.760721512333579,-0.333979422149212,-0.652304948129686,-0.34476848053886,-0.822547334916973,-0.761514569480531,-1.18649910140954,-1.3739496219135,-0.641940381005198,-0.60138190496379,-0.653776320283739,-0.65103955906403,0.679234591957959,-0.548829847861638,-0.59830836089083,-0.534274058578104,-0.0123933177430025,0.22524578682669,-0.0744702805928035,-0.0131809409898764,-0.553751890761977,0.201813374029904,0.726172755495118,-0.37760024144161,0.0538662644052637,-0.100894450061688,-0.709594525404054,0.194009440828534,0.928401418342293,-0.512579672044432,-0.0633034170919484,0.38013178751153,0.287245806889183,0.174528272850755,0.882813236972367,0.752791255597911,0.592204999179243,0.730527251248644,0.0582574288134486,2.03042782370749,2.10902017860667,-0.286904425214791,-0.226875569169311,-0.54319816856734,-1.02233236043192,-0.634402585285642,0.317052074856781,-0.814895687940138,0.0435715764808665,-0.949587954657186,-0.618564013678328,-0.391348688885798,-0.0466050641145143,1.65968877233247,-0.453822940289352,-1.15511256398006,-0.127211605631618,-0.524905716995868,1.73081171717458,0.343388026162328,-0.154888957153209,-1.06533063795537,-0.154888957153209,0.564407987550553,0.0824355567210018,-0.478219682404748,0.478337492384979,0.141594576137679,-0.390868007842976,0.0937373566032682,-0.767702135816429,0.773648615506715,3.7696264931462,0.591721251577697,-0.0477867027019386,-0.424861492610813,-0.14464089114809,1.13106240044617,1.14301836776899,0.826966057285032,1.88104215554983,-0.639997445119629,2.16351787177143,-0.0522135790060488,0.431634978161806,0.0394141611302526,0.458579831344262,1.18000319046612,0.804312163562517,1.3245427012808,0.682832724400303,0.682832724400303,2.24024710456292,-1.01503934364349,-1.86436696726465,0.454251997880092,-1.75010019431373,-1.15854224368551,1.4437995652116,-0.43486269553505,-0.69021633412253,-0.286904425214791,0.129566772060671,-0.953132713675412,-0.933198174429091,0.472274787559283,-0.262943549469985,0.0276362364880784,0.0903259248506256,-2.38106134423643,-0.232079094641932,0.161838566612595,-0.0123933177430025,0.516875090109185,-0.20888346424473,0.589231434646941,-0.138130025434889,-0.925514645691636,0.695483322687741,-0.277522937462631,0.744321517128731,-0.277522937462631,-0.230075729421995,1.00025617158955,-0.0172998327725985,-0.335131340202921,-0.235899778288672,0.454251997880092,-0.156362707378436,-0.590607768331523,0.929222729204051,2.15183033064492,-0.138628602798245,3.39989683326659,0.105406250597248,-1.20457557245354,-0.241958561604024,-0.767702135816429,-0.649009732299257,-0.696016939253532,-0.626152826019497,2.472029483481,-1.85432579077118,-1.18068191813137,0.682832724400303,0.793585804862147,-0.733827980135861,1.18371487005353,0.682832724400303,-0.241958561604024,-0.59830836089083,2.42978886451121,-0.36444325550718,0.337993156810208,-0.874299669303055,-0.499564470154296,-0.742597169663439,-0.986987999991752,-0.98037958715305,-0.938357717766034,-0.79314444928836,3.20675843349157,0.726172755495118,0.304702146810281,0.484612361667126,-0.468579105942779,2.05321529271087,0.546828776837966,1.27129960162944,0.565976421003951,1.06259659023327,-0.262943549469985,-0.870490792834442,-0.772702590882484,3.55478505743454,-0.0916995301342629,-0.13044354190256,-0.0790743884354456
comm.and.crime_point_0580,comm.and.crime,regression,0.14,0.204352763337726,nominal,-1.20039562229281,-0.867866213748302,-0.375024355916575,-0.387224840880353,-0.0774492073752468,0.394542252695183,-0.544247527234835,-0.40441055463925,-0.800393493714657,-0.375210946038594,-0.578145103398456,0.819460891553668,-0.265657561852559,0.682832724400303,0.0423983756329848,-0.153922844539436,-1.13454734173342,0.0803778912572774,0.972629611637952,-0.125050605255976,0.243204504917087,0.0722445468239389,-0.105964675924132,-0.150152698858873,-0.356064318913911,0.585612258152271,-0.267933252874971,-0.362019970307365,-0.35568405855027,-0.494690868811617,0.300865716338963,0.427983206568087,-0.868455949333508,0.576092732591868,0.0512926106647712,1.4507718496744,-0.687329782173164,0.49655784179809,-0.866055464123419,-0.609687155220656,0.0316160787569558,-0.556989398460331,-0.567914291399295,-0.114805430650861,-0.252097771813259,-0.197025862064479,-0.429862323524147,-0.328362195337591,0.228635869181726,0.703657382637049,-0.149937701058835,0.739325468475985,-0.230075729421995,-0.822547334916973,-0.808924961997834,-0.839101164308632,-1.06620959988649,-0.429888641603507,-0.389816005440537,-0.358091987495182,-0.395527248191373,-0.202331311881772,-0.275750193055373,-0.547435183985099,-0.48183804574133,-0.130351673731295,-0.0280406076086237,-0.0216443327087585,-0.317614875358386,-0.553751890761977,0.317749953636827,-1.23321624918318,-0.37760024144161,0.620806112517094,-0.370866985519292,0.1628845642483,0.670236143756844,-1.30847754680412,-0.347866910099853,1.97261615841362,0.647482131746904,0.50318915590782,0.302050946381135,-0.16587047298481,0.0360411933666282,0.108891065540274,0.215073840424229,-0.94469347109426,0.535289982565372,2.00517450710069,-0.286904425214791,-0.226875569169311,0.0192457270029651,0.886358450346385,1.24040486303943,0.965361918229619,1.05170600925156,-0.504578098615964,0.084427024235416,-0.356617961729881,-0.391348688885798,-0.685616345951833,1.27253664374943,-0.375024355916575,-0.215315402983871,0.169327956712836,1.49100722539581,-1.35065128643802,1.26093003509725,-1.12679008480058,0.589529123243989,1.41095174850089,1.25229100289144,0.799273698727645,-0.284915395618803,-0.555677486507623,-0.850536385865668,0.190658429492517,1.30525076771888,-1.00369058285354,-0.658393792953314,-0.391348688885798,0.0435715764808665,-0.413219819433159,2.38285287614827,-0.446961579774181,-0.924450780392009,1.08555911739508,0.723886084901063,-0.817460640601083,0.461126610555507,-0.0212745163166381,0.269995710086597,2.24024710456292,0.646300935599162,-1.28758474605954,-2.34373369097075,-0.302066595779285,-1.56749124227468,0.682832724400303,0.682832724400303,0.65086069045285,2.22881544603455,2.44150173813568,0.511849510519854,-0.951202378562316,-0.871842218792997,-0.64058805739383,-0.608816497610759,-0.888729441037333,-0.286904425214791,-0.798985963523397,0.438699312006588,-0.0632363539352424,1.80966806910777,3.39989683326659,-0.628395377288449,0.774980869676324,-0.895737921615612,0.599524856895403,-0.275847723670213,1.46208613211065,-0.7596488149613,-0.532850506793854,-0.94469347109426,0.192718347798946,0.798262865525553,-1.54722343902544,-0.199361816374992,-1.08077239495704,-0.433845179637909,-0.34476848053886,-0.91323565124325,1.31608154254587,-0.388045418306067,-0.723488865413399,0.281459459960805,-0.590386957395979,0.174528272850755,-1.07816329038966,-0.70552988692494,-0.0598300184254683,-0.52457500537974,-1.54387330754626,0.72448175801232,-0.333979422149212,1.23819966399899,-0.696638653067897,-0.358091987495182,0.960248140763403,-0.696016939253532,-0.337161300152529,-0.118733906464382,-0.261389503376538,-1.13966992969373,0.335573396805634,-2.23252900197435,0.660351242786569,-0.241958561604024,-0.242196122550708,-0.146888892646214,-0.542366992913852,0.0145655943380156,0.0242203876949048,-0.499564470154296,0.38425957503777,2.49334751097409,0.640243746967722,0.550490584094985,-0.932455617038282,0.628950377952967,0.726172755495118,-0.376966020067782,-1.02220602282232,-0.468579105942779,-0.51147345739279,0.14466129651896,-0.466477635900487,-1.14079770961895,3.46778515277508,0.888234856532939,0.223861947321042,-0.179776073400649,-0.230075729421995,0.318620499235095,-0.347885794497196,-0.179953678608368
comm.and.crime_point_0492,comm.and.crime,regression,0.29,0.0100684108013075,anomaly,-0.041686138071928,-0.867866213748302,-0.296225771543798,-0.570468175912889,3.23691779275872,-2.71970906989656,-0.639997445119629,-0.576459764357761,0.230562702477051,-0.305555362163633,-0.397969848981704,1.04269324481136,-0.499564470154296,-1.56531543697313,-1.2949949059155,-1.46602324501668,-0.301653226084705,-1.37971720136441,0.972629611637952,2.03578050690505,0.302883286950643,-1.34006551559698,-1.04783791719925,-0.0966206978711041,-0.880559949483478,0.160791516024035,-0.574978601284565,-1.50905570249945,0.0351215468879261,2.56911316316804,1.09764275168726,1.36621788797293,-0.533836942520802,1.21911184274716,-1.61502565017851,-0.328007702771107,-0.00340134919443606,0.396015971718339,-0.436621602456179,0.924892830816656,0.487619413595073,0.813110043982106,0.957085262150409,0.467364181799085,-2.52959368649851,-2.66851322074032,-2.39558260851654,-3.04366798608359,2.00787324324845,0.532464993547459,0.218145741121919,3.26165559857376,-0.34476848053886,-1.46155861675429,0.139282888348225,1.04677335138199,1.65216059468551,-0.769171424646212,-0.686008264773091,-0.653776320283739,-0.65103955906403,0.855547772725906,-0.594343123662683,0.927886946281123,0.566882210994152,-0.366268385707879,-0.724578192305735,0.189659458827421,-0.672787798788313,0.398826524610824,0.317749953636827,0.726172755495118,-0.178217714801685,-0.822313500858473,-0.532850506793854,0.713923989291892,0.352751675137971,-0.405122580110374,1.25808251885979,1.53634767794814,-0.956619933665339,-0.922036947615181,-0.930668231079202,-1.4425289024979,-1.34967559361385,-1.13966992969373,-1.05012998614479,1.23819966399899,0.214903302320632,0.810949284781987,-0.286904425214791,-0.226875569169311,-0.846052573874427,1.22894398048608,0.744132303188673,1.2147118579884,0.749013842139396,-0.230503261067549,-0.506438677988928,-0.531248663028845,-0.391348688885798,-0.0466050641145143,-1.3945113531559,-0.375024355916575,-0.808871504665675,0.406559606588398,1.49100722539581,-0.0952404331143684,-0.34476848053886,-2.4766527620886,-1.52184367552761,-0.694834028068417,0.194009440828534,1.24040486303943,-1.76691492764438,0.921486769053237,-0.276144776284783,-0.342407471398352,0.0452768201586437,0.353242987609834,0.378602433862569,-0.391348688885798,0.591721251577697,0.226288134846476,0.43905062085352,0.589566495515274,1.62047030064573,-0.580759143448198,0.517726140133124,2.32407992805221,0.556876528440302,-0.749538645679329,2.32407992805221,0.267215693943522,0.221480193470925,-1.60506921467841,-0.728687620312182,0.271611279434983,-0.856335354515137,-1.56531543697313,-1.56531543697313,0.102796409725239,-0.838101809661048,0.795140174306145,0.339056972600567,-0.152304562810898,-0.441792181454227,-1.23612737813824,0.782813918994912,-0.839101164308632,-0.0919853710824933,-0.96284821097941,-0.203684699846642,3.46778515277508,-1.2949949059155,0.0510141976217214,-0.487817174336336,0.820624532664704,-0.301608552567286,0.511987598838842,1.2998229213479,1.4031069541165,-0.0596195766968404,-0.370866985519292,1.41519099927682,0.303001138876892,-1.5001071494307,0.962472222891692,2.61443854278002,-0.597659300581394,-0.121200695287352,-0.34476848053886,-0.695793398648614,-0.576459764357761,0.194009440828534,-1.69866703966285,-0.640100742275393,-0.669300457399169,0.939664314033033,-1.07816329038966,1.14646284668515,-0.217427187171022,-0.576901296561691,-1.49233332135427,0.378240698697934,-0.241958561604024,0.825219881684049,-0.220349445381496,-0.44257322543477,2.90486868069083,1.16257029541739,0.10330581002708,-1.12168480637209,0.682832724400303,-0.616079834918179,2.83084327633579,-0.747205579353531,0.682832724400303,-0.241958561604024,-0.954420599230953,-0.231370130585801,-0.245827430569399,-0.502918505617492,1.8774180052532,-0.109719622984733,0.237278260511525,-1.08786729016467,-0.530206438786169,-0.69021633412253,-0.584177697663477,1.19138122643412,0.726172755495118,-0.0623499430471371,-0.408317051363656,0.56816095888643,0.238204792637512,-0.257506183800045,0.246456615393843,0.234103673382831,3.46778515277508,-0.629227587743642,1.03022712427771,1.10489804781,0.458080777279193,-1.16878960722883,1.47862912729775,1.03059780346671
comm.and.crime_point_0635,comm.and.crime,regression,0.03,0.477390137697018,nominal,-0.468579105942779,-0.519882053238727,-0.453822940289352,-0.753711510945423,-0.037992457373652,0.435519243781917,-0.639997445119629,-0.619472066787389,-0.349350157880785,-0.584177697663477,-0.458028267120621,1.26592559806906,-0.499564470154296,-1.56531543697313,-1.24723086014591,-1.79404834513599,2.53998552142269,-0.705827158615937,1.37581220011629,2.621005599782,-0.174546969317801,-1.13830693525114,-0.838532752471447,-0.953132713675412,-0.647450780341448,-0.0212745163166381,-1.64963732071814,-0.143536973699349,-0.199361816374992,1.56243469551758,3.20675843349157,2.20569102396674,-1.01186409511038,1.16964883427367,-1.67248490055242,0.956666418439536,-0.174383457439118,1.55224747763548,-1.02709316224863,0.267215693943522,-0.937391007774043,0.413497706603062,0.412442564454086,-0.826346068089685,-0.450140894829368,-0.4393285442876,-0.841292150615578,-0.11949251912636,-1.13544611760276,-0.894138248865786,-0.241958561604024,0.0435102601731493,-0.34476848053886,-1.46155861675429,-1.70972241982659,-1.98055152906875,-2.19458968065222,-0.769171424646212,-0.770634624582392,-0.78049817719312,-0.778795714500358,0.811469477533919,-0.594343123662683,-0.954420599230953,-0.901326148435522,-0.897080987655194,-1.04118618534988,-0.444251915781118,-0.368353864419804,-0.601380811530617,-0.0300597851839413,0.726172755495118,-0.37760024144161,0.00232627821327909,-0.316872478427771,-0.571834669143156,0.405665753241116,0.0250464516485512,1.50515166177666,0.372965063373531,-0.956619933665339,-0.922036947615181,-0.845653115392282,-1.39693395858671,-1.30189225613177,-1.30077457424005,-1.42500519401709,-0.708705024057152,-1.38703009890307,-0.642890116301655,-0.286904425214791,-0.226875569169311,-0.932582403962166,1.62047030064573,0.0824355567210018,1.01523190618138,1.10215470377026,-0.321861540250354,-0.654155103545014,-0.662221689003069,-0.391348688885798,-0.639972682963453,-1.48054515950769,-0.453822940289352,0.922333791906255,0.881022906339523,-1.8496485077104,0.24714434506481,0.343388026162328,-0.0468999429701671,0.24714434506481,-0.424861492610813,1.14646284668515,-2.56435142914968,-0.478219682404748,0.232143449791502,0.663768766665756,1.78985613216512,-0.00318371628598076,-0.531713688779321,-1.54724770165264,2.39650468307564,-0.504578098615964,0.957154368308917,1.41095174850089,1.06464186335627,0.445891340166776,-0.293462891578667,0.672346098709078,-0.293870545825533,-0.639997445119629,-0.14265187121042,0.0283387432671127,2.02102139227188,1.79938580709009,0.246923518931679,0.396950550146819,0.59942720812885,-0.0977690742382896,0.682832724400303,0.682832724400303,0.212409265870761,0.282502572227728,-0.534613396479251,-0.870490792834442,0.760721512333579,-0.871842218792997,-0.442074950479027,-0.347885794497196,-0.69021633412253,-0.286904425214791,-1.07208970928342,0.866955319908742,-0.216759028140039,0.615566924868049,-1.57110082901876,0.355652043376342,-1.14205297583563,0.837139404775339,-0.319616352698494,-1.10745167520755,-1.36891441160836,0.434518709136896,-0.316872478427771,0.176251652332003,-1.13067514513639,0.970640616647273,-0.586063398291218,-0.433845179637909,-0.060866973497344,-0.35568405855027,-0.230075729421995,0.869790820032767,-0.447422857068877,-0.440959496409212,2.06273448958504,0.223861947321042,0.593315542651865,0.0470055993203757,-0.0744702805928035,0.141095362725389,-0.375024355916575,0.155666779985624,0.620806112517094,-0.808871504665675,-0.241958561604024,0.943214105202603,-0.0774626830755764,0.90912658159863,-0.882023949694159,1.20481091438719,-0.0435165600327901,0.589231434646941,0.682832724400303,1.84076599441325,-0.912061542959443,0.490563939497149,-1.56531543697313,0.0341040200315418,-0.445688830173635,-0.231370130585801,0.169327956712836,-0.373547480628615,0.473480416193885,-0.109719622984733,2.78495437896643,-0.684350129472983,1.0904168953346,1.09640162811069,-0.235899778288672,-0.917734455370194,0.726172755495118,1.03880632652512,-0.0176604331626889,-0.590548525334451,0.198748042635917,-0.860757404278554,0.335573396805634,-0.666693784445925,2.23960375913671,-0.0536383847421805,-0.812893280194679,0.90725587531605,-0.34476848053886,-0.245569541147772,-0.173931992421487,-0.331272613867753
comm.and.crime_point_0065,comm.and.crime,regression,0.37,0.0346605488023616,anomaly,-1.38334975138032,-1.56383453476745,-0.296225771543798,0.223586275894763,0.0409210426295376,-0.916721462080286,1.41862578940345,1.23005693768661,-0.478219682404748,-0.932455617038282,-0.698261939676291,1.6007741279556,-0.499564470154296,-1.56531543697313,-0.8651184939892,-2.61411109543427,-0.840584712680936,-0.705827158615937,2.06698235179344,2.66602291461869,2.03356796592375,-0.886108709818829,-0.733880170107544,-0.578408706761027,-0.356064318913911,-0.567472613338656,-1.13789507336882,-0.798985963523397,-0.199361816374992,0.599524856895403,0.628950377952967,1.31683711526742,-1.05966681036934,1.86213095290244,-2.4194551554132,-0.723292047758998,-0.573341710010043,0.546828776837966,-1.18813086037385,0.596054262380089,-0.709389340354984,0.527672660139931,0.52137110399335,0.27330764431577,-0.796716360107558,-0.730091762955347,-0.88700657584796,0.35046425234891,-2.20298854204279,-1.97835671309985,-0.149937701058835,0.260952512767785,-0.115382978305131,0.638049880711185,0.613386813521254,0.451234030637584,0.831520535946791,1.139294229969,1.00651893141293,0.824645343659043,1.00979046160824,-0.907584034953557,1.40824101158326,1.48749189224417,1.35342240354576,0.40046092821602,-0.851221389523392,2.14421953053709,-0.419092853481222,1.73243630613274,1.24524259049221,-1.23321624918318,-0.244678557014993,-0.719233528474505,0.223072592487436,0.116964612161334,-0.440959496409212,0.455215483407476,0.599231471081475,-0.1602519683065,-0.377360854488696,-0.317395570362999,-0.208039747740384,-0.16587047298481,-0.202875494043799,-0.213318223552372,-0.20666076843211,1.35619388751754,0.855676662810112,-0.227507430277758,-0.0919853710824933,-0.226875569169311,0.841279112836488,-0.924450780392009,-0.965250958519477,-0.879827635985382,0.345424285989838,-0.139144981884744,-0.70339391206371,-0.618564013678328,-0.391348688885798,1.00319918461822,1.35857045010122,-0.375024355916575,0.72448175801232,-0.00859578069383644,0.799837073718665,0.988978031119698,-0.230075729421995,0.0610890712128745,0.589529123243989,0.00709456412135369,1.14646284668515,0.6889909076497,0.166127940215069,-0.358722252432842,0.0893771570848711,1.69293505927587,-0.390868007842976,-0.708705024057152,-0.164586065898132,-0.391348688885798,-0.230503261067549,-0.139144981884744,0.817012170494165,-0.576527589185363,-0.386102090172486,0.281129612160397,0.775426071093047,-0.898012962874244,-0.352747691465246,-1.23504806525446,-0.938289124010825,-1.65100928860312,-0.0212745163166381,0.141095362725389,0.592713710226646,-0.875744470993553,0.044462103313619,0.682832724400303,-1.56531543697313,0.65086069045285,-0.543205919690318,0.22524578682669,1.54860473803558,0.475400863850929,-1.30189225613177,-0.888729441037333,-0.782770299686468,0.897888521195889,-0.189444898148642,-0.525882217763377,-0.685472708736566,-0.0632363539352424,0.758859062176815,-0.52457500537974,-1.09698938712883,-0.183536053079654,0.540074720251176,0.511987598838842,-0.0132359495005283,-0.543205919690318,-1.04789614836431,1.73491879105002,-0.531713688779321,1.07498067642251,-1.72994415092632,0.748881102728531,0.894893878851958,-0.919734696831824,-0.35568405855027,-0.34476848053886,0.565371666400276,0.584872401242192,0.511493909447407,-0.653833281538438,-2.3104286088285,-0.669300457399169,3.10754976404949,-0.549903811549208,-0.917186199337522,-0.0598300184254683,-0.105964675924132,-0.0492137079787055,-0.611019470771741,-0.149937701058835,-0.236728129982936,-0.649009732299257,3.19012000596749,1.31846771390793,-0.146888892646214,0.25012818008695,-1.18068191813137,0.682832724400303,0.551928838042662,3.27642718339475,0.589585501005203,0.682832724400303,-0.333979422149212,1.33487236152698,-0.400332606464976,0.465867519057289,-0.632289530606369,-0.0319371158674677,-0.421595500720383,-0.644609626645943,-0.734789774559444,-0.98037958715305,1.29491473502549,0.391000476585978,-1.15208064223734,-1.23321624918318,0.304702146810281,-0.18508469810596,-1.38334975138032,-0.550930207394384,-0.106693378680418,-0.421919245194591,0.139282888348225,0.192634769739419,-0.262943549469985,-0.409710691716343,-0.476239332141566,-0.230075729421995,0.164750488221586,-0.652304948129686,-0.986987999991752
comm.and.crime_point_0036,comm.and.crime,regression,0.24,0.0261134855567554,anomaly,-0.651533235030286,-1.56383453476745,1.0433501627934,-0.99803595765547,0.0409210426295376,0.35356526160845,-0.592122486177232,-0.576459764357761,-0.413784920142767,-0.235899778288672,-0.217794594564951,0.763652803239245,1.05981491852395,0.682832724400303,-0.817354448219611,-0.645960494718403,-0.497628312119698,-0.200409626554585,0.742239561078903,0.145053283764153,0.123846940849976,-0.734789774559444,-0.52457500537974,-0.578408706761027,-0.530896195770433,-0.446095258444874,-0.0632363539352424,-0.198157722851353,0.816732757764318,0.336913082725718,0.300865716338963,0.477363979273606,-0.677245088297676,0.427703707171417,-0.408381392326479,0.314329357834215,-0.0603953852759968,0.697641581957593,-0.705017765998204,1.25373139925322,-0.367386839226397,1.04145995105585,1.17494234122894,-0.826346068089685,-0.697694798599504,-0.633170690066098,-0.795577725383197,-0.693884128707245,0.821714993870633,0.760721512333579,0.494208322757484,0.304440963286713,-0.230075729421995,0.546762554734425,0.281514065900134,0.749003691009788,0.369910502906264,-0.641940381005198,-0.686008264773091,-0.653776320283739,-0.693624944209472,0.767391182341933,-0.503316572060594,-0.649181537796562,-0.691582097088426,-1.01503934364349,-0.914542988132221,-0.866859498853478,-0.165397908174131,-0.458494049224697,1.01336943127836,-1.23321624918318,1.35038165610441,-0.461533597514582,-0.26287797133625,0.759843941378858,0.670236143756844,-0.964342321396976,0.55805328059533,-0.548046173164703,-0.912061542959443,-0.878848277811454,-0.888160673235742,-0.849794631652535,-0.967408893757168,-0.938289124010825,-0.956411184176713,-0.177731018223659,-1.12004119869912,-0.175584594524771,0.200393210115953,-0.127274097367549,-0.846052573874427,0.494832130186732,0.247859743337919,0.765881966422592,0.496770369545922,0.500362972394892,0.133665832754111,-0.31296028640514,1.02338287300508,0.318544239792525,-0.147021161055019,-0.453822940289352,0.130925656330515,1.23687038115287,-1.50406343187183,-0.380561081597017,-0.230075729421995,1.08698470595177,0.133016085671751,0.0610890712128745,-0.440959496409212,-1.40638212283126,-0.607089206928712,-0.457199869470233,0.246029414243294,0.432961111715639,0.384500575271014,-0.94469347109426,0.0329370249239415,-0.391348688885798,0.774437809943307,0.317646414029282,0.978995691768727,-0.706093598596545,0.641654500246602,0.913181366273366,0.208486222981217,-1.22022225196689,0.700501405267494,-1.23504806525446,0.632481160315823,-1.48659000438483,-0.446095258444874,-0.599701730718649,-0.288220510132573,0.640404199215584,-0.477052214376713,-1.56531543697313,0.682832724400303,-0.774106439438939,0.282502572227728,0.0352809910002048,0.339056972600567,-0.837074119169256,0.0360411933666282,0.798631967738489,-0.0434666408647052,-1.18649910140954,-0.286904425214791,-0.0889162245473447,0.33163531003105,2.34195220860657,1.37979165718147,-1.15249049956315,-0.628395377288449,-1.00512198687049,-0.00454386804312309,-0.407153610755056,0.730830743980246,0.872294352169189,-1.08907433885046,0.871006677585685,-0.649707912297875,-0.854968167441532,0.913181366273366,0.535289982565372,-0.199361816374992,-1.29548932579066,0.0351215468879261,-0.34476848053886,-0.391374245016123,-0.576459764357761,-1.1288425117501,-0.375210946038594,-0.294515666436819,-0.708757207400764,2.29990616502375,-0.866859498853478,-0.388045418306067,-0.453822940289352,-0.00131209356022966,0.930046029669001,-0.561556462298257,-0.333979422149212,1.4741881110361,-0.410865128456057,0.90912658159863,0.192634769739419,-0.696016939253532,-0.0435165600327901,-0.0597367947051054,-1.56531543697313,-0.374422868098694,-0.377360854488696,-0.00454386804312309,-1.56531543697313,-0.241958561604024,-0.0387034149277808,0.0220735832329614,-0.483059080444962,-0.114805430650861,-0.256567130116958,0.747939040788304,-0.252659454575957,1.58543389941778,-1.11543153166311,2.23785199287081,-0.0269330266637888,-0.120957420021899,0.726172755495118,-0.219657981557459,0.205571920095007,-1.20039562229281,-0.393103207388005,-0.156964313720294,-0.733827980135861,-1.70972241982659,0.0391120955346223,0.260319362349526,-0.467308204356106,1.00607696156302,-0.34476848053886,1.44700058000083,-0.695793398648614,-0.482591549127137
comm.and.crime_point_0212,comm.and.crime,regression,0.01,0.070592324761372,nominal,1.5439163140198,-1.21585037425788,-0.453822940289352,-0.936954845977958,-0.669300457399169,0.968220127909451,-0.592122486177232,-0.619472066787389,-0.413784920142767,-1.00211120091324,-0.758320357815209,0.819460891553668,-0.343626531286471,0.682832724400303,-0.14865780744537,-0.809973044778059,-1.18354111324217,0.305007905506768,1.03022712427771,-0.710275698132921,0.959349889319753,-0.129514033521907,0.0510141976217214,-0.203684699846642,0.518095065368702,-1.17435938780757,3.31426247857029,3.35219097202891,-0.433845179637909,-0.757302642981302,-0.402172844262473,-0.411489929425723,-0.151415220449137,-0.561556462298257,-0.465840642700386,0.709613702822105,-0.00340134919443606,0.0943903614790845,0.422246120878301,-0.719300011366178,-1.39339434261216,-0.956601735839376,-0.840235640247456,-0.955717093078561,0.837139404775339,0.917566476161884,0.89585600821491,1.34259521435226,1.29617829362176,0.0759519559752211,-0.333979422149212,-0.956724101762177,-0.34476848053886,-1.46155861675429,-1.70972241982659,-1.98055152906875,-2.19458968065222,-0.769171424646212,-0.770634624582392,-0.78049817719312,-0.778795714500358,0.855547772725906,-0.639856399463727,-0.954420599230953,-0.848890135598748,-0.66116427567861,-0.724578192305735,-0.919685446737523,1.05233782929991,-0.744267573836537,-0.783647552628939,0.726172755495118,-0.444061083654919,0.156946236789233,0.978995691768727,-0.847354381664952,0.352751675137971,-0.233054967406804,-0.471401481558287,-0.111777692699224,-0.778386370841756,-0.749282268400272,-0.718130441861903,-0.849794631652535,-0.967408893757168,-1.01884144628399,-0.909551783192675,-1.12168480637209,-1.92100789931097,-0.798658623560617,-0.286904425214791,-0.226875569169311,-0.846052573874427,0.788476870306472,1.40582904965634,1.01523190618138,0.648116453102006,-0.504578098615964,0.0351882157167206,-0.531248663028845,-0.391348688885798,0.683693543699564,1.18650283739765,-0.453822940289352,1.31803785969412,2.00787324324845,-1.3888684065923,-0.323496951900488,-0.115382978305131,-0.802823042251458,0.931913901423168,2.27486386196523,0.881892456169426,-2.39892724253276,-0.284915395618803,-1.04806557169458,-0.798318966812861,-0.00318371628598076,-0.4393285442876,-1.06268769461281,0.279840888451533,-0.391348688885798,-0.230503261067549,-0.321861540250354,-2.31466924081404,1.02145319355255,0.348009760126863,0.798262865525553,0.260026209173202,0.833861965998727,0.221751815843521,0.403546225811598,-0.253594384688952,1.03450568696218,-0.446095258444874,-1.23467066795639,0.543772920206689,0.312588270521716,2.74685447679989,0.682832724400303,0.682832724400303,0.322022122016284,0.872294352169189,-0.597934995088079,-1.04328333075373,-0.837074119169256,-0.680708868864655,-1.23612737813824,-0.565328047091832,-0.442074950479027,-0.286904425214791,0.293429019516684,-0.41781270379772,-0.0632363539352424,-0.674062310910845,-0.9955116260173,-1.00327058516075,-1.00512198687049,0.589585501005203,-1.01991441715099,0.905905260093369,-0.484226741696171,1.46397347129051,1.03299019886025,-1.41667036516848,-0.413837003129751,1.77507012188196,-0.906450078535958,-0.199361816374992,-1.93964011829152,-0.433845179637909,0.114002523928599,-0.826258750205395,-0.18934904249111,0.458579831344262,-1.14142236866316,0.281459459960805,-0.590386957395979,0.0470055993203757,-0.444251915781118,-0.017646871584048,-0.453822940289352,-1.04783791719925,-0.152293680362675,-1.50135362329445,-0.241958561604024,0.353242987609834,-0.696638653067897,0.106554821172549,-0.165584803405107,0.655682867779868,0.592713710226646,-0.295725241742213,-1.56531543697313,0.753309643725566,-0.3328024637828,1.28273643156158,0.682832724400303,0.0341040200315418,-0.700054714702294,-0.146888892646214,-1.37267776747832,-1.020402605573,0.978897948255237,-0.109719622984733,-0.056684368540964,-0.58347083930006,-0.890344957479674,-0.69021633412253,-1.21107795253813,-0.449042081635903,0.726172755495118,3.76547899403737,0.428804273352702,-0.041686138071928,1.57973429269174,-0.257506183800045,0.424690178217426,-1.47267045724008,0.704377017088742,-1.04783791719925,-0.928088305474204,0.215508271587242,0.458080777279193,-1.01491959621532,-0.695793398648614,-0.129514033521907
comm.and.crime_point_0957,comm.and.crime,regression,0.03,0.069573071781284,nominal,0.629145668582266,-0.171897892729153,-0.453822940289352,0.895478504347391,-0.669300457399169,0.968220127909451,-0.687872404062027,-0.619472066787389,0.166127940215069,0.112378141086133,-0.157736176426034,-1.24543837608001,-0.421595500720383,-0.508685801127615,-0.14865780744537,1.21284840595769,0.972184833142749,-1.04277217999017,-0.697698254915155,-0.440171809112793,-0.651977225586244,-0.482591549127137,-0.733880170107544,-0.953132713675412,0.57637235765421,-0.992293355466893,-1.64963732071814,0.78501576188472,-0.35568405855027,-0.407153610755056,0.535211903206109,1.31683711526742,-1.29868038666413,-0.116389386036903,0.453507363282115,1.64841402216834,-1.59923435947814,2.10522776307411,-1.56388548933269,-0.171235730638567,-1.05139184148357,-0.385726968155027,-0.295592942551133,0.596735206787962,0.886650185529367,0.675263793938761,0.347282905426335,0.924855861929795,0.228635869181726,-0.0381763034178386,-0.333979422149212,-0.608816497610759,-0.34476848053886,-1.46155861675429,1.04008034617698,0.351977477180183,-0.142989533805432,-0.769171424646212,-0.728321444677741,-0.738257558223326,-0.778795714500358,0.899626067917892,-0.639856399463727,-0.140449768739244,0.147394108299959,1.28514859812821,0.858461772914973,1.66878599958068,1.66120569803692,-0.315607286918777,-1.13145729144971,0.726172755495118,-0.444061083654919,0.981586015860986,1.89690231232458,-0.112635148273496,0.564407987550553,0.928401418342293,-0.265510529127564,0.421439338980806,-0.64471119872407,-0.662904928792817,-0.718130441861903,-0.621819912096626,-0.776275543828826,-0.736908318327921,-0.534676575320374,-0.767702135816429,-0.586063398291218,-1.00634996657257,-0.286904425214791,-0.226875569169311,-0.932582403962166,0.837417660326429,0.744132303188673,0.167442111001511,0.900359925695479,0.317646414029282,-0.998826763175882,-0.531248663028845,-0.391348688885798,0.272900576804145,1.65968877233247,1.0433501627934,-0.611019470771741,1.23687038115287,0.281459459960805,-1.52184367552761,-0.34476848053886,-0.316872478427771,-0.780009989472726,-1.28877360607514,0.82897837806628,0.90955648980559,0.294997464739033,1.3646360457215,0.141594576137679,-1.74776302829246,-0.633170690066098,-1.23967902989064,1.86002561502812,-0.391348688885798,-0.413219819433159,-0.0477867027019386,-0.26287797133625,-0.533338919381635,-1.6096218406714,1.2579368685168,0.878506043477017,-0.736908318327921,-0.304872732522849,-0.0819631937635291,-1.46187921878637,1.91140853612636,0.160791516024035,1.88725994012919,-0.386102090172486,-1.77723827490169,-0.287410644307502,0.682832724400303,0.682832724400303,0.102796409725239,0.459440106210166,0.161924188217862,-1.21607586867302,-0.380561081597017,-0.394008843972142,1.3941712884829,1.82653673144917,-0.442074950479027,-0.286904425214791,-0.908227461827405,-1.16726071762649,0.294983219209284,0.185690512941751,-0.0536383847421805,-1.51872399598517,-1.18769663882401,-0.994759483123667,-1.19498893326411,-0.976145788122707,0.341481750221874,1.25808251885979,-1.39676262025819,-0.708705024057152,0.413283929954837,0.625885114403834,-0.425870058168848,0.894893878851958,-0.168225438914154,-0.433845179637909,-0.230075729421995,-0.739281849167541,2.69247522029396,1.35811915909774,-0.514522113788516,0.396654485240329,0.356575042642296,-0.208039747740384,-0.866859498853478,-0.758443965028085,0.964551578420628,-0.890859043653398,1.13620597443694,-0.165852394510387,-0.333979422149212,-0.649707912297875,0.160681920767624,-0.0201670357368324,1.77903573652232,-0.44257322543477,-0.483983670212399,-1.06268769461281,-1.56531543697313,-1.05911760742057,2.6971681042181,-1.44035650990991,0.682832724400303,-0.333979422149212,-0.445688830173635,-0.653776320283739,0.821714993870633,1.24359033173235,0.81042543756812,-0.187688592418646,0.237278260511525,-0.129514033521907,1.67564198821155,-0.193933566835524,1.36617865083543,-0.402172844262473,-1.23321624918318,0.357138159647056,-0.91058984619347,0.324222120103087,-0.708757207400764,-0.508860858999424,-0.243685682371009,0.565976421003951,-0.830849724959226,-0.733880170107544,-0.985685818113966,-1.76091345335221,-0.34476848053886,1.60087059101434,-0.91323565124325,3.04818360692517
comm.and.crime_point_1417,comm.and.crime,regression,0.15,0.05366329722375,nominal,-1.38334975138032,0.87205458879957,-0.138628602798245,1.26196517441246,-0.314189707384816,-0.0971816403456179,1.75375050200023,0.197761679375541,2.29247509486047,0.948245147585665,1.82419162215824,-0.296700874734808,-0.109719622984733,0.682832724400303,1.57084784025982,0.392785655659416,0.286272032020273,1.20352796250473,-0.467308204356106,-0.800310327806298,0.839992325252642,1.68631318959071,1.2545188948066,1.2952113278109,1.45053174193682,1.0711216777274,0.0391120955346223,0.293429019516684,-0.35568405855027,-0.757302642981302,-1.19894987961077,-1.39910538353609,2.28652325775772,-0.660482479245224,0.108751861038678,-0.723292047758998,3.1312706352914,-1.36346675467731,1.97894386942205,-1.10294500787551,1.28562524956178,-0.499901921691897,-0.785771370477824,0.0145655943380156,0.688607062513258,0.481421648160263,0.941570433447291,0.507116509507333,-0.779598642789415,0.475400863850929,-0.241958561604024,-0.521839596572905,-0.000690227188266011,-0.274823379056414,-0.0503586817209869,0.302349200451482,0.164750488221586,0.163856228721226,0.329508052938522,0.528961010870487,0.45618045471748,-0.334566197457732,-0.275750193055373,-0.140449768739244,-0.0623499430471371,0.223523394233582,0.478532181262003,-0.285774072128984,0.64642591680856,-0.220349445381496,-0.957552422039323,0.726172755495118,-0.37760024144161,0.878506043477017,0.49304512794504,-0.158555100360462,-0.70552988692494,0.111080258000336,-0.84200519593359,-0.354149070735601,1.53864994586482,1.79884925001964,1.91733814443261,1.33876267608418,1.18284129293668,1.35745206077428,1.15226186010498,0.766222769924772,0.481892202524582,-1.78519250286737,-0.286904425214791,-0.226875569169311,0.62495453761714,-1.02233236043192,-0.248412816512834,-0.381127756467814,-0.461754826309275,-0.321861540250354,0.084427024235416,-0.531248663028845,-0.391348688885798,-0.229179716068034,0.670299999286939,-0.217427187171022,-0.116389386036903,0.821714993870633,-1.27367338131278,-0.722945859776196,0.343388026162328,0.277067099578957,0.24714434506481,0.169078085395916,-0.811358043131231,1.68153602735121,0.874910325096869,-1.04806557169458,0.611551347612948,1.11140862194038,0.966027012606508,-1.65265881220558,0.0823177976294598,-0.391348688885798,-0.321861540250354,0.591721251577697,0.49304512794504,-0.446961579774181,0.201187390066993,0.970640616647273,-0.10075369417069,-1.05911760742057,0.796251323152288,-0.385406580997984,-1.05911760742057,-1.37697714823931,0.889055645386725,1.62268954961346,1.18000319046612,-0.506951551212952,-0.90374574703244,0.682832724400303,0.682832724400303,-1.70581571667588,-0.0713724957371486,0.60517537847966,-0.0641256158777693,-0.209368692507428,-0.155092156561714,-0.938357717766034,-0.260908893459341,-0.64058805739383,-0.189444898148642,-0.143536973699349,0.278103309043281,2.80252023122097,-0.339713990523725,-0.786206461289495,1.99573107781766,-0.822547334916973,0.886650185529367,0.118069937584314,-1.06368304617927,0.223523394233582,2.78167556684714,-0.316872478427771,0.0582574288134486,-0.468978398668724,0.0512926106647712,-0.959847858576748,-0.433845179637909,0.261208422753086,-0.35568405855027,-0.000690227188266011,0.304440963286713,-0.533447461928133,-0.493873574512357,0.251689308836056,0.972629611637952,-0.51147345739279,-0.760637999705362,0.242485406711466,-0.70552988692494,-0.0598300184254683,0.0510141976217214,0.363106181557171,0.477166715644901,-0.333979422149212,-0.649707912297875,-0.506122969993337,-0.653776320283739,-0.67732705075443,-0.696016939253532,1.37576635054595,1.12020544048043,0.682832724400303,-0.817460640601083,-0.421919245194591,-0.351119333321313,0.682832724400303,-0.333979422149212,1.94535048439576,-0.738257558223326,0.762407081401742,0.467364181799085,-0.818142165740683,-0.343626531286471,-0.056684368540964,1.38367531907194,-0.125050605255976,1.3941712884829,0.59996722821086,-1.01147293011705,0.726172755495118,-0.429402032904556,0.875268979868092,1.48293160432397,-0.590386957395979,2.45712430835324,0.023664661864365,-0.951156139549743,-0.421455927079768,3.39989683326659,-0.0641256158777693,-0.0315444440301896,-0.34476848053886,0.831520535946791,0.391417864324567,0.526201352602092
comm.and.crime_point_1956,comm.and.crime,regression,0.03,0.105213010947462,nominal,0.324222120103087,1.56802290981872,-0.296225771543798,1.20088406273495,-0.629843707397574,0.722358181389051,0.269626774785918,-0.318385949779994,0.0372584156911057,-0.375210946038594,-0.217794594564951,-0.352508963049232,-0.265657561852559,0.682832724400303,1.33202761141188,0.939494155858268,-0.742597169663439,0.641952926881002,0.108666922041517,-0.800310327806298,0.660955979151975,1.23235638381255,0.364971944713428,0.171039307067742,1.45053174193682,-1.23504806525446,0.499680118149013,1.05811950764474,-0.433845179637909,-1.10745167520755,-0.542780556382761,-0.164586065898132,-0.390428796743927,-0.314241419930838,0.625885114403834,-0.575060418388539,-0.459353637846922,-0.408318988919673,-0.382942369747774,-1.59620286053036,-0.196385588662103,-1.47038902675529,-1.54827114725268,1.30827584422678,1.48077955457769,1.20832969482963,1.30728583530634,1.6036823096163,-0.660982817851633,-0.152304562810898,-0.333979422149212,-0.782770299686468,-0.230075729421995,-1.14205297583563,-1.14079770961895,-0.987985994494734,-1.01491959621532,-0.59953003312486,-0.559068725059139,-0.44257322543477,-0.438112633336816,0.238451640038094,-0.45780329625955,0.317408823412342,0.566882210994152,1.46208613211065,1.55499935761209,-0.761207603085388,1.91490064334401,-0.649009732299257,-1.42129874046701,0.726172755495118,-0.444061083654919,1.18774596062892,1.89690231232458,-0.0207952440995638,0.194009440828534,0.0250464516485512,-0.924361576905879,-0.935840378022907,0.825715694570486,0.632755165319001,0.387066062068055,-0.621819912096626,-0.585142193900484,1.03524277168163,-0.534676575320374,2.00516211686959,0.481892202524582,0.18787525574614,-0.0919853710824933,-0.226875569169311,-0.0240191880409045,-0.337161300152529,1.95724300504607,0.716011978470835,0.446321675027228,-0.504578098615964,0.478337492384979,2.21918488242984,-0.391348688885798,0.318544239792525,1.01443522469408,-0.217427187171022,2.0105199783229,1.0589466437462,0.108666922041517,0.190080215368281,-0.34476848053886,0.385056113761999,1.21723454990582,0.0610890712128745,-1.76381144898785,-1.40638212283126,1.90586652128858,0.527576300903674,-1.16384090018251,-0.245486398509103,0.0937373566032682,0.471237211128387,-0.757155338364351,-0.391348688885798,-0.230503261067549,-0.321861540250354,0.43905062085352,-0.749282268400272,-1.02233236043192,1.2004776181429,-1.3892533489703,-0.535527512645018,-0.544247527234835,-0.446095258444874,-0.414699029235275,-1.43178357631207,1.7386971296432,-0.864272121234376,0.396950550146819,-0.916721462080286,0.139282888348225,0.368091981808023,0.682832724400303,0.705667118525611,0.164544216239436,-0.471291797870422,-0.00652810323800724,0.589529123243989,-0.441792181454227,0.897888521195889,-0.347885794497196,-0.442074950479027,-0.286904425214791,0.0749460229086676,-1.00666471466318,0.960248140763403,0.137926467172162,0.888234856532939,-0.8158329812246,0.318544239792525,-0.747205579353531,-0.538459497839898,1.21228566329134,1.93391955606382,0.228627756706173,-0.748828535159937,-0.0597367947051054,-0.358695607590779,0.0512926106647712,-0.319074498087268,2.69259966386766,0.690642284420326,0.191443789063205,-0.34476848053886,-0.347885794497196,-0.576459764357761,0.987720612375717,0.739278395960782,0.972629611637952,-0.51147345739279,-0.888160673235742,0.242485406711466,0.0881812846222431,-0.453822940289352,-1.41412195547291,0.569266126325109,-0.264778411457355,0.0341040200315418,-0.708705024057152,-0.696638653067897,-0.653776320283739,0.346157443944216,-0.738257558223326,0.201187390066993,-0.649707912297875,0.682832724400303,-0.414699029235275,0.291015006099739,0.837139404775339,0.682832724400303,-0.333979422149212,-0.903547422325221,2.51427010245079,-0.423751167976071,0.532049694293523,0.866582941130492,4.02263575701263,0.825203518616504,-0.23039332369483,0.190070598600841,-0.144305290106824,0.321344892711017,-0.542780556382761,0.726172755495118,-0.796454122761974,3.16340060075947,-0.224640267159436,2.92126379274596,0.194932231558836,2.83084327633579,-0.334821036824805,-0.165584803405107,0.260319362349526,2.23977488971272,-0.82211313400597,-0.34476848053886,0.626360521262113,-0.956724101762177,1.63587354450424
comm.and.crime_point_1693,comm.and.crime,regression,0.2,0.0446907556823798,anomaly,-1.44433446107615,1.22003874930914,-0.453822940289352,-0.326143729202842,1.89538829270449,-1.16258340860069,-0.639997445119629,-0.576459764357761,1.19708413640678,0.530311644335899,0.923315350074482,0.763652803239245,-0.499564470154296,-1.56531543697313,-1.19946681437632,-1.57536494505645,0.531240889564015,-0.53735464792882,0.68464204843914,1.04539958049792,-0.592298443552689,-1.08786729016467,-0.943185334835349,-0.578408706761027,-0.997114534054493,-0.992293355466893,-0.830849724959226,-1.39981420419544,-0.277522937462631,1.60620332454586,0.628950377952967,0.773648615506715,-0.438231512002885,0.32877769022445,-0.810596144943824,0.660203159698619,0.224574795131807,0.798183452037345,-0.543980067872989,0.157602837798,0.202617329321249,0.242235276297757,0.249049755145189,-0.373547480628615,-0.994759483123667,-1.06931551806772,-1.5270085291013,-1.26827573828813,-0.127211605631618,0.36127260445787,-0.241958561604024,1.04374462210848,-0.34476848053886,1.0488428476066,0.945259561142375,2.0889671626847,1.95990061671252,-0.557119685244521,-0.559068725059139,-0.527054463374357,-0.523283403627701,0.855547772725906,-0.639856399463727,-0.0387034149277808,-0.167221968720685,-0.720143453672756,-1.10450778395871,-0.0216443327087585,-0.368353864419804,0.0654240792303436,0.0858767944229815,0.726172755495118,-0.37760024144161,-0.358453625130612,-0.20888346424473,-0.250395004534394,0.723150221859989,-0.319088773758589,1.71104261420738,1.92414188280635,-0.912061542959443,-0.878848277811454,-0.760637999705362,-1.39693395858671,-1.39745893109594,-1.38132689651321,-1.23756759008094,0.530234322887664,-0.425870058168848,0.707103613276012,-0.286904425214791,-0.226875569169311,-0.759522743786688,0.543772920206689,0.0824355567210018,-0.0819078287572736,-0.209511353715802,-0.413219819433159,-0.604916295026319,-0.662221689003069,-0.391348688885798,-1.46155861675429,0.0250464516485512,-0.375024355916575,-1.10564955550658,0.406559606588398,0.511849510519854,0.475400863850929,-0.115382978305131,1.41095174850089,-0.608817600383137,0.925001184677206,0.299837597034825,1.73667742289018,0.359432227001014,0.429098683866283,-2.73036347176675,-0.487789080732225,-0.197025862064479,-0.295725241742213,-0.954678429186424,2.313285179435,0.683079530760502,-0.230503261067549,0.655028649219603,-0.662904928792817,-0.875509990372052,0.281129612160397,0.46618615394114,0.713033482588985,0.126001897958727,-0.0819631937635291,-0.898012962874244,0.212409265870761,-0.264029226104202,-0.546787652615503,-0.483983670212399,0.845289154649251,-0.571872999411319,0.682832724400303,0.682832724400303,-0.0616228744930443,0.459440106210166,0.668496977088488,-0.58250322963563,-0.0381763034178386,0.179391205812885,0.451234030637584,2.26142123663844,-0.144305290106824,0.492771791314399,0.23880827036468,-1.06019671565095,-1.03554662389896,-0.626298265141257,0.521950818259281,-1.28442699106498,-1.46155861675429,0.0449669127109041,1.56243469551758,-0.62599675589646,-0.484226741696171,0.887478804484488,0.00709456412135369,-0.649707912297875,1.9021016095071,-1.32772939830898,-0.692858958372798,-0.35568405855027,0.314887655461491,-0.433845179637909,0.114002523928599,-0.739281849167541,-0.447422857068877,0.0881812846222431,0.182033724961094,0.396654485240329,-0.669300457399169,-0.633115326174983,0.665092989783826,-0.652615808821794,-0.217427187171022,0.731255982987085,0.311566195365187,-1.15511256398006,0.218145741121919,1.17920255223971,-0.744267573836537,-0.146888892646214,0.550854342883945,0.317757916021518,-0.0435165600327901,-1.53466458868703,-1.56531543697313,-0.495251351508437,1.76144189939429,-0.351119333321313,0.188240128898148,0.12612488057673,-0.242196122550708,-0.738257558223326,-1.25406194254054,0.143936619326893,-0.593512151491192,0.202156254750917,-0.252659454575957,-0.432151904040676,-0.215085234929352,-1.48426876178174,-0.375210946038594,0.347734953712392,0.726172755495118,-0.534274058578104,-0.0176604331626889,-0.224640267159436,-0.156362707378436,0.948996257156972,-0.600152808018174,1.4193634863154,0.806725466558606,0.260319362349526,-2.13763607090921,-0.42682878901808,-0.230075729421995,0.472490510248604,-0.652304948129686,-0.432151904040676
comm.and.crime_point_1531,comm.and.crime,regression,0.13,0.089018884031783,nominal,0.324222120103087,0.87205458879957,-0.375024355916575,-0.99803595765547,-0.629843707397574,0.886266145735984,-0.44849760935004,-0.533447461928133,-0.993697780500602,-1.0717667847882,-0.818378775954126,1.93562265784215,-0.343626531286471,0.682832724400303,0.233454558711339,-0.591289644698518,-0.98756602720718,1.09121295537998,1.60620225067534,-0.665258383296233,1.55613770965531,0.47576170751563,0.574277109441232,0.385167311018819,0.168431311655657,0.889055645386725,0.192634769739419,1.27660250425276,-0.433845179637909,-0.976145788122707,-0.683388268503048,-0.510251474836759,0.278809216881485,-1.45189061482096,-0.0636258900830415,-0.673881504635512,0.623533047702732,-0.961299274358306,0.529604586295112,-0.445267871002372,-0.310386422371632,-0.671164351997201,-0.567914291399295,-0.56760401811193,0.540074720251176,0.723724330383386,0.210139629729191,0.559333928560141,0.169327956712836,0.0759519559752211,-0.333979422149212,-0.608816497610759,-0.34476848053886,-0.137892390091274,-0.334821036824805,-0.392446673750327,-0.809759581530638,-0.472298989483845,-0.516755545154489,-0.527054463374357,-0.565868788773144,0.546999706382,-0.503316572060594,-0.59830836089083,-0.639146084251652,-0.779122631666902,-0.15468380482628,-1.87055250865033,0.950859851177069,-0.744267573836537,-0.551774393415093,0.726172755495118,-0.444061083654919,1.13620597443694,0.49304512794504,0.254724468422232,-0.758443965028085,-1.22244374045233,-0.718470624475156,-0.887366102415632,-0.0654521195474263,-0.0150748817369079,-0.0380095163665442,0.472458741771733,0.274957880777056,0.269995710086597,0.0744956374721161,0.176251652332003,-0.319074498087268,1.74556032833576,-0.286904425214791,-0.226875569169311,-0.49993325352347,-0.141398140072703,1.79181881842915,1.31445183389192,1.05170600925156,-0.504578098615964,1.11844200312802,2.1755272071051,-0.391348688885798,-0.685616345951833,-2.12579870714607,-0.296225771543798,-0.314241419930838,0.881022906339523,-1.90724602035016,0.0759519559752211,1.14623728398038,-0.100894450061688,0.931913901423168,-0.370866985519292,-0.917186199337522,-0.303554212051806,-0.156045871094839,2.84180030128236,0.559333928560141,-0.245486398509103,-0.584710153621474,-0.295725241742213,-0.510251474836759,-0.391348688885798,-0.504578098615964,-0.504578098615964,-0.532850506793854,-0.360584240166726,0.0543650200071232,0.85572211589946,-0.10075369417069,2.32407992805221,0.844126282094685,-0.0819631937635291,-0.736908318327921,0.157602837798,-0.203340548657311,-0.864272121234376,0.690595290266559,0.845289154649251,0.992669953659678,0.682832724400303,0.210721610511883,-0.280848586784089,-0.484226741696171,3.20136092144162,0.627044535799378,0.874849771726638,2.90304144229176,-1.23612737813824,-0.956724101762177,-0.888729441037333,-0.286904425214791,-0.689744465219389,-0.578408706761027,0.499680118149013,0.328982650250517,-0.315269840651936,-0.534676575320374,0.729337206687944,1.03518252779145,-0.494690868811617,-0.188310465613652,0.0465858602511433,-0.553757862530577,0.925001184677206,1.4741881110361,-0.413837003129751,-0.695677644196011,-0.532665618250428,-0.35568405855027,-0.382942369747774,-0.199361816374992,-0.230075729421995,0.217464062248858,2.56343831300507,1.1993769247883,-1.42004470416301,-0.640100742275393,-0.393103207388005,0.599603851285354,-0.655555707317298,0.246923518931679,-0.375024355916575,1.77778180662611,1.23928594682091,0.0319996393835476,0.12612488057673,-1.77065303572414,-0.696638653067897,-0.78049817719312,-1.44494042177841,1.07808905747781,-0.19033893009266,-0.295725241742213,0.682832724400303,0.43110035463292,-0.154568900959218,-0.0540546487971503,-1.56531543697313,-0.333979422149212,-0.700054714702294,-0.653776320283739,2.00787324324845,-0.308861968134177,-0.256567130116958,0.592001101920479,-0.056684368540964,0.0218049017374774,0.325122543110906,-1.68278186869654,-1.42004470416301,-0.917734455370194,-1.23321624918318,-0.901326148435522,0.875268979868092,0.812099797669774,-0.629843707397574,-0.358048053879797,-0.956619933665339,1.3245427012808,0.755551241823674,0.678929691805134,-0.409710691716343,0.215508271587242,0.228695275045463,-1.3739496219135,2.18096542220705e-05,0.0722445468239389
comm.and.crime_point_0619,comm.and.crime,regression,0.16,0.0374275783241907,anomaly,0.995053926757281,-0.519882053238727,-0.375024355916575,-0.26506261752533,2.28995579272044,-1.49039933729455,-0.44849760935004,-0.619472066787389,0.746040800572905,0.182033724961094,0.382789586824224,0.372996185038278,-0.499564470154296,-1.56531543697313,-0.960646585528377,-0.427277094638862,-0.595615855137194,-1.37971720136441,0.627044535799378,0.775295691477787,-0.353583315418467,-0.93654835490529,-0.838532752471447,-0.471344704785489,-0.764005364912463,-1.23504806525446,-1.34259197230855,-2.10988394317149,-0.277522937462631,1.08097977620649,1.98815826178241,1.66250252420604,-0.868455949333508,1.26857485122064,-0.580759143448198,2.8836776002555,-1.14328207082565,3.06037552883175,-1.13445162766544,0.870086402743895,0.316618163030779,0.527672660139931,0.684763913302247,0.143936619326893,-1.58888885217199,-1.94160517407096,-2.4870114589813,-1.37271057639375,0.762407081401742,0.931913901423168,-0.0579168405136468,2.17444433560058,-0.34476848053886,0.957555521629844,0.139282888348225,-0.392446673750327,-0.809759581530638,-0.641940381005198,-0.686008264773091,-0.696016939253532,-0.736210329354915,0.855547772725906,-0.548829847861638,0.26653564650661,0.147394108299959,-0.130351673731295,-0.281327002043937,0.0840075630593312,-0.114658919112713,0.113052999998984,-0.0300597851839413,0.726172755495118,-0.37760024144161,-0.152293680362675,-0.0468999429701671,0.39248432468313,1.35811915909774,0.111080258000336,2.24635909052726,1.53634767794814,-0.867503152253548,-0.878848277811454,-0.803145557548822,-1.39693395858671,-1.30189225613177,-1.26049841310347,-1.1907081890969,-0.590710800538598,-0.959847858576748,-0.0717389230187961,-0.286904425214791,-0.226875569169311,-0.846052573874427,1.08212161042621,0.854415094266617,0.915491930277863,0.648116453102006,-0.413219819433159,-0.407961060951538,-0.662221689003069,-0.391348688885798,-0.868190997905353,-1.86769728809072,-0.453822940289352,-0.907797521612643,-0.0679036931627271,-0.121723128517532,-0.0952404331143684,-0.115382978305131,-0.316872478427771,-0.837074119169256,0.655028649219603,-0.335131340202921,2.06752579612401,-0.156045871094839,-0.851110337619796,0.0893771570848711,0.0452768201586437,1.49909291349738,0.294245875850557,1.06993325173982,-0.391348688885798,-0.230503261067549,-0.413219819433159,0.49304512794504,2.83537732530909,0.25012818008695,0.913181366273366,0.569266126325109,-1.05911760742057,-0.400622650407643,-0.324717903551093,-1.30077457424005,-1.76062214474864,1.01043300028051,-1.39341290226583,0.494832130186732,0.845289154649251,-0.714104176963228,0.682832724400303,0.6153882795591,-0.171235730638567,-0.66116427567861,0.668496977088488,-0.467308204356106,0.589529123243989,-0.537358856418398,0.848260244467189,0.0435102601731493,-1.33538393159564,-0.189444898148642,1.11274025679674,-0.471344704785489,-0.421455927079768,0.615566924868049,-0.472248714197789,-1.23756759008094,0.227256913815765,0.589585501005203,-0.801071272009583,-1.06368304617927,-1.66381030157909,0.146271375733883,-0.370866985519292,-0.000739682945828393,-0.965250958519477,-0.0636258900830415,-1.92100789931097,-0.043039574199713,-0.651338533289799,-0.277522937462631,1.37562278621411,0.739325468475985,-0.361398252209622,0.405665753241116,-0.723488865413399,-1.50406343187183,-0.629843707397574,0.769634082659194,0.348137302479556,1.51686139340717,0.806954409675075,-0.105964675924132,-1.23463339039435,0.279314681750966,-0.333979422149212,-2.36062415331691,1.01800249460314,-0.273610749555595,0.192634769739419,-0.696016939253532,1.27788477050604,0.176251652332003,0.682832724400303,-0.69663215719134,-0.0654521195474263,0.243010035727013,0.682832724400303,-0.241958561604024,-0.29306929945644,-0.653776320283739,1.77064159337288,-1.14977363056188,2.2705205301898,-0.109719622984733,1.41312877672148,0.576640997688553,-0.98037958715305,-0.392446673750327,-2.81315638166223,0.910165802193541,0.726172755495118,0.619318223830926,-1.97094352416752,-1.0174414932053,-0.4325599573896,0.245203166598712,-0.555594417312278,-0.382231429342107,-0.165584803405107,-0.419922423015838,1.03022712427771,-0.673881504635512,-0.34476848053886,-0.912339588872978,-0.956724101762177,-0.785229419645906
comm.and.crime_point_1900,comm.and.crime,regression,0.08,0.095141716436602,nominal,1.23899276554062,1.56802290981872,-0.453822940289352,3.27764185977035,-0.708757207400764,0.927243136822718,-0.496372568292438,-0.447422857068877,1.97030128355056,0.112378141086133,-0.337911430842786,-1.9151354358531,-0.343626531286471,0.682832724400303,0.806623107946404,1.70488605613666,3.27489209405391,-0.0880946194298402,-1.61925845715135,-0.845327642642986,-1.01004991778758,0.425322062429169,-0.838532752471447,-1.00666471466318,-1.69644204148058,0.221480193470925,-0.370281702344836,-0.908227461827405,-0.433845179637909,-1.01991441715099,-1.2458191169842,-1.25096306541953,-0.00800707467226295,-1.05618654703309,1.14301836776899,-0.377418245894594,-0.288371529602239,-0.358048053879797,0.100170724627871,-2.19907356933073,-0.53838808979069,-2.26961370151338,-2.25630665425789,3.31352673155438,1.87686580060991,1.7413955957205,1.35300026053872,1.86476940488033,-1.37267776747832,-0.951202378562316,-0.333979422149212,-0.91323565124325,-0.34476848053886,-1.46155861675429,-1.70972241982659,-1.98055152906875,-1.8868496586252,-0.769171424646212,-0.770634624582392,-0.78049817719312,-0.778795714500358,0.767391182341933,-0.45780329625955,3.72591167609637,3.92278703254769,3.17248229394089,3.20136092144162,3.14791254033394,1.91490064334401,0.160681920767624,-2.40675966712586,2.68556176017342,-0.510521925868227,1.23928594682091,2.05888583359914,1.58640307894425,1.83434586202605,1.444604256453,-0.924361576905879,-0.0148291414846731,-0.199127291665113,-0.274206900559272,-0.293054863427304,-0.485035080363082,-0.346225506490056,0.0686149044036935,0.0744956374721161,-1.59366170044631,0.695483322687741,-0.175584594524771,-0.286904425214791,-0.226875569169311,-0.802787658830557,0.886358450346385,0.0272941611820292,1.06510189413313,0.648116453102006,-0.0477867027019386,-0.900349146138491,-0.400275637054622,-0.391348688885798,-0.822547334916973,0.283147870703906,-0.0598300184254683,3.14816917321302,0.169327956712836,0.627044535799378,0.589529123243989,-0.000690227188266011,1.41095174850089,-1.63597193492067,-0.424861492610813,0.776064299963135,1.79181881842915,-0.54265444466673,1.95550174794584,0.402681671401718,-0.778552299399972,0.432961111715639,2.12315634038814,1.8106448423226,-0.391348688885798,0.134929855663671,-0.139144981884744,-0.640839520976896,0.675943835122729,0.739536080286516,-0.178544390830854,-1.80157323850618,0.793585804862147,-0.639997445119629,-0.567472613338656,0.672757321452404,-0.883719295584461,-0.506783935891765,2.20474440874806,-0.532924460232356,-0.138158631432351,-1.23561849465356,-1.56531543697313,-1.56531543697313,0.870086402743895,1.16719024213992,0.478532181262003,-0.409710691716343,0.24714434506481,0.513874568187483,-0.739844610851231,-0.956724101762177,0.0542078168079789,0.102933683049804,1.27660250425276,1.77699933670082,-0.0632363539352424,-1.34275895168509,1.2545188948066,-0.159801367448073,-0.0466050641145143,-0.00454386804312309,0.94967388912165,-0.582228126868179,0.813315174175043,2.20518090004112,-0.424861492610813,1.12020544048043,-0.689543980824615,0.568425864029928,1.49645002329959,-0.35568405855027,-0.543980067872989,-0.199361816374992,-0.230075729421995,0.521883215881349,0.283786284234797,0.0881812846222431,-1.0717667847882,0.223861947321042,-0.590386957395979,-1.01568334676612,-0.0744702805928035,0.617322065653698,0.0977671503200851,1.20219260362464,1.03312600205297,-0.561556462298257,-0.241958561604024,-1.06268769461281,-0.791896494605177,-0.358091987495182,0.755551241823674,-0.569295082344151,-0.581865250252313,-0.767702135816429,0.682832724400303,-0.414699029235275,1.18218282021765,-1.2423133868938,-1.56531543697313,-0.241958561604024,0.978760123186855,0.993607819538218,0.525175431526179,1.89044545667673,0.0803778912572774,-0.499564470154296,-0.105678140049712,-0.986987999991752,-0.215085234929352,0.798631967738489,-0.444866529913555,1.75381207491527,0.726172755495118,-0.219657981557459,0.484612361667126,1.60490102371564,-0.393103207388005,-0.307777118839921,-0.689269589429965,-0.571872999411319,0.243808994474351,0.0510141976217214,0.511849510519854,-0.723292047758998,-0.34476848053886,-0.707179574188299,-0.565328047091832,0.173123836996862
comm.and.crime_point_0303,comm.and.crime,regression,0.35,0.153834708420002,anomaly,-1.6882732998595,-1.21585037425788,-0.375024355916575,-0.142900394170307,1.02733979266941,-0.465974560126219,-0.496372568292438,-0.619472066787389,0.294997464739033,0.112378141086133,0.0824974961296363,-0.240892786420384,-0.265657561852559,0.682832724400303,-0.483006127832491,-0.317935394599092,0.38425957503777,-0.649669655053565,-0.0641256158777693,0.415157172784282,0.243204504917087,-0.381712258954214,-0.472248714197789,-0.310748701822181,-0.764005364912463,0.282168870917816,-0.728501275489362,1.8228099957728,-0.199361816374992,0.643293485923684,0.207127241592105,0.378602433862569,0.0397956405866952,0.0319996393835476,-0.350922141952573,-0.575060418388539,2.10537798582331,-0.20723524876017,0.261208422753086,-0.390461442929611,-0.310386422371632,0.128060322760887,-0.0232715937029722,0.0145655943380156,-0.351119333321313,-0.342407471398352,-0.841292150615578,-0.58944929060163,0.110020044243945,0.190080215368281,-0.149937701058835,0.869790820032767,-0.34476848053886,-0.0922487271028942,0.897849168625072,0.252720923722782,1.24184056531615,-0.684350728885536,-0.60138190496379,-0.653776320283739,-0.608454173918587,0.767391182341933,-0.594343123662683,-0.29306929945644,-0.272093994394233,-0.0713724957371486,-0.0280406076086237,-0.0216443327087585,-0.165397908174131,-0.315607286918777,-0.435837813808171,0.726172755495118,-0.444061083654919,0.723886084901063,-0.154888957153209,-0.571834669143156,0.987720612375717,0.928401418342293,-0.14197595766913,0.179067960944429,-0.600152808018174,-0.576527589185363,-0.633115326174983,-1.35133901467553,-0.871842218792997,-0.777184479464502,-0.768973580240562,-0.177731018223659,-1.17343897873991,-0.0717389230187961,-0.286904425214791,-0.226875569169311,-0.802787658830557,0.984240030386299,-0.0278472343569434,0.366922062808537,0.244526896952449,-0.321861540250354,-0.457199869470233,-0.70587936432781,-0.391348688885798,0.0446822618622457,0.197114064352121,-0.217427187171022,-0.660482479245224,-1.66921732982277,-0.985685818113966,-0.665881730079667,-0.34476848053886,-1.07279557770906,0.24714434506481,0.547039635036561,-0.335131340202921,-1.57180630944818,-0.800393493714657,0.084427024235416,-1.84266734786902,0.917566476161884,-2.76543429362957,0.648228546406218,-0.164586065898132,-0.391348688885798,-0.0477867027019386,-0.0477867027019386,0.601034142128082,0.33043447669291,0.690595290266559,0.108751861038678,1.13620597443694,-1.09939376855715,-0.352747691465246,0.585612258152271,-0.495251351508437,0.924892830816656,0.282168870917816,0.723150221859989,-2.29479290095079,0.681381190302317,-0.382231429342107,0.682832724400303,0.682832724400303,-1.37697714823931,0.931273530163335,-0.534613396479251,-0.755295767554917,0.646593252940519,1.80402468020379,0.749003691009788,-0.826258750205395,-0.392446673750327,-0.286904425214791,-0.0889162245473447,-0.0430886968833349,-0.882023949694159,-0.960646585528377,-0.629227587743642,-0.0192231644959594,-0.594329019975073,1.92637658136394,3.05056808247913,1.60620332454586,0.813315174175043,0.393340518650751,-1.55874614153275,1.4741881110361,0.6889909076497,-0.523299893074292,-0.158881157964898,-0.433845179637909,-0.866055464123419,-0.433845179637909,0.114002523928599,0.391417864324567,0.885958518249587,0.352751675137971,-0.375210946038594,-0.467308204356106,-0.629843707397574,-0.505592652644603,0.559441094015736,0.0352672065190975,-0.296225771543798,-0.210617258288034,-0.358453625130612,-0.215315402983871,-0.333979422149212,0.23524876409128,-0.553751890761977,-0.44257322543477,-0.319107477609904,-0.315851368525389,-0.532924460232356,-1.06268769461281,0.682832724400303,-1.13966992969373,-0.64471119872407,-0.994759483123667,-1.56531543697313,-0.149937701058835,-0.394815653267903,0.148795440142343,0.228635869181726,-0.826346068089685,1.09121295537998,-0.499564470154296,0.188284489002777,-0.129514033521907,-0.26010254976604,0.203092646994081,-0.584177697663477,-0.308434369515615,-1.23321624918318,-0.7440181099252,1.04269324481136,0.690130378278102,-0.629843707397574,1.65278934771523,-0.778386370841756,-1.47267045724008,-0.370281702344836,-0.576901296561691,0.972629611637952,-0.328007702771107,-0.230075729421995,0.831520535946791,-0.217420442940414,1.63587354450424
comm.and.crime_point_0889,comm.and.crime,regression,0.08,0.023501551517401,nominal,-0.651533235030286,-0.171897892729153,-0.296225771543798,0.162505164217251,-0.669300457399169,0.722358181389051,0.317501733728316,-0.40441055463925,-0.349350157880785,-1.28073353641309,-0.758320357815209,0.763652803239245,-0.265657561852559,0.682832724400303,1.18873547410311,-0.153922844539436,-0.546622083628446,1.8774180052532,1.03022712427771,-1.29550079100987,1.07870745338686,0.980158158380245,1.09754002126074,0.813423318920973,1.2756998650803,-1.23504806525446,3.21191402910042,0.78501576188472,-0.433845179637909,-1.23875756229239,-0.683388268503048,-0.954678429186424,0.852441799988983,-1.20457557245354,-0.00616663970913513,0.264918814710728,0.908503228110535,-1.26292488459756,1.54951000775481,-1.8154285728214,-0.880390590919278,-1.92708884090277,-1.9295210356401,0.0145655943380156,1.62931189683977,1.59601398638663,1.44442911100348,1.34259521435226,0.287943781650617,-0.323496951900488,-0.333979422149212,-0.956724101762177,-0.230075729421995,-1.00512198687049,-1.28302888717086,-1.48426876178174,-1.3739496219135,-0.59953003312486,-0.64369508486844,-0.653776320283739,-0.565868788773144,0.194373344846107,-0.321263468856418,-0.496562007079367,-0.324530007231007,0.40046092821602,0.288567385435518,-1.1309892382737,1.91490064334401,-0.791896494605177,-1.65317189968086,0.726172755495118,-0.444061083654919,1.13620597443694,1.89690231232458,-0.939194285838884,-0.388045418306067,0.283147870703906,-1.04789614836431,-1.17821175605928,-0.154568900959218,-0.14464089114809,-0.0805170742100041,0.518053685682914,0.179391205812885,-0.0522135790060488,0.308792642392304,-1.00369058285354,-1.44042787894386,-0.642890116301655,-0.286904425214791,-0.226875569169311,-0.153813933172513,-0.337161300152529,1.35068765411737,0.815751954374349,-0.159062659197108,-0.413219819433159,-0.06328940132067,0.385562518790717,-0.391348688885798,1.09448651059498,1.27253664374943,-0.296225771543798,0.130925656330515,0.169327956712836,-1.50406343187183,0.532464993547459,-0.34476848053886,-0.100894450061688,-1.40771541613455,-0.100894450061688,0.352751675137971,-0.524119794207697,-0.156045871094839,-0.949587954657186,0.246029414243294,1.45063237705275,-1.94160517407096,-0.472716577020044,-0.0658245204870952,-0.391348688885798,0.957154368308917,0.957154368308917,-0.478855999702333,2.23073594805691,-0.435042880192443,-0.00616663970913513,1.03312600205297,-1.05911760742057,-0.209122814638054,-0.0819631937635291,-0.898012962874244,2.95273066950882,-0.264029226104202,0.511493909447407,1.08212161042621,0.927243136822718,1.79864662645383,-1.56531543697313,0.682832724400303,-2.08946071318521,-0.484226741696171,0.415210582653175,0.68464204843914,0.36127260445787,-1.01519223123925,-1.38501220832434,-0.608816497610759,-0.541331503936429,-0.286904425214791,0.293429019516684,-0.685472708736566,0.141460545004487,-0.769590402450023,3.39989683326659,-0.0192231644959594,0.546762554734425,1.38175799306964,-1.15122030423583,-0.888608530066145,-1.01503934364349,-0.636114243502866,1.46494625559241,-1.12168480637209,0.0824355567210018,-0.0636258900830415,-1.60062121906623,0.0351215468879261,-1.18813086037385,0.0351215468879261,-0.230075729421995,-0.869747200724323,-0.576459764357761,-1.7108973708847,0.182033724961094,-2.25283109618874,-0.629843707397574,-0.590607768331523,-0.602729759433253,-0.123475027790339,-0.375024355916575,-1.1001642083812,0.981586015860986,-0.462630445351289,-0.0579168405136468,-0.531713688779321,0.398826524610824,0.866885962628837,2.08608108493191,-0.315851368525389,-1.2670363105317,0.176251652332003,-1.56531543697313,0.592204999179243,-0.778386370841756,-0.252097771813259,0.682832724400303,-0.0579168405136468,-0.242196122550708,-0.653776320283739,0.762407081401742,0.0145655943380156,-2.05360724411288,-0.499564470154296,-0.203665683067209,-0.129514033521907,0.550209117294346,0.401605753908883,-0.444866529913555,-0.402172844262473,-1.23321624918318,-0.586710071414878,-1.02220602282232,1.29997747523646,-0.35364645738641,-0.156964313720294,-0.243685682371009,2.08310898155765,-1.39376619704348,-0.105964675924132,0.511849510519854,-1.51386073773478,-0.115382978305131,1.08797055430264,-0.608816497610759,-0.886108709818829
comm.and.crime_point_0198,comm.and.crime,regression,0.41,0.00285859024087759,anomaly,-0.956456783509466,-1.56383453476745,1.12214874716618,-0.142900394170307,3.23691779275872,-2.30993915902922,-0.400622650407643,-0.533447461928133,0.230562702477051,0.321344892711017,0.202614332407471,0.149763831780583,1.21575285739178,0.682832724400303,-0.912882539758789,-0.591289644698518,-0.791590941172187,-1.37971720136441,0.454251997880092,1.18045152500798,-0.114868187284245,-0.886108709818829,-0.786206461289495,-0.203684699846642,-0.589173488055941,0.160791516024035,-0.4726301518147,-0.307399221155361,1.67650508972835,1.2998229213479,0.347734953712392,0.674887070095679,-0.533836942520802,0.675018749538836,-0.580759143448198,-0.82211313400597,0.50954497553961,0.044119426439209,-0.543980067872989,1.19892497118046,0.544619830449837,1.38398481166645,1.33833515053783,0.27330764431577,-1.68791041368005,-1.89314463762633,-1.48129410386892,-1.94710218597463,0.228635869181726,0.190080215368281,1.87452123093531,2.13095588508166,-0.115382978305131,0.0903259248506256,-0.0503586817209869,0.00457954007927846,0.164750488221586,-0.557119685244521,-0.60138190496379,-0.611535701313945,-0.565868788773144,0.635156296765973,-0.503316572060594,0.571774707941,0.357138159647056,-0.189330851725441,-0.281327002043937,0.189659458827421,-0.926482744095404,0.160681920767624,0.491654823047211,-1.23321624918318,1.88206839381087,-1.0800134318184,-0.856817549342979,3.65280092285772,1.41103323720088,-0.405122580110374,1.13454794740136,0.130593685337154,-0.778386370841756,-0.792470938203999,-0.760637999705362,-1.03217440729726,-0.871842218792997,-0.736908318327921,-0.675254778272487,0.766222769924772,0.214903302320632,0.447489434511076,1.07752895371129,-0.226875569169311,-0.716257828742818,0.494832130186732,-0.303554212051806,0.167442111001511,-0.562652215346664,1.04851264749172,-0.260244635395451,0.822139272038128,3.7696264931462,-1.46155861675429,-0.706240902341621,-0.453822940289352,1.31803785969412,0.228635869181726,0.108666922041517,-0.209368692507428,-0.34476848053886,1.51894076268393,-0.380561081597017,0.655028649219603,0.352751675137971,0.90955648980559,-0.671523969190694,-0.358722252432842,-0.276144776284783,0.0937373566032682,-0.730091762955347,0.353242987609834,0.0329370249239415,-0.391348688885798,-0.139144981884744,0.0435715764808665,0.331061606670478,0.287245806889183,-0.826569200352095,-0.00616663970913513,0.620806112517094,-0.495251351508437,-0.639997445119629,-0.264029226104202,0.672757321452404,-1.43178357631207,-0.446095258444874,-1.1288425117501,0.886358450346385,-0.0562046492588845,-0.666693784445925,0.682832724400303,0.682832724400303,-0.00681644642028318,-1.01503934364349,-0.534613396479251,1.49100722539581,1.04604216081623,-0.919625556275082,-1.48426876178174,-0.91323565124325,0.699375414281087,-0.286904425214791,-0.0889162245473447,-1.11372871663872,-0.0632363539352424,-1.05617467706755,-1.67575341138266,0.730527251248644,1.45963581450202,-1.7869319751881,-0.757302642981302,0.818368002036808,-0.838101809661048,-0.594936053016721,-0.694834028068417,-0.767702135816429,-1.90265468268201,0.625885114403834,-0.0520855978833183,4.64662769105864,-1.08077239495704,0.0351215468879261,0.343388026162328,-0.260908893459341,-0.533447461928133,1.56977547151032,1.29652306696047,0.569447023159616,-0.708757207400764,0.472081177754975,-1.07816329038966,0.0352672065190975,1.67373883777562,2.82430763026513,0.517726140133124,-1.60027964024141,-0.333979422149212,0.117254540572726,-0.125091603844216,1.41601400923616,0.704377017088742,-0.653776320283739,0.886358450346385,3.0081130167773,-1.56531543697313,1.07551893281821,-0.912061542959443,-0.252097771813259,-1.56531543697313,-0.333979422149212,-0.343942476362171,2.04962329378306,1.35548620609065,2.08450199416005,-1.26740219423966,-0.265657561852559,0.38425957503777,0.324442772256246,-0.575223753622857,1.8904540557699,0.460656060460939,2.26937368602299,0.726172755495118,-0.691582097088426,-1.07801411113674,-1.20039562229281,0.672229042655054,-1.06184114443806,-0.199127291665113,2.9364960468691,-0.523804376549633,0.46962452707733,0.223861947321042,-1.41503965148781,-0.34476848053886,0.9853905469603,2.65281729130878,0.526201352602092
comm.and.crime_point_1592,comm.and.crime,regression,0.13,0.225384602450378,nominal,0.629145668582266,0.87205458879957,-0.375024355916575,0.46791072260481,2.6450665427348,-1.85919225707515,-0.352747691465246,-0.576459764357761,0.617171276048942,0.530311644335899,0.202614332407471,-1.41286264102328,-0.265657561852559,0.682832724400303,0.281218604480928,1.43153180603724,-0.399640769102202,-0.200409626554585,-1.21607586867302,-0.575223753622857,-0.592298443552689,0.0722445468239389,-0.0536383847421805,0.0104433041044344,0.401540480797687,-1.23504806525446,-0.523804376549633,0.0749460229086676,-0.35568405855027,-0.757302642981302,-0.917734455370194,-0.707774565658833,0.0875983558456533,-0.314241419930838,1.2004776181429,0.413150444081187,-0.3453655656838,-0.0564224436405426,0.261208422753086,-0.226042158711328,-0.0823847549525736,0.356410229834627,0.0856569458362924,0.726106231776839,0.143988474218959,0.0452768201586437,0.758712732517766,0.0371597380320633,1.88925741831066,1.84493997656764,-0.241958561604024,0.260952512767785,-0.34476848053886,0.0446822618622457,-0.00294828920368394,0.401605753908883,-0.0916995301342629,-0.557119685244521,-0.60138190496379,-0.569295082344151,-0.608454173918587,0.635156296765973,-0.412290020458506,0.317408823412342,0.40957417248383,0.754335996180896,1.3650345617856,-0.180122176360894,0.494208949624305,-0.601380811530617,-1.30536216086009,0.726172755495118,-0.37760024144161,0.46618615394114,0.223072592487436,-0.847354381664952,1.72851770581975,0.584266192935153,-0.883183386419734,-0.644994724379254,-0.555594417312278,-0.61971625898909,-0.718130441861903,0.518053685682914,0.22717454329497,0.0686149044036935,0.261933241408267,-0.708705024057152,-0.692858958372798,-1.52557832410244,-0.286904425214791,-0.226875569169311,-0.672992913698949,0.152246600047036,0.413283929954837,0.566402014615565,0.345424285989838,-0.413219819433159,0.084427024235416,0.210931817491753,-0.391348688885798,2.09864709633934,1.35857045010122,1.20094733153896,-0.561556462298257,-0.36444325550718,0.857434586358428,1.61668345778153,-0.230075729421995,-0.316872478427771,1.04604216081623,0.169078085395916,-0.599701730718649,1.62639463181223,0.810475562834887,0.478337492384979,-2.78258089081955,1.15986915838501,1.547553449942,-0.531713688779321,0.0823177976294598,-0.391348688885798,-0.230503261067549,0.226288134846476,-0.424861492610813,-0.835659608007726,0.984240030386299,-0.465840642700386,-1.02847344562641,-0.454975190371856,-0.400622650407643,-0.81022732312622,-0.898012962874244,-0.664493583293417,1.31387638751496,-0.388045418306067,0.690595290266559,0.804312163562517,-1.09338731710165,0.682832724400303,-1.56531543697313,0.486441406234567,-0.248310029719587,-0.471291797870422,0.454251997880092,1.44549106869194,-0.632925531382569,-0.392446673750327,-0.478351146053977,-1.78203842215394,-0.286904425214791,0.23880827036468,0.33163531003105,-0.319107477609904,2.04848829795571,-1.46644824665486,1.24598066207306,0.911911858641464,1.33224721231561,-1.01991441715099,-0.494690868811617,0.0465858602511433,-0.800827005447445,-0.424861492610813,-0.649707912297875,0.137576952259974,-0.178544390830854,1.12266556301406,0.269604910150844,-0.543980067872989,3.16156639039349,-0.230075729421995,0.217464062248858,-0.533447461928133,1.35811915909774,1.08755631533559,1.37581220011629,0.198748042635917,-0.675622884018443,-0.0216443327087585,-0.599701730718649,-0.375024355916575,0.207993071167575,0.569266126325109,-0.709945487718708,-0.241958561604024,0.943214105202603,0.0177951584617036,3.44356371978626,1.21611926443806,-0.653776320283739,-1.21809552051175,-0.0597367947051054,-1.56531543697313,1.88104215554983,-0.912061542959443,-0.549162456337422,0.682832724400303,-0.333979422149212,3.31892626085052,-0.44257322543477,0.347251694119508,-0.502918505617492,-1.6043472156139,-0.343626531286471,-0.44863454061095,-0.633910484386522,-0.305119864602728,0.302349200451482,0.0427225572111723,-0.0740881826484698,-1.23321624918318,-0.114785955883911,0.763652803239245,0.324222120103087,-0.51147345739279,-0.307777118839921,-0.466477635900487,0.281514065900134,-0.165584803405107,-1.46644824665486,0.972629611637952,-0.278597159647621,-0.34476848053886,0.164750488221586,-0.695793398648614,1.4341149641584
comm.and.crime_point_1336,comm.and.crime,regression,0.05,0.189432724454113,nominal,-0.590548525334451,0.524070428289996,-0.453822940289352,-0.814792622622935,-0.708757207400764,0.968220127909451,-0.639997445119629,-0.576459764357761,-0.478219682404748,-0.79314444928836,-0.698261939676291,0.875268979868092,-0.499564470154296,-1.56531543697313,-0.721826356680434,-0.536618794678632,0.678222204090259,0.473480416193885,1.08782463691748,-0.0350159755825995,-0.592298443552689,-0.58347083930006,-0.576901296561691,-0.739004709724335,-1.63816474919508,3.49866877560303,-1.49611464651335,-2.10988394317149,-0.35568405855027,-0.144541836585371,-0.167826657395328,-0.510251474836759,-0.629442373038718,-0.858334513139159,-0.293462891578667,-0.278597159647621,1.19347340851834,0.798183452037345,-0.812376231415014,0.102796409725239,-1.22239309204787,-0.214464537849722,-0.0777358634726045,-0.696975043100807,0.29252081648104,0.481421648160263,0.438711755891097,-0.328362195337591,1.23687038115287,1.21723454990582,-0.333979422149212,-0.826258750205395,-0.34476848053886,-0.776903671928593,-0.666693784445925,-1.08724254795214,0.626360521262113,-0.726761076765874,-0.686008264773091,-0.738257558223326,-0.65103955906403,0.811469477533919,-0.594343123662683,-0.547435183985099,-0.586710071414878,-0.779122631666902,-0.787899790914564,-0.866859498853478,0.494208949624305,-0.649009732299257,0.259781663833366,0.726172755495118,-0.444061083654919,0.569266126325109,0.385056113761999,-0.250395004534394,0.299837597034825,-2.12579870714607,0.0227368042754491,-0.0148291414846731,-1.00117832437123,-0.965225617418908,-0.973175788922662,-1.07776935120844,-1.11075890620342,-1.17994609083031,-1.1907081890969,-1.23967902989064,-1.60062121906623,0.135952419993153,-0.286904425214791,-0.226875569169311,-0.802787658830557,1.27788477050604,0.303001138876892,0.416792050760294,0.79946253665809,-0.413219819433159,-0.555677486507623,-0.662221689003069,-0.391348688885798,-0.594329019975073,-0.792274708693406,0.806954409675075,-0.561556462298257,0.58448334399507,0.0510694094017551,-1.17945889734843,-0.230075729421995,-0.100894450061688,-0.494689340990077,1.84290780523306,0.0881812846222431,-0.579261189746669,-0.607089206928712,-0.654155103545014,0.0893771570848711,-0.10010478917523,-0.00318371628598076,-0.236728129982936,-0.362109156720205,-0.391348688885798,-0.139144981884744,-0.413219819433159,0.00709456412135369,1.19420787276746,-0.777628410332139,1.2579368685168,-0.513073583706566,1.63938518873034,-0.44849760935004,4.83381967943463,0.0686149044036935,0.596054262380089,-0.0819631937635291,0.299837597034825,-1.65856263069136,0.722358181389051,-0.145179466755593,-1.56531543697313,0.682832724400303,0.65086069045285,1.16719024213992,-0.407970199261594,1.26061717483676,0.532464993547459,0.896141268044168,0.649747137552387,0.0869987106920766,-1.63315359196784,-0.286904425214791,-0.798985963523397,0.759891317933204,-0.370281702344836,-1.19946681437632,0.417298235895379,-1.05012998614479,-1.00512198687049,0.0449669127109041,2.08765824385695,-0.976145788122707,0.40046092821602,0.887478804484488,0.655028649219603,-0.118733906464382,-0.082988629895916,-0.0636258900830415,-2.18799679951492,0.191443789063205,-1.18813086037385,-0.433845179637909,-0.34476848053886,-0.13044354190256,-0.619472066787389,-0.652615808821794,0.460656060460939,-0.467308204356106,-0.590386957395979,-0.888160673235742,-1.1309892382737,0.670236143756844,-0.375024355916575,-0.576901296561691,0.723886084901063,-0.561556462298257,0.678250043847861,0.825219881684049,-0.649009732299257,-0.527054463374357,0.397331668679148,-0.696016939253532,1.57152951062578,0.530234322887664,0.682832724400303,-1.22022225196689,-0.822944761547652,-0.994759483123667,0.682832724400303,0.218145741121919,0.622647884846732,-0.062407654706626,-1.13544611760276,-0.696975043100807,0.81042543756812,-0.499564470154296,-0.350646997593453,0.223563482083323,1.18045152500798,-0.0450487366494222,-0.653833281538438,-0.636519031129619,0.726172755495118,2.34970664744447,3.21920868907389,1.60490102371564,-0.629843707397574,0.0943903614790845,0.692040522452799,-0.0977690742382896,-1.34259197230855,0.364971944713428,0.16626443468128,0.660203159698619,-0.34476848053886,0.677650524933283,0.130487161211004,0.425322062429169
comm.and.crime_point_0847,comm.and.crime,regression,0.4,0.125187860905023,anomaly,0.507176249190595,-0.171897892729153,-0.375024355916575,-0.99803595765547,0.514402042648675,-0.015227658172151,-0.639997445119629,-0.576459764357761,-0.284915395618803,-0.584177697663477,-0.337911430842786,0.98688515649694,-0.499564470154296,-1.56531543697313,-0.960646585528377,-0.700631344738288,-0.546622083628446,-1.26740219423966,0.91503209899819,0.550209117294346,-1.01004991778758,-0.886108709818829,-0.629227587743642,-0.578408706761027,-0.822282657197971,-0.324717903551093,-0.728501275489362,-1.07208970928342,-0.277522937462631,0.687062114951965,1.51946588804812,1.76126406961708,-0.916258664592466,-0.363704428404322,-0.121085140456948,2.98249868650247,-1.08628803474409,3.06037552883175,-1.08077239495704,1.19892497118046,-0.424387256081161,0.984372474287411,1.12047807145931,-1.020402605573,-1.2423133868938,-1.26315766384622,-1.48129410386892,-0.902753804918476,1.71133368090399,1.27429867960235,-0.241958561604024,0.652348567438131,-0.34476848053886,-1.46155861675429,-1.70972241982659,-0.789472887579932,-1.16878960722883,-0.769171424646212,-0.770634624582392,-0.738257558223326,-0.736210329354915,0.855547772725906,-0.639856399463727,-0.750927891608026,-0.691582097088426,-0.838101809661048,-1.16782938256753,-0.180122176360894,-0.114658919112713,-0.458494049224697,0.201813374029904,0.726172755495118,-0.37760024144161,0.156946236789233,0.0610890712128745,-0.250395004534394,-0.0705609496871936,-0.147021161055019,1.46397347129051,0.954656370660837,-0.912061542959443,-0.878848277811454,-0.803145557548822,-1.12336429511962,-1.11075890620342,-1.13966992969373,-1.09698938712883,-0.295725241742213,-0.532665618250428,-0.0198160872658089,-0.189444898148642,-0.226875569169311,-0.889317488918297,1.27788477050604,0.854415094266617,1.01523190618138,0.950808620214174,-0.230503261067549,-0.70339391206371,-0.662221689003069,-0.391348688885798,-0.411754368021554,-0.0609873547032339,-0.138628602798245,0.922333791906255,0.762407081401742,0.339056972600567,0.931913901423168,-0.34476848053886,0.0610890712128745,-2.03542084279638,0.601034142128082,0.352751675137971,-0.358695607590779,-0.349350157880785,1.80778532238975,-0.537231871548822,-2.32928946562795,1.20832969482963,3.0081130167773,-0.460870702131241,-0.391348688885798,-0.321861540250354,0.226288134846476,0.331061606670478,0.632755165319001,-0.0435165600327901,-0.293462891578667,-0.152293680362675,1.3171758996377,0.0781269390163294,-1.23504806525446,-1.01884144628399,-0.0616228744930443,-0.0212745163166381,-0.652615808821794,-0.924450780392009,-0.261089604692552,-0.856335354515137,-1.56531543697313,-1.56531543697313,-0.226042158711328,0.105565038245289,0.351888984044347,0.627044535799378,0.36127260445787,-0.824058881310911,0.699375414281087,-0.695793398648614,-0.888729441037333,-0.286904425214791,-0.143536973699349,0.33163531003105,0.65320279235381,0.711095016407226,1.6731292242622,1.10540245912095,-0.594329019975073,-0.747205579353531,-0.275847723670213,-0.669765384924741,1.04923188615163,-0.594936053016721,0.223072592487436,-0.295725241742213,-0.303554212051806,0.510966613656022,1.81683670354433,-0.277522937462631,1.06639691337916,-0.35568405855027,-0.230075729421995,0.0435102601731493,-0.490435159498505,0.564407987550553,-0.79314444928836,0.857434586358428,1.97430179270768,-0.165532189896924,-0.338600020013028,0.776064299963135,0.0977671503200851,-0.838532752471447,0.208486222981217,1.07072281732671,-0.333979422149212,0.294245875850557,-0.553751890761977,-0.10464827367642,0.704377017088742,0.0220735832329614,-1.2670363105317,0.707225658165495,-1.56531543697313,-0.978565285147405,-0.199127291665113,-0.00454386804312309,0.682832724400303,-0.333979422149212,1.18225283080978,0.782404724689249,-1.4912935924161,0.402678669304647,-1.49203220848915,0.124187285317004,-0.056684368540964,1.38367531907194,-0.665258383296233,-0.64058805739383,-0.862800033163321,-0.120957420021899,-1.23321624918318,-0.691582097088426,-0.519933227992503,0.690130378278102,0.0409210426295376,0.044119426439209,1.27129960162944,-1.70972241982659,2.18842953440178,-0.943185334835349,1.49100722539581,0.314329357834215,-0.230075729421995,-1.63039964026935,-0.695793398648614,-0.835669064732367
comm.and.crime_point_1841,comm.and.crime,regression,0.18,0.0878915093313051,anomaly,-0.651533235030286,1.56802290981872,0.176565734692862,-0.814792622622935,0.396031792643891,0.0667263240013159,-0.639997445119629,-0.576459764357761,0.294997464739033,0.112378141086133,0.262672750546389,0.596228538295973,0.202156254750917,0.682832724400303,-0.817354448219611,-0.864643894797944,-0.350646997593453,-0.593512151491192,0.742239561078903,0.46017448762097,1.49645892762175,-0.785229419645906,-0.576901296561691,-0.685472708736566,-0.181232442057388,-0.567472613338656,-0.626152826019497,-0.908227461827405,0.269604910150844,0.730830743980246,0.113388766845247,0.576125524684642,-0.868455949333508,0.823407774959287,-0.638218393822105,1.15430859093348,-0.459353637846922,1.3008928024361,-1.13445162766544,1.47295711154427,-0.310386422371632,1.21272238136115,1.33833515053783,-0.761660555595246,-1.09378104463172,-1.02085498162309,-1.0241498515451,-1.26827573828813,0.347251694119508,0.532464993547459,0.12612488057673,0.565371666400276,-0.34476848053886,-0.0466050641145143,0.186693280865528,0.00457954007927846,-0.142989533805432,-0.684350728885536,-0.686008264773091,-0.696016939253532,-0.693624944209472,0.811469477533919,-0.594343123662683,-0.445688830173635,-0.48183804574133,-0.838101809661048,-1.10450778395871,-0.285774072128984,-0.0131809409898764,-0.458494049224697,0.723527982261056,-1.23321624918318,0.220547338478165,-0.152293680362675,0.0610890712128745,1.31088336642245,1.51686139340717,-0.792274708693406,0.969835185456777,0.179067960944429,-1.00117832437123,-1.00841428722264,-0.973175788922662,-0.986579463386079,-1.01519223123925,-1.01884144628399,-0.956411184176713,-0.000739682945828393,-2.08120123943334,-0.590967280548668,-0.189444898148642,-0.226875569169311,-0.846052573874427,0.788476870306472,0.303001138876892,0.815751954374349,0.547219064064617,0.409004693212087,-0.506438677988928,-0.531248663028845,-0.391348688885798,0.364187902780905,0.670299999286939,-0.375024355916575,-0.709945487718708,-2.97399140413837,-0.409710691716343,0.703657382637049,-0.34476848053886,1.24896822722633,0.0188878262786913,-0.424861492610813,0.141095362725389,-0.303554212051806,0.681606038310923,1.75854651387106,0.559333928560141,-2.4262105385172,-0.00318371628598076,0.117254540572726,2.40321411478882,-0.391348688885798,0.317646414029282,-0.0477867027019386,-0.532850506793854,-0.749282268400272,-0.679746830292226,-0.695677644196011,0.672346098709078,-0.495251351508437,-0.592122486177232,0.342857548364707,1.07551893281821,1.58256996768979,-0.203340548657311,-0.493873574512357,1.27788477050604,0.722358181389051,0.897849168625072,0.682832724400303,0.682832724400303,1.63737639576255,0.754335996180896,0.0352809910002048,-0.812893280194679,1.04604216081623,0.322741218259141,0.550490584094985,0.304440963286713,0.10383609353668,5.46320767168798,-0.744365214371393,-0.739004709724335,-0.984372399164023,0.137926467172162,-0.210617258288034,-0.956411184176713,1.36834848852526,1.62931189683977,-0.319616352698494,0.774599373008527,-0.779122631666902,1.42279528080437,-0.0468999429701671,1.35619388751754,-1.57180630944818,1.60269237076024,-1.33363231886228,-0.433845179637909,0.153849957336276,-0.277522937462631,-0.115382978305131,-0.521839596572905,-0.361398252209622,0.141095362725389,-1.14142236866316,0.0510694094017551,2.92126379274596,0.00449804147691576,-0.338600020013028,-1.49924105847212,-0.453822940289352,-0.315269840651936,0.930046029669001,-1.352964597874,-0.0579168405136468,1.65117944631393,-0.744267573836537,-0.653776320283739,-0.421455927079768,0.528961010870487,-1.6096218406714,-0.708705024057152,-1.56531543697313,-0.978565285147405,-0.421919245194591,-0.351119333321313,-1.56531543697313,-0.333979422149212,-0.343942476362171,-0.611535701313945,0.287943781650617,0.726106231776839,-0.368882137241703,0.202156254750917,2.83394815047518,-0.129514033521907,-0.485189123949481,0.550490584094985,-0.375210946038594,1.61320436279498,0.726172755495118,-0.691582097088426,-0.519933227992503,1.17800805584479,1.1062532926726,0.446286906758215,0.469248568923321,1.89346741148843,-1.64963732071814,0.521950818259281,0.396654485240329,-0.0809549871536759,0.343388026162328,-1.32265961824234,-0.347885794497196,-0.129514033521907
comm.and.crime_point_1291,comm.and.crime,regression,0.28,0.00772630326586542,anomaly,-1.38334975138032,0.524070428289996,-0.217427187171022,0.46791072260481,-0.314189707384816,-0.588905533386419,0.173876856901124,1.74620456684214,0.101693177953087,0.112378141086133,-0.217794594564951,-0.464125139678079,-0.499564470154296,-1.56531543697313,-0.530770173602079,-0.372606244618977,0.972184833142749,-1.09892968355255,-0.294515666436819,2.17083245141512,-0.174546969317801,-0.734789774559444,-0.733880170107544,-0.685472708736566,-0.647450780341448,-0.385406580997984,-0.421455927079768,-0.689744465219389,-0.121200695287352,0.468218969810561,0.628950377952967,0.576125524684642,-0.868455949333508,1.16964883427367,-0.465840642700386,-0.723292047758998,-0.0603953852759968,-0.00615150860066679,-0.866055464123419,0.322022122016284,-0.424387256081161,0.984372474287411,0.684763913302247,0.596735206787962,-0.549162456337422,-0.633170690066098,-0.521291173988909,-1.00718864302409,-1.37267776747832,-1.35065128643802,-0.0579168405136468,0.434906314843494,-0.115382978305131,-0.00096140112613429,0.328924458417437,0.351977477180183,0.318620499235095,0.163856228721226,0.329508052938522,0.317757916021518,0.28583891413571,-0.907584034953557,0.953108253572819,0.571774707941,0.619318223830926,0.636377640192604,0.351888984044347,1.03487462497214,-0.672787798788313,1.01800249460314,0.143845084226443,0.726172755495118,-0.244678557014993,0.156946236789233,-0.532850506793854,0.851683845552791,-0.282217262099776,0.670299999286939,0.310984137678462,-0.499571897557428,-0.511036026606383,-0.533338919381635,-0.548100210488063,-0.485035080363082,-0.489575518936313,-0.495251351508437,-0.487817174336336,0.412240099369111,0.375096642443002,-0.435198773289707,-0.0919853710824933,-0.226875569169311,0.322100132310052,0.10330581002708,-0.579261189746669,0.0677021350979969,0.749013842139396,-0.321861540250354,-0.06328940132067,-0.662221689003069,-0.391348688885798,0.592406217722805,-1.05037612774876,1.12214874716618,-0.512093453824773,-2.91468349166948,0.742239561078903,2.47264540322947,-0.34476848053886,0.871006677585685,1.21723454990582,0.169078085395916,0.670236143756844,0.0272941611820292,-0.220480633356821,-1.04806557169458,-0.537231871548822,0.529882184604888,-0.10010478917523,2.4771390109438,-0.0164437477815769,-0.391348688885798,-0.139144981884744,-0.321861540250354,0.00709456412135369,-0.749282268400272,1.18000319046612,1.88998862262977,0.260026209173202,-0.777184479464502,-0.687872404062027,0.0394141611302526,-0.0119374178694681,-0.609687155220656,-0.324717903551093,0.723150221859989,-0.826569200352095,-0.916721462080286,0.471155635969346,-1.56531543697313,-1.56531543697313,-1.21255786402103,0.459440106210166,0.288567385435518,0.742239561078903,-1.40771541613455,0.0838245308487138,-0.541331503936429,-0.826258750205395,-1.38501220832434,-0.286904425214791,2.04129299238081,0.278103309043281,-1.54728887124828,-1.2949949059155,-0.52457500537974,-0.20666076843211,-1.23334030181239,0.985671747037421,1.38736017940446,1.16851703426305,-0.95606016564934,3.02874470976401,-0.316872478427771,-0.472716577020044,1.13012207196148,0.683344364777741,0.214903302320632,0.191443789063205,0.0464914919194661,-0.35568405855027,-0.115382978305131,-0.608816497610759,-0.447422857068877,-0.70552988692494,2.13239007346,0.281459459960805,0.672229042655054,-0.760637999705362,1.82726384323282,-0.440959496409212,0.334162903438415,0.417298235895379,0.208486222981217,0.922333791906255,-0.333979422149212,-0.000739682945828393,-0.220349445381496,-0.484813844404564,-0.882023949694159,-0.738257558223326,1.47364793058586,-1.59366170044631,0.682832724400303,-0.65635599605476,0.291015006099739,-0.153076210305205,0.682832724400303,-0.333979422149212,-0.750927891608026,-0.696016939253532,0.881022906339523,-1.73194324301182,1.70894549456608,-0.265657561852559,-0.105678140049712,-0.835669064732367,-0.800310327806298,0.94751679792459,-0.166244194413711,0.253996478965534,0.726172755495118,-0.324530007231007,0.038147655151735,1.17800805584479,0.0409210426295376,-1.76563423499632,-0.288244073076904,0.803028383590466,-1.13789507336882,-0.943185334835349,1.26061717483676,0.90725587531605,0.228695275045463,-1.78426965128286,0.173975611729931,-1.13830693525114
comm.and.crime_point_1548,comm.and.crime,regression,0.2,0.0465056500002598,anomaly,-1.38334975138032,0.87205458879957,-0.375024355916575,0.284667387572275,-0.669300457399169,-0.138158631432351,-0.11337289675326,2.30536449842731,0.0372584156911057,0.0427225572111723,0.0824974961296363,-0.129276609791536,-0.343626531286471,0.682832724400303,0.0901624214025735,0.11943140555999,1.26614746219524,-0.0880946194298402,-0.00652810323800724,-0.305119864602728,-0.7116560076198,0.1226841919104,0.0510141976217214,0.117507306079973,0.284985896226672,0.100102838577144,0.0902863202695546,-0.416640719459369,-0.35568405855027,-0.713534013953022,0.160258004218676,0.0823177976294598,-0.00800707467226295,-0.858334513139159,0.913181366273366,-0.476239332141566,-0.3453655656838,-0.20723524876017,-0.382942369747774,0.65086069045285,0.430618996740308,0.984372474287411,0.793692452841512,0.596735206787962,-0.00454386804312309,-0.245486398509103,0.255854054961572,-0.58944929060163,0.703099168932851,1.38842693899541,-0.333979422149212,-0.608816497610759,-0.115382978305131,0.820624532664704,0.897849168625072,0.798631967738489,1.03668055063147,1.98750118757576,1.89509570941059,1.71169834202471,1.7763273942262,-1.39244528206541,2.59158618241041,1.38574553843271,1.14367835219867,0.459440106210166,-0.597934995088079,1.61596005169664,-0.926482744095404,1.73243630613274,1.18727430068875,-1.23321624918318,-0.311139399228302,-0.513073583706566,-0.424861492610813,-0.709594525404054,-0.811358043131231,0.842367611990508,-0.306688719613709,0.0336451341226025,2.38525936927683,2.23073594805691,2.04486081796299,1.42995256390655,1.61289133027545,1.84076599441325,1.48027766699325,1.4741881110361,1.81683670354433,-1.11019563807854,0.102933683049804,-0.226875569169311,1.49025283849453,-0.630806040272269,-0.524119794207697,-0.0819078287572736,0.042732118877671,-0.504578098615964,0.921486769053237,-0.00735655913195239,-0.391348688885798,-1.46155861675429,-1.48054515950769,2.93451618774004,-0.0669263775634199,-2.20298854204279,-0.352113179076581,-0.837074119169256,-0.230075729421995,-0.316872478427771,0.532464993547459,-0.856817549342979,-0.546787652615503,1.46097044519532,-0.607089206928712,3.77733766313757,-1.00718864302409,0.0937373566032682,-1.99006571051558,0.707225658165495,-0.806536111069869,-0.391348688885798,-0.139144981884744,-0.504578098615964,0.331061606670478,-0.0582635515406352,-1.65856263069136,-0.86805539531773,0.620806112517094,-0.535527512645018,0.126001897958727,-0.0819631937635291,-1.17994609083031,0.705667118525611,-1.23504806525446,0.987720612375717,1.22894398048608,0.968220127909451,1.3245427012808,0.682832724400303,0.525462353104163,-0.33565501485685,-0.366268385707879,0.541853779870831,0.281459459960805,2.18732475474682,-0.967408893757168,0.749003691009788,-0.217420442940414,-1.98055152906875,-0.286904425214791,-0.853606712675401,0.117507306079973,-0.523804376549633,0.94991524525517,1.51615035071635,1.48027766699325,3.1028076820837,-0.153076210305205,-0.757302642981302,1.25605429231962,-0.897080987655194,0.763944233026054,1.57293526977546,-1.23967902989064,-0.965250958519477,-0.23600364120476,1.01587000293248,-0.433845179637909,0.583283819003517,-0.35568405855027,0.458080777279193,0.652348567438131,-0.619472066787389,-0.388045418306067,-1.0717667847882,0.627044535799378,0.00146429262794278,-0.293054863427304,0.823570833435961,0.0352672065190975,-0.296225771543798,-0.210617258288034,0.723886084901063,-1.30350158940051,-0.241958561604024,-0.649707912297875,-0.649009732299257,-0.44257322543477,1.47199038811273,-0.189129511616007,-0.728687620312182,-0.0597367947051054,-1.56531543697313,-0.454975190371856,0.736598913158695,1.03518252779145,0.682832724400303,-0.333979422149212,-0.242196122550708,-0.569295082344151,1.41479411855954,0.467364181799085,0.305007905506768,-0.499564470154296,0.0902969459852806,2.0898303502824,-0.890344957479674,-0.491703227207728,-0.305555362163633,0.347734953712392,0.726172755495118,0.357138159647056,0.205571920095007,-1.20039562229281,-0.669300457399169,0.446286906758215,0.023664661864365,-0.477052214376713,-0.728501275489362,0.155666779985624,1.26061717483676,0.0672766422167828,-0.34476848053886,0.369910502906264,0.130487161211004,1.88807176993655
comm.and.crime_point_1402,comm.and.crime,regression,0.12,0.084244696508563,nominal,0.324222120103087,0.87205458879957,-0.375024355916575,0.590072945959833,0.159291292634322,-0.015227658172151,0.269626774785918,-0.232361344920738,-0.413784920142767,-0.0965886105387498,-0.337911430842786,-1.02220602282232,-0.265657561852559,0.682832724400303,1.33202761141188,1.54087350607701,-0.497628312119698,0.417322912631512,-0.812893280194679,-0.890344957479674,-0.293904533384912,1.08103744855317,0.731255982987085,0.759891317933204,0.343263188512179,1.79938580709009,0.44850589341408,1.76818924662079,-0.433845179637909,-1.01991441715099,-0.542780556382761,-0.510251474836759,0.42221736265836,-0.314241419930838,0.970640616647273,-0.377418245894594,-0.231377493520679,-0.408318988919673,0.798000749837136,-0.8289128675117,0.0316160787569558,-0.785339305534071,-0.785771370477824,0.6614207192824,0.985671747037421,0.723724330383386,0.941570433447291,0.977073280982603,-0.601674905382743,-0.0381763034178386,-0.333979422149212,-0.478351146053977,-0.230075729421995,-0.00096140112613429,-0.145179466755593,0.00457954007927846,-0.0916995301342629,-0.00578516280012634,-0.093623746107983,-0.0201670357368324,-0.0548441670278318,0.0621384592701477,-0.366776744657462,0.012169761977951,0.0949580954631852,0.813315174175043,0.921783371523802,-0.127296228476849,1.35677176366841,-0.458494049224697,-0.8416158424324,0.726172755495118,-0.444061083654919,0.672346098709078,1.30296273431785,1.31088336642245,0.723150221859989,0.197114064352121,-0.883183386419734,-0.741943275593805,0.602923741041008,0.546377825711547,0.387066062068055,1.38435761999537,1.18284129293668,1.27689973850112,1.24598066207306,0.176251652332003,1.12266556301406,2.52440286463056,-0.189444898148642,-0.226875569169311,0.105775557090704,-0.630806040272269,0.964697885344563,-0.181647804660787,-0.108613964678413,-0.504578098615964,0.133665832754111,2.43747325905355,-0.391348688885798,1.59656680346716,1.27253664374943,-0.217427187171022,-0.957260530086126,-0.0679036931627271,-0.294515666436819,0.874849771726638,-0.115382978305131,-0.316872478427771,-0.951202378562316,-0.100894450061688,-1.23467066795639,-1.5166649139092,-0.284915395618803,0.626053917941065,-2.26040670029148,-0.197025862064479,-2.2323683927387,0.176251652332003,-1.34972461083057,-0.391348688885798,0.134929855663671,-0.595936377798769,-1.12679008480058,-0.61971625898909,-1.31597710055166,1.02809986702118,-1.80157323850618,-0.65635599605476,-0.687872404062027,0.100102838577144,-0.69663215719134,2.02102139227188,-1.23504806525446,-0.758443965028085,1.03318082040625,-0.302066595779285,0.37633485093474,0.390573463421757,0.682832724400303,-0.00681644642028318,-0.720143453672756,1.17506976595912,-1.27367338131278,0.475400863850929,-0.776275543828826,-0.789472887579932,-0.739281849167541,1.543056118669,-0.286904425214791,0.5119120161247,1.02755132287205,-0.267933252874971,1.90519616064694,0.0510141976217214,0.40251144436038,-0.229179716068034,-0.499651675583395,0.774599373008527,-1.19498893326411,-0.720143453672756,0.269805947192317,0.601034142128082,0.471237211128387,-1.13067514513639,0.913181366273366,0.695483322687741,-0.35568405855027,-1.08077239495704,-0.433845179637909,0.228695275045463,0.608860116919203,-0.40441055463925,-0.22930318399663,-0.444866529913555,-0.236918153797056,-0.550930207394384,-0.505592652644603,-0.180122176360894,2.99845558029525,-0.0598300184254683,-0.472248714197789,1.03312600205297,-0.264778411457355,-0.241958561604024,2.4771390109438,-0.506122969993337,-0.400332606464976,0.44850589341408,-0.569295082344151,-0.0435165600327901,-0.413719465260767,-1.56531543697313,0.149167226676855,-0.600152808018174,-0.00454386804312309,-1.56531543697313,-0.241958561604024,-0.0895765918335127,0.486720391900693,-0.127211605631618,0.726106231776839,-0.705827158615937,-0.421595500720383,-0.889578484189684,0.324442772256246,-1.02539690198974,-0.193933566835524,-0.305555362163633,0.300865716338963,-1.23321624918318,-0.586710071414878,-0.129276609791536,0.812099797669774,2.28995579272044,-0.508860858999424,-0.199127291665113,0.660797206038557,0.141460545004487,-0.472248714197789,-0.121723128517532,0.956666418439536,-0.34476848053886,-0.655889570517129,1.30467532522204,-0.432151904040676
comm.and.crime_point_1007,comm.and.crime,regression,0.67,0.0090785507654118,anomaly,0.629145668582266,0.176086267780421,1.7525374221484,-0.6315492875904,2.40832604272523,-1.61333031055475,-0.544247527234835,-0.576459764357761,0.294997464739033,0.391000476585978,0.442848004963141,0.038147655151735,1.76153564342917,0.682832724400303,-1.10393872283714,-1.19266899491726,-0.889578484189684,-1.26740219423966,0.281459459960805,1.99076319206837,0.780313543219086,-1.08786729016467,-0.9955116260173,-0.899600712687643,-0.472618903484926,-0.14265187121042,-0.4726301518147,-0.198157722851353,2.84892190604294,1.78127784065899,0.253996478965534,0.823029388212234,-0.868455949333508,1.71374192748199,-1.27027014793507,0.116687185340269,0.224574795131807,0.647370646917718,-0.705017765998204,2.29505353263568,1.05762358214272,2.12612200965611,2.20976346685195,-0.114805430650861,-2.43057212499046,-2.37775000207258,-2.57844030944607,-2.67814605271394,-1.37267776747832,-1.57890780522414,2.97877155747757,2.73979419234664,-0.115382978305131,-0.137892390091274,-0.240000251790199,0.10383609353668,0.0108804772080765,-0.641940381005198,-0.64369508486844,-0.653776320283739,-0.65103955906403,0.723312887149946,-0.594343123662683,0.26653564650661,0.0425220826264111,-0.66116427567861,-0.914542988132221,-0.0744702805928035,-0.926482744095404,-0.267978366150136,0.665559692457595,-1.23321624918318,2.21437260487742,-0.564613569898551,-0.856817549342979,3.65280092285772,0.987720612375717,-1.48054515950769,1.09336975691521,0.372965063373531,-0.912061542959443,-0.922036947615181,-0.930668231079202,-1.07776935120844,-1.01519223123925,-1.01884144628399,-1.00327058516075,1.00221121696188,-1.17343897873991,0.499412270264063,2.05212422437278,-0.127274097367549,-0.759522743786688,0.396950550146819,0.0272941611820292,0.765881966422592,0.496770369545922,0.865796089126112,0.232143449791502,1.12774299931132,0.607285354801882,1.68785412944392,0.111080258000336,-0.296225771543798,0.526629724118384,0.525175431526179,-0.121723128517532,-1.29358715674149,2.86662855073335,-0.20888346424473,1.559619328085,-0.532850506793854,-0.864272121234376,0.964697885344563,-1.7024801653824,0.921486769053237,-1.47714541449936,0.33604003882639,-1.31161820029084,-0.413719465260767,0.0329370249239415,1.73074865395052,-0.230503261067549,1.32258748504014,1.30296273431785,0.416811816300365,-0.239279720112616,-1.15535164718726,-0.719233528474505,0.793585804862147,1.75375050200023,-0.264029226104202,-0.69663215719134,0.376828550089045,-0.14265187121042,-1.60506921467841,0.494832130186732,-0.670859515559886,1.46677387883271,0.682832724400303,0.682832724400303,-0.719300011366178,1.22616942013407,-1.04118618534988,-1.10088084339349,-0.837074119169256,-1.25410891864968,0.848260244467189,2.18096542220705e-05,0.550490584094985,-0.286904425214791,0.566532765276704,2.31231934657851,-0.114410578670175,-1.2949949059155,-1.1001642083812,-1.28442699106498,0.409831565769285,-3.02470149403878,0.336913082725718,0.643293485923684,-0.0123933177430025,-0.883183386419734,1.57293526977546,-0.472716577020044,1.2955462585784,0.166211111412584,0.748881102728531,-0.277522937462631,2.5694154292145,-0.35568405855027,2.75193579961649,1.13072152314633,-0.490435159498505,1.67560362771661,0.251689308836056,-1.33127089395254,-0.669300457399169,-0.845653115392282,-0.391425967897073,-0.493873574512357,-0.217427187171022,0.312645653531477,0.826966057285032,-1.00672353855961,-0.241958561604024,0.589231434646941,0.160681920767624,-0.78049817719312,0.243808994474351,-0.653776320283739,0.690595290266559,-0.472716577020044,-0.0140932056254605,-0.938289124010825,0.157339833982052,0.540074720251176,0.682832724400303,-0.149937701058835,-0.649181537796562,-0.062407654706626,-0.423751167976071,0.0792511068324541,-0.0880946194298402,-0.265657561852559,-1.42850997078591,-1.13830693525114,-0.75529301296961,0.15346437026538,-0.166244194413711,0.113388766845247,0.726172755495118,0.0425220826264111,-1.18963028776559,1.48293160432397,0.0409210426295376,0.396015971718339,-0.689269589429965,-0.240000251790199,-0.319107477609904,1.41149776835245,-1.56166094451159,1.25312967718045,-0.34476848053886,0.780230532275621,-0.13044354190256,3.14906289709809
comm.and.crime_point_1886,comm.and.crime,regression,0.08,0.00465668210066394,nominal,0.324222120103087,1.56802290981872,-0.138628602798245,0.345748499249786,-0.472016707391195,0.640404199215584,0.173876856901124,-0.533447461928133,-0.413784920142767,-0.0965886105387498,-0.458028267120621,-1.41286264102328,-0.109719622984733,0.480499389876695,1.42755570295106,1.70488605613666,-0.889578484189684,0.922740444692865,-1.3888684065923,-1.29550079100987,-1.18908626388824,1.28279602889901,0.835908565350987,0.652827315957665,1.68364091107885,1.49594241985563,0.0391120955346223,0.948878009340733,-0.35568405855027,-1.15122030423583,-1.01147293011705,-1.1522015200085,1.13925809154273,-1.352964597874,1.71761087150805,-0.377418245894594,0.0535926868871247,-1.26292488459756,1.01271768067076,-0.719300011366178,-0.367386839226397,-0.614076875228766,-0.676842830938559,0.596735206787962,1.18371487005353,1.25679023127425,1.26157141007396,0.977073280982603,-0.423751167976071,-0.209368692507428,-0.333979422149212,-0.739281849167541,-0.230075729421995,0.318544239792525,-0.00294828920368394,-0.144305290106824,-0.296859544818942,-0.133016206441141,-0.262876465726585,-0.273610749555595,-0.310356477900488,0.370686525614054,-0.412290020458506,-0.343942476362171,-0.272093994394233,0.636377640192604,0.98510497013263,-0.708381655201343,1.20455479648416,-0.696638653067897,-1.18942558125317,0.726172755495118,-0.244678557014993,0.414646167749156,0.978995691768727,-0.663674573317088,-1.02301435554381,1.53063806280479,-1.04789614836431,-0.548046173164703,0.469248568923321,0.416811816300365,0.259543388537675,1.56673739564009,1.32619130538294,1.35745206077428,1.33969946404113,0.23524876409128,0.802278882769321,0.291720927252114,-0.286904425214791,-0.226875569169311,-0.240343763260253,-1.16915473049179,-0.193271420973861,-0.929697623937139,-0.613100909865359,0.134929855663671,-0.654155103545014,0.647508570739164,-0.391348688885798,1.0488428476066,0.369181677055691,-0.0598300184254683,0.0814626478570313,-0.542366992913852,-0.294515666436819,0.703657382637049,1.03154453286352,-1.34276811316667,0.817785642030109,0.49304512794504,0.194009440828534,0.6889909076497,2.67908366843236,-0.900349146138491,1.02929070003541,-0.197025862064479,-3.0077369758527,1.35619388751754,-0.905297656480906,-0.391348688885798,-0.504578098615964,-0.413219819433159,-0.0468999429701671,2.31711328766437,0.984240030386299,1.77507012188196,-0.409993611322597,-0.414699029235275,4.0517485312353,0.52492358070538,-0.817460640601083,-1.21255786402103,-0.385406580997984,-1.1288425117501,0.543772920206689,0.435519243781917,0.139282888348225,-1.56531543697313,0.682832724400303,1.30853782732598,0.577398462198459,0.478532181262003,1.89418981387415,-0.722945859776196,0.179391205812885,-0.938357717766034,-0.478351146053977,0.897888521195889,0.297852737182101,-0.908227461827405,0.759891317933204,-0.370281702344836,1.90519616064694,-0.733880170107544,0.871105454200756,0.364187902780905,-1.14329182538575,-0.0570045785288092,-0.713534013953022,-0.366268385707879,0.681587852053764,-1.23477909898362,-0.94469347109426,0.854415094266617,-0.465840642700386,-0.959847858576748,-0.199361816374992,1.4958307750464,-0.35568405855027,-0.34476848053886,-0.521839596572905,-0.318385949779994,0.934806534272571,-0.0965886105387498,-0.58250322963563,-0.629843707397574,-0.633115326174983,-0.338600020013028,-0.70552988692494,-0.296225771543798,-0.367596131833887,0.00232627821327909,0.477166715644901,3.99100102347465,-0.531713688779321,0.303568683073544,-0.738257558223326,-0.421455927079768,-0.696016939253532,0.690595290266559,-1.77065303572414,0.682832724400303,0.95469044940847,0.335573396805634,0.886650185529367,0.637869761172835,-0.241958561604024,-0.700054714702294,0.444479772930899,0.525175431526179,-0.632289530606369,-0.818142165740683,-0.499564470154296,-0.98756602720718,1.93851141502301,-0.305119864602728,-0.938357717766034,-2.11660054291262,0.347734953712392,0.726172755495118,-0.376966020067782,-0.0734685214771128,0.629145668582266,-0.669300457399169,0.044119426439209,-0.956619933665339,0.518566028486648,2.08608108493191,2.45802359199147,-0.236918153797056,-0.0315444440301896,-0.230075729421995,0.318620499235095,-0.173931992421487,1.83763212485009
comm.and.crime_point_1065,comm.and.crime,regression,0.26,0.0269098736678688,anomaly,-1.38334975138032,0.176086267780421,-0.375024355916575,-0.0207381708152835,-0.629843707397574,-0.547928542299685,-0.44849760935004,2.04729068384954,-0.607089206928712,-0.653833281538438,-0.578145103398456,1.8240064812133,-0.265657561852559,0.682832724400303,-1.00841063129797,-2.45009854537462,-1.03655979871593,-0.874299669303055,2.23977488971272,2.03578050690505,1.31742258152108,-1.1887465803376,-1.1001642083812,-1.11372871663872,-0.705728072626956,-0.506783935891765,-0.267933252874971,-0.96284821097941,-0.277522937462631,0.511987598838842,1.19138122643412,1.51436020608949,-1.25087767140517,0.872870783432771,-2.07469965316976,-0.624470961512025,-0.459353637846922,0.396015971718339,-1.08077239495704,0.267215693943522,-0.766389757209749,0.813110043982106,0.575835373762982,0.337993156810208,-0.549162456337422,-0.584710153621474,-0.384147898291766,0.402681671401718,-1.90644897969834,-2.60606213976168,-0.241958561604024,0.304440963286713,-0.115382978305131,0.227256913815765,0.471155635969346,0.302349200451482,0.216040491892755,0.884832142686974,0.96420575150828,0.824645343659043,0.711692765590137,-1.0838972157215,1.27170118418013,1.5383650691499,1.30098639070899,0.164544216239436,-0.977864586741049,1.88008979111686,-0.266875886296968,1.49429170228954,1.7089889089199,-1.23321624918318,-0.244678557014993,-1.18309340420237,0.331061606670478,-0.663674573317088,0.246923518931679,1.27253664374943,0.0639149947615938,0.372965063373531,-0.288244073076904,-0.317395570362999,-0.335562421270764,-0.348250248629537,-0.250658831525885,-0.213318223552372,-0.253520169416148,1.17920255223971,1.12266556301406,-0.279430266030745,-0.286904425214791,-0.226875569169311,0.927808942924227,-0.875509990372052,-1.46152351837023,-0.780087660081869,-0.0581652701597183,-0.321861540250354,-0.506438677988928,-0.574906338353587,-0.391348688885798,1.7334977924323,0.369181677055691,-0.375024355916575,0.0814626478570313,0.999638731277305,0.742239561078903,-0.152304562810898,-0.34476848053886,-1.39676262025819,0.0759519559752211,-0.154888957153209,-0.282217262099776,-0.799826771902559,0.423866989262996,-0.506438677988928,-0.276144776284783,-0.681631226510723,-0.681631226510723,0.412240099369111,-0.0164437477815769,-0.391348688885798,-0.413219819433159,-0.0477867027019386,-0.370866985519292,2.533056636683,0.690595290266559,0.0512926106647712,-0.358453625130612,-0.898012962874244,2.71124968084818,-0.385406580997984,0.753309643725566,-0.390461442929611,0.767678290492944,-0.017646871584048,-1.02233236043192,0.722358181389051,-1.18820810213626,0.682832724400303,0.682832724400303,0.760473546598372,-1.13299769963178,-1.23115098117636,-0.409710691716343,-0.722945859776196,0.179391205812885,-0.888729441037333,-0.217420442940414,0.10383609353668,-0.189444898148642,-0.853606712675401,3.3829593663339,0.141460545004487,-1.48605108899385,-0.158290967106083,-1.51872399598517,-0.548685356986693,-0.351119333321313,-0.10077320755709,-0.888608530066145,3.17248229394089,-0.965539767392024,-2.4766527620886,-0.649707912297875,-1.40638212283126,-0.00616663970913513,1.12266556301406,6.83513908151254,-0.543980067872989,-0.433845179637909,-0.34476848053886,-0.739281849167541,-0.490435159498505,0.511493909447407,0.112378141086133,0.627044535799378,-0.235276207381626,1.53477012384147,-0.0744702805928035,-0.652615808821794,1.43734308465729,-0.52457500537974,0.569266126325109,-0.215315402983871,0.0341040200315418,0.766222769924772,-0.410865128456057,0.148795440142343,-0.728501275489362,-0.696016939253532,0.348009760126863,-0.000739682945828393,0.682832724400303,0.390824193496339,3.27642718339475,-0.499651675583395,0.682832724400303,0.678250043847861,1.08050647699832,-0.738257558223326,-0.898214467727196,0.0792511068324541,-0.31272463367933,-0.499564470154296,-0.595615855137194,0.526201352602092,-1.11543153166311,-1.98055152906875,-0.862800033163321,0.769558090073254,-1.23321624918318,-0.586710071414878,0.763652803239245,-0.956456783509466,0.396031792643891,0.747912516997469,-0.778386370841756,0.471155635969346,2.95604290542576,0.94056114771489,2.18217737707296,0.610792616575132,-0.230075729421995,-1.11749960355766,2.69630574182771,-1.13830693525114
comm.and.crime_point_0845,comm.and.crime,regression,0.18,0.163089880262889,anomaly,-1.0174414932053,-0.171897892729153,-0.0598300184254683,-0.99803595765547,-0.629843707397574,0.804312163562517,-0.209122814638054,-0.361398252209622,-0.993697780500602,-0.79314444928836,-0.758320357815209,2.04723883447099,0.0462183158830917,0.682832724400303,-0.578534219371668,-1.24733984493714,-0.840584712680936,0.0242203876949048,1.54860473803558,-0.305119864602728,1.61581649168886,-0.633910484386522,-0.472248714197789,-0.631940707748796,-0.181232442057388,0.160791516024035,-0.421455927079768,-0.416640719459369,-0.121200695287352,-0.275847723670213,-0.261565132142186,0.329221661157051,-0.964061379851424,-0.709945487718708,-0.580759143448198,0.314329357834215,-1.20027610690721,0.0943903614790845,-0.866055464123419,0.815279974671134,-1.05139184148357,0.698935090445236,0.793692452841512,-1.40851568053963,-0.252097771813259,-0.245486398509103,-0.109861346897478,0.0893771570848711,1.53340994349732,1.44549106869194,-0.241958561604024,-0.739281849167541,-0.115382978305131,-0.274823379056414,-0.334821036824805,-0.442074950479027,-0.60459956684596,-0.260247250082155,-0.305189645631236,-0.315851368525389,-0.352941863045931,0.370686525614054,-0.275750193055373,-0.59830836089083,-0.586710071414878,-0.897080987655194,-1.42111577700285,0.136833510943376,0.494208949624305,-0.315607286918777,1.53508403950952,-1.23321624918318,0.353469022904782,-1.0800134318184,0.817012170494165,-0.709594525404054,-0.970100277440667,1.10046903104586,-0.100797767182985,-0.790417551201081,-0.600152808018174,-0.662904928792817,-0.760637999705362,0.153294134393461,-0.107308819079628,-0.253594384688952,-0.0192231644959594,0.117254540572726,0.321698862402212,-0.642890116301655,-0.189444898148642,0.0719288462359772,-0.153813933172513,-2.19691132091088,-0.303554212051806,0.117572123049754,-0.865344382458832,-0.230503261067549,0.133665832754111,-0.531248663028845,-0.391348688885798,-0.639972682963453,-0.792274708693406,0.649357240929522,0.625555741065352,-0.838906555258306,-0.870490792834442,-1.00826650825885,-0.115382978305131,0.0610890712128745,-0.152304562810898,0.601034142128082,-0.599701730718649,0.247859743337919,-0.735958731452675,-0.70339391206371,-1.16384090018251,1.64447452283125,-2.03852624696021,-0.531713688779321,-0.658393792953314,-0.391348688885798,-0.504578098615964,-0.321861540250354,0.115083578304395,0.50318915590782,0.837417660326429,0.85572211589946,1.13620597443694,-1.09939376855715,-0.352747691465246,-0.324717903551093,0.0283387432671127,1.03450568696218,-1.23504806525446,-1.1288425117501,1.18000319046612,0.845289154649251,3.0313168319037,-1.56531543697313,0.682832724400303,-0.883719295584461,0.223523394233582,0.0986025896090331,-2.02244104562969,0.874849771726638,-1.15854224368551,0.749003691009788,0.130487161211004,0.550490584094985,-0.286904425214791,-0.307399221155361,0.599295314969896,-0.01206212920031,-0.721826356680434,1.20219260362464,-1.05012998614479,0.227256913815765,0.391542377989094,-1.32629482034895,-0.713534013953022,0.40046092821602,0.0227368042754491,-0.316872478427771,1.23819966399899,-1.24095793621434,0.913181366273366,-0.212278938005688,1.52018284755307,0.851679982545541,0.738571636676679,-0.230075729421995,0.0435102601731493,-0.576459764357761,0.617322065653698,-0.305555362163633,-2.08003855826945,-0.550930207394384,-0.718130441861903,-0.814033550969433,0.299837597034825,0.806954409675075,-0.472248714197789,-1.0800134318184,-0.660482479245224,-0.333979422149212,-0.000739682945828393,0.208310841536264,0.866885962628837,-0.267933252874971,-0.78049817719312,-0.288220510132573,-0.708705024057152,0.637869761172835,0.672757321452404,0.424690178217426,0.589585501005203,-1.56531543697313,-0.333979422149212,-0.700054714702294,1.88066081790389,-2.1436806295739,1.17890481923791,0.0242203876949048,-0.265657561852559,-0.350646997593453,-0.734789774559444,0.640243746967722,0.600118860823686,-0.444866529913555,-1.2458191169842,0.726172755495118,0.776626262341248,1.04269324481136,1.11702334614895,-0.669300457399169,-0.810486469238678,3.27642718339475,-0.382231429342107,-0.933198174429091,-0.0536383847421805,0.511849510519854,-1.21739747899386,0.343388026162328,0.677650524933283,0.130487161211004,-0.533031194213599
comm.and.crime_point_0630,comm.and.crime,regression,0.17,0.671333489924566,anomaly,1.60490102371564,-0.519882053238727,-0.375024355916575,-0.448305952557865,-0.314189707384816,0.517473225955383,-0.0654979378108623,-0.576459764357761,-1.25143682954853,-1.62901145578789,-1.17872928478763,1.76819839289887,-0.343626531286471,0.682832724400303,0.56780287909846,-0.208593694559321,-1.18354111324217,2.04589051594031,1.37581220011629,-0.75529301296961,1.25774379948753,0.576640997688553,0.574277109441232,0.492231312994358,0.226708603941165,0.889055645386725,0.243808994474351,2.15053449068482,-0.433845179637909,-0.888608530066145,0.0196502920983885,-0.510251474836759,0.995849945765856,-1.30350158940051,-0.580759143448198,-0.0315444440301896,1.2504674445999,-1.01157020939818,1.60318924046321,-0.883719295584461,-0.709389340354984,-0.899514259070941,-0.894699910017088,-1.020402605573,0.63909628175923,0.917566476161884,1.21585698484158,0.507116509507333,-1.13544611760276,0.532464993547459,-0.333979422149212,-0.869747200724323,-0.230075729421995,0.227256913815765,-0.0503586817209869,-0.243561843564225,-0.142989533805432,0.248676924481902,0.0756289735106192,-0.0201670357368324,0.0303266032630535,0.15029504965412,-0.366776744657462,-0.700054714702294,-0.639146084251652,-0.779122631666902,-0.534613396479251,-1.44794492557797,1.05233782929991,-0.744267573836537,-0.261932944397787,0.726172755495118,-0.444061083654919,0.569266126325109,0.871006677585685,-0.801434429577986,-1.23467066795639,0.0250464516485512,-1.04789614836431,-0.402623346342877,-0.243685682371009,-0.231018230755544,-0.165532189896924,0.518053685682914,0.609441243151654,0.95469044940847,0.636808449280568,0.412240099369111,-0.319074498087268,0.18787525574614,-0.286904425214791,-0.226875569169311,0.278835217266183,0.494832130186732,0.799273698727645,0.965361918229619,0.648116453102006,-0.504578098615964,-0.161767018358061,-0.269302611080399,-0.391348688885798,0.318544239792525,-0.706240902341621,-0.217427187171022,-0.561556462298257,0.703099168932851,0.627044535799378,-0.951202378562316,-0.34476848053886,0.277067099578957,0.24714434506481,0.0610890712128745,-1.55215513657527,0.0272941611820292,0.294997464739033,1.3153972372028,0.872638442876987,-0.730091762955347,0.869105939717259,-0.708705024057152,-0.559632247542278,-0.391348688885798,-0.504578098615964,-0.504578098615964,-0.802823042251458,1.32377388217864,1.08212161042621,1.14301836776899,0.775426071093047,0.99496661054505,-0.44849760935004,-1.23504806525446,-0.0119374178694681,-0.993332151729983,1.49594241985563,-0.388045418306067,0.299068970106906,-2.55580110554962,-0.808924961997834,0.682832724400303,0.682832724400303,0.870086402743895,2.34677380202284,-0.724578192305735,-0.524905716995868,0.24714434506481,-0.29844216900797,-0.541331503936429,-0.695793398648614,0.94751679792459,-0.286904425214791,1.54970625001278,-1.3278567205898,-0.165584803405107,-0.483006127832491,0.0510141976217214,-1.33128639204901,1.77914145542068,-1.83644275594213,-0.976145788122707,-1.01991441715099,-0.189330851725441,-0.883183386419734,-1.34276811316667,-1.29867614164992,0.6889909076497,2.75187737823837,0.481892202524582,-0.121200695287352,0.314887655461491,-0.277522937462631,-0.115382978305131,-1.0002125522811,0.670897006101448,-0.546787652615503,-0.305555362163633,-1.3888684065923,-0.4325599573896,1.44975500815455,1.19335246862428,-0.388045418306067,-0.453822940289352,-0.786206461289495,-0.822313500858473,0.72448175801232,-0.241958561604024,-0.649707912297875,0.636971128454024,0.444479772930899,0.294983219209284,3.44356371978626,1.03318082040625,1.35619388751754,0.682832724400303,-0.253594384688952,-0.0208937288415306,-0.450140894829368,0.682832724400303,0.402187462212296,0.877013769375391,0.148795440142343,-1.19475403007165,0.0145655943380156,-0.76198466217831,-0.499564470154296,-0.546622083628446,0.1226841919104,-0.485189123949481,0.302349200451482,-0.444866529913555,0.394604191085821,-1.23321624918318,-0.429402032904556,1.04269324481136,0.629145668582266,-0.393103207388005,-1.41373768971719,0.914832475982277,1.22972191624619,3.46778515277508,-1.15249049956315,0.223861947321042,-0.624470961512025,-0.230075729421995,1.13926055797381,0.478394765362422,0.828839223120861
comm.and.crime_point_1610,comm.and.crime,regression,0.06,0.040907198268017,nominal,1.60490102371564,1.22003874930914,-0.375024355916575,-0.0207381708152835,-0.669300457399169,0.927243136822718,-0.544247527234835,-0.619472066787389,0.166127940215069,0.460656060460939,0.0824974961296363,-1.41286264102328,-0.265657561852559,0.682832724400303,0.137926467172162,1.43153180603724,0.139290717494029,1.03505545181761,-1.3888684065923,-0.575223753622857,-1.90523164829091,0.0218049017374774,-0.105964675924132,-0.257216700834412,0.57637235765421,-0.506783935891765,-0.882023949694159,0.5119120161247,-0.35568405855027,-0.801071272009583,-0.636519031129619,-0.954678429186424,-0.390428796743927,-0.907797521612643,1.60269237076024,0.660203159698619,-0.744323818254725,0.49655784179809,-0.221904671622559,-0.774106439438939,-0.310386422371632,-0.785339305534071,-0.785771370477824,0.143936619326893,0.787628624021312,0.917566476161884,0.575855031588241,0.924855861929795,1.35548620609065,1.16017042020929,-0.333979422149212,-0.739281849167541,-0.34476848053886,0.227256913815765,-0.42964182185941,0.848260244467189,0.267330495563925,-0.684350728885536,-0.728321444677741,-0.696016939253532,-0.693624944209472,0.811469477533919,-0.412290020458506,-0.852674245419489,-0.7440181099252,0.0465858602511433,1.17506976595912,-1.1309892382737,0.392730971501469,-0.553751890761977,-0.261932944397787,0.726172755495118,-0.444061083654919,1.03312600205297,-0.100894450061688,-0.939194285838884,-1.7108973708847,1.01443522469408,-0.800827005447445,-0.644994724379254,-0.466477635900487,-0.576527589185363,-0.633115326174983,-0.257060360807173,-0.441792181454227,-0.495251351508437,-0.581535976304412,-1.53466458868703,-0.425870058168848,-0.850581459313604,-0.286904425214791,-0.226875569169311,-0.846052573874427,1.18000319046612,-0.138130025434889,0.416792050760294,0.698565147620701,-0.321861540250354,-0.506438677988928,-0.574906338353587,-0.391348688885798,0.0903259248506256,1.01443522469408,1.43734308465729,1.26857485122064,0.287943781650617,0.339056972600567,0.988978031119698,0.343388026162328,0.871006677585685,0.874849771726638,-1.93670769117339,-0.282217262099776,-0.524119794207697,-0.349350157880785,-0.851110337619796,-0.328362195337591,0.77218486682801,0.432961111715639,-0.94469347109426,-1.1522015200085,-0.391348688885798,-0.413219819433159,-0.321861540250354,0.0610890712128745,-0.533338919381635,0.00542422998716656,-0.465840642700386,0.414646167749156,-0.414699029235275,1.84950041988503,0.282168870917816,-0.13276590127921,-1.15775143594827,-0.688849968232438,-0.22930318399663,0.25012818008695,0.271611279434983,2.08310898155765,0.682832724400303,0.682832724400303,1.47295711154427,-0.602185097684464,0.22524578682669,-0.121723128517532,0.646593252940519,-0.107308819079628,0.203092646994081,0.173975611729931,-0.491703227207728,-0.286904425214791,-0.0889162245473447,-0.41781270379772,-0.882023949694159,0.0423983756329848,-0.52457500537974,0.0276362364880784,0.592406217722805,0.441053158743122,-1.23875756229239,-0.188310465613652,0.990252708157481,-0.430223291072143,0.709023156311124,1.17920255223971,-1.84751328714304,0.740803615151647,-2.24139457955571,0.0351215468879261,0.207529190044681,-0.35568405855027,-0.34476848053886,0.695837017957058,0.885958518249587,1.09354876858201,0.948245147585665,-0.755295767554917,-0.314189707384816,-0.888160673235742,0.0311816151752862,0.987720612375717,-0.375024355916575,-0.786206461289495,-0.152293680362675,0.279314681750966,-0.241958561604024,-0.94469347109426,-0.363236207687417,-0.696016939253532,-0.4726301518147,-0.738257558223326,0.788476870306472,0.176251652332003,0.682832724400303,0.229719548950016,0.112781443276156,1.23322565080756,-1.56531543697313,-0.241958561604024,0.826140592469659,0.697923486749661,0.465867519057289,-0.244176455639738,0.192692898382022,-0.343626531286471,-0.252659454575957,-0.331272613867753,-0.710275698132921,0.897888521195889,-1.00211120091324,-0.308434369515615,0.726172755495118,0.881498288014796,0.707844714924821,0.629145668582266,-0.708757207400764,0.396015971718339,0.201898224687947,2.74685447679989,0.550854342883945,0.155666779985624,-0.58250322963563,0.413150444081187,-0.115382978305131,1.24184056531615,-0.347885794497196,-1.1887465803376
comm.and.crime_point_1590,comm.and.crime,regression,0.11,0.124774377690903,nominal,1.17800805584479,0.87205458879957,-0.217427187171022,0.46791072260481,0.908969542664623,-0.465974560126219,-0.400622650407643,-0.232361344920738,0.230562702477051,-0.166244194413711,-0.397969848981704,-1.41286264102328,-0.109719622984733,0.682832724400303,0.94991524525517,1.70488605613666,0.776209747107756,-0.0880946194298402,-1.79205099507064,-0.98037958715305,-1.18908626388824,0.828839223120861,0.46962452707733,0.492231312994358,0.518095065368702,0.585612258152271,1.77903573652232,0.402670517820692,-0.35568405855027,-0.932377159094426,-0.964603692743623,-1.00405920189194,0.517822793176276,-0.709945487718708,1.71761087150805,-0.575060418388539,-0.402359601765361,-0.860757404278554,0.744321517128731,-0.33565501485685,-1.05139184148357,0.0709728459924523,-0.132200133242237,0.208622131821331,0.63909628175923,0.675263793938761,0.712998307285384,0.872638442876987,1.71133368090399,1.78787584687111,-0.241958561604024,-0.43486269553505,-0.230075729421995,-0.868190997905353,-0.856335354515137,-0.938357717766034,-0.348149548490111,-0.641940381005198,-0.64369508486844,-0.653776320283739,-0.565868788773144,0.546999706382,-0.503316572060594,-0.496562007079367,-0.324530007231007,0.69535681818675,0.921783371523802,0.0840075630593312,0.595686927747142,-0.267978366150136,-1.24739387105663,0.726172755495118,-0.178217714801685,-0.152293680362675,0.49304512794504,-0.847354381664952,-0.176389105893484,1.65968877233247,-0.430223291072143,-0.402623346342877,-0.154568900959218,-0.231018230755544,-0.250547305583844,0.244484022215825,-0.0117421441154574,0.0283387432671127,-0.0192231644959594,-0.94469347109426,0.695483322687741,-0.0717389230187961,-0.286904425214791,-0.226875569169311,-0.586463083611209,0.396950550146819,-0.854968167441532,0.167442111001511,0.294975591471144,-0.0477867027019386,-0.555677486507623,-0.531248663028845,-0.391348688885798,0.0446822618622457,1.10046903104586,0.176565734692862,-0.314241419930838,-0.838906555258306,-1.04328333075373,0.36127260445787,-0.230075729421995,0.763017663402644,-0.0952404331143684,2.05888583359914,0.0881812846222431,0.854415094266617,0.681606038310923,-0.900349146138491,0.402681671401718,-0.293946934953727,-0.972394445178469,-0.94469347109426,-0.609013020247796,-0.391348688885798,-0.504578098615964,-0.321861540250354,1.30296273431785,-0.61971625898909,1.18000319046612,0.568425864029928,0.311566195365187,-1.17994609083031,-0.209122814638054,-1.23504806525446,-0.69663215719134,-0.116429302565806,0.221480193470925,-0.864272121234376,-0.728687620312182,0.886266145735984,-0.951156139549743,0.682832724400303,0.682832724400303,1.47295711154427,-0.66116427567861,-0.977864586741049,0.511849510519854,-0.665881730079667,-0.537358856418398,-1.48426876178174,-0.869747200724323,-0.342818397021626,-0.286904425214791,-0.635123716067385,1.4558073307742,-0.626152826019497,-0.769590402450023,-0.367596131833887,0.496230246328455,0.683693543699564,-0.499651675583395,0.0305326795277526,0.293144453697438,0.40046092821602,0.763944233026054,0.115083578304395,-1.23967902989064,-0.468978398668724,0.510966613656022,2.88479230436013,-0.121200695287352,1.28111384421278,-0.121200695287352,-0.230075729421995,0.391417864324567,0.756921610960703,-0.70552988692494,0.808933979835743,-0.294515666436819,-0.550930207394384,1.53477012384147,0.823570833435961,0.352751675137971,0.255364319065638,-0.210617258288034,-0.616153556090535,0.180388664803999,-0.333979422149212,-0.885696359334983,2.92315932534874,1.92290143687368,-0.216759028140039,-0.696016939253532,-1.85432579077118,0.412240099369111,0.682832724400303,0.632481160315823,-0.421919245194591,-0.796716360107558,-1.56531543697313,-0.333979422149212,-0.29306929945644,-0.189129511616007,-0.957522380196087,0.0145655943380156,-1.6043472156139,-0.187688592418646,3.47086718008891,-0.734789774559444,-0.665258383296233,0.600118860823686,-0.514522113788516,-0.449042081635903,0.726172755495118,0.304702146810281,0.317188096723854,-1.20039562229281,1.89538829270449,-0.659673664119051,-0.600152808018174,1.79864662645383,-1.34259197230855,-0.472248714197789,-1.3888684065923,2.98249868650247,-0.34476848053886,0.0621704808792462,-0.565328047091832,2.64466644623347
comm.and.crime_point_0220,comm.and.crime,regression,0.06,0.109526873771445,nominal,-0.346609686551107,-1.21585037425788,-0.296225771543798,-0.692630399267912,-0.669300457399169,0.927243136822718,-0.400622650407643,-0.576459764357761,-0.284915395618803,-0.0269330266637888,-0.157736176426034,0.484612361667126,-0.187688592418646,0.682832724400303,-0.14865780744537,-0.0445811444996654,-0.546622083628446,0.417322912631512,0.454251997880092,-0.170067920092664,1.01902867135331,-0.129514033521907,-0.105964675924132,-0.257216700834412,0.692926942225224,0.646300935599162,-0.67732705075443,1.16736100594875,-0.35568405855027,-0.538459497839898,-0.823995980623335,-0.757155338364351,-0.103612505190179,-0.660482479245224,0.568425864029928,-0.970344763376429,-0.0603953852759968,-0.358048053879797,-0.221904671622559,-0.33565501485685,0.259617746176014,0.185147799529322,-0.0232715937029722,-0.761660555595246,-0.00454386804312309,-0.148565325619854,0.210139629729191,-0.641666709654437,1.41479411855954,1.27429867960235,-0.241958561604024,-0.608816497610759,-0.230075729421995,-0.639972682963453,-0.90374574703244,-0.789472887579932,-0.194279537476602,-0.557119685244521,-0.60138190496379,-0.569295082344151,-0.438112633336816,0.635156296765973,-0.594343123662683,-0.801801068513758,-0.7440181099252,-0.602185097684464,-0.534613396479251,-0.602729759433253,0.0882970371329595,-0.696638653067897,0.317749953636827,-1.23321624918318,-0.37760024144161,0.620806112517094,0.00709456412135369,-0.75551447749102,0.564407987550553,-1.22244374045233,-0.883183386419734,0.0336451341226025,-0.0654521195474263,-0.101452221344363,-0.208039747740384,0.198889078304643,0.179391205812885,0.189443387813436,0.168214439440191,0.0582574288134486,0.321698862402212,0.55133510601705,-0.286904425214791,-0.226875569169311,-0.456668338479601,0.641654500246602,0.578708116571755,0.566402014615565,0.345424285989838,-0.321861540250354,-0.358722252432842,-0.0946719097814345,-0.391348688885798,3.1028076820837,-1.22244374045233,-0.375024355916575,-1.45189061482096,-0.30513534303829,-2.3104286088285,0.703657382637049,-0.34476848053886,-1.28877360607514,-0.894138248865786,0.0610890712128745,1.46394731530403,0.578708116571755,-0.671523969190694,-0.112528209839365,0.611551347612948,-0.87547337228922,-0.00318371628598076,1.06120832872116,-0.0164437477815769,-0.391348688885798,-0.139144981884744,-0.230503261067549,-0.316872478427771,-0.317395570362999,-0.728687620312182,1.14301836776899,-0.564613569898551,0.0686149044036935,-0.735747363004424,0.282168870917816,1.47828054418402,0.705667118525611,-0.628161290785547,1.62268954961346,1.32682556052599,-0.629882524473152,0.091872495830922,0.682832724400303,0.682832724400303,2.07582782034464,-0.543205919690318,-0.218005403435109,0.454251997880092,0.0759519559752211,-0.394008843972142,-1.63315359196784,-0.608816497610759,-0.0450487366494222,-0.286904425214791,-0.198157722851353,0.224571308055511,-0.626152826019497,1.42755570295106,1.93476068017196,1.2928400630571,0.272900576804145,1.87686580060991,-0.363384981726775,-1.15122030423583,1.58004448809894,-0.7596488149613,-0.100894450061688,1.88716789335104,0.90955648980559,0.798262865525553,0.962472222891692,-0.433845179637909,1.442151542338,-0.35568405855027,6.19271833312243,-0.695793398648614,0.41282319152368,-1.60506921467841,-0.79314444928836,0.68464204843914,3.23691779275872,-0.505592652644603,-0.391425967897073,-0.176389105893484,-0.453822940289352,-0.786206461289495,0.363106181557171,0.72448175801232,-0.241958561604024,1.23819966399899,-0.125091603844216,-0.738257558223326,-1.64963732071814,-0.569295082344151,1.37576635054595,-1.23967902989064,0.682832724400303,0.99496661054505,-0.778386370841756,-0.895737921615612,-1.56531543697313,-0.333979422149212,0.673521061752464,0.106554821172549,0.703099168932851,-0.56760401811193,0.417322912631512,-0.499564470154296,-0.742597169663439,0.1226841919104,-0.620241068459545,-1.98055152906875,0.460656060460939,0.535211903206109,0.726172755495118,-0.376966020067782,0.596228538295973,1.60490102371564,-0.708757207400764,0.446286906758215,-0.3328024637828,-0.998566532067046,-0.779675500224294,-0.210617258288034,0.972629611637952,0.0178660990932967,-0.115382978305131,0.0621704808792462,-0.652304948129686,0.173123836996862
comm.and.crime_point_0681,comm.and.crime,regression,0.38,0.0569163668403416,anomaly,0.629145668582266,-0.519882053238727,-0.375024355916575,-0.753711510945423,3.23691779275872,-3.08850198967716,-0.496372568292438,-0.576459764357761,0.101693177953087,-0.235899778288672,-0.277853012703869,-0.631549404621351,-0.343626531286471,0.682832724400303,-0.435242082062902,0.611469055738957,-0.791590941172187,-1.77281972630101,-0.640100742275393,0.505191802457658,0.243204504917087,-0.533031194213599,-0.367596131833887,-0.257216700834412,0.284985896226672,0.828366967939835,0.0902863202695546,0.730395012732716,-0.35568405855027,-0.188310465613652,-0.58964979375619,0.0329370249239415,-0.868455949333508,1.26857485122064,0.396048112908209,0.462560987204673,0.623533047702732,0.999267192196847,-0.651338533289799,1.63737639576255,0.202617329321249,2.9253466844142,2.53654908546974,-0.438232993123054,-2.3315505634824,-2.13544731984946,-2.76129801037559,-2.73036347176675,1.35548620609065,2.13026062505029,-0.149937701058835,1.82653673144917,-0.34476848053886,0.866268195653084,0.897849168625072,0.500862307366285,0.626360521262113,-0.387478293723169,-0.432129185345187,-0.484813844404564,-0.480698018482259,0.635156296765973,-0.548829847861638,-0.445688830173635,-0.429402032904556,-0.484226741696171,0.161924188217862,-0.549903811549208,-0.77426577691115,-0.315607286918777,0.201813374029904,0.726172755495118,-0.37760024144161,0.363106181557171,-1.01880107061754,1.08128360598762,-1.23467066795639,-0.147021161055019,-0.677292433989011,-0.548046173164703,-0.600152808018174,-0.662904928792817,-0.760637999705362,0.198889078304643,-0.155092156561714,-0.334146706962114,-0.300379570400185,-1.06268769461281,0.588687762606162,0.343643763005101,-0.286904425214791,-0.226875569169311,-0.629727998655079,0.299068970106906,0.90955648980559,1.66354174955421,1.35439817636373,-0.504578098615964,0.478337492384979,1.73895045385769,-0.391348688885798,0.957555521629844,0.584266192935153,-0.296225771543798,3.14816917321302,-1.78783315476056,-1.56166094451159,-0.0952404331143684,-0.34476848053886,0.601034142128082,-0.494689340990077,-0.532850506793854,0.141095362725389,-0.579261189746669,0.359432227001014,-0.851110337619796,0.402681671401718,-0.00318371628598076,-1.89314463762633,1.65117944631393,0.0329370249239415,1.31465113574732,-0.504578098615964,-0.413219819433159,-0.748828535159937,-0.835659608007726,1.32682556052599,-0.523299893074292,0.00232627821327909,-0.575803673781598,0.509001569497905,1.43525374240874,-0.69663215719134,-1.32217072016655,-0.0819631937635291,0.723150221859989,-0.239279720112616,-0.0971816403456179,-0.287410644307502,-1.56531543697313,-1.56531543697313,-1.8154285728214,-0.0713724957371486,0.0986025896090331,-0.294515666436819,-0.152304562810898,-0.632925531382569,-1.68278186869654,-0.521839596572905,-1.38501220832434,0.785150372512844,-1.01746896013141,-0.0430886968833349,-0.0632363539352424,-0.626298265141257,0.260319362349526,0.215073840424229,1.32270482553688,1.48077955457769,-1.10745167520755,1.95635235677211,0.813315174175043,-0.924361576905879,-1.01880107061754,-2.1246357062798,0.247859743337919,-0.408381392326479,-0.959847858576748,0.0351215468879261,0.475925353586706,-0.199361816374992,-0.34476848053886,-0.956724101762177,-0.40441055463925,-1.07592843364696,1.01790073146063,-0.697698254915155,-0.393103207388005,0.599603851285354,-0.127296228476849,-0.335131340202921,-0.138628602798245,-0.472248714197789,0.672346098709078,-0.808871504665675,-0.241958561604024,1.06120832872116,-0.172720524612857,-0.738257558223326,-0.267933252874971,-0.189129511616007,-0.728687620312182,1.4741881110361,0.682832724400303,-0.817460640601083,-0.243685682371009,0.787628624021312,-1.56531543697313,0.218145741121919,-0.445688830173635,0.359998534991312,0.287943781650617,-0.891031580584123,-0.425039640804075,-0.343626531286471,-0.546622083628446,-0.684350129472983,-0.530206438786169,0.203092646994081,0.251689308836056,0.535211903206109,-1.23321624918318,0.252266133973507,-1.9151354358531,-1.6882732998595,-0.274732957383221,0.194932231558836,-0.956619933665339,0.945259561142375,2.64899755701617,-0.0536383847421805,0.281459459960805,0.363739900957701,-0.34476848053886,-0.50201955950362,-0.0434666408647052,0.223563482083323
comm.and.crime_point_0313,comm.and.crime,regression,0.2,0.123880046931788,anomaly,0.324222120103087,-1.21585037425788,0.176565734692862,-0.875873734300447,-0.35364645738641,0.435519243781917,-0.209122814638054,0.111737074516285,-0.800393493714657,-0.584177697663477,-0.518086685259539,1.26592559806906,0.280125224184829,0.682832724400303,-0.100893761675781,-0.809973044778059,-0.840584712680936,0.192692898382022,1.203019662197,-0.26010254976604,1.31742258152108,0.1226841919104,0.155666779985624,0.0639753050922037,-0.472618903484926,1.13181035517429,-0.0632363539352424,0.129566772060671,-0.043039574199713,-0.363384981726775,0.347734953712392,0.674887070095679,-0.533836942520802,-0.0669263775634199,-0.408381392326479,-0.229186616524135,-0.801317854336286,0.194932231558836,-0.329263137039369,-0.554880727147895,0.544619830449837,-0.728251828765636,-0.622378561168927,-0.308861968134177,-0.153076210305205,-0.00318371628598076,0.347282905426335,-0.432797033443206,-1.55060150488499,-0.665881730079667,-0.0579168405136468,-0.217420442940414,0.228695275045463,-0.274823379056414,-0.192589859272896,-0.144305290106824,-0.142989533805432,0.163856228721226,0.202568513224571,0.275517297051724,0.28583891413571,-0.687192558993624,0.406948943960289,-0.29306929945644,-0.376966020067782,-0.602185097684464,-0.15468380482628,-0.338600020013028,-1.484611623771,-0.220349445381496,1.01336943127836,-1.23321624918318,-0.111756872588377,0.620806112517094,-1.61274064862427,0.39248432468313,0.723150221859989,-2.03976490079429,-0.430223291072143,0.0336451341226025,0.602923741041008,0.719132504926456,0.642111409128814,-0.257060360807173,-0.107308819079628,0.108891065540274,-0.159801367448073,-1.3576732534092,0.214903302320632,1.07056346354692,-0.286904425214791,-0.127274097367549,0.62495453761714,0.690595290266559,1.62639463181223,1.36432182184367,0.79946253665809,-0.504578098615964,3.33418838646931,3.48525746684733,1.64752915030988,-1.05076564985887,-0.319088773758589,-0.453822940289352,-0.165852394510387,-2.32160436698057,-0.697698254915155,0.133016085671751,-0.34476848053886,-0.694834028068417,1.16017042020929,-0.910812056434499,-0.0705609496871936,0.0272941611820292,-0.0271763465708762,3.77733766313757,0.454899090454526,-2.66851322074032,-0.148565325619854,-0.35472235350149,-0.164586065898132,-0.391348688885798,-0.139144981884744,0.134929855663671,0.43905062085352,0.416811816300365,0.641654500246602,-1.38518864868289,0.672346098709078,-0.173042062415791,0.461126610555507,2.16351787177143,-1.01884144628399,0.0479899816524777,-1.23504806525446,-1.7108973708847,-0.777628410332139,0.35356526160845,-0.619283391928622,-1.56531543697313,-1.56531543697313,0.212409265870761,-0.484226741696171,0.478532181262003,-0.294515666436819,1.73081171717458,1.61289133027545,-0.0946770133781229,2.18096542220705e-05,0.699375414281087,0.00547415598365529,-0.635123716067385,-0.471344704785489,-0.370281702344836,-1.00841063129797,-0.472248714197789,-0.722114179256525,0.227256913815765,-1.04427026387769,-0.363384981726775,1.21228566329134,-1.13299769963178,-0.965539767392024,-0.26287797133625,0.0582574288134486,-2.34378584699379,1.83252937225587,0.321698862402212,0.504088273413761,0.207529190044681,-0.35568405855027,-0.34476848053886,0.217464062248858,-0.576459764357761,-0.388045418306067,-1.21107795253813,-1.21607586867302,-0.669300457399169,0.0895131571638354,0.0311816151752862,0.352751675137971,-0.217427187171022,-0.262943549469985,-1.44079333516229,-0.264778411457355,-0.241958561604024,-0.236728129982936,0.208310841536264,-0.653776320283739,0.550854342883945,-0.358091987495182,-1.31597710055166,-0.767702135816429,0.682832724400303,1.84076599441325,-0.822944761547652,0.441053158743122,0.682832724400303,-0.241958561604024,0.164789292695146,-0.484813844404564,-0.127211605631618,0.855477256765716,0.978897948255237,-0.499564470154296,-0.595615855137194,3.14906289709809,-0.350137179439416,1.6423126721264,0.59996722821086,-0.777126743249906,-1.23321624918318,-0.0623499430471371,1.26592559806906,1.17800805584479,-0.35364645738641,-0.659673664119051,-0.912061542959443,-1.09338731710165,-1.59846309598321,-0.315269840651936,-1.8496485077104,-1.16798693587037,-0.34476848053886,0.216040491892755,0.434906314843494,0.274003127169785
comm.and.crime_point_0097,comm.and.crime,regression,0.45,0.0630904152381062,anomaly,-1.38334975138032,-1.56383453476745,-0.217427187171022,-0.875873734300447,-0.590386957395979,0.271611279434983,0.556876528440302,-0.232361344920738,-0.284915395618803,-0.305555362163633,-0.277853012703869,0.317188096723854,-0.499564470154296,-1.56531543697313,-0.912882539758789,-1.30201069495703,-0.644609626645943,-0.200409626554585,0.511849510519854,2.03578050690505,0.660955979151975,-0.785229419645906,-0.419922423015838,-0.471344704785489,-0.705728072626956,-0.567472613338656,-0.67732705075443,-0.362019970307365,-0.121200695287352,0.818368002036808,-0.402172844262473,-0.164586065898132,-0.390428796743927,0.971796800379738,-0.925514645691636,-0.673881504635512,0.395556903376489,-0.0564224436405426,-0.436621602456179,2.02102139227188,0.145616912466485,1.89777210258237,1.99190638777342,-0.56760401811193,-0.994759483123667,-0.778552299399972,-0.612720024453672,-1.32049315734094,-0.720290730320524,-0.780009989472726,-0.241958561604024,-0.391374245016123,-0.230075729421995,-0.320467042044794,-0.619283391928622,-0.293190120292925,0.267330495563925,-0.345067945842831,-0.432129185345187,-0.358091987495182,-0.18260032246416,0.41476482080604,-0.0936970898511967,-0.0387034149277808,-0.272093994394233,-0.838101809661048,-1.16782938256753,-0.232948124244939,-0.977221733156823,0.208310841536264,1.01336943127836,-1.23321624918318,-0.311139399228302,0.363106181557171,-0.856817549342979,1.03536365390065,-0.282217262099776,-1.22244374045233,0.0227368042754491,1.58482195355542,-0.377360854488696,-0.403772909970454,-0.420577536957683,-0.485035080363082,-0.489575518936313,-0.495251351508437,-0.628395377288449,1.29719677575826,0.0547099621982618,-0.74673578780763,0.687690845446696,0.370733261641266,-0.240343763260253,0.00542422998716656,-0.524119794207697,-0.0819078287572736,0.345424285989838,-0.321861540250354,0.0351882157167206,-0.443933312379363,-0.391348688885798,0.683693543699564,0.111080258000336,0.0189685659473083,0.0319996393835476,-2.02506480463612,0.396654485240329,-0.209368692507428,-0.34476848053886,-0.26287797133625,0.703657382637049,-1.39676262025819,-0.282217262099776,-0.303554212051806,1.32595366093074,-0.358722252432842,0.141594576137679,0.239118965937142,-1.26315766384622,0.530234322887664,-1.20158229271402,-0.391348688885798,-0.504578098615964,-0.139144981884744,0.223072592487436,-0.533338919381635,-1.2670363105317,0.683344364777741,0.826966057285032,-0.777184479464502,4.0517485312353,-0.324717903551093,0.310271871223178,0.376828550089045,-0.688849968232438,-0.546787652615503,-0.0924573500527467,0.517473225955383,0.423745243452043,0.6153882795591,0.682832724400303,-0.33565501485685,-0.484226741696171,0.0986025896090331,0.799837073718665,-0.551753470686607,-0.632925531382569,0.203092646994081,0.478394765362422,2.1385954394134,-0.286904425214791,-1.34519345504344,0.974019321884281,1.21611926443806,0.758859062176815,0.103340488803673,-1.09698938712883,0.0903259248506256,-2.08399665971227,-0.232079094641932,-1.01991441715099,2.58269051399943,-0.430223291072143,-1.01880107061754,-0.708705024057152,-1.07553374959742,-0.178544390830854,-0.158881157964898,4.49030544888336,0.798000749837136,3.31788863256877,-0.000690227188266011,-0.782770299686468,-0.576459764357761,0.617322065653698,-0.584177697663477,-0.121723128517532,1.18516679267579,-0.888160673235742,-1.07816329038966,2.15183033064492,0.0189685659473083,3.29524425090269,1.03312600205297,2.40622404611077,-0.333979422149212,-1.65265881220558,1.2085181776777,-0.484813844404564,-0.165584803405107,-0.653776320283739,1.32682556052599,1.82817078159176,-1.56531543697313,-1.38132689651321,-0.600152808018174,-0.351119333321313,-1.56531543697313,0.0341040200315418,-0.29306929945644,2.80995443523935,-1.01683029266498,-0.1794909431453,0.0242203876949048,-0.343626531286471,0.286272032020273,-0.633910484386522,-0.710275698132921,0.897888521195889,0.182033724961094,-1.10521140486391,-1.23321624918318,-1.05863418694584,0.707844714924821,-1.38334975138032,0.356575042642296,1.5019765425956,-0.822944761547652,-1.04597692458435,-0.165584803405107,0.46962452707733,0.454251997880092,0.610792616575132,-0.230075729421995,-1.52781963292701,0.739325468475985,-0.886108709818829
comm.and.crime_point_0428,comm.and.crime,regression,0.76,0.00457654540469724,anomaly,0.995053926757281,-0.867866213748302,-0.217427187171022,-0.692630399267912,1.93484504270609,-1.16258340860069,-0.639997445119629,-0.576459764357761,0.166127940215069,-0.0965886105387498,0.142555914268554,1.32173368638348,-0.187688592418646,0.682832724400303,-1.10393872283714,-1.0286564448576,-0.693603398154691,-0.930457172865427,1.54860473803558,0.46017448762097,-0.0551894052506902,-1.03742764507821,-0.838532752471447,-0.524876705773258,-0.764005364912463,-0.506783935891765,-0.728501275489362,-0.635123716067385,-0.121200695287352,0.94967388912165,1.47259665067469,1.36621788797293,-0.486034227261844,0.576092732591868,-0.925514645691636,1.15430859093348,0.0535926868871247,1.3008928024361,-0.651338533289799,0.596054262380089,0.373618579885543,0.527672660139931,0.630299643532615,-0.438232993123054,-1.73742119443407,-1.79622356473708,-1.43557967863653,-1.58158025260498,0.940330818808414,1.21723454990582,0.0341040200315418,1.69607137989238,-0.34476848053886,0.318544239792525,-0.0977690742382896,-0.342818397021626,-0.758469577859468,-0.684350728885536,-0.728321444677741,-0.738257558223326,-0.736210329354915,0.811469477533919,-0.548829847861638,-0.0387034149277808,-0.167221968720685,-0.838101809661048,-1.23115098117636,-0.0216443327087585,-0.926482744095404,-0.0298337623069365,0.839464561867979,-1.23321624918318,-0.178217714801685,-0.358453625130612,-0.748828535159937,-0.112635148273496,1.04063469047886,-0.147021161055019,1.75222080469353,-0.499571897557428,-0.867503152253548,-0.792470938203999,-0.760637999705362,-1.26014912685317,-1.15854224368551,-1.01884144628399,-1.00327058516075,-0.590710800538598,-0.212278938005688,0.343643763005101,-0.189444898148642,-0.127274097367549,-0.846052573874427,0.935299240366342,-0.138130025434889,0.616272002567322,0.496770369545922,-0.321861540250354,-0.260244635395451,-0.487590987704104,-0.391348688885798,2.82894570415342,1.65968877233247,-0.453822940289352,-0.957260530086126,-0.30513534303829,-2.19523358354898,-0.494689340990077,-0.115382978305131,-0.370866985519292,0.532464993547459,-1.1807845918921,0.246923518931679,0.358142534415864,0.810475562834887,2.3986510246141,-1.58158025260498,-0.633170690066098,0.966027012606508,-1.12168480637209,-1.30034383812505,-0.391348688885798,-0.230503261067549,-0.504578098615964,-0.316872478427771,3.18088668373891,-0.924450780392009,-0.638218393822105,-0.822313500858473,-0.978565285147405,-0.687872404062027,0.100102838577144,-1.46187921878637,-1.65100928860312,-1.23504806525446,-1.49924105847212,-2.29479290095079,0.517473225955383,0.945259561142375,0.682832724400303,0.682832724400303,-0.0616228744930443,0.105565038245289,-0.407970199261594,-0.928088305474204,-0.209368692507428,1.27840796790085,-1.38501220832434,0.695837017957058,0.997145074653291,-0.286904425214791,-0.416640719459369,2.1517233436152,0.65320279235381,-0.912882539758789,-0.681553878925593,-0.581535976304412,-0.731260008940213,-0.697694798599504,0.0743013085560334,-1.15122030423583,0.69535681818675,-1.08907433885046,-2.96260332591229,-1.47566747692775,0.247859743337919,0.453507363282115,1.12266556301406,-0.35568405855027,0.153849957336276,-0.121200695287352,0.343388026162328,3.26165559857376,-0.40441055463925,2.20474440874806,-0.0965886105387498,1.14542214955724,-0.629843707397574,1.32223233462417,-0.549903811549208,1.25229100289144,-0.0598300184254683,-0.210617258288034,-1.23463339039435,-0.264778411457355,-0.0579168405136468,-0.35472235350149,0.636971128454024,-0.358091987495182,0.499680118149013,-0.44257322543477,-0.875509990372052,-0.177731018223659,0.660351242786569,-1.42160305764979,-1.00117832437123,0.391542377989094,0.30064753696682,-0.333979422149212,0.317408823412342,-0.484813844404564,0.228635869181726,-0.56760401811193,-1.88513473342576,-0.0317506535508209,0.629228432581511,-1.08786729016467,-0.98037958715305,-1.28575565486694,-0.862800033163321,-0.730257505876477,0.726172755495118,-0.429402032904556,0.875268979868092,1.17800805584479,0.47494529264708,1.45170560755573,-0.0654521195474263,-0.240000251790199,-0.933198174429091,-0.681553878925593,1.03022712427771,-1.36562910836432,-0.34476848053886,-1.73297964761169,1.0872330726274,0.425322062429169
comm.and.crime_point_0085,comm.and.crime,regression,0.03,0.042423472837972,nominal,1.05603863645312,-1.56383453476745,-0.453822940289352,1.13980295105744,-0.669300457399169,0.640404199215584,-0.304872732522849,-0.533447461928133,3.71003986462407,3.52550175095922,3.98629467515928,-1.24543837608001,-0.499564470154296,-1.56531543697313,-1.34275895168509,0.939494155858268,2.98092946500143,0.305007905506768,-0.985685818113966,-0.620241068459545,-1.60683773812313,-0.93654835490529,-1.25714308192706,-1.38138872157757,-0.356064318913911,-0.870916000573111,-1.08672084863389,-1.45443495334745,-0.277522937462631,2.26273275997008,-0.402172844262473,-0.855916883775387,1.71289067465023,0.32877769022445,-0.465840642700386,-1.8103239964757,3.18826467137296,-0.961299274358306,0.798000749837136,-1.70581571667588,3.22363942262377,-1.52747650352372,-1.65719968679194,-0.632289530606369,-0.351119333321313,0.0452768201586437,0.301568480193953,-0.746101547760053,0.406559606588398,0.4183367341544,-0.333979422149212,0.0869987106920766,-0.34476848053886,3.1028076820837,3.0313168319037,2.73413476015781,2.1650606313972,-0.0906058585608025,-0.305189645631236,-0.400332606464976,-0.480698018482259,0.723312887149946,-0.503316572060594,-0.394815653267903,-0.586710071414878,-0.95606016564934,-0.15468380482628,-0.972511394621568,-0.875743755033986,-0.363236207687417,0.549623112850672,-1.23321624918318,-0.444061083654919,0.620806112517094,-1.1807845918921,-0.709594525404054,0.194009440828534,0.197114064352121,-0.100797767182985,-1.17821175605928,-0.778386370841756,-0.792470938203999,-0.803145557548822,-1.03217440729726,-1.06297556872134,-1.05911760742057,-1.23756759008094,2.35914478742525,-0.212278938005688,-0.642890116301655,-0.286904425214791,-0.226875569169311,-0.716257828742818,-0.141398140072703,-2.28864445145482,-3.12397709381444,-1.62207480023925,-0.504578098615964,0.182904641272807,-0.70587936432781,-0.391348688885798,3.1028076820837,-0.620207095989836,-0.453822940289352,-1.15511256398006,-0.838906555258306,-0.409710691716343,-1.63597193492067,-0.34476848053886,-0.20888346424473,0.4183367341544,-0.694834028068417,-0.599701730718649,-0.082988629895916,-0.0271763465708762,-0.407961060951538,0.0893771570848711,1.59601398638663,-0.584710153621474,0.353242987609834,-0.609013020247796,-0.391348688885798,-0.230503261067549,-0.504578098615964,1.57293526977546,0.805509844533911,0.837417660326429,-0.178544390830854,-0.10075369417069,0.310271871223178,-0.592122486177232,-1.23504806525446,-1.30077457424005,1.36334425539874,-0.0819631937635291,-1.76381144898785,0.494832130186732,0.558450217042117,-0.240000251790199,0.480499389876695,-1.56531543697313,0.102796409725239,-0.0713724957371486,0.161924188217862,-0.697698254915155,0.589529123243989,-1.01519223123925,0.94751679792459,-0.217420442940414,-0.0450487366494222,2.05212422437278,0.5119120161247,0.492231312994358,-1.08672084863389,0.758859062176815,-0.210617258288034,0.589949048296531,-0.274823379056414,1.38175799306964,0.643293485923684,-0.757302642981302,-0.602185097684464,-0.800827005447445,-0.370866985519292,-0.649707912297875,-0.413837003129751,1.31539611889071,0.695483322687741,-0.121200695287352,-0.436621602456179,-0.433845179637909,-0.115382978305131,1.43514067677882,0.0257124696570293,-1.28758474605954,0.878589563710704,1.54860473803558,-0.4325599573896,-0.123024632053464,0.348137302479556,0.0881812846222431,-0.453822940289352,0.417298235895379,-0.152293680362675,-0.611019470771741,-0.333979422149212,-0.94469347109426,-0.220349445381496,-0.696016939253532,0.806725466558606,-0.653776320283739,-0.288220510132573,2.06415922862887,-1.18313024953964,-0.65635599605476,-0.421919245194591,-1.2423133868938,-1.56531543697313,-0.333979422149212,-0.547435183985099,1.7961795799643,-0.720290730320524,1.04953379424903,-1.04277217999017,-0.265657561852559,-0.644609626645943,0.274003127169785,1.45055541402811,-1.33538393159564,0.0427225572111723,0.582081140579538,0.726172755495118,-0.272093994394233,1.26592559806906,0.0192985716239078,-0.629843707397574,-1.21265394955768,-0.956619933665339,-0.0977690742382896,-0.984372399164023,-0.52457500537974,-0.870490792834442,-0.0315444440301896,-0.000690227188266011,0.780230532275621,-0.260908893459341,-0.331272613867753
comm.and.crime_point_1031,comm.and.crime,regression,0.2,0.0751850712007962,anomaly,1.17800805584479,0.176086267780421,-0.296225771543798,0.528991834282321,1.57973429269174,-1.16258340860069,-0.592122486177232,0.0257124696570293,-0.0271763465708762,-0.0269330266637888,-0.397969848981704,-0.798973669564622,-0.265657561852559,0.682832724400303,-0.14865780744537,0.884823305838383,1.0211786046515,-1.09892968355255,-0.812893280194679,-0.485189123949481,-1.12940748185469,-0.23039332369483,-0.52457500537974,-0.41781270379772,-0.12295514977188,-0.0212745163166381,-0.933198174429091,-0.307399221155361,-0.277522937462631,-0.188310465613652,0.0196502920983885,0.131698570334978,-0.486034227261844,-0.215315402983871,1.02809986702118,-0.525649875265053,-0.0603953852759968,-0.156964313720294,-0.651338533289799,0.541247834307328,-0.823390174064514,0.984372474287411,0.848156722611144,0.467364181799085,-0.202586991059232,-0.245486398509103,-0.384147898291766,-0.328362195337591,2.12648906818623,2.24438888444335,-0.241958561604024,0.130487161211004,-0.34476848053886,-0.776903671928593,-0.951156139549743,0.10383609353668,-0.0916995301342629,-0.684350728885536,-0.686008264773091,-0.569295082344151,-0.608454173918587,0.41476482080604,-0.366776744657462,0.113916115789414,0.252266133973507,0.69535681818675,0.60517537847966,0.717918937667871,0.0375580480715412,0.351197603842184,-0.319901234201248,0.726172755495118,-0.244678557014993,-0.409993611322597,0.0610890712128745,1.08128360598762,0.458579831344262,1.10046903104586,0.0639149947615938,0.615336441409908,-0.600152808018174,-0.61971625898909,-0.633115326174983,0.198889078304643,-0.0595254815975429,-0.253594384688952,-0.0660825654799971,-0.118733906464382,0.588687762606162,1.1744091350529,-0.189444898148642,-0.226875569169311,-0.716257828742818,0.739536080286516,-0.358695607590779,0.716011978470835,0.849911231176784,0.134929855663671,-0.851110337619796,-0.574906338353587,-0.391348688885798,0.774980869676324,1.01443522469408,-0.375024355916575,-0.858334513139159,-0.245827430569399,1.31821468747653,1.27429867960235,-0.34476848053886,2.38285287614827,0.475400863850929,0.655028649219603,-0.388045418306067,-0.082988629895916,-0.0271763465708762,0.379859875347588,-0.0672751000735523,-0.87547337228922,0.0937373566032682,-2.53761548859474,1.21807556985638,-0.391348688885798,0.0435715764808665,-0.413219819433159,-0.424861492610813,0.546377825711547,-0.630806040272269,0.568425864029928,0.569266126325109,-0.857736801737663,-0.496372568292438,0.160791516024035,1.55883286645718,0.102796409725239,-0.567472613338656,-0.017646871584048,-0.630806040272269,0.927243136822718,-0.145179466755593,-1.56531543697313,0.682832724400303,1.30853782732598,-0.484226741696171,-0.218005403435109,0.454251997880092,2.01613236565723,-0.346225506490056,-1.88129497561135,-0.91323565124325,0.451234030637584,-0.286904425214791,-0.0342954753953406,0.0639753050922037,-0.67732705075443,-0.0531297159061927,0.260319362349526,-1.09698938712883,-0.137892390091274,1.6788226775938,-1.10745167520755,0.643293485923684,0.754335996180896,-0.883183386419734,0.00709456412135369,-0.413719465260767,0.358142534415864,0.453507363282115,-0.0520855978833183,2.7707607849553,-1.56388548933269,-0.277522937462631,-0.34476848053886,-0.608816497610759,-0.490435159498505,0.564407987550553,-0.514522113788516,1.14542214955724,-0.590386957395979,-0.845653115392282,0.400963250363601,-0.22930318399663,-0.375024355916575,-0.210617258288034,0.981586015860986,-0.660482479245224,-0.241958561604024,-0.472716577020044,-0.696638653067897,-0.400332606464976,-0.4726301518147,-0.78049817719312,1.18000319046612,-1.53466458868703,0.592906797945366,-0.817460640601083,0.424690178217426,0.342031597235068,0.682832724400303,-0.241958561604024,-0.750927891608026,3.10563876802791,-0.36444325550718,-0.1794909431453,0.866582941130492,2.69716327663612,0.482247118055266,-0.734789774559444,0.190070598600841,0.500862307366285,-0.932455617038282,0.0665195294718176,-1.23321624918318,-0.586710071414878,0.596228538295973,1.60490102371564,-0.629843707397574,0.295474101638588,-0.110010510253322,0.234103673382831,-0.984372399164023,1.04521373007879,0.454251997880092,0.660203159698619,-0.115382978305131,-0.0916995301342629,-0.608816497610759,-0.533031194213599
comm.and.crime_point_0921,comm.and.crime,regression,0.45,0.0284359497261737,anomaly,-1.0174414932053,-0.171897892729153,-0.453822940289352,-1.91425263281814,0.47494529264708,-0.015227658172151,-0.544247527234835,-0.318385949779994,-1.63804540312042,-1.62901145578789,-1.11867086664871,3.21920868907389,-0.343626531286471,0.682832724400303,-0.578534219371668,-3.05147789559335,-1.28152865625967,0.529637919756257,3.0461400666694,-0.170067920092664,2.69003456829286,-0.432151904040676,0.155666779985624,0.33163531003105,-0.647450780341448,-0.0819631937635291,-0.574978601284565,-1.01746896013141,-0.35568405855027,-0.0132359495005283,-0.167826657395328,-0.0164437477815769,-0.486034227261844,-0.413167436877806,-1.95978115242195,-1.16798693587037,-0.00340134919443606,-0.609402729079175,-0.436621602456179,1.36334425539874,-0.709389340354984,0.527672660139931,0.902620992380776,-2.24942734296733,-1.09378104463172,-1.21469712740159,0.0729963540320473,-1.00718864302409,0.0507121317750543,1.44549106869194,-0.241958561604024,0.434906314843494,-0.230075729421995,-0.731260008940213,-0.856335354515137,-0.69021633412253,-0.60459956684596,-0.429888641603507,-0.474442365249838,-0.358091987495182,-0.310356477900488,0.41476482080604,-0.321263468856418,-0.59830836089083,-0.7440181099252,-2.07666454753812,-2.62422615057059,-0.972511394621568,-0.114658919112713,-0.125091603844216,2.28867180695451,-1.23321624918318,-0.0452960303750682,-2.78083297615389,0.115083578304395,-0.479994764969224,0.299837597034825,1.01443522469408,0.105093185247738,-0.1602519683065,-0.511036026606383,-0.490150249577908,-0.505592652644603,-0.0290856412512651,-0.0117421441154574,-0.0522135790060488,0.0276362364880784,1.17920255223971,-0.479267838209638,-1.36980981684348,-0.0919853710824933,-0.226875569169311,-0.0672841030847741,-2.24585211093084,-0.303554212051806,-0.480867732371328,-1.11758785505231,-0.504578098615964,-0.0140505928019747,-0.70587936432781,-0.391348688885798,-1.14205297583563,0.670299999286939,-0.138628602798245,1.46642688511458,-0.127211605631618,0.396654485240329,0.24714434506481,-0.34476848053886,-0.370866985519292,-0.380561081597017,-0.26287797133625,-0.22930318399663,-1.5166649139092,-0.671523969190694,-0.0140505928019747,1.39481263340506,-0.0516442527306052,0.432961111715639,0.766222769924772,0.625506297390161,-0.391348688885798,-0.321861540250354,0.0435715764808665,0.49304512794504,2.96494333472027,0.00542422998716656,-0.293462891578667,0.46618615394114,-0.69663215719134,0.317501733728316,-0.506783935891765,-1.17994609083031,-0.8289128675117,0.464234903258489,-0.176389105893484,1.13106240044617,0.845289154649251,0.897849168625072,-1.56531543697313,0.210721610511883,1.08931211503494,-0.484226741696171,0.60517537847966,-0.00652810323800724,-0.323496951900488,-0.824058881310911,-1.13687082468084,-0.826258750205395,1.5926843953977,0.492771791314399,0.23880827036468,0.117507306079973,-0.984372399164023,-1.00841063129797,0.364971944713428,0.777386652232682,-1.46155861675429,-0.747205579353531,1.12474840523477,0.511987598838842,-0.95606016564934,0.722766042539909,1.84290780523306,1.29719677575826,-1.5166649139092,0.625885114403834,1.28285890313643,-0.35568405855027,1.38847230962959,-0.35568405855027,-0.230075729421995,-0.956724101762177,-0.619472066787389,-1.07592843364696,0.59996722821086,-1.73445348243088,2.92126379274596,-0.760637999705362,3.14791254033394,0.670236143756844,-0.375024355916575,2.35337100962757,0.981586015860986,-1.50135362329445,0.0341040200315418,-0.295725241742213,-0.458494049224697,-0.611535701313945,2.08608108493191,-0.738257558223326,-0.435042880192443,1.41519099927682,-1.56531543697313,-1.22022225196689,-0.154568900959218,-0.153076210305205,0.682832724400303,-0.241958561604024,-0.750927891608026,-0.696016939253532,0.406559606588398,0.337993156810208,0.698110430443375,0.747939040788304,0.433253346546518,0.0218049017374774,3.07117874814888,-0.541331503936429,3.52550175095922,-0.683388268503048,0.726172755495118,0.147394108299959,0.540420449981549,-0.224640267159436,0.198748042635917,-0.860757404278554,-0.243685682371009,2.8890856543518,0.602028567618877,0.364971944713428,-1.15847835603325,-0.229186616524135,1.14623728398038,0.523780513919773,-0.565328047091832,-0.432151904040676
comm.and.crime_point_1738,comm.and.crime,regression,0.19,0.416167963527729,anomaly,0.812099797669774,1.22003874930914,-0.453822940289352,0.712235169314856,0.356575042642296,-0.015227658172151,-0.209122814638054,-0.533447461928133,-1.12256730502457,-0.444866529913555,-0.818378775954126,-0.408317051363656,-0.343626531286471,0.480499389876695,0.615566924868049,1.15817755593781,-0.350646997593453,0.305007905506768,-0.928088305474204,-0.710275698132921,-0.353583315418467,0.374882417342708,0.0510141976217214,0.0639753050922037,-0.181232442057388,-1.23504806525446,-0.01206212920031,1.76818924662079,-0.35568405855027,-0.62599675589646,-0.58964979375619,-0.559632247542278,-0.00800707467226295,-1.15511256398006,0.453507363282115,0.610792616575132,-0.117389421357558,0.345745036678463,-0.060866973497344,0.979699258889417,-0.310386422371632,-0.328639491386592,0.249049755145189,0.143936619326893,0.589585501005203,0.578342721049512,0.255854054961572,-0.485014452496014,-0.245827430569399,-0.0952404331143684,-0.241958561604024,0.304440963286713,-0.34476848053886,-0.639972682963453,0.186693280865528,0.500862307366285,1.03668055063147,-0.557119685244521,-0.389816005440537,-0.358091987495182,-0.267771092755045,0.546999706382,-0.594343123662683,-0.343942476362171,-0.219657981557459,0.40046092821602,0.351888984044347,0.189659458827421,0.595686927747142,-0.553751890761977,-1.18942558125317,0.726172755495118,-0.444061083654919,0.826966057285032,0.601034142128082,-0.0207952440995638,0.352751675137971,1.01443522469408,-0.924361576905879,-0.790417551201081,-0.0208937288415306,-0.0582635515406352,-0.123024632053464,0.700433461327641,0.370524555741227,0.269995710086597,0.730527251248644,-0.0597367947051054,1.17606334305485,0.707103613276012,-0.286904425214791,-0.226875569169311,-0.49993325352347,0.739536080286516,0.137576952259974,0.0178321471462401,0.194078202433754,-0.413219819433159,-0.604916295026319,-0.181987260430917,-0.391348688885798,-1.46155861675429,0.584266192935153,-0.453822940289352,-0.215315402983871,1.47410203102843,-2.08003855826945,-0.152304562810898,-0.34476848053886,1.84290780523306,-0.494689340990077,0.115083578304395,-0.335131340202921,0.303001138876892,-0.413784920142767,-0.309483443914147,-0.380579614390398,0.239118965937142,-2.66851322074032,-1.29867614164992,-0.21396683860365,-0.391348688885798,0.226288134846476,-0.504578098615964,0.115083578304395,-0.835659608007726,0.152246600047036,-1.78740340130023,0.260026209173202,-0.69663215719134,-0.0654979378108623,-0.14265187121042,-0.817460640601083,-0.00681644642028318,0.828366967939835,0.670236143756844,0.641654500246602,0.804312163562517,-0.524462606894016,0.682832724400303,0.592906797945366,1.08931211503494,-0.95606016564934,-0.281327002043937,-0.352113179076581,-0.494689340990077,1.37397464286502,0.451234030637584,-0.565328047091832,-1.13687082468084,-0.286904425214791,0.23880827036468,-0.631940707748796,-1.59846309598321,-0.817354448219611,-0.367596131833887,1.57399646896132,-0.0922487271028942,-0.0540546487971503,-0.275847723670213,0.380681711753999,0.40046092821602,-0.594936053016721,0.331061606670478,1.41519099927682,-0.193271420973861,0.453507363282115,1.01587000293248,-0.35568405855027,0.261208422753086,-0.433845179637909,-0.34476848053886,-0.260908893459341,-0.275373647350366,-0.652615808821794,1.99307890571008,-0.640100742275393,-0.590386957395979,1.06718698756341,-0.761207603085388,1.14646284668515,-0.453822940289352,0.888234856532939,1.08466598824495,-0.116389386036903,-0.241958561604024,-1.12168480637209,-0.649009732299257,-0.484813844404564,0.0902863202695546,-0.400332606464976,-0.826569200352095,0.766222769924772,0.682832724400303,-0.736908318327921,0.38013178751153,0.243010035727013,0.682832724400303,0.0341040200315418,0.164789292695146,-0.696016939253532,-0.483059080444962,-0.826346068089685,0.248850401944395,-0.499564470154296,-0.889578484189684,-0.23039332369483,-0.845327642642986,-0.0946770133781229,-1.55935587191293,2.36311216076984,-1.23321624918318,-0.48183804574133,0.540420449981549,0.629145668582266,-0.669300457399169,-0.860757404278554,-0.733827980135861,-0.619283391928622,3.46778515277508,-0.472248714197789,-0.985685818113966,-0.871523677129457,-0.230075729421995,-1.01491959621532,2.08746743456273,-0.381712258954214
comm.and.crime_point_1544,comm.and.crime,regression,0.35,0.047118252241646,anomaly,0.0192985716239078,0.87205458879957,-0.453822940289352,0.651154057637344,3.23691779275872,-3.08850198967716,-0.639997445119629,-0.576459764357761,0.746040800572905,0.530311644335899,0.202614332407471,-0.798973669564622,-0.343626531286471,0.682832724400303,-0.578534219371668,0.775481605798612,-0.98756602720718,-1.32355969780203,-0.409710691716343,0.775295691477787,-0.234225751351356,-0.734789774559444,-0.838532752471447,-0.257216700834412,-0.356064318913911,-0.264029226104202,-1.34259197230855,2.42363823644484,-0.277522937462631,0.468218969810561,0.253996478965534,0.576125524684642,-1.20307495614621,2.25783502069031,0.0512926106647712,0.759024245945591,-0.402359601765361,1.0998090622766,-1.45652702391587,1.08931211503494,0.82962191472366,2.12612200965611,1.77404930869489,0.984848281754593,-2.23252900197435,-2.18390785629408,-1.93843835619273,-2.36484153839709,1.82994950584177,1.78787584687111,-0.149937701058835,1.78304828093024,-0.34476848053886,-0.822547334916973,0.328924458417437,0.451234030637584,-0.0916995301342629,-0.726761076765874,-0.686008264773091,-0.653776320283739,-0.693624944209472,0.767391182341933,-0.548829847861638,0.826140592469659,0.881498288014796,0.990252708157481,0.60517537847966,1.29900436439237,0.392730971501469,0.208310841536264,0.607591402654133,-1.23321624918318,-0.37760024144161,-0.461533597514582,0.601034142128082,3.65280092285772,0.141095362725389,-0.620207095989836,-0.512579672044432,-0.887366102415632,-0.822944761547652,-0.922036947615181,-0.973175788922662,-0.485035080363082,-0.537358856418398,-0.535527512645018,-0.253520169416148,0.176251652332003,-0.799654518454378,-0.850581459313604,-0.286904425214791,-0.226875569169311,-0.846052573874427,0.935299240366342,0.90955648980559,0.217312098953267,1.05170600925156,-0.504578098615964,-0.112528209839365,0.298247168141235,-0.391348688885798,-1.23334030181239,0.111080258000336,-0.375024355916575,-0.957260530086126,-1.31336985500943,0.339056972600567,0.589529123243989,-0.000690227188266011,-0.532850506793854,-2.37780562097556,-1.72072966280731,0.141095362725389,-1.24095793621434,1.51925794771669,-0.900349146138491,0.193811995190487,-0.4393285442876,0.190658429492517,0.530234322887664,-1.20158229271402,-0.391348688885798,-0.413219819433159,0.865796089126112,-0.316872478427771,-0.749282268400272,0.0543650200071232,0.625885114403834,0.46618615394114,1.55883286645718,-0.209122814638054,0.464234903258489,0.551928838042662,1.1441185431077,-0.81022732312622,0.141095362725389,-1.46279947061153,0.681381190302317,-0.0977690742382896,-1.56531543697313,-1.56531543697313,-0.445267871002372,0.40046092821602,0.351888984044347,1.14542214955724,-0.0952404331143684,0.418307893223313,-0.0946770133781229,-0.347885794497196,1.09640162811069,-0.286904425214791,-1.12671045843542,-1.16726071762649,3.46778515277508,-0.0531297159061927,0.0510141976217214,1.19912126108902,0.227256913815765,-1.48986729066394,-1.06368304617927,-0.538459497839898,0.223523394233582,-0.965539767392024,1.35695724140937,-0.295725241742213,-0.0278472343569434,1.88998862262977,-0.425870058168848,0.738571636676679,0.422246120878301,-0.35568405855027,-0.230075729421995,-0.956724101762177,-0.490435159498505,-0.493873574512357,0.251689308836056,-1.96484353298993,2.6056097927332,-0.463085094801143,-0.338600020013028,-0.864272121234376,-0.138628602798245,1.14986631244269,-0.306913638938628,-0.413167436877806,-0.0579168405136468,-0.531713688779321,-0.0298337623069365,-0.738257558223326,-0.216759028140039,-0.696016939253532,-0.337161300152529,0.825219881684049,0.682832724400303,-0.978565285147405,-0.243685682371009,-0.103565429551178,0.345610500194289,-0.241958561604024,0.724394238658196,-0.527054463374357,0.525175431526179,2.08450199416005,0.0242203876949048,-0.343626531286471,0.874197290125252,2.24114928554178,-0.0800332904192877,-0.491703227207728,-0.166244194413711,-0.308434369515615,0.726172755495118,-0.901326148435522,0.149763831780583,-1.20039562229281,0.593315542651865,1.70306028275511,-0.778386370841756,1.4193634863154,-0.267933252874971,0.678929691805134,-0.524905716995868,2.63662488463807,0.114002523928599,0.626360521262113,-0.695793398648614,0.526201352602092
comm.and.crime_point_0009,comm.and.crime,regression,0.53,0.207072650955495,anomaly,-0.468579105942779,-1.56383453476745,-0.217427187171022,-0.753711510945423,0.0803777926311325,0.35356526160845,-0.639997445119629,-0.619472066787389,-0.284915395618803,-0.305555362163633,-0.337911430842786,0.317188096723854,-0.187688592418646,0.682832724400303,-0.912882539758789,-0.481947944658748,0.335265803529022,-0.874299669303055,0.454251997880092,0.730278376641099,-0.293904533384912,-0.835669064732367,-0.629227587743642,-0.739004709724335,-0.589173488055941,-0.628161290785547,-0.319107477609904,-0.908227461827405,-0.121200695287352,0.643293485923684,0.957035039566971,1.02055247903431,-0.916258664592466,0.922333791906255,-0.408381392326479,0.956666418439536,-0.459353637846922,1.25062186739623,-0.812376231415014,0.870086402743895,-0.994391424628807,0.984372474287411,0.957085262150409,-0.761660555595246,-0.499651675583395,-0.342407471398352,-0.384147898291766,-0.58944929060163,0.881022906339523,0.646593252940519,-0.149937701058835,0.173975611729931,-0.34476848053886,-0.913834660893733,-1.28302888717086,-1.63315359196784,-1.52781963292701,-0.769171424646212,-0.770634624582392,-0.78049817719312,-0.778795714500358,0.899626067917892,-0.639856399463727,-0.750927891608026,-0.691582097088426,-0.66116427567861,-0.724578192305735,-0.391425967897073,-0.317614875358386,-0.410865128456057,0.839464561867979,-1.23321624918318,-0.244678557014993,0.00232627821327909,-0.316872478427771,-0.709594525404054,0.299837597034825,0.0250464516485512,1.25808251885979,-0.111777692699224,-0.867503152253548,-0.835659608007726,-0.803145557548822,-0.940984519474898,-0.967408893757168,-1.05911760742057,-1.09698938712883,-0.649707912297875,-1.70741677914781,-0.227507430277758,-0.189444898148642,-0.226875569169311,-0.889317488918297,0.837417660326429,-0.303554212051806,0.815751954374349,0.496770369545922,-0.230503261067549,-0.309483443914147,-0.531248663028845,-0.391348688885798,-1.18769663882401,-1.22244374045233,-0.296225771543798,-0.611019470771741,1.71133368090399,1.03022712427771,0.36127260445787,0.687466279512922,-0.532850506793854,-0.551753470686607,1.14097921304329,0.881892456169426,-1.62694770498715,-0.0271763465708762,-0.70339391206371,0.141594576137679,-2.2323683927387,1.40217184060813,-0.649707912297875,3.04516415996056,-0.391348688885798,-0.321861540250354,0.500362972394892,-0.478855999702333,-0.706093598596545,1.32682556052599,1.37285536926462,-0.306913638938628,0.753309643725566,-0.496372568292438,-0.506783935891765,0.43110035463292,-0.8289128675117,1.61731977474942,1.09354876858201,-2.29479290095079,-0.138158631432351,0.70820759855586,0.660351242786569,0.682832724400303,-0.609687155220656,-0.838101809661048,-0.281327002043937,-0.985685818113966,-0.0381763034178386,0.22717454329497,-0.491703227207728,-1.04370100280003,-1.48426876178174,-0.189444898148642,-0.143536973699349,0.599295314969896,-0.574978601284565,-0.817354448219611,-0.576901296561691,-0.675254778272487,-0.0922487271028942,-0.252097771813259,-0.976145788122707,-1.01991441715099,-0.366268385707879,-1.00671795787817,1.57293526977546,0.23524876409128,-0.303554212051806,-0.00616663970913513,1.06926778297327,-0.277522937462631,-0.866055464123419,-0.277522937462631,-0.34476848053886,-0.869747200724323,2.52042601057545,0.246923518931679,-0.584177697663477,0.16626443468128,0.159291292634322,-0.675622884018443,-0.127296228476849,-1.02301435554381,-0.375024355916575,0.260319362349526,-0.66769354228252,-0.264778411457355,-0.333979422149212,1.41519099927682,0.160681920767624,0.402239153961105,0.192634769739419,3.44356371978626,-0.581865250252313,0.176251652332003,-1.56531543697313,-0.65635599605476,1.31585799233534,0.29252081648104,0.413054945035492,-0.333979422149212,-0.649181537796562,-0.78049817719312,-1.37267776747832,-0.955717093078561,-0.200409626554585,-0.0317506535508209,1.0211786046515,-0.93654835490529,-0.170067920092664,-0.64058805739383,-0.305555362163633,-1.05834216749048,0.726172755495118,-0.48183804574133,0.428804273352702,1.5439163140198,-0.629843707397574,-0.0564224436405426,1.04850764809996,-0.477052214376713,0.960248140763403,-0.943185334835349,-0.524905716995868,0.264918814710728,-0.34476848053886,-0.0916995301342629,-0.217420442940414,-0.331272613867753
comm.and.crime_point_0875,comm.and.crime,regression,0.35,0.0367622507503717,anomaly,-0.956456783509466,-0.171897892729153,-0.0598300184254683,-1.54776596275308,0.869512792663029,-0.465974560126219,-0.209122814638054,-0.361398252209622,-0.54265444466673,1.64480098633528,0.863256931935564,-0.631549404621351,0.0462183158830917,0.682832724400303,-0.483006127832491,0.611469055738957,-0.252659454575957,-0.818142165740683,-0.985685818113966,-0.485189123949481,-1.12940748185469,-0.432151904040676,0.103340488803673,0.278103309043281,-0.239509734342896,0.160791516024035,-0.574978601284565,-0.471261468611373,-0.043039574199713,0.293144453697438,-0.355303606889044,-0.362109156720205,0.42221736265836,-0.264778411457355,0.740803615151647,-0.772702590882484,-0.858311890417847,-0.760215534198803,0.0464914919194661,1.58256996768979,1.05762358214272,1.9548595793508,1.77404930869489,-1.14977363056188,-0.895737921615612,-0.827012835844596,-0.475576748756528,-1.63379767165778,0.347251694119508,0.190080215368281,-0.0579168405136468,0.391417864324567,-0.230075729421995,0.820624532664704,1.3245427012808,1.6919409488551,2.01119062038369,-0.00578516280012634,0.0756289735106192,0.106554821172549,0.158082758699382,0.370686525614054,-0.230236917254329,-0.496562007079367,-0.691582097088426,-1.48687276759666,-1.29447257978519,-0.814033550969433,-2.09347949250802,-0.267978366150136,1.65102061911644,-1.23321624918318,0.619312391758016,-1.69849326612221,-2.09869121244796,-0.388154860795292,-1.23467066795639,1.27253664374943,0.310984137678462,-0.305674795128326,-0.421919245194591,-0.360584240166726,-0.123024632053464,0.335673910038188,0.179391205812885,-0.0119374178694681,0.215073840424229,0.23524876409128,-0.212278938005688,-0.487121609042694,0.102933683049804,-0.0276726255657857,-0.283608678304122,-0.924450780392009,-1.90265468268201,-2.1265773347793,-2.88329216320662,-0.0477867027019386,-0.260244635395451,-0.400275637054622,3.7696264931462,1.23141749956012,-0.964342321396976,0.176565734692862,2.80192811389864,0.999638731277305,-1.50406343187183,0.133016085671751,-0.115382978305131,1.03299019886025,-0.780009989472726,0.601034142128082,1.51686139340717,-0.248412816512834,1.26151889866876,-0.900349146138491,-0.746101547760053,-1.89314463762633,-1.84468410118171,2.89011879325874,0.230460115746014,-0.391348688885798,-0.230503261067549,-0.595936377798769,-0.640839520976896,0.460000486104092,-0.630806040272269,-0.23600364120476,0.46618615394114,0.149167226676855,-0.592122486177232,-0.385406580997984,-1.34105073537663,-2.25387999740349,0.464234903258489,0.141095362725389,-1.6096218406714,0.763335172475784,0.044462103313619,-1.56531543697313,0.682832724400303,-0.0616228744930443,-0.95606016564934,0.668496977088488,-0.0641256158777693,0.532464993547459,1.27840796790085,1.04677335138199,3.13119024701698,-0.193933566835524,0.882609899578993,-0.198157722851353,-1.97024073244303,0.0902863202695546,0.997679291024758,-0.105964675924132,-1.00327058516075,-0.959478323882113,0.540074720251176,-0.0132359495005283,-0.713534013953022,-0.189330851725441,0.187449566220028,-0.370866985519292,0.825219881684049,-1.29609933175331,-0.121085140456948,-1.2268367587807,-0.199361816374992,-0.275583904330964,-0.121200695287352,-0.115382978305131,-0.13044354190256,3.16561054701986,-0.123475027790339,-0.653833281538438,0.742239561078903,-0.669300457399169,-0.378069979114223,0.348137302479556,-1.76381144898785,-0.138628602798245,-0.681553878925593,0.517726140133124,-0.759408496192192,-0.333979422149212,0.766222769924772,-0.315607286918777,1.16257029541739,0.0391120955346223,0.106554821172549,0.788476870306472,-0.177731018223659,0.682832724400303,-1.09939376855715,0.825715694570486,0.143988474218959,0.547943834717897,0.0341040200315418,-0.191322945644976,-0.189129511616007,-1.13544611760276,0.726106231776839,1.31584296962947,4.41248060418219,-0.742597169663439,-0.633910484386522,-1.11543153166311,-0.392446673750327,-0.584177697663477,-0.261565132142186,0.726172755495118,-0.324530007231007,-0.687357492935775,0.263237410407251,-0.235276207381626,0.948996257156972,1.80600029010019,-0.0977690742382896,2.34195220860657,-0.681553878925593,0.108666922041517,0.51197153032816,-0.34476848053886,0.575070517590943,-0.347885794497196,1.23235638381255
comm.and.crime_point_1708,comm.and.crime,regression,0.38,0.0744886415902764,anomaly,1.3609621849323,1.22003874930914,0.0977671503200851,0.406829610927298,2.72398004273798,-1.81821526598842,-0.639997445119629,-0.576459764357761,-0.156045871094839,-0.375210946038594,-0.458028267120621,-0.0176604331626889,-0.0317506535508209,0.120795684056945,-0.578534219371668,-0.317935394599092,1.80507894879147,-1.09892968355255,0.281459459960805,0.865330321151163,0.60127719711842,-0.58347083930006,-0.629227587743642,-0.150152698858873,-0.647450780341448,0.221480193470925,2.34195220860657,0.730395012732716,0.191443789063205,0.643293485923684,1.37885817592783,1.21807556985638,-0.868455949333508,0.427703707171417,-0.465840642700386,0.51197153032816,-0.3453655656838,0.898725322117096,-0.651338533289799,0.267215693943522,-0.367386839226397,-0.157377061081287,0.0311926760666601,0.402678669304647,-0.648184017845477,-0.972394445178469,-0.658434449686053,-0.746101547760053,0.228635869181726,0.24714434506481,0.402187462212296,1.82653673144917,-0.34476848053886,-0.320467042044794,-0.334821036824805,0.302349200451482,0.216040491892755,-0.726761076765874,-0.728321444677741,-0.696016939253532,-0.693624944209472,0.767391182341933,-0.594343123662683,0.368282000318073,0.462010185320604,0.577398462198459,0.22524578682669,0.929222729204051,0.189775015255796,-0.125091603844216,-0.8416158424324,0.726172755495118,0.0211648118382402,-0.10075369417069,0.385056113761999,2.50480212068357,0.881892456169426,0.369181677055691,1.50515166177666,3.66921580466826,-0.64471119872407,-0.576527589185363,-0.505592652644603,-1.16895923903081,-1.01519223123925,-0.857736801737663,-0.722114179256525,0.825219881684049,0.428494422483792,0.914794956287961,-0.286904425214791,-0.0276726255657857,-0.846052573874427,0.837417660326429,0.744132303188673,0.366922062808537,0.79946253665809,8.53989154048173,-1.09730438021327,-0.31296028640514,-0.391348688885798,2.8745893671418,0.111080258000336,-0.375024355916575,1.86213095290244,1.11825455621509,-0.121723128517532,2.529709532926,-0.34476848053886,0.223072592487436,1.50255519838847,-0.154888957153209,-1.02301435554381,-1.62694770498715,-0.0271763465708762,-0.998826763175882,0.0371597380320633,1.11140862194038,1.69293505927587,0.117254540572726,-0.609013020247796,-0.391348688885798,-0.413219819433159,-0.321861540250354,0.00709456412135369,-0.878848277811454,-1.2670363105317,-0.695677644196011,-0.873853487050458,-1.05911760742057,-0.44849760935004,-0.688849968232438,0.471376515769501,1.03450568696218,-0.567472613338656,-0.864272121234376,0.690595290266559,0.927243136822718,-0.666693784445925,0.682832724400303,0.682832724400303,0.322022122016284,-0.838101809661048,0.478532181262003,0.511849510519854,-0.0381763034178386,0.22717454329497,0.203092646994081,-0.521839596572905,-0.442074950479027,-0.286904425214791,0.5119120161247,0.492231312994358,-0.01206212920031,-0.435242082062902,-0.210617258288034,2.13630928076977,-0.822547334916973,0.342031597235068,-0.144541836585371,-0.582228126868179,0.872294352169189,0.722766042539909,0.331061606670478,0.471237211128387,0.578708116571755,-0.00616663970913513,0.428494422483792,2.61443854278002,2.19366080025567,-0.121200695287352,-0.115382978305131,0.173975611729931,-0.40441055463925,0.194009440828534,-1.00211120091324,0.0510694094017551,-0.669300457399169,-0.335562421270764,1.35183031227641,-0.176389105893484,0.412961487811192,-0.367596131833887,0.0538662644052637,-0.957260530086126,-0.149937701058835,-0.000739682945828393,-0.506122969993337,-0.653776320283739,-0.882023949694159,-0.738257558223326,1.32682556052599,-1.00369058285354,0.592906797945366,-0.65635599605476,-0.600152808018174,0.441053158743122,-1.56531543697313,-0.241958561604024,-0.649181537796562,0.655682867779868,1.11825455621509,0.208622131821331,-1.21124469067729,0.124187285317004,1.56011009124773,0.980158158380245,-0.125050605255976,-1.18649910140954,0.0427225572111723,-0.683388268503048,-1.23321624918318,-0.429402032904556,1.26592559806906,-1.38334975138032,2.48723954272842,-0.307777118839921,-0.733827980135861,-0.382231429342107,2.23960375913671,1.30684518598855,3.0461400666694,0.264918814710728,-0.34476848053886,0.113460484550416,-0.782770299686468,-0.734789774559444
comm.and.crime_point_1891,comm.and.crime,regression,0.05,0.109818207625595,nominal,-1.44433446107615,1.56802290981872,-0.453822940289352,-0.203981505847819,-0.708757207400764,0.886266145735984,-0.496372568292438,-0.533447461928133,-0.0271763465708762,-0.166244194413711,-0.277853012703869,0.149763831780583,-0.499564470154296,-1.56531543697313,-0.721826356680434,-0.0992519945195506,-0.15467191155846,-0.31272463367933,0.281459459960805,-0.305119864602728,-0.651977225586244,-0.684350129472983,-0.576901296561691,-0.739004709724335,0.110154019370149,-0.385406580997984,-0.67732705075443,-0.0342954753953406,-0.35568405855027,-0.319616352698494,0.0196502920983885,0.0823177976294598,-0.868455949333508,-0.907797521612643,0.108751861038678,0.0672766422167828,-1.54224032339657,1.40143467251585,-0.919734696831824,0.267215693943522,-1.22239309204787,0.584760136908366,0.466906834223718,-0.308861968134177,0.342031597235068,0.33604003882639,0.347282905426335,0.0893771570848711,0.525175431526179,0.931913901423168,-0.333979422149212,-0.782770299686468,-0.34476848053886,-0.457398031009934,-0.145179466755593,0.649747137552387,0.369910502906264,-0.684350728885536,-0.686008264773091,-0.653776320283739,-0.65103955906403,0.767391182341933,-0.45780329625955,-0.191322945644976,-0.167221968720685,-0.0713724957371486,-0.218005403435109,0.242485406711466,0.189775015255796,-0.172720524612857,-0.435837813808171,0.726172755495118,-0.444061083654919,0.517726140133124,0.277067099578957,0.530244180944028,0.723150221859989,1.01443522469408,1.13454794740136,-0.935840378022907,-0.778386370841756,-0.792470938203999,-0.760637999705362,-0.621819912096626,-0.824058881310911,-0.938289124010825,-0.722114179256525,-0.295725241742213,-0.212278938005688,-0.642890116301655,-0.286904425214791,-0.226875569169311,-0.802787658830557,-1.07127315045188,-0.799826771902559,-0.480867732371328,-1.47072871668317,-0.230503261067549,-0.851110337619796,-0.618564013678328,-0.391348688885798,0.546762554734425,1.18650283739765,-0.296225771543798,-0.215315402983871,-0.0679036931627271,0.569447023159616,2.18732475474682,-0.115382978305131,-2.85461431172925,-0.0381763034178386,-0.154888957153209,-0.970100277440667,2.06752579612401,-0.54265444466673,-0.457199869470233,-0.798318966812861,0.142197893047893,1.01448754905113,1.29719677575826,0.230460115746014,-0.391348688885798,-0.504578098615964,0.134929855663671,1.19497372013481,-0.662904928792817,0.299068970106906,2.23474412487321,0.569266126325109,-0.69663215719134,-0.639997445119629,-0.264029226104202,1.03524277168163,0.431634978161806,-1.23504806525446,-0.0705609496871936,-1.16915473049179,-1.90016924816189,-1.70972241982659,0.682832724400303,0.682832724400303,-0.664493583293417,-0.0123933177430025,0.98510497013263,0.857434586358428,0.931913901423168,-0.776275543828826,0.649747137552387,-0.608816497610759,1.543056118669,-0.286904425214791,-0.0342954753953406,1.9911273406519,0.192634769739419,-1.00841063129797,2.30104471844562,-1.00327058516075,-1.14205297583563,0.490563939497149,-0.232079094641932,-0.713534013953022,-0.66116427567861,2.12282451906883,-1.55874614153275,-0.94469347109426,-0.358695607590779,1.48777387001243,-0.212278938005688,-0.199361816374992,-0.114546206205749,-0.277522937462631,-0.000690227188266011,-0.869747200724323,-0.576459764357761,0.246923518931679,-0.235899778288672,0.108666922041517,1.30353704268057,-0.378069979114223,-0.866859498853478,-0.0705609496871936,0.176565734692862,-0.786206461289495,0.46618615394114,-1.20457557245354,-0.241958561604024,0.530234322887664,-0.506122969993337,-0.738257558223326,-0.523804376549633,-0.696016939253532,0.152246600047036,-0.000739682945828393,0.682832724400303,-1.13966992969373,-1.09029510578303,0.391542377989094,0.682832724400303,-0.333979422149212,-0.750927891608026,-0.738257558223326,0.525175431526179,0.143936619326893,0.866582941130492,0.124187285317004,-1.37951619927717,-0.432151904040676,0.820313006314475,0.997145074653291,-1.21107795253813,3.20675843349157,-1.23321624918318,0.252266133973507,0.428804273352702,0.446191539494759,2.28995579272044,0.747912516997469,-0.689269589429965,-0.666693784445925,-0.4726301518147,-0.576901296561691,0.511849510519854,-0.871523677129457,-0.34476848053886,1.60087059101434,-0.347885794497196,-0.381712258954214
comm.and.crime_point_0309,comm.and.crime,regression,0.04,0.016115182014894,nominal,0.324222120103087,-1.21585037425788,-0.217427187171022,-0.448305952557865,-0.235276207381626,0.435519243781917,0.0302519800739321,-0.490435159498505,-0.92926301823862,-0.375210946038594,-0.758320357815209,-0.631549404621351,-0.187688592418646,0.525462353104163,1.37979165718147,1.32219010599747,-0.546622083628446,1.09121295537998,-1.15847835603325,-1.20546616133649,-0.532619661519134,1.33323567398548,1.41149776835245,1.24167932682313,1.50880903422233,1.43525374240874,2.39312643334151,1.05811950764474,-0.433845179637909,-1.15122030423583,-1.05834216749048,-1.1522015200085,1.13925809154273,-1.30350158940051,1.37285536926462,-0.42682878901808,-0.0603953852759968,-1.21265394955768,1.33479307692119,-0.609687155220656,-0.595388506645455,-0.499901921691897,-0.567914291399295,-0.438232993123054,1.08469330854548,1.06294808549576,1.21585698484158,0.454899090454526,-0.423751167976071,0.0759519559752211,-0.333979422149212,-0.869747200724323,-0.230075729421995,-0.503041693998314,-0.856335354515137,-0.69021633412253,-0.707179574188299,-0.472298989483845,-0.559068725059139,-0.484813844404564,-0.480698018482259,0.458843115998027,-0.548829847861638,-0.649181537796562,-0.586710071414878,-0.248310029719587,-0.407970199261594,-0.708381655201343,1.35677176366841,-0.744267573836537,0.0858767944229815,0.726172755495118,-0.244678557014993,0.260026209173202,1.41095174850089,-0.617754621230122,-1.02301435554381,1.83175638503604,-1.00671795787817,-0.644994724379254,0.424690178217426,0.460000486104092,0.429573619911515,1.74911717128482,1.32619130538294,0.95469044940847,1.48027766699325,-0.649707912297875,0.428494422483792,0.343643763005101,-0.286904425214791,-0.226875569169311,-0.326873593347992,-1.21809552051175,-0.579261189746669,-0.829957648033625,-0.764446993421443,-0.0477867027019386,-0.555677486507623,0.167274142167012,-0.391348688885798,-0.868190997905353,-0.491156386462159,-0.375024355916575,-1.25403858092703,0.228635869181726,-0.640100742275393,0.24714434506481,-0.34476848053886,-0.96480656352602,1.73081171717458,0.871006677585685,-0.864272121234376,-1.57180630944818,-0.220480633356821,-0.70339391206371,0.246029414243294,-0.923933908733845,-0.197025862064479,-0.472716577020044,-1.6953900197692,0.690504858442522,-0.139144981884744,-0.504578098615964,-0.424861492610813,-0.749282268400272,0.592713710226646,1.31539611889071,0.775426071093047,-0.13276590127921,-0.592122486177232,1.01043300028051,-0.575803673781598,0.486441406234567,1.13181035517429,0.987720612375717,0.25012818008695,0.517473225955383,0.186693280865528,-1.56531543697313,0.682832724400303,-1.43178357631207,0.990252708157481,1.11174816735029,1.03022712427771,0.532464993547459,-0.0117421441154574,-0.491703227207728,-0.608816497610759,0.94751679792459,-0.0919853710824933,-0.853606712675401,-1.11372871663872,0.602028567618877,0.520038833328871,-0.262943549469985,-0.534676575320374,-1.46155861675429,0.837139404775339,0.42445034078228,-1.06368304617927,-0.543205919690318,-0.306688719613709,1.30296273431785,0.766222769924772,-0.910109562980505,-0.178544390830854,0.642085542646951,-0.433845179637909,-0.597659300581394,0.269604910150844,-0.115382978305131,-0.826258750205395,-0.490435159498505,-1.1288425117501,0.59996722821086,-0.352113179076581,0.356575042642296,1.23721721893725,0.0840075630593312,0.881892456169426,-0.453822940289352,0.888234856532939,-3.03853290711381,-1.05618654703309,1.32239606766418,0.589231434646941,0.541713286916744,-0.231370130585801,-0.114410578670175,-0.062407654706626,1.32682556052599,-0.413719465260767,-1.56531543697313,-0.575803673781598,-0.912061542959443,0.738117843267285,0.6153882795591,-0.333979422149212,3.72591167609637,-0.231370130585801,0.940330818808414,-0.114805430650861,0.58579542331863,-0.499564470154296,1.51111631973898,0.0218049017374774,-1.11543153166311,0.0542078168079789,-0.0269330266637888,1.56633512542155,-1.23321624918318,3.92278703254769,-1.41286264102328,1.17800805584479,1.69810454269652,0.044119426439209,-0.733827980135861,0.565976421003951,-0.421455927079768,0.731255982987085,-0.812893280194679,-0.278597159647621,-0.230075729421995,0.0621704808792462,-0.565328047091832,-1.03742764507821
comm.and.crime_point_1189,comm.and.crime,regression,0.2,0.563162748574795,anomaly,-0.224640267159436,0.176086267780421,-0.296225771543798,0.162505164217251,-0.669300457399169,0.927243136822718,-0.544247527234835,-0.576459764357761,-0.478219682404748,-0.514522113788516,-0.277853012703869,0.484612361667126,-0.187688592418646,0.682832724400303,0.663330970637638,0.174102255579875,-0.546622083628446,0.192692898382022,0.799837073718665,-0.395154494276104,0.959349889319753,0.677520287861476,0.417298235895379,0.224571308055511,1.39225444965131,-0.0212745163166381,2.13725530966685,0.184187521212675,-0.35568405855027,-0.932377159094426,-0.58964979375619,-0.312728384014686,-0.533836942520802,-0.0669263775634199,0.281129612160397,-0.0809549871536759,-0.573341710010043,-0.408318988919673,-0.168225438914154,-1.04813857980274,-0.0253843380978089,-1.12786416614468,-1.11255698909562,0.402678669304647,0.787628624021312,0.77218486682801,1.12442813437682,1.02929070003541,-0.0679036931627271,0.0188878262786913,-0.333979422149212,-0.826258750205395,-0.230075729421995,-1.23334030181239,-1.33043927968817,-1.38501220832434,-1.47652962925584,-0.684350728885536,-0.686008264773091,-0.653776320283739,-0.65103955906403,0.458843115998027,-0.45780329625955,-0.0895765918335127,-0.00991393021036301,0.40046092821602,0.668496977088488,-0.866859498853478,1.25529378554558,-0.696638653067897,-0.493806103611632,0.726172755495118,-0.444061083654919,1.08466598824495,1.08698470595177,-0.663674573317088,0.299837597034825,-0.706240902341621,-1.00671795787817,-0.499571897557428,0.870274085276382,0.675943835122729,0.514588735598435,-0.485035080363082,0.561657905669569,0.672757321452404,0.543089647312493,-0.413719465260767,-0.212278938005688,0.707103613276012,-0.286904425214791,-0.226875569169311,-0.326873593347992,1.57152951062578,2.17780858720196,0.915491930277863,1.40484687088243,-0.321861540250354,-0.211005826876756,0.822139272038128,-0.391348688885798,-0.594329019975073,-0.405122580110374,-0.453822940289352,-0.808871504665675,-0.601674905382743,2.06698235179344,-0.152304562810898,-0.34476848053886,-1.50475163444123,2.47264540322947,-1.01880107061754,0.670236143756844,0.137576952259974,0.681606038310923,-0.8018715291011,1.70811714772191,-1.21469712740159,-0.00318371628598076,-2.71460682387257,-0.806536111069869,-0.391348688885798,-0.413219819433159,-0.230503261067549,1.41095174850089,-0.878848277811454,0.837417660326429,0.683344364777741,0.878506043477017,0.149167226676855,-0.639997445119629,0.52492358070538,0.471376515769501,0.65086069045285,-0.567472613338656,0.511493909447407,-1.2670363105317,-0.547928542299685,0.234103673382831,-1.56531543697313,0.660351242786569,-0.883719295584461,0.518419284204312,0.668496977088488,0.91503209899819,-1.80716432401026,0.752791255597911,1.6919409488551,2.30490968715737,-0.193933566835524,-0.286904425214791,-1.01746896013141,-0.899600712687643,-0.728501275489362,-1.05617467706755,0.207993071167575,-0.956411184176713,0.364187902780905,1.38175799306964,0.249375824669157,-1.19498893326411,-1.19197687762592,1.21690432837365,-0.20888346424473,1.53318522279537,-0.413837003129751,0.625885114403834,0.214903302320632,0.269604910150844,-0.758696998706609,-0.35568405855027,-0.230075729421995,-0.695793398648614,-0.533447461928133,1.04063469047886,3.52550175095922,-0.697698254915155,-0.629843707397574,-0.505592652644603,-0.127296228476849,-0.22930318399663,-0.453822940289352,0.364971944713428,0.826966057285032,1.46642688511458,0.402187462212296,-0.236728129982936,-0.0774626830755764,1.66945772305492,0.243808994474351,-0.10464827367642,-0.386102090172486,0.23524876409128,-1.56531543697313,0.0686149044036935,2.16246741574736,-0.895737921615612,0.682832724400303,1.04633348602862,0.113916115789414,-0.273610749555595,-0.542366992913852,0.208622131821331,1.31584296962947,-0.0317506535508209,-0.791590941172187,0.324442772256246,3.07117874814888,-1.23612737813824,-0.932455617038282,0.0196502920983885,-1.23321624918318,-0.796454122761974,0.26138000840943,1.17800805584479,0.711685792656649,0.295474101638588,-0.421919245194591,0.186693280865528,-0.216759028140039,0.574277109441232,1.03022712427771,1.15430859093348,-0.34476848053886,-0.142989533805432,-0.521839596572905,1.18191673872609
comm.and.crime_point_0671,comm.and.crime,regression,0.27,0.0306720457489165,anomaly,-1.38334975138032,-0.519882053238727,-0.217427187171022,-0.326143729202842,-0.51147345739279,-0.465974560126219,1.51437570728825,0.799933913390331,-0.156045871094839,0.321344892711017,0.022439077990719,-0.352508963049232,-0.187688592418646,0.682832724400303,-0.769590402450023,-0.208593694559321,1.36413500521273,-1.09892968355255,-0.352113179076581,1.72065930304824,0.243204504917087,-0.835669064732367,-0.629227587743642,-0.578408706761027,-0.356064318913911,0.100102838577144,-0.728501275489362,-0.96284821097941,-0.121200695287352,0.818368002036808,0.300865716338963,0.279840888451533,-0.533836942520802,1.91159396137593,-0.753136894569917,-0.970344763376429,-0.0603953852759968,-0.508860858999424,-0.436621602456179,1.63737639576255,-0.310386422371632,2.12612200965611,1.93744211800379,0.0145655943380156,-1.19280260613978,-0.87547337228922,-0.612720024453672,-1.16384090018251,-1.01683029266498,-0.951202378562316,-0.241958561604024,-0.260908893459341,-0.115382978305131,0.501118891746045,0.803028383590466,0.897888521195889,1.03668055063147,0.884832142686974,1.00651893141293,0.993607819538218,1.00979046160824,-0.643114263801638,1.135161356777,0.470028354129537,0.252266133973507,-0.248310029719587,-0.597934995088079,0.400963250363601,-1.7383065690781,0.970373573834504,1.24524259049221,-1.23321624918318,-0.37760024144161,0.620806112517094,-1.55874614153275,-0.663674573317088,-1.44632698036898,0.756333805638724,0.105093185247738,-0.0148291414846731,-0.421919245194591,-0.360584240166726,-0.293054863427304,-0.393845192540718,-0.585142193900484,-0.65635599605476,-0.628395377288449,0.353242987609834,0.214903302320632,-0.798658623560617,-0.189444898148642,0.669537677046554,0.711484367704879,-0.386102090172486,-1.57180630944818,-1.22891755164768,-0.159062659197108,-0.413219819433159,0.478337492384979,-0.662221689003069,-0.391348688885798,-0.776903671928593,-0.0609873547032339,-0.375024355916575,1.86213095290244,-0.0679036931627271,1.203019662197,-0.722945859776196,0.114002523928599,0.655028649219603,0.24714434506481,-0.532850506793854,-0.388045418306067,-0.799826771902559,0.0372584156911057,0.527576300903674,-0.746101547760053,-0.536249617176849,0.190658429492517,-0.177731018223659,0.181079343040496,-0.391348688885798,-0.504578098615964,-0.504578098615964,0.277067099578957,-0.792470938203999,0.837417660326429,-0.523299893074292,0.620806112517094,0.229719548950016,-0.639997445119629,-0.567472613338656,2.12269912236931,-0.500074299075133,-0.446095258444874,-1.60506921467841,0.543772920206689,-1.32649137294762,-1.18820810213626,-1.56531543697313,0.682832724400303,-0.226042158711328,0.754335996180896,1.04842656874146,1.54860473803558,0.646593252940519,-0.441792181454227,-0.64058805739383,0.173975611729931,-0.144305290106824,-0.286904425214791,-0.689744465219389,-0.471344704785489,1.88138418599218,1.76190402333818,1.09754002126074,0.543089647312493,-1.00512198687049,-0.202586991059232,2.30650138899836,-0.888608530066145,0.69535681818675,-0.430223291072143,-1.99070219826491,-0.94469347109426,-1.18581654067537,1.37285536926462,0.375096642443002,-0.433845179637909,-1.7786024201663,-0.433845179637909,-0.115382978305131,0.478394765362422,-0.533447461928133,0.564407987550553,0.321344892711017,0.0510694094017551,-0.669300457399169,-0.760637999705362,-0.761207603085388,0.299837597034825,-0.217427187171022,-0.943185334835349,-0.10075369417069,0.477166715644901,-0.333979422149212,0.589231434646941,-0.696638653067897,-0.358091987495182,-0.4726301518147,1.58497648511533,-0.0435165600327901,-0.708705024057152,-1.04824135985724,0.672757321452404,1.36041638304123,-0.351119333321313,0.682832724400303,-0.241958561604024,-0.700054714702294,0.317757916021518,-0.957522380196087,-0.696975043100807,-0.31272463367933,0.202156254750917,-0.693603398154691,-0.886108709818829,-0.935362272316362,-0.839101164308632,-0.584177697663477,-0.449042081635903,-1.23321624918318,1.45829442921931,-0.743165581250199,0.0192985716239078,-0.4325599573896,-0.508860858999424,0.38013178751153,-0.761514569480531,-0.67732705075443,0.992887438896841,0.857434586358428,0.314329357834215,1.94908654179843,1.29313056898732,-0.391374245016123,0.526201352602092
comm.and.crime_point_0675,comm.and.crime,regression,0.24,0.00271345756141802,anomaly,1.3609621849323,-0.519882053238727,0.649357240929522,-1.12019818101049,1.14571004267419,-0.588905533386419,-0.544247527234835,-0.576459764357761,-0.671523969190694,-0.375210946038594,-0.337911430842786,0.707844714924821,0.669970071354392,0.682832724400303,-0.8651184939892,-0.591289644698518,-0.595615855137194,-0.818142165740683,0.799837073718665,0.46017448762097,0.00448937678286525,-0.835669064732367,-0.52457500537974,-0.41781270379772,-0.472618903484926,-0.264029226104202,-0.67732705075443,-0.525882217763377,0.66041051558904,0.511987598838842,0.722688852699825,0.872410160917752,-0.58163965777976,-0.215315402983871,-0.350922141952573,-0.179776073400649,-0.288371529602239,0.647370646917718,-0.812376231415014,1.52776353961703,-0.0823847549525736,1.26980985812958,1.39279942030747,-0.955717093078561,-1.29182416764783,-1.26315766384622,-0.978435426312722,-1.11162348112971,0.110020044243945,0.133016085671751,0.678250043847861,1.21769842418418,-0.230075729421995,0.546762554734425,0.423745243452043,0.302349200451482,0.216040491892755,-0.557119685244521,-0.60138190496379,-0.611535701313945,-0.608454173918587,0.723312887149946,-0.503316572060594,-0.445688830173635,-0.534274058578104,-1.01503934364349,-1.10450778395871,-0.602729759433253,-0.419092853481222,-0.458494049224697,0.259781663833366,0.726172755495118,0.685773233971324,-0.10075369417069,-0.424861492610813,0.62208408511796,-0.017646871584048,-0.620207095989836,1.01101337594292,-0.0148291414846731,-0.778386370841756,-0.792470938203999,-0.760637999705362,-0.804199687741353,-0.871842218792997,-0.898012962874244,-0.956411184176713,-0.708705024057152,-0.799654518454378,-0.227507430277758,1.36990753490974,0.0719288462359772,-0.759522743786688,0.739536080286516,0.247859743337919,0.0677021350979969,0.345424285989838,0.500362972394892,-0.211005826876756,0.0363011161927887,2.1052364203334,-0.183536053079654,-1.13640993410055,-0.453822940289352,0.378240698697934,-0.30513534303829,0.339056972600567,0.24714434506481,-0.000690227188266011,0.601034142128082,-0.722945859776196,0.763017663402644,1.25229100289144,-1.84751328714304,-2.54013207478816,-0.604916295026319,0.768203604771372,-0.00318371628598076,-1.02085498162309,-1.00369058285354,0.0823177976294598,-0.391348688885798,-0.413219819433159,-0.504578098615964,-0.640839520976896,0.200868467281728,0.152246600047036,1.02809986702118,0.930046029669001,-1.13966992969373,-0.544247527234835,-0.324717903551093,-1.17994609083031,1.08931211503494,-0.446095258444874,-1.49924105847212,1.03318082040625,-1.57235331946802,0.613386813521254,0.682832724400303,0.120795684056945,0.924892830816656,-0.189330851725441,0.22524578682669,-0.0641256158777693,-0.951202378562316,-0.537358856418398,0.600118860823686,-0.521839596572905,0.00457954007927846,-0.286904425214791,1.16736100594875,-1.06019671565095,0.44850589341408,-1.00841063129797,-0.105964675924132,-0.675254778272487,0.592406217722805,0.837139404775339,0.774599373008527,0.599524856895403,0.341481750221874,0.0227368042754491,0.223072592487436,-0.531713688779321,0.854415094266617,0.281129612160397,-1.44042787894386,-0.433845179637909,-1.18813086037385,0.113282667975565,0.114002523928599,-0.91323565124325,2.30536449842731,0.299837597034825,-0.0269330266637888,0.281459459960805,-0.590386957395979,-0.675622884018443,-0.972511394621568,-0.70552988692494,-0.217427187171022,0.835908565350987,-0.925393473242442,3.14816917321302,-0.241958561604024,0.176251652332003,2.30398335535642,-0.400332606464976,-1.08672084863389,-0.10464827367642,0.445891340166776,-0.531713688779321,0.682832724400303,-1.46187921878637,-0.511036026606383,-0.301608552567286,0.682832724400303,-0.0579168405136468,3.52241896847344,-0.527054463374357,0.643791256463961,-0.502918505617492,-0.53735464792882,-0.499564470154296,0.139290717494029,-0.734789774559444,-1.11543153166311,-1.18649910140954,3.3861905832093,-0.870865217996765,0.726172755495118,-0.796454122761974,-0.129276609791536,1.3609621849323,0.0409210426295376,-0.00615150860066679,-0.199127291665113,-0.0503586817209869,-1.44494042177841,-1.1001642083812,1.54860473803558,-0.476239332141566,-0.34476848053886,0.216040491892755,-0.217420442940414,-1.13830693525114
comm.and.crime_point_0618,comm.and.crime,regression,0.18,0.276177740345614,anomaly,1.05603863645312,-0.519882053238727,0.0977671503200851,-0.387224840880353,-0.629843707397574,0.271611279434983,-0.44849760935004,-0.447422857068877,0.0372584156911057,0.251689308836056,0.0824974961296363,-0.352508963049232,0.202156254750917,0.682832724400303,-0.626298265141257,0.0647605555401046,1.56011009124773,0.0803778912572774,-0.236918153797056,0.0100013392540886,-0.234225751351356,-0.633910484386522,-0.52457500537974,-0.578408706761027,-0.181232442057388,-0.688849968232438,-0.626152826019497,0.0203252737566635,0.113282667975565,0.205607195640876,-0.449042081635903,-0.707774565658833,0.0397956405866952,-0.314241419930838,0.510966613656022,-0.723292047758998,0.338562867294928,-0.408318988919673,-0.221904671622559,0.0479899816524777,-0.0823847549525736,0.356410229834627,0.249049755145189,-0.308861968134177,-0.103565429551178,-0.0516442527306052,-0.338433473059384,-0.171709938179167,0.821714993870633,0.931913901423168,-0.0579168405136468,-0.173931992421487,-0.230075729421995,0.820624532664704,0.70820759855586,0.302349200451482,0.216040491892755,-0.472298989483845,-0.474442365249838,-0.569295082344151,-0.565868788773144,0.546999706382,-0.503316572060594,-0.242196122550708,-0.272093994394233,-0.307289207713733,-0.218005403435109,-0.180122176360894,-0.368353864419804,-0.267978366150136,0.201813374029904,0.726172755495118,-0.0452960303750682,0.208486222981217,-0.370866985519292,-0.571834669143156,-1.1288425117501,0.369181677055691,0.105093185247738,-0.499571897557428,-0.733827980135861,-0.749282268400272,-0.760637999705362,-0.667414856007808,-0.537358856418398,-0.495251351508437,-0.628395377288449,0.117254540572726,0.214903302320632,-0.0717389230187961,0.590231318380547,-0.127274097367549,-0.672992913698949,-0.337161300152529,-0.854968167441532,-0.929697623937139,-1.47072871668317,0.317646414029282,-0.506438677988928,-0.574906338353587,-0.391348688885798,1.45963581450202,0.756333805638724,-0.453822940289352,-1.05618654703309,0.881022906339523,0.223861947321042,-0.0952404331143684,-0.34476848053886,0.385056113761999,0.589529123243989,1.73491879105002,-0.70552988692494,-0.965250958519477,0.0372584156911057,0.281382258310197,0.924855861929795,0.675263793938761,0.239118965937142,-0.708705024057152,-1.20158229271402,-0.391348688885798,-0.413219819433159,-0.139144981884744,0.601034142128082,-0.792470938203999,-0.386102090172486,1.43031461963852,-0.719233528474505,-1.42160305764979,-0.544247527234835,-1.23504806525446,-0.575803673781598,1.41815068347151,-0.870916000573111,-1.1288425117501,1.27788477050604,0.845289154649251,0.281514065900134,-1.56531543697313,0.637869761172835,-1.76062214474864,-0.248310029719587,1.17506976595912,-1.10088084339349,-1.17945889734843,1.08727461797251,0.550490584094985,-0.347885794497196,0.94751679792459,0.00547415598365529,-0.525882217763377,0.224571308055511,-0.216759028140039,-0.626298265141257,1.14986631244269,0.308792642392304,-0.822547334916973,0.391542377989094,-0.232079094641932,1.86881509871555,-0.720143453672756,1.83457718566582,-0.532850506793854,-0.531713688779321,0.0272941611820292,-0.0636258900830415,0.321698862402212,-0.199361816374992,0.636963051711922,-0.433845179637909,0.114002523928599,0.173975611729931,-0.0603121352022264,1.99308809633548,0.669622812085821,-1.04328333075373,-0.550930207394384,-0.293054863427304,0.770744885551916,-1.60506921467841,0.255364319065638,-1.72807970256461,-2.21389312804206,-1.00672353855961,-0.241958561604024,0.884216993443326,-0.315607286918777,-0.10464827367642,0.141460545004487,-0.738257558223326,0.201187390066993,0.294245875850557,-1.56531543697313,-0.575803673781598,-0.912061542959443,-1.2423133868938,0.682832724400303,0.494208322757484,-0.954420599230953,-0.696016939253532,0.287943781650617,-0.826346068089685,-0.0880946194298402,-0.499564470154296,0.237278260511525,0.425322062429169,-1.07041421682643,-0.392446673750327,-0.653833281538438,-0.261565132142186,0.726172755495118,-0.429402032904556,0.484612361667126,-1.0174414932053,0.317118292640701,-0.20723524876017,-1.04573671507713,1.94087780400574,1.72786151178739,-1.04783791719925,0.16626443468128,1.10489804781,-0.34476848053886,-1.63039964026935,-0.695793398648614,-0.432151904040676
comm.and.crime_point_0925,comm.and.crime,regression,0.39,0.111209450916018,anomaly,1.17800805584479,-0.171897892729153,-0.453822940289352,-0.26506261752533,-0.274732957383221,-0.629882524473152,-0.687872404062027,1.70319226441252,0.166127940215069,-0.444866529913555,-0.397969848981704,0.652036626610397,-0.499564470154296,-1.56531543697313,-1.15170276860673,-0.973985594837714,2.3440104353877,-1.26740219423966,1.03022712427771,0.370139857947594,-1.12940748185469,-1.1887465803376,-1.1001642083812,-1.00666471466318,-0.997114534054493,-0.506783935891765,0.704377017088742,-1.12671045843542,-0.277522937462631,1.34359155037618,1.70694283754184,1.71188329691156,-0.964061379851424,0.971796800379738,-0.982973896065542,-0.179776073400649,0.224574795131807,0.999267192196847,-1.18813086037385,-0.00681644642028318,-1.1653926751931,-0.214464537849722,-0.132200133242237,0.208622131821331,0.143988474218959,-0.0516442527306052,-0.338433473059384,-0.746101547760053,-0.0679036931627271,-0.437625211293547,-0.333979422149212,-0.43486269553505,-0.34476848053886,-1.18769663882401,-0.951156139549743,-0.491703227207728,-0.758469577859468,-0.726761076765874,-0.686008264773091,-0.611535701313945,-0.608454173918587,-0.907584034953557,-0.184723641453285,0.470028354129537,0.357138159647056,-0.0713724957371486,-0.534613396479251,0.665092989783826,0.0375580480715412,0.494084366148104,0.665559692457595,-1.23321624918318,-0.244678557014993,-1.54387330754626,0.277067099578957,0.759843941378858,1.41103323720088,-0.620207095989836,2.28753728101341,0.615336441409908,-1.17941188719482,-1.13798029663382,-1.05819090460958,-1.39693395858671,-1.34967559361385,-1.34105073537663,-1.28442699106498,0.530234322887664,-0.906450078535958,0.447489434511076,-0.286904425214791,-0.226875569169311,-0.629727998655079,1.37576635054595,0.192718347798946,0.267182086905024,1.30394948184504,-0.413219819433159,-0.604916295026319,-0.574906338353587,-0.391348688885798,-0.320467042044794,0.111080258000336,-0.375024355916575,0.971796800379738,-0.36444325550718,0.799837073718665,-0.152304562810898,-0.115382978305131,-0.910812056434499,-0.380561081597017,0.277067099578957,0.511493909447407,-1.40638212283126,-0.54265444466673,-0.457199869470233,1.44703005245787,-1.31161820029084,1.69293505927587,-1.59366170044631,-0.707774565658833,-0.391348688885798,-0.504578098615964,-0.413219819433159,-1.77472416989883,-0.403772909970454,-1.41385868059157,0.396048112908209,0.878506043477017,0.551928838042662,-0.639997445119629,0.342857548364707,0.310271871223178,0.376828550089045,-0.324717903551093,-0.335131340202921,0.984240030386299,-1.53137632838129,2.84167526183449,0.682832724400303,-1.56531543697313,-0.554880727147895,1.5210653101048,-1.04118618534988,-0.00652810323800724,-1.00826650825885,-1.2063255811676,0.10383609353668,-0.652304948129686,-1.98055152906875,-0.286904425214791,0.348049768668688,0.0104433041044344,-0.267933252874971,-0.626298265141257,-0.0536383847421805,1.24598066207306,0.227256913815765,0.837139404775339,0.818368002036808,-1.06368304617927,-1.07401852163763,-0.965539767392024,1.41095174850089,-0.649707912297875,0.46842532549381,0.22367036178649,-0.746256738413588,-0.35568405855027,-0.114546206205749,-0.277522937462631,-0.34476848053886,2.30490968715737,-0.40441055463925,0.0352672065190975,-0.584177697663477,-0.294515666436819,1.57973429269174,0.217035830694215,0.0311816151752862,-0.22930318399663,0.0189685659473083,-0.315269840651936,-0.358453625130612,-0.808871504665675,-0.333979422149212,-0.413719465260767,-0.791896494605177,3.44356371978626,0.0391120955346223,-0.653776320283739,-1.21809552051175,-0.649707912297875,0.682832724400303,0.511652676906082,0.692040522452799,0.243010035727013,0.682832724400303,-0.149937701058835,1.33487236152698,-0.484813844404564,-0.542366992913852,-0.891031580584123,-1.09892968355255,-0.0317506535508209,-0.791590941172187,0.727959932947938,-0.75529301296961,-1.23612737813824,-0.79314444928836,-0.777126743249906,0.726172755495118,3.92278703254769,0.26138000840943,-0.956456783509466,-0.314189707384816,-0.5591317940393,0.424690178217426,-1.70972241982659,-0.370281702344836,-0.210617258288034,0.742239561078903,-0.476239332141566,-0.34476848053886,0.369910502906264,-0.956724101762177,0.677520287861476
comm.and.crime_point_1772,comm.and.crime,regression,0.16,0.404098707180176,anomaly,0.629145668582266,1.22003874930914,-0.453822940289352,-0.26506261752533,-0.472016707391195,0.763335172475784,-0.544247527234835,-0.576459764357761,-0.349350157880785,0.0427225572111723,-0.0976777582871161,-0.18508469810596,-0.499564470154296,-1.56531543697313,-0.483006127832491,0.22877310559976,2.00105403482646,-0.256567130116958,-0.236918153797056,-0.395154494276104,0.183525722883532,-0.58347083930006,-0.52457500537974,-0.685472708736566,-0.414341611199418,0.100102838577144,-0.114410578670175,-1.50905570249945,-0.35568405855027,-0.363384981726775,0.253996478965534,0.230460115746014,-0.533836942520802,-1.55081663176793,0.396048112908209,0.0178660990932967,-0.516347673928482,0.245203166598712,-0.436621602456179,0.541247834307328,-1.1653926751931,0.984372474287411,0.793692452841512,-0.373547480628615,0.0449669127109041,0.190658429492517,0.484426181123479,-0.11949251912636,0.0507121317750543,0.133016085671751,-0.333979422149212,-0.739281849167541,-0.34476848053886,-1.46155861675429,-0.524462606894016,-0.293190120292925,0.626360521262113,-0.769171424646212,-0.728321444677741,-0.696016939253532,-0.693624944209472,0.811469477533919,-0.594343123662683,-0.750927891608026,-0.639146084251652,-0.130351673731295,-0.0913622062174521,0.0311816151752862,-0.571309820665477,-0.410865128456057,0.433686533243749,-1.23321624918318,-0.510521925868227,0.930046029669001,-0.586845013885375,-0.939194285838884,-0.335131340202921,0.197114064352121,0.640409661567619,-0.69346899998653,-0.511036026606383,-0.576527589185363,-0.548100210488063,-0.393845192540718,-0.537358856418398,-0.69663215719134,-0.534676575320374,-0.94469347109426,-0.372472278128058,-1.36980981684348,-0.286904425214791,-0.226875569169311,-0.846052573874427,0.837417660326429,-0.799826771902559,0.217312098953267,0.597667758583312,-0.413219819433159,-0.70339391206371,-0.662221689003069,-0.391348688885798,-0.868190997905353,1.18650283739765,-0.138628602798245,1.61481591053503,0.169327956712836,2.64295747819106,2.13026062505029,-0.34476848053886,-1.93670769117339,-0.323496951900488,2.05888583359914,2.99845558029525,0.46842532549381,-1.05813254276258,-0.506438677988928,-0.328362195337591,-0.0516442527306052,0.287579502381766,0.23524876409128,-0.411489929425723,-0.391348688885798,1.68802060177136,-0.413219819433159,-0.532850506793854,-0.835659608007726,0.935299240366342,1.2579368685168,0.672346098709078,-0.454975190371856,-0.592122486177232,-0.688849968232438,-1.26049841310347,-0.8289128675117,-0.506783935891765,-0.388045418306067,1.27788477050604,0.845289154649251,-0.524462606894016,-1.56531543697313,0.682832724400303,0.979699258889417,0.0465858602511433,0.161924188217862,0.339056972600567,0.36127260445787,-0.632925531382569,1.6423126721264,-0.826258750205395,1.543056118669,-0.286904425214791,0.566532765276704,0.278103309043281,0.0902863202695546,1.57084784025982,-0.419922423015838,0.168214439440191,-0.913834660893733,0.490563939497149,0.643293485923684,-0.713534013953022,-0.0713724957371486,0.269805947192317,0.331061606670478,0.589231434646941,0.6889909076497,0.166211111412584,0.855676662810112,-0.199361816374992,0.851679982545541,-0.121200695287352,-0.34476848053886,2.18096542220705e-05,3.20862284944949,-1.39341290226583,-0.166244194413711,2.06698235179344,-0.51147345739279,0.642111409128814,-0.866859498853478,-0.388045418306067,-0.296225771543798,-0.367596131833887,0.878506043477017,-0.561556462298257,1.87452123093531,0.23524876409128,1.39903386075226,1.20481091438719,-1.39376619704348,0.23327667808193,-0.288220510132573,-1.53466458868703,0.682832724400303,-1.22022225196689,-0.3328024637828,-0.697694798599504,0.682832724400303,-0.333979422149212,-0.700054714702294,-0.696016939253532,0.821714993870633,0.467364181799085,-0.818142165740683,-0.343626531286471,-0.203665683067209,0.526201352602092,-0.890344957479674,-0.789472887579932,-0.0269330266637888,0.0665195294718176,0.726172755495118,0.724190249504474,-1.52447881765213,-0.651533235030286,-0.669300457399169,1.70306028275511,-0.421919245194591,-1.42526006472277,0.857899691293538,-0.158290967106083,-0.697698254915155,-0.328007702771107,-0.34476848053886,0.267330495563925,1.04374462210848,-0.684350129472983
comm.and.crime_point_1707,comm.and.crime,regression,0.05,0.175028231499738,nominal,1.3609621849323,1.22003874930914,-0.375024355916575,-0.6315492875904,-0.314189707384816,0.681381190302317,-0.639997445119629,-0.576459764357761,-0.220480633356821,-0.0965886105387498,-0.157736176426034,-0.296700874734808,-0.499564470154296,-1.56531543697313,-0.578534219371668,0.0100897055202199,-0.546622083628446,-0.593512151491192,-0.0641256158777693,0.0550186540907768,-0.472940879485578,-0.58347083930006,-0.576901296561691,-0.792536710712104,-0.0646778574863729,-1.23504806525446,0.243808994474351,0.894257260188728,-0.35568405855027,-0.10077320755709,1.14451198906069,0.823029388212234,-0.486034227261844,-0.759408496192192,0.568425864029928,0.956666418439536,0.224574795131807,0.798183452037345,-0.275583904330964,0.267215693943522,-0.880390590919278,0.584760136908366,0.466906834223718,-0.891031580584123,0.0449669127109041,0.0937373566032682,0.621569456820622,-0.798318966812861,0.940330818808414,1.21723454990582,-0.333979422149212,-0.695793398648614,-0.34476848053886,-1.46155861675429,-0.287410644307502,-0.739844610851231,-0.348149548490111,-0.769171424646212,-0.728321444677741,-0.738257558223326,-0.736210329354915,0.899626067917892,-0.639856399463727,-1.00529377613668,-0.901326148435522,-0.484226741696171,-0.597934995088079,-0.232948124244939,0.291252993378632,-0.649009732299257,-0.551774393415093,0.726172755495118,-0.444061083654919,0.723886084901063,0.331061606670478,-0.801434429577986,0.405665753241116,0.928401418342293,0.0639149947615938,-0.887366102415632,-0.64471119872407,-0.61971625898909,-0.675622884018443,-0.895389575563716,-0.871842218792997,-0.817460640601083,-0.909551783192675,-1.12168480637209,-0.532665618250428,-1.00634996657257,-0.286904425214791,-0.226875569169311,-0.889317488918297,0.739536080286516,-0.0278472343569434,0.317052074856781,0.496770369545922,-0.230503261067549,-0.70339391206371,-0.662221689003069,-0.391348688885798,0.272900576804145,-1.86769728809072,-0.453822940289352,0.0319996393835476,-2.91468349166948,-0.812893280194679,0.703657382637049,-0.000690227188266011,-0.26287797133625,-1.06533063795537,0.817012170494165,0.141095362725389,1.2955462585784,0.359432227001014,-0.851110337619796,0.402681671401718,-0.633170690066098,-0.681631226510723,-0.295725241742213,-0.559632247542278,-0.391348688885798,0.774437809943307,-0.321861540250354,-0.26287797133625,0.200868467281728,1.13106240044617,0.510966613656022,0.569266126325109,-0.495251351508437,-0.496372568292438,-1.23504806525446,-0.777184479464502,0.596054262380089,-0.264029226104202,1.62268954961346,0.984240030386299,0.968220127909451,-0.666693784445925,0.682832724400303,0.682832724400303,-0.993332151729983,0.518419284204312,-1.73772377004699,-0.812893280194679,0.30420847476134,0.322741218259141,0.351977477180183,-0.478351146053977,-0.342818397021626,-0.286904425214791,3.35219097202891,-0.0966206978711041,-0.165584803405107,-0.387478036293313,1.3591714771705,1.62085586994536,-0.776903671928593,0.688607062513258,-1.01991441715099,-0.494690868811617,-1.30993523361422,-0.924361576905879,-2.04469670535644,-0.649707912297875,-0.193271420973861,-1.04043314643945,0.481892202524582,-0.121200695287352,0.368566888169896,-0.35568405855027,-0.230075729421995,-0.521839596572905,-0.533447461928133,-1.44632698036898,-0.235899778288672,1.72139727595486,0.198748042635917,0.897156756189573,0.295311354595511,-0.22930318399663,0.0189685659473083,-1.1001642083812,0.775426071093047,0.180388664803999,-0.333979422149212,-0.94469347109426,0.303568683073544,-0.10464827367642,-1.64963732071814,-0.738257558223326,-1.2670363105317,-0.708705024057152,0.682832724400303,-1.30077457424005,-0.555594417312278,-0.598673237091449,0.682832724400303,3.99100102347465,2.19971636892442,2.38754824554141,-0.483059080444962,-0.114805430650861,-0.425039640804075,-0.499564470154296,0.237278260511525,-0.93654835490529,-1.29550079100987,1.29491473502549,-0.166244194413711,-0.355303606889044,-1.23321624918318,-0.7440181099252,-0.464125139678079,-0.041686138071928,0.751142542658244,0.345745036678463,-0.867503152253548,0.803028383590466,0.602028567618877,-1.30946937310901,-0.755295767554917,1.15430859093348,-0.34476848053886,-0.296859544818942,-0.0869550913836323,-0.633910484386522
comm.and.crime_point_0411,comm.and.crime,regression,1,0.0125399340258664,anomaly,-1.0174414932053,-0.867866213748302,-0.138628602798245,-0.326143729202842,2.56615304273161,-1.90016924816189,-0.592122486177232,-0.103324437631854,-0.349350157880785,-0.584177697663477,-0.337911430842786,1.32173368638348,-0.0317506535508209,0.682832724400303,-1.15170276860673,-1.79404834513599,-0.056684368540964,-0.874299669303055,1.49100722539581,1.0904168953346,0.780313543219086,-1.23918622542406,-0.9955116260173,-0.36428070280995,-0.997114534054493,-0.688849968232438,1.36964193864286,-0.798985963523397,0.347766031238483,2.08765824385695,1.47259665067469,1.90940638773364,-0.964061379851424,2.45568705458425,-1.72994415092632,-1.31621856524083,-0.459353637846922,0.345745036678463,-1.24181009308225,1.69218282383531,0.202617329321249,1.55524724197176,1.610656499386,-0.1794909431453,-2.72763680951462,-2.91081590296345,-2.71558358514321,-3.04366798608359,0.406559606588398,0.30420847476134,0.402187462212296,2.87025954390342,-0.115382978305131,0.135969587839005,0.755617991073163,0.848260244467189,1.54958058734317,0.163856228721226,0.498760772557125,0.486720391900693,0.711692765590137,0.106216754462134,0.133869289154024,1.13137965390405,0.829062275178022,-0.248310029719587,-1.42111577700285,1.03487462497214,-1.28165566752533,1.25614709844634,1.7089889089199,-1.23321624918318,0.552851549544707,-2.52313304519396,-0.802823042251458,-0.204475052447428,-1.23467066795639,0.670299999286939,2.78167556684714,1.00313064626811,-0.733827980135861,-0.749282268400272,-0.718130441861903,-0.71300979991899,-0.585142193900484,-0.616079834918179,-0.581535976304412,2.41814189918453,-0.158881157964898,-0.227507430277758,1.36990753490974,0.370733261641266,0.235570302222313,-1.12021394047183,-0.579261189746669,0.0677021350979969,-0.360857437271886,-0.321861540250354,0.084427024235416,0.0363011161927887,-0.391348688885798,0.0446822618622457,-1.69562967538715,2.69812043462171,2.0105199783229,-1.01683029266498,-0.985685818113966,0.874849771726638,-0.230075729421995,0.547039635036561,-0.323496951900488,1.35695724140937,-0.599701730718649,-0.193271420973861,-0.0271763465708762,1.70930770535236,1.55146489056349,1.15986915838501,0.917566476161884,0.23524876409128,1.16869479715086,-0.391348688885798,-0.413219819433159,-0.0477867027019386,1.14097921304329,-0.662904928792817,-1.51174026063149,0.338588862534303,-1.80157323850618,-0.334146706962114,-0.11337289675326,1.43525374240874,-0.898012962874244,-0.8289128675117,-0.567472613338656,-0.22930318399663,0.348009760126863,-0.261089604692552,-0.619283391928622,-1.56531543697313,0.682832724400303,1.41815068347151,-0.66116427567861,0.351888984044347,-0.294515666436819,-0.0381763034178386,-1.01519223123925,1.3941712884829,1.87002518196809,1.7415692255838,1.17498848077744,-0.635123716067385,-0.846068711699873,-0.267933252874971,-0.244185898984547,-0.9955116260173,-1.05012998614479,-0.503041693998314,-0.994759483123667,-1.06368304617927,0.511987598838842,-0.307289207713733,-0.512579672044432,-1.34276811316667,1.17920255223971,0.744132303188673,1.37285536926462,0.214903302320632,-0.35568405855027,0.261208422753086,-0.433845179637909,-0.115382978305131,2.30490968715737,0.0257124696570293,0.881892456169426,-0.375210946038594,0.627044535799378,-0.393103207388005,-0.548100210488063,-1.44794492557797,-0.917186199337522,-0.453822940289352,1.14986631244269,0.930046029669001,-0.264778411457355,-0.333979422149212,0.825219881684049,-0.696638653067897,-0.44257322543477,-0.984372399164023,-0.569295082344151,0.348009760126863,0.766222769924772,0.682832724400303,-0.817460640601083,-0.600152808018174,0.441053158743122,0.682832724400303,-0.333979422149212,-0.394815653267903,-0.611535701313945,0.406559606588398,-0.373547480628615,0.0803778912572774,-0.187688592418646,-0.105678140049712,-0.58347083930006,0.0550186540907768,-0.144305290106824,-0.514522113788516,0.582081140579538,-1.23321624918318,1.8777825319135,-1.02220602282232,-1.38334975138032,1.18516679267579,-0.257506183800045,0.736598913158695,-0.42964182185941,-0.830849724959226,-0.210617258288034,0.799837073718665,-1.31621856524083,-0.230075729421995,1.03668055063147,-0.0434666408647052,-0.93654835490529
comm.and.crime_point_1750,comm.and.crime,regression,0.67,0.00182157133206744,anomaly,-1.0174414932053,1.22003874930914,-0.0598300184254683,-0.875873734300447,1.1062532926726,-0.547928542299685,-0.544247527234835,-0.447422857068877,-0.478219682404748,-0.723488865413399,-0.458028267120621,1.54496603964118,0.0462183158830917,0.682832724400303,-0.912882539758789,-1.52069409503657,-0.399640769102202,-0.481197144366448,1.49100722539581,0.550209117294346,0.541598415084864,-0.93654835490529,-0.472248714197789,-0.257216700834412,-0.880559949483478,0.221480193470925,0.550854342883945,0.5119120161247,0.113282667975565,0.94967388912165,0.207127241592105,0.526744751979124,-0.486034227261844,0.427703707171417,-1.21281089756117,-0.476239332141566,-0.117389421357558,-0.156964313720294,-0.221904671622559,1.41815068347151,-0.53838808979069,1.21272238136115,1.39279942030747,-0.826346068089685,-1.48986729066394,-1.65084195540321,-1.66415180479844,-1.7382325097634,-0.838906555258306,-0.494689340990077,0.12612488057673,1.0872330726274,-0.230075729421995,-0.868190997905353,-1.14079770961895,-1.28575565486694,-0.861049585201808,-0.684350728885536,-0.686008264773091,-0.696016939253532,-0.608454173918587,0.591078001573987,-0.503316572060594,-0.140449768739244,-0.272093994394233,-0.897080987655194,-1.23115098117636,-0.232948124244939,-0.520570831604059,0.255939762304904,0.665559692457595,-1.23321624918318,0.220547338478165,-0.873853487050458,-0.370866985519292,0.208804516335266,0.0352672065190975,1.01443522469408,0.805122423512198,0.082119409729878,-0.733827980135861,-0.662904928792817,-0.590607768331523,-0.940984519474898,-0.776275543828826,-0.69663215719134,-0.628395377288449,-0.000739682945828393,0.108107742239052,-0.279430266030745,-0.0919853710824933,-0.226875569169311,-0.586463083611209,-0.924450780392009,-0.468978398668724,-0.381127756467814,-0.613100909865359,0.134929855663671,-0.555677486507623,-0.662221689003069,3.18708996766172,-0.503041693998314,0.455215483407476,-0.453822940289352,0.0319996393835476,0.287943781650617,-0.870490792834442,-0.780009989472726,-0.230075729421995,-1.39676262025819,1.73081171717458,-0.0468999429701671,-0.176389105893484,-1.40638212283126,0.423866989262996,0.970725577571932,1.23816037624664,0.287579502381766,0.529882184604888,-0.708705024057152,0.329221661157051,2.35489493125532,-0.413219819433159,-0.504578098615964,-0.748828535159937,0.589566495515274,0.935299240366342,0.396048112908209,1.03312600205297,1.76021367214008,-0.639997445119629,-0.81022732312622,0.0686149044036935,1.63737639576255,-0.324717903551093,-0.493873574512357,-0.386102090172486,0.394542252695183,0.234103673382831,-1.56531543697313,0.682832724400303,0.486441406234567,1.34412777612236,0.478532181262003,-0.352113179076581,-3.00551104763739,-0.680708868864655,-0.0450487366494222,-0.826258750205395,-1.13687082468084,-0.286904425214791,-0.798985963523397,0.0639753050922037,-0.370281702344836,-0.626298265141257,2.61500246553732,-0.862692382208638,-0.822547334916973,0.441053158743122,-0.669765384924741,-0.275847723670213,-0.484226741696171,0.516875090109185,-0.96480656352602,1.82817078159176,0.964697885344563,0.166211111412584,-0.425870058168848,-0.35568405855027,-0.114546206205749,0.504088273413761,-0.34476848053886,-0.826258750205395,3.6817581761754,0.0881812846222431,0.112378141086133,-0.524905716995868,0.751142542658244,0.939664314033033,0.612267041899781,0.352751675137971,0.570558656556745,0.155666779985624,0.826966057285032,-0.611019470771741,-0.333979422149212,1.23819966399899,-0.506122969993337,-0.527054463374357,0.0391120955346223,-0.484813844404564,0.00542422998716656,0.117254540572726,0.682832724400303,0.269995710086597,-0.555594417312278,0.540074720251176,-1.56531543697313,0.218145741121919,0.012169761977951,1.20481091438719,0.406559606588398,-0.56760401811193,2.15820552306506,-0.499564470154296,0.678222204090259,-0.93654835490529,0.910347635987851,1.3941712884829,0.669622812085821,0.0665195294718176,0.726172755495118,-0.7440181099252,0.596228538295973,-1.38334975138032,-0.629843707397574,-1.11211207947793,-0.0654521195474263,0.803028383590466,-0.370281702344836,0.312645653531477,2.41256742763201,-0.723292047758998,-0.115382978305131,0.9853905469603,-0.739281849167541,0.526201352602092
comm.and.crime_point_1013,comm.and.crime,regression,0.29,0.0241729236376791,anomaly,-1.20039562229281,0.176086267780421,-0.217427187171022,-0.142900394170307,0.593315542651865,-0.670859515559886,-0.11337289675326,0.326798586664425,1.77699699676461,2.13239007346,2.30465896726958,-0.18508469810596,-0.109719622984733,0.682832724400303,-0.578534219371668,-0.263264544579206,-1.42850997078591,-0.481197144366448,0.16626443468128,0.775295691477787,-0.234225751351356,-0.58347083930006,-0.419922423015838,-0.36428070280995,-0.181232442057388,-0.324717903551093,-0.523804376549633,-0.525882217763377,-0.199361816374992,0.42445034078228,0.300865716338963,0.181079343040496,-0.390428796743927,0.773944766485803,0.108751861038678,0.0178660990932967,0.965497264192096,-0.20723524876017,-0.758696998706609,0.65086069045285,2.31163275294754,0.870197520750541,0.739228183071879,-0.56760401811193,-1.63839963292602,-1.60238141895859,-1.5270085291013,-1.89488476692182,0.0507121317750543,-0.380561081597017,-0.0579168405136468,1.39165222625989,-0.230075729421995,0.272900576804145,0.328924458417437,0.15346437026538,0.0621704808792462,-0.0481955106804643,-0.00899738629868194,-0.10464827367642,-0.140014937318717,-0.510879378225678,0.08835601335298,0.012169761977951,-0.324530007231007,-1.07401852163763,-1.10450778395871,-0.444251915781118,-1.89052353626235,0.113052999998984,1.18727430068875,-1.23321624918318,-0.0452960303750682,-0.822313500858473,-1.88271318408187,0.805763893465824,-0.440959496409212,-2.12579870714607,0.475696899623041,0.27601651215898,0.246456615393843,0.244057137085456,0.174528272850755,-0.0746805851624468,0.179391205812885,0.108891065540274,0.121355038456154,0.471237211128387,2.03042782370749,1.1744091350529,-0.0919853710824933,-0.226875569169311,-0.110549018128644,-0.924450780392009,-0.910109562980505,-0.829957648033625,-2.0761130509075,-0.504578098615964,0.970725577571932,-0.00735655913195239,-0.391348688885798,3.1028076820837,0.283147870703906,-0.217427187171022,-1.10564955550658,2.18579698065512,0.339056972600567,1.44549106869194,-0.230075729421995,0.115083578304395,0.475400863850929,0.763017663402644,-0.123475027790339,-1.29609933175331,-0.54265444466673,-0.851110337619796,-0.485014452496014,-1.31161820029084,-0.00318371628598076,-0.0597367947051054,-1.1522015200085,3.18708996766172,-0.504578098615964,-0.504578098615964,0.43905062085352,-1.05160295702636,0.592713710226646,1.08555911739508,-1.54387330754626,-0.898012962874244,-0.400622650407643,0.100102838577144,0.43110035463292,-0.554880727147895,0.282168870917816,0.0352672065190975,0.396950550146819,-0.711836506646619,0.992669953659678,-1.56531543697313,-1.56531543697313,1.41815068347151,0.518419284204312,1.17506976595912,-0.236918153797056,-1.40771541613455,-0.107308819079628,-1.13687082468084,-0.478351146053977,-1.18649910140954,-0.189444898148642,-2.10988394317149,0.171039307067742,-1.24024352283868,-0.578534219371668,1.30684518598855,-0.722114179256525,0.364187902780905,0.0449669127109041,-0.844839901037864,-0.0132359495005283,-1.78176865756739,-1.00671795787817,0.601034142128082,0.766222769924772,-2.95034119792249,0.453507363282115,0.855676662810112,-0.433845179637909,-0.543980067872989,-0.35568405855027,-0.34476848053886,2.43537503871415,-0.533447461928133,0.617322065653698,0.112378141086133,0.339056972600567,-0.669300457399169,-0.930668231079202,0.0311816151752862,-0.758443965028085,-0.453822940289352,-1.04783791719925,-0.822313500858473,-0.709945487718708,-0.333979422149212,0.943214105202603,-0.220349445381496,-0.527054463374357,0.550854342883945,-0.527054463374357,1.13106240044617,-2.36062415331691,0.682832724400303,-0.938289124010825,1.85055868080609,-0.598673237091449,-1.56531543697313,0.218145741121919,-0.445688830173635,2.80995443523935,-1.90644897969834,-0.632289530606369,0.417322912631512,-0.343626531286471,-0.203665683067209,1.03059780346671,-0.125050605255976,-0.293190120292925,-0.653833281538438,-0.636519031129619,-1.23321624918318,3.66060696836382,-0.352508963049232,1.17800805584479,-0.669300457399169,-0.00615150860066679,-0.466477635900487,-0.00294828920368394,0.294983219209284,-1.2048167907451,0.68464204843914,0.857845332192564,0.572773528396057,0.780230532275621,-0.347885794497196,-0.58347083930006
comm.and.crime_point_1909,comm.and.crime,regression,0.09,0.226487547136358,nominal,-0.346609686551107,1.56802290981872,-0.138628602798245,-0.692630399267912,-0.629843707397574,0.845289154649251,-0.44849760935004,-0.576459764357761,0.101693177953087,0.59996722821086,0.623023259379894,-0.0176604331626889,-0.109719622984733,0.682832724400303,-0.674062310910845,-0.208593694559321,-0.056684368540964,-0.144252122992213,-0.0641256158777693,0.595226432131034,-0.234225751351356,-0.533031194213599,-0.367596131833887,-0.524876705773258,-0.181232442057388,0.160791516024035,-0.114410578670175,-0.580502966915381,-0.121200695287352,0.380681711753999,-0.542780556382761,-0.559632247542278,0.135401071104611,-0.0669263775634199,-0.00616663970913513,-1.26680802211735,1.42144955284458,-0.659673664119051,0.261208422753086,0.760473546598372,0.658620664159367,1.21272238136115,1.06601380168967,-0.955717093078561,-0.747205579353531,-0.487789080732225,-0.429862323524147,0.0371597380320633,0.643791256463961,0.30420847476134,-0.149937701058835,-0.0434666408647052,-0.230075729421995,-0.320467042044794,-0.42964182185941,-0.789472887579932,-0.912339588872978,-0.514709337364183,-0.516755545154489,-0.569295082344151,-0.608454173918587,0.546999706382,-0.548829847861638,-0.700054714702294,-0.7440181099252,-1.01503934364349,-0.724578192305735,-0.708381655201343,-0.875743755033986,-0.601380811530617,0.665559692457595,-1.23321624918318,-0.178217714801685,0.0538662644052637,-1.01880107061754,-0.479994764969224,-1.02301435554381,-1.9537310944425,-0.14197595766913,0.566862165802633,-0.466477635900487,-0.490150249577908,-0.505592652644603,-0.4394401364519,-0.346225506490056,-0.374422868098694,-0.534676575320374,0.0582574288134486,-0.799654518454378,0.862872120534973,0.00547415598365529,-0.226875569169311,-0.49993325352347,0.543772920206689,-0.854968167441532,-0.281387780564301,-0.310408742753192,0.317646414029282,-0.752632720582405,-0.31296028640514,-0.391348688885798,0.592406217722805,1.18650283739765,-0.453822940289352,-0.858334513139159,-0.542366992913852,1.77899478859462,-0.780009989472726,0.458080777279193,-0.100894450061688,0.532464993547459,-0.910812056434499,-0.388045418306067,-0.524119794207697,-0.091611108832858,0.724531534978455,0.768203604771372,-1.21469712740159,-0.245486398509103,1.35619388751754,0.526744751979124,-0.391348688885798,-0.413219819433159,-0.504578098615964,-0.370866985519292,1.02145319355255,-1.12021394047183,1.71761087150805,0.156946236789233,-1.01884144628399,-0.687872404062027,0.282168870917816,1.27689973850112,0.760473546598372,-0.749538645679329,0.299837597034825,-1.36491789057162,0.558450217042117,-0.714104176963228,-1.56531543697313,-1.56531543697313,0.486441406234567,-0.0713724957371486,0.0986025896090331,-0.121723128517532,0.4183367341544,-0.919625556275082,0.302349200451482,0.304440963286713,0.252720923722782,-0.0919853710824933,-0.307399221155361,2.04465934163967,0.243808994474351,0.0901624214025735,0.94056114771489,1.15226186010498,0.911911858641464,-0.0540546487971503,-0.275847723670213,1.08097977620649,-0.66116427567861,-0.84200519593359,-0.748828535159937,0.766222769924772,-0.524119794207697,-0.695677644196011,-0.158881157964898,-0.277522937462631,-1.02709316224863,-0.35568405855027,1.49031553733097,0.173975611729931,-0.40441055463925,0.617322065653698,-0.0965886105387498,-1.33127089395254,-0.35364645738641,-0.420577536957683,-0.232948124244939,-0.123475027790339,0.0977671503200851,1.14986631244269,0.00232627821327909,2.10944599526986,0.12612488057673,-0.649707912297875,0.398826524610824,-0.231370130585801,-0.728501275489362,-0.44257322543477,1.42470714056591,1.17920255223971,0.682832724400303,-0.253594384688952,-0.867503152253548,-0.747205579353531,-1.56531543697313,-0.241958561604024,-0.343942476362171,0.486720391900693,-0.00859578069383644,1.56701789420454,-0.930457172865427,0.124187285317004,-0.644609626645943,0.576640997688553,0.955364950824539,0.649747137552387,0.251689308836056,0.160258004218676,-1.23321624918318,-0.953762161272296,1.43334986301233,-1.38334975138032,-0.590386957395979,-0.458589923959548,-1.00117832437123,0.897849168625072,0.294983219209284,2.77198133908318,1.203019662197,-0.278597159647621,-0.230075729421995,0.780230532275621,-0.869747200724323,-0.93654835490529
comm.and.crime_point_0415,comm.and.crime,regression,0.1,0.232069404846281,nominal,0.324222120103087,-0.867866213748302,-0.296225771543798,0.773316280992368,-0.156362707378436,0.312588270521716,0.0302519800739321,-0.318385949779994,1.00377984962083,1.29652306696047,1.16354902263015,-1.18963028776559,-0.343626531286471,-0.126500613694132,0.663330970637638,1.21284840595769,-0.497628312119698,-0.53735464792882,-1.04328333075373,-0.845327642642986,-0.7116560076198,0.47576170751563,0.155666779985624,-0.0430886968833349,1.04259069593827,0.403546225811598,0.346157443944216,0.293429019516684,-0.35568405855027,-0.888608530066145,-0.683388268503048,-0.411489929425723,-0.199217935708095,-0.709945487718708,1.02809986702118,-1.51386073773478,-1.02929399866253,-0.659673664119051,-0.490300835164584,-0.33565501485685,0.772621497868896,-0.614076875228766,-0.513450021629662,0.0145655943380156,0.490563939497149,0.432961111715639,0.53014060635586,0.35046425234891,0.347251694119508,0.36127260445787,-0.241958561604024,-0.217420442940414,-0.230075729421995,-0.822547334916973,-0.619283391928622,-0.193933566835524,-0.399439552161281,-0.59953003312486,-0.516755545154489,-0.44257322543477,-0.480698018482259,0.28252993523008,-0.412290020458506,-0.29306929945644,-0.272093994394233,0.282502572227728,0.22524578682669,0.189659458827421,0.443469960562887,-0.410865128456057,0.143845084226443,0.726172755495118,-0.178217714801685,-0.822313500858473,0.43905062085352,-0.617754621230122,0.246923518931679,1.74572257868425,-0.677292433989011,-0.0148291414846731,-0.0654521195474263,-0.0582635515406352,-0.0380095163665442,1.52114245172891,1.08727461797251,0.713033482588985,1.2928400630571,-0.708705024057152,0.642085542646951,-0.175584594524771,-0.286904425214791,-0.226875569169311,-0.413403423435731,0.10330581002708,-1.02039235405845,-0.979567611888896,0.0931808133963657,1.77937888095416,-1.04806557169458,-0.31296028640514,-0.391348688885798,0.729337206687944,1.27253664374943,-0.0598300184254683,0.872870783432771,-0.898214467727196,3.0461400666694,-0.837074119169256,-0.34476848053886,-0.20888346424473,-0.951202378562316,0.871006677585685,-1.07592843364696,-0.303554212051806,0.681606038310923,-0.0140505928019747,0.35046425234891,0.384500575271014,-0.00318371628598076,1.35619388751754,0.872410160917752,-0.391348688885798,-0.595936377798769,-0.413219819433159,0.277067099578957,2.36030195746809,1.08212161042621,0.453507363282115,0.363106181557171,-1.17994609083031,1.51437570728825,-1.23504806525446,0.99496661054505,1.47295711154427,-0.628161290785547,-0.758443965028085,1.22894398048608,0.517473225955383,1.65641544890192,-1.56531543697313,-1.56531543697313,0.486441406234567,0.813315174175043,-0.407970199261594,0.799837073718665,-0.722945859776196,-0.394008843972142,-0.193933566835524,0.0435102601731493,-0.590959780665129,1.17498848077744,-0.471261468611373,-0.899600712687643,-0.882023949694159,0.281218604480928,1.83010809780806,-0.487817174336336,3.1028076820837,-1.7869319751881,-0.232079094641932,-0.844839901037864,-0.0123933177430025,-0.347866910099853,-0.856817549342979,0.176251652332003,-0.303554212051806,0.108751861038678,-0.799654518454378,2.45811630060474,-0.758696998706609,-0.121200695287352,-0.115382978305131,0.217464062248858,-0.232361344920738,-1.02301435554381,-1.69866703966285,0.68464204843914,-0.629843707397574,0.217035830694215,-1.44794492557797,-0.970100277440667,1.7525374221484,-1.36179566429096,0.517726140133124,0.823407774959287,-0.241958561604024,-0.531713688779321,-0.506122969993337,2.97891691111852,-1.13789507336882,-0.738257558223326,-1.02233236043192,-0.94469347109426,0.682832724400303,-0.898012962874244,-0.0208937288415306,0.0449669127109041,0.682832724400303,-0.241958561604024,-0.547435183985099,-0.696016939253532,1.6520257684351,1.5023323817101,-1.43587470492678,-0.499564470154296,-0.742597169663439,0.1226841919104,0.235087913437529,-0.888729441037333,0.112378141086133,0.0196502920983885,0.726172755495118,-0.48183804574133,-1.9151354358531,-1.50531917077199,0.711685792656649,-0.358048053879797,0.602923741041008,2.32016094414416,0.806725466558606,-0.315269840651936,2.00938483915367,-0.476239332141566,-0.34476848053886,0.934100543289131,-0.521839596572905,-0.785229419645906
comm.and.crime_point_1415,comm.and.crime,regression,0.1,0.093274070214533,nominal,0.0192985716239078,0.87205458879957,-0.217427187171022,-0.875873734300447,-0.235276207381626,0.59942720812885,-0.544247527234835,-0.576459764357761,-1.05813254276258,-1.42004470416301,-1.11867086664871,0.931077068182516,-0.187688592418646,0.682832724400303,0.663330970637638,-0.0992519945195506,-0.350646997593453,1.65278799100371,0.799837073718665,-1.1604488464998,0.959349889319753,0.879278868207322,1.20219260362464,1.18814732583536,-0.0646778574863729,2.64902729134656,0.141460545004487,0.730395012732716,-0.35568405855027,-1.06368304617927,-0.683388268503048,-1.00405920189194,1.61728524413231,-1.10564955550658,0.22367036178649,-0.278597159647621,1.2504674445999,-1.21265394955768,1.54951000775481,-0.664493583293417,-0.823390174064514,-0.214464537849722,-0.404521482090398,-0.56760401811193,0.738117843267285,0.820645403272635,1.07871370914443,-0.485014452496014,-0.245827430569399,-0.152304562810898,-0.333979422149212,-0.869747200724323,-0.34476848053886,-0.639972682963453,-0.998566532067046,-1.03761427122343,-0.60459956684596,-0.641940381005198,-0.686008264773091,-0.696016939253532,-0.65103955906403,0.679234591957959,-0.503316572060594,-0.496562007079367,-0.48183804574133,-0.66116427567861,-0.597934995088079,-1.28946708192584,1.20455479648416,-0.744267573836537,-0.435837813808171,0.726172755495118,-0.37760024144161,0.672346098709078,1.08698470595177,-0.342234908708326,-0.0705609496871936,-0.706240902341621,-1.04789614836431,-1.08126320484473,-0.199127291665113,-0.187829560951817,0.00449804147691576,0.335673910038188,0.22717454329497,0.0686149044036935,0.308792642392304,-1.18068191813137,-1.2268367587807,-0.850581459313604,-0.286904425214791,-0.226875569169311,-0.672992913698949,0.348009760126863,1.07498067642251,0.666141990519079,0.597667758583312,-0.413219819433159,0.084427024235416,-0.31296028640514,-0.391348688885798,-0.457398031009934,0.928401418342293,-0.0598300184254683,-0.907797521612643,-1.55060150488499,0.223861947321042,-0.266432822203958,6.42210383535615,-0.154888957153209,-0.323496951900488,0.43905062085352,-0.970100277440667,-0.138130025434889,0.230562702477051,-0.407961060951538,-3.04366798608359,-0.148565325619854,0.966027012606508,-0.649707912297875,-1.54724770165264,1.56430964666924,-0.413219819433159,-0.504578098615964,1.14097921304329,-0.403772909970454,0.152246600047036,0.683344364777741,-0.203833666554659,-0.777184479464502,1.65800058411544,3.43798009815614,0.753309643725566,-0.8289128675117,-0.688849968232438,1.51686139340717,0.0543650200071232,-0.015227658172151,0.37633485093474,0.682832724400303,0.682832724400303,0.322022122016284,1.81596120007553,-0.534613396479251,-0.121723128517532,-0.494689340990077,0.0360411933666282,-1.23612737813824,-0.956724101762177,0.94751679792459,-0.286904425214791,0.0203252737566635,1.83053133768859,-0.933198174429091,1.52308379449023,-0.158290967106083,-0.862692382208638,1.9617161073742,-1.2423133868938,-1.01991441715099,-0.582228126868179,0.164544216239436,0.599231471081475,0.223072592487436,0.530234322887664,-1.46152351837023,1.08555911739508,0.481892202524582,-0.433845179637909,-0.329263137039369,-0.277522937462631,-0.230075729421995,-0.217420442940414,-0.533447461928133,-0.493873574512357,3.52550175095922,0.511849510519854,-0.669300457399169,-0.803145557548822,0.559441094015736,-0.652615808821794,-0.375024355916575,-0.158290967106083,-0.255373652746643,0.971796800379738,-0.241958561604024,0.648228546406218,-0.744267573836537,-0.696016939253532,0.0902863202695546,1.50049524717574,0.739536080286516,1.35619388751754,0.682832724400303,2.28380376691563,0.736598913158695,0.936160966283394,0.682832724400303,-0.149937701058835,0.673521061752464,-0.696016939253532,0.347251694119508,0.143936619326893,-0.53735464792882,0.0462183158830917,2.00105403482646,-0.58347083930006,-0.395154494276104,0.252720923722782,0.739278395960782,0.160258004218676,0.726172755495118,0.252266133973507,-0.18508469810596,0.507176249190595,-0.629843707397574,-1.11211207947793,2.11790902504146,-0.524462606894016,0.294983219209284,3.08593908617488,-0.467308204356106,-0.377418245894594,-0.34476848053886,-1.78426965128286,0.304440963286713,-0.280832968781291
comm.and.crime_point_0044,comm.and.crime,regression,0.22,0.0908926483630938,anomaly,-1.38334975138032,-1.56383453476745,0.255364319065638,-0.570468175912889,-0.629843707397574,0.394542252695183,0.173876856901124,0.455835493953308,-0.864828255976639,-0.653833281538438,-0.578145103398456,0.038147655151735,0.280125224184829,0.682832724400303,0.94991524525517,0.0100897055202199,0.0902969459852806,0.81042543756812,-0.294515666436819,-0.620241068459545,0.72063476118553,0.879278868207322,1.14986631244269,1.13461532484759,1.50880903422233,0.646300935599162,1.01142236549834,-0.198157722851353,-0.121200695287352,-0.582228126868179,-0.823995980623335,-1.1522015200085,1.04365266102481,-0.462630445351289,0.568425864029928,-0.476239332141566,-0.288371529602239,-1.06184114443806,1.06639691337916,0.596054262380089,-0.196385588662103,0.813110043982106,0.684763913302247,-0.891031580584123,0.342031597235068,0.384500575271014,0.758712732517766,-0.0150576810207445,-0.542366992913852,-0.323496951900488,-0.149937701058835,-0.347885794497196,0.228695275045463,0.683693543699564,0.660797206038557,0.649747137552387,0.575070517590943,1.01206318632799,0.87957939169898,0.824645343659043,0.711692765590137,-0.290487902265745,0.406948943960289,-0.343942476362171,-0.376966020067782,-0.484226741696171,-0.724578192305735,0.0311816151752862,-0.165397908174131,0.0177951584617036,0.259781663833366,0.726172755495118,0.287008180691474,-0.255373652746643,-0.0468999429701671,-0.75551447749102,-1.60506921467841,1.53063806280479,-0.883183386419734,-0.548046173164703,1.6723251179825,1.84203791982337,1.87483058658915,1.70352222737364,1.61289133027545,1.88104215554983,1.57399646896132,0.884216993443326,2.08382560374828,-1.00634996657257,-0.286904425214791,9.73327161100698,0.668219452661009,-1.2670363105317,-1.84751328714304,-1.17904756369592,-1.06713916053361,0.409004693212087,-0.457199869470233,-0.0510142344566935,-0.391348688885798,1.18577383657174,-0.319088773758589,-0.217427187171022,0.130925656330515,-1.37267776747832,-0.179320641157294,-0.722945859776196,-0.000690227188266011,0.00709456412135369,-0.894138248865786,0.655028649219603,-1.28758474605954,-0.082988629895916,-0.284915395618803,-0.407961060951538,0.141594576137679,1.25679023127425,-0.536249617176849,-1.18068191813137,-0.0164437477815769,-0.391348688885798,-0.413219819433159,-0.230503261067549,0.169078085395916,-0.403772909970454,0.494832130186732,0.453507363282115,1.03312600205297,-0.374422868098694,-0.687872404062027,-0.203340548657311,0.0283387432671127,0.486441406234567,1.25318771006807,0.141095362725389,0.886358450346385,0.681381190302317,-0.619283391928622,0.682832724400303,0.682832724400303,0.815279974671134,3.17248229394089,2.44150173813568,2.18217737707296,-0.0381763034178386,0.179391205812885,-0.590959780665129,-0.956724101762177,0.302349200451482,-0.286904425214791,-0.0889162245473447,0.492231312994358,0.141460545004487,-1.00841063129797,-0.890859043653398,-0.956411184176713,0.181613250827385,1.28273643156158,-0.450922239783337,0.468218969810561,-0.838101809661048,-0.594936053016721,0.331061606670478,0.117254540572726,0.413283929954837,0.338588862534303,-1.70741677914781,-0.277522937462631,-0.382942369747774,-0.35568405855027,-0.115382978305131,0.782813918994912,-0.533447461928133,-0.388045418306067,-0.166244194413711,-0.812893280194679,-0.708757207400764,-0.845653115392282,2.24987142630517,1.62268954961346,-0.453822940289352,0.574277109441232,0.981586015860986,-0.957260530086126,-0.333979422149212,0.766222769924772,0.970373573834504,2.17634515069244,-0.267933252874971,-0.527054463374357,1.18000319046612,1.4741881110361,0.682832724400303,-0.65635599605476,1.04850764809996,0.63909628175923,-1.56531543697313,-0.333979422149212,-0.750927891608026,-0.358091987495182,0.999638731277305,0.27330764431577,0.417322912631512,0.358094193618742,-0.350646997593453,-0.280832968781291,1.31550346951804,-1.03761427122343,-1.00211120091324,-0.495911319009332,-1.23321624918318,-0.376966020067782,1.43334986301233,0.812099797669774,-0.4325599573896,0.647370646917718,0.335573396805634,-1.70972241982659,-0.216759028140039,0.207993071167575,0.91503209899819,0.116687185340269,-0.000690227188266011,-0.50201955950362,2.18096542220705e-05,-0.93654835490529
comm.and.crime_point_1932,comm.and.crime,regression,0.12,0.137741560240621,nominal,0.324222120103087,1.56802290981872,-0.217427187171022,-0.814792622622935,-0.550930207394384,0.640404199215584,-0.256997773580451,0.111737074516285,-1.05813254276258,-0.166244194413711,-0.397969848981704,0.98688515649694,-0.187688592418646,0.682832724400303,-0.14865780744537,-0.317935394599092,-0.546622083628446,0.13653539481965,0.91503209899819,-0.75529301296961,0.00448937678286525,-0.129514033521907,-0.0536383847421805,-0.203684699846642,-0.00640056520086566,-0.688849968232438,-0.114410578670175,0.0203252737566635,-0.277522937462631,-0.538459497839898,2.17563521127613,1.56374097879501,-0.916258664592466,0.130925656330515,-0.00616663970913513,1.25312967718045,-1.77021646772282,1.35116373747598,-1.13445162766544,-0.390461442929611,0.373618579885543,-0.556989398460331,-0.513450021629662,-0.438232993123054,0.143988474218959,0.239118965937142,0.392997330658716,0.193811995190487,-1.25406194254054,-0.551753470686607,-0.333979422149212,-0.695793398648614,0.114002523928599,0.272900576804145,0.328924458417437,0.351977477180183,0.267330495563925,1.98750118757576,1.93740888931524,1.92290143687368,1.7763273942262,-2.00954141475322,1.63580739058848,-0.394815653267903,-0.48183804574133,-0.543205919690318,-0.534613396479251,-0.0744702805928035,-1.43387263470959,-0.125091603844216,1.65102061911644,-1.23321624918318,-0.311139399228302,0.620806112517094,-1.45075712734971,-0.663674573317088,0.723150221859989,-1.9537310944425,-0.594936053016721,0.469913614588082,0.914832475982277,0.762321174730183,0.514588735598435,0.609243573505277,0.65722458063374,0.592204999179243,0.636808449280568,-0.649707912297875,2.08382560374828,3.09555405791342,-0.286904425214791,-0.226875569169311,2.18249147919645,0.00542422998716656,0.799273698727645,0.366922062808537,0.345424285989838,-0.595936377798769,3.77733766313757,0.429220194115458,-0.391348688885798,-1.14205297583563,1.65968877233247,-0.453822940289352,-1.10564955550658,0.762407081401742,0.223861947321042,1.61668345778153,-0.230075729421995,-0.154888957153209,-0.665881730079667,0.817012170494165,-1.07592843364696,-0.413837003129751,-0.735958731452675,1.16768081164671,-0.485014452496014,-0.197025862064479,-2.37775000207258,-0.0597367947051054,-0.757155338364351,1.273041383927,-0.504578098615964,-0.321861540250354,1.41095174850089,-0.792470938203999,0.152246600047036,1.43031461963852,0.826966057285032,-0.69663215719134,-0.496372568292438,-0.446095258444874,0.229719548950016,0.102796409725239,0.0394141611302526,-0.864272121234376,1.27788477050604,-0.834767479906819,0.234103673382831,0.682832724400303,0.188240128898148,-0.280848586784089,0.813315174175043,0.22524578682669,0.742239561078903,-0.494689340990077,-0.824058881310911,0.699375414281087,-0.695793398648614,-0.0946770133781229,-0.286904425214791,-0.580502966915381,-0.631940707748796,0.141460545004487,-0.912882539758789,-0.576901296561691,0.683667850264606,0.774980869676324,0.441053158743122,1.03721114717821,-1.01991441715099,-0.779122631666902,-0.553757862530577,2.05888583359914,-0.295725241742213,0.0272941611820292,-0.523299893074292,-1.70741677914781,0.113282667975565,-0.060866973497344,-0.199361816374992,-0.230075729421995,-0.739281849167541,-0.576459764357761,0.299837597034825,-0.166244194413711,0.396654485240329,-0.708757207400764,0.132020715007295,-0.655555707317298,0.458579831344262,-0.453822940289352,-0.00131209356022966,0.46618615394114,-0.215315402983871,-0.0579168405136468,-0.413719465260767,-0.458494049224697,-0.315851368525389,3.46778515277508,-0.315851368525389,1.37576635054595,3.0081130167773,0.682832724400303,0.672757321452404,-0.377360854488696,-0.747205579353531,0.682832724400303,-0.333979422149212,3.47154579156771,0.90912658159863,-0.00859578069383644,-0.826346068089685,0.698110430443375,-0.499564470154296,0.482247118055266,0.929718513293784,-0.845327642642986,-1.58352531523914,-0.79314444928836,-0.0740881826484698,0.726172755495118,-0.848890135598748,-0.408317051363656,0.934069217061446,-0.472016707391195,-0.5591317940393,1.00394925739407,0.565976421003951,-0.728501275489362,0.521950818259281,-2.71361119730684,-0.575060418388539,-0.230075729421995,0.0621704808792462,-0.347885794497196,-0.58347083930006
comm.and.crime_point_1567,comm.and.crime,regression,0.27,0.02648369502936,anomaly,1.17800805584479,0.87205458879957,1.7525374221484,-0.0207381708152835,-0.037992457373652,-0.384020577952752,-0.304872732522849,1.18704463525698,1.1326493741448,1.43583423471039,1.46384111332474,-0.687357492935775,1.76153564342917,0.682832724400303,-0.721826356680434,0.447456505679301,2.49099174991394,-0.593512151491192,-0.697698254915155,-0.0800332904192877,-1.2487650459218,-0.633910484386522,-0.576901296561691,-0.41781270379772,-0.705728072626956,-0.0212745163166381,-0.4726301518147,-0.96284821097941,2.06731069516655,0.94967388912165,0.347734953712392,0.181079343040496,0.231006501622527,0.229851673277482,-0.00616663970913513,-1.21739747899386,1.36445551676302,-0.458589923959548,-0.00718774078893893,-0.116429302565806,0.601620247304602,0.185147799529322,0.0311926760666601,0.208622131821331,0.0944776934649314,-0.148565325619854,0.164425204496809,0.193811995190487,-0.00859578069383644,-0.0381763034178386,0.494208322757484,-0.0434666408647052,0.114002523928599,1.09448651059498,0.803028383590466,0.94751679792459,0.882810539617961,-0.217836902201817,-0.305189645631236,-0.315851368525389,-0.352941863045931,-0.643114263801638,0.08835601335298,0.26653564650661,0.0949580954631852,-0.130351673731295,0.161924188217862,-0.180122176360894,-0.419092853481222,0.541713286916744,0.375718243440288,-1.23321624918318,2.54667681594396,-0.976933459434427,-0.532850506793854,0.62208408511796,-0.017646871584048,0.455215483407476,0.846300613998343,0.27601651215898,-0.822944761547652,-0.749282268400272,-0.760637999705362,-0.621819912096626,-0.632925531382569,-0.616079834918179,-0.722114179256525,1.23819966399899,-0.372472278128058,-0.279430266030745,-0.189444898148642,0.370733261641266,-0.54319816856734,0.788476870306472,-0.634402585285642,-0.381127756467814,0.496770369545922,2.14481199768538,-0.407961060951538,-0.487590987704104,1.60591939848956,-1.46155861675429,-0.0609873547032339,-0.375024355916575,-0.957260530086126,0.881022906339523,-0.294515666436819,-0.951202378562316,1.37562278621411,-0.694834028068417,-1.86422845370679,-1.23477909898362,-1.49924105847212,1.24040486303943,-0.671523969190694,0.67529272645976,-0.58944929060163,0.190658429492517,-1.26315766384622,-2.00664148276125,-0.362109156720205,-0.391348688885798,-0.0477867027019386,0.134929855663671,0.00709456412135369,-0.922036947615181,1.27788477050604,0.108751861038678,-0.822313500858473,-0.535527512645018,0.317501733728316,-0.81022732312622,0.511652676906082,-1.43178357631207,-0.749538645679329,1.56977547151032,0.348009760126863,0.107703315088049,-0.666693784445925,0.682832724400303,0.682832724400303,0.760473546598372,0.40046092821602,-0.724578192305735,-0.0641256158777693,-1.06533063795537,0.848357930562082,0.00457954007927846,-0.782770299686468,0.798631967738489,-0.286904425214791,-0.0342954753953406,-0.953132713675412,1.62551306231752,0.663330970637638,0.417298235895379,-0.159801367448073,-0.731260008940213,0.688607062513258,-0.10077320755709,0.599524856895403,-0.838101809661048,-0.594936053016721,2.00489132650762,0.353242987609834,0.523566721032782,0.338588862534303,0.855676662810112,-0.35568405855027,0.100170724627871,-0.433845179637909,-0.230075729421995,3.26165559857376,0.197761679375541,0.0352672065190975,0.530311644335899,-0.697698254915155,0.790599292659839,0.259543388537675,0.612267041899781,-0.176389105893484,0.176565734692862,1.09754002126074,1.08466598824495,-1.25403858092703,-0.241958561604024,-0.236728129982936,3.87573774072154,-0.653776320283739,-0.830849724959226,-0.315851368525389,1.18000319046612,0.353242987609834,-1.56531543697313,-1.13966992969373,-0.912061542959443,0.787628624021312,0.255684573739351,-0.241958561604024,0.673521061752464,-0.358091987495182,-0.423751167976071,-1.47320119303407,-1.09892968355255,0.436063163052654,3.47086718008891,-0.684350129472983,-0.890344957479674,-0.342818397021626,-0.932455617038282,0.253996478965534,0.726172755495118,0.252266133973507,-1.6919030825954,-0.468579105942779,0.435488542645486,-0.709944599158927,-0.822944761547652,0.328924458417437,0.65320279235381,-0.629227587743642,0.223861947321042,-1.41503965148781,3.32539955520081,-0.245569541147772,-0.91323565124325,0.727959932947938
comm.and.crime_point_0330,comm.and.crime,regression,0.34,0.0237390337087519,anomaly,-1.38334975138032,-1.21585037425788,-0.138628602798245,1.07872183937993,-0.629843707397574,-2.26896216794249,4.0517485312353,2.26235219599768,-0.156045871094839,0.251689308836056,0.0824974961296363,-0.0176604331626889,-0.0317506535508209,0.682832724400303,-0.0531297159061927,-0.0445811444996654,-0.595615855137194,-0.481197144366448,-0.467308204356106,1.0904168953346,-0.7116560076198,-0.23039332369483,-0.315269840651936,0.171039307067742,-0.00640056520086566,0.342857548364707,-0.370281702344836,-0.0889162245473447,-0.043039574199713,0.42445034078228,0.910165802193541,0.576125524684642,-0.103612505190179,0.0814626478570313,-0.293462891578667,-0.179776073400649,-0.516347673928482,-0.0564224436405426,-0.329263137039369,-0.445267871002372,0.715621081014131,-0.100289584312853,-0.241128672781501,1.56701789420454,-0.103565429551178,-0.148565325619854,-0.475576748756528,0.454899090454526,-0.838906555258306,-1.29358715674149,-0.149937701058835,0.173975611729931,0.916851781746651,0.729337206687944,0.803028383590466,1.09640162811069,1.34442057265849,3.4718633633876,3.46068336588266,3.44356371978626,3.47974280004391,-3.46412515608878,3.86595790483965,2.19971636892442,2.0875265832606,1.28514859812821,0.858461772914973,1.72161194746473,-1.23091667846391,3.73285097841562,1.53508403950952,-1.23321624918318,-0.311139399228302,0.723886084901063,-1.01880107061754,-0.250395004534394,-0.758443965028085,-0.792274708693406,-0.594936053016721,0.082119409729878,1.49409155515892,1.79884925001964,1.91733814443261,1.20197784435064,1.08727461797251,0.99496661054505,0.964824256168832,1.29719677575826,1.49645002329959,-1.11019563807854,-0.286904425214791,-0.226875569169311,3.39390910042479,-1.16915473049179,-0.634402585285642,0.516532026663808,-0.411306131790581,-0.504578098615964,2.54636745017018,0.4728778694402,-0.391348688885798,0.272900576804145,1.01443522469408,-0.375024355916575,1.86213095290244,0.169327956712836,0.569447023159616,0.36127260445787,-0.000690227188266011,0.655028649219603,-0.0952404331143684,-0.154888957153209,1.30520508099459,0.0272941611820292,-0.156045871094839,-0.555677486507623,-2.31262411934429,0.77218486682801,0.820645403272635,-0.708705024057152,-0.905297656480906,-0.391348688885798,-0.321861540250354,-0.595936377798769,-2.04469670535644,-0.878848277811454,1.22894398048608,-1.27027014793507,-0.10075369417069,-0.777184479464502,-0.161247855695657,-0.749538645679329,1.67966134986692,0.870086402743895,-0.870916000573111,0.299837597034825,0.494832130186732,-1.81821526598842,0.281514065900134,-1.56531543697313,0.682832724400303,2.29505353263568,0.69535681818675,0.858461772914973,0.108666922041517,0.190080215368281,0.65722458063374,0.00457954007927846,0.652348567438131,-1.03761427122343,-0.286904425214791,-1.01746896013141,2.57997935151736,-0.370281702344836,1.90519616064694,0.417298235895379,0.308792642392304,0.501118891746045,-2.28203978272837,3.05056808247913,-0.62599675589646,-0.248310029719587,2.20518090004112,0.817012170494165,3.0081130167773,1.35068765411737,-0.753136894569917,0.375096642443002,-0.35568405855027,1.38847230962959,1.20753836320251,-0.230075729421995,-0.217420442940414,-0.275373647350366,1.35811915909774,-0.723488865413399,-1.3888684065923,-0.550930207394384,0.727126524815734,0.665092989783826,-0.917186199337522,0.649357240929522,-0.105964675924132,-1.49233332135427,-1.20457557245354,-0.333979422149212,-0.35472235350149,-0.696638653067897,-0.10464827367642,-0.01206212920031,-0.569295082344151,0.396950550146819,-0.0597367947051054,0.682832724400303,-1.01884144628399,2.6971681042181,-0.00454386804312309,0.682832724400303,-0.241958561604024,-0.191322945644976,-0.738257558223326,0.169327956712836,-1.27914465555075,2.38283553731455,2.69716327663612,-0.546622083628446,-0.381712258954214,0.910347635987851,-1.18649910140954,-0.584177697663477,1.70694283754184,0.726172755495118,-0.48183804574133,-1.35705455270886,-1.26138033198864,-0.314189707384816,-0.358048053879797,-0.511036026606383,-1.42526006472277,0.294983219209284,-0.419922423015838,1.14542214955724,-0.229186616524135,-0.34476848053886,1.34442057265849,-0.652304948129686,1.23235638381255
comm.and.crime_point_0296,comm.and.crime,regression,0.12,0.139025210889123,nominal,0.324222120103087,-1.21585037425788,-0.138628602798245,0.10142405253974,-0.472016707391195,0.59942720812885,0.126001897958727,-0.318385949779994,-0.735958731452675,-0.0965886105387498,-0.337911430842786,-0.0734685214771128,-0.0317506535508209,0.682832724400303,0.997679291024758,0.556798205719072,-0.595615855137194,0.417322912631512,-0.0641256158777693,-0.845327642642986,0.839992325252642,0.980158158380245,0.521950818259281,0.385167311018819,0.984313403652762,-0.628161290785547,0.192634769739419,1.16736100594875,-0.35568405855027,-1.01991441715099,-0.0740881826484698,-0.0658245204870952,-0.486034227261844,-0.759408496192192,0.740803615151647,0.264918814710728,-1.08628803474409,0.295474101638588,-0.382942369747774,-1.04813857980274,-0.0823847549525736,-1.24203911968155,-1.16702125886525,0.143936619326893,0.985671747037421,0.869105939717259,0.89585600821491,0.768203604771372,-0.720290730320524,-0.494689340990077,-0.241958561604024,-0.521839596572905,-0.115382978305131,-0.639972682963453,-0.619283391928622,-0.442074950479027,-0.45072955583245,-0.345067945842831,-0.305189645631236,-0.189129511616007,-0.18260032246416,-0.158253016689785,-0.321263468856418,-0.496562007079367,-0.376966020067782,0.40046092821602,0.668496977088488,-0.391425967897073,0.798642883992814,-0.649009732299257,-0.0880280749874027,0.726172755495118,-0.311139399228302,0.620806112517094,0.601034142128082,-0.0207952440995638,-1.07592843364696,0.111080258000336,-0.965539767392024,-1.17821175605928,0.692040522452799,0.546377825711547,0.429573619911515,1.15638290043946,0.896141268044168,0.672757321452404,0.917964855184794,-1.23967902989064,0.375096642443002,0.862872120534973,-0.286904425214791,-0.226875569169311,0.0625106420468348,0.348009760126863,1.13012207196148,0.366922062808537,0.294975591471144,-0.230503261067549,-0.260244635395451,1.47700440190924,-0.391348688885798,1.87042878139744,-0.319088773758589,-0.0598300184254683,-0.264778411457355,-0.542366992913852,-2.42562363410802,-1.29358715674149,-0.000690227188266011,0.0610890712128745,0.703657382637049,1.35695724140937,0.194009440828534,0.964697885344563,-0.284915395618803,0.921486769053237,1.81255198582753,0.626803257494137,-2.57159214785108,-1.23967902989064,-0.806536111069869,-0.391348688885798,1.96209543931977,-0.321861540250354,-0.586845013885375,-0.403772909970454,1.47364793058586,2.75187737823837,0.00232627821327909,-1.30077457424005,-0.400622650407643,0.949744322833616,1.27689973850112,1.47295711154427,-0.446095258444874,0.141095362725389,-0.288220510132573,0.886266145735984,-0.856335354515137,0.682832724400303,0.682832724400303,0.0479899816524777,-0.189330851725441,-0.851221389523392,0.223861947321042,0.133016085671751,-0.346225506490056,-0.590959780665129,-0.43486269553505,0.798631967738489,-0.286904425214791,-0.307399221155361,0.117507306079973,-0.933198174429091,0.663330970637638,-0.367596131833887,-0.440957773352299,0.592406217722805,1.53029033533172,-0.363384981726775,-0.932377159094426,-0.248310029719587,1.75222080469353,-0.694834028068417,1.00221121696188,-0.358695607590779,0.108751861038678,0.321698862402212,0.269604910150844,1.33479307692119,-0.433845179637909,0.343388026162328,1.43514067677882,-0.533447461928133,-1.1288425117501,0.251689308836056,0.742239561078903,-0.669300457399169,-0.718130441861903,-0.0216443327087585,-0.758443965028085,-0.375024355916575,-0.576901296561691,0.826966057285032,-0.363704428404322,-0.241958561604024,0.943214105202603,-0.649009732299257,-0.315851368525389,-0.421455927079768,-0.189129511616007,0.348009760126863,0.707225658165495,-1.56531543697313,0.99496661054505,-0.511036026606383,-1.7869319751881,-1.56531543697313,0.12612488057673,-0.0895765918335127,-0.400332606464976,-1.43198567994721,-0.696975043100807,-0.0319371158674677,-0.499564470154296,2.3440104353877,-0.129514033521907,-1.11543153166311,0.997145074653291,-0.0269330266637888,-1.19894987961077,0.726172755495118,0.462010185320604,-1.85932734753867,-1.6882732998595,-0.156362707378436,0.14466129651896,-0.867503152253548,-0.287410644307502,-0.267933252874971,0.678929691805134,2.87334752875011,-1.21739747899386,-0.115382978305131,-0.861049585201808,-0.173931992421487,-0.835669064732367
comm.and.crime_point_1968,comm.and.crime,regression,0.04,0.023069991871818,nominal,-0.224640267159436,1.56802290981872,-0.375024355916575,1.20088406273495,-0.708757207400764,0.886266145735984,-0.256997773580451,-0.533447461928133,-0.0271763465708762,-0.723488865413399,-0.458028267120621,-1.24543837608001,-0.421595500720383,-0.418759874672678,2.14401638949489,1.65021520611678,0.188284489002777,1.20352796250473,-1.04328333075373,-0.935362272316362,-0.472940879485578,1.73675283467717,1.20219260362464,1.02755132287205,3.02401863364553,-1.23504806525446,0.243808994474351,3.1883287245729,-0.433845179637909,-1.28252619132067,-1.01147293011705,-1.20158229271402,1.33046895257856,-0.215315402983871,1.37285536926462,1.4507718496744,-0.00340134919443606,-0.860757404278554,1.81790617129683,-1.59620286053036,-0.367386839226397,-1.69873893382903,-1.71166395656157,1.04953379424903,1.53029033533172,1.49909291349738,1.30728583530634,1.44703005245787,0.169327956712836,0.30420847476134,-0.333979422149212,-0.91323565124325,-0.34476848053886,-0.229179716068034,-0.477052214376713,-0.491703227207728,-0.707179574188299,-0.514709337364183,-0.559068725059139,-0.569295082344151,-0.565868788773144,0.635156296765973,-0.503316572060594,-0.140449768739244,0.147394108299959,1.5210653101048,1.42835616039443,0.665092989783826,1.71194468709834,-0.744267573836537,-1.94301334869817,0.726172755495118,-0.444061083654919,0.775426071093047,1.78891329814154,-0.112635148273496,1.46394731530403,0.584266192935153,-1.00671795787817,0.130593685337154,1.18218282021765,1.28058521237491,1.19470966109379,0.244484022215825,0.848357930562082,1.63938518873034,1.10540245912095,-1.3576732534092,0.268301082361422,0.447489434511076,-0.286904425214791,-0.226875569169311,-0.54319816856734,0.641654500246602,1.40582904965634,0.915491930277863,0.597667758583312,0.226288134846476,-0.949587954657186,-0.531248663028845,-0.391348688885798,-0.00096140112613429,-0.792274708693406,-0.375024355916575,-1.15511256398006,-0.542366992913852,0.627044535799378,0.760721512333579,-0.34476848053886,-1.50475163444123,1.10310629051276,-0.370866985519292,-0.176389105893484,-2.45406863807174,-0.156045871094839,0.330621066828893,0.298246833296102,0.917566476161884,-1.06931551806772,1.23819966399899,-1.30034383812505,-0.391348688885798,-0.0477867027019386,-0.413219819433159,1.30296273431785,2.48986796687927,-0.777628410332139,-0.408381392326479,-0.66769354228252,1.03524277168163,4.0517485312353,-0.506783935891765,-0.938289124010825,-0.993332151729983,3.01315935602791,0.617322065653698,-1.85432579077118,0.927243136822718,1.2771323087635,0.682832724400303,-1.56531543697313,-0.883719295584461,-0.248310029719587,1.30171296317677,-0.179320641157294,1.559619328085,-0.585142193900484,0.94751679792459,0.608860116919203,1.6919409488551,-0.286904425214791,0.348049768668688,-0.524876705773258,0.192634769739419,-0.769590402450023,-0.576901296561691,-0.628395377288449,0.0903259248506256,-0.153076210305205,0.42445034078228,-1.23875756229239,-0.0123933177430025,1.71104261420738,-1.1807845918921,-0.236728129982936,1.51611184073429,0.166211111412584,-0.586063398291218,0.269604910150844,0.0464914919194661,-0.433845179637909,0.114002523928599,0.130487161211004,-0.576459764357761,2.04600217443863,-0.79314444928836,-1.15847835603325,-0.708757207400764,-0.803145557548822,-1.44794492557797,0.0352672065190975,-0.217427187171022,-0.00131209356022966,0.569266126325109,0.526629724118384,-0.149937701058835,-0.590710800538598,0.160681920767624,-0.611535701313945,-1.13789507336882,-0.315851368525389,0.690595290266559,-1.00369058285354,-1.56531543697313,0.511652676906082,0.0682230525702607,0.243010035727013,0.682832724400303,-0.333979422149212,0.0630429388836828,-0.696016939253532,0.0507121317750543,-0.438232993123054,1.8774180052532,-0.499564470154296,-0.889578484189684,0.425322062429169,0.145053283764153,-0.0450487366494222,-1.0717667847882,-0.823995980623335,-1.23321624918318,-0.534274058578104,0.372996185038278,0.690130378278102,-0.51147345739279,-0.609402729079175,-1.00117832437123,0.897849168625072,-0.267933252874971,-0.629227587743642,-0.755295767554917,-0.278597159647621,0.228695275045463,0.267330495563925,-0.43486269553505,-1.69314303120221
comm.and.crime_point_1358,comm.and.crime,regression,0.27,0.466095534946302,anomaly,1.66588573341148,0.524070428289996,-0.375024355916575,-0.0818192824927953,-0.629843707397574,0.681381190302317,-0.44849760935004,-0.0172998327725985,0.359432227001014,-0.166244194413711,-0.458028267120621,-0.743165581250199,-0.499564470154296,-1.56531543697313,0.0423983756329848,0.720810755778727,0.38425957503777,-0.200409626554585,-0.697698254915155,-0.215085234929352,-0.7116560076198,0.1226841919104,-0.105964675924132,-0.257216700834412,-0.297787026628403,0.100102838577144,-0.319107477609904,-0.362019970307365,-0.35568405855027,-0.363384981726775,-0.58964979375619,-0.460870702131241,-0.677245088297676,-0.314241419930838,0.683344364777741,-1.26680802211735,-0.801317854336286,0.194932231558836,-0.758696998706609,0.870086402743895,-0.766389757209749,-0.0432021075444176,0.357978294684454,0.467364181799085,0.490563939497149,0.578342721049512,0.301568480193953,1.13372553814103,-0.127211605631618,-0.0381763034178386,-0.333979422149212,-0.695793398648614,-0.34476848053886,-1.46155861675429,-1.70972241982659,-1.98055152906875,-1.98942966596754,-0.769171424646212,-0.770634624582392,-0.78049817719312,-0.778795714500358,0.502921411190013,-0.503316572060594,0.012169761977951,-0.0623499430471371,0.164544216239436,0.288567385435518,-0.180122176360894,0.443469960562887,-0.267978366150136,0.0279085046195201,0.726172755495118,-0.178217714801685,-1.02847344562641,0.331061606670478,1.67824298311818,1.25229100289144,0.842367611990508,-0.224332338641419,1.10007919748266,-0.555594417312278,-0.533338919381635,-0.590607768331523,-0.804199687741353,-0.824058881310911,-0.817460640601083,-0.909551783192675,-2.53761548859474,-1.2268367587807,-1.21404130958451,-0.286904425214791,-0.226875569169311,-0.716257828742818,-0.728687620312182,0.303001138876892,0.616272002567322,0.294975591471144,-0.139144981884744,-0.70339391206371,0.691166246063905,-0.391348688885798,-0.776903671928593,-0.405122580110374,-0.296225771543798,0.130925656330515,0.881022906339523,0.339056972600567,0.532464993547459,-0.115382978305131,-0.20888346424473,1.61668345778153,0.385056113761999,-0.0705609496871936,0.247859743337919,-1.12256730502457,0.182904641272807,1.6036823096163,0.142197893047893,-2.03852624696021,-0.708705024057152,0.773648615506715,-0.391348688885798,-0.321861540250354,-0.595936377798769,-0.154888957153209,-0.662904928792817,0.10330581002708,1.2004776181429,0.0538662644052637,0.43110035463292,0.796251323152288,-0.628161290785547,-0.0119374178694681,-0.774106439438939,-0.0212745163166381,-0.811358043131231,-1.41385868059157,0.968220127909451,-1.23561849465356,-1.56531543697313,0.682832724400303,-0.0616228744930443,2.28779462402869,0.351888984044347,0.68464204843914,-0.0381763034178386,-1.06297556872134,-1.13687082468084,0.173975611729931,-0.839101164308632,0.102933683049804,-2.10988394317149,-0.0430886968833349,0.243808994474351,0.233454558711339,-0.576901296561691,-0.159801367448073,0.820624532664704,0.441053158743122,-1.15122030423583,-0.801071272009583,-0.0713724957371486,-0.84200519593359,-0.910812056434499,1.65117944631393,0.137576952259974,-1.21281089756117,-1.17343897873991,5.50640002302267,0.261208422753086,1.20753836320251,-0.34476848053886,-0.391374245016123,-0.576459764357761,-1.60506921467841,-0.166244194413711,-0.236918153797056,-0.629843707397574,-0.0380095163665442,-0.708381655201343,0.141095362725389,0.334162903438415,3.39989683326659,0.517726140133124,-0.0174633690899362,-0.333979422149212,-0.236728129982936,-0.696638653067897,0.486720391900693,-1.44494042177841,-0.569295082344151,-0.483983670212399,1.82817078159176,0.682832724400303,-0.454975190371856,-0.511036026606383,1.03518252779145,0.682832724400303,-0.333979422149212,0.368282000318073,-0.189129511616007,-0.245827430569399,0.0145655943380156,-0.705827158615937,-0.343626531286471,0.482247118055266,0.828839223120861,-0.890344957479674,-0.0450487366494222,0.112378141086133,-0.308434369515615,-1.23321624918318,0.514446198157378,-0.129276609791536,0.629145668582266,-0.629843707397574,2.15549869811399,-0.555594417312278,-0.477052214376713,-0.984372399164023,1.83010809780806,0.799837073718665,-0.476239332141566,-0.34476848053886,0.626360521262113,-0.304397343978269,1.48455460924486
comm.and.crime_point_1256,comm.and.crime,regression,0.02,0.012658101517031,nominal,-0.224640267159436,0.524070428289996,-0.296225771543798,0.284667387572275,-0.629843707397574,0.804312163562517,0.0302519800739321,-0.576459764357761,-0.800393493714657,-1.00211120091324,-0.698261939676291,0.317188096723854,-0.265657561852559,0.682832724400303,2.57389280142119,0.611469055738957,-0.105678140049712,1.93357550881557,-0.0641256158777693,-0.98037958715305,0.302883286950643,2.64466644623347,2.77198133908318,2.63351135250513,0.226708603941165,-0.385406580997984,2.23960375913671,0.0203252737566635,-0.433845179637909,-1.10745167520755,-1.19894987961077,-1.54724770165264,2.57333954931147,-0.907797521612643,0.453507363282115,-0.575060418388539,2.16237202190487,-1.51427955979694,2.62309466192291,-1.70581571667588,0.0886164956117204,-1.64165145706059,-1.65719968679194,0.27330764431577,1.33224721231561,1.3537113041635,0.804427157750147,1.23816037624664,-1.25406194254054,-1.29358715674149,-0.333979422149212,-0.91323565124325,-0.230075729421995,-0.183536053079654,-0.42964182185941,-0.541331503936429,-0.707179574188299,-0.133016206441141,-0.220563285821935,-0.231370130585801,-0.310356477900488,0.28252993523008,-0.503316572060594,-0.29306929945644,-0.167221968720685,0.459440106210166,0.478532181262003,-0.0744702805928035,1.20455479648416,-0.744267573836537,-1.47926703027047,0.726172755495118,-0.444061083654919,0.826966057285032,1.19497372013481,0.0710446600743682,-0.0705609496871936,-1.56657896585947,-1.00671795787817,-0.741943275593805,2.20702580645325,2.31711328766437,2.55495151208451,1.38435761999537,1.89959135516796,2.32407992805221,2.0425904788017,-1.23967902989064,0.0547099621982618,0.0840295842401654,-0.286904425214791,-0.226875569169311,0.0625106420468348,0.445891340166776,1.46097044519532,0.965361918229619,0.698565147620701,-0.413219819433159,0.232143449791502,1.4333467265845,-0.391348688885798,0.546762554734425,-1.69562967538715,-0.217427187171022,-0.116389386036903,-2.49952810438724,-0.179320641157294,0.0759519559752211,-0.34476848053886,-0.154888957153209,0.24714434506481,-0.100894450061688,1.25229100289144,-1.07553374959742,-0.220480633356821,0.921486769053237,-0.850536385865668,0.239118965937142,0.869105939717259,-1.00369058285354,-0.164586065898132,-0.391348688885798,-0.504578098615964,-0.230503261067549,-0.586845013885375,1.66928324060846,-2.34373369097075,-0.86805539531773,0.775426071093047,0.753309643725566,-0.592122486177232,-0.264029226104202,-0.69663215719134,1.03450568696218,-0.324717903551093,-0.917186199337522,-1.12021394047183,-0.793790488820086,-0.808924961997834,0.682832724400303,-1.56531543697313,-0.719300011366178,0.990252708157481,-0.787899790914564,0.339056972600567,0.190080215368281,0.131607868330799,0.252720923722782,-0.0434666408647052,-0.0450487366494222,-0.286904425214791,0.675774263580712,0.706359316945435,-0.267933252874971,1.04544333679435,-0.210617258288034,0.730527251248644,-0.594329019975073,-0.40063011407534,0.118069937584314,-1.06368304617927,0.518419284204312,-0.84200519593359,-0.424861492610813,0.471237211128387,-0.910109562980505,1.43031461963852,0.375096642443002,0.191443789063205,-0.221904671622559,-0.043039574199713,-0.34476848053886,-0.91323565124325,-0.490435159498505,-1.49924105847212,-0.584177697663477,-0.0641256158777693,-0.314189707384816,2.17238349149337,-0.497077863665163,-0.493873574512357,-0.453822940289352,-0.890859043653398,-1.54387330754626,-1.352964597874,-0.333979422149212,-0.295725241742213,-0.696638653067897,-0.696016939253532,2.80252023122097,-0.358091987495182,0.837417660326429,1.35619388751754,-1.56531543697313,2.32407992805221,1.49409155515892,0.886650185529367,0.682832724400303,-0.241958561604024,-0.0895765918335127,0.90912658159863,0.347251694119508,1.37296135672122,-0.0880946194298402,-0.265657561852559,-0.742597169663439,-0.835669064732367,0.640243746967722,-0.392446673750327,0.321344892711017,-1.10521140486391,-1.23321624918318,3.92278703254769,-0.408317051363656,0.324222120103087,-0.550930207394384,0.697641581957593,0.870274085276382,-0.287410644307502,-0.4726301518147,-0.681553878925593,0.223861947321042,-0.476239332141566,-0.230075729421995,-0.912339588872978,0.739325468475985,-0.633910484386522
