point.id,motherset,origin,original.label,diff.score,ground.truth,V,V.1,V.2,V.3,V.4,V.5,V.6,V.7,V.8,V.9,V.10,V.11,V.12,V.13,V.14,V.15,V.16,V.17,V.18,V.19,V.20,V.21,V.22,V.23,V.24,V.25,V.26,noise..1,noise..2,noise..3,noise..4,noise..5,noise..6,noise..7,noise..8,noise..9,noise..10,noise..11
fault_point_0649,fault,multiclass,3,0.381295641589107,nominal,-1.02198107546628,-0.815800020117816,0.236365509920319,0.236373062879991,0.871656541943758,0.581472206823841,0.114972969562403,0.898201467416295,-1.35520982796026,-0.224370895347897,-0.71352731920929,-0.816812013267454,0.816812013267454,-0.703222992277378,-0.914929760035413,0.418155534514262,-0.61303076942638,1.59832137847943,-0.0317689201907198,-1.20872434136435,-1.19359755748205,1.66518181468066,1.87353012507663,0.972451637336135,-1.35502282473497,-0.369672105190064,1.22132078851526,0.796196202988222,-0.54357294646646,-1.22364116273271,-0.521688768576036,0.511955331090608,0.0258145074124767,0.742010094664647,-0.322447370578249,-1.19359755748205,-0.924272069810733,-0.176773743543486
fault_point_0612,fault,multiclass,3,0.522692414176251,nominal,-1.01814002336035,-0.807761877689554,-0.0195899306678709,-0.0195806938863947,0.847858348578021,0.554912591969093,0.166557689775208,0.861386640027891,-1.29297098932523,-0.598882855432894,-0.71352731920929,-0.816812013267454,0.816812013267454,-0.703222992277378,-0.904920142419,0.535449905591135,-0.630001282990064,1.62376185085276,0.0685283052364473,-1.53227762486855,-1.19359755748205,1.65453448022739,1.88391193461403,0.972451637336135,-1.36420688035959,-0.420758758518942,1.22132078851526,0.651493613136078,-1.01202305091463,0.816812013267454,-0.158620321173352,0.262999976550493,0.611712679897196,1.29401333155108,1.30380621317736,0.87957726048006,0.903817760866981,-0.703222992277378
fault_point_0520,fault,multiclass,3,0.565387459611452,nominal,-1.01814002336035,-0.878095623936847,0.502281062641795,0.502275596048001,0.530355622454652,0.37895514355639,0.105593929523711,0.557004536148989,-1.4485680859128,-0.170869186764326,-0.409192954567171,-0.816812013267454,0.816812013267454,-0.703222992277378,-0.911259566909395,-0.555897720950209,-0.788269768181811,1.13021668681018,0.0368771316385301,-1.80503560397038,-1.19359755748205,1.48759948647788,1.68271246577932,0.650889943121193,-1.44985818172831,-0.268843184146226,1.22132078851526,-1.56642572866847,-1.0040153568215,-1.22364116273271,-0.703222992277378,-1.35520982796026,0.808919577923608,0.0258145074124767,1.96267340946432,0.87957726048006,-0.915263413955961,-0.703222992277378
fault_point_1862,fault,multiclass,7,2.135076550105e-38,anomaly,2.12384059928685,2.15027453591092,0.245564314472724,0.245539123313229,-0.350757975818245,-0.324874650094424,-0.166398231598353,-0.393524636533069,-2.19543414953315,-2.31093753010716,1.61048055623962,1.22364116273271,-1.22364116273271,-0.158620321173352,-1.0910990300843,-0.202557534786957,1.27623009926112,-0.45557275779399,0.720049216310464,0.796196202988222,0.87957726048006,-0.740101739905977,-0.611044533412608,-0.713271166217759,2.46866625216393e-05,-2.78418866778651,-1.00815623289553,0.796196202988222,1.47203038755874,0.816812013267454,-0.340154544874694,-1.0128962154676,-1.55007990092358,2.61679620782199,0.546070911252886,-1.19359755748205,1.45935153857795,-0.703222992277378
fault_point_0654,fault,multiclass,3,1,nominal,-1.01814002336035,-0.803742806475423,0.272359974560412,0.272365600196587,0.848051829824897,0.578152254966998,0.150144369707498,0.862108882134662,-1.38632924727777,-0.224370895347897,-0.699693938998285,-0.816812013267454,0.816812013267454,-0.703222992277378,-0.905253796339547,0.411598706317418,-0.709319987689891,1.64411422875143,0.0344108064231078,-1.52672855800107,-1.19359755748205,1.65453448022739,1.89429374415142,0.930633210299284,-1.40713235773552,-0.418069987291107,1.22132078851526,0.262632081114534,0.652242704774446,0.816812013267454,-0.703222992277378,2.72143410263413,0.792632401077677,-0.988392396723356,-0.905388931894856,0.87957726048006,-0.594288342389624,0.02291390252799
fault_point_1548,fault,multiclass,7,3.41864211156051e-37,anomaly,1.39019964705505,1.38665100522601,1.35880844254513,1.35878212644135,-0.339729544746318,-0.288355179669146,-0.135916351472604,-0.388412333620543,-1.97759821431055,-2.73895119877573,-0.768860840053312,-0.816812013267454,0.816812013267454,-0.703222992277378,-0.908923989465565,0.905546430479654,-0.0205384915290699,-0.402995781555776,-0.372121799918976,0.454715164989062,0.87957726048006,-0.446793026514669,-0.460508295120389,-0.0914971852751102,0.701806328413249,-3.04970482653528,-0.267550361882489,0.796196202988222,-0.710066252819477,-1.22364116273271,-0.521688768576036,0.511955331090608,-0.988392396723356,-0.274177682330827,-0.852912783518019,0.87957726048006,-0.665022973545615,-0.158620321173352
fault_point_0808,fault,multiclass,4,9.58886757644866e-29,nominal,-0.522644301695939,-0.620875066232459,0.0496586294296183,0.0496302189668357,-0.362753813124551,-0.338154457521797,-0.178122031646718,-0.398133321976548,0.978746620853325,0.20364277332067,-0.685860558787279,-0.816812013267454,0.816812013267454,-0.521688768576036,0.360295524295709,0.807194007526997,-0.630001282990064,-0.440308474369992,1.60093837241874,-1.03328845809228,-1.19359755748205,-1.53839831593816,-0.697005916382234,-1.76335387881152,-1.36420688035959,0.658782889457086,-1.28772463846092,0.796196202988222,-0.377746947954538,0.816812013267454,4.01666682395751,0.0762834606454063,-0.274177682330827,0.916106809328588,-0.408259816112353,0.87957726048006,0.42302246135857,-0.703222992277378
fault_point_0658,fault,multiclass,3,0.999986741264996,nominal,-1.02198107546628,-0.817809555724881,0.316351831641557,0.316357731384462,0.842634354912371,0.501793362259598,0.126696769610768,0.865692764588804,-1.41744866659529,-0.331374312515039,-0.699693938998285,-0.816812013267454,0.816812013267454,-0.703222992277378,-0.915263413955961,0.375171883001618,-0.646971796553748,1.58305709505544,0.178690831525303,-1.35385378251399,-1.19359755748205,1.65212615457724,1.86833922030793,0.944719417301171,-1.37359058936735,-0.37841061168053,1.22132078851526,-1.45587124261624,-0.592953726707435,0.816812013267454,-0.703222992277378,0.885388362900781,0.856460526554975,1.81498289363648,2.13303076071667,0.87957726048006,-0.497862359351504,0.204448126229332
fault_point_0676,fault,multiclass,3,0.999994769675476,nominal,-1.01814002336035,-0.821828626939012,0.534317967592379,0.534318488856016,0.787105237058985,0.461953939977476,0.0985596494946925,0.819246741106317,-1.35520982796026,-0.224370895347897,-0.699693938998285,-0.816812013267454,0.816812013267454,-0.703222992277378,-0.905253796339547,0.0291170615015263,-0.766134315707441,1.53217615030878,0.241582124518568,-1.3892824402064,-1.19359755748205,1.62626834233358,1.84716032885165,0.840833640662258,-1.43787897873968,-0.325307379930775,1.22132078851526,-1.52672855800107,0.527456138489821,0.816812013267454,0.749050797333358,0.449716492455579,-0.225096054808628,-0.499997188329821,0.325265475329092,-1.19359755748205,0.121065663263419,-0.158620321173352
fault_point_0667,fault,multiclass,3,7.69515820370923e-31,nominal,-0.851054256752584,-0.862019339080323,0.374399421505761,0.374415082565795,0.0514895364367731,0.488513554832224,0.154833889726844,0.122968262070446,0.978746620853325,0.257144481904241,-0.699693938998285,-0.816812013267454,0.816812013267454,-0.703222992277378,-0.477843124118676,1.26835759070501,0.511081292063722,0.195703334963232,-1.54157100623164,-1.00853108283734,0.87957726048006,1.06741003751842,0.933561089560938,1.16921834139374,0.414105803302922,0.708525157172046,1.22132078851526,0.796196202988222,0.468399394552979,0.816812013267454,-0.703222992277378,0.636433008360666,-0.713271166217759,-0.499997188329821,1.30013034771135,0.87957726048006,-0.905253796339547,-0.703222992277378
fault_point_0571,fault,multiclass,3,1,nominal,-1.02198107546628,-0.853981196652061,-0.637448229236238,-0.637442253463643,0.765822299902635,0.309236154562677,0.0798015694173087,0.785006609228268,-1.32409040864274,-0.224370895347897,-0.71352731920929,-0.816812013267454,0.816812013267454,-0.703222992277378,-0.914929760035413,-0.589410398400744,-0.740309621154009,1.3608769696617,0.578235516423691,-1.3926972505864,-1.19359755748205,1.61600126982507,1.76867384874895,0.776125127247341,-1.42390324191961,-0.379082804487489,1.22132078851526,0.796196202988222,1.85673335794958,0.816812013267454,0.385982349930674,0.138522299280435,-0.225096054808628,-0.178435494114879,-1.10160409539086,0.87957726048006,1.64085927135559,0.385982349930674
fault_point_0481,fault,multiclass,3,5.75798698211511e-30,nominal,-1.01814002336035,-0.860009803473258,0.084089905891056,0.0841503035653655,1.83693448260768,1.96921208298441,0.790263852348218,2.15712021166699,-1.51080692454783,0.524653024822096,-0.395359574356165,-0.816812013267454,0.816812013267454,-0.703222992277378,-0.911593220829942,0.830507174449108,1.2872978254983,1.23706667077816,-1.64104612325367,-1.82595131754783,0.87957726048006,1.98244703059183,1.738981873472,1.77448504850605,-0.00596491483179467,0.208413708794608,1.22132078851526,-0.448929031816216,-1.0910990300843,0.816812013267454,-0.703222992277378,-1.79088169840546,0.669818283779978,0.611712679897196,0.644558754945647,0.87957726048006,-0.372074831305236,1.92902325139208
fault_point_0687,fault,multiclass,3,0.999999999953652,nominal,-1.02198107546628,-0.815800020117816,0.640295814747037,0.64029958340048,0.788459605787116,0.624631580962806,0.166557689775208,0.812455713296972,-1.32409040864274,-0.224370895347897,-0.699693938998285,-0.816812013267454,0.816812013267454,-0.703222992277378,-0.915263413955961,0.571148192440618,-0.65545705333559,1.59492931549632,-0.139054067061583,-1.58734144224592,-1.19359755748205,1.62690211224152,1.87353012507663,0.944719417301171,-1.37798296379652,-0.362277984313516,1.22132078851526,0.796196202988222,1.20777648248541,-1.22364116273271,-0.521688768576036,0.792030104948238,-0.438370032696567,0.944719417301171,-0.253619958576745,-1.19359755748205,1.31354477529885,2.20132458694409
fault_point_0457,fault,multiclass,3,4.12655507349094e-30,nominal,-1.02198107546628,-0.858000267866192,-0.120011528564582,-0.119946970641803,2.03041572948359,1.72353564557799,0.682404891903261,2.39209289707946,-1.72864285977043,0.685158150572809,-0.409192954567171,-0.816812013267454,0.816812013267454,-0.703222992277378,-0.920935530605262,0.712484266905919,1.25225002574722,1.27607539508393,-1.51937407929284,-1.56642572866847,0.87957726048006,2.02883898785251,1.75683858587632,1.80353785044744,0.0130021565668736,0.229923878617294,1.22132078851526,0.796196202988222,0.0403214144910137,0.816812013267454,-0.703222992277378,0.138522299280435,-0.178435494114879,1.19122803983419,-0.259323887748141,-1.19359755748205,1.07931972307477,1.16657951184644
fault_point_0212,fault,multiclass,2,3.36958576399772e-31,nominal,-0.78767689700481,-0.853981196652061,-0.450374501051123,-0.4503494695819,-0.0212594123885693,-0.0725583089743206,0.0375958892431953,-0.00736911012208597,0.325238815185522,0.257144481904241,-0.727360699420296,1.22364116273271,-1.22364116273271,-0.158620321173352,-0.313351741288942,-0.0998338930364028,-0.836229915209613,-0.16555137273804,-1.04789490894464,0.537524316703858,0.87957726048006,0.962077478819989,0.351764483085353,1.24405131609126,1.14323995854436,0.123045222310825,1.22132078851526,-2.25024150726179,-0.921269184525809,0.816812013267454,-0.158620321173352,-0.017074797307137,0.840833640662258,-0.0507792431602814,-0.861278546302732,0.87957726048006,0.163773365093451,-0.703222992277378
fault_point_0703,fault,multiclass,3,1,nominal,-1.01814002336035,-0.817809555724881,1.53411486880282,1.53411163038065,0.855984560946809,0.578152254966998,0.178281489823573,0.900172993167212,-1.19961273137269,-0.224370895347897,-0.71352731920929,-0.816812013267454,0.816812013267454,-0.703222992277378,-0.904920142419,0.165353380702615,-0.673534339522992,1.56100868566522,-0.0662974732066297,-1.70045703608314,-1.19359755748205,1.6582103456934,1.85774977457979,0.916106809328588,-1.38776597957057,-0.29102554677587,1.22132078851526,0.714240753868424,-0.77245953596179,0.816812013267454,-0.703222992277378,1.88120978106124,-0.796467826322652,0.224121890360911,-0.914641972550676,-1.19359755748205,-0.915263413955961,0.204448126229332
fault_point_0562,fault,multiclass,3,0.000283694037748736,nominal,-1.02198107546628,-0.890152837579241,-0.699430274710885,-0.699428962778567,0.392016530938376,0.179758032145782,0.0118035291367927,0.392062007013634,-1.2307321506902,-0.277872603931468,-0.685860558787279,-0.816812013267454,0.816812013267454,-0.703222992277378,-0.915597067876508,-0.107119257699563,-0.80376458491387,1.13021668681018,0.858163428374104,-1.14426979544201,-1.19359755748205,1.39544934186445,1.65655030574509,0.611712679897196,-1.45824362382036,-0.384460346943161,1.22132078851526,0.796196202988222,-0.904920142419,-1.22364116273271,2.20132458694409,1.07210487880587,-0.225096054808628,-0.274177682330827,1.35324026599613,-1.19359755748205,-0.150528628061943,-0.703222992277378
fault_point_0578,fault,multiclass,3,1,nominal,-1.02198107546628,-0.860009803473258,-0.585464614855276,-0.585457290529485,0.783042130874591,0.315876058276364,0.0798015694173087,0.8047979949595,-1.2307321506902,-0.224370895347897,-0.71352731920929,-0.816812013267454,0.816812013267454,-0.703222992277378,-0.914929760035413,-0.509271387105986,-0.639593312395624,1.32356427684748,0.489036754465923,-1.28342331842666,-1.19359755748205,1.62436703260978,1.75102477253538,0.824986657785135,-1.36939786832133,-0.371016490803982,1.22132078851526,0.668140813738537,-0.911593220829942,0.816812013267454,0.02291390252799,-0.421627248434825,1.75665719276929,-1.10086195575404,-0.878517087798505,0.87957726048006,-0.353390211754597,-0.703222992277378
fault_point_0425,fault,multiclass,3,1.29917675076831e-30,nominal,-1.01814002336035,-0.79570466404716,-0.372136200141056,-0.372066602534972,2.70914794352428,2.13852962768342,0.905157092822193,3.20353776005427,-1.94647879499303,0.685158150572809,-0.409192954567171,-0.816812013267454,0.816812013267454,-0.703222992277378,-0.911259566909395,0.569691119507986,1.42047946455243,1.62715391383587,-1.5255398923314,-1.89766233552765,-1.19359755748205,2.16611354991076,1.91443445465397,1.83721268906133,-0.254533376845921,0.264205711772199,1.22132078851526,0.0201805441351307,-0.382418102842197,0.816812013267454,4.01666682395751,-0.732821441609969,1.80353785044744,-0.796467826322652,1.32598815995501,0.87957726048006,-0.900582641451887,-0.703222992277378
fault_point_0539,fault,multiclass,3,0.514941860778949,nominal,-1.01429897125442,-0.86804794590152,-0.849507610144281,-0.849503056875442,0.48546797317944,0.342435673131112,0.0751120493979628,0.490577782382955,-1.4485680859128,-0.224370895347897,-0.685860558787279,-0.816812013267454,0.816812013267454,-0.703222992277378,-0.895911486564227,-0.0459221945290203,-0.76428969466791,1.2167142928795,0.224317848010613,-1.54209520471103,-1.19359755748205,1.45933334858408,1.70181499532813,0.688306430469954,-1.43688071182396,-0.381099382908366,1.22132078851526,0.796196202988222,-1.01369132051736,-1.22364116273271,-0.703222992277378,0.0140446220103774,0.669818283779978,-0.0914971852751102,1.65605552800643,0.87957726048006,-1.06240479291724,0.02291390252799
fault_point_0570,fault,multiclass,3,1,nominal,-1.01814002336035,-0.860009803473258,-0.643447400595274,-0.643440258335854,0.736800112871248,0.345755624987955,0.0844910894366547,0.752542802531738,-1.2307321506902,-0.224370895347897,-0.71352731920929,-0.816812013267454,0.816812013267454,-0.703222992277378,-0.904920142419,-0.457545297997551,-0.644758251306311,1.29812380447415,0.325848236045491,-1.35598803900149,-1.19359755748205,1.60167806990579,1.738981873472,0.808919577923608,-1.37219301568534,-0.388493503784914,1.22132078851526,0.796196202988222,1.78232853366757,0.816812013267454,-0.158620321173352,0.511955331090608,0.363003087520136,0.0258145074124767,-0.523732693337713,0.87957726048006,-0.915597067876508,-0.521688768576036
fault_point_0270,fault,multiclass,2,8.11101738848624e-32,nominal,-0.234565393751513,-0.194853517534565,0.0276680542732192,0.0276628924041348,-0.197520828292524,0.20631764700053,0.0399406492528683,-0.199912999770275,0.66755242767818,0.1501410647371,-0.699693938998285,1.22364116273271,-1.22364116273271,-0.158620321173352,1.09967261222814,2.30506498227266,0.20007818479882,0.333081885779208,-0.808661363048696,-1.551485933256,-1.19359755748205,0.568633119975294,1.08305914689942,0.550085524263942,-0.914986768285866,0.410743743689243,1.22132078851526,0.796196202988222,-0.315687318732772,-1.22364116273271,-0.158620321173352,-0.981776796150085,-0.438370032696567,0.309959714278657,2.17523983658499,0.87957726048006,-0.92460572373128,4.01666682395751
fault_point_0530,fault,multiclass,3,1,nominal,-1.02198107546628,-0.866038410294454,0.570300034921755,0.570313843724693,0.871269579450006,0.893547681367126,0.311932810374932,0.96745082141582,-0.919537957515056,0.578154733405667,-0.409192954567171,-0.816812013267454,0.816812013267454,-0.703222992277378,-0.920935530605262,0.563134291311142,0.0130336113903916,1.22689048182883,-0.913069130501566,-1.79265691634291,-1.19359755748205,1.66505506069907,1.73296042394031,1.15799339518911,-1.01621103353981,-0.0765960413559744,1.22132078851526,0.796196202988222,1.95382664882879,0.816812013267454,0.385982349930674,-1.38632924727777,-2.4260658988534,0.930633210299284,-0.0174772908809765,-1.19359755748205,0.667590785119614,-0.158620321173352
fault_point_0293,fault,multiclass,2,8.90226961118953e-30,nominal,-0.964365293877391,-1.0790491846434,0.197844811464468,0.197823315293752,-0.34340568843696,-0.304954938953363,-0.152329671540315,-0.38024318979125,-0.017074797307137,-0.705886272600036,-0.741194079631301,1.22364116273271,-1.22364116273271,-0.158620321173352,-0.766120111471394,0.254234829593165,0.353919579495693,-0.414868001996663,-0.0432784378626899,0.796196202988222,0.87957726048006,-0.528295836674829,-0.532558053309906,-0.325680376681474,0.499158144522214,-0.757527354805362,-0.663777448800764,0.796196202988222,-0.920601876684714,-1.22364116273271,-0.521688768576036,0.916507782218296,-1.10086195575404,-0.380264428813785,0.735948375669559,0.87957726048006,1.82603719725924,0.02291390252799
fault_point_0581,fault,multiclass,3,1,nominal,-1.02198107546628,-0.851971661044995,-0.567474426461773,-0.567462712402437,0.851147529774911,0.345755624987955,0.0962148894850195,0.861371023982339,-1.16849331205517,-0.331374312515039,-0.71352731920929,-0.816812013267454,0.816812013267454,-0.703222992277378,-0.914929760035413,-0.0823490178448195,-0.487227614530376,1.37274919010258,0.440121304360051,-1.13146425651704,-1.19359755748205,1.65605552800643,1.77448766208989,0.944719417301171,-1.28694102108291,-0.435547000272038,1.22132078851526,-1.60484234544337,-0.689713363666102,0.816812013267454,-0.158620321173352,-1.2307321506902,1.96640961890676,-0.380264428813785,-1.38730756988697,0.87957726048006,-0.904920142419,-0.158620321173352
fault_point_0540,fault,multiclass,3,3.31014831524448e-31,nominal,-0.899067408076655,-0.918286336078158,-0.841476406855818,-0.841439222816692,0.110114354240174,0.498473410402754,0.19938432991063,0.20703529129295,0.978746620853325,0.524653024822096,-0.685860558787279,-0.816812013267454,0.816812013267454,-0.703222992277378,-0.601295074721113,1.45559146254822,-0.160360766325509,0.15669461065746,-1.59952964879406,-0.677294475978154,0.87957726048006,1.13965980702277,0.888088763787151,1.40450201772212,0.777474960624778,0.820781355934186,1.22132078851526,-1.55874240531349,-0.902250911054623,0.816812013267454,-0.521688768576036,0.200761137915464,-0.636897512629406,0.944719417301171,1.00656812635687,0.87957726048006,0.418017652550363,-0.703222992277378
fault_point_0690,fault,multiclass,3,2.28052483197478e-18,nominal,-1.0258221275722,-0.815800020117816,0.66429080964081,0.664294983951821,0.876880535609408,0.541632784541719,0.119662489581749,0.901463268930931,-1.47968750523032,-0.598882855432894,-0.71352731920929,-0.816812013267454,0.816812013267454,-0.703222992277378,-0.92460572373128,0.390471148794254,-0.651029962840716,1.62376185085276,0.10634529187292,-1.27445944117919,-1.19359755748205,1.66746338634922,1.88391193461403,0.958805624303057,-1.37558712319879,-0.379082804487489,1.22132078851526,0.796196202988222,0.843760055168498,0.816812013267454,0.385982349930674,-1.4485680859128,-0.713271166217759,-0.225096054808628,-0.618671425546049,0.87957726048006,0.850766787499987,0.02291390252799
fault_point_0563,fault,multiclass,3,1,nominal,-1.02198107546628,-0.870057481508585,-0.693431666865973,-0.693427576843858,0.601556721304987,0.279356587851086,0.0188378091658116,0.616870598777567,-1.10625447342014,-0.224370895347897,-0.685860558787279,-0.816812013267454,0.816812013267454,-0.703222992277378,-0.915597067876508,-0.442246032204915,-0.766503239915347,1.25402698569372,0.552339101661758,-0.986334815367394,-1.19359755748205,1.52968180836462,1.72070988868619,0.706574480175526,-1.43807863212282,-0.356228249050886,1.22132078851526,-0.934258957072522,1.91178625483985,-1.22364116273271,4.01666682395751,0.916507782218296,0.571214834766772,-0.0914971852751102,-0.576715857640897,0.87957726048006,-0.527891212200745,0.749050797333358
fault_point_0496,fault,multiclass,3,8.57747236376114e-30,nominal,-1.01814002336035,-0.853981196652061,0.180128490934998,0.180193891916534,1.75044836525414,1.90281304584754,0.759781972222469,2.03092109154569,-1.38632924727777,0.524653024822096,-0.395359574356165,-0.816812013267454,0.816812013267454,-0.703222992277378,-0.911593220829942,1.21881711099553,1.15448511065208,1.27268333210082,-1.59747437778121,-1.66844318877072,0.87957726048006,1.96051859177735,1.75683858587632,1.83171026445122,0.065910303100001,0.144555392133511,1.22132078851526,-1.27702054896418,-0.850534553369818,0.816812013267454,1.74748902769074,0.138522299280435,-0.0507792431602814,-0.566026283651164,0.868786548372278,0.87957726048006,0.328598401843732,1.29365346843738
fault_point_0507,fault,multiclass,3,2.22519686705521e-30,nominal,-1.01814002336035,-0.847952589830864,0.360214643988415,0.360274915686955,1.47512455094972,2.09537025354446,0.867640932667426,1.71408128732783,-1.35520982796026,0.578154733405667,-0.395359574356165,-0.816812013267454,0.816812013267454,-0.703222992277378,-0.911593220829942,1.55612949489983,1.35997589445582,1.30999602491504,-1.65214458672307,-1.9177243465101,0.87957726048006,1.88370567893589,1.77448766208989,1.79209280725841,-0.0452966313111384,0.143883199326552,1.22132078851526,-0.845473887192741,0.0102925616417722,0.816812013267454,-0.158620321173352,-1.10625447342014,-0.636897512629406,-0.438370032696567,-0.852912783518019,0.87957726048006,1.49204962279157,-0.703222992277378
fault_point_0439,fault,multiclass,3,1.16076098828907e-16,nominal,-1.01814002336035,-0.797714199654226,-0.238064356358111,-0.238015363618146,1.82919523273264,1.60401737873163,0.642543971738821,2.1398430092696,-1.79088169840546,0.685158150572809,-0.409192954567171,-0.816812013267454,0.816812013267454,-0.703222992277378,-0.911259566909395,0.939787644396506,0.722843787401864,1.61528169339499,-1.2661646905095,-1.82210965587034,-1.19359755748205,1.98054572086803,1.90945118607602,1.62129754736053,-0.632077924370993,0.18824792458584,1.22132078851526,-1.2296400549418,-0.718073946912608,0.816812013267454,-0.703222992277378,0.449716492455579,1.11199312544857,0.0619104128548109,0.0655465670582224,0.87957726048006,0.354957061566955,-0.158620321173352
fault_point_0435,fault,multiclass,3,1.12299555069054e-28,nominal,-1.02198107546628,-0.815800020117816,-0.262080764788579,-0.262024851929897,2.22370349511262,2.16176929068133,0.801987652396583,2.61544724460138,-1.72864285977043,0.578154733405667,-0.423026334778176,-0.816812013267454,0.816812013267454,-0.703222992277378,-0.920601876684714,0.509222592803759,1.09287476793175,1.53387218180033,-1.57774377605783,-1.96595854312749,-1.19359755748205,2.07155507964718,1.87353012507663,1.70097265571496,-0.43162592769454,0.22589072177554,1.22132078851526,-1.60398864284838,-1.10678076435001,0.816812013267454,-0.158620321173352,-0.234910732529738,-0.178435494114879,-0.796467826322652,-0.285435207954973,-1.19359755748205,-0.718073946912608,0.02291390252799
fault_point_0207,fault,multiclass,2,7.81122702789322e-32,nominal,-1.03158370573109,-0.9624961194336,-0.492829655117418,-0.492685443655962,0.46844162345436,1.18902339662619,0.696473451961299,0.532292144063241,-0.0793136359421659,0.952666693490664,-0.727360699420296,1.22364116273271,-1.22364116273271,-0.158620321173352,-0.939286496235354,3.28276092006871,-0.831433900506833,0.750305632701803,-1.59130856474266,-0.0575063920096782,0.87957726048006,1.44830575218605,1.42337486353521,2.37623020386789,1.14064446456349,-0.0100489534670413,1.22132078851526,0.796196202988222,0.468399394552979,0.816812013267454,-0.521688768576036,-0.857299118880027,-0.0118220769206893,1.83721268906133,-0.836434765911766,0.87957726048006,-0.89557783264368,2.20132458694409
fault_point_0699,fault,multiclass,3,1,nominal,-1.01814002336035,-0.807761877689554,0.752274523803101,0.752278119306738,0.988519215056808,0.46527389183432,0.129041529620441,1.03115843125014,-1.38632924727777,-0.170869186764326,-0.71352731920929,-0.816812013267454,0.816812013267454,-0.703222992277378,-0.904920142419,0.0422307178952137,-0.651029962840716,1.62376185085276,0.344756729363728,-1.33806028450653,-1.19359755748205,1.71486937546259,1.88391193461403,0.958805624303057,-1.37558712319879,-0.330684922386447,1.22132078851526,-0.503139146598583,0.78770619651658,0.816812013267454,-0.158620321173352,-0.11043305525968,-0.713271166217759,-0.225096054808628,1.66518181468066,-1.19359755748205,-0.482847932926883,1.74748902769074
fault_point_0644,fault,multiclass,3,1,nominal,-1.01814002336035,-0.803742806475423,0.198375641768827,0.19838006358516,0.977103821491129,0.478553699261694,0.0704225293786169,1.00983276904345,-1.35520982796026,-0.331374312515039,-0.699693938998285,-0.816812013267454,0.816812013267454,-0.703222992277378,-0.905253796339547,-0.198186315989061,-0.771668178826034,1.64411422875143,0.332425103286617,-1.05463102296723,-1.19359755748205,1.71017947814389,1.89429374415142,0.886833910402793,-1.44087377948684,-0.36631114115527,1.22132078851526,-1.65862560892824,1.59181214503516,0.816812013267454,0.02291390252799,-0.95065737683257,-0.133975903265174,-0.988392396723356,0.219552654685898,0.87957726048006,0.00128390578699982,-0.703222992277378
fault_point_0337,fault,multiclass,2,0.999999999167258,nominal,-0.703173750674445,-0.769580701155308,-0.131529193735289,-0.131551904157239,-0.336246882302552,-0.208676335104902,-0.154674431549988,-0.363426660737639,1.16546313675841,0.524653024822096,-0.685860558787279,-0.816812013267454,0.816812013267454,-0.703222992277378,-0.100814193900421,1.11099371398076,-0.630001282990064,-0.190991845111368,0.00687017485089365,-0.459173462956191,-1.19359755748205,-0.379359908310617,0.293626349675944,-0.713271166217759,-1.36420688035959,0.937742904345038,0.0285152309449219,-1.71155516981811,-0.397098875346271,-1.22364116273271,0.385982349930674,0.16964171859795,-0.325680376681474,1.35079835352743,-0.914641972550676,-1.19359755748205,-0.362732521529917,-0.703222992277378
fault_point_0467,fault,multiclass,3,6.79931688183399e-21,nominal,-1.02198107546628,-0.839914447402602,-0.041968767055378,-0.0419205008343389,1.72239358445714,1.52765848602423,0.656612531796859,2.02828197984743,-1.4485680859128,0.578154733405667,-0.395359574356165,-0.816812013267454,0.816812013267454,-0.703222992277378,-0.921269184525809,0.753282309019614,1.07922457223922,1.38122934756036,-1.35248607304928,-1.8379031538778,-1.19359755748205,1.95316686084533,1.80874763356329,1.62812055387707,-0.439013102870864,0.218496600898992,1.22132078851526,0.796196202988222,-0.915597067876508,0.816812013267454,-0.158620321173352,0.543074750408123,0.224121890360911,0.0258145074124767,-0.914641972550676,0.87957726048006,-0.477843124118676,-0.703222992277378
fault_point_0437,fault,multiclass,3,1.89770536576546e-30,nominal,-1.02198107546628,-1.09311593389286,-0.250028888228772,-0.250028842185475,-0.185524990986217,0.103399139438383,0.0352511292335223,-0.173703419317247,1.07210487880587,0.257144481904241,-0.423026334778176,-0.816812013267454,0.816812013267454,-0.703222992277378,-0.920601876684714,0.451668211964797,0.426228724245303,-0.141806931856266,-1.5033429653926,-1.25098261981674,0.87957726048006,0.606405806488091,0.43274259747703,0.669818283779978,0.460026081426014,0.750201111203499,1.22102619588558,0.651493613136078,0.870452368812268,0.816812013267454,2.20132458694409,-1.35520982796026,-0.225096054808628,1.98071592289305,-0.137640065425039,0.87957726048006,-0.952632653057239,0.385982349930674
fault_point_0660,fault,multiclass,3,1,nominal,-1.02198107546628,-0.815800020117816,0.328350174359629,0.328355995170548,0.854436710971802,0.591432062394371,0.15952340974619,0.882013484196145,-1.35520982796026,-0.277872603931468,-0.71352731920929,-0.816812013267454,0.816812013267454,-0.703222992277378,-0.914929760035413,0.359872617208983,-0.65545705333559,1.59832137847943,-0.0576653349526522,-1.55020537936351,-1.19359755748205,1.65744982180388,1.87353012507663,0.944719417301171,-1.37798296379652,-0.361605791506557,1.22132078851526,0.796196202988222,-1.10678076435001,0.816812013267454,0.02291390252799,-1.29297098932523,0.901580408357893,1.26430023865647,1.49102184398072,-1.19359755748205,-0.423791188990041,0.385982349930674
fault_point_0715,fault,multiclass,3,8.38741363960667e-29,nominal,-0.9432395072948,-0.819819091331947,3.1938296357332,3.19380871662965,0.421232199216638,0.21627750257106,0.0375958892431953,0.45592772930917,-0.888418538197541,-0.170869186764326,-0.685860558787279,-0.816812013267454,0.816812013267454,-0.703222992277378,-0.714070099866042,0.0429592543615296,-0.573186954972514,1.05559130118175,0.509589464594441,-1.14426979544201,-1.19359755748205,1.41623699484465,1.6158536123585,0.724402335912288,-1.33346025935543,-0.164653299067593,1.22132078851526,-0.911208987007579,-0.905587450260094,0.816812013267454,-0.521688768576036,-1.38632924727777,2.0179123132574,-0.796467826322652,-0.237015186988905,0.87957726048006,-1.10678076435001,-0.176773743543486
fault_point_0617,fault,multiclass,3,1,nominal,-1.01814002336035,-0.807761877689554,0.0104064896414332,0.0104144020684062,0.876106610621904,0.55159264011225,0.129041529620441,0.90697963702211,-1.29297098932523,-0.224370895347897,-0.699693938998285,-0.816812013267454,0.816812013267454,-0.703222992277378,-0.905253796339547,0.335830913820555,-0.672058642691367,1.62036978786965,0.0779825518955654,-1.36922042922395,-1.19359755748205,1.66720987838604,1.88391193461403,0.944719417301171,-1.38696736603799,-0.352867285016091,1.22132078851526,-1.88571049919768,-0.905253796339547,0.816812013267454,0.385982349930674,-1.0128962154676,0.631521408493599,-0.796467826322652,-0.450849153925439,-1.19359755748205,1.5347573246216,0.02291390252799
fault_point_1111,fault,multiclass,6,5.67750832025697e-31,nominal,-0.908670038341469,-0.912257729256961,-0.823387603490699,-0.823405198960495,-0.298711520408625,-0.0161191274079818,-0.103089711337183,-0.312190415282133,1.25882139471095,0.685158150572809,-0.658193798365269,-0.816812013267454,0.816812013267454,0.385982349930674,-0.627320080523789,1.29604197642502,-1.37891742503959,0.255064437167666,0.0257786681691303,-2.04962139743728,-1.19359755748205,0.0655465670582224,1.00457266679672,-0.636897512629406,-1.76950324814166,1.11990715503091,1.15061855739229,0.796196202988222,-0.933614379586053,0.816812013267454,-0.703222992277378,-0.203791313212224,0.916106809328588,0.0619104128548109,1.98992551550543,0.87957726048006,-0.52388736515418,-0.340154544874694
fault_point_0626,fault,multiclass,3,1,nominal,-1.01814002336035,-0.811780948903685,0.0703936951188061,0.0704029034467587,0.927185659797144,0.534992880828033,0.114972969562403,0.938978866363473,-1.51080692454783,-0.331374312515039,-0.71352731920929,-0.816812013267454,0.816812013267454,-0.703222992277378,-0.904920142419,0.30231823637002,-0.591633165367822,1.59832137847943,0.0952468284035208,-1.17628364275443,-1.19359755748205,1.68939182516369,1.87353012507663,0.986097650369212,-1.34344292851263,-0.44092454272771,1.22132078851526,0.186225698862222,-0.708731637137288,0.816812013267454,-0.703222992277378,-1.4485680859128,0.0258145074124767,-0.438370032696567,1.68939182516369,0.87957726048006,-0.665022973545615,-0.703222992277378
fault_point_1113,fault,multiclass,6,1.00807274392147e-23,nominal,-0.856815834911472,-0.942400763362944,-0.729228901562833,-0.7292465529522,-0.333538144846289,-0.241875853673337,-0.147640151520969,-0.358866775436509,1.19658255607593,0.578154733405667,-0.672027178576274,-0.816812013267454,0.816812013267454,0.385982349930674,-0.494192166225485,0.581347702969042,0.046236790101947,-0.267313262231355,0.020023909333145,-0.484357689508629,-1.19359755748205,-0.332080673178828,0.0924268808412399,-0.566026283651164,-0.998242229056863,1.10108575643606,-0.0866704872595729,0.796196202988222,-0.147859396697566,0.816812013267454,0.385982349930674,0.916507782218296,1.57155562888512,1.6882070306195,-0.338545126239743,0.87957726048006,-1.10678076435001,1.92902325139208
fault_point_0609,fault,multiclass,3,1,nominal,-1.01814002336035,-0.811780948903685,-0.0415844504231347,-0.0415778865011649,0.862756404587466,0.491833506689068,0.0868358494463276,0.879784293693623,-1.47968750523032,-0.277872603931468,-0.699693938998285,-0.816812013267454,0.816812013267454,-0.703222992277378,-0.905253796339547,0.151511187842611,-0.719649865511264,1.59492931549632,0.225551010618324,-1.16006329344947,-1.19359755748205,1.66125244125148,1.87353012507663,0.901580408357893,-1.41272265246355,-0.407987095186723,1.22132078851526,0.796196202988222,-0.920935530605262,0.816812013267454,-0.158620321173352,0.356358234503036,0.461166342564533,-0.887587977866106,-0.532985733993532,-1.19359755748205,1.97718242326709,2.20132458694409
fault_point_0383,fault,multiclass,3,2.41976510861599e-32,nominal,0.308943479236969,0.351740167587261,-0.886113487608398,-0.886099113848006,0.0897988233182034,-0.0260789829785122,0.0422854092625412,0.0536134997634468,-1.10625447342014,-0.331374312515039,-0.499109925938706,-0.816812013267454,0.816812013267454,-0.703222992277378,1.75096506513614,0.186480938225779,1.15596080748371,0.180439051539234,-0.098770755209688,-0.556068707488452,0.87957726048006,1.11557655052132,0.933561089560938,0.958805624303057,0.0651116895674255,-0.632499492711002,1.22132078851526,0.631858453451127,0.735322530990681,0.816812013267454,1.29365346843738,0.94762720153581,-0.274177682330827,-0.0118220769206893,-0.943288372389239,0.87957726048006,-0.750772031126226,-0.703222992277378
fault_point_0732,fault,multiclass,3,1.93294757656546e-23,nominal,-0.683968490144817,-0.558579462413427,-0.86872851338356,-0.868726087710252,0.335906969344362,0.202997695143687,0.0399406492528683,0.168385578552207,-1.54192634386534,-1.18740164985217,1.43064661349655,-0.816812013267454,0.816812013267454,-0.703222992277378,-0.245619995417875,-0.139903398683782,-0.689029156255051,0.706208813921366,0.460262960285998,-1.42343054400632,-1.19359755748205,1.35311351201454,1.58055545993136,0.611712679897196,-1.39615142166261,-1.60650686999448,1.22132078851526,-0.270932040759154,0.739660031957794,0.816812013267454,-0.703222992277378,1.07210487880587,-1.10086195575404,-0.0118220769206893,0.63226361873175,0.87957726048006,0.360295524295709,-0.703222992277378
fault_point_0603,fault,multiclass,3,1,nominal,-1.01814002336035,-0.815800020117816,-0.081579865340248,-0.0815719112846492,0.89003726039697,0.674430858815458,0.145454849688152,0.907762391305394,-1.4485680859128,-0.170869186764326,-0.71352731920929,-0.816812013267454,0.816812013267454,-0.703222992277378,-0.904920142419,0.138397531448924,-0.66025306803837,1.5728809061061,-0.277990387530364,-1.49983692625863,-1.19359755748205,1.6732940695022,1.86314831553924,0.930633210299284,-1.38057845777739,-0.410003673607599,1.22132078851526,0.668140813738537,1.26983611170718,-1.22364116273271,-0.521688768576036,-0.546104925704882,0.871647218478884,0.742010094664647,1.66961820403619,0.87957726048006,0.537132102185687,-0.158620321173352
fault_point_0553,fault,multiclass,3,1.46125739736244e-06,nominal,-0.998934762830722,-0.896181444400437,-0.749453986970231,-0.749452909463637,0.343839700466274,0.209637598857373,0.0141482891464656,0.338746875494042,-1.19961273137269,-0.331374312515039,-0.685860558787279,-0.816812013267454,0.816812013267454,-0.703222992277378,-0.856540323939666,-0.434960667541756,-0.67279649110718,0.943653222739102,0.332425103286617,-1.21811506990932,-1.19359755748205,1.35932445711228,1.55127875703591,0.591683854316388,-1.38736667280428,-0.405298323958887,1.22132078851526,-1.0665828592972,-0.905253796339547,0.816812013267454,-0.703222992277378,-1.57304576318286,0.669818283779978,1.8262078398411,-0.51017001730795,-0.157010148500994,0.770689846568677,1.92902325139208
fault_point_0664,fault,multiclass,3,1,nominal,-1.01814002336035,-0.801733270868357,0.352347986824021,0.352355340294804,0.882298010521933,0.657831099531241,0.145454849688152,0.916167727823659,-1.38632924727777,-0.170869186764326,-0.699693938998285,-0.816812013267454,0.816812013267454,-0.703222992277378,-0.905253796339547,0.547106489052191,-0.634059449277032,1.65768248068387,-0.149330422125842,-1.38202596814892,-1.19359755748205,1.66987171199936,1.89927701272937,0.986097650369212,-1.36640306757417,-0.34144000729779,1.22132078851526,0.491424376573972,-0.531895059247311,0.816812013267454,2.20132458694409,0.231880557232978,-0.796467826322652,0.930633210299284,-0.804999778478298,-1.19359755748205,0.198473372830352,2.20132458694409
fault_point_0491,fault,multiclass,3,6.45170516831306e-28,nominal,-1.02198107546628,-0.845943054223799,0.148112436006984,0.148164523358513,2.11670836559024,1.52101858231054,0.640199211729148,2.50139935992509,-1.47968750523032,0.578154733405667,-0.409192954567171,-0.816812013267454,0.816812013267454,-0.703222992277378,-0.920935530605262,0.269534095385801,1.35001494084235,1.34900474922081,-1.3701614037598,-1.69789592829814,-1.19359755748205,2.04835910101684,1.79192910211271,1.6882070306195,-0.292667173026402,0.248073084405185,1.22132078851526,0.283974645989482,1.96016607331919,0.816812013267454,1.29365346843738,-1.32409040864274,1.89091635325602,0.611712679897196,0.561661650988034,0.87957726048006,1.26449764897843,-0.158620321173352
fault_point_0228,fault,multiclass,2,5.35628494816343e-32,nominal,-0.213439607168922,-0.168729554642713,-0.320050026189613,-0.319953159225874,1.09996441325733,1.59073757130425,0.81605621245462,1.3889962110586,0.325238815185522,0.578154733405667,-0.71352731920929,1.22364116273271,-1.22364116273271,-0.158620321173352,1.15706108656225,0.90627496694597,-0.87607372966348,0.360218389644092,-1.99496379166675,-1.27360573858419,0.87957726048006,1.75834599114678,1.10776785359842,2.07557772317138,1.1648025239239,0.520983364030507,1.22132078851526,0.454715164989062,-0.423791188990041,-1.22364116273271,-0.703222992277378,-0.546104925704882,1.92679216171395,-0.438370032696567,0.107882396908135,0.87957726048006,-0.330368091236845,-0.703222992277378
fault_point_0656,fault,multiclass,3,1.38438155344814e-09,nominal,-1.01814002336035,-0.803742806475423,0.302354704327346,0.302360696151387,0.796392336909029,0.481873651118537,0.0938701294753465,0.82037695240313,-1.41744866659529,-0.224370895347897,-0.699693938998285,-0.816812013267454,0.816812013267454,-0.703222992277378,-0.905253796339547,0.630159646212213,-0.688291307839239,1.64411422875143,0.321326639817217,-1.11225594812959,-1.19359755748205,1.63070473168911,1.89429374415142,0.944719417301171,-1.39575211489632,-0.364294562734393,1.22132078851526,0.796196202988222,0.0806935388772162,0.816812013267454,-0.521688768576036,0.698671846995695,0.856460526554975,-0.438370032696567,-0.163244369705525,0.87957726048006,-0.915263413955961,-0.703222992277378
fault_point_0426,fault,multiclass,3,1.73475151536842e-30,nominal,-1.01814002336035,-1.12526850360591,-0.368055230858496,-0.368075258255578,-0.341664357215077,-0.245195805530181,-0.131226831453258,-0.371435740100026,1.10322429812338,0.20364277332067,-0.409192954567171,-0.816812013267454,0.816812013267454,-0.703222992277378,-0.911259566909395,0.349673106680559,0.932392737492569,-0.360594994266895,-0.670547150985055,-1.25909279446922,-1.19359755748205,-0.488241578493475,-0.21840449670835,-0.566026283651164,-0.51867480274527,0.73675725506432,-0.562437584191183,0.71978982073591,1.04728894670225,0.816812013267454,0.02291390252799,-0.39050782911731,2.30095703520156,0.130140478020199,-0.571645698377434,-1.19359755748205,0.0706839212608024,-0.158620321173352
fault_point_0448,fault,multiclass,3,1.2705467632601e-27,nominal,-1.01814002336035,-0.785656986011833,-0.188042334641136,-0.187978456193498,1.99636303003343,1.67705631958218,0.677715371883915,2.3274249004437,-1.79088169840546,0.578154733405667,-0.395359574356165,-0.816812013267454,0.816812013267454,-0.703222992277378,-0.911593220829942,1.36889562305662,1.16702853372089,1.68481898454875,-1.27027523253521,-1.57923126759344,-1.19359755748205,2.02098024099414,1.93893552516222,1.79209280725841,-0.391695251065765,0.175476261253621,1.22132078851526,-0.0122601544747897,0.942855269570995,0.816812013267454,0.02291390252799,0.885388362900781,-1.10086195575404,2.25561705641424,-0.471256544960875,-1.19359755748205,1.77565545525663,-0.703222992277378
fault_point_0587,fault,multiclass,3,1,nominal,-1.01814002336035,-0.851971661044995,-0.511487607747297,-0.511477389022223,0.735445744143117,0.329155865703738,0.124352009601095,0.746450592760836,-1.38632924727777,-0.224370895347897,-0.699693938998285,-0.816812013267454,0.816812013267454,-0.703222992277378,-0.905253796339547,0.158796552505771,-0.514159081707526,1.3456126862377,0.470950369552827,-1.40080742523888,-1.19359755748205,1.60104429999786,1.76286003540801,0.916106809328588,-1.30151571805241,-0.410675866414558,1.22132078851526,-3.02412290962738,-1.06740960172545,0.816812013267454,-0.703222992277378,0.325238815185522,-0.274177682330827,-0.566026283651164,-0.676090979204762,-1.19359755748205,0.527122484569273,-0.158620321173352
fault_point_0209,fault,multiclass,2,4.81522756507663e-30,nominal,-0.762710058316293,-0.851971661044995,-0.477811440211381,-0.477809895683713,-0.253243427392786,-0.0360388385490426,-0.0632287911727423,-0.279367439537911,0.356358234503036,-0.277872603931468,-0.741194079631301,1.22364116273271,-1.22364116273271,-0.158620321173352,-0.247955572861705,0.0895855882057527,-0.658777371206745,-0.314802143994903,-1.69571633219553,0.415017994321659,0.87957726048006,0.348334699977846,-0.0720209822310886,0.669818283779978,1.04720668125216,-0.16666987748847,1.1968696002519,0.529414142051378,-0.718073946912608,0.816812013267454,-0.703222992277378,-0.203791313212224,0.0619104128548109,-0.887587977866106,-0.175285997956249,0.87957726048006,-0.861545132747873,-0.703222992277378
fault_point_0680,fault,multiclass,3,1,nominal,-1.01814002336035,-0.803742806475423,0.590307603877473,0.590308320319562,0.857725892168692,0.541632784541719,0.152489129717171,0.886169304318622,-1.38632924727777,-0.224370895347897,-0.699693938998285,-0.816812013267454,0.816812013267454,-0.703222992277378,-0.905253796339547,0.0677294942162732,-0.813356614319431,1.64411422875143,0.135941194457986,-1.68423668677818,-1.19359755748205,1.65897086958292,1.89429374415142,0.856460526554975,-1.4634346117821,-0.358917020278721,1.22132078851526,-0.975663532929921,-0.744766260556378,-1.22364116273271,-0.703222992277378,-0.95065737683257,-0.274177682330827,-0.178435494114879,-0.231691519762269,0.87957726048006,1.30486977336463,-0.703222992277378
fault_point_1096,fault,multiclass,6,6.14731161398625e-32,nominal,-0.41509484273002,-0.482217109344937,0.659241723094036,0.65923578743334,-0.244343290036494,-0.218636190675433,-0.0749525912211071,-0.26930485018546,0.200761137915464,0.1501410647371,-0.658193798365269,-0.816812013267454,0.816812013267454,-0.703222992277378,0.629887892097789,0.348944570214243,-0.441849936957917,-0.279185482672242,-0.454332640433047,0.796196202988222,0.87957726048006,0.389910005938239,0.05401418555288,0.669818283779978,0.929810491963556,-0.151209442928415,1.21248300962488,0.369344905489272,-0.871888404284834,-1.22364116273271,4.01666682395751,0.200761137915464,-0.0507792431602814,0.162494734727657,-0.419540920473557,0.87957726048006,0.468399394552979,0.204448126229332
fault_point_0591,fault,multiclass,3,1.64870523910461e-31,nominal,-0.904828986235543,-0.890152837579241,-0.417456260011347,-0.417440461263871,0.00563448092718232,0.382275095413233,0.131386289630114,0.0678729013579481,0.978746620853325,0.524653024822096,-0.71352731920929,-0.816812013267454,0.816812013267454,-0.703222992277378,-0.614641231542998,1.84171578969569,1.48762367039136,0.372090610084979,-1.15148056799237,-1.1075605838571,0.87957726048006,1.00339927681721,1.12001838885254,1.06357178887959,-0.11437670187892,0.744151375940868,1.22132078851526,0.262632081114534,-0.215257488648086,0.816812013267454,-0.703222992277378,0.760910685630724,-0.796467826322652,-0.636897512629406,0.0638987652975976,0.87957726048006,0.850766787499987,-0.703222992277378
fault_point_0455,fault,multiclass,3,1.9129813460352e-19,nominal,-1.02198107546628,-0.823838162546078,-0.140018534006177,-0.139970749778324,1.74328955911974,1.67705631958218,0.588614491516343,2.06006063254538,-1.75976227908795,0.578154733405667,-0.395359574356165,-0.816812013267454,0.816812013267454,-0.703222992277378,-0.921269184525809,0.836335466179636,0.884801514672673,1.47790314257901,-1.38372619244463,-1.72137274966059,-1.19359755748205,1.95861728205355,1.85255886981109,1.61425444385959,-0.544230435787687,0.237317999493842,1.22132078851526,0.796196202988222,1.09199857205556,0.816812013267454,2.20132458694409,0.0140446220103774,0.162494734727657,-1.37576308927524,-0.878517087798505,0.87957726048006,-0.517881594584331,-0.340154544874694
fault_point_0533,fault,multiclass,3,0.999992172831629,nominal,-1.02198107546628,-0.876086088329782,-0.893522571304491,-0.893512093375809,0.498624697967002,0.451994084406946,0.0774568094076358,0.515042269745567,-1.41744866659529,0.257144481904241,-0.685860558787279,-0.816812013267454,0.816812013267454,-0.703222992277378,-0.915597067876508,0.593732822896413,-0.506042749133591,1.2167142928795,-0.139465121264154,-1.19079658686939,-1.19359755748205,1.46782586535038,1.70181499532813,0.856460526554975,-1.29712334362325,-0.317241066247268,1.22132078851526,-1.16689291420945,-0.332036360839581,0.816812013267454,-0.703222992277378,-0.203791313212224,-0.133975903265174,0.631521408493599,2.03276836128169,-1.19359755748205,-0.343046940217636,-0.158620321173352
fault_point_0289,fault,multiclass,2,1.63398750936026e-31,nominal,-0.939398455188874,-1.04488707932329,0.169376077944037,0.169368856817402,-0.271624145845998,-0.245195805530181,-0.0913659112888179,-0.303429813727564,0.0451640413278918,-0.652384564016465,-0.727360699420296,1.22364116273271,-1.22364116273271,-0.158620321173352,-0.70272586656744,-0.920894490574517,-0.732931136995886,-0.365683088741561,-0.77865440626106,0.69930095845596,0.87957726048006,0.250734134156192,-0.273220451065793,0.50672641833626,1.08733701126408,-0.387821310977955,1.01216002144315,-0.626499171575779,-1.0380480567173,-1.22364116273271,2.20132458694409,1.04098545948835,-0.133975903265174,-1.10086195575404,-0.348431936803495,0.87957726048006,0.750670611335849,-0.158620321173352
fault_point_0582,fault,multiclass,3,1,nominal,-1.01429897125442,-0.843933518616733,-0.543475486969135,-0.543469002382345,0.838377767481101,0.309236154562677,0.0798015694173087,0.855862463913936,-1.4485680859128,-0.331374312515039,-0.699693938998285,-0.816812013267454,0.816812013267454,-0.703222992277378,-0.89557783264368,-0.692862576617614,-0.701203655115955,1.36935712711947,0.598377172349638,-1.31970567871407,-1.19359755748205,1.65022484485344,1.77448766208989,0.808919577923608,-1.4029396366895,-0.401937359924092,1.22132078851526,-1.75338659697301,-1.05306248314192,-1.22364116273271,-0.703222992277378,0.16964171859795,-0.225096054808628,-1.37576308927524,-0.943288372389239,0.87957726048006,-0.629989311888166,-0.703222992277378
fault_point_0508,fault,multiclass,3,0.999999987109235,nominal,-1.02198107546628,-0.858000267866192,0.366217759946316,0.366227839725853,0.786137830824606,0.588112110537528,0.194694809891284,0.842428760727987,-1.13737389273766,0.257144481904241,-0.38152619414516,-0.816812013267454,0.816812013267454,-0.703222992277378,-0.921269184525809,0.510679665736391,-0.261077075083893,1.27098730060927,-0.347458547764754,-1.51819153205109,-1.19359755748205,1.62576132640724,1.75683858587632,1.05102626076853,-1.16455349721571,-0.215739952396471,1.22132078851526,0.796196202988222,0.33693974985741,-1.22364116273271,-0.703222992277378,0.511955331090608,0.871647218478884,-0.438370032696567,1.67367433144696,0.87957726048006,0.431697463292795,-0.703222992277378
fault_point_0554,fault,multiclass,3,1.11596151993804e-06,nominal,-0.991252658618871,-0.892162373186306,-0.745451346150841,-0.745450294975915,0.298565088697311,0.169798176575252,-0.00226503092124512,0.288756009671294,-1.2307321506902,-0.224370895347897,-0.685860558787279,-0.816812013267454,0.816812013267454,-0.703222992277378,-0.836854742627385,-0.2091143629838,-0.648447493385372,0.918212750365773,0.491503079681345,-1.0256051347373,-1.19359755748205,1.32307281837852,1.53632895130206,0.591683854316388,-1.37418954951678,-0.426808493781573,1.22132078851526,0.796196202988222,1.51607270507096,0.816812013267454,-0.703222992277378,0.107402879962921,0.130140478020199,-0.988392396723356,-0.270858500072518,0.87957726048006,1.00324662919002,-0.158620321173352
fault_point_1608,fault,multiclass,7,1.40739619647057e-37,anomaly,-0.927875298871097,-1.02881079446676,-0.745773676229496,-0.745792909309089,-0.345340500905719,-0.31159484266705,-0.168742991608026,-0.379794228481635,0.480835911773094,-0.598882855432894,1.61048055623962,1.22364116273271,-1.22364116273271,-0.158620321173352,-0.759780686980999,0.257148975458429,0.148797719899862,-0.386035466640224,1.60093837241874,0.796196202988222,-1.19359755748205,-0.576715857640897,-0.166910721402874,-0.796467826322652,-0.942738588542865,-0.180113733627648,-0.743906644073456,-1.68509038937318,-0.737092220383794,0.816812013267454,-0.703222992277378,0.325238815185522,-0.499997188329821,-2.03847510931712,-1.10160409539086,-1.19359755748205,-1.10678076435001,-0.158620321173352
fault_point_1284,fault,multiclass,7,1.4212568924999e-37,anomaly,0.174506655529571,0.1045672879182,-0.780129441798382,-0.780136615147284,-0.337020807290055,-0.288355179669146,-0.119503031404893,-0.369341237990389,0.511955331090608,-0.277872603931468,1.18164576969846,-0.816812013267454,0.816812013267454,0.749050797333358,1.60349003225431,-0.057578777990076,-1.18338759484932,-0.482709261658874,-1.19423020505969,0.796196202988222,0.87957726048006,-0.393683108229898,-0.898205385216939,0.224121890360911,1.33111379208275,0.0692697977541115,-0.477005721584268,0.796196202988222,1.35558516928779,-1.22364116273271,4.01666682395751,-1.32409040864274,1.92195002805705,-0.225096054808628,0.753820687073264,-1.19359755748205,-0.147859396697566,-0.521688768576036
fault_point_0007,fault,multiclass,1,5.13316050543464e-32,nominal,-0.303704331658176,-0.34556868806448,-0.85215556301072,-0.851946438040972,1.38496228990555,0.392234950983764,0.818400972464293,2.49013238305945,-1.91535937567552,3.68125383125278,1.57589710571211,-0.816812013267454,0.816812013267454,1.29365346843738,0.526788830648726,-0.547883819820733,-1.81240336932934,-0.23339263240025,-1.91974087259637,0.628443643071135,0.87957726048006,1.85607331095002,0.37958773264557,2.67380132678275,1.67152281034306,2.75871321839676,1.22132078851526,0.396236537231706,-0.38442002636548,0.816812013267454,-0.703222992277378,2.72143410263413,0.0258145074124767,0.309959714278657,1.11557655052132,0.87957726048006,1.44467076607388,-0.703222992277378
fault_point_0742,fault,multiclass,4,1.89089219057211e-28,nominal,-0.00218174134301028,-0.0783004523247639,-0.275223604691529,-0.275244806298749,-0.349790569583865,-0.314914794523893,-0.16405347158868,-0.383555743453929,0.480835911773094,-0.277872603931468,-0.699693938998285,-0.816812013267454,0.816812013267454,-0.521688768576036,1.69424389864313,-1.08700080489456,0.448364176719673,-0.453876726302434,-0.333482704877362,0.796196202988222,0.87957726048006,-0.70714570469347,-0.792103291744767,-0.636897512629406,0.448046878437381,0.156654862658771,-1.06088831360808,0.796196202988222,-0.983662467668122,-1.22364116273271,0.385982349930674,0.200761137915464,-0.499997188329821,0.776125127247341,0.148570424997422,0.87957726048006,-0.876559559172494,-0.703222992277378
fault_point_0405,fault,multiclass,3,1.09599259339837e-30,nominal,-1.01814002336035,-0.79570466404716,-0.596237877868807,-0.59614877365993,3.09436910605422,1.99577169783915,0.855917132619061,3.80710377664902,-1.97759821431055,0.685158150572809,-0.409192954567171,-0.816812013267454,0.816812013267454,-0.703222992277378,-0.911259566909395,0.755467918418562,1.15153371698883,1.62715391383587,-1.4659370329587,-1.51904523464608,0.87957726048006,2.23101158848308,1.91443445465397,1.99942416656743,0.067507530165152,0.492751266138232,1.22132078851526,-1.65862560892824,0.626885006812864,-1.22364116273271,-0.703222992277378,1.47665732993356,-0.988392396723356,0.162494734727657,-0.542365528630938,-1.19359755748205,-0.999344201933837,0.385982349930674
fault_point_0564,fault,multiclass,3,1,nominal,-1.01814002336035,-0.843933518616733,-0.687438694162296,-0.687427881440398,0.867206473265612,0.29263639527846,0.063388249349598,0.883762481297948,-0.95065737683257,-0.170869186764326,-0.685860558787279,-0.816812013267454,0.816812013267454,-0.703222992277378,-0.905587450260094,-0.284153619014347,-0.5783518938832,1.39140553650969,0.717171836892472,-0.950052455079984,-1.19359755748205,1.66315375097527,1.78611528877177,0.901580408357893,-1.33625540671945,-0.411348059221517,1.22132078851526,-1.35428063381149,0.00695602243630092,0.816812013267454,-0.158620321173352,-0.266030151847252,0.224121890360911,0.193968603497498,-0.602573669884556,-1.19359755748205,-0.921269184525809,-0.703222992277378
fault_point_0719,fault,multiclass,3,2.24569876420188e-30,nominal,-0.966285819930354,-0.827857233760209,3.43979904253843,3.43977594179651,0.484113604451309,0.222917406284747,0.0399406492528683,0.524013687915085,-0.514985506387368,-0.170869186764326,-0.699693938998285,-0.816812013267454,0.816812013267454,-0.703222992277378,-0.772793189882337,-0.110761940031143,-0.688660232047145,1.15735319067507,0.659624248532622,-1.21000489525684,-1.19359755748205,1.45857282469456,1.66983902195295,0.706574480175526,-1.39595176827947,-0.168014263102388,1.22132078851526,0.424835574164136,-0.89557783264368,0.816812013267454,-0.703222992277378,0.823149524265753,1.47977518638846,-0.796467826322652,1.68660323756879,-1.19359755748205,1.88576124903718,-0.340154544874694
fault_point_0528,fault,multiclass,3,1.33987684778313e-30,nominal,-1.02198107546628,-0.884124230758044,0.550296410564901,0.550353741265226,1.18103305569834,1.48117916002842,0.609717331603399,1.33402968272191,-1.10625447342014,0.524653024822096,-0.409192954567171,-0.816812013267454,0.816812013267454,-0.703222992277378,-0.920935530605262,1.67998069417355,1.0596715892202,1.11834446636929,-1.48566763468207,-1.45629809391374,0.87957726048006,1.78800642283804,1.67627574386614,1.77448504850605,0.117221222567977,0.0027227098651783,1.22132078851526,0.796196202988222,-0.866216287635533,-1.22364116273271,-0.703222992277378,-0.39050782911731,-0.133975903265174,1.8262078398411,-0.523732693337713,0.87957726048006,-0.988333622555782,-0.340154544874694
fault_point_0163,fault,multiclass,2,5.47995427224345e-31,nominal,-0.726220063309999,-0.829866769367274,-0.883802516187826,-0.883820841234482,-0.350177532077617,-0.308274890810206,-0.168742991608026,-0.384851875234729,0.449716492455579,-0.652384564016465,-0.727360699420296,1.22364116273271,-1.22364116273271,-0.158620321173352,-0.15553343687015,-0.368663849107001,1.27623009926112,-0.414868001996663,0.0866146901495434,0.796196202988222,-1.19359755748205,-0.7200746108153,-0.532558053309906,-0.796467826322652,-0.332597849655177,-0.115583224159592,-1.00815623289553,0.730887954470883,-0.718407600833155,-1.22364116273271,-0.158620321173352,0.325238815185522,0.724402335912288,0.571214834766772,-0.924021767188081,-1.19359755748205,-0.885568215027266,-0.703222992277378
fault_point_0583,fault,multiclass,3,1,nominal,-1.01429897125442,-0.839914447402602,-0.537480260208963,-0.537470997510135,0.805872918005948,0.312556106419521,0.107938689533384,0.819732790524118,-1.2307321506902,-0.277872603931468,-0.699693938998285,-0.816812013267454,0.816812013267454,-0.703222992277378,-0.89557783264368,-0.125332669357462,-0.601963043189195,1.3947975994928,0.62304042450386,-1.35470748510899,-1.19359755748205,1.63514112104464,1.78611528877177,0.886833910402793,-1.34903322324065,-0.411348059221517,1.22132078851526,-1.24244559386676,1.04395240749677,0.816812013267454,-0.703222992277378,0.66755242767818,-0.796467826322652,-0.566026283651164,0.374065758239919,0.87957726048006,1.82703815902088,-0.703222992277378
fault_point_0451,fault,multiclass,3,2.66929437710157e-16,nominal,-1.02198107546628,-0.805752342082488,-0.16402930729541,-0.163979674579659,1.62178333608166,1.46125944888736,0.553443091371248,1.91588353998255,-1.85312053704049,0.578154733405667,-0.409192954567171,-0.816812013267454,0.816812013267454,-0.703222992277378,-0.920935530605262,1.2632578354408,0.795890780567285,1.58984122102166,-1.18395384999543,-1.59886642727839,-1.19359755748205,1.92591475480422,1.89927701272937,1.63494356039361,-0.592546554508505,0.230596071424253,1.22132078851526,0.764182355675801,1.95082376354387,-1.22364116273271,-0.703222992277378,-0.11043305525968,0.856460526554975,-0.566026283651164,0.608180362230302,-1.19359755748205,0.750670611335849,0.385982349930674
fault_point_0181,fault,multiclass,2,3.11222654645762e-31,nominal,-1.04886844020776,-1.16746875135428,-0.725784139725731,-0.725802940797551,-0.355401525743267,-0.32155469823758,-0.166398231598353,-0.393827197415635,-0.452746667752339,-1.98992727860574,-0.727360699420296,1.22364116273271,-1.22364116273271,-0.158620321173352,-0.983662467668122,1.38419488884926,1.58354396444696,-0.414868001996663,0.778829967278026,0.796196202988222,-0.157010148500994,-0.933528315807074,-0.532558053309906,-0.713271166217759,-0.166286581496328,-1.64078870314938,-0.963672745814002,-0.845473887192741,1.83337758351128,-1.22364116273271,-0.703222992277378,0.16964171859795,0.930633210299284,0.0258145074124767,-0.869771063069032,-1.19359755748205,-0.268642115935627,-0.703222992277378
fault_point_1227,fault,multiclass,6,7.30740771208379e-31,nominal,0.902386029602485,0.886276639066694,1.31353571786122,1.31350800905616,-0.34437309467134,-0.268435468528085,-0.138261111482277,-0.376776427678747,0.605313589043152,0.0966393561535286,-0.658193798365269,1.22364116273271,-1.22364116273271,0.02291390252799,0.385319568336744,1.9604672337052,1.21461975654079,-0.341938647859787,-0.123022953161339,0.0846350900574722,0.87957726048006,-0.551998831231516,-0.166910721402874,-0.225096054808628,0.0333668016475491,0.283699303174007,0.0285152309449219,0.796196202988222,-0.335372900045052,-1.22364116273271,-0.158620321173352,0.138522299280435,-0.566026283651164,-0.225096054808628,-0.458961408746978,0.87957726048006,-0.920601876684714,-0.340154544874694
fault_point_0075,fault,multiclass,1,2.72128100936231e-32,nominal,0.09960613946402,0.026195399242644,-0.755768726238441,-0.755787330054441,-0.354821082002639,-0.341474409378641,-0.166398231598353,-0.393772541256204,-0.701702022292455,-2.04342898718931,1.62431393645063,1.22364116273271,-1.22364116273271,2.40101223301557,1.34724382127411,-0.285610691946979,0.353919579495693,-0.486101324641984,1.14425715336307,0.796196202988222,0.87957726048006,-0.905388931894856,-0.898205385216939,-0.713271166217759,0.499158144522214,-1.82631391787005,-1.13011758158265,-1.28939923659165,0.684607135067518,0.816812013267454,-0.158620321173352,-1.6664040211354,0.650889943121193,-0.225096054808628,-0.914641972550676,0.87957726048006,-0.911259566909395,0.385982349930674
fault_point_0830,fault,multiclass,5,1.98145195894e-26,nominal,1.41900753784949,1.40272729008254,0.429670013769238,0.429646992519277,-0.354821082002639,-0.318234746380737,-0.149984911530642,-0.388839822867524,0.792030104948238,-0.170869186764326,-0.741194079631301,-0.816812013267454,0.816812013267454,-0.703222992277378,-0.92927687861894,0.219993615676314,-0.87607372966348,-0.49118941911665,-0.968150393645994,0.571672420503775,0.87957726048006,-0.905388931894856,-1.15754298746105,-0.325680376681474,1.1648025239239,0.385200417024805,-1.09123135446502,-1.57923126759344,-0.0370862950759199,0.816812013267454,2.20132458694409,0.511955331090608,0.0619104128548109,-0.988392396723356,1.68584271367927,0.87957726048006,1.03894759868857,-0.158620321173352
fault_point_1053,fault,multiclass,6,5.82040835127489e-31,nominal,-0.355558535088172,-0.450064539631888,-0.195014131377375,-0.195038114690215,-0.356562413224522,-0.338154457521797,-0.173432511627372,-0.391410614366492,0.480835911773094,0.1501410647371,1.14014562906544,1.22364116273271,-1.22364116273271,-0.158620321173352,0.479409973931034,-0.892481568388193,1.1736691694632,-0.482709261658874,0.778829967278026,0.796196202988222,0.87957726048006,-0.994750488913384,-0.898205385216939,-0.988392396723356,0.0555283271765194,0.127750571959538,-1.202292775854,-0.381486526811382,-0.57026526011023,-1.22364116273271,-0.176773743543486,-0.172671893894709,1.8262078398411,-0.796467826322652,-0.0534754216515606,0.87957726048006,1.61516791947346,2.20132458694409
fault_point_0610,fault,multiclass,3,4.94223404597836e-05,nominal,-1.01814002336035,-0.815800020117816,-0.0355858425782221,-0.0355781910977051,0.79774670563716,0.495153458545911,0.140765329668806,0.793361193598489,-1.4485680859128,-0.598882855432894,-0.71352731920929,-0.816812013267454,0.816812013267454,-0.703222992277378,-0.904920142419,0.441468701436373,-0.66025306803837,1.5728809061061,0.183623481956148,-1.4725184432187,-1.19359755748205,1.63133850159705,1.86314831553924,0.930633210299284,-1.38057845777739,-0.491339003249629,1.22132078851526,0.796196202988222,0.684607135067518,-1.22364116273271,0.02291390252799,-1.16849331205517,-0.274177682330827,2.15811409232306,2.03416265507915,0.87957726048006,-0.921269184525809,-0.703222992277378
fault_point_0568,fault,multiclass,3,1.28460131557224e-27,nominal,-0.864497939123324,-0.922305407292289,-0.663408761392863,-0.66342571876406,-0.32212275128061,-0.202036431391216,-0.121847791414566,-0.347999959738139,0.978746620853325,0.257144481904241,-0.699693938998285,-0.816812013267454,0.816812013267454,-0.703222992277378,-0.51220947793503,1.52407389038192,-0.552158275121862,-0.090925987109608,0.553161210066899,-1.2693372256092,-1.19359755748205,-0.168061021005815,0.506868717574026,-0.438370032696567,-1.32208001651623,0.589547030340317,0.88195007912503,0.658323233896061,0.507436903256993,-1.22364116273271,-0.703222992277378,-1.2307321506902,1.6882070306195,-1.76335387881152,-0.953175182952991,-1.19359755748205,0.625216737210129,4.01666682395751
fault_point_0173,fault,multiclass,2,2.52275793279358e-31,nominal,-1.06615317468442,-1.19359271424614,-0.794728402196517,-0.79474618620299,-0.352692788287004,-0.331514553808111,-0.16405347158868,-0.389409808530165,0.0451640413278918,-1.08039823268503,-0.71352731920929,1.22364116273271,-1.22364116273271,-0.158620321173352,-1.02803843910089,-0.705976233011301,0.164661460839827,-0.465748946743321,0.230894715251739,0.796196202988222,0.87957726048006,-0.812605017373492,-0.898205385216939,-0.636897512629406,0.601580330075023,-0.795170151995061,-1.10448802280057,-0.911208987007579,0.372307065435406,-1.22364116273271,0.02291390252799,0.605313589043152,0.916106809328588,-0.566026283651164,-0.368839327838932,-1.19359755748205,-0.695385480315403,-0.521688768576036
fault_point_0501,fault,multiclass,3,0.99999998199154,nominal,-1.02198107546628,-0.851971661044995,0.31219309740995,0.31220296908431,0.701393044692957,0.687710666242832,0.211108129958995,0.733422906759234,-1.57304576318286,0.257144481904241,-0.395359574356165,-0.816812013267454,0.816812013267454,-0.703222992277378,-0.921269184525809,0.809379616925945,-0.320473872556787,1.30999602491504,-0.512291282995468,-1.62191639734333,-1.19359755748205,1.58380575850208,1.77448766208989,1.03848073265748,-1.19669769190188,-0.301108438880254,1.22132078851526,0.796196202988222,-1.06240479291724,0.816812013267454,-0.703222992277378,0.356358234503036,-0.274177682330827,0.437615965233254,-0.168061021005815,-1.19359755748205,-0.601962382562207,-0.703222992277378
fault_point_0831,fault,multiclass,5,5.9466897101651e-32,nominal,1.64947066420503,1.70415763114237,2.36724795986806,2.36720655701405,-0.340503469733822,-0.215316238818589,-0.16405347158868,-0.369114805329887,0.916507782218296,0.685158150572809,1.31997957180851,1.22364116273271,-1.22364116273271,-0.176773743543486,-0.362732521529917,0.877862044759647,-1.28594852464724,-0.196079939586034,0.639071538404104,-0.845473887192741,-1.19359755748205,-0.463017536157749,0.458074212748272,-1.10086195575404,-1.7191905955894,0.908166420838845,-0.321460813113748,0.796196202988222,1.9815199242342,0.816812013267454,-0.340154544874694,-0.826179699562512,-0.225096054808628,-0.887587977866106,1.66746338634922,0.87957726048006,1.92646702734393,-0.703222992277378
fault_point_0606,fault,multiclass,3,8.44744062294289e-31,nominal,-0.887544251758878,-0.862019339080323,-0.0615294693111418,-0.0615154485439764,-0.0115853500447737,0.432074373265885,0.105593929523711,0.0421318022714746,0.916507782218296,0.257144481904241,-0.699693938998285,-0.816812013267454,0.816812013267454,-0.703222992277378,-0.571266221871872,2.12657354802524,1.49131291247042,0.433147743780968,-1.15065845958723,-0.871084965042678,-1.19359755748205,0.977287956610376,1.17815652226195,1.07589722000624,-0.216199927282297,0.686342794542401,1.22132078851526,0.660457490383556,1.5574457912188,0.816812013267454,-0.703222992277378,-0.234910732529738,-0.636897512629406,0.930633210299284,-0.607897337111191,-1.19359755748205,0.0239723723842044,-0.158620321173352
fault_point_0669,fault,multiclass,3,1,nominal,-1.02198107546628,-0.811780948903685,0.394337114710162,0.394343064931528,0.885780672965699,0.435394325122729,0.107938689533384,0.91182451515456,-1.26185157000771,-0.331374312515039,-0.71352731920929,-0.816812013267454,0.816812013267454,-0.703222992277378,-0.914929760035413,0.362786763074247,-0.651029962840716,1.62376185085276,0.45080871362688,-1.1890891816794,-1.19359755748205,1.6713927597784,1.88391193461403,0.958805624303057,-1.37558712319879,-0.375049647645736,1.22132078851526,0.440629072171597,-0.485183510370713,0.816812013267454,-0.703222992277378,0.885388362900781,0.0619104128548109,0.193968603497498,-0.23980377458381,0.87957726048006,-0.914929760035413,-0.703222992277378
fault_point_1253,fault,multiclass,6,1.12870606730182e-31,nominal,1.00417391040952,1.01689645352595,6.28645656867218,6.28639896269144,-0.255952164849049,-0.248515757387024,-0.135916351472604,-0.288360329770063,-0.67058260297494,-0.170869186764326,-0.672027178576274,-0.816812013267454,0.816812013267454,-0.703222992277378,0.0593396879622,-1.27860589553566,0.968547309867374,-0.192687876602924,0.823223821155624,0.796196202988222,-1.19359755748205,0.334898777929671,0.293626349675944,-0.0118220769206893,-0.499108771197171,-0.451007434832094,1.07962173363965,0.736863872635868,1.86107085891669,0.816812013267454,-0.521688768576036,-0.234910732529738,1.98555805654995,-1.76335387881152,-0.146766352099272,-1.19359755748205,-1.10678076435001,-0.703222992277378
fault_point_0737,fault,multiclass,3,9.96656383519188e-31,nominal,-0.634034812767783,-0.518388750272116,1.16138915856624,1.16142950840813,1.00341727106625,1.26206233747675,0.492479331119751,1.10753260603269,-1.29297098932523,0.524653024822096,1.43064661349655,-0.816812013267454,0.816812013267454,-0.703222992277378,-0.141519972207171,1.14960614669551,1.05266202926998,0.645151680225376,-1.51526353726714,-1.44733421666626,0.87957726048006,1.72082681259716,1.53632895130206,1.62812055387707,0.121014636847711,-0.100794982406496,1.22132078851526,-0.562044625653438,-1.09510287713086,0.816812013267454,1.11211924473604,1.04098545948835,1.37809037959359,-1.10086195575404,-1.66844790104597,-1.19359755748205,-0.226601721946689,-0.176773743543486
fault_point_0588,fault,multiclass,3,6.40702826024364e-31,nominal,-0.908670038341469,-0.90823865804283,-0.493437686856701,-0.493421388259786,0.0491677614742622,0.521713073400659,0.190005289871938,0.118295160439066,0.885388362900781,0.257144481904241,-0.699693938998285,-0.816812013267454,0.816812013267454,-0.703222992277378,-0.625318157000506,1.27928563769975,1.15227156540465,0.283896972524105,-1.47045862918697,-1.46824993024371,0.87957726048006,1.06424118797876,1.03156537159394,1.06357178887959,0.0671082233988643,0.686342794542401,1.22132078851526,0.796196202988222,-0.25896615223976,0.816812013267454,-0.703222992277378,-0.203791313212224,0.999303469433481,-0.887587977866106,-0.869771063069032,0.87957726048006,-0.911259566909395,-0.158620321173352
fault_point_0919,fault,multiclass,6,5.03413237454117e-32,nominal,1.5784112002454,1.57554735229017,-0.877846171902178,-0.877860591560171,-0.342051319708829,-0.32155469823758,-0.152329671540315,-0.378131119630367,-0.017074797307137,-0.331374312515039,1.58281379581761,1.22364116273271,-1.22364116273271,-0.340154544874694,0.0239723723842044,-1.3988144124778,-0.261077075083893,-0.475925135692653,-0.0432784378626899,0.796196202988222,0.87957726048006,-0.496860849241361,-0.792103291744767,-0.325680376681474,0.831980334223057,-0.588806960258673,-0.894148885209754,-2.61861417700338,-0.686043170540084,0.816812013267454,-0.703222992277378,1.10322429812338,1.62812055387707,0.706574480175526,-1.00565133132983,-1.19359755748205,-0.915263413955961,-0.703222992277378
fault_point_0598,fault,multiclass,3,1,nominal,-1.01814002336035,-0.819819091331947,-0.11557216429946,-0.115566240664674,0.851341011021787,0.498473410402754,0.164212929765536,0.878374945582572,-1.2307321506902,-0.277872603931468,-0.699693938998285,-0.816812013267454,0.816812013267454,-0.703222992277378,-0.905253796339547,-0.0386368298658604,-0.730348667540542,1.54404837074967,0.141695953293971,-1.7145431289006,-1.19359755748205,1.65605552800643,1.85255886981109,0.871647218478884,-1.41851260057472,-0.363622369927434,1.22132078851526,-0.270932040759154,-1.0910990300843,0.816812013267454,-0.158620321173352,0.418597073138065,1.22314210257284,-0.0914971852751102,-0.427272913350338,-0.157010148500994,1.4009621024822,0.385982349930674
fault_point_0121,fault,multiclass,1,2.35787760715427e-31,nominal,1.92026483767279,1.94329236838317,-0.541476702372995,-0.541448254029118,-0.199842603255035,-0.112397731256442,0.0352511292335223,-0.226741366028293,0.200761137915464,-0.224370895347897,1.63814731666163,-0.816812013267454,0.816812013267454,0.204448126229332,-0.670027782353822,-0.304552640071194,-1.57850542151683,-0.42674022243755,-1.77176135967104,0.796196202988222,0.87957726048006,0.561027881080101,-0.393649441699569,1.29401333155108,1.54494256542984,-0.340767814490831,1.21896404747782,0.796196202988222,1.60182176265157,-1.22364116273271,-0.158620321173352,0.0140446220103774,-2.03847510931712,-0.178435494114879,0.735948375669559,0.87957726048006,-0.218927681774105,-0.703222992277378
fault_point_0806,fault,multiclass,4,3.76523317025215e-31,nominal,1.34794807388986,1.33239354383524,0.0333477131242172,0.0333216640056699,-0.36139944439642,-0.341474409378641,-0.175777271637045,-0.396200836339511,1.10322429812338,0.578154733405667,-0.699693938998285,-0.816812013267454,0.816812013267454,-0.521688768576036,-0.728417218449569,1.30842709635239,1.58354396444696,-0.465748946743321,1.14425715336307,0.796196202988222,-0.157010148500994,-1.36563263903567,-0.898205385216939,-1.10086195575404,-0.166286581496328,0.908838613645804,-1.22497640833929,-1.18183270962191,0.896811028535491,0.816812013267454,-0.158620321173352,1.04098545948835,-1.22851820670864,-0.796467826322652,-0.175285997956249,0.87957726048006,-0.905253796339547,0.02291390252799
fault_point_0615,fault,multiclass,3,1,nominal,-1.01814002336035,-0.807761877689554,-0.00158903550602143,-0.00158442522809711,0.891391629125101,0.481873651118537,0.0751120493979628,0.910321470770198,-1.29297098932523,-0.277872603931468,-0.71352731920929,-0.816812013267454,0.816812013267454,-0.703222992277378,-0.904920142419,-0.0976482836374551,-0.798599646003184,1.62376185085276,0.289264412016729,-1.17116142718444,-1.19359755748205,1.67392783941013,1.88391193461403,0.856460526554975,-1.45544847645634,-0.405298323958887,1.22132078851526,-1.54935167676851,-0.998343240172195,0.816812013267454,-0.703222992277378,-0.0793136359421659,-0.887587977866106,0.930633210299284,2.63611731363374,-1.19359755748205,1.09967261222814,-0.703222992277378
fault_point_0844,fault,multiclass,5,2.47413183564626e-31,nominal,0.103447191569946,0.0362430772779717,0.195354079038492,0.195406982628209,-0.157083247695458,-0.0327188866921991,0.157178649736517,-0.170978419368455,0.294119395868007,0.0966393561535286,-0.644360418154263,-0.816812013267454,0.816812013267454,0.385982349930674,1.94648626257676,-0.509999923572302,-1.83527667021952,-0.428436253929105,-2.06648722291399,0.796196202988222,0.87957726048006,0.686767830813972,-0.611044533412608,1.70097265571496,1.68390132009798,-0.0772682341629335,1.22102619588558,0.796196202988222,-1.10678076435001,-1.22364116273271,2.40101223301557,0.605313589043152,-0.636897512629406,-0.225096054808628,1.6826738641396,-1.19359755748205,-0.620980656033394,-0.703222992277378
fault_point_0772,fault,multiclass,4,2.31079464039587e-29,nominal,0.088082983146243,0.0121286499931853,-0.676389309228238,-0.676412943330937,-0.363334256865179,-0.348114313092328,-0.185156311675737,-0.398736491735987,0.916507782218296,0.524653024822096,-0.699693938998285,-0.816812013267454,0.816812013267454,-0.521688768576036,1.92513241166174,0.104884853998388,0.0023348093611126,-0.477621167184208,1.60093837241874,0.796196202988222,-1.19359755748205,-1.63295678620173,-1.01863437585071,-1.76335387881152,-1.02200098165098,0.863129502772597,-1.31688930879914,0.796196202988222,0.668591746881256,-1.22364116273271,2.20132458694409,-1.79088169840546,-0.499997188329821,0.724402335912288,-0.566702293095558,-1.19359755748205,-1.06340575467889,-0.521688768576036
fault_point_0532,fault,multiclass,3,1,nominal,-1.02198107546628,-0.862019339080323,-0.903530582138277,-0.903511585714909,0.747441581449423,0.425434469552198,0.124352009601095,0.76982586094621,-1.4485680859128,0.1501410647371,-0.699693938998285,-0.816812013267454,0.816812013267454,-0.703222992277378,-0.915263413955961,0.636716474409057,-0.212010155432373,1.30829999342348,0.0594851127798996,-1.05548472556222,-1.19359755748205,1.60700173713243,1.74500332300369,1.06357178887959,-1.13799959725758,-0.35958921308568,1.22132078851526,0.294219077129457,-0.324695974587544,0.816812013267454,-0.703222992277378,0.511955331090608,0.0966857363907185,0.130140478020199,1.6270288662231,0.87957726048006,0.263202233416495,-0.176773743543486
fault_point_1005,fault,multiclass,6,2.14393170403554e-30,nominal,0.65463816877028,0.621017938934043,1.09706233082361,1.09702984749016,-0.355595006990143,-0.308274890810206,-0.168742991608026,-0.388297165284599,1.10322429812338,0.685158150572809,1.37531309265253,1.22364116273271,-1.22364116273271,0.385982349930674,1.83537950703456,1.24577296024922,0.107847132822277,-0.411475939013553,0.735669276008138,0.0201805441351307,-1.19359755748205,-0.943288372389239,-0.331358584475202,-0.988392396723356,-0.964900114071835,1.09100286433167,-0.99725630559741,-1.27702054896418,-0.940621111917542,0.816812013267454,-0.703222992277378,0.760910685630724,0.776125127247341,-0.133975903265174,0.506650422979465,0.87957726048006,-0.0721199567333684,2.56439303434678
fault_point_0688,fault,multiclass,3,1,nominal,-1.02198107546628,-0.807761877689554,0.646298367190814,0.646297588272691,0.764661412421379,0.700990473670206,0.154833889726844,0.784672816254598,-1.26185157000771,-0.170869186764326,-0.699693938998285,-0.816812013267454,0.816812013267454,-0.703222992277378,-0.915263413955961,0.257148975458429,-0.855045049812828,1.64411422875143,-0.257026623199276,-1.75338659697301,-1.19359755748205,1.61549425389873,1.89429374415142,0.824986657785135,-1.48599544407735,-0.375049647645736,1.22132078851526,-1.80162079359039,-0.914929760035413,0.816812013267454,-0.703222992277378,0.854268943583267,0.224121890360911,-0.796467826322652,-0.797394539583104,0.87957726048006,-0.69338355679212,-0.158620321173352
fault_point_0150,fault,multiclass,1,2.42697788140542e-31,nominal,-0.977808976248131,-1.09311593389286,6.38854616837452,6.3884912718523,-0.316511795121209,-0.281715275955459,-0.121847791414566,-0.350209630183721,-0.297149571164767,-0.277872603931468,-0.685860558787279,-0.816812013267454,0.816812013267454,-0.703222992277378,-0.802488388811031,-0.784658171373428,-0.67759250580996,-0.416564033488218,-0.682878777062166,0.796196202988222,0.87957726048006,-0.102402458543974,-0.532558053309906,0.193968603497498,1.05738900379249,-0.363622369927434,0.0847824232136138,0.796196202988222,-1.10277691730345,0.816812013267454,-0.703222992277378,0.0140446220103774,0.808919577923608,0.363003087520136,0.580547994244432,0.87957726048006,0.94919469406139,-0.703222992277378
fault_point_0883,fault,multiclass,6,3.71863570391896e-30,nominal,-0.175029086109665,-0.253130050139465,-0.218114829357116,-0.218135843148224,-0.34437309467134,-0.32155469823758,-0.161708711579007,-0.378867025776996,-0.141552474577195,-0.277872603931468,1.57589710571211,1.22364116273271,-1.22364116273271,-0.158620321173352,0.792043697483693,-0.676106237892346,1.05635127134904,-0.445396568844658,0.778829967278026,0.796196202988222,0.87957726048006,-0.551998831231516,-0.532558053309906,-0.566026283651164,0.119018103016272,-0.209690217133841,-0.869992289576075,0.796196202988222,-0.685709516619536,-1.22364116273271,-0.703222992277378,0.543074750408123,-0.0118220769206893,1.73222642750039,-0.279604524801991,-1.19359755748205,-0.771792228120696,0.385982349930674
fault_point_1004,fault,multiclass,6,6.81896957583536e-33,nominal,1.13284915595803,1.10933509145097,0.294519040439745,0.294491273186297,-0.355595006990143,-0.338154457521797,-0.173432511627372,-0.391076821392822,0.16964171859795,-0.331374312515039,1.73498097813867,1.22364116273271,-1.22364116273271,0.385982349930674,1.00057739782565,-1.3988144124778,1.1736691694632,-0.475925135692653,1.18988416984838,0.321964411466889,-1.19359755748205,-0.943288372389239,-0.792103291744767,-1.10086195575404,-0.388101490169175,-0.244644243095705,-1.202292775854,0.796196202988222,-0.243618071894592,0.816812013267454,0.385982349930674,0.885388362900781,0.871647218478884,0.742010094664647,0.383825814822084,0.87957726048006,-0.751772992887868,-0.703222992277378
fault_point_0580,fault,multiclass,3,1,nominal,-1.01814002336035,-0.843933518616733,-0.573466835651327,-0.573460153764231,0.796005374415277,0.29263639527846,0.0680777693689439,0.812908578617974,-1.2307321506902,-0.277872603931468,-0.685860558787279,-0.816812013267454,0.816812013267454,-0.703222992277378,-0.905587450260094,-0.457545297997551,-0.719280941303357,1.39140553650969,0.717171836892472,-1.22366413677681,-1.19359755748205,1.63045122372594,1.78611528877177,0.808919577923608,-1.41252299908041,-0.395887624661462,1.22132078851526,0.313000534219411,0.337940711619052,0.816812013267454,-0.703222992277378,-0.017074797307137,0.930633210299284,0.871647218478884,-0.475439426353232,-1.19359755748205,-0.904920142419,-0.158620321173352
fault_point_0725,fault,multiclass,3,3.16644011448108e-29,nominal,-1.0930405394259,-0.787666521618898,-0.913472098305486,-0.913420352876967,2.73933101803692,2.30120726866875,0.743368652154758,2.70946364684608,-1.82200111772297,-0.224370895347897,-0.699693938998285,-0.816812013267454,0.816812013267454,-0.521688768576036,-1.0967711467336,0.400670659322678,0.117808086435744,2.23094112482955,-1.36563980753153,-2.03169364294232,-1.19359755748205,2.17143721713739,2.10670556728651,1.60016823685771,-0.959509472726951,-0.623088793413578,1.22132078851526,0.764182355675801,-0.0601084155936718,-1.22364116273271,-0.703222992277378,0.356358234503036,0.631521408493599,-0.225096054808628,-1.10160409539086,0.87957726048006,0.350619560599843,-0.703222992277378
fault_point_0483,fault,multiclass,3,3.43262605951758e-30,nominal,-1.02198107546628,-0.851971661044995,0.0960916296938693,0.0961575835181149,2.18810294568745,1.64717675287059,0.684749651912934,2.55597548712299,-1.54192634386534,0.578154733405667,-0.395359574356165,-0.816812013267454,0.816812013267454,-0.703222992277378,-0.921269184525809,0.660029641331168,1.21904684703566,1.30999602491504,-1.46182649093299,-1.5143498703736,0.87957726048006,2.06394984075199,1.77448766208989,1.83171026445122,0.0309709610498226,0.189592310199758,1.22132078851526,-1.59886642727839,-0.763450880107017,-1.22364116273271,2.20132458694409,0.698671846995695,-0.0118220769206893,-0.713271166217759,-0.613221004337827,-1.19359755748205,0.799050429815183,2.20132458694409
fault_point_0643,fault,multiclass,3,1,nominal,-1.02198107546628,-0.811780948903685,0.192370835268556,0.192381495202533,0.987551808822428,0.558232543825937,0.140765329668806,1.01212832773956,-1.29297098932523,-0.331374312515039,-0.699693938998285,-0.816812013267454,0.816812013267454,-0.703222992277378,-0.915263413955961,0.383185784131094,-0.524488959528899,1.62036978786965,0.0594851127798996,-1.23348171661929,-1.19359755748205,1.71448911351783,1.88391193461403,1.03848073265748,-1.30710601278044,-0.399920781503216,1.22132078851526,0.796196202988222,-0.904920142419,-1.22364116273271,-0.176773743543486,-2.25767298816818,1.67522130853963,-0.225096054808628,1.6732940695022,0.87957726048006,1.3832784446932,-0.703222992277378
fault_point_0236,fault,multiclass,2,8.66313055690328e-32,nominal,-0.868338991229249,-0.986610546718386,-0.269405884880267,-0.269418108593125,-0.341664357215077,-0.298315035239676,-0.124192551424239,-0.371693404851631,0.823149524265753,0.524653024822096,-0.71352731920929,1.22364116273271,-1.22364116273271,-0.158620321173352,-0.521218133789803,0.248406537862637,-1.08783622500162,-0.465748946743321,-1.01501057273902,0.654054720921072,0.87957726048006,-0.488241578493475,-0.898205385216939,0.130140478020199,1.27940356584848,0.682309637700648,-0.590423884010689,0.796196202988222,-0.201244023985107,-1.22364116273271,-0.158620321173352,0.511955331090608,-0.325680376681474,1.66201548947536,0.0732785599350028,0.87957726048006,-0.920601876684714,-0.158620321173352
fault_point_0685,fault,multiclass,3,8.10226500913027e-24,nominal,-0.81456426174629,-0.880105159543913,0.628334663961117,0.628309208760223,-0.31786616384934,-0.23523594995965,-0.135916351472604,-0.343281961975797,0.94762720153581,0.0966393561535286,-0.699693938998285,-0.816812013267454,0.816812013267454,-0.703222992277378,-0.38442002636548,0.804279861661733,-0.317153554685631,-0.153679152297153,0.798971623203973,-0.740468468007999,-1.19359755748205,-0.117486182352775,0.37958773264557,-0.438370032696567,-1.19490081145358,0.531738448941849,0.686045980388484,0.186225698862222,-0.822173970123312,-1.22364116273271,-0.521688768576036,0.138522299280435,0.930633210299284,-1.55007990092358,1.2411897462736,0.87957726048006,-0.889905715994379,-0.703222992277378
fault_point_0632,fault,multiclass,3,1,nominal,-1.01814002336035,-0.821828626939012,0.114387242742322,0.11439559814505,0.88810244792821,0.36899528798586,0.0798015694173087,0.897405049093153,-1.38632924727777,-0.224370895347897,-0.699693938998285,-0.816812013267454,0.816812013267454,-0.703222992277378,-0.905253796339547,0.250592147261585,-0.568390940269733,1.53217615030878,0.587278708880239,-0.918465459065061,-1.19359755748205,1.67240679163109,1.84716032885165,0.972451637336135,-1.33086476537456,-0.444957699569463,1.22132078851526,0.796196202988222,-0.774127805564525,0.816812013267454,0.385982349930674,-0.608343764339911,1.19122803983419,0.986097650369212,-0.746946454911652,-1.19359755748205,-0.92460572373128,-0.703222992277378
fault_point_1250,fault,multiclass,6,9.56043560986826e-31,nominal,-0.434300103259648,-0.518388750272116,3.12907002914371,3.12902812267019,-0.33489251357442,-0.301634987096519,-0.157019191559661,-0.366329293204582,0.449716492455579,-0.170869186764326,-0.685860558787279,-0.816812013267454,0.816812013267454,-0.703222992277378,0.586179228506115,-0.680477456690242,1.3529663345056,-0.379251340674003,0.426556515675229,0.796196202988222,0.87957726048006,-0.355149897827583,-0.331358584475202,-0.438370032696567,-0.0415032170314047,0.167409947570114,-0.553010620041454,-1.45629809391374,1.93147183615213,0.816812013267454,-0.340154544874694,0.138522299280435,0.0966857363907185,0.0966857363907185,-1.66844790104597,0.87957726048006,-0.564259489540382,-0.703222992277378
fault_point_1254,fault,multiclass,6,7.14664638615009e-31,nominal,-1.08535843521405,-1.21167853470973,-0.385323557659764,-0.385333328268386,-0.332377257365033,-0.288355179669146,-0.119503031404893,-0.361103773961806,0.605313589043152,0.578154733405667,-0.699693938998285,1.22364116273271,-1.22364116273271,-0.158620321173352,-1.07741921934186,-0.184344123129057,-1.06791431777469,-0.453876726302434,-1.02980852403155,0.796196202988222,0.87957726048006,-0.312940821959257,-0.792103291744767,0.224121890360911,1.26882193654186,0.522327749644424,-0.321460813113748,0.796196202988222,-0.963976886355841,0.816812013267454,0.113681014378661,-0.888418538197541,1.18022319061396,-1.55007990092358,-0.994750488913384,0.87957726048006,0.360295524295709,0.385982349930674
fault_point_0631,fault,multiclass,3,1,nominal,-1.02198107546628,-0.799723735261291,0.104390502191007,0.104396669316367,0.919059447428356,0.46527389183432,0.0704225293786169,0.944085313258917,-1.38632924727777,-0.224370895347897,-0.699693938998285,-0.816812013267454,0.816812013267454,-0.703222992277378,-0.915263413955961,0.215622396878418,-0.760600452588848,1.69499517349808,0.442587629575473,-0.979078343309912,-1.19359755748205,1.68584271367927,1.91443445465397,0.916106809328588,-1.43488417799252,-0.385804732557078,1.22132078851526,0.262632081114534,-0.421455611546211,-1.22364116273271,-0.521688768576036,1.1343437174409,-0.325680376681474,1.75665719276929,1.1912486775285,-1.19359755748205,-0.66902682059218,-0.703222992277378
fault_point_0185,fault,multiclass,2,6.85934757414598e-32,nominal,-0.941318981241837,-0.807761877689554,-0.690677773344311,-0.690617350397248,0.606200271230009,2.11197001282868,0.750402932183777,0.791014882754329,0.262999976550493,0.685158150572809,-0.699693938998285,1.22364116273271,-1.22364116273271,-0.158620321173352,-0.708731637137288,2.49448446351482,1.1496890959493,1.12004049786085,-1.76765081764534,-1.85198924669527,0.87957726048006,1.53234364197794,1.64990594764116,1.71990099637374,0.0687054504640153,0.549215461922781,1.22132078851526,0.796196202988222,-0.82117300836167,-1.22364116273271,-0.703222992277378,-1.6664040211354,-0.566026283651164,-0.380264428813785,-0.581786016904359,0.87957726048006,1.43833134158348,-0.703222992277378
fault_point_0067,fault,multiclass,1,6.92971597104967e-32,nominal,0.416492938202888,0.357768774408458,-0.332458043675487,-0.332474924188801,-0.345147019658844,-0.328194601951267,-0.147640151520969,-0.381004472011901,-0.017074797307137,-0.759387981183607,1.18164576969846,1.22364116273271,-1.22364116273271,0.385982349930674,2.11931899342017,-0.740945983394469,-0.630001282990064,-0.482709261658874,0.020023909333145,0.796196202988222,0.87957726048006,-0.571645698377434,-0.898205385216939,-0.225096054808628,1.03163371736693,-0.527637414825411,-0.902102886211088,0.796196202988222,0.554148452133591,-1.22364116273271,-0.703222992277378,0.325238815185522,0.688306430469954,-0.566026283651164,-0.463017536157749,0.87957726048006,-0.930277840380581,-0.703222992277378
fault_point_0608,fault,multiclass,3,1,nominal,-1.0258221275722,-0.81379048451075,-0.0475841852962943,-0.0475770183942084,0.835088586284211,0.601391917964902,0.164212929765536,0.857958918029267,-1.4485680859128,-0.331374312515039,-0.71352731920929,-0.816812013267454,0.816812013267454,-0.703222992277378,-0.92460572373128,0.37298627360267,-0.722232334966607,1.63563407129365,-0.0404010584446973,-1.63088027459081,-1.19359755748205,1.64870379707441,1.88910283938272,0.916106809328588,-1.41412022614556,-0.377738418873571,1.22132078851526,0.796196202988222,0.981559124354462,-1.22364116273271,-0.158620321173352,0.698671846995695,-0.274177682330827,1.03848073265748,-0.438934279656301,0.87957726048006,2.1329988041626,-0.340154544874694
fault_point_1202,fault,multiclass,6,1.58843730710746e-30,nominal,0.230201911065493,0.190977319022018,-0.115309003203775,-0.115331256821033,-0.338762138511938,-0.241875853673337,-0.138261111482277,-0.373442401953434,0.262999976550493,-0.598882855432894,-0.644360418154263,1.22364116273271,-1.22364116273271,0.02291390252799,2.08328437000108,0.625059890948001,0.0742750299028157,-0.292753734604684,-0.190846896585448,-1.16006329344947,-1.19359755748205,-0.427272913350338,0.0139404007385377,-0.636897512629406,-0.983068571937928,-0.330684922386447,-0.331476962522835,0.796196202988222,0.36830321838884,0.816812013267454,-0.703222992277378,0.449716492455579,-1.76335387881152,1.03848073265748,-1.59949373506288,0.87957726048006,0.652242704774446,2.20132458694409
fault_point_0423,fault,multiclass,3,2.37331161151106e-31,nominal,-1.02198107546628,-0.803742806475423,-0.386138962596503,-0.38608336063262,2.8881180968845,1.85301376799489,0.801987652396583,3.44814164156083,-1.72864285977043,0.578154733405667,-0.423026334778176,-0.816812013267454,0.816812013267454,-0.703222992277378,-0.920601876684714,-0.358464338578577,0.944567236353472,1.60510550444566,-1.41126682401684,-1.98602055410994,-1.19359755748205,2.19729502938105,1.90446791749807,1.6882070306195,-0.512086241101523,0.31932552194283,1.22132078851526,-0.468564191501168,-0.513210439696671,-1.22364116273271,0.385982349930674,0.325238815185522,1.18022319061396,0.437615965233254,2.02313505868111,0.87957726048006,-0.19390363773307,-0.703222992277378
fault_point_0693,fault,multiclass,3,1,nominal,-1.02198107546628,-0.81379048451075,0.690289097243712,0.69029535456473,0.849019236059276,0.72423013666811,0.215797649978341,0.885368981984091,-1.35520982796026,0.20364277332067,-0.71352731920929,-0.816812013267454,0.816812013267454,-0.703222992277378,-0.914929760035413,0.664400860129064,-0.558061062448361,1.61019359892032,-0.34211484313134,-1.69192001013316,-1.19359755748205,1.65504149615373,1.87892866603608,1.01250928849775,-1.32527447064653,-0.323290801509899,1.22132078851526,0.796196202988222,1.71025928682939,0.816812013267454,1.29365346843738,0.66755242767818,0.484276525927003,0.930633210299284,-0.496860849241361,-1.19359755748205,0.447045543637963,1.16657951184644
fault_point_0299,fault,multiclass,2,5.96346584344174e-31,nominal,-1.03542475783702,-1.15340200210483,0.236723341388757,0.236706661046503,-0.338955619758814,-0.271755420384928,-0.126537311433912,-0.378390736387666,-0.39050782911731,-1.1338999412686,-0.727360699420296,1.22364116273271,-1.22364116273271,-0.158620321173352,-0.94896245993122,1.07456689066496,-0.466198934679724,-0.414868001996663,-0.865386843003405,0.501668807713947,0.87957726048006,-0.431075532797935,-0.532558053309906,0.0619104128548109,0.942987615251052,-1.22940670529052,-0.144999827936018,0.796196202988222,-1.03404420967074,0.816812013267454,-0.158620321173352,1.07210487880587,-1.37576308927524,2.09274528795493,-0.828322511090226,-1.19359755748205,-0.680037399970235,0.02291390252799
fault_point_0811,fault,multiclass,4,7.37121845623952e-31,nominal,1.23271651071209,1.20780233619718,0.175623195517424,0.17559451989784,-0.363334256865179,-0.341474409378641,-0.180466791656391,-0.398670123542392,1.19658255607593,0.578154733405667,-0.699693938998285,-0.816812013267454,0.816812013267454,-0.521688768576036,-0.423791188990041,0.382457247664778,0.968547309867374,-0.49118941911665,0.230894715251739,0.0846350900574722,-1.19359755748205,-1.63295678620173,-1.15754298746105,-1.55007990092358,-0.499108771197171,0.974713508727778,-1.31217582672428,0.796196202988222,1.78499776503195,0.816812013267454,-0.703222992277378,0.729791266313209,0.611712679897196,-0.713271166217759,-0.984103154460113,-0.157010148500994,0.354957061566955,0.385982349930674
fault_point_0541,fault,multiclass,3,0.319731837693016,nominal,-1.00085528888369,-0.878095623936847,-0.835498649033476,-0.835490243350708,0.390468680963368,0.37895514355639,0.0516644493012331,0.393629467585897,-1.72864285977043,0.257144481904241,-0.672027178576274,-0.816812013267454,0.816812013267454,-0.703222992277378,-0.86187878666842,0.57989063003641,-0.444063482205354,1.06576749013108,-0.127133495187043,-1.07383933135468,-1.19359755748205,1.39430855603017,1.62291324284393,0.808919577923608,-1.26358157525507,-0.362950177120475,1.22132078851526,0.511486387556423,-0.243618071894592,0.816812013267454,-0.158620321173352,-1.4485680859128,0.130140478020199,0.253614886271111,-0.561758887813682,0.87957726048006,-0.964977848117483,-0.703222992277378
fault_point_0657,fault,multiclass,3,1,nominal,-1.02198107546628,-0.807761877689554,0.310358295423756,0.310359163001834,0.781494280899584,0.664471003244927,0.197039569900957,0.796827955710992,-1.4485680859128,-0.277872603931468,-0.71352731920929,-0.816812013267454,0.816812013267454,-0.703222992277378,-0.914929760035413,0.128926557386816,-0.87607372966348,1.64750629173454,-0.177693162103197,-1.96425113793749,-1.19359755748205,1.62360650872027,1.89429374415142,0.808919577923608,-1.49737568691655,-0.399920781503216,1.22132078851526,0.796196202988222,-0.905587450260094,-1.22364116273271,-0.158620321173352,0.262999976550493,0.0619104128548109,0.944719417301171,-0.733383778881889,-1.19359755748205,-0.921269184525809,-0.158620321173352
fault_point_0647,fault,multiclass,3,1,nominal,-1.01814002336035,-0.817809555724881,0.220369598009968,0.220375565668681,0.891004666631349,0.501793362259598,0.126696769610768,0.91793038896532,-1.29297098932523,-0.277872603931468,-0.71352731920929,-0.816812013267454,0.816812013267454,-0.703222992277378,-0.904920142419,0.110713145728916,-0.651767811256528,1.56100868566522,0.147450712129956,-1.38458707593392,-1.19359755748205,1.67367433144696,1.85774977457979,0.930633210299284,-1.37598642996508,-0.3723608764179,1.22132078851526,0.796196202988222,0.331267633208109,0.816812013267454,1.74748902769074,-0.11043305525968,-0.713271166217759,-0.499997188329821,2.01629034367544,-1.19359755748205,-0.796148964320636,-0.703222992277378
fault_point_0014,fault,multiclass,1,1.13769755237029e-31,nominal,0.0189440452395809,-0.056195560647043,-0.800213085160776,-0.800204348096285,-0.282652576917924,-0.298315035239676,-0.0538497511340504,-0.326756281770588,-0.701702022292455,-1.02689652410146,1.57589710571211,-0.816812013267454,0.816812013267454,1.29365346843738,1.1914274403786,-1.57439170085995,-1.55231180275549,-0.475925135692653,-0.827980910569502,0.796196202988222,0.87957726048006,0.182667246044207,-0.792103291744767,0.824986657785135,1.53076717522663,-1.11916708494926,0.72021872543125,0.796196202988222,1.43599576413965,-1.22364116273271,-0.703222992277378,1.00986604017084,-0.796467826322652,-0.499997188329821,-0.618671425546049,0.87957726048006,-0.915263413955961,-0.703222992277378
fault_point_0072,fault,multiclass,1,2.6915625922317e-31,nominal,1.95483430662612,1.96941633127502,0.475021066916323,0.475003382425267,-0.329668519908771,-0.301634987096519,-0.128882071443585,-0.366774350502809,-0.11043305525968,-0.759387981183607,1.3061461915975,1.22364116273271,-1.22364116273271,0.385982349930674,-0.904252834577905,-1.2254227334946,-0.919975710404314,-0.472533072709542,-0.747825341068283,0.796196202988222,0.87957726048006,-0.270858500072518,-0.792103291744767,0.0966857363907185,1.18856127651802,-0.749461041121855,-0.496154242513404,0.796196202988222,0.81906966504801,-1.22364116273271,0.02291390252799,0.387477653820551,-0.713271166217759,-0.796467826322652,-0.820463764231859,0.87957726048006,1.61149772634744,-0.521688768576036
fault_point_0187,fault,multiclass,2,8.46177588194548e-31,nominal,-1.03158370573109,-1.15742107331896,-0.676001611511253,-0.676020740081119,-0.355014563249515,-0.328194601951267,-0.166398231598353,-0.391775639431265,0.0140446220103774,-1.45491019277003,-0.727360699420296,1.22364116273271,-1.22364116273271,-0.158620321173352,-0.939286496235354,-0.209842899450116,0.353919579495693,-0.465748946743321,0.020023909333145,0.796196202988222,0.87957726048006,-0.914641972550676,-0.898205385216939,-0.713271166217759,0.499158144522214,-0.847601190937857,-1.13011758158265,-1.33806028450653,-0.333370976521769,-1.22364116273271,1.16657951184644,-0.203791313212224,-1.76335387881152,-0.225096054808628,0.0702364643769256,0.87957726048006,-0.921269184525809,0.385982349930674
fault_point_0852,fault,multiclass,5,1.91018285029588e-31,nominal,0.0957650873580944,0.0302144704567751,0.239961857056649,0.240021792826211,-0.178946628592436,0.040320054158357,0.187660529862265,-0.200576681706227,0.231880557232978,0.578154733405667,-0.658193798365269,-0.816812013267454,0.816812013267454,0.385982349930674,1.93147183615213,0.658572568398537,-1.8341698975958,-0.416564033488218,-2.11170318519673,0.796196202988222,0.87957726048006,0.626052673634008,-0.532558053309906,1.78042766708497,1.68330235994855,-0.227167230114773,1.22132078851526,-0.804496162632842,-0.856540323939666,-1.22364116273271,-0.703222992277378,0.16964171859795,-2.03847510931712,-0.713271166217759,-0.953175182952991,-0.157010148500994,-1.02803843910089,-0.703222992277378
fault_point_0648,fault,multiclass,3,0.999998339115258,nominal,-1.01814002336035,-0.817809555724881,0.226365951798386,0.226374697561725,0.886554597953203,0.611351773535432,0.171247209794554,0.916341456330423,-1.29297098932523,-0.331374312515039,-0.71352731920929,-0.816812013267454,0.816812013267454,-0.703222992277378,-0.904920142419,0.413055779250049,-0.543304094132114,1.56100868566522,-0.148919367923272,-1.50239803404363,-1.19359755748205,1.67177302172316,1.85774977457979,0.999303469433481,-1.31728833532078,-0.35958921308568,1.22132078851526,0.796196202988222,-0.902250911054623,0.816812013267454,-0.703222992277378,-1.51080692454783,0.944719417301171,0.253614886271111,-0.760889392886174,0.87957726048006,-0.708064329296194,2.20132458694409
fault_point_0805,fault,multiclass,4,5.6822852956384e-31,nominal,-0.522644301695939,-0.620875066232459,0.0236282215216759,0.0236011093226904,-0.3623668506308,-0.32155469823758,-0.178122031646718,-0.397485256086148,1.10322429812338,0.578154733405667,-0.685860558787279,-0.816812013267454,0.816812013267454,-0.521688768576036,0.360295524295709,1.71786459042198,0.107847132822277,-0.440308474369992,0.230894715251739,0.186225698862222,-1.19359755748205,-1.483260333948,-0.697005916382234,-1.37576308927524,-0.964900114071835,0.869851430842187,-1.23587633563741,0.796196202988222,0.256195501085005,0.816812013267454,2.20132458694409,2.72143410263413,-0.0914971852751102,0.437615965233254,-0.914641972550676,0.87957726048006,-0.700056635203063,-0.521688768576036
fault_point_0878,fault,multiclass,6,9.28403561888486e-32,nominal,-0.0559564708259697,-0.108443486430747,-0.900913622548631,-0.900932962049441,-0.340890432227574,-0.265115516671241,-0.147640151520969,-0.373910883319989,0.605313589043152,-0.598882855432894,-1.60578034281914,-0.816812013267454,0.816812013267454,-0.703222992277378,1.84105162368386,-0.589410398400744,-0.596429180070602,-0.26222516775669,0.316393989386373,-1.551485933256,-1.19359755748205,-0.471256544960875,0.0139404007385377,-0.988392396723356,-1.3460384224935,0.0329713861783296,-0.743906644073456,0.796196202988222,-0.807826851539785,0.816812013267454,-0.703222992277378,1.16546313675841,1.18022319061396,-0.380264428813785,2.1081869803257,0.87957726048006,-0.782469153578204,-0.703222992277378
fault_point_1054,fault,multiclass,6,4.55688261990223e-31,nominal,1.33642491757209,1.32636493701405,-0.174587871427878,-0.174611425605965,-0.35288626953388,-0.331514553808111,-0.171087751617699,-0.38732116243761,0.200761137915464,0.0431376475699576,1.14014562906544,1.22364116273271,-1.22364116273271,-0.158620321173352,0.3149185911013,-0.368663849107001,1.24819185946025,-0.450484663319324,1.25853022167763,0.796196202988222,-1.19359755748205,-0.820463764231859,-0.611044533412608,-0.887587977866106,-0.347771506774112,0.0800248826654541,-1.0844557239824,0.796196202988222,-0.911259566909395,-1.22364116273271,-0.703222992277378,1.07210487880587,-1.55007990092358,-0.499997188329821,-0.59205308941287,0.87957726048006,-0.620313348192299,4.01666682395751
fault_point_0697,fault,multiclass,3,1,nominal,-1.01814002336035,-0.807761877689554,0.736276921350379,0.736281185605844,0.920800778650239,0.631271484676493,0.168902449784881,0.95021265913231,-1.32409040864274,-0.331374312515039,-0.699693938998285,-0.816812013267454,0.816812013267454,-0.703222992277378,-0.905253796339547,0.311060673965812,-0.630001282990064,1.62036978786965,-0.127544549389613,-1.54465631249602,-1.19359755748205,1.68660323756879,1.88391193461403,0.972451637336135,-1.36420688035959,-0.368327719576146,1.22132078851526,0.764182355675801,-0.921269184525809,-1.22364116273271,0.02291390252799,0.387477653820551,1.48769867782702,-0.713271166217759,2.15749427916287,-1.19359755748205,1.12736588763356,-0.703222992277378
fault_point_0916,fault,multiclass,6,1.92489807097316e-29,nominal,-0.113572252414855,-0.194853517534565,0.989352241253238,0.989319902988169,-0.355788488237019,-0.334834505664954,-0.175777271637045,-0.390540019826978,0.387477653820551,0.1501410647371,1.61048055623962,1.22364116273271,-1.22364116273271,-0.340154544874694,0.912492762801206,-1.29754784365988,1.1736691694632,-0.475925135692653,0.853641832145831,0.796196202988222,-1.19359755748205,-0.953175182952991,-0.792103291744767,-1.10086195575404,-0.388101490169175,0.119684258276031,-1.202292775854,-0.528323373151021,-0.902250911054623,0.816812013267454,-0.703222992277378,0.262999976550493,1.13532340579545,0.162494734727657,-0.984103154460113,0.87957726048006,-0.0761238037799338,-0.703222992277378
fault_point_1184,fault,multiclass,6,6.36269127012196e-30,nominal,2.012450088215,2.04778821995057,0.226074614996524,0.22605406013479,-0.318446607589968,-0.31159484266705,-0.147640151520969,-0.359516793332603,-0.981776796150085,-0.331374312515039,1.61048055623962,1.22364116273271,-1.22364116273271,-0.158620321173352,-0.889905715994379,-0.751145493922893,1.21461975654079,-0.386035466640224,1.60093837241874,0.796196202988222,0.87957726048006,-0.124204143376863,-0.166910721402874,-0.225096054808628,0.0333668016475491,-1.15210453249025,0.0285152309449219,0.0201805441351307,-0.175886326023525,0.816812013267454,-0.521688768576036,-0.017074797307137,-0.225096054808628,-0.887587977866106,0.0314497460114368,-1.19359755748205,0.777029271059072,-0.340154544874694
fault_point_0474,fault,multiclass,3,4.26582183016552e-30,nominal,-1.02198107546628,-0.858000267866192,0.00605221600896351,0.00611650812248826,2.05382696035557,1.6936560788664,0.682404891903261,2.44045579015343,-1.79088169840546,0.578154733405667,-0.409192954567171,-0.816812013267454,0.816812013267454,-0.703222992277378,-0.920935530605262,0.698642074045915,1.23232811852029,1.27607539508393,-1.50498718220288,-1.554900743636,0.87957726048006,2.03416265507915,1.75683858587632,1.80926037204196,0.023783439256643,0.2756329894905,1.22132078851526,0.796196202988222,1.1750783982718,0.816812013267454,2.20132458694409,0.854268943583267,-0.988392396723356,0.650889943121193,-0.878517087798505,0.87957726048006,-0.920935530605262,1.74748902769074
fault_point_0567,fault,multiclass,3,1,nominal,-1.01814002336035,-0.860009803473258,-0.669441180085187,-0.66942372363627,0.839345173715481,0.458633988120633,0.110283449543057,0.862606643586626,-1.13737389273766,0.1501410647371,-0.71352731920929,-0.816812013267454,0.816812013267454,-0.703222992277378,-0.904920142419,0.310332137499496,-0.199097808155657,1.29812380447415,-0.0597206059655042,-0.944076536914998,-1.19359755748205,1.6506051067982,1.738981873472,1.06357178887959,-1.13101172884754,-0.377066226066612,1.22132078851526,0.796196202988222,0.263202233416495,-1.22364116273271,2.40101223301557,-0.328268990482281,-0.887587977866106,-1.76335387881152,-0.618671425546049,0.87957726048006,-0.921269184525809,-0.158620321173352
fault_point_0585,fault,multiclass,3,1,nominal,-1.02198107546628,-0.839914447402602,-0.525483044519138,-0.525474424255297,0.829477630124809,0.322515961990051,0.0798015694173087,0.843531643945084,-1.26185157000771,-0.170869186764326,-0.71352731920929,-0.816812013267454,0.816812013267454,-0.703222992277378,-0.914929760035413,-0.171959003201685,-0.662097689077901,1.44737457573102,0.656746869114629,-1.17372253496943,-1.19359755748205,1.64616871744267,1.80874763356329,0.871647218478884,-1.38157672469311,-0.414709023256312,1.22132078851526,0.78467121795575,-0.701391250885252,0.816812013267454,1.74748902769074,1.44553791061604,0.309959714278657,0.0966857363907185,-0.0437153650693954,-1.19359755748205,1.36826401826858,-0.703222992277378
fault_point_0030,fault,multiclass,1,8.88689723848175e-32,nominal,-1.00277581493665,-1.11723036117765,1.78728035096544,1.78725966878376,-0.291746195521092,-0.32155469823758,-0.105434471346856,-0.330742277397689,-1.04401563478511,-0.331374312515039,-0.595943587415744,-0.816812013267454,0.816812013267454,-0.703222992277378,-0.868551865079363,-1.42504172526518,-0.843608399367737,-0.404691813047332,1.05300312039245,0.796196202988222,0.87957726048006,0.119417009232512,-0.460508295120389,0.388534337711056,1.14723302620724,-0.822730057080377,0.57969804107436,0.796196202988222,-0.309347894242376,-1.22364116273271,0.385982349930674,0.854268943583267,0.631521408493599,0.776125127247341,-0.746946454911652,0.87957726048006,-0.89557783264368,-0.158620321173352
fault_point_0824,fault,multiclass,5,8.41546678544786e-28,nominal,1.45741805890875,1.43889893100972,0.0103197084664105,0.0103062080684565,-0.352305825793252,-0.32155469823758,-0.124192551424239,-0.386034790685279,0.760910685630724,-0.170869186764326,-0.699693938998285,-0.816812013267454,0.816812013267454,-0.703222992277378,-0.989000930396876,-0.16394510207221,-1.61392214547582,-0.514933859998424,-1.41332209502969,0.796196202988222,0.87957726048006,-0.797394539583104,-1.52319031936808,0.162494734727657,1.56410929021165,0.310587015452364,-1.05057757156931,0.796196202988222,-0.874891289569758,0.816812013267454,2.20132458694409,0.387477653820551,0.0258145074124767,-0.0914971852751102,1.9591242979799,-0.157010148500994,-0.411779647850344,-0.703222992277378
fault_point_0984,fault,multiclass,6,1.30393501078092e-32,nominal,-0.215360133221885,-0.297339833494907,1.41729162882682,1.41725872937249,-0.349210125843238,-0.324874650094424,-0.166398231598353,-0.382218619553554,0.729791266313209,-0.170869186764326,-0.741194079631301,-0.816812013267454,0.816812013267454,-0.703222992277378,1.15872935616499,-0.644050633374443,1.27623009926112,-0.428436253929105,0.720049216310464,0.796196202988222,0.87957726048006,-0.688259361437073,-0.611044533412608,-0.713271166217759,2.46866625216393e-05,0.358312704746448,-1.00815623289553,0.537524316703858,0.27654839023838,0.816812013267454,-0.703222992277378,-0.0793136359421659,1.15799339518911,-0.713271166217759,-1.06370465489647,0.87957726048006,-0.904920142419,-0.703222992277378
fault_point_0877,fault,multiclass,6,5.99594041914369e-33,nominal,1.13861073411691,1.11536369827216,-0.667570876709211,-0.667580481064211,-0.32734674494626,-0.32155469823758,-0.126537311433912,-0.36093394946643,0.0140446220103774,-0.438377729682181,-0.734277389525798,-0.816812013267454,0.816812013267454,-0.158620321173352,-0.218927681774105,-1.37040149029148,-0.960926297481899,-0.453876726302434,-0.0432784378626899,0.796196202988222,0.87957726048006,-0.237015186988905,-0.792103291744767,0.130140478020199,1.21072280204699,-0.273548533794938,-0.452849125950589,0.796196202988222,-1.0967711467336,-1.22364116273271,-0.158620321173352,-0.608343764339911,-0.796467826322652,0.0966857363907185,-0.933528315807074,0.87957726048006,-1.01335766659682,-0.176773743543486
fault_point_0869,fault,multiclass,6,1.49602263183619e-32,nominal,1.00609443646248,0.972686670170512,0.776443644561044,0.77641439746218,-0.358497225693281,-0.344794361235484,-0.168742991608026,-0.393874045552291,0.480835911773094,-0.38487602109861,0.0542252825015118,1.22364116273271,-1.22364116273271,0.749050797333358,0.553481144292496,0.388285539395306,0.242135544500123,-0.484405293150429,1.08712061920579,0.796196202988222,0.87957726048006,-1.11491326345745,-1.01863437585071,-0.796467826322652,0.559653119614808,-0.0329035089036445,-1.18785773699973,0.796196202988222,-0.983662467668122,0.816812013267454,-0.703222992277378,-0.608343764339911,0.0258145074124767,-1.22851820670864,2.17523983658499,0.87957726048006,-0.00105167165683019,2.20132458694409
fault_point_0917,fault,multiclass,6,5.22743512437652e-32,nominal,1.98748324952649,2.01362611463046,1.01823966576745,1.01821389958932,-0.326185857465004,-0.294995083382832,-0.145295391511296,-0.368330099040909,-0.732821441609969,-1.1338999412686,1.56898041560661,1.22364116273271,-1.22364116273271,-0.340154544874694,-0.845529744561611,-1.14455518573352,0.476771340728448,-0.425044190945995,-0.00751672223906865,0.593014985378722,0.87957726048006,-0.220917431327412,-0.393649441699569,-0.225096054808628,0.432673567935303,-1.39073297896067,-0.360641632861057,0.796196202988222,1.09967261222814,-1.22364116273271,1.74748902769074,0.231880557232978,0.856460526554975,-0.887587977866106,1.71017947814389,0.87957726048006,-0.66902682059218,-0.703222992277378
fault_point_0707,fault,multiclass,3,1,nominal,-1.01814002336035,-0.819819091331947,1.57210811803905,1.57210237563381,0.734091375414986,0.634591436533336,0.166557689775208,0.766482075192427,-1.29297098932523,-0.277872603931468,-0.71352731920929,-0.816812013267454,0.816812013267454,-0.703222992277378,-0.904920142419,0.31324628336476,-0.752115195807006,1.54744043373278,-0.216743311347381,-1.75381344827051,-1.19359755748205,1.60041053008992,1.85255886981109,0.856460526554975,-1.43029215018021,-0.309174752563761,1.22132078851526,-0.930417295395032,0.418017652550363,0.816812013267454,-0.703222992277378,0.262999976550493,-0.988392396723356,0.611712679897196,-0.905388931894856,0.87957726048006,1.59948618520774,-0.158620321173352
fault_point_1167,fault,multiclass,6,2.56313654573218e-31,nominal,1.03682285330988,1.02091552474008,-0.795848104759959,-0.795864190869136,-0.334312069833793,-0.314914794523893,-0.157019191559661,-0.370385561036666,-0.732821441609969,0.20364277332067,1.56898041560661,1.22364116273271,-1.22364116273271,-0.158620321173352,1.10968222984456,-0.77154451497974,1.3529663345056,-0.414868001996663,1.117538630196,0.796196202988222,0.87957726048006,-0.345136333282244,-0.331358584475202,-0.438370032696567,-0.0415032170314047,-0.598217659556097,-0.553010620041454,-0.958589481029963,0.586179228506115,-1.22364116273271,-0.340154544874694,0.449716492455579,1.75665719276929,0.388534337711056,-0.38290901979504,-1.19359755748205,-1.10678076435001,-0.703222992277378
fault_point_0576,fault,multiclass,3,1,nominal,-1.02198107546628,-0.847952589830864,-0.597462957573348,-0.597453863784323,0.822125342743525,0.285996491564773,0.0844910894366547,0.841323925505196,-1.2307321506902,-0.277872603931468,-0.699693938998285,-0.816812013267454,0.816812013267454,-0.703222992277378,-0.915263413955961,-0.257197769760655,-0.625205268287284,1.3947975994928,0.74964511889553,-1.21256600304184,-1.19359755748205,1.64274635993984,1.78611528877177,0.871647218478884,-1.36161138637872,-0.39118227501275,1.22132078851526,-0.423317953966279,1.95082376354387,0.816812013267454,0.385982349930674,0.978746620853325,-0.225096054808628,1.8752894673633,-0.571645698377434,0.87957726048006,0.0987108505867612,-0.703222992277378
fault_point_0819,fault,multiclass,5,5.09497629417185e-32,nominal,1.44589490259097,1.43086078858145,-0.0603139693467007,-0.0603236240132806,-0.338375176018187,-0.294995083382832,-0.110123991366202,-0.369694551020999,0.729791266313209,-0.170869186764326,-0.741194079631301,-0.816812013267454,0.816812013267454,-0.703222992277378,-0.998343240172195,-0.622923075851279,-1.49070146003516,-0.49118941911665,-1.43716323877877,0.796196202988222,0.87957726048006,-0.419540920473557,-1.15754298746105,0.336811546376004,1.4974250602416,0.28840465282272,-0.663777448800764,-1.15024571360699,-0.810162428983615,-1.22364116273271,-0.158620321173352,-1.91535937567552,1.18022319061396,0.776125127247341,-0.953175182952991,-1.19359755748205,0.800385045497371,-0.158620321173352
fault_point_1136,fault,multiclass,6,8.99823362973312e-34,nominal,1.23463703676506,1.2238786210537,-0.724386061185268,-0.724399236350288,-0.325798894971252,-0.304954938953363,-0.142950631501623,-0.360662620674967,-0.452746667752339,-0.170869186764326,-1.04552844427342,-0.816812013267454,0.816812013267454,-0.703222992277378,-0.69338355679212,-1.08190104963035,0.0742750299028157,-0.397907687081111,0.162248663422489,0.796196202988222,0.87957726048006,-0.215720518082362,-0.460508295120389,-0.133975903265174,0.650495408945273,-0.451007434832094,-0.331476962522835,0.631858453451127,-0.0761238037799338,0.816812013267454,2.20132458694409,-1.72864285977043,1.02549501057761,-0.796467826322652,-0.933528315807074,-1.19359755748205,1.26249572545514,-0.703222992277378
fault_point_0627,fault,multiclass,3,1,nominal,-1.01814002336035,-0.821828626939012,0.0763945570202127,0.0764014718293858,0.922542109872122,0.511753217830128,0.11262820955273,0.936146506101513,-1.35520982796026,-0.331374312515039,-0.699693938998285,-0.816812013267454,0.816812013267454,-0.703222992277378,-0.905253796339547,-0.0444651215963881,-0.634428373484938,1.53217615030878,0.0866146901495434,-1.28939923659165,-1.19359755748205,1.68736376145831,1.84716032885165,0.930633210299284,-1.36660272095732,-0.432186036237244,1.22132078851526,0.796196202988222,1.21945436970456,-1.22364116273271,-0.703222992277378,0.636433008360666,-0.887587977866106,0.130140478020199,-0.427272913350338,0.87957726048006,1.72927756030058,-0.340154544874694
fault_point_0668,fault,multiclass,3,7.68881811315633e-27,nominal,-1.01814002336035,-0.825847698153143,0.38633972226911,0.386345725101914,0.741056700302518,0.548272688255406,0.185315769852592,0.745683454523103,-1.47968750523032,-0.331374312515039,-0.71352731920929,-0.816812013267454,0.816812013267454,-0.703222992277378,-0.904920142419,0.627245500346949,-0.572080182348795,1.51012774091856,-0.0461558172806821,-1.65435709595325,-1.19359755748205,1.60383288759276,1.83636324693276,0.958805624303057,-1.332861299206,-0.441596735534669,1.22132078851526,0.796196202988222,-0.517881594584331,0.816812013267454,-0.340154544874694,-0.732821441609969,0.50672641833626,1.95166312095166,-0.726665817857801,0.87957726048006,1.72427275149237,-0.703222992277378
fault_point_0026,fault,multiclass,1,4.95757904841528e-32,nominal,1.52079541865652,1.51526128407821,0.269471964677352,0.269452814854191,-0.333344663599413,-0.341474409378641,-0.14060587149195,-0.370231352586842,-0.234910732529738,-1.02689652410146,-0.595943587415744,-0.816812013267454,0.816812013267454,-0.703222992277378,-1.1017759555418,-1.75069752570842,-0.662097689077901,-0.453876726302434,1.60093837241874,0.796196202988222,0.87957726048006,-0.328785069657577,-0.792103291744767,-0.0914971852751102,1.04900356170045,-0.72727867849221,-0.704136639066789,-0.782299895162896,1.04728894670225,0.816812013267454,-0.176773743543486,0.543074750408123,0.336811546376004,-1.76335387881152,-0.332080673178828,-0.157010148500994,0.855771596308194,-0.158620321173352
fault_point_0584,fault,multiclass,3,1,nominal,-1.02198107546628,-0.853981196652061,-0.531483342906421,-0.531472429127508,0.817094830324751,0.232877261855278,0.0704225293786169,0.842085207725847,-1.10625447342014,-0.170869186764326,-0.699693938998285,-0.816812013267454,0.816812013267454,-0.703222992277378,-0.915263413955961,-0.051021949793232,-0.500508886014998,1.35748490667859,0.96832595466296,-0.941515429130005,-1.19359755748205,1.64033803428969,1.76867384874895,0.930633210299284,-1.29412854287609,-0.364294562734393,1.22132078851526,0.796196202988222,-0.336373861806694,0.816812013267454,-0.703222992277378,0.200761137915464,0.930633210299284,0.916106809328588,-0.404583950646343,-1.19359755748205,0.372307065435406,-0.703222992277378
fault_point_1143,fault,multiclass,6,1.90426328152273e-31,nominal,-0.0233075279256015,-0.0521764894329119,-0.775438750234168,-0.775451026034879,-0.277428583252275,-0.198716479534372,-0.0984001913178368,-0.296681730043486,0.574194169725637,0.20364277332067,1.62431393645063,1.22364116273271,-1.22364116273271,0.02291390252799,1.09533511126103,-0.147917299813258,0.465703614491263,-0.235088663891805,0.0989463162266541,-1.07768099303217,-1.19359755748205,0.216003543201474,0.37958773264557,-0.0914971852751102,-0.771236332422275,0.362345861588201,1.08757573464098,0.0539017966375474,-0.685709516619536,0.816812013267454,-0.703222992277378,-1.884239956358,0.282227494243693,-0.274177682330827,1.32598815995501,-1.19359755748205,-0.920935530605262,-0.703222992277378
fault_point_0056,fault,multiclass,1,7.7258132874764e-32,nominal,1.33834544362505,1.32435540140698,2.13366064889903,2.13363148941434,-0.338181694771311,-0.304954938953363,-0.131226831453258,-0.372325854696479,0.107402879962921,-0.224370895347897,1.2923128113865,1.22364116273271,-1.22364116273271,-0.176773743543486,0.38932341538331,-0.109304867098511,-0.87607372966348,-0.472533072709542,-0.659859741718226,0.796196202988222,0.87957726048006,-0.41573830102596,-0.792103291744767,0.0619104128548109,1.1648025239239,-0.237922315026116,-0.538870173816862,-0.626499171575779,-0.257965190478119,0.816812013267454,-0.521688768576036,-1.29297098932523,0.571214834766772,-1.37576308927524,-0.51460640666348,-0.157010148500994,-0.0487641822950694,0.204448126229332
fault_point_0638,fault,multiclass,3,1,nominal,-1.01814002336035,-0.815800020117816,0.160382956046718,0.160387064290329,0.889843779150094,0.601391917964902,0.122007249591422,0.916983666203741,-1.35520982796026,-0.277872603931468,-0.699693938998285,-0.816812013267454,0.816812013267454,-0.703222992277378,-0.905253796339547,-0.123147059958515,-0.746581332688414,1.56948884312299,-0.110691327084228,-1.48020176657368,-1.19359755748205,1.67316731552061,1.86314831553924,0.871647218478884,-1.42729734943305,-0.371016490803982,1.22132078851526,-1.20872434136435,-0.0177343676841864,0.816812013267454,-0.703222992277378,0.636433008360666,-0.225096054808628,0.856460526554975,-0.210523604837314,-0.157010148500994,-0.512876785776124,0.385982349930674
fault_point_0641,fault,multiclass,3,1,nominal,-1.01814002336035,-0.815800020117816,0.180377564177596,0.180383794926862,0.911126716306444,0.528352977114346,0.129041529620441,0.941342745258879,-1.4485680859128,-0.170869186764326,-0.699693938998285,-0.816812013267454,0.816812013267454,-0.703222992277378,-0.905253796339547,0.0691865671489054,-0.66025306803837,1.56948884312299,0.084148364934121,-1.39995372264388,-1.19359755748205,1.68242035617643,1.86314831553924,0.930633210299284,-1.38057845777739,-0.362950177120475,1.22132078851526,0.796196202988222,1.04562067709951,-1.22364116273271,-0.703222992277378,1.22770197539344,2.69867228602045,0.776125127247341,-0.312940821959257,0.87957726048006,-1.10678076435001,-0.703222992277378
fault_point_0816,fault,multiclass,5,6.40009454491433e-31,nominal,1.44589490259097,1.44090846661678,-0.875448982820707,-0.875427917092552,-0.251502096170903,-0.188756623963842,-0.00460979093091809,-0.282463320568558,0.262999976550493,-0.277872603931468,-0.734277389525798,-0.816812013267454,0.816812013267454,0.749050797333358,-1.01802882148448,-0.589410398400744,-1.60469904027817,-0.428436253929105,-1.68749524814412,0.796196202988222,0.87957726048006,0.35670046276256,-0.611044533412608,1.11199312544857,1.55911795563306,-0.392526660626668,1.16416981835753,0.558866881578806,-0.915263413955961,-1.22364116273271,-0.703222992277378,-1.60416518250037,0.611712679897196,-0.713271166217759,1.61371969815651,-1.19359755748205,-0.914929760035413,-0.703222992277378
fault_point_1046,fault,multiclass,6,1.13235039789063e-30,nominal,-0.407412738518169,-0.498293394201461,-0.562214022118677,-0.562233899248619,-0.350177532077617,-0.328194601951267,-0.166398231598353,-0.38413548914504,0.0762834606454063,0.20364277332067,1.16781238948745,1.22364116273271,-1.22364116273271,-0.158620321173352,0.364633025262822,-0.368663849107001,1.27623009926112,-0.450484663319324,0.96832595466296,0.796196202988222,0.87957726048006,-0.7200746108153,-0.611044533412608,-0.713271166217759,2.46866625216393e-05,0.1136345230134,-1.00815623289553,0.796196202988222,0.302239742120509,-1.22364116273271,4.01666682395751,0.760910685630724,-0.796467826322652,-0.225096054808628,-0.640853372323698,-1.19359755748205,1.69557851432532,-0.703222992277378
fault_point_0495,fault,multiclass,3,2.08658394026144e-30,nominal,-1.01814002336035,-0.845943054223799,0.174124811462974,0.174187434388077,1.84138455128582,2.28792746124138,0.820745732473966,2.14118794119275,-1.38632924727777,0.578154733405667,-0.409192954567171,-0.816812013267454,0.816812013267454,-0.703222992277378,-0.911259566909395,1.07675250006391,1.34042291143679,1.32356427684748,-1.70887006667778,-1.82595131754783,0.87957726048006,1.98358781642611,1.78030147543083,1.80353785044744,-0.0347150020045129,0.158671441079648,1.22132078851526,0.796196202988222,-0.303342123672528,0.816812013267454,-0.703222992277378,0.66755242767818,-1.10086195575404,-0.178435494114879,-0.70714570469347,-1.19359755748205,-0.487519087814543,-0.176773743543486
fault_point_0681,fault,multiclass,3,1,nominal,-1.01814002336035,-0.807761877689554,0.596306775236509,0.596306888702189,0.852114936009291,0.541632784541719,0.119662489581749,0.875126808107794,-1.32409040864274,-0.224370895347897,-0.699693938998285,-0.816812013267454,0.816812013267454,-0.703222992277378,-0.905253796339547,-0.0306229287363847,-0.819628325853836,1.62036978786965,0.10634529187292,-1.52928966578606,-1.19359755748205,1.65643578995119,1.88391193461403,0.840833640662258,-1.46682871929554,-0.380427190101407,1.22132078851526,0.571672420503775,-0.747101838000208,-1.22364116273271,-0.158620321173352,-1.79088169840546,-2.03847510931712,-0.887587977866106,-1.01680568170945,-1.19359755748205,-0.822173970123312,0.385982349930674
fault_point_0049,fault,multiclass,1,4.56313835357615e-32,nominal,1.85304642581909,1.86893955092174,-0.905932842846859,-0.905950458797108,-0.349016644596362,-0.324874650094424,-0.166398231598353,-0.388033644515912,-0.546104925704882,-1.61541531852074,1.58281379581761,1.22364116273271,-1.22364116273271,-0.340154544874694,-0.553248910162327,-0.285610691946979,1.58354396444696,-0.445396568844658,1.0135419169457,0.796196202988222,-0.157010148500994,-0.682175170320918,-0.532558053309906,-0.713271166217759,-0.166286581496328,-1.44854156035913,-0.963672745814002,0.796196202988222,2.03323628191901,0.816812013267454,-0.340154544874694,-1.4485680859128,0.0619104128548109,-0.713271166217759,-0.551998831231516,0.87957726048006,0.33693974985741,0.749050797333358
fault_point_1263,fault,multiclass,6,2.09492730102002e-31,nominal,-0.966285819930354,-1.08105872025047,1.24455820805714,1.24452813547365,-0.338762138511938,-0.32155469823758,-0.159363951569334,-0.378921681936427,-0.888418538197541,-0.224370895347897,-0.658193798365269,1.22364116273271,-1.22364116273271,2.20132458694409,-0.774127805564525,-1.51975146588626,0.845695548634619,-0.416564033488218,0.778829967278026,0.796196202988222,0.87957726048006,-0.427272913350338,-0.532558053309906,-0.499997188329821,0.233020184791426,-1.36182868826143,-0.820795320419679,0.732595359660879,1.2267947559566,0.816812013267454,-0.158620321173352,-0.452746667752339,-0.636897512629406,0.130140478020199,0.346433390254048,-1.19359755748205,0.532460947298027,0.385982349930674
fault_point_0891,fault,multiclass,6,1.01999620698796e-29,nominal,-0.361320113247061,-0.446045468417757,-0.855130917582927,-0.85514717720615,-0.341857838461953,-0.308274890810206,-0.159363951569334,-0.375515432000438,0.16964171859795,0.257144481904241,1.58281379581761,1.22364116273271,-1.22364116273271,-0.340154544874694,0.407340727092854,-0.477215782588083,1.09176799530803,-0.435220379895326,0.302829200701551,0.796196202988222,0.87957726048006,-0.492551213867418,-0.460508295120389,-0.499997188329821,0.0998513782344601,-0.0759238485490156,-0.756868719779333,0.796196202988222,0.889136988362907,0.816812013267454,-0.703222992277378,0.94762720153581,-0.325680376681474,1.83171026445122,-0.740101739905977,0.87957726048006,0.57516864912806,-0.703222992277378
fault_point_0635,fault,multiclass,3,1,nominal,-1.01814002336035,-0.797714199654226,0.134386922500311,0.134391201760751,0.889263335409466,0.564872447539624,0.133731049639787,0.904367853403568,-1.51080692454783,-0.331374312515039,-0.71352731920929,-0.816812013267454,0.816812013267454,-0.703222992277378,-0.904920142419,0.0983280258015448,-0.814463386943149,1.68481898454875,0.114155321721757,-1.551485933256,-1.19359755748205,1.67291380755744,1.90945118607602,0.871647218478884,-1.46403357193153,-0.420758758518942,1.22132078851526,0.796196202988222,1.75129871905669,0.816812013267454,-0.340154544874694,0.0762834606454063,-0.887587977866106,1.26430023865647,2.08030110437666,0.87957726048006,1.79801026793328,-0.521688768576036
fault_point_0714,fault,multiclass,3,5.2784370040323e-29,nominal,-0.945160033347763,-0.805752342082488,3.18782990086004,3.18780845771577,0.488176710635703,0.212957550714217,0.0141482891464656,0.529075238679567,-0.514985506387368,-0.170869186764326,-0.699693938998285,-0.816812013267454,0.816812013267454,-0.703222992277378,-0.718407600833155,-0.131889497554306,-0.688660232047145,1.15735319067507,0.713472349069339,-0.930417295395032,-1.19359755748205,1.46110790432629,1.66983902195295,0.706574480175526,-1.39595176827947,-0.163981106260634,1.22132078851526,0.796196202988222,0.0403214144910137,0.816812013267454,-0.158620321173352,-1.19961273137269,1.62129754736053,-0.380264428813785,-0.379359908310617,0.87957726048006,0.328598401843732,-0.521688768576036
fault_point_0055,fault,multiclass,1,9.3523415079357e-31,nominal,0.372320838984743,0.313558991053016,1.41267419409866,1.41265372224963,-0.330055482402523,-0.304954938953363,-0.114813511385548,-0.36265171447713,0.325238815185522,-0.277872603931468,1.3061461915975,1.22364116273271,-1.22364116273271,-0.176773743543486,1.99086223400952,-0.208385826517485,-1.12915573628711,-0.472533072709542,-0.659859741718226,0.796196202988222,0.87957726048006,-0.276562429243913,-0.792103291744767,0.282227494243693,1.3017647447606,-0.104828139248249,-0.233083024210044,0.796196202988222,1.84105162368386,-1.22364116273271,-0.521688768576036,1.04098545948835,-0.566026283651164,0.871647218478884,0.481426380643739,0.87957726048006,1.59247945287625,1.29365346843738
fault_point_0702,fault,multiclass,3,1,nominal,-1.01814002336035,-0.797714199654226,1.52611522230527,1.5261131635302,0.851341011021787,0.588112110537528,0.180626249833246,0.888427774906553,-1.29297098932523,-0.331374312515039,-0.699693938998285,-0.816812013267454,0.816812013267454,-0.703222992277378,-0.905253796339547,0.521607712731131,-0.711902457145234,1.6831229530572,0.0504419203233518,-1.65819875763074,-1.19359755748205,1.65605552800643,1.90945118607602,0.944719417301171,-1.40852993141753,-0.320602030282063,1.22132078851526,0.101282290659931,2.17470554423099,-1.22364116273271,-0.703222992277378,-1.94647879499303,-1.55007990092358,-0.566026283651164,-0.878517087798505,-1.19359755748205,-1.07107979485147,-0.703222992277378
fault_point_0365,fault,multiclass,3,7.90316113546219e-31,nominal,1.24616019308283,1.22588815666077,-0.777639836400653,-0.777659986867186,-0.35288626953388,-0.344794361235484,-0.173432511627372,-0.380752663277378,1.81897094242621,2.34371111666351,-0.499109925938706,-0.816812013267454,0.816812013267454,-0.703222992277378,-0.341712324535448,-2.81508930299607,1.1736691694632,-0.467444978234876,1.60093837241874,0.796196202988222,0.87957726048006,-0.820463764231859,-0.898205385216939,-0.988392396723356,0.0555283271765194,2.6041088727962,-1.202292775854,0.796196202988222,0.0102925616417722,0.816812013267454,4.01666682395751,-0.141552474577195,-1.76335387881152,-0.887587977866106,-0.0248290218129975,-0.157010148500994,-0.911593220829942,2.20132458694409
fault_point_0375,fault,multiclass,3,8.56004128225105e-30,nominal,0.668081851141019,0.623027474541108,-0.604258937903047,-0.604278538437399,-0.349403607090114,-0.338154457521797,-0.16405347158868,-0.373817187046678,1.97456803901379,2.77172478533208,-0.499109925938706,-0.816812013267454,0.816812013267454,-0.703222992277378,1.10167453575143,-1.66837290501472,0.661233444681533,-0.45557275779399,1.18988416984838,0.46794755521153,0.87957726048006,-0.694470306534814,-0.792103291744767,-0.713271166217759,0.332846876363364,2.99734166486717,-1.09123135446502,0.796196202988222,-0.396431567505177,0.816812013267454,0.385982349930674,0.325238815185522,0.130140478020199,-1.55007990092358,-0.16565269535567,0.87957726048006,-1.10678076435001,-0.158620321173352
fault_point_0650,fault,multiclass,3,1,nominal,-1.01429897125442,-0.803742806475423,0.246366195070499,0.246370864687842,0.894100366581364,0.365675336129016,0.0493196892915602,0.930788250471546,-1.41744866659529,-0.170869186764326,-0.699693938998285,-0.816812013267454,0.816812013267454,-0.703222992277378,-0.89557783264368,0.0946853434699649,-0.735513606451229,1.62036978786965,0.730736625577293,-0.804496162632842,-1.19359755748205,1.67506862524441,1.88391193461403,0.901580408357893,-1.42130774793874,-0.332701500807323,1.22132078851526,0.796196202988222,1.91512279404533,0.816812013267454,-0.158620321173352,0.449716492455579,-0.636897512629406,-0.566026283651164,-0.664049350954039,0.87957726048006,-0.896912448325868,-0.158620321173352
fault_point_0284,fault,multiclass,2,7.61106153290508e-30,nominal,-0.908670038341469,-1.02479172325263,0.134536253743045,0.134510665969029,-0.356562413224522,-0.32155469823758,-0.171087751617699,-0.391896663784292,0.449716492455579,-0.331374312515039,-0.71352731920929,1.22364116273271,-1.22364116273271,-0.158620321173352,-0.624650849159412,0.552206244316402,1.58354396444696,-0.440308474369992,0.230894715251739,0.796196202988222,-0.157010148500994,-0.994750488913384,-0.697005916382234,-0.887587977866106,-0.166286581496328,-0.128354887491811,-1.11745009850645,-0.697783338258104,1.4823736590957,0.816812013267454,-0.521688768576036,0.854268943583267,-0.499997188329821,-0.0914971852751102,-0.202791611960533,0.87957726048006,1.10567838279799,-0.703222992277378
fault_point_0419,fault,multiclass,3,3.87460485617597e-31,nominal,-1.02198107546628,0.580827226792732,-0.418147128326788,-0.41807384697191,2.82001269798418,2.71288129891734,1.13728833377982,3.38253473018626,-1.79088169840546,0.685158150572809,-0.423026334778176,-0.816812013267454,0.816812013267454,-0.703222992277378,-0.920601876684714,3.49549356823298,-1.34497639791222,9.96484472632155,1.33087576133002,-2.12730833358209,-1.19359755748205,2.18563366307509,3.32802164126559,1.87000713973759,-1.75113513689242,0.34419665580031,1.22132078851526,0.400931901504194,1.10167453575143,0.816812013267454,-0.703222992277378,-1.41744866659529,0.591683854316388,-1.76335387881152,0.373178480368813,-1.19359755748205,1.10267549751307,-0.158620321173352
fault_point_0566,fault,multiclass,3,1,nominal,-1.01814002336035,-0.851971661044995,-0.675437533873606,-0.675421728508481,0.827349336409174,0.385595047270077,0.126696769610768,0.856352417343124,-1.04401563478511,0.20364277332067,-0.699693938998285,-0.816812013267454,0.816812013267454,-0.703222992277378,-0.905253796339547,0.297218481105808,-0.321211720972599,1.3456126862377,0.248981100164835,-1.16689291420945,-1.19359755748205,1.64515468558998,1.76286003540801,1.02549501057761,-1.19709699866816,-0.349506320981297,1.22132078851526,0.796196202988222,0.21615703061935,-1.22364116273271,-0.158620321173352,0.760910685630724,0.776125127247341,-1.37576308927524,-0.390007242763888,-1.19359755748205,1.50039097080525,-0.703222992277378
fault_point_0526,fault,multiclass,3,1.29576801008363e-48,nominal,-1.02198107546628,-0.890152837579241,0.538287361078482,0.538303071010413,0.868173879499992,0.558232543825937,0.194694809891284,0.922205281435129,-1.35520982796026,0.257144481904241,-0.409192954567171,-0.816812013267454,0.816812013267454,-0.703222992277378,-0.920935530605262,0.383185784131094,0.281610434746084,1.08103177355508,-0.513113391400609,-1.20957804395935,-1.19359755748205,1.66366076690162,1.65655030574509,1.19122803983419,-0.870863370611069,-0.253382749586171,1.22132078851526,0.706557430513443,-0.914929760035413,-1.22364116273271,-0.703222992277378,0.636433008360666,-1.37576308927524,-0.796467826322652,-0.226241098554048,-0.157010148500994,-0.80849415938088,-0.703222992277378
fault_point_0874,fault,multiclass,6,4.97610792201347e-31,nominal,-0.347876430876321,-0.433988254775364,0.486012973409781,0.485995780118072,-0.318640088836844,-0.324874650094424,-0.126537311433912,-0.351152448933912,0.107402879962921,-0.224370895347897,-0.499109925938706,-0.816812013267454,0.816812013267454,-0.521688768576036,0.769688884807035,-0.903409615382933,-0.579089742299012,-0.418260064979774,1.0135419169457,0.796196202988222,0.87957726048006,-0.126358961063835,-0.532558053309906,0.130140478020199,1.00408155049308,-0.22246188046606,-0.028635739212807,0.796196202988222,0.586179228506115,0.816812013267454,-0.703222992277378,-1.32409040864274,0.871647218478884,-0.499997188329821,-0.733383778881889,-1.19359755748205,-0.754108570331698,-0.703222992277378
fault_point_0600,fault,multiclass,3,1,nominal,-1.01814002336035,-0.803742806475423,-0.0995773794173563,-0.0995693069637795,0.991227952513071,0.538312832684876,0.171247209794554,1.01011776187477,-1.51080692454783,-0.277872603931468,-0.699693938998285,-0.816812013267454,0.816812013267454,-0.703222992277378,-0.905253796339547,-0.0430080486637563,-0.709319987689891,1.64411422875143,0.145806495319675,-1.63899044924329,-1.19359755748205,1.71588340731528,1.89429374415142,0.930633210299284,-1.40713235773552,-0.422775336939819,1.22132078851526,0.796196202988222,1.04728894670225,0.816812013267454,-0.703222992277378,2.37912049014147,-1.22851820670864,1.28432906423728,-0.984103154460113,0.87957726048006,0.502432094448786,-0.703222992277378
fault_point_0999,fault,multiclass,6,1.00771638428473e-30,nominal,0.902386029602485,0.880248032245497,-0.210693911864429,-0.210708775860011,-0.317672682602464,-0.304954938953363,-0.135916351472604,-0.347947255584402,0.231880557232978,0.257144481904241,1.33381295201952,1.22364116273271,-1.22364116273271,0.385982349930674,1.30053227239752,-0.628022831115491,0.107847132822277,-0.411475939013553,0.573302865992847,0.796196202988222,0.87957726048006,-0.115331364665804,-0.331358584475202,-0.0118220769206893,0.63232695107918,0.00810025232084964,0.0986282768085276,0.796196202988222,-0.614974885463545,-1.22364116273271,1.29365346843738,-1.35520982796026,1.75665719276929,-0.0507792431602814,0.115107373858569,0.87957726048006,1.70792370938556,0.02291390252799
fault_point_0574,fault,multiclass,3,1,nominal,-1.02198107546628,-0.84996212543793,-0.617455875161855,-0.617448340379191,0.788653087033992,0.252796972996338,0.0821463294269817,0.8054460608499,-1.29297098932523,-0.277872603931468,-0.71352731920929,-0.816812013267454,0.816812013267454,-0.703222992277378,-0.914929760035413,-0.378863359635425,-0.686815611007614,1.38462141054347,0.901324119643992,-1.30177792421912,-1.19359755748205,1.6270288662231,1.78030147543083,0.824986657785135,-1.39495350136375,-0.394543239047544,1.22132078851526,0.766743463460795,1.27117072738937,-1.22364116273271,-0.158620321173352,-1.91535937567552,-0.380264428813785,-0.713271166217759,1.98054572086803,-1.19359755748205,1.31988419978925,0.02291390252799
fault_point_0797,fault,multiclass,4,5.41422028693423e-27,nominal,-0.507280093272236,-0.600779710161803,-0.108508514761088,-0.108533630667944,-0.356949375718274,-0.308274890810206,-0.166398231598353,-0.390897236868976,1.04098545948835,0.257144481904241,-0.699693938998285,-0.816812013267454,0.816812013267454,-0.521688768576036,0.401668610443553,0.549292098451138,0.353919579495693,-0.416564033488218,0.0866146901495434,-0.626499171575779,-1.19359755748205,-1.01680568170945,-0.532558053309906,-1.10086195575404,-0.831731307514869,0.653405347001414,-1.13011758158265,-1.21811506990932,-0.920935530605262,0.816812013267454,-0.340154544874694,-0.0793136359421659,2.41628785502951,-0.636897512629406,-0.694470306534814,0.87957726048006,0.831414860108254,-0.158620321173352
fault_point_0619,fault,multiclass,3,1,nominal,-1.02198107546628,-0.807761877689554,0.0244041804697684,0.0244114373014803,0.925831291069013,0.584792158680684,0.171247209794554,0.946132967231898,-1.51080692454783,-0.331374312515039,-0.699693938998285,-0.816812013267454,0.816812013267454,-0.703222992277378,-0.915263413955961,0.164624844236299,-0.709319987689891,1.64411422875143,0.0167354757125825,-1.63899044924329,-1.19359755748205,1.68875805525576,1.89429374415142,0.930633210299284,-1.40713235773552,-0.405970516765846,1.22132078851526,-1.50709339831611,0.364633025262822,-1.22364116273271,0.385982349930674,0.480835911773094,-0.887587977866106,-0.636897512629406,-0.812605017373492,0.87957726048006,-0.719074908674249,-0.158620321173352
fault_point_1150,fault,multiclass,6,1.16300797294442e-24,nominal,2.05470166138019,2.10204568134134,-0.496793413462286,-0.496812593945709,-0.330442444896274,-0.255155661100711,-0.152329671540315,-0.365376714425922,0.0762834606454063,-0.277872603931468,1.62431393645063,1.22364116273271,-1.22364116273271,0.02291390252799,-0.988667276476329,0.0597155930867974,0.139943538910114,-0.335154521893566,0.191433511804984,-0.152267380054445,-1.19359755748205,-0.282519866378482,0.05401418555288,-0.566026283651164,-0.947530269738318,-0.437563578692915,-0.154721384715425,-1.07127822356969,-0.689713363666102,-1.22364116273271,0.385982349930674,-1.26185157000771,-0.0914971852751102,0.650889943121193,0.18773740530767,0.87957726048006,-0.890573023835473,-0.158620321173352
fault_point_0300,fault,multiclass,2,1.26364813297048e-30,nominal,-0.941318981241837,-1.06096336417981,0.243236437628447,0.243210698272645,-0.354821082002639,-0.328194601951267,-0.168742991608026,-0.390750836441927,0.200761137915464,-0.705886272600036,-0.71352731920929,1.22364116273271,-1.22364116273271,-0.158620321173352,-0.708064329296194,-0.147917299813258,0.912839754473542,-0.453876726302434,0.33612459110975,0.796196202988222,0.87957726048006,-0.905388931894856,-0.792103291744767,-0.796467826322652,0.19668326905924,-0.471173219040861,-1.12039602480324,-0.765652694560437,-0.164208438804376,-1.22364116273271,-0.340154544874694,-1.75976227908795,0.759177659448196,-0.713271166217759,-0.496860849241361,-1.19359755748205,1.99453242713554,0.02291390252799
fault_point_0705,fault,multiclass,3,1,nominal,-1.01814002336035,-0.821828626939012,1.55011528882616,1.55010743706071,0.704101782149219,0.584792158680684,0.168902449784881,0.737816871576376,-1.29297098932523,-0.224370895347897,-0.71352731920929,-0.816812013267454,0.816812013267454,-0.703222992277378,-0.904920142419,0.131112166785764,-0.832171748922645,1.53556821329189,-0.111924489691939,-1.87503921676021,-1.19359755748205,1.58520005229954,1.84716032885165,0.792632401077677,-1.47361693432243,-0.293714318003706,1.22132078851526,-0.697783338258104,1.5347573246216,0.816812013267454,-0.703222992277378,0.449716492455579,-0.796467826322652,0.944719417301171,1.76265562652073,0.87957726048006,-0.914929760035413,-0.158620321173352
fault_point_1040,fault,multiclass,6,2.10372933139408e-32,nominal,0.694969215882499,0.64915143743296,-0.777007573554059,-0.777028855200812,-0.359077669433909,-0.341474409378641,-0.178122031646718,-0.394986688797857,0.0140446220103774,-0.598882855432894,1.63814731666163,1.22364116273271,-1.22364116273271,0.385982349930674,1.86374009028107,-0.676106237892346,1.12238870456425,-0.486101324641984,1.14425715336307,0.796196202988222,-1.19359755748205,-1.15674207738101,-0.898205385216939,-1.22851820670864,-0.415853310426174,-0.362277984313516,-1.24677626293554,-1.26165390225422,-0.884900907186172,0.816812013267454,-0.158620321173352,-1.54192634386534,1.6882070306195,-0.380264428813785,1.88370567893589,0.87957726048006,-1.0910990300843,-0.703222992277378
fault_point_0675,fault,multiclass,3,1,nominal,-1.01814002336035,-0.811780948903685,0.516319890001147,0.516321093176886,0.808968617955963,0.432074373265885,0.11262820955273,0.834080032374848,-1.16849331205517,-0.170869186764326,-0.699693938998285,-0.816812013267454,0.816812013267454,-0.703222992277378,-0.905253796339547,0.141311677314188,-0.783473753479031,1.59492931549632,0.429022840890651,-1.45202958093875,-1.19359755748205,1.63666216882368,1.87353012507663,0.856460526554975,-1.44726268774744,-0.362277984313516,1.22132078851526,0.796196202988222,-1.09877307025688,-1.22364116273271,-0.703222992277378,1.3521796526635,0.0258145074124767,-0.566026283651164,-0.887263112527978,0.87957726048006,0.233840688408348,-0.703222992277378
fault_point_0304,fault,multiclass,2,2.74618832312838e-30,nominal,-1.08343790916109,-1.20364039228146,0.283283695844924,0.283260510587353,-0.348436200855734,-0.308274890810206,-0.154674431549988,-0.384736706898785,0.16964171859795,-1.18740164985217,-0.71352731920929,1.22364116273271,-1.22364116273271,-0.158620321173352,-1.07241441053366,0.738711579693294,0.661233444681533,-0.416564033488218,0.0866146901495434,0.54520764005884,0.87957726048006,-0.664049350954039,-0.532558053309906,-0.438370032696567,0.332846876363364,-0.636532649552756,-0.76983079548521,0.796196202988222,-1.09877307025688,0.816812013267454,0.02291390252799,0.605313589043152,-1.22851820670864,-1.76335387881152,-0.175285997956249,-1.19359755748205,-1.0380480567173,0.204448126229332
fault_point_0928,fault,multiclass,6,1.93052843359246e-31,nominal,-0.973967924142205,-1.05694429296568,-0.421562587429466,-0.421571556126533,-0.238925815123969,-0.205356383248059,-0.114813511385548,-0.281912854962857,-1.10625447342014,0.0966393561535286,1.58281379581761,1.22364116273271,-1.22364116273271,-0.340154544874694,-0.853871092575289,-0.928179855237677,1.02462378946911,-0.284273577146908,-0.207700118890833,0.670701921523531,0.87957726048006,0.4138665084581,0.231543128642325,0.253614886271111,0.136188293966646,-0.907426350757201,1.17536433828533,0.796196202988222,-1.10678076435001,0.816812013267454,-0.176773743543486,0.356358234503036,0.193968603497498,1.54932583346027,-0.694470306534814,0.87957726048006,1.28084669108524,-0.703222992277378
fault_point_1082,fault,multiclass,6,3.91706418892705e-34,nominal,-0.447743785630388,-0.542503177556903,-0.708482002077051,-0.708485138680605,-0.31360957641807,-0.268435468528085,-0.10074495132751,-0.344425837312467,0.262999976550493,-0.277872603931468,-0.575193517099236,-0.816812013267454,0.816812013267454,-0.703222992277378,0.532460947298027,-0.704519160078669,-1.18338759484932,-0.442004505861547,-1.18354279579286,0.796196202988222,0.87957726048006,-0.0712209790736798,-0.697005916382234,0.437615965233254,1.33111379208275,-0.0940730543369065,0.212046439234949,0.0372545960350888,-0.12884112322638,0.816812013267454,-0.158620321173352,-0.017074797307137,-0.133975903265174,1.75665719276929,-0.602573669884556,0.87957726048006,1.34390728206864,-0.158620321173352
fault_point_0639,fault,multiclass,3,1,nominal,-1.02198107546628,-0.807761877689554,0.166381000377507,0.166386759693788,0.995291058697465,0.498473410402754,0.117317729572076,1.03272589182241,-1.32409040864274,-0.224370895347897,-0.699693938998285,-0.816812013267454,0.816812013267454,-0.703222992277378,-0.915263413955961,-0.121689987025882,-0.729979743332636,1.64411422875143,0.2674785392805,-1.35428063381149,-1.19359755748205,1.7176579630575,1.89429374415142,0.916106809328588,-1.41831294719158,-0.352195092209132,1.22132078851526,-1.73375143728806,-0.748102799761849,-1.22364116273271,-0.703222992277378,1.10322429812338,0.930633210299284,-0.988392396723356,-0.618671425546049,-1.19359755748205,-0.905253796339547,-0.158620321173352
fault_point_0590,fault,multiclass,3,1.14135171916295e-30,nominal,-0.897146882023692,-0.898190980007503,-0.42345486785626,-0.423439593156915,0.0129867683084669,0.359035432415329,0.138420569659133,0.0777988503118207,0.94762720153581,0.257144481904241,-0.71352731920929,-0.816812013267454,0.816812013267454,-0.703222992277378,-0.594955650230718,1.46214829074507,1.14673770228605,0.272024752083218,-1.2579436064581,-1.1878086277869,0.87957726048006,1.01417336525207,1.01827665538608,1.05102626076853,0.0701030241460224,0.752889882431334,1.22132078851526,-0.270932040759154,1.98585742520132,0.816812013267454,-0.703222992277378,0.0762834606454063,1.22314210257284,-0.133975903265174,-0.390007242763888,0.87957726048006,-0.132511316352399,-0.158620321173352
fault_point_0895,fault,multiclass,6,6.60330372024242e-32,nominal,1.39404069916097,1.38062239840482,-0.46965908138636,-0.46968238494791,-0.357529819458902,-0.344794361235484,-0.175777271637045,-0.392521305606365,0.387477653820551,0.1501410647371,1.59664717602862,1.22364116273271,-1.22364116273271,-0.340154544874694,0.413346497662703,-1.71645631179157,1.12238870456425,-0.486101324641984,1.60093837241874,0.262632081114534,-1.19359755748205,-1.05153627266416,-0.898205385216939,-1.22851820670864,-0.415853310426174,0.127078379152579,-1.24677626293554,0.796196202988222,1.17007358946359,0.816812013267454,-0.158620321173352,0.262999976550493,-0.713271166217759,1.27442469993908,-0.547182179931227,0.87957726048006,-0.748102799761849,-0.340154544874694
fault_point_0538,fault,multiclass,3,0.999999999999987,nominal,-1.02198107546628,-0.878095623936847,-0.859509422322708,-0.859506493787456,0.450641348741777,0.285996491564773,7.97290884278454e-05,0.454811182052216,-1.4485680859128,-0.170869186764326,-0.685860558787279,-0.816812013267454,0.816812013267454,-0.703222992277378,-0.915597067876508,-0.153745591543786,-0.832540673130552,1.20484207243861,0.438477087549769,-0.952186711567478,-1.19359755748205,1.43639087791691,1.69558590960569,0.631521408493599,-1.47381658770558,-0.376394033259653,1.22132078851526,0.796196202988222,-0.914929760035413,0.816812013267454,-0.340154544874694,-2.63110601997835,0.972451637336135,0.571214834766772,0.316265942636446,-0.157010148500994,-0.921269184525809,2.40101223301557
fault_point_1072,fault,multiclass,6,1.96459770812773e-32,nominal,0.618148173763986,0.570779548757404,0.0077545921761294,0.00772927493423825,-0.354627600755763,-0.334834505664954,-0.173432511627372,-0.389679185315934,0.231880557232978,0.1501410647371,-0.71352731920929,1.22364116273271,-1.22364116273271,0.02291390252799,1.12736588763356,-1.21886590529775,1.58354396444696,-0.453876726302434,0.853641832145831,0.796196202988222,-0.157010148500994,-0.896262645220624,-0.792103291744767,-0.988392396723356,-0.166286581496328,-0.0866789334603583,-1.17607403181257,0.796196202988222,-0.0584401459909362,-1.22364116273271,0.02291390252799,0.511955331090608,0.724402335912288,0.759177659448196,-0.994750488913384,0.87957726048006,1.07665049171039,-0.703222992277378
fault_point_0015,fault,multiclass,1,2.31152439903522e-29,nominal,-0.230724341645588,-0.305377975923169,-0.722730456690354,-0.722719411798985,-0.225575609089531,-0.271755420384928,-0.0350916710566667,-0.267530477009635,-1.51080692454783,0.1501410647371,1.57589710571211,-0.816812013267454,0.816812013267454,1.29365346843738,0.677266748815481,-1.17223957145353,-1.2542210427673,-0.414868001996663,-0.454332640433047,0.607954780791185,0.87957726048006,0.468624228503496,-0.331358584475202,0.901580408357893,1.36944724164637,-0.843568034096104,1.18832641399121,-1.9202854542951,-0.89557783264368,0.816812013267454,-0.521688768576036,1.04098545948835,-2.4260658988534,0.0619104128548109,-0.262112475343045,-1.19359755748205,1.89710548233578,-0.158620321173352
fault_point_0694,fault,multiclass,3,0.999999999997595,nominal,-1.02198107546628,-0.811780948903685,0.696287705088625,0.696289414864025,0.829671111371685,0.608031821678589,0.129041529620441,0.837728331016891,-1.32409040864274,-0.331374312515039,-0.71352731920929,-0.816812013267454,0.816812013267454,-0.703222992277378,-0.914929760035413,0.308146528100548,-0.735513606451229,1.62376185085276,-0.0712301236374744,-1.46184716078123,-1.19359755748205,1.64616871744267,1.88391193461403,0.901580408357893,-1.42130774793874,-0.44092454272771,1.22132078851526,-0.152267380054445,-0.893909563040944,0.816812013267454,0.02291390252799,-0.234910732529738,-0.988392396723356,-0.274177682330827,0.330082126629382,0.87957726048006,0.142085860257888,-0.521688768576036
fault_point_0572,fault,multiclass,3,1.4360327848666e-32,nominal,-0.852974782805547,-0.90823865804283,-0.629418716490145,-0.629437587998616,-0.32637933871188,-0.238555901816494,-0.14060587149195,-0.353319175254226,0.94762720153581,0.20364277332067,-0.71352731920929,-0.816812013267454,0.816812013267454,-0.703222992277378,-0.481846971165241,1.29312783055976,-0.87607372966348,-0.0773577351771659,1.49817482177615,-1.05975323853721,-1.19359755748205,-0.22357926494073,0.530331607128538,-0.636897512629406,-1.49737568691655,0.581480716656809,0.622119379748138,0.796196202988222,0.969881237135312,-1.22364116273271,0.749050797333358,1.1343437174409,0.282227494243693,-0.0914971852751102,-0.760889392886174,0.87957726048006,-0.218927681774105,-0.158620321173352
fault_point_0322,fault,multiclass,2,2.96803731293187e-32,nominal,-1.04502738810183,-1.15742107331896,0.5813826671891,0.581371608625801,-0.293681007989851,-0.238555901816494,-0.0937106712984908,-0.331345447157128,-0.11043305525968,-0.598882855432894,-0.741194079631301,1.22364116273271,-1.22364116273271,-0.158620321173352,-0.973652850051708,-0.186529732528005,-0.755804437886068,-0.377555309182447,-0.968150393645994,0.597710349651211,0.87957726048006,0.104967055331644,-0.331358584475202,0.461166342564533,1.09991517440214,-0.731984028140923,0.895501340090264,-1.40934445118885,-0.604965267847132,0.816812013267454,-0.703222992277378,0.325238815185522,-0.438370032696567,0.840833640662258,0.418809913739976,0.87957726048006,0.942855269570995,1.16657951184644
fault_point_0684,fault,multiclass,3,1,nominal,-1.0258221275722,-0.815800020117816,0.620299516073789,0.620302852763946,0.848632273565525,0.704310425527049,0.236900490065398,0.874808631179676,-1.38632924727777,-0.331374312515039,-0.699693938998285,-0.816812013267454,0.816812013267454,-0.703222992277378,-0.924939377651827,0.365700908939511,-0.693087322542019,1.62036978786965,-0.289499905202334,-1.9181511978076,-1.19359755748205,1.65491474217215,1.88391193461403,0.930633210299284,-1.39834760887719,-0.36631114115527,1.22132078851526,0.701435214943455,-0.920935530605262,0.816812013267454,-0.158620321173352,-1.38632924727777,-1.10086195575404,-1.10086195575404,0.608180362230302,-1.19359755748205,-1.06740960172545,-0.703222992277378
fault_point_0068,fault,multiclass,1,8.23257597301054e-32,nominal,-1.03158370573109,-1.16144014453309,-0.414767170613891,-0.414787454223438,-0.356562413224522,-0.344794361235484,-0.16405347158868,-0.392242168792126,0.325238815185522,-0.759387981183607,1.34764633223052,1.22364116273271,-1.22364116273271,0.385982349930674,-0.969649003005142,-0.495429194245982,-0.403112895127769,-0.504757671049092,0.573302865992847,0.796196202988222,0.87957726048006,-0.994750488913384,-1.15754298746105,-0.636897512629406,0.908846886733449,-0.310519138177679,-1.18491181070294,0.796196202988222,-0.911593220829942,0.816812013267454,4.01666682395751,0.200761137915464,-0.0914971852751102,-0.225096054808628,-0.984103154460113,0.87957726048006,0.280552237284946,0.385982349930674
fault_point_1182,fault,multiclass,6,9.33375540432919e-31,nominal,1.70132486763503,1.70415763114237,0.156688557452895,0.156675221177471,-0.329281557415019,-0.291675131525989,-0.119503031404893,-0.365630475166139,-0.0793136359421659,-0.277872603931468,1.58281379581761,1.22364116273271,-1.22364116273271,-0.158620321173352,-0.229270953311066,-0.589410398400744,-1.06791431777469,-0.475925135692653,-0.968150393645994,0.796196202988222,0.87957726048006,-0.265027816919536,-0.792103291744767,0.224121890360911,1.26882193654186,-0.641910192008427,-0.321460813113748,0.796196202988222,0.792043697483693,0.816812013267454,-0.703222992277378,0.0451640413278918,0.688306430469954,1.20201279207,-0.168061021005815,0.87957726048006,-0.609302768814244,-0.158620321173352
fault_point_0550,fault,multiclass,3,0.999994753313156,nominal,-0.997014236777759,-0.892162373186306,-0.771467102691571,-0.771465880370066,0.350031100366303,0.249477021139495,0.0258720891948305,0.347366932638644,-1.47968750523032,-0.224370895347897,-0.672027178576274,-0.816812013267454,0.816812013267454,-0.703222992277378,-0.851869169052006,-0.437146276940703,-0.684233141552271,0.953829411688434,0.172113964284177,-1.33806028450653,-1.19359755748205,1.36414110841257,1.55875365990283,0.591683854316388,-1.39375558106488,-0.389837889398832,1.22132078851526,-0.404109645578826,0.199474334591994,0.816812013267454,2.20132458694409,0.0762834606454063,0.706574480175526,0.224121890360911,1.53424495170174,0.87957726048006,-0.92460572373128,0.385982349930674
fault_point_0477,fault,multiclass,3,1.24881906714658e-30,nominal,-1.01814002336035,-0.866038410294454,0.0280602601031919,0.0281193358414226,2.15675898369356,1.67373636772534,0.661302051816205,2.54285215284238,-1.47968750523032,0.578154733405667,-0.409192954567171,-0.816812013267454,0.816812013267454,-0.703222992277378,-0.911259566909395,0.174824354764723,1.28176396237971,1.20314604094706,-1.53540519319309,-1.61295252009585,0.87957726048006,2.05710512574631,1.72070988868619,1.75665719276929,-0.00297011408463652,0.237317999493842,1.22132078851526,0.796196202988222,-0.876559559172494,0.816812013267454,-0.340154544874694,-1.26185157000771,-0.325680376681474,0.0619104128548109,-0.646557301495093,0.87957726048006,0.215156068857709,0.749050797333358
fault_point_0052,fault,multiclass,1,1.38590099840114e-31,nominal,-1.07191475284331,-1.19359271424614,0.485869840822406,0.485873498357712,-0.256726089836552,-0.215316238818589,-0.0397811910760126,-0.312217743361848,-1.04401563478511,-1.1338999412686,1.59664717602862,1.22364116273271,-1.22364116273271,-0.340154544874694,-1.05539806058575,-1.42212757939991,-1.49070146003516,-0.45557275779399,-1.5477368192702,0.796196202988222,0.87957726048006,0.331096158482074,-0.611044533412608,0.916106809328588,1.4974250602416,-1.54466513175426,1.05634891589501,-1.25098261981674,-0.941622073679184,0.816812013267454,0.385982349930674,0.480835911773094,-0.274177682330827,0.0258145074124767,2.22873001681452,-1.19359755748205,1.11768992393769,4.01666682395751
fault_point_0589,fault,multiclass,3,0.999999999989438,nominal,-1.02198107546628,-0.860009803473258,-0.479492402841853,-0.479485775662101,0.759050456261978,0.332475817560581,0.11262820955273,0.766314202702745,-1.10625447342014,-0.331374312515039,-0.699693938998285,-0.816812013267454,0.816812013267454,-0.703222992277378,-0.915263413955961,-0.409461891220696,-0.639593312395624,1.32017221386437,0.418335431623822,-1.51733782945609,-1.19359755748205,1.61270566630382,1.75102477253538,0.824986657785135,-1.36939786832133,-0.432858229044203,1.22132078851526,0.602405713923699,1.53909482558871,0.816812013267454,0.02291390252799,2.37912049014147,-0.325680376681474,2.41628785502951,-0.602573669884556,-1.19359755748205,1.26016014801131,-0.521688768576036
fault_point_0334,fault,multiclass,2,2.92616422414372e-30,nominal,-0.899067408076655,-0.996658224753714,-0.289518267462961,-0.289539938542101,-0.338955619758814,-0.288355179669146,-0.159363951569334,-0.368158322539839,1.07210487880587,0.1501410647371,-0.672027178576274,-0.816812013267454,0.816812013267454,-0.703222992277378,-0.601962382562207,-0.269582889688027,0.224427182520627,-0.3300664274189,0.614408286249882,-0.0575063920096782,-1.19359755748205,-0.431075532797935,-0.118323852767868,-0.713271166217759,-0.90180964499837,0.709197349979005,-0.608983219680467,0.796196202988222,-1.10678076435001,0.816812013267454,-0.703222992277378,-1.85312053704049,0.611712679897196,-0.713271166217759,-0.914641972550676,-1.19359755748205,-1.06240479291724,0.02291390252799
fault_point_0624,fault,multiclass,3,1,nominal,-1.02198107546628,-0.803742806475423,0.0563982583469649,0.0564053047032683,0.899517841493889,0.554912591969093,0.180626249833246,0.923153956202402,-1.41744866659529,-0.277872603931468,-0.699693938998285,-0.816812013267454,0.816812013267454,-0.703222992277378,-0.915263413955961,0.292847262307912,-0.72481480442195,1.66955470112476,0.127720110406579,-1.68509038937318,-1.19359755748205,1.67747695089456,1.90446791749807,0.930633210299284,-1.41551779982757,-0.387821310977955,1.22132078851526,0.796196202988222,-0.627320080523789,0.816812013267454,1.29365346843738,-1.47968750523032,0.336811546376004,-1.22851820670864,-0.153737821086533,0.87957726048006,0.00695602243630092,-0.703222992277378
fault_point_0894,fault,multiclass,6,4.49887345249559e-32,nominal,0.737220789047682,0.693361220788402,-0.51802042698131,-0.518043975904586,-0.359851594421413,-0.338154457521797,-0.180466791656391,-0.395787011132388,0.200761137915464,-0.598882855432894,1.61048055623962,1.22364116273271,-1.22364116273271,-0.340154544874694,1.76831506900459,-0.892481568388193,0.661233444681533,-0.486101324641984,0.778829967278026,0.796196202988222,-1.19359755748205,-1.21796425048732,-0.898205385216939,-1.37576308927524,-0.66542003935602,-0.351522899402173,-1.26769233964275,-1.78881525466542,0.799050429815183,-1.22364116273271,-0.703222992277378,0.916507782218296,-0.274177682330827,0.901580408357893,0.271648541117976,-1.19359755748205,-0.904920142419,-0.703222992277378
fault_point_0036,fault,multiclass,1,3.98633340521105e-32,nominal,0.310864005289932,0.255282458448115,1.30008970735981,1.3000750477499,-0.295422339211735,-0.318234746380737,-0.0937106712984908,-0.332731371199852,-0.919537957515056,-0.170869186764326,-0.499109925938706,-0.816812013267454,0.816812013267454,-0.521688768576036,1.98185357815475,-0.913609125911357,-1.07603065034862,-0.418260064979774,0.573302865992847,0.796196202988222,0.87957726048006,0.0916578872650551,-0.532558053309906,0.50672641833626,1.27301465758788,-0.708457279897361,0.650105679567645,0.796196202988222,-0.895911486564227,0.816812013267454,-0.703222992277378,0.449716492455579,-0.636897512629406,1.01250928849775,-0.306729876861515,-1.19359755748205,0.0416560301732023,0.02291390252799
fault_point_0807,fault,multiclass,4,2.45877481427863e-31,nominal,1.09251810884581,1.06512530809553,0.0465373246994191,0.0465106253016198,-0.36139944439642,-0.328194601951267,-0.178122031646718,-0.396025155827053,1.19658255607593,0.685158150572809,-0.685860558787279,-0.816812013267454,0.816812013267454,-0.521688768576036,-0.0664478400840671,0.885147409422807,1.12238870456425,-0.465748946743321,0.020023909333145,0.796196202988222,-1.19359755748205,-1.36563263903567,-0.898205385216939,-1.22851820670864,-0.415853310426174,1.09100286433167,-1.24677626293554,0.369344905489272,-1.00801920386806,0.816812013267454,-0.158620321173352,3.43718074693696,0.944719417301171,-0.713271166217759,-0.438934279656301,-1.19359755748205,1.69824774568969,-0.340154544874694
fault_point_0611,fault,multiclass,3,1,nominal,-1.02198107546628,-0.809771413296619,-0.0275878866230465,-0.0275797242472581,0.877654460596911,0.544952736398563,0.103249169514038,0.903483594824197,-1.19961273137269,-0.224370895347897,-0.699693938998285,-0.816812013267454,0.816812013267454,-0.703222992277378,-0.915263413955961,0.353315789012139,-0.680174975265303,1.63224200831054,0.111688996506335,-1.1869549251919,-1.19359755748205,1.66784364829398,1.88910283938272,0.944719417301171,-1.39135974046716,-0.374377454838777,1.22132078851526,0.796196202988222,-0.905253796339547,-1.22364116273271,-0.703222992277378,0.978746620853325,0.388534337711056,-0.133975903265174,-0.338545126239743,0.87957726048006,-0.0487641822950694,-0.158620321173352
fault_point_0130,fault,multiclass,1,1.04825742617125e-32,nominal,-1.07959685705516,-1.20564992788853,0.0521442902284825,0.0521310781948393,-0.322509713774362,-0.298315035239676,-0.121847791414566,-0.360043834869977,-0.328268990482281,-0.224370895347897,1.65198069687264,-0.816812013267454,0.816812013267454,0.204448126229332,-1.07141344877202,-1.65963046741892,-1.03471113906313,-0.475925135692653,-0.827980910569502,0.796196202988222,0.87957726048006,-0.172877672306104,-0.792103291744767,0.193968603497498,1.25065347867577,-0.781054103048924,-0.365649707565601,0.796196202988222,-0.865548979794439,0.816812013267454,2.20132458694409,0.511955331090608,1.76259981134821,2.57937972047323,2.23671551765447,-1.19359755748205,-1.10678076435001,-0.703222992277378
fault_point_1124,fault,multiclass,6,1.4722325387052e-28,nominal,1.38635859494912,1.37861286279775,1.11356653247338,1.1135401391804,-0.33489251357442,-0.31159484266705,-0.147640151520969,-0.369702359043774,-0.0481942166246515,-0.224370895347897,-0.672027178576274,-0.816812013267454,0.816812013267454,-0.521688768576036,-0.822507624043859,-1.1299844564072,-0.0766149711308078,-0.428436253929105,0.00234857862261976,0.796196202988222,0.87957726048006,-0.355149897827583,-0.611044533412608,-0.225096054808628,0.732153642651118,-0.389165696591873,-0.645512705760665,0.658323233896061,0.769688884807035,-1.22364116273271,-0.703222992277378,0.262999976550493,-0.796467826322652,-0.887587977866106,-1.00565133132983,-1.19359755748205,0.226166648235764,0.02291390252799
fault_point_0024,fault,multiclass,1,1,nominal,-0.939398455188874,-1.05694429296568,-0.846195837640331,-0.846198631793645,-0.315350907639953,-0.32155469823758,-0.103089711337183,-0.339916704159381,0.231880557232978,0.578154733405667,1.57589710571211,-0.816812013267454,0.816812013267454,2.20132458694409,-0.782469153578204,-0.663721117964974,-1.15977644554332,-0.465748946743321,0.230894715251739,0.796196202988222,0.87957726048006,-0.0897270603853178,-0.697005916382234,0.413405296948762,1.31833597556154,0.560642739641083,0.167268359523738,0.796196202988222,0.470734971996809,-1.22364116273271,-0.158620321173352,2.90815061853922,-0.988392396723356,0.413405296948762,1.53234364197794,-0.157010148500994,-0.920935530605262,1.92902325139208
fault_point_0053,fault,multiclass,1,1.16348708916899e-31,nominal,-1.07575580494924,-1.2016308566744,0.673142489493125,0.673122938135216,-0.331216369883778,-0.304954938953363,-0.131226831453258,-0.370832570340587,-0.39050782911731,-1.1338999412686,1.58281379581761,1.22364116273271,-1.22364116273271,-0.340154544874694,-1.06340575467889,-1.1889959101788,-0.87607372966348,-0.475925135692653,-0.659859741718226,0.796196202988222,0.87957726048006,-0.294434740647619,-0.792103291744767,0.0619104128548109,1.1648025239239,-1.12521682021189,-0.538870173816862,0.796196202988222,-0.572267183633513,-1.22364116273271,-0.158620321173352,0.636433008360666,-0.566026283651164,-0.325680376681474,-0.694470306534814,0.87957726048006,-0.428462343877701,-0.340154544874694
fault_point_1126,fault,multiclass,6,1.86320346831871e-31,nominal,1.23655756281802,1.23392629908903,-0.0592911912125047,-0.0593109957950015,-0.330829407390026,-0.231915998102807,-0.142950631501623,-0.35839634206426,0.94762720153581,0.257144481904241,1.16781238948745,-0.816812013267454,0.816812013267454,0.749050797333358,0.516445559111765,-0.112947549430091,1.37842210485113,-0.389427529623334,-0.845656241280028,0.0201805441351307,0.87957726048006,-0.28847730351305,-0.21840449670835,-0.325680376681474,-0.0552793004683323,0.641978069283112,-0.233083024210044,0.46794755521153,-0.911259566909395,0.816812013267454,-0.340154544874694,-0.328268990482281,-0.636897512629406,1.32284603650806,1.68850454729259,-1.19359755748205,1.2091110981676,2.56439303434678
fault_point_0704,fault,multiclass,3,1,nominal,-1.01814002336035,-0.819819091331947,1.54011854827484,1.54011019876328,0.697523419755439,0.617991677249119,0.129041529620441,0.732302455490892,-1.29297098932523,-0.277872603931468,-0.699693938998285,-0.816812013267454,0.816812013267454,-0.703222992277378,-0.905253796339547,0.108527536329968,-0.861316761347233,1.54404837074967,-0.178515270508337,-1.70942091333062,-1.19359755748205,1.5817776947967,1.85255886981109,0.776125127247341,-1.4893895515908,-0.286320197127158,1.22132078851526,0.0201805441351307,-0.790476847671335,0.816812013267454,2.20132458694409,0.543074750408123,-0.178435494114879,-1.55007990092358,0.407909071323532,0.87957726048006,-0.911259566909395,-0.703222992277378
fault_point_0352,fault,multiclass,3,7.46441114877381e-31,nominal,0.470267667685847,0.414035771406293,-0.90753998512715,-0.90755815401511,-0.3519188632995,-0.344794361235484,-0.168742991608026,-0.375363175556307,2.25464281287142,4.05576579133778,-0.499109925938706,-0.816812013267454,0.816812013267454,-0.703222992277378,1.60182176265157,-1.94157407988321,0.577487649486832,-0.467444978234876,1.60093837241874,0.796196202988222,0.87957726048006,-0.78243756975589,-0.898205385216939,-0.796467826322652,0.378168194337024,3.97471000618544,-1.15486336247568,-1.22366413677681,-0.748102799761849,0.816812013267454,2.20132458694409,0.760910685630724,1.37809037959359,-1.55007990092358,-0.905388931894856,-1.19359755748205,-0.513210439696671,-0.158620321173352
fault_point_0524,fault,multiclass,3,6.24549126955457e-31,nominal,-0.925954772818134,-0.938381692148813,0.526333535976168,0.526339181359727,0.00292574347091957,0.209637598857373,0.0985596494946925,0.0756496920427521,1.10322429812338,0.524653024822096,-0.409192954567171,-0.816812013267454,0.816812013267454,-0.703222992277378,-0.682706631334612,1.06291030720391,1.16186359481021,0.1855271460139,-1.05323861357806,-1.08194950600716,0.87957726048006,0.999343149406439,0.948303259104038,0.972451637336135,0.0619172354371235,0.902116685576215,1.22132078851526,0.796196202988222,0.344947443950541,-1.22364116273271,-0.703222992277378,1.04098545948835,1.13532340579545,1.58608202985582,-0.746946454911652,0.87957726048006,-1.08309133599117,0.02291390252799
fault_point_0662,fault,multiclass,3,0.999953324351182,nominal,-1.01814002336035,-0.811780948903685,0.340350771134196,0.340354822467052,0.82851022389043,0.64787124396071,0.133731049639787,0.845454369553651,-1.51080692454783,-0.331374312515039,-0.71352731920929,-0.816812013267454,0.816812013267454,-0.703222992277378,-0.904920142419,0.266619949520537,-0.719649865511264,1.59832137847943,-0.19331322180087,-1.49044619771365,-1.19359755748205,1.64566170151633,1.87353012507663,0.901580408357893,-1.41272265246355,-0.401937359924092,1.22132078851526,-0.270932040759154,0.250189730515157,0.816812013267454,0.02291390252799,-0.017074797307137,-0.796467826322652,-0.713271166217759,-0.576715857640897,-1.19359755748205,-1.10678076435001,-0.158620321173352
fault_point_0327,fault,multiclass,2,1.22234511246545e-30,nominal,-1.0623121225785,-1.17751642938961,0.66864339273091,0.668621616928976,-0.327927188686888,-0.304954938953363,-0.14060587149195,-0.36618094077184,-0.141552474577195,-1.08039823268503,-0.741194079631301,1.22364116273271,-1.22364116273271,-0.158620321173352,-1.01802882148448,-0.23461313930486,0.139943538910114,-0.389427529623334,0.367775764707668,0.796196202988222,0.87957726048006,-0.245254195792032,-0.393649441699569,-0.0914971852751102,0.614957106745662,-0.899360037073694,-0.154721384715425,0.796196202988222,-0.701391250885252,0.816812013267454,-0.158620321173352,-1.51080692454783,-0.887587977866106,-0.988392396723356,-0.953175182952991,0.87957726048006,1.87942182454678,-0.703222992277378
fault_point_0167,fault,multiclass,2,1.61335907523273e-30,nominal,-0.966285819930354,-1.03483940128796,-0.846194710612084,-0.846193560199898,-0.265626227192844,-0.0725583089743206,-0.0679183111920882,-0.279890577063897,0.605313589043152,0.257144481904241,-0.727360699420296,1.22364116273271,-1.22364116273271,-0.158620321173352,-0.771792228120696,1.9101982175294,0.701446183343306,-0.128238679923824,-0.911013859488715,0.163602580094778,0.87957726048006,0.284450693258219,0.43274259747703,0.571214834766772,0.311084657600682,0.503506351049575,1.2207316032559,-1.551485933256,-1.02803843910089,0.816812013267454,1.74748902769074,0.200761137915464,-0.636897512629406,0.631521408493599,-0.561758887813682,0.87957726048006,0.263202233416495,-0.703222992277378
fault_point_0666,fault,multiclass,3,1,nominal,-1.01429897125442,-0.817809555724881,0.366342860081739,0.366347867444547,0.848438792318649,0.644551292103867,0.154833889726844,0.86395352751547,-1.51080692454783,-0.224370895347897,-0.699693938998285,-0.816812013267454,0.816812013267454,-0.703222992277378,-0.89557783264368,0.203965813417362,-0.634428373484938,1.53217615030878,-0.252916081173572,-1.5527664871485,-1.19359755748205,1.65478798819056,1.84716032885165,0.930633210299284,-1.36660272095732,-0.412020252028476,1.22132078851526,0.0338397856550971,-0.797149926082277,0.816812013267454,-0.158620321173352,-0.359388409799796,0.886833910402793,-1.10086195575404,-0.688259361437073,-1.19359755748205,0.841424477724668,-0.340154544874694
fault_point_0976,fault,multiclass,6,8.35796589973327e-32,nominal,-0.17118803400374,-0.257149121353597,0.254370349681033,0.254346227611216,-0.353273232027632,-0.324874650094424,-0.161708711579007,-0.387600299251849,0.636433008360666,-0.170869186764326,-0.727360699420296,-0.816812013267454,0.816812013267454,-0.703222992277378,1.26883514994554,-0.155202664476418,0.0023348093611126,-0.465748946743321,-0.160839939797812,0.796196202988222,0.87957726048006,-0.836434765911766,-0.898205385216939,-0.566026283651164,0.689427818658328,0.143883199326552,-1.07797468612946,-0.270932040759154,-0.686043170540084,0.816812013267454,0.749050797333358,-0.017074797307137,0.856460526554975,0.50672641833626,-0.168061021005815,-1.19359755748205,-0.885568215027266,-0.521688768576036
fault_point_0206,fault,multiclass,2,2.59378235699249e-30,nominal,-0.682047964091854,-0.739437667049325,-0.49973157610234,-0.499716363121442,-0.18494454724559,0.0170803911604528,0.0258720891948305,-0.187753956302492,0.543074750408123,0.1501410647371,-0.71352731920929,1.22364116273271,-1.22364116273271,-0.158620321173352,-0.0437593734868625,1.58818509941773,-0.433364680176075,-0.140110900364711,-1.31508014061538,-0.0664702692571561,0.87957726048006,0.608180362230302,0.406580437442796,1.03848073265748,0.925218464151247,0.326047450012419,1.22132078851526,0.796196202988222,-0.856540323939666,-1.22364116273271,-0.703222992277378,-1.79088169840546,-0.325680376681474,0.413405296948762,-0.836434765911766,-1.19359755748205,-0.905587450260094,-0.703222992277378
fault_point_0646,fault,multiclass,3,1,nominal,-1.02198107546628,-0.811780948903685,0.212371642054792,0.212377098818234,0.908998422590809,0.508433265973285,0.0985596494946925,0.93888907410155,-1.26185157000771,-0.331374312515039,-0.71352731920929,-0.816812013267454,0.816812013267454,-0.703222992277378,-0.914929760035413,0.1099846092626,-0.714484926600577,1.62376185085276,0.204998300489806,-1.21854192120682,-1.19359755748205,1.68153307830533,1.88391193461403,0.916106809328588,-1.40992750509954,-0.364294562734393,1.22132078851526,0.796196202988222,-0.876559559172494,0.816812013267454,2.20132458694409,0.294119395868007,0.193968603497498,1.37809037959359,0.629475031136845,0.87957726048006,0.0620089193265771,0.385982349930674
fault_point_0031,fault,multiclass,1,3.58255431367679e-32,nominal,0.497155032427327,0.440159734298145,0.126056493212256,0.12604392196255,-0.331216369883778,-0.341474409378641,-0.117158271395221,-0.362216417207373,0.449716492455579,0.0966393561535286,-0.595943587415744,-0.816812013267454,0.816812013267454,-0.703222992277378,1.49838904728196,-1.47239659557572,-1.32320986964576,-0.479317198675763,0.687575934307406,0.796196202988222,0.87957726048006,-0.294434740647619,-1.01863437585071,0.253614886271111,1.40678242429428,0.147916356168305,-0.595137366085553,0.440629072171597,1.48837942966555,-1.22364116273271,-0.703222992277378,0.0140446220103774,-0.887587977866106,-0.713271166217759,0.51641047956163,-0.157010148500994,0.948527386220296,-0.158620321173352
fault_point_0835,fault,multiclass,5,7.87425313102373e-31,nominal,1.62450382551651,1.64588109853747,2.4218614946635,2.42181747848866,-0.355595006990143,-0.285035227812302,-0.180466791656391,-0.388779310691011,0.978746620853325,0.524653024822096,1.33381295201952,1.22364116273271,-1.22364116273271,-0.176773743543486,-0.238279609165838,-0.832013041683967,-1.36784969880241,-0.360594994266895,0.652225272886355,-0.626499171575779,-1.19359755748205,-0.943288372389239,-0.0720209822310886,-1.76335387881152,-1.76351364664734,0.859096345930844,-1.17901995810936,0.440629072171597,0.335938788095769,-1.22364116273271,-0.158620321173352,-1.10625447342014,0.724402335912288,-1.22851820670864,-0.844547020733306,0.87957726048006,-1.04271921160496,-0.158620321173352
fault_point_0575,fault,multiclass,3,1,nominal,-1.01814002336035,-0.847952589830864,-0.60346156541826,-0.603452995677367,0.805485955512197,0.322515961990051,0.129041529620441,0.822967263959037,-1.41744866659529,-0.224370895347897,-0.699693938998285,-0.816812013267454,0.816812013267454,-0.703222992277378,-0.905253796339547,-0.324223124661726,-0.630001282990064,1.36935712711947,0.538774312976937,-1.5544738923385,-1.19359755748205,1.63501436706306,1.77448766208989,0.856460526554975,-1.36420688035959,-0.395215431854503,1.22132078851526,-1.69789592829814,-1.02303363029268,0.816812013267454,-0.703222992277378,1.00986604017084,-0.178435494114879,0.611712679897196,-0.694470306534814,-1.19359755748205,-1.10678076435001,-0.158620321173352
fault_point_1239,fault,multiclass,6,1.37266820293022e-30,nominal,0.787154466424715,0.751637753393303,-0.666522740439457,-0.666540804345945,-0.346694869633851,-0.318234746380737,-0.161708711579007,-0.378484432660977,0.94762720153581,0.0966393561535286,-0.71352731920929,-0.816812013267454,0.816812013267454,-0.703222992277378,0.684607135067518,-0.557354793882841,0.792939386904036,-0.428436253929105,0.316393989386373,0.796196202988222,0.87957726048006,-0.613221004337827,-0.611044533412608,-0.566026283651164,0.261570618581,0.553920811571494,-0.925670296585409,-1.16689291420945,-0.911593220829942,0.816812013267454,-0.703222992277378,1.32106023334598,-2.03847510931712,-0.713271166217759,-0.265027816919536,0.87957726048006,0.458723430857112,-0.158620321173352
fault_point_0770,fault,multiclass,4,6.19494535484781e-30,nominal,-0.480392728530756,-0.582693889698213,-0.764493051898839,-0.764516106404548,-0.363140775618303,-0.348114313092328,-0.185156311675737,-0.398461258933136,1.1343437174409,0.257144481904241,-0.699693938998285,-0.816812013267454,0.816812013267454,-0.521688768576036,0.470734971996809,-0.155202664476418,0.0023348093611126,-0.477621167184208,1.60093837241874,0.796196202988222,-1.19359755748205,-1.59949373506288,-1.01863437585071,-1.76335387881152,-1.02200098165098,0.904133263997092,-1.31688930879914,-0.697783338258104,0.0416560301732023,0.816812013267454,-0.340154544874694,-1.2307321506902,-0.636897512629406,0.999303469433481,-0.963315501479916,0.87957726048006,-0.983662467668122,-0.158620321173352
fault_point_0543,fault,multiclass,3,0.999999999998665,nominal,-1.00853739309554,-0.884124230758044,-0.823494107660045,-0.823488598502123,0.432647592782317,0.28267653970793,0.0352511292335223,0.441519975281927,-1.47968750523032,0.0966393561535286,-0.685860558787279,-0.816812013267454,0.816812013267454,-0.703222992277378,-0.881230714060154,0.0466019366931096,-0.596429180070602,1.08103177355508,0.244870558139131,-1.12036612278206,-1.19359755748205,1.4242224956846,1.62976523713861,0.724402335912288,-1.3460384224935,-0.340095621683872,1.22132078851526,0.722777779818403,0.66225232239086,0.816812013267454,-0.158620321173352,-1.35520982796026,-0.133975903265174,-0.0118220769206893,-0.267943158496027,0.87957726048006,-0.952632653057239,-0.521688768576036
fault_point_0296,fault,multiclass,2,2.3265918787333e-31,nominal,-0.954762663612577,-1.05895382857275,0.215383625045028,0.215357505410598,-0.347275313374479,-0.275075372241772,-0.154674431549988,-0.379604883929319,0.760910685630724,0.20364277332067,-0.727360699420296,1.22364116273271,-1.22364116273271,-0.158620321173352,-0.742097029192001,0.0254743791699463,0.064314076289349,-0.352114836809118,-0.100003917817399,-0.961577440112455,-1.19359755748205,-0.62969902194408,-0.21840449670835,-0.887587977866106,-0.988459213282813,0.443008998423272,-0.862038288574742,-1.65862560892824,-0.911593220829942,0.816812013267454,-0.703222992277378,-2.03983705294558,-1.37576308927524,0.999303469433481,-0.624121846754271,-1.19359755748205,-1.07241441053366,-0.703222992277378
fault_point_0048,fault,multiclass,1,1.58873914414493e-30,nominal,0.74298236720657,0.695370756395468,1.07071579149237,1.07068798956491,-0.352692788287004,-0.334834505664954,-0.154674431549988,-0.388078540646873,0.200761137915464,-0.331374312515039,1.5413136551846,1.22364116273271,-1.22364116273271,-0.340154544874694,1.74162275536082,-0.803600119497643,-0.80376458491387,-0.504757671049092,-0.267714032466105,0.796196202988222,0.87957726048006,-0.812605017373492,-1.15754298746105,-0.380264428813785,1.1256704608277,-0.290353353968911,-1.11096906065351,0.796196202988222,1.26016014801131,-1.22364116273271,-0.521688768576036,-0.67058260297494,0.224121890360911,0.944719417301171,1.43639087791691,0.87957726048006,-0.544907562148649,0.385982349930674
fault_point_0706,fault,multiclass,3,1,nominal,-1.01814002336035,-0.815800020117816,1.56011315640572,1.56010580237898,0.828316742643554,0.511753217830128,0.143110089678479,0.869994985138329,-1.19961273137269,-0.170869186764326,-0.699693938998285,-0.816812013267454,0.816812013267454,-0.703222992277378,-0.905253796339547,-0.190900951325901,-0.832909597338458,1.56948884312299,0.133063815039994,-1.72350700614808,-1.19359755748205,1.64553494753474,1.86314831553924,0.808919577923608,-1.47401624108872,-0.294386510810665,1.22132078851526,0.796196202988222,-0.427795036036607,-1.22364116273271,-0.703222992277378,0.729791266313209,1.66201548947536,1.06357178887959,1.95899754399831,-1.19359755748205,-1.05139421353919,-0.703222992277378
fault_point_0213,fault,multiclass,2,2.47462051478864e-30,nominal,-0.860656887017398,-0.954457977005338,-0.437397897814613,-0.437393238087926,-0.255565202355297,-0.14891720168172,-0.0491602311147045,-0.285592385696003,0.16964171859795,-0.224370895347897,-0.727360699420296,1.22364116273271,-1.22364116273271,-0.158620321173352,-0.500531590715881,0.606117942823785,-0.811143069071994,-0.314802143994903,-1.28260685861232,0.452154057204068,0.87957726048006,0.336926841635056,-0.0720209822310886,0.776125127247341,1.12966352849058,-0.340095621683872,1.21042086121713,0.796196202988222,-0.905253796339547,0.816812013267454,-0.158620321173352,0.792030104948238,-0.225096054808628,-0.225096054808628,0.623264086039104,0.87957726048006,-1.08242402815007,0.749050797333358
fault_point_0989,fault,multiclass,6,1.23008109286628e-31,nominal,0.760267101683236,0.731542397322647,0.00510100416845506,0.00508359352921861,-0.323283638761866,-0.291675131525989,-0.14060587149195,-0.361049117802375,-0.67058260297494,-0.331374312515039,1.33381295201952,1.22364116273271,-1.22364116273271,-0.176773743543486,1.59948618520774,-0.441517495738599,0.300425569349298,-0.411475939013553,0.0594851127798996,0.796196202988222,0.87957726048006,-0.182637728888269,-0.331358584475202,-0.0914971852751102,0.528107885078076,-0.811974972169034,-0.0430707780670788,0.796196202988222,-0.911259566909395,0.816812013267454,-0.158620321173352,0.605313589043152,-0.438370032696567,0.224121890360911,0.13906387637843,-1.19359755748205,-0.810162428983615,0.02291390252799
fault_point_0710,fault,multiclass,3,1,nominal,-1.01814002336035,-0.817809555724881,1.72006607685387,1.72006105162751,0.761565712471365,0.588112110537528,0.1759367298139,0.797284725043383,-1.26185157000771,-0.277872603931468,-0.71352731920929,-0.816812013267454,0.816812013267454,-0.703222992277378,-0.904920142419,0.423983826244789,-0.695300867789456,1.56100868566522,-0.0917828337659923,-1.7162505340906,-1.19359755748205,1.61397320611969,1.85774977457979,0.901580408357893,-1.39934587579291,-0.301780631687213,1.22132078851526,-1.75893566384049,1.38094286724937,0.816812013267454,-0.158620321173352,-0.546104925704882,-0.380264428813785,0.724402335912288,-2.17280199377891,-0.157010148500994,1.1914274403786,-0.703222992277378
fault_point_0203,fault,multiclass,2,2.20607571212705e-31,nominal,-1.0776763310022,-1.15742107331896,-0.536916182571316,-0.536828032125017,0.195439584112451,0.28267653970793,0.290829970287876,-0.119429853001913,-1.94647879499303,-2.36443923869073,-0.699693938998285,1.22364116273271,-1.22364116273271,-0.158620321173352,-1.05773363802958,1.02648348388811,-1.52685603240996,-0.16555137273804,-1.84205162831057,0.734302764850875,0.87957726048006,1.23028890385716,0.351764483085353,1.99480212989493,1.5169910917897,-3.21506425704718,1.22132078851526,0.796196202988222,-0.905587450260094,-1.22364116273271,-0.158620321173352,-0.483866087069854,0.413405296948762,0.886833910402793,-0.576715857640897,0.87957726048006,-0.27865173355204,-0.703222992277378
fault_point_0472,fault,multiclass,3,1.72621799833575e-30,nominal,-1.01429897125442,-0.84996212543793,-0.00795336401710107,-0.00789461487099591,2.15985468364357,1.49445896745579,0.651923011777513,2.54043947380462,-1.63528460181789,0.524653024822096,-0.38152619414516,-0.816812013267454,0.816812013267454,-0.703222992277378,-0.902250911054623,0.306689455167916,1.44335276544261,1.27098730060927,-1.39770203533202,-1.60398864284838,0.87957726048006,2.05773889565425,1.75683858587632,1.75071457419037,-0.0904182959016546,0.224546336161622,1.22132078851526,-0.367827285291416,1.48637750614227,-1.22364116273271,-0.703222992277378,1.04098545948835,-0.380264428813785,-0.380264428813785,-0.556815482531806,-1.19359755748205,-0.268642115935627,-0.340154544874694
fault_point_0634,fault,multiclass,3,0.999999999977211,nominal,-1.01814002336035,-0.815800020117816,0.128384933570657,0.128393196888541,0.878041423090663,0.544952736398563,0.119662489581749,0.898605532594949,-1.41744866659529,-0.331374312515039,-0.699693938998285,-0.816812013267454,0.816812013267454,-0.703222992277378,-0.905253796339547,0.353315789012139,-0.595322407446884,1.56948884312299,0.0372881858411004,-1.24244559386676,-1.19359755748205,1.66809715625715,1.86314831553924,0.972451637336135,-1.34543946234406,-0.395887624661462,1.22132078851526,-2.19176287950443,0.710965794790741,0.816812013267454,-0.703222992277378,-1.38632924727777,-0.325680376681474,-0.499997188329821,-1.56805874762941,-1.19359755748205,-0.564259489540382,0.839817909184029
fault_point_1156,fault,multiclass,6,4.93182274921962e-32,nominal,-0.924034246765172,-0.978572404290124,-0.419358683692364,-0.419367103377559,-0.255952164849049,-0.178796768393311,-0.0937106712984908,-0.280091633650376,-0.359388409799796,6.51684438618204,1.61048055623962,1.22364116273271,-1.22364116273271,0.02291390252799,-0.751772992887868,1.28365685649765,0.953790341551127,-0.155375183788708,0.396138504685022,-0.097203562677081,-1.19359755748205,0.334898777929671,0.57538866052083,0.282227494243693,-0.507094906522926,-0.0618077996028783,1.2192586401075,0.796196202988222,1.28451688421125,0.816812013267454,0.749050797333358,-2.28879240748569,-1.10086195575404,1.82048531824659,1.69991240563538,0.87957726048006,1.45067653664372,4.01666682395751
fault_point_0556,fault,multiclass,3,0.6879701229518,nominal,-1.00085528888369,-0.878095623936847,-0.735445025859426,-0.735444604022234,0.342872294231894,0.163158272861565,-0.011644070959937,0.338391610457739,-1.29297098932523,-0.277872603931468,-0.685860558787279,-0.816812013267454,0.816812013267454,-0.703222992277378,-0.861545132747873,-0.164673638538526,-0.810036296448275,1.06746352162264,0.835144393030164,-0.955174670649971,-1.19359755748205,1.35856393322276,1.62291324284393,0.571214834766772,-1.46183738471694,-0.400592974310174,1.22132078851526,0.339038463366847,-0.338375785329976,0.816812013267454,-0.703222992277378,-0.639463183657426,-0.796467826322652,-1.76335387881152,0.428696724303728,0.87957726048006,1.7839968032703,-0.158620321173352
fault_point_0486,fault,multiclass,3,1.1379958972739e-29,nominal,-1.01814002336035,-0.862019339080323,0.114102668109942,0.114167376426406,1.73864600919471,1.78329477900117,0.764471492241815,2.02774713028728,-1.60416518250037,0.578154733405667,-0.409192954567171,-0.816812013267454,0.816812013267454,-0.703222992277378,-0.911259566909395,1.11755054217761,1.10615603941638,1.22689048182883,-1.57240007142442,-1.69789592829814,0.87957726048006,1.95734974223769,1.73296042394031,1.82048531824659,0.0920648962918488,0.170770911604909,1.22132078851526,0.796196202988222,1.92513241166174,0.816812013267454,-0.340154544874694,-0.639463183657426,0.282227494243693,1.8752894673633,1.32307281837852,0.87957726048006,-0.939620150155901,-0.703222992277378
fault_point_0460,fault,multiclass,3,3.02210495422466e-31,nominal,-1.02198107546628,-0.866038410294454,-0.0960013187894732,-0.0959453714758815,2.2086119578563,1.2886219523315,0.532340251284191,2.62318304316661,-1.6664040211354,0.685158150572809,-0.395359574356165,-0.816812013267454,0.816812013267454,-0.703222992277378,-0.921269184525809,-0.0422795121974404,1.48651689776764,1.22519445033728,-1.29288321367658,-1.37946486036393,0.87957726048006,2.06825947612593,1.73296042394031,1.71351818382601,-0.113777741729488,0.277649567911377,1.22132078851526,0.747108303775843,-0.621647963874488,0.816812013267454,-0.703222992277378,-1.29297098932523,-0.566026283651164,1.13532340579545,-0.345136333282244,0.87957726048006,1.86173816675779,-0.703222992277378
fault_point_0670,fault,multiclass,3,1,nominal,-1.02198107546628,-0.817809555724881,0.402339015264202,0.402341531781975,0.868173879499992,0.601391917964902,0.138420569659133,0.913565704233588,-1.19961273137269,-0.170869186764326,-0.699693938998285,-0.816812013267454,0.816812013267454,-0.703222992277378,-0.915263413955961,-0.0226090276069085,-0.754328741054443,1.58305709505544,-0.0967154841968365,-1.57837756499844,-1.19359755748205,1.66366076690162,1.86833922030793,0.871647218478884,-1.43149007047908,-0.289681161161953,1.22132078851526,0.796196202988222,-0.620980656033394,0.816812013267454,-0.703222992277378,0.200761137915464,-0.636897512629406,-0.499997188329821,-0.446793026514669,0.87957726048006,1.53942847950926,-0.703222992277378
fault_point_1068,fault,multiclass,6,3.89903444144539e-31,nominal,0.75642604957731,0.717475648073189,-0.889736883422657,-0.889755169429639,-0.354240638262011,-0.318234746380737,-0.166398231598353,-0.385082211906619,1.60113500720361,1.38068036215923,1.63814731666163,1.22364116273271,-1.22364116273271,0.113681014378661,1.72994486814167,0.0954138799362808,1.24819185946025,-0.465748946743321,0.0594851127798996,0.440629072171597,0.87957726048006,-0.878517087798505,-0.697005916382234,-0.796467826322652,0.0151983437814563,1.69395981217382,-1.0844557239824,0.379589336629247,-0.914596106114866,0.816812013267454,-0.521688768576036,-0.172671893894709,0.193968603497498,0.0258145074124767,0.103446007552605,-1.19359755748205,-0.311016163845112,0.749050797333358
fault_point_0350,fault,multiclass,3,6.9413165170007e-31,nominal,0.541327131645472,0.488388588867717,-0.912160800940046,-0.912178939429628,-0.353660194521384,-0.341474409378641,-0.168742991608026,-0.377596270070217,2.90815061853922,4.10926749992135,-0.499109925938706,-0.816812013267454,0.816812013267454,-0.703222992277378,1.42398422299995,-1.19628127484196,0.577487649486832,-0.467444978234876,1.14425715336307,0.796196202988222,0.87957726048006,-0.852912783518019,-0.898205385216939,-0.796467826322652,0.378168194337024,4.40289682421828,-1.15486336247568,0.796196202988222,0.458723430857112,0.816812013267454,-0.521688768576036,-0.701702022292455,0.944719417301171,-0.0914971852751102,0.0702364643769256,0.87957726048006,-0.362732521529917,0.204448126229332
fault_point_0607,fault,multiclass,3,1,nominal,-1.01814002336035,-0.807761877689554,-0.053583920169454,-0.0535761502872519,0.903193985184531,0.47523374740485,0.0985596494946925,0.919866778613745,-1.51080692454783,-0.277872603931468,-0.699693938998285,-0.816812013267454,0.816812013267454,-0.703222992277378,-0.905253796339547,0.190123620557359,-0.693087322542019,1.62036978786965,0.311461338955529,-1.18439381740691,-1.19359755748205,1.67899799867359,1.88391193461403,0.930633210299284,-1.39834760887719,-0.416725601677189,1.22132078851526,0.796196202988222,-0.489854665258372,0.816812013267454,-0.158620321173352,0.449716492455579,-0.225096054808628,-1.22851820670864,-0.78243756975589,0.87957726048006,1.88776317256046,0.02291390252799
fault_point_0492,fault,multiclass,3,2.89403337397704e-31,nominal,-1.01814002336035,-0.452074075238954,0.154112170880144,0.154190140241127,1.65138596685368,1.54757819716529,0.701162971980645,1.93342231114293,-1.60416518250037,0.578154733405667,-0.395359574356165,-0.816812013267454,0.816812013267454,-0.703222992277378,-0.911593220829942,3.15526703846341,-0.07255680484384,3.69292027055018,-0.00628355963135771,-1.30476588330161,-1.19359755748205,1.93402700962576,2.51408777353387,1.94682098729476,-1.06253061842919,0.186903538971923,1.22132078851526,0.638261222913611,1.37727267412336,0.816812013267454,-0.521688768576036,0.605313589043152,-0.713271166217759,2.07557772317138,-0.297476836205696,0.87957726048006,2.02989974271354,-0.703222992277378
fault_point_0279,fault,multiclass,2,4.58416031486668e-31,nominal,-0.993173184671834,-1.08909686267873,0.0899324203237524,0.0899048719376894,-0.351338419558873,-0.298315035239676,-0.171087751617699,-0.386626248410554,0.325238815185522,-0.705886272600036,-0.71352731920929,1.22364116273271,-1.22364116273271,-0.158620321173352,-0.841192243594498,-0.0371797569332282,-1.09964179965462,-0.291057703113129,1.60093837241874,-0.911208987007579,-1.19359755748205,-0.760889392886174,0.0139404007385377,-1.37576308927524,-1.61836563710174,-0.287664582741076,-1.00815623289553,0.796196202988222,0.385319568336744,0.816812013267454,-0.521688768576036,-1.35520982796026,-1.55007990092358,-0.0507792431602814,1.28846898140539,0.87957726048006,0.617876350958092,-0.703222992277378
fault_point_0555,fault,multiclass,3,1,nominal,-1.02198107546628,-0.896181444400437,-0.741449268845573,-0.741448243998609,0.431293224054186,0.21627750257106,0.0164930491561386,0.429353123791369,-1.38632924727777,-0.224370895347897,-0.685860558787279,-0.816812013267454,0.816812013267454,-0.703222992277378,-0.915597067876508,-0.537684309292309,-0.80191996387434,1.09290399399597,0.579057624828831,-1.24329929646176,-1.19359755748205,1.42320846383191,1.63661723143329,0.591683854316388,-1.45724535690464,-0.410003673607599,1.22132078851526,-2.02059550920735,1.06764183585562,0.816812013267454,-0.703222992277378,0.792030104948238,0.650889943121193,-0.566026283651164,-0.726665817857801,-0.157010148500994,0.345614751791636,0.02291390252799
fault_point_0366,fault,multiclass,3,5.54219216526038e-32,nominal,0.877419190913969,0.872209889817235,-0.723991601298801,-0.724001961506722,-0.268915408389735,-0.291675131525989,-0.131226831453258,-0.266722346652328,-1.13737389273766,3.14623674541707,-0.499109925938706,-0.816812013267454,0.816812013267454,-0.703222992277378,0.505101325813163,-1.3988144124778,1.1736691694632,-0.272401356706021,1.60093837241874,0.796196202988222,0.87957726048006,0.266198119909753,0.0924268808412399,0.0619104128548109,0.0555283271765194,1.42037733974154,0.954125273396388,-1.23348171661929,-1.09877307025688,0.816812013267454,0.02291390252799,-0.421627248434825,-0.274177682330827,0.901580408357893,0.410444150955263,-1.19359755748205,-0.793146079035712,-0.158620321173352
fault_point_0901,fault,multiclass,6,5.09168412530124e-28,nominal,1.99324482768538,2.0055879722022,-0.271444115465053,-0.271468159488005,-0.360238556915165,-0.341474409378641,-0.175777271637045,-0.396682981745923,0.0140446220103774,-1.08039823268503,1.58281379581761,1.22364116273271,-1.22364116273271,-0.340154544874694,-0.822173970123312,0.104884853998388,1.12238870456425,-0.496277513591316,0.687575934307406,0.796196202988222,0.87957726048006,-1.25142730162618,-1.01863437585071,-1.10086195575404,0.0832801474335183,-0.761560511647115,-1.24677626293554,0.796196202988222,-0.920935530605262,-1.22364116273271,2.20132458694409,-0.452746667752339,-0.0914971852751102,0.550085524263942,-0.0897270603853178,0.87957726048006,0.360295524295709,-0.521688768576036
fault_point_0614,fault,multiclass,3,1,nominal,-1.01814002336035,-0.81379048451075,-0.00758877037918106,-0.00758299361072416,0.834314661296707,0.481873651118537,0.105593929523711,0.849493069334489,-1.41744866659529,-0.170869186764326,-0.71352731920929,-0.816812013267454,0.816812013267454,-0.703222992277378,-0.904920142419,0.160253625438403,-0.732931136995886,1.58475312654699,0.241582124518568,-1.33806028450653,-1.19359755748205,1.64832353512965,1.86833922030793,0.886833910402793,-1.41991017425673,-0.410675866414558,1.22132078851526,-1.39568520966889,-0.89557783264368,-1.22364116273271,-0.703222992277378,-0.141552474577195,1.18022319061396,-0.499997188329821,0.732652772148308,0.87957726048006,0.259532040290477,0.02291390252799
fault_point_0403,fault,multiclass,3,1.28874373248468e-30,nominal,-1.01814002336035,-0.79570466404716,-0.612249568174617,-0.612165993735815,3.11178241827305,2.27132770195716,1.0083265332478,3.78285400991274,-1.884239956358,0.685158150572809,-0.395359574356165,-0.816812013267454,0.816812013267454,-0.703222992277378,-0.911593220829942,0.557305999580615,1.31865638317033,1.62376185085276,-1.57486639663984,-1.84985499020777,0.87957726048006,2.23380017607798,1.91443445465397,1.95166312095166,-0.0229354523990242,0.424859792635381,1.22132078851526,-0.0575063920096782,-1.10678076435001,0.816812013267454,1.16657951184644,0.200761137915464,-0.887587977866106,-0.796467826322652,1.62436703260978,-1.19359755748205,-0.25896615223976,-0.703222992277378
fault_point_0904,fault,multiclass,6,7.44587462199167e-29,nominal,1.89721852503723,1.91917794109838,0.00465470098262408,0.00463222168567852,-0.344179613424464,-0.308274890810206,-0.161708711579007,-0.381400729167778,-0.421627248434825,-0.652384564016465,1.62431393645063,1.22364116273271,-1.22364116273271,-0.340154544874694,-0.629989311888166,-0.00658122534795705,1.58354396444696,-0.425044190945995,0.519043711253559,0.796196202988222,-0.157010148500994,-0.547182179931227,-0.393649441699569,-0.566026283651164,-0.166286581496328,-0.851634347779611,-0.752449830334148,0.54520764005884,-1.06307210075834,-1.22364116273271,-0.521688768576036,-0.39050782911731,-0.225096054808628,-0.636897512629406,-0.393683108229898,-1.19359755748205,-0.915263413955961,-0.703222992277378
fault_point_0674,fault,multiclass,3,1,nominal,-1.01814002336035,-0.819819091331947,0.510319591613864,0.510322524794259,0.839732136209233,0.355715480558486,0.0985596494946925,0.864400536819391,-1.29297098932523,-0.331374312515039,-0.699693938998285,-0.816812013267454,0.816812013267454,-0.703222992277378,-0.905253796339547,0.133297776184712,-0.686815611007614,1.54404837074967,0.662501627950614,-1.25269002500674,-1.19359755748205,1.65085861476138,1.85255886981109,0.901580408357893,-1.39495350136375,-0.371016490803982,1.22132078851526,0.71978982073591,-0.708064329296194,0.816812013267454,1.29365346843738,0.0762834606454063,0.986097650369212,-0.0914971852751102,-0.306729876861515,-1.19359755748205,-0.911259566909395,0.385982349930674
fault_point_0971,fault,multiclass,6,9.65883345579216e-33,nominal,0.670002377193982,0.623027474541108,0.119484227989596,0.119458175726029,-0.356368931977646,-0.341474409378641,-0.173432511627372,-0.391369622246918,0.511955331090608,-0.224370895347897,-0.699693938998285,-0.816812013267454,0.816812013267454,-0.703222992277378,1.00624951447495,-0.993748137206115,1.1736691694632,-0.465748946743321,1.14425715336307,0.796196202988222,0.87957726048006,-0.984103154460113,-0.898205385216939,-0.988392396723356,0.0555283271765194,0.0343157717922475,-1.202292775854,0.485875309706485,1.54276501871473,-1.22364116273271,-0.703222992277378,1.07210487880587,0.650889943121193,-0.0914971852751102,-0.887263112527978,-1.19359755748205,0.912492762801206,-0.521688768576036
fault_point_0445,fault,multiclass,3,4.93497821741062e-30,nominal,-1.02198107546628,-0.817809555724881,-0.202049605209571,-0.201982253551569,1.95766678065824,1.64385680101375,0.654267771787186,2.29440672413008,-1.69752344045292,0.578154733405667,-0.423026334778176,-0.816812013267454,0.816812013267454,-0.703222992277378,-0.920601876684714,1.29239929409344,1.5621463603884,1.52030392986789,-1.34467604320044,-1.45587124261624,-1.19359755748205,2.01185395431991,1.86833922030793,1.8262078398411,-0.177866477718673,0.201691780725019,1.22132078851526,-0.0169555187472781,0.38932341538331,0.816812013267454,4.01666682395751,0.885388362900781,-0.325680376681474,0.193968603497498,-0.852912783518019,0.87957726048006,1.66388139187334,1.16657951184644
fault_point_0593,fault,multiclass,3,1,nominal,-1.02198107546628,-0.847952589830864,-0.405510887620886,-0.405504183623589,0.77220718104954,0.455314036263789,0.124352009601095,0.788272314754292,-1.38632924727777,-0.170869186764326,-0.699693938998285,-0.816812013267454,0.816812013267454,-0.703222992277378,-0.915263413955961,-0.2091143629838,-0.672427566899274,1.3947975994928,0.082093093921269,-1.55788870271849,-1.19359755748205,1.61917011936474,1.78611528877177,0.840833640662258,-1.38716701942113,-0.394543239047544,1.22132078851526,-1.63088027459081,-1.0096874734708,0.816812013267454,-0.703222992277378,0.449716492455579,1.8752894673633,0.958805624303057,-0.59205308941287,-1.19359755748205,2.04458051521761,-0.703222992277378
fault_point_1204,fault,multiclass,6,5.48707474676282e-32,nominal,-0.762710058316293,-0.829866769367274,0.0705092155141285,0.0704817949050554,-0.345147019658844,-0.265115516671241,-0.154674431549988,-0.375581800194033,0.823149524265753,1.00616840207423,-0.630527037943258,1.22364116273271,-1.22364116273271,0.02291390252799,-0.257965190478119,-0.0408224392648082,-1.3914608481084,-0.180815656162037,1.47268946121679,-1.96595854312749,-1.19359755748205,-0.571645698377434,0.323318324952892,-1.37576308927524,-1.77649111655169,0.798598993304541,-0.795460354267284,0.54520764005884,-0.925273031572374,0.816812013267454,-0.158620321173352,0.107402879962921,-0.438370032696567,0.388534337711056,-1.63295678620173,-1.19359755748205,0.669926362563444,-0.521688768576036
fault_point_1008,fault,multiclass,6,6.70304133629142e-32,nominal,-0.0271485800315271,-0.10241487960955,-0.292921329254922,-0.292933961780106,-0.333344663599413,-0.294995083382832,-0.128882071443585,-0.367906513805316,0.231880557232978,-0.331374312515039,-0.685860558787279,1.22364116273271,-1.22364116273271,0.385982349930674,1.62617849885151,-0.181429977263793,-0.788269768181811,-0.440308474369992,-0.72233998050892,0.796196202988222,0.87957726048006,-0.328785069657577,-0.697005916382234,0.0966857363907185,1.11728501873566,-0.361605791506557,-0.360641632861057,0.440629072171597,-0.362732521529917,0.816812013267454,-0.703222992277378,-1.41744866659529,0.461166342564533,0.901580408357893,-0.22357926494073,0.87957726048006,-1.10678076435001,-0.158620321173352
fault_point_0595,fault,multiclass,3,1,nominal,-1.01814002336035,-0.811780948903685,-0.133570241890692,-0.133562509322971,0.86353032957497,0.481873651118537,0.107938689533384,0.883481392478015,-1.35520982796026,-0.331374312515039,-0.699693938998285,-0.816812013267454,0.816812013267454,-0.703222992277378,-0.905253796339547,0.211979714546838,-0.698252261452705,1.59492931549632,0.257613238418812,-1.28854553399665,-1.19359755748205,1.66163270319624,1.87353012507663,0.916106809328588,-1.40114275624121,-0.395887624661462,1.22132078851526,0.796196202988222,-0.4808460094036,0.816812013267454,-0.158620321173352,0.200761137915464,-0.225096054808628,-0.636897512629406,-0.215720518082362,0.87957726048006,-0.909591297306659,-0.703222992277378
fault_point_0418,fault,multiclass,3,7.6737380995059e-30,nominal,-1.01814002336035,-0.803742806475423,-0.424154752397677,-0.42410171789619,2.52592120273279,2.01901136083706,0.905157092822193,2.9832812455687,-1.79088169840546,0.631656441989238,-0.409192954567171,-0.816812013267454,0.816812013267454,-0.703222992277378,-0.911259566909395,-0.0349941475342805,0.874840561059206,1.57796900058077,-1.4992324233669,-2.17084716592698,-1.19359755748205,2.13227023682715,1.89429374415142,1.65519248295882,-0.549820730515715,0.254122819667815,1.22132078851526,-0.208184900026808,0.392326300668234,0.816812013267454,0.385982349930674,-0.359388409799796,0.742010094664647,0.930633210299284,-0.836434765911766,-1.19359755748205,-0.845863398482158,1.74748902769074
fault_point_0523,fault,multiclass,3,6.65658252192698e-30,nominal,-1.02198107546628,-0.882114695150978,0.520285902402509,0.520297786185453,0.74241106903065,0.707630377383892,0.241590010084743,0.805479244946698,-1.35520982796026,0.257144481904241,-0.409192954567171,-0.816812013267454,0.816812013267454,-0.703222992277378,-0.920935530605262,0.585718921766938,0.0288973523303568,1.13021668681018,-0.738782148611735,-1.61337937139335,-1.19359755748205,1.60446665750069,1.68271246577932,1.11199312544857,-1.00762593806462,-0.167342070295429,1.22132078851526,-0.179585863094378,1.81802950316611,-1.22364116273271,0.113681014378661,-0.639463183657426,-0.178435494114879,0.901580408357893,-1.63295678620173,0.87957726048006,0.775361001456337,-0.176773743543486
fault_point_0628,fault,multiclass,3,1,nominal,-1.02198107546628,-0.805752342082488,0.0863907340574043,0.0864088533143152,0.952338221891013,0.73418999223864,0.185315769852592,0.962969016342449,-1.51080692454783,-0.224370895347897,-0.699693938998285,-0.816812013267454,0.816812013267454,-0.703222992277378,-0.915263413955961,1.06145323427127,-0.302396586369384,1.65768248068387,-0.312518940546274,-1.18012530443192,-1.19359755748205,1.69991240563538,1.89927701272937,1.18022319061396,-1.18691467612783,-0.448990856411217,1.22132078851526,0.796196202988222,-1.10678076435001,0.816812013267454,-0.703222992277378,-1.51080692454783,0.50672641833626,-1.37576308927524,-0.914641972550676,0.87957726048006,-0.905253796339547,0.385982349930674
fault_point_0078,fault,multiclass,1,7.98017652506963e-33,nominal,-0.856815834911472,-0.972543797468927,-0.17821971995399,-0.178235924604279,-0.336246882302552,-0.304954938953363,-0.14060587149195,-0.366309773147643,0.511955331090608,0.578154733405667,-0.741194079631301,1.22364116273271,-1.22364116273271,0.02291390252799,-0.489854665258372,-1.22250858762933,-0.662097689077901,-0.452180694810879,-0.659859741718226,0.796196202988222,0.87957726048006,-0.379359908310617,-0.792103291744767,-0.0914971852751102,1.04900356170045,0.440320227195436,-0.704136639066789,-0.911208987007579,-0.229270953311066,0.816812013267454,-0.703222992277378,-1.35520982796026,0.162494734727657,0.282227494243693,1.05397411547025,-1.19359755748205,-0.749437415444038,-0.703222992277378
fault_point_0616,fault,multiclass,3,1,nominal,-1.02198107546628,-0.803742806475423,0.00440450071177944,0.00442090527952679,0.954659996853524,0.614671725392276,0.161868169755863,0.973550839209498,-1.32409040864274,-0.170869186764326,-0.699693938998285,-0.816812013267454,0.816812013267454,-0.703222992277378,-0.915263413955961,0.919388623339658,-0.394996562553833,1.66955470112476,-0.0321799743932901,-1.14128183635951,-1.19359755748205,1.70092643748807,1.90446791749807,1.13532340579545,-1.23702767529694,-0.416725601677189,1.22132078851526,0.0846350900574722,-1.08309133599117,0.816812013267454,-0.158620321173352,-0.234910732529738,1.47977518638846,1.94682098729476,-0.142203208762156,-1.19359755748205,-0.921269184525809,-0.703222992277378
fault_point_0918,fault,multiclass,6,4.94489516784137e-32,nominal,-0.075161731355598,-0.148634198572058,1.08789790063274,1.08787280322359,-0.337794732277559,-0.288355179669146,-0.14060587149195,-0.371371323912125,0.200761137915464,-0.170869186764326,1.56898041560661,1.22364116273271,-1.22364116273271,-0.340154544874694,0.998909128222912,0.183566792360515,-0.0935854846944918,-0.445396568844658,-0.536543480947119,0.610515888576179,0.87957726048006,-0.408259816112353,-0.532558053309906,-0.133975903265174,0.741138044892593,-0.140454358017072,-0.438414087096317,-0.484357689508629,1.0292716349927,0.816812013267454,-0.703222992277378,-1.82200111772297,-0.274177682330827,-0.499997188329821,-1.59949373506288,0.87957726048006,-0.625985464841601,-0.703222992277378
fault_point_0409,fault,multiclass,3,2.72503629067549e-31,nominal,-1.02198107546628,0.233177566770394,-0.544214817499198,-0.544128309569539,2.83007372282172,2.70292144334681,1.1912178140023,3.48685186647808,-1.97759821431055,1.00616840207423,-0.409192954567171,-0.816812013267454,0.816812013267454,-0.703222992277378,-0.920935530605262,3.40588358287611,-1.0387693053501,7.85328551933524,0.575358137005698,-2.02059550920735,-1.19359755748205,2.18728146483572,3.12765271719388,1.98071592289305,-1.585422828883,0.494767844559109,1.22132078851526,0.511486387556423,-0.164208438804376,-1.22364116273271,1.29365346843738,0.0140446220103774,1.05102626076853,-0.438370032696567,-0.35857225533042,-1.19359755748205,1.94548530081511,-0.521688768576036
fault_point_1158,fault,multiclass,6,6.89806102878995e-31,nominal,-0.95668318966554,-1.0207726520385,-0.40088049206789,-0.400877199594491,-0.191716390886246,-0.119037634970129,7.97290884278454e-05,-0.207303293327671,0.200761137915464,0.20364277332067,1.62431393645063,1.22364116273271,-1.22364116273271,0.02291390252799,-0.819171084838388,1.0352259214839,0.376055031970063,-0.196079939586034,-0.508591795172335,-0.644000074773236,0.87957726048006,0.58726595526852,0.482782919447271,0.742010094664647,0.487178941533581,-0.0174430743435894,1.22132078851526,0.796196202988222,1.60182176265157,-1.22364116273271,-0.158620321173352,-2.13319531089812,0.162494734727657,-0.566026283651164,2.06825947612593,0.87957726048006,-1.0790874889446,-0.703222992277378
fault_point_0602,fault,multiclass,3,1,nominal,-1.02198107546628,-0.803742806475423,-0.0875801637275311,-0.0875710431776926,1.03630908303516,0.518393121543815,0.13607580964946,1.05453760344691,-1.38632924727777,-0.598882855432894,-0.71352731920929,-0.816812013267454,0.816812013267454,-0.703222992277378,-0.914929760035413,-0.00876683474690516,-0.683495293136459,1.67294676410787,0.235827365682583,-1.38330652204142,-1.19359755748205,1.73388247270058,1.90446791749807,0.958805624303057,-1.39315662091545,-0.431513843430285,1.22132078851526,-1.25909279446922,-1.04405382728715,0.816812013267454,-0.703222992277378,0.698671846995695,-0.325680376681474,-2.4260658988534,-0.62969902194408,-1.19359755748205,1.10768030632128,-0.703222992277378
fault_point_1212,fault,multiclass,6,1.82761519481691e-30,nominal,1.24423966702987,1.23794537030316,0.835997507677427,0.835973503903232,-0.343599169683836,-0.265115516671241,-0.145295391511296,-0.378619121053861,-0.203791313212224,0.0966393561535286,-0.658193798365269,1.22364116273271,-1.22364116273271,0.02291390252799,-0.470836391787186,1.53864461970824,0.529527502459031,-0.379251340674003,-0.582581551634999,0.796196202988222,0.87957726048006,-0.532985733993532,-0.331358584475202,-0.178435494114879,0.404123134145728,-0.344128778525625,-0.18918872238787,-1.53227762486855,-0.905253796339547,-1.22364116273271,0.204448126229332,-1.10625447342014,0.776125127247341,0.901580408357893,2.15939558888667,0.87957726048006,1.30620438904682,4.01666682395751
fault_point_0943,fault,multiclass,6,2.105756197919e-31,nominal,-1.03926580994294,-1.16545921574722,0.471989924445888,0.471964370749597,-0.351338419558873,-0.338154457521797,-0.161708711579007,-0.38830302130168,-0.172671893894709,-1.08039823268503,1.61048055623962,1.22364116273271,-1.22364116273271,-0.340154544874694,-0.988333622555782,-0.805785728896591,0.0023348093611126,-0.486101324641984,0.778829967278026,0.796196202988222,0.87957726048006,-0.760889392886174,-0.898205385216939,-0.566026283651164,0.689427818658328,-0.865750396725748,-1.07797468612946,0.796196202988222,-0.812498006427445,-1.22364116273271,-0.703222992277378,0.511955331090608,-0.887587977866106,-0.0507792431602814,-0.896262645220624,-1.19359755748205,-1.08742883695828,-0.703222992277378
fault_point_0559,fault,multiclass,3,0.999999965306419,nominal,-1.00469634098961,-0.886133766365109,-0.71743680501397,-0.717435374624359,0.40459281198531,0.179758032145782,0.0375958892431953,0.403465624277847,-1.35520982796026,-0.224370895347897,-0.672027178576274,-0.816812013267454,0.816812013267454,-0.703222992277378,-0.871554750364287,-0.421118474681752,-0.732931136995886,1.04032701775775,0.684698554889414,-1.40294168172637,-1.19359755748205,1.4044488745571,1.60900161806382,0.611712679897196,-1.41991017425673,-0.396559817468421,1.22132078851526,-1.63899044924329,1.95082376354387,0.816812013267454,0.02291390252799,-0.017074797307137,-0.325680376681474,0.193968603497498,-0.332080673178828,-1.19359755748205,0.742662917242718,-0.158620321173352
fault_point_0661,fault,multiclass,3,1,nominal,-1.02198107546628,-0.815800020117816,0.334346528148048,0.334355127063592,0.954466515606648,0.544952736398563,0.13607580964946,0.986463356875155,-1.38632924727777,-0.331374312515039,-0.699693938998285,-0.816812013267454,0.816812013267454,-0.703222992277378,-0.915263413955961,0.329274085623711,-0.548837957250706,1.59492931549632,0.0668840884261661,-1.26250760484921,-1.19359755748205,1.70079968350648,1.87353012507663,1.01250928849775,-1.32028313606794,-0.364966755541352,1.22132078851526,0.796196202988222,-1.10678076435001,0.816812013267454,4.01666682395751,0.16964171859795,-0.796467826322652,0.930633210299284,-0.700808005614142,0.87957726048006,-1.0330432479091,0.385982349930674
fault_point_0051,fault,multiclass,1,6.6663315551574e-26,nominal,1.09251810884581,1.06311577248846,0.410481230835,0.410455518267785,-0.355208044496391,-0.341474409378641,-0.16405347158868,-0.389903665970741,0.480835911773094,0.0966393561535286,1.59664717602862,1.22364116273271,-1.22364116273271,-0.340154544874694,1.03727932908583,-0.375949213770161,-0.119041255040018,-0.496277513591316,0.687575934307406,0.796196202988222,0.87957726048006,-0.924021767188081,-1.01863437585071,-0.636897512629406,0.755113781712664,0.106912594943811,-1.14573099095563,-1.29324089826914,1.55377559809279,0.816812013267454,-0.703222992277378,-1.884239956358,-1.37576308927524,0.930633210299284,-0.0380114358979998,-0.157010148500994,-1.02803843910089,-0.703222992277378
fault_point_1228,fault,multiclass,6,1.93781317484368e-31,nominal,0.97344549356211,0.96464852774225,1.3217016010252,1.32167496552111,-0.337020807290055,-0.248515757387024,-0.112468751375875,-0.368499923536285,0.480835911773094,0.0966393561535286,-0.658193798365269,1.22364116273271,-1.22364116273271,0.02291390252799,0.194469525783787,1.75137726787251,1.24819185946025,-0.316498175486458,-0.287855688392053,-0.789129515922879,0.87957726048006,-0.393683108229898,-0.0720209822310886,-0.133975903265174,0.0151983437814563,0.217824408092033,0.380848016041024,-0.603449201510836,0.677266748815481,-1.22364116273271,-0.158620321173352,1.10322429812338,0.193968603497498,0.162494734727657,-0.312940821959257,-1.19359755748205,-0.68070470781133,-0.521688768576036
fault_point_1235,fault,multiclass,6,3.69737336120776e-32,nominal,-0.718537959098148,-0.713313704157473,1.58246438060117,1.58243095805609,-0.291939676767968,-0.132317442397503,-0.107779231356529,-0.314462549909922,0.574194169725637,0.257144481904241,-0.658193798365269,1.22364116273271,-1.22364116273271,0.02291390252799,-0.142854587889359,0.998799098168101,-1.37891742503959,0.255064437167666,1.25853022167763,-1.97236131258997,-1.19359755748205,0.11802271543506,1.00457266679672,-0.636897512629406,-1.76950324814166,0.328064028433296,1.15061855739229,-1.85284294929026,-0.268642115935627,0.816812013267454,-0.703222992277378,-1.6664040211354,0.0619104128548109,-0.325680376681474,1.71448911351783,0.87957726048006,-0.905253796339547,4.01666682395751
fault_point_0682,fault,multiclass,3,0.999999999925545,nominal,-1.02198107546628,-0.815800020117816,0.608301173355717,0.608304588977859,0.815353499102868,0.621311629105962,0.154833889726844,0.837355497929341,-1.38632924727777,-0.277872603931468,-0.71352731920929,-0.816812013267454,0.816812013267454,-0.703222992277378,-0.914929760035413,0.428355045042685,-0.676854657394148,1.59832137847943,-0.131244037212746,-1.5527664871485,-1.19359755748205,1.63957751040017,1.87353012507663,0.930633210299284,-1.38956286001886,-0.377066226066612,1.22132078851526,-1.48020176657368,-0.989000930396876,-1.22364116273271,-0.703222992277378,0.823149524265753,-0.988392396723356,-0.0118220769206893,-0.694470306534814,-1.19359755748205,-0.097144000774403,-0.158620321173352
fault_point_0339,fault,multiclass,2,7.65943498908296e-32,nominal,1.18854441149395,1.17163069527,-0.925108664956256,-0.925118265611111,-0.33160333237753,-0.291675131525989,-0.131226831453258,-0.368552627690022,0.0762834606454063,-1.02689652410146,-0.672027178576274,-0.816812013267454,0.816812013267454,1.74748902769074,-0.318022896176602,-0.317666296464882,-0.544779790963739,-0.428436253929105,-0.625742242904887,0.638261222913611,0.87957726048006,-0.300518931763774,-0.611044533412608,0.0258145074124767,0.985513785860698,-0.731984028140923,-0.331476962522835,-1.37946486036393,0.366968602706652,-1.22364116273271,-0.158620321173352,-1.79088169840546,0.50672641833626,0.759177659448196,-0.38290901979504,-1.19359755748205,-0.38442002636548,-0.340154544874694
fault_point_0786,fault,multiclass,4,8.20667790191032e-32,nominal,0.773710784053975,0.727523326108516,-0.382232119178111,-0.382257688415649,-0.362947294371427,-0.351434264949171,-0.185156311675737,-0.398096233868363,1.00986604017084,0.952666693490664,-0.699693938998285,-0.816812013267454,0.816812013267454,-0.521688768576036,0.750670611335849,-1.19628127484196,0.353919579495693,-0.49118941911665,1.60093837241874,0.796196202988222,-1.19359755748205,-1.56805874762941,-1.15754298746105,-1.76335387881152,-0.831731307514869,1.07554242977162,-1.32602168031919,0.796196202988222,1.34223901246591,-1.22364116273271,2.56439303434678,-0.452746667752339,-0.566026283651164,-1.76335387881152,1.98992551550543,0.87957726048006,-0.900582641451887,0.385982349930674
fault_point_0678,fault,multiclass,3,1,nominal,-1.02198107546628,-0.807761877689554,0.562308277621938,0.562311995811748,0.854243229724926,0.521713073400659,0.133731049639787,0.887080890977709,-1.2307321506902,-0.170869186764326,-0.699693938998285,-0.816812013267454,0.816812013267454,-0.703222992277378,-0.915263413955961,0.391928221726886,-0.709319987689891,1.64411422875143,0.195132999628118,-1.4294064621713,-1.19359755748205,1.65744982180388,1.89429374415142,0.930633210299284,-1.40713235773552,-0.339423428876913,1.22132078851526,0.796196202988222,-0.625985464841601,0.816812013267454,-0.158620321173352,0.294119395868007,1.75665719276929,-0.438370032696567,-0.733383778881889,-1.19359755748205,0.546808065881554,-0.158620321173352
fault_point_0178,fault,multiclass,2,1.05622672638428e-29,nominal,-0.793438475163699,-0.904219586828699,-0.750252486483265,-0.750269999567423,-0.353079750780756,-0.324874650094424,-0.161708711579007,-0.387772075752919,0.418597073138065,-0.277872603931468,-0.699693938998285,1.22364116273271,-1.22364116273271,-0.158620321173352,-0.330368091236845,0.676785980056436,0.529527502459031,-0.440308474369992,0.426556515675229,0.796196202988222,0.87957726048006,-0.828322511090226,-0.697005916382234,-0.566026283651164,0.404123134145728,-0.0100489534670413,-0.978696969927632,-0.109155399007051,0.34628205963273,0.816812013267454,0.385982349930674,0.231880557232978,0.484276525927003,-0.636897512629406,2.15939558888667,-1.19359755748205,-0.905587450260094,-0.703222992277378
fault_point_0329,fault,multiclass,2,4.00970008011697e-32,nominal,-1.09688159153183,-1.22976435517332,0.726099292765413,0.726073757923091,-0.353079750780756,-0.324874650094424,-0.152329671540315,-0.388763694645459,0.231880557232978,-0.652384564016465,-0.768860840053312,1.22364116273271,-1.22364116273271,-0.158620321173352,-1.10678076435001,-0.66080697209971,-0.80376458491387,-0.49118941911665,-0.747825341068283,0.558866881578806,0.87957726048006,-0.828322511090226,-1.15754298746105,-0.380264428813785,1.1256704608277,-0.396559817468421,-1.11096906065351,0.689483378613485,0.394661878112064,0.816812013267454,-0.158620321173352,0.760910685630724,-0.713271166217759,-0.325680376681474,-0.905388931894856,-1.19359755748205,-1.07241441053366,-0.703222992277378
fault_point_0502,fault,multiclass,3,1,nominal,-1.01814002336035,-0.862019339080323,0.318199030938469,0.318194775341941,0.577952009186126,0.422114517695355,0.063388249349598,0.599562164289074,-1.38632924727777,-0.170869186764326,-0.38152619414516,-0.816812013267454,0.816812013267454,-0.703222992277378,-0.911926874750489,-0.537684309292309,-0.859472140307702,1.22180238735417,0.0356439690308187,-1.53227762486855,-1.19359755748205,1.51611913233486,1.73296042394031,0.650889943121193,-1.48839128467508,-0.314552295019433,1.22132078851526,0.796196202988222,1.82803912078253,0.816812013267454,-0.703222992277378,-1.13737389273766,-1.37576308927524,-0.713271166217759,-0.984103154460113,0.87957726048006,0.215156068857709,-0.703222992277378
fault_point_0929,fault,multiclass,6,2.17746000601559e-32,nominal,-0.849133730699621,-0.960486583826534,-0.383033436261763,-0.383055619165278,-0.353660194521384,-0.324874650094424,-0.171087751617699,-0.388010220447584,0.511955331090608,0.0431376475699576,1.5551470353956,1.22364116273271,-1.22364116273271,-0.340154544874694,-0.595622958071812,-0.103476575367983,1.24819185946025,-0.45557275779399,0.720049216310464,0.796196202988222,-1.19359755748205,-0.852912783518019,-0.611044533412608,-0.887587977866106,-0.347771506774112,0.157999248272689,-1.0844557239824,0.622040873608651,2.08795552488874,0.816812013267454,0.385982349930674,0.792030104948238,-1.37576308927524,-0.796467826322652,-0.812605017373492,0.87957726048006,0.401668610443553,-0.158620321173352
fault_point_0934,fault,multiclass,6,3.8218533258367e-29,nominal,0.721856580623979,0.687332613967205,-0.147862087091507,-0.147884690066311,-0.345727463399471,-0.32155469823758,-0.166398231598353,-0.382390396054624,-0.608343764339911,-0.598882855432894,1.59664717602862,1.22364116273271,-1.22364116273271,-0.340154544874694,1.77565545525663,-0.729289399933413,1.29984124856711,-0.435220379895326,1.05300312039245,0.796196202988222,-1.19359755748205,-0.586856176167822,-0.460508295120389,-0.713271166217759,-0.319820033133969,-0.72727867849221,-0.917716295584075,0.0846350900574722,-0.989000930396876,0.816812013267454,-0.340154544874694,-0.11043305525968,-0.438370032696567,-0.0507792431602814,-0.571645698377434,0.87957726048006,1.51607270507096,0.204448126229332
fault_point_0577,fault,multiclass,3,1,nominal,-1.02198107546628,-0.84996212543793,-0.591463786214312,-0.591455295401696,0.753052537608825,0.299276298992147,0.0540092093109061,0.770173317959738,-1.35520982796026,-0.331374312515039,-0.699693938998285,-0.816812013267454,0.816812013267454,-0.703222992277378,-0.915263413955961,-0.0903629189742953,-0.639593312395624,1.38292537905192,0.664967953166036,-0.975663532929921,-1.19359755748205,1.60979032472733,1.78030147543083,0.856460526554975,-1.36939786832133,-0.385804732557078,1.22132078851526,0.732595359660879,-0.166877670168753,0.816812013267454,-0.521688768576036,-0.608343764339911,1.76854242992713,0.669818283779978,-0.561758887813682,0.87957726048006,0.66225232239086,-0.703222992277378
fault_point_1114,fault,multiclass,6,1.05991726011952e-30,nominal,-0.941318981241837,-1.02278218764557,-0.719460384231545,-0.71947753637341,-0.336827326043179,-0.178796768393311,-0.126537311433912,-0.364431943670037,1.04098545948835,0.685158150572809,-0.672027178576274,-0.816812013267454,0.816812013267454,0.385982349930674,-0.710066252819477,1.61368387573879,-0.129371132861391,-0.216432317484697,-0.525033963275149,-1.26464186133671,-1.19359755748205,-0.390007242763888,0.231543128642325,-0.499997188329821,-1.09327723943335,0.893378179085749,0.298656672360579,-2.12730833358209,-0.679370092129141,0.816812013267454,-0.703222992277378,-1.10625447342014,1.46348800954252,0.0258145074124767,-0.492551213867418,-1.19359755748205,-0.191901714209787,4.01666682395751
fault_point_0652,fault,multiclass,3,1,nominal,-1.02198107546628,-0.809771413296619,0.258364537788571,0.258368001453096,0.942083715806589,0.548272688255406,0.15952340974619,0.977206945874317,-1.32409040864274,-0.331374312515039,-0.699693938998285,-0.816812013267454,0.816812013267454,-0.703222992277378,-0.915263413955961,-0.175601685533265,-0.784949450310656,1.63224200831054,0.102234749847217,-1.69149315883566,-1.19359755748205,1.69560277026143,1.88910283938272,0.871647218478884,-1.44826095466316,-0.350178513788256,1.22132078851526,0.796196202988222,-0.559254680732175,0.816812013267454,-0.158620321173352,0.792030104948238,0.611712679897196,1.5112490551583,0.116501667656021,0.87957726048006,-1.09877307025688,-0.703222992277378
fault_point_0208,fault,multiclass,2,3.16909438362765e-31,nominal,-0.662842703562226,-0.741447202656391,-0.484353839185495,-0.484331401732764,-0.173916116173663,-0.13895734611119,0.0164930491561386,-0.186063519371508,0.325238815185522,0.1501410647371,-0.727360699420296,1.22364116273271,-1.22364116273271,-0.158620321173352,0.00695602243630092,0.686256954118543,-1.14133023514802,-0.277489451180687,-1.15887954363864,0.701435214943455,0.87957726048006,0.640629381516463,0.05401418555288,1.19122803983419,1.30835330640435,0.0188553372321923,1.22132078851526,-1.16689291420945,-0.154866129029056,0.816812013267454,0.02291390252799,-0.888418538197541,0.0258145074124767,-1.22851820670864,0.178864626596611,-1.19359755748205,1.42865537788761,-0.158620321173352
fault_point_0376,fault,multiclass,3,8.61120650834844e-30,nominal,0.694969215882499,0.647141901825895,-0.584940546720398,-0.584961401363049,-0.356368931977646,-0.341474409378641,-0.171087751617699,-0.385433572931534,2.37912049014147,2.77172478533208,-0.499109925938706,-0.816812013267454,0.816812013267454,-0.703222992277378,1.04395240749677,-1.14455518573352,0.476771340728448,-0.481013230167318,0.687575934307406,0.796196202988222,0.87957726048006,-0.984103154460113,-1.01863437585071,-0.887587977866106,0.432673567935303,3.10556470678756,-1.20818462844758,0.54520764005884,0.232506072726159,-1.22364116273271,-0.703222992277378,1.32106023334598,-0.380264428813785,-0.566026283651164,-1.56805874762941,-1.19359755748205,-0.911259566909395,-0.703222992277378
fault_point_0618,fault,multiclass,3,1,nominal,-1.01814002336035,-0.799723735261291,0.0164028434298517,0.0164124069406168,0.894874291568867,0.727550088524953,0.178281489823573,0.913163591060628,-1.35520982796026,-0.331374312515039,-0.71352731920929,-0.816812013267454,0.816812013267454,-0.703222992277378,-0.904920142419,0.531078686793239,-0.642544706058874,1.67294676410787,-0.286622525784342,-1.56642572866847,-1.19359755748205,1.67544888718917,1.90446791749807,0.986097650369212,-1.37079544200334,-0.408659287993682,1.22132078851526,0.796196202988222,-0.904920142419,0.816812013267454,-0.158620321173352,0.356358234503036,-0.325680376681474,0.759177659448196,-0.379359908310617,-1.19359755748205,1.34223901246591,2.20132458694409
fault_point_0022,fault,multiclass,1,1,nominal,-1.01429897125442,-1.1373257172483,-0.881561984032695,-0.881570180631362,-0.336827326043179,-0.328194601951267,-0.126537311433912,-0.368068530277916,0.511955331090608,0.20364277332067,1.57589710571211,-0.816812013267454,0.816812013267454,2.20132458694409,-0.936617264870977,-0.00293854301637713,-0.960926297481899,-0.475925135692653,0.33612459110975,0.796196202988222,0.87957726048006,-0.390007242763888,-0.792103291744767,0.130140478020199,1.21072280204699,0.254122819667815,-0.452849125950589,-0.208184900026808,-0.959639385388729,0.816812013267454,-0.703222992277378,0.138522299280435,0.930633210299284,1.69458984316723,-0.479749061727175,-1.19359755748205,-0.89557783264368,-0.703222992277378
fault_point_0838,fault,multiclass,5,5.3768519057715e-32,nominal,-0.975888450195168,-1.06900150660807,2.58931309755339,2.58935137932741,0.0259500118491529,0.0569198134425743,0.173591969804227,-0.0342482285281481,-1.75976227908795,0.524653024822096,1.63814731666163,1.22364116273271,-1.22364116273271,-0.176773743543486,-0.858875901383496,0.0415021814288978,-1.54751578805271,-0.335154521893566,-1.77669401010189,0.660457490383556,0.87957726048006,1.03267944656371,0.05401418555288,1.71351818382601,1.52817168124576,-0.951118883209531,1.22132078851526,0.796196202988222,-1.10678076435001,-1.22364116273271,-0.703222992277378,-0.546104925704882,0.611712679897196,0.253614886271111,-0.265027816919536,-1.19359755748205,-0.247955572861705,-0.703222992277378
fault_point_0247,fault,multiclass,2,6.57908755527627e-32,nominal,-0.178870138215591,-0.212939337998155,-0.171132966336553,-0.171148090586742,-0.311094320208683,-0.192076575820685,-0.117158271395221,-0.3431511775943,0.325238815185522,-0.277872603931468,-0.71352731920929,1.22364116273271,-1.22364116273271,-0.158620321173352,1.24547937550724,1.81621701337463,0.607001586119326,-0.140110900364711,0.0783936060981362,-0.238491342149233,-1.19359755748205,-0.0456166747931939,0.406580437442796,-0.0118220769206893,-0.69476908667817,-0.235905736605239,1.14678885320646,0.796196202988222,-0.905253796339547,0.816812013267454,0.385982349930674,-1.91535937567552,-1.55007990092358,0.0619104128548109,-0.984103154460113,0.87957726048006,-0.856873977860213,-0.703222992277378
fault_point_0548,fault,multiclass,3,8.3950304573392e-06,nominal,-1.00469634098961,-0.892162373186306,-0.783473898121496,-0.783472596812399,0.341904887997515,0.239517165568965,0.00945876912711971,0.340089855411498,-1.29297098932523,-0.170869186764326,-0.699693938998285,-0.816812013267454,0.816812013267454,-0.703222992277378,-0.870887442523193,-0.236070212237492,-0.72961081912473,1.0081024194182,0.305295525916973,-1.16646606291195,-1.19359755748205,1.35780340933324,1.58782272660754,0.591683854316388,-1.41811329380844,-0.380427190101407,1.22132078851526,0.796196202988222,0.685941750749706,0.816812013267454,0.02291390252799,0.854268943583267,1.01250928849775,-0.713271166217759,-0.652387984648075,0.87957726048006,2.11931899342017,-0.703222992277378
fault_point_0276,fault,multiclass,2,1.11017451455218e-31,nominal,-1.03926580994294,-1.12526850360591,0.06876964741481,0.0687467463329456,-0.317479201355588,-0.205356383248059,-0.133571591462931,-0.346645267786519,0.0451640413278918,0.257144481904241,-0.71352731920929,1.22364116273271,-1.22364116273271,-0.158620321173352,-0.958972077547634,-0.434232131075439,-0.261077075083893,-0.216432317484697,-0.207700118890833,-1.17372253496943,-1.19359755748205,-0.113176546978833,0.231543128642325,-0.566026283651164,-1.16455349721571,0.123717415117784,0.176400731043788,0.796196202988222,-0.292998852135567,0.816812013267454,0.02291390252799,0.605313589043152,0.776125127247341,-0.325680376681474,-0.896262645220624,0.87957726048006,0.502432094448786,-0.703222992277378
fault_point_0537,fault,multiclass,3,0.999698528495651,nominal,-1.01429897125442,-0.872067017115651,-0.865510847738238,-0.865509006742998,0.391629568444624,0.199677743286843,0.0118035291367927,0.394461022011531,-1.41744866659529,-0.170869186764326,-0.672027178576274,-0.816812013267454,0.816812013267454,-0.703222992277378,-0.896245140484774,-0.0393653663321763,-0.87607372966348,1.18957778901462,0.860218699386956,-1.19250399205939,-1.19359755748205,1.39519583390128,1.68914918769251,0.591683854316388,-1.49737568691655,-0.365638948348311,1.22132078851526,0.796196202988222,0.226166648235764,0.816812013267454,-0.158620321173352,0.511955331090608,-0.178435494114879,1.01250928849775,-0.905388931894856,0.87957726048006,-1.05773363802958,0.02291390252799
fault_point_1095,fault,multiclass,6,2.40297961805362e-32,nominal,-0.384366425882615,-0.468150360095478,0.644773497972558,0.644753006221326,-0.333151182352537,-0.291675131525989,-0.135916351472604,-0.364562728051533,0.636433008360666,-0.277872603931468,-0.672027178576274,-0.816812013267454,0.816812013267454,-0.703222992277378,0.710965794790741,0.687714027051176,-0.0397225503401907,-0.39112356111489,-0.111924489691939,0.796196202988222,0.87957726048006,-0.325616220117913,-0.393649441699569,-0.0118220769206893,0.71218830433673,0.129767150380414,-0.0192087750630786,0.796196202988222,-0.822507624043859,-1.22364116273271,0.385982349930674,1.04098545948835,0.0966857363907185,-1.76335387881152,0.0314497460114368,-1.19359755748205,0.328598401843732,-0.703222992277378
fault_point_0140,fault,multiclass,1,1.35086198752749e-31,nominal,1.08483600463395,1.05306809445313,-0.129021555885607,-0.129039774720908,-0.350371013324493,-0.324874650094424,-0.147640151520969,-0.383364446895919,0.792030104948238,0.20364277332067,1.63814731666163,-0.816812013267454,0.816812013267454,-0.340154544874694,1.07298029858437,-0.77154451497974,-0.998925490896235,-0.506453702540647,-0.747825341068283,0.796196202988222,0.87957726048006,-0.726665817857801,-1.15754298746105,-0.225096054808628,1.23128710051081,0.434942684739765,-1.05057757156931,0.0201805441351307,-1.09209999184594,0.816812013267454,-0.703222992277378,0.885388362900781,0.742010094664647,-0.988392396723356,-0.607897337111191,-1.19359755748205,-0.904920142419,-0.158620321173352
fault_point_0516,fault,multiclass,3,1,nominal,-1.01814002336035,-0.841923983009668,0.43424856602287,0.434247491558804,0.715710656961774,0.422114517695355,0.117317729572076,0.756085692866306,-1.32409040864274,-0.170869186764326,-0.395359574356165,-0.816812013267454,0.816812013267454,-0.703222992277378,-0.911593220829942,-0.256469233294339,-0.774619572489283,1.3456126862377,0.207875679907799,-1.64283211092078,-1.19359755748205,1.59103073545252,1.79192910211271,0.776125127247341,-1.44247100655199,-0.265482220111431,1.22132078851526,-0.152267380054445,-1.0967711467336,0.816812013267454,-0.703222992277378,0.978746620853325,0.688306430469954,0.856460526554975,-0.551998831231516,0.87957726048006,-0.921269184525809,0.02291390252799
fault_point_0308,fault,multiclass,2,1.11237551780371e-31,nominal,-1.03734528388998,-1.14134478846243,0.411687714573465,0.41173525042344,-0.10116716734832,0.00712053558992239,0.143110089678479,-0.109115454914939,0.0140446220103774,0.0966393561535286,-0.71352731920929,1.22364116273271,-1.22364116273271,-0.158620321173352,-0.954300922659974,0.591547213497466,-1.61539784230745,-0.328370395927345,-1.82437629760005,0.766743463460795,0.87957726048006,0.81707092388496,-0.118323852767868,1.65519248295882,1.56490790374423,-0.0779404269698923,1.22132078851526,0.796196202988222,-0.94896245993122,-1.22364116273271,-0.158620321173352,-0.359388409799796,-0.0914971852751102,1.92679216171395,0.719343604081719,0.87957726048006,-0.915263413955961,-0.703222992277378
fault_point_0244,fault,multiclass,2,7.78107892089217e-31,nominal,-1.0623121225785,-1.19359271424614,-0.190788338965068,-0.190808405504682,-0.355014563249515,-0.32155469823758,-0.157019191559661,-0.396681029740229,-1.35520982796026,-3.1669648674443,-0.71352731920929,1.22364116273271,-1.22364116273271,-0.158620321173352,-1.01802882148448,-0.209842899450116,-0.722232334966607,-0.49118941911665,-0.865386843003405,0.796196202988222,0.87957726048006,-0.914641972550676,-1.15754298746105,-0.438370032696567,1.0815470631529,-3.08465885249715,-1.13011758158265,0.796196202988222,1.29886400279478,0.816812013267454,-0.158620321173352,0.511955331090608,0.363003087520136,-1.10086195575404,-0.7200746108153,-1.19359755748205,1.15372454735678,-0.158620321173352
fault_point_0605,fault,multiclass,3,1,nominal,-1.02198107546628,-0.811780948903685,-0.0695809591080522,-0.0695736474985623,0.922348628625247,0.448674132550103,0.117317729572076,0.936595467411127,-1.35520982796026,0.1501410647371,-0.71352731920929,-0.816812013267454,0.816812013267454,-0.703222992277378,-0.914929760035413,0.0662724212836414,-0.714484926600577,1.62376185085276,0.402715371926148,-1.35428063381149,-1.19359755748205,1.68723700747672,1.88391193461403,0.916106809328588,-1.40992750509954,-0.430169457816367,1.22132078851526,0.796196202988222,-0.90024898753134,0.816812013267454,-0.703222992277378,-1.32409040864274,-0.713271166217759,-0.274177682330827,0.0413365565751889,-1.19359755748205,2.1329988041626,-0.158620321173352
fault_point_1190,fault,multiclass,6,6.17212425198979e-33,nominal,0.623909751922874,0.574798619971535,-0.52069880961042,-0.520717269320009,-0.3519188632995,-0.318234746380737,-0.159363951569334,-0.385033411764269,0.605313589043152,0.0966393561535286,-0.71352731920929,-0.816812013267454,0.816812013267454,-0.703222992277378,1.11768992393769,-0.285610691946979,-0.138225313851139,-0.465748946743321,-0.454332640433047,0.796196202988222,0.87957726048006,-0.78243756975589,-0.898205385216939,-0.499997188329821,0.765495757636146,0.50619512227741,-1.05057757156931,-1.13487906689703,-0.92460572373128,-1.22364116273271,0.02291390252799,0.418597073138065,-0.636897512629406,0.958805624303057,-0.914641972550676,0.87957726048006,-0.346717133343655,0.385982349930674
fault_point_0517,fault,multiclass,3,1.00021441597105e-30,nominal,-1.02198107546628,-0.84996212543793,0.440251118466647,0.440311427149734,1.31859822222711,1.54757819716529,0.560477371400267,1.54338814941801,-1.16849331205517,0.578154733405667,-0.395359574356165,-0.816812013267454,0.816812013267454,-0.703222992277378,-0.921269184525809,1.81767408630727,1.36145159128744,1.32186824535593,-1.40016836054744,-1.27189833339419,0.87957726048006,1.83490539602507,1.78030147543083,1.79781532885293,-0.0460952448437139,0.172115297218826,1.22132078851526,0.796196202988222,-0.627320080523789,0.816812013267454,-0.703222992277378,-0.795060280244998,0.871647218478884,-0.713271166217759,-0.973582573988428,0.87957726048006,1.02460048010504,0.02291390252799
fault_point_0651,fault,multiclass,3,1,nominal,-1.01814002336035,-0.803742806475423,0.252361985344794,0.252369433070469,0.975749452762998,0.468593843691163,0.122007249591422,1.00802325976513,-1.41744866659529,-0.170869186764326,-0.699693938998285,-0.816812013267454,0.816812013267454,-0.703222992277378,-0.905253796339547,0.188666547624727,-0.646602872345842,1.64411422875143,0.366131547897386,-1.25909279446922,-1.19359755748205,1.70967246221754,1.89429374415142,0.972451637336135,-1.37319128260106,-0.368327719576146,1.22132078851526,0.796196202988222,-0.814166276030181,0.816812013267454,0.113681014378661,-0.017074797307137,0.986097650369212,0.193968603497498,0.3072664099438,0.87957726048006,-0.812498006427445,-0.703222992277378
fault_point_0882,fault,multiclass,6,6.76509165624349e-30,nominal,1.46125911101467,1.46502289390157,-0.890614838427107,-0.890626920043817,-0.323670601255617,-0.308274890810206,-0.142950631501623,-0.355425389398027,0.387477653820551,-0.331374312515039,1.57589710571211,1.22364116273271,-1.22364116273271,-0.158620321173352,0.238178189375461,-0.611266492390224,0.409627134889525,-0.414868001996663,0.735669276008138,0.796196202988222,0.87957726048006,-0.187581134170146,-0.331358584475202,-0.133975903265174,0.469010483667488,-0.0819735838116458,-0.115835157597795,0.796196202988222,1.22379187067168,-1.22364116273271,0.385982349930674,-1.72864285977043,0.916106809328588,-0.178435494114879,1.65453448022739,-1.19359755748205,-0.625318157000506,1.74748902769074
fault_point_1112,fault,multiclass,6,2.05031776894096e-31,nominal,1.07523337436914,1.08723019977325,-0.76780651494516,-0.767826730100925,-0.344760057165092,-0.22527609438912,-0.157019191559661,-0.374607749352738,1.10322429812338,0.578154733405667,-0.658193798365269,-0.816812013267454,0.816812013267454,0.385982349930674,-0.103817079185346,1.03012616621969,-0.919975710404314,-0.218128348976253,0.10634529187292,-1.07127822356969,-1.19359755748205,-0.561758887813682,0.231543128642325,-0.988392396723356,-1.52113443951068,0.914216156101476,-0.496154242513404,0.796196202988222,-1.01369132051736,0.816812013267454,-0.158620321173352,0.16964171859795,2.19310951284337,0.871647218478884,-0.542365528630938,-1.19359755748205,-0.940287457996995,-0.703222992277378
fault_point_0683,fault,multiclass,3,1,nominal,-1.01814002336035,-0.81379048451075,0.614300344714753,0.614311046506316,0.897389547778254,0.81054888494604,0.241590010084743,0.935801001093679,-1.29297098932523,0.20364277332067,-0.699693938998285,-0.816812013267454,0.816812013267454,-0.703222992277378,-0.905253796339547,0.809379616925945,-0.389831623643147,1.58305709505544,-0.523389746464867,-1.6364293414583,-1.19359755748205,1.67646291904186,1.86833922030793,1.10010788829073,-1.23423252793293,-0.326651765544693,1.22132078851526,0.796196202988222,1.36426017122202,-1.22364116273271,-0.703222992277378,0.449716492455579,1.27442469993908,-0.499997188329821,-0.836434765911766,0.87957726048006,0.807725431749408,-0.703222992277378
fault_point_1161,fault,multiclass,6,1.7256568264665e-31,nominal,-0.987411606512945,-1.0790491846434,-0.353734082923258,-0.353750823470573,-0.314190020158698,-0.268435468528085,-0.135916351472604,-0.341072291530215,0.325238815185522,0.257144481904241,1.62431393645063,1.22364116273271,-1.22364116273271,0.02291390252799,-0.882231675821795,0.169724599500511,0.968547309867374,-0.324978332944234,0.672777983014873,-0.0575063920096782,-1.19359755748205,-0.0773051701898348,0.0924268808412399,-0.225096054808628,-0.499108771197171,0.303865087382775,0.53167944243668,0.796196202988222,-0.147859396697566,-1.22364116273271,2.20132458694409,0.66755242767818,0.0258145074124767,0.571214834766772,-0.861278546302732,0.87957726048006,0.21615703061935,-0.703222992277378
fault_point_1075,fault,multiclass,6,1.97008356880486e-29,nominal,0.621989225869911,0.574798619971535,4.89876021242103,4.89870271933679,-0.356755894471398,-0.334834505664954,-0.173432511627372,-0.391000693170757,0.854268943583267,-0.170869186764326,-0.685860558787279,-0.816812013267454,0.816812013267454,-0.703222992277378,1.13070242683903,-0.229513384040648,1.58354396444696,-0.453876726302434,0.853641832145831,0.796196202988222,-0.157010148500994,-1.00565133132983,-0.792103291744767,-0.988392396723356,-0.166286581496328,0.467880132280752,-1.17607403181257,-1.36922042922395,-0.905253796339547,0.816812013267454,-0.521688768576036,-1.13737389273766,-0.796467826322652,1.8262078398411,1.92591475480422,-1.19359755748205,1.56745540883522,-0.703222992277378
fault_point_0579,fault,multiclass,3,1,nominal,-1.01814002336035,-0.843933518616733,-0.579468824580981,-0.579458722146858,0.848051829824897,0.266076780423712,0.061043489339925,0.869284455065721,-1.29297098932523,-0.277872603931468,-0.699693938998285,-0.816812013267454,0.816812013267454,-0.703222992277378,-0.905253796339547,-0.213485581781696,-0.5783518938832,1.3947975994928,0.851586561132979,-0.92700248501504,-1.19359755748205,1.65453448022739,1.78611528877177,0.901580408357893,-1.33625540671945,-0.387821310977955,1.22132078851526,0.796196202988222,-0.911593220829942,-1.22364116273271,0.02291390252799,1.53889616856858,-0.887587977866106,-0.713271166217759,-0.450849153925439,0.87957726048006,-0.861211478827326,-0.703222992277378
fault_point_0978,fault,multiclass,6,9.61278423536936e-32,nominal,-1.06423264863146,-1.1956022498532,0.441105969392033,0.441089071524372,-0.342825244696333,-0.318234746380737,-0.126537311433912,-0.375331943465204,0.698671846995695,-0.170869186764326,-0.741194079631301,-0.816812013267454,0.816812013267454,-0.703222992277378,-1.02303363029268,-0.840755479279758,-1.34239392845688,-0.49118941911665,-0.968150393645994,0.796196202988222,0.87957726048006,-0.51460640666348,-1.15754298746105,0.130140478020199,1.41716440021776,0.20101958791806,-0.845541101312717,0.313000534219411,-0.508872938729559,0.816812013267454,-0.176773743543486,0.543074750408123,-1.55007990092358,-0.713271166217759,-0.51460640666348,-1.19359755748205,-0.10448438702644,-0.703222992277378
fault_point_0731,fault,multiclass,3,6.67254410649116e-27,nominal,-0.649399021191486,-0.548531784378099,-0.874733319883832,-0.87473085470746,0.279797407750348,0.189717887716313,0.0235273291851575,0.114894766520158,-1.54192634386534,-1.45491019277003,1.45831337391856,-0.816812013267454,0.816812013267454,-0.703222992277378,-0.175886326023525,-0.258654842693288,-0.524488959528899,0.5722223260885,0.214452547148924,-1.2693372256092,-1.19359755748205,1.30735532466179,1.48151299694462,0.611712679897196,-1.30710601278044,-1.66969299384862,1.22132078851526,0.46794755521153,1.15439185519787,0.816812013267454,-0.703222992277378,0.823149524265753,-0.274177682330827,-0.713271166217759,1.68153307830533,-1.19359755748205,0.142085860257888,-0.703222992277378
fault_point_0659,fault,multiclass,3,1,nominal,-1.0258221275722,-0.815800020117816,0.322352693542964,0.322357426787921,0.848825754812401,0.508433265973285,0.114972969562403,0.874588054536257,-1.32409040864274,-0.224370895347897,-0.71352731920929,-0.816812013267454,0.816812013267454,-0.703222992277378,-0.92460572373128,0.3059609187016,-0.714484926600577,1.62376185085276,0.204998300489806,-1.33806028450653,-1.19359755748205,1.65491474217215,1.88391193461403,0.916106809328588,-1.40992750509954,-0.368327719576146,1.22132078851526,0.749669411560837,1.20677552072377,0.816812013267454,-0.703222992277378,0.480835911773094,-1.55007990092358,-0.0507792431602814,1.70079968350648,-1.19359755748205,0.905486030469716,-0.703222992277378
fault_point_1219,fault,multiclass,6,3.04792922591674e-30,nominal,0.938876024608779,0.92847688681507,0.987368671538434,0.987340854405756,-0.342244800955705,-0.275075372241772,-0.147640151520969,-0.379681012151384,-0.11043305525968,-1.18740164985217,-0.658193798365269,1.22364116273271,-1.22364116273271,0.02291390252799,0.282554160808229,1.42207878509769,0.845695548634619,-0.316498175486458,0.325437181842921,-0.0575063920096782,-1.19359755748205,-0.501297238596891,-0.0720209822310886,-0.438370032696567,-0.565593347784082,-0.880538638478844,-0.164442941494833,0.369344905489272,-0.915263413955961,0.816812013267454,-0.340154544874694,-0.0793136359421659,-0.887587977866106,0.944719417301171,1.45033381589143,-1.19359755748205,1.62150734396385,0.385982349930674
fault_point_0665,fault,multiclass,3,1.41326380287766e-06,nominal,-1.01814002336035,-0.81379048451075,0.360345379265073,0.360349862572336,0.74666765646192,0.594752014251215,0.180626249833246,0.772640653156924,-1.38632924727777,-0.277872603931468,-0.699693938998285,-0.816812013267454,0.816812013267454,-0.703222992277378,-0.905253796339547,0.575519411238514,-0.69013592887877,1.58305709505544,-0.0798622618914518,-1.71155516981811,-1.19359755748205,1.60662147518767,1.86833922030793,0.916106809328588,-1.39675038181204,-0.342784392911707,1.22132078851526,0.718509266843413,-1.0380480567173,0.816812013267454,-0.176773743543486,0.792030104948238,0.591683854316388,-0.887587977866106,-0.0248290218129975,-1.19359755748205,-0.571266221871872,-0.703222992277378
fault_point_0596,fault,multiclass,3,1,nominal,-1.01814002336035,-0.811780948903685,-0.12757163404578,-0.127562813919511,0.872623948178137,0.395554902840607,0.0985596494946925,0.887377595843193,-1.4485680859128,-0.331374312515039,-0.699693938998285,-0.816812013267454,0.816812013267454,-0.703222992277378,-0.905253796339547,0.301589699903704,-0.65545705333559,1.59492931549632,0.568781269764573,-1.15024571360699,-1.19359755748205,1.66556207662542,1.87353012507663,0.944719417301171,-1.37798296379652,-0.419414372905024,1.22132078851526,0.796196202988222,0.270876273589079,-1.22364116273271,1.16657951184644,-1.38632924727777,-0.988392396723356,0.336811546376004,0.457976894050224,-1.19359755748205,-0.362732521529917,-0.703222992277378
fault_point_1165,fault,multiclass,6,1.17458322247198e-31,nominal,0.11304982183476,0.0623670401698237,-0.875971360413214,-0.87598466538396,-0.317285720108712,-0.285035227812302,-0.147640151520969,-0.346202162493986,0.138522299280435,0.257144481904241,1.5551470353956,1.22364116273271,-1.22364116273271,-0.158620321173352,1.3896178691836,-0.601795518328116,1.39908186049387,-0.374163246199337,0.494380459099338,0.796196202988222,0.87957726048006,-0.111021729291861,-0.118323852767868,-0.225096054808628,-0.0664598899243894,0.147244163361346,0.12190109455317,0.605820524303691,-1.10678076435001,0.816812013267454,-0.703222992277378,-0.297149571164767,0.0258145074124767,-0.0507792431602814,-0.0593061048045425,0.87957726048006,1.31354477529885,-0.340154544874694
fault_point_0132,fault,multiclass,1,2.8854810908626e-31,nominal,1.72629170632354,1.74836741449781,0.0681108994044105,0.0681302659373989,-0.217255915473867,-0.205356383248059,0.0141482891464656,-0.253628292457131,-0.67058260297494,-0.170869186764326,1.65198069687264,-0.816812013267454,0.816812013267454,0.204448126229332,-0.281320964916418,0.76129621014909,-1.35936444202056,-0.386035466640224,-1.02980852403155,0.796196202988222,0.87957726048006,0.50018596991855,-0.166910721402874,1.20201279207,1.42634845584238,-0.637204842359715,1.2207316032559,-1.45202958093875,-0.920935530605262,-1.22364116273271,-0.340154544874694,1.53889616856858,-1.76335387881152,-0.796467826322652,-0.973582573988428,0.87957726048006,-0.915263413955961,-0.703222992277378
fault_point_0601,fault,multiclass,3,1,nominal,-1.01814002336035,-0.817809555724881,-0.0935776445441967,-0.0935713020915689,0.859660704637451,0.770709462663918,0.213452889968668,0.875224408392493,-1.35520982796026,-0.170869186764326,-0.699693938998285,-0.816812013267454,0.816812013267454,-0.703222992277378,-0.905253796339547,0.0247458427036304,-0.716698471848014,1.55761662268211,-0.478173784182128,-1.90235769980014,-1.19359755748205,1.65985814745402,1.85774977457979,0.886833910402793,-1.4111254253984,-0.414036830449353,1.22132078851526,-1.54465631249602,-1.0096874734708,0.816812013267454,2.20132458694409,3.31270306966691,-0.225096054808628,0.916106809328588,-0.532985733993532,0.87957726048006,-0.363733483291558,-0.521688768576036
fault_point_1043,fault,multiclass,6,1.0265659701807e-32,nominal,0.777551836159901,0.737571004143844,-0.516751956689258,-0.516774950446843,-0.357723300705778,-0.338154457521797,-0.178122031646718,-0.39361833280638,0.0451640413278918,-0.224370895347897,1.62431393645063,1.22364116273271,-1.22364116273271,0.385982349930674,1.68623620455,-0.936193756367152,0.763794374479449,-0.475925135692653,1.18988416984838,0.796196202988222,-1.19359755748205,-1.06370465489647,-0.792103291744767,-1.22851820670864,-0.609916398842022,-0.396559817468421,-1.2276277420064,0.66301859816855,-1.06340575467889,0.816812013267454,-0.703222992277378,0.511955331090608,-1.10086195575404,-0.274177682330827,-0.571645698377434,0.87957726048006,-0.915263413955961,-0.158620321173352
fault_point_1208,fault,multiclass,6,1.28091871161571e-31,nominal,0.954240233032482,0.938524564850397,0.638266600388227,0.638239389318105,-0.346114425893223,-0.291675131525989,-0.159363951569334,-0.382021466978463,0.16964171859795,-0.331374312515039,-0.658193798365269,1.22364116273271,-1.22364116273271,0.02291390252799,0.258197424608288,0.806465471060681,0.715465303243741,-0.353810868300674,0.401893263521008,0.227203423422122,-1.19359755748205,-0.59725000265792,-0.21840449670835,-0.636897512629406,-0.63607099203387,-0.535031535701959,-0.64109381631548,-0.152267380054445,0.209483952208408,0.816812013267454,-0.158620321173352,-0.514985506387368,-0.796467826322652,-0.636897512629406,-0.618671425546049,0.87957726048006,-0.988333622555782,-0.703222992277378
fault_point_0545,fault,multiclass,3,0.999993619829718,nominal,-1.0258221275722,-0.878095623936847,-0.811489566286614,-0.811487517163954,0.501720397917017,0.355715480558486,0.0540092093109061,0.515926528324939,-1.38632924727777,-0.170869186764326,-0.685860558787279,-0.816812013267454,0.816812013267454,-0.703222992277378,-0.925273031572374,-0.461916516795447,-0.87607372966348,1.23028254481194,0.193077728615266,-1.53953409692603,-1.19359755748205,1.46985392905576,1.70825171724131,0.611712679897196,-1.49737568691655,-0.331357115193406,1.22132078851526,0.796196202988222,-0.920935530605262,-1.22364116273271,-0.340154544874694,0.605313589043152,0.776125127247341,2.31108149648417,-0.270858500072518,0.87957726048006,-0.904252834577905,-0.703222992277378
fault_point_0475,fault,multiclass,3,9.59951383371805e-28,nominal,-1.01814002336035,-0.855990732259126,0.0120575860233584,0.0121094414009513,1.77908358979178,1.59737747501794,0.635509691709802,2.07774190012142,-1.6664040211354,0.685158150572809,-0.395359574356165,-0.816812013267454,0.816812013267454,-0.703222992277378,-0.911593220829942,0.603203796958521,1.46143005163002,1.26081111165994,-1.4630596535407,-1.71198202111561,-1.19359755748205,1.96787032270937,1.75102477253538,1.67522130853963,-0.232371851316951,0.178837225288416,1.22132078851526,0.796196202988222,1.61149772634744,-1.22364116273271,1.16657951184644,-1.72864285977043,-1.37576308927524,0.50672641833626,0.389910005938239,-1.19359755748205,1.63018234589808,-0.521688768576036
fault_point_0747,fault,multiclass,4,7.99467091526579e-31,nominal,0.779472362212864,0.729532861715582,-0.191119121755577,-0.191144821223276,-0.364108181852683,-0.354754216806015,-0.180466791656391,-0.399671502463402,1.25882139471095,0.685158150572809,-0.699693938998285,-0.816812013267454,0.816812013267454,-0.521688768576036,0.745665802527642,0.625059890948001,0.353919579495693,-0.514933859998424,0.778829967278026,0.796196202988222,0.87957726048006,-1.79127250920335,-1.52319031936808,-1.37576308927524,0.499158144522214,1.00092902819918,-1.32602168031919,0.796196202988222,-0.905253796339547,0.816812013267454,0.02291390252799,-1.38632924727777,-0.274177682330827,0.484276525927003,-1.05153627266416,0.87957726048006,1.74329102496355,-0.703222992277378
fault_point_0599,fault,multiclass,3,1,nominal,-1.02198107546628,-0.819819091331947,-0.105577114290516,-0.105567875346407,0.871656541943758,0.38891499912692,0.0962148894850195,0.884332466960589,-1.41744866659529,-0.598882855432894,-0.71352731920929,-0.816812013267454,0.816812013267454,-0.703222992277378,-0.914929760035413,0.31688896569634,-0.617088935713348,1.5728809061061,0.559738077308025,-1.09688930141962,-1.19359755748205,1.66518181468066,1.86314831553924,0.958805624303057,-1.35721901194955,-0.42815287939549,1.22132078851526,0.796196202988222,0.398999379079176,0.816812013267454,-0.703222992277378,-2.28879240748569,0.669818283779978,1.20201279207,-0.325616220117913,0.87957726048006,0.385319568336744,-0.521688768576036
fault_point_1021,fault,multiclass,6,9.52741599155018e-31,nominal,-0.58410113539075,-0.679151598837359,0.0763128474723018,0.0762910237877705,-0.336633844796303,-0.308274890810206,-0.157019191559661,-0.368437459354077,0.262999976550493,0.0966393561535286,1.36147971244153,1.22364116273271,-1.22364116273271,0.02291390252799,-0.0307468705855245,-1.12634177407562,0.89181107462289,-0.433524348403771,0.302829200701551,0.796196202988222,0.87957726048006,-0.386458131279464,-0.460508295120389,-0.438370032696567,0.208063511898441,0.149932934589182,-0.699717749621604,0.796196202988222,1.08465818580352,0.816812013267454,-0.703222992277378,0.0762834606454063,-0.566026283651164,-2.03847510931712,-2.01448627077729,0.87957726048006,-0.983662467668122,0.385982349930674
fault_point_0653,fault,multiclass,3,0.999999999996854,nominal,-1.01814002336035,-0.81379048451075,0.264365399689978,0.264366569835723,0.799294555612167,0.568192399396467,0.150144369707498,0.815680426703421,-1.41744866659529,-0.331374312515039,-0.685860558787279,-0.816812013267454,0.816812013267454,-0.703222992277378,-0.905587450260094,-0.057578777990076,-0.840288081496581,1.57966503207233,-0.0112162100622019,-1.75893566384049,-1.19359755748205,1.63209902548657,1.86833922030793,0.808919577923608,-1.4780093087516,-0.398576395889298,1.22132078851526,0.796196202988222,1.94415068513293,0.816812013267454,0.385982349930674,0.356358234503036,0.437615965233254,-0.178435494114879,-1.40974302462779,0.87957726048006,-0.797149926082277,-0.158620321173352
fault_point_0629,fault,multiclass,3,1,nominal,-1.02198107546628,-0.815800020117816,0.0923921594729345,0.0923984055302798,0.896035179050123,0.55159264011225,0.119662489581749,0.913645736467041,-1.4485680859128,-0.331374312515039,-0.699693938998285,-0.816812013267454,0.816812013267454,-0.703222992277378,-0.915263413955961,0.104156317532072,-0.698252261452705,1.59492931549632,0.0483866493104998,-1.37007413181895,-1.19359755748205,1.67595590311552,1.87353012507663,0.916106809328588,-1.40114275624121,-0.412020252028476,1.22132078851526,0.796196202988222,-0.716405677309872,-1.22364116273271,-0.703222992277378,-0.11043305525968,-0.499997188329821,0.336811546376004,-0.332080673178828,0.87957726048006,-0.911259566909395,0.385982349930674
fault_point_0522,fault,multiclass,3,1,nominal,-1.02198107546628,-0.878095623936847,0.514282222930485,0.514280621959085,0.651474882998972,0.259436876710025,0.0563539693205791,0.678637914952078,-1.19961273137269,-0.170869186764326,-0.409192954567171,-0.816812013267454,0.816812013267454,-0.703222992277378,-0.920935530605262,-0.467744808525975,-0.624836344079378,1.15396112769196,0.562615456726017,-1.19847991022437,-1.19359755748205,1.55744093033208,1.69558590960569,0.776125127247341,-1.36141173299557,-0.30984694537072,1.22132078851526,0.796196202988222,-0.941622073679184,0.816812013267454,0.749050797333358,-1.91535937567552,0.871647218478884,-0.133975903265174,-0.70714570469347,0.87957726048006,1.99086223400952,0.385982349930674
fault_point_1137,fault,multiclass,6,6.69251105325899e-28,nominal,0.474108719791773,0.42408344944162,-0.559636508517678,-0.559655275583151,-0.344760057165092,-0.328194601951267,-0.161708711579007,-0.378152591693,0.0451640413278918,0.1501410647371,-1.05936182448443,-0.816812013267454,0.816812013267454,-0.703222992277378,1.33056112524676,-1.03090349698823,0.792939386904036,-0.42334815945444,0.96832595466296,0.796196202988222,0.87957726048006,-0.561758887813682,-0.611044533412608,-0.566026283651164,0.261570618581,0.0625478696845223,-0.925670296585409,-1.73375143728806,-0.331369052998487,0.816812013267454,0.385982349930674,-1.79088169840546,-0.887587977866106,0.413405296948762,1.67367433144696,0.87957726048006,1.37493709667953,0.02291390252799
fault_point_1160,fault,multiclass,6,1.6546068568592e-31,nominal,-0.762710058316293,-0.833885840581405,-0.361894894460132,-0.361907073237614,-0.302968107839895,-0.142277297968033,-0.0984001913178368,-0.330107875547147,0.511955331090608,-0.224370895347897,1.61048055623962,1.22364116273271,-1.22364116273271,0.02291390252799,-0.42045464978457,1.32518343507766,1.45626511271933,-0.275793419689132,-0.781942839881622,-0.557349261380949,-1.19359755748205,0.0298019442508114,0.263103829636004,0.0966857363907185,-0.235166998680965,0.116995487048195,1.12587277649925,-1.44733421666626,0.532460947298027,-1.22364116273271,-0.158620321173352,0.200761137915464,-1.22851820670864,-0.274177682330827,-0.220917431327412,0.87957726048006,1.26016014801131,-0.158620321173352
fault_point_0754,fault,multiclass,4,6.33297588373599e-30,nominal,0.0957650873580944,0.0181572568143819,-0.148006346707129,-0.148034020326658,-0.364108181852683,-0.351434264949171,-0.187501071685409,-0.399718350600057,0.885388362900781,0.578154733405667,-0.699693938998285,-0.816812013267454,0.816812013267454,-0.521688768576036,1.94481799297402,-0.589410398400744,-0.261077075083893,-0.49118941911665,1.60093837241874,0.796196202988222,-1.19359755748205,-1.79127250920335,-1.15754298746105,-2.03847510931712,-1.16455349721571,0.895394757506626,-1.33957294128443,0.796196202988222,-1.09476922321032,0.816812013267454,-0.703222992277378,-0.203791313212224,0.901580408357893,-1.76335387881152,-0.51017001730795,-1.19359755748205,1.42732076220542,-0.521688768576036
fault_point_0060,fault,multiclass,1,1.78343369396469e-30,nominal,1.31337860493653,1.29220283169393,-0.52524186047427,-0.525260290297063,-0.354047157015135,-0.338154457521797,-0.159363951569334,-0.389033071431228,0.449716492455579,-0.38487602109861,-0.685860558787279,1.22364116273271,-1.22364116273271,0.385982349930674,-0.620980656033394,-0.912880589445041,-0.630001282990064,-0.49118941911665,-0.0432784378626899,0.796196202988222,0.87957726048006,-0.869771063069032,-1.15754298746105,-0.499997188329821,1.03163371736693,-0.0846623550394816,-1.1489715098821,0.796196202988222,-0.901917257134075,0.816812013267454,-0.158620321173352,-1.13737389273766,0.972451637336135,-0.274177682330827,-0.887263112527978,-1.19359755748205,-0.517881594584331,-0.340154544874694
fault_point_0621,fault,multiclass,3,1,nominal,-1.02198107546628,-0.815800020117816,0.0364002691313465,0.036408010556318,0.909772347578312,0.677750810672301,0.204073849929976,0.935273959556305,-1.26185157000771,-0.331374312515039,-0.699693938998285,-0.816812013267454,0.816812013267454,-0.703222992277378,-0.915263413955961,0.182838255894199,-0.65545705333559,1.59492931549632,-0.259081894212128,-1.76491158200548,-1.19359755748205,1.68191334025009,1.87353012507663,0.944719417301171,-1.37798296379652,-0.381771575715325,1.22132078851526,-1.43666293422879,2.04825070834363,0.816812013267454,-0.521688768576036,0.387477653820551,-0.325680376681474,-0.566026283651164,-0.933528315807074,-1.19359755748205,-0.382418102842197,-0.158620321173352
fault_point_0424,fault,multiclass,3,1.40417075161267e-30,nominal,-1.02198107546628,-0.803742806475423,-0.378137062042463,-0.378080949209259,2.71708067464619,2.10201015725815,0.891088532764155,3.20293849430622,-1.6664040211354,0.578154733405667,-0.423026334778176,-0.816812013267454,0.816812013267454,-0.703222992277378,-0.920601876684714,-0.0852631637100831,0.965226991996218,1.60510550444566,-1.52184040450827,-2.09870929664966,-1.19359755748205,2.16750784370821,1.90446791749807,1.69458984316723,-0.500905651645465,0.247400891598226,1.22132078851526,0.796196202988222,-0.535898906293876,-1.22364116273271,0.02291390252799,0.636433008360666,-0.566026283651164,1.02549501057761,1.68242035617643,-1.19359755748205,0.42302246135857,-0.703222992277378
fault_point_0054,fault,multiclass,1,1.44229047297146e-32,nominal,1.95483430662612,1.97142586688208,1.22613862190151,1.22611374208638,-0.336633844796303,-0.304954938953363,-0.138261111482277,-0.376022953480872,-0.483866087069854,-1.18740164985217,1.31997957180851,1.22364116273271,-1.22364116273271,-0.176773743543486,-0.900582641451887,-0.407276281821748,-0.568390940269733,-0.462356883760211,-0.454332640433047,0.796196202988222,0.87957726048006,-0.386458131279464,-0.697005916382234,-0.0507792431602814,0.998291602381906,-1.17495908792685,-0.553010620041454,-0.92700248501504,-0.592953726707435,0.816812013267454,-0.158620321173352,1.07210487880587,-1.76335387881152,-0.225096054808628,-0.501297238596891,-1.19359755748205,-0.905587450260094,1.74748902769074
fault_point_0640,fault,multiclass,3,1,nominal,-1.01814002336035,-0.805752342082488,0.174377829304436,0.174384663033819,0.985423515106793,0.461953939977476,0.0938701294753465,1.01338932341787,-1.29297098932523,-0.277872603931468,-0.71352731920929,-0.816812013267454,0.816812013267454,-0.703222992277378,-0.904920142419,0.0145463321752066,-0.680174975265303,1.63563407129365,0.372708415138512,-1.11225594812959,-1.19359755748205,1.71360183564673,1.88910283938272,0.944719417301171,-1.39135974046716,-0.386476925364037,1.22132078851526,-1.54209520471103,0.807725431749408,0.816812013267454,-0.703222992277378,0.294119395868007,0.901580408357893,0.776125127247341,-0.0534754216515606,0.87957726048006,-0.905253796339547,-0.158620321173352
fault_point_0845,fault,multiclass,5,2.1274990124168e-31,nominal,0.09960613946402,0.0422716840991683,0.198716567813559,0.198760433116233,-0.172174784951779,-0.0426787422627295,0.119662489581749,-0.15806199769141,0.760910685630724,0.685158150572809,-0.672027178576274,-0.816812013267454,0.816812013267454,0.385982349930674,1.94548530081511,0.856005950770167,-1.66520261037478,-0.367379120233116,-1.84534006193114,0.796196202988222,0.87957726048006,0.645572786798339,-0.273220451065793,1.59312513335676,1.59186111046865,0.716591470855553,1.22132078851526,0.796196202988222,-0.896912448325868,0.816812013267454,4.01666682395751,1.16546313675841,1.58608202985582,-1.10086195575404,0.48801758768624,0.87957726048006,-0.915263413955961,0.02291390252799
fault_point_0066,fault,multiclass,1,3.53393519998984e-31,nominal,1.8472848476602,1.85688233727935,-0.348897441201051,-0.348891673149916,-0.292520120508596,-0.228596046245963,-0.0538497511340504,-0.328144157819006,-0.234910732529738,-0.652384564016465,1.19547914990946,1.22364116273271,-1.22364116273271,0.385982349930674,-0.73876048998653,-0.885924740191349,-1.55231180275549,-0.472533072709542,-1.64926720730508,0.796196202988222,0.87957726048006,0.113713080061117,-0.792103291744767,0.824986657785135,1.53076717522663,-0.586790381837796,0.72021872543125,0.677531542283514,-0.215257488648086,-1.22364116273271,-0.703222992277378,-0.266030151847252,0.856460526554975,-0.0914971852751102,0.271648541117976,-1.19359755748205,-1.02169901461049,-0.158620321173352
fault_point_0506,fault,multiclass,3,1,nominal,-1.02198107546628,-0.851971661044995,0.346208500448227,0.34620744165183,0.736800112871248,0.339115721274268,0.0821463294269817,0.771688074378264,-1.16849331205517,-0.170869186764326,-0.395359574356165,-0.816812013267454,0.816812013267454,-0.703222992277378,-0.921269184525809,-0.518013824701778,-0.772774951449752,1.30999602491504,0.467661935932265,-1.44648051407126,-1.19359755748205,1.60167806990579,1.77448766208989,0.759177659448196,-1.44147273963627,-0.298419667652419,1.22132078851526,0.529414142051378,1.52708328444902,-1.22364116273271,-0.703222992277378,-1.94647879499303,-0.499997188329821,-0.133975903265174,-0.215720518082362,-1.19359755748205,0.0303117968745999,-0.703222992277378
fault_point_1033,fault,multiclass,6,2.04779266632231e-31,nominal,-0.918272668606283,-1.03483940128796,1.6793769760507,1.67934517000061,-0.345533982152595,-0.314914794523893,-0.154674431549988,-0.377568941990501,0.543074750408123,0.257144481904241,1.3061461915975,1.22364116273271,-1.22364116273271,0.02291390252799,-0.730085488052305,-0.360649947977525,0.064314076289349,-0.462356883760211,-0.0917828337659923,0.796196202988222,0.87957726048006,-0.581786016904359,-0.697005916382234,-0.380264428813785,0.655886050290157,0.426204178249299,-0.862038288574742,-1.96766594831748,-0.998343240172195,-1.22364116273271,-0.521688768576036,0.449716492455579,-0.133975903265174,1.8752894673633,-1.20199324880742,-1.19359755748205,-0.292998852135567,-0.158620321173352
fault_point_0769,fault,multiclass,4,8.55413279221738e-30,nominal,0.449141881103256,0.391930879728572,-0.775833210120635,-0.775856190024274,-0.363334256865179,-0.344794361235484,-0.185156311675737,-0.398582283286163,0.916507782218296,0.952666693490664,-0.699693938998285,-0.816812013267454,0.816812013267454,-0.521688768576036,1.57112560196124,0.625059890948001,-0.261077075083893,-0.465748946743321,1.60093837241874,0.796196202988222,-1.19359755748205,-1.63295678620173,-0.898205385216939,-1.76335387881152,-1.16455349721571,1.12192373345178,-1.30716775201973,0.796196202988222,1.46035250033959,-1.22364116273271,-0.703222992277378,0.605313589043152,1.31338186617867,0.631521408493599,-0.270858500072518,-1.19359755748205,0.0136291008472435,-0.703222992277378
fault_point_0623,fault,multiclass,3,1,nominal,-1.01814002336035,-0.811780948903685,0.0503985234738053,0.0504056092998084,0.959883990519173,0.418794565838511,0.138420569659133,0.96748010150123,-1.4485680859128,-0.331374312515039,-0.699693938998285,-0.816812013267454,0.816812013267454,-0.703222992277378,-0.905253796339547,-0.0408224392648082,-0.676854657394148,1.59492931549632,0.478349345199094,-1.45843235040123,-1.19359755748205,1.70308125517504,1.87353012507663,0.930633210299284,-1.38956286001886,-0.461762519743437,1.22132078851526,-1.50239803404363,0.998909128222912,0.816812013267454,-0.340154544874694,0.605313589043152,-0.988392396723356,-0.713271166217759,1.28948301325808,-1.19359755748205,1.941147799848,-0.158620321173352
fault_point_0292,fault,multiclass,2,2.11679065755071e-32,nominal,-0.806882157534439,-0.916276800471093,0.191220702942444,0.191194742265585,-0.355014563249515,-0.328194601951267,-0.168742991608026,-0.391094389444067,0.138522299280435,-1.02689652410146,-0.727360699420296,1.22364116273271,-1.22364116273271,-0.158620321173352,-0.362732521529917,0.359872617208983,1.24819185946025,-0.428436253929105,0.96832595466296,0.408188373561677,-1.19359755748205,-0.914641972550676,-0.611044533412608,-0.887587977866106,-0.347771506774112,-0.537048114122836,-1.0844557239824,0.796196202988222,-0.905253796339547,0.816812013267454,0.9305850210347,1.10322429812338,0.944719417301171,-0.274177682330827,-0.836434765911766,0.87957726048006,1.06797548977617,-0.703222992277378
fault_point_1144,fault,multiclass,6,4.54445570709076e-32,nominal,-0.749266375945553,-0.858000267866192,-0.705454240691357,-0.70547204848409,-0.344760057165092,-0.32155469823758,-0.161708711579007,-0.379302323046753,0.0762834606454063,-0.224370895347897,2.3159829470009,1.22364116273271,-1.22364116273271,0.02291390252799,-0.433467152685908,-1.56054950799995,0.529527502459031,-0.470837041217987,0.230894715251739,0.796196202988222,0.87957726048006,-0.561758887813682,-0.697005916382234,-0.566026283651164,0.404123134145728,-0.213723373975594,-0.978696969927632,-1.53227762486855,-1.09877307025688,0.816812013267454,0.02291390252799,-1.32409040864274,0.958805624303057,1.15799339518911,-0.973582573988428,-1.19359755748205,0.750670611335849,-0.703222992277378
fault_point_0565,fault,multiclass,3,1,nominal,-1.02198107546628,-0.847952589830864,-0.681438959289136,-0.681428186036938,0.835669030024839,0.325835913846895,0.0938701294753465,0.864990042538972,-0.919537957515056,-0.331374312515039,-0.71352731920929,-0.816812013267454,0.816812013267454,-0.703222992277378,-0.914929760035413,-0.16758778440379,-0.5783518938832,1.39818966247591,0.563437565131158,-1.21640766471933,-1.19359755748205,1.64895730503758,1.78611528877177,0.901580408357893,-1.33625540671945,-0.350178513788256,1.22132078851526,-1.64283211092078,2.13633534336807,0.816812013267454,4.01666682395751,-0.0481942166246515,0.650889943121193,-0.566026283651164,0.560394111172168,0.87957726048006,-0.856540323939666,-0.703222992277378
fault_point_0433,fault,multiclass,3,7.26364204902677e-31,nominal,-1.01429897125442,-0.811780948903685,-0.27408361561964,-0.274014663059738,2.52979082767031,2.30120726866875,0.984878933151074,3.03018208637788,-1.79088169840546,0.631656441989238,-0.409192954567171,-0.816812013267454,0.816812013267454,-0.703222992277378,-0.901917257134075,0.581347702969042,1.54074875632984,1.50503964644389,-1.6365245270254,-2.00437515990239,0.87957726048006,2.13303076071667,1.86314831553924,1.83721268906133,-0.143126789051638,0.330752799661132,1.22132078851526,-0.174036796226892,-0.860210517065684,-1.22364116273271,-0.703222992277378,-1.32409040864274,0.388534337711056,-1.10086195575404,-1.10160409539086,0.87957726048006,1.13203704252122,-0.703222992277378
fault_point_1128,fault,multiclass,6,2.03082327919333e-31,nominal,1.36715333441949,1.36454611354829,-0.74747886996728,-0.747494147256214,-0.339342582252566,-0.298315035239676,-0.149984911530642,-0.371451356145578,0.636433008360666,-0.224370895347897,-0.699693938998285,-0.816812013267454,0.816812013267454,-0.703222992277378,-0.807159543698691,0.219993615676314,0.763794374479449,-0.39112356111489,0.10634529187292,0.571672420503775,0.87957726048006,-0.438934279656301,-0.393649441699569,-0.325680376681474,0.277343235849367,0.17009871879795,-0.496154242513404,0.796196202988222,-0.421455611546211,0.816812013267454,2.20132458694409,-1.97759821431055,0.776125127247341,-1.10086195575404,-0.528295836674829,0.87957726048006,0.367969564468293,1.29365346843738
fault_point_0636,fault,multiclass,3,1,nominal,-1.02198107546628,-0.807761877689554,0.142383187913116,0.142390232121615,0.964334059197319,0.448674132550103,0.105593929523711,0.981958127733457,-1.4485680859128,-0.224370895347897,-0.699693938998285,-0.816812013267454,0.816812013267454,-0.703222992277378,-0.915263413955961,0.104884853998388,-0.688291307839239,1.64411422875143,0.436010762334347,-1.20445582838936,-1.19359755748205,1.70498256489884,1.89429374415142,0.944719417301171,-1.39575211489632,-0.423447529746778,1.22132078851526,-0.270932040759154,-0.705728751852364,-1.22364116273271,-0.521688768576036,0.262999976550493,-1.76335387881152,-1.10086195575404,2.17523983658499,0.87957726048006,1.36426017122202,-0.340154544874694
fault_point_0765,fault,multiclass,4,1.55330866973107e-31,nominal,-0.103969622150041,-0.194853517534565,-0.815679857309138,-0.815703138589077,-0.364688625593311,-0.358074168662858,-0.185156311675737,-0.400655313333166,0.698671846995695,0.0966393561535286,-0.685860558787279,-0.816812013267454,0.816812013267454,-0.521688768576036,1.4299899935698,-1.19628127484196,0.661233444681533,-0.516629891489979,1.60093837241874,-0.270932040759154,-1.19359755748205,-1.94971498618656,-1.52319031936808,-2.03847510931712,-0.66542003935602,0.340163498958557,-1.35282960961998,0.796196202988222,-1.0910990300843,0.816812013267454,-0.703222992277378,-0.577224345022397,0.742010094664647,0.484276525927003,-0.726665817857801,0.87957726048006,1.82703815902088,2.20132458694409
fault_point_0691,fault,multiclass,3,1,nominal,-1.01814002336035,-0.803742806475423,0.670291108028094,0.670294115844865,0.891778591618853,0.505113314116441,0.122007249591422,0.91994290683581,-1.38632924727777,-0.331374312515039,-0.699693938998285,-0.816812013267454,0.816812013267454,-0.703222992277378,-0.905253796339547,0.272448241251065,-0.709319987689891,1.64411422875143,0.246103720746842,-1.35385378251399,-1.19359755748205,1.67405459339172,1.89429374415142,0.930633210299284,-1.40713235773552,-0.367655526769187,1.22132078851526,0.796196202988222,-0.611638346258074,0.816812013267454,-0.158620321173352,-1.16849331205517,0.130140478020199,0.808919577923608,0.290788392337547,-1.19359755748205,-0.870887442523193,-0.340154544874694
fault_point_0379,fault,multiclass,3,5.23850810968858e-31,nominal,0.681525533511759,0.637094223790567,-0.549634132825128,-0.549654656223219,-0.354240638262011,-0.341474409378641,-0.168742991608026,-0.382191291473839,2.2235233935539,2.66472136816493,-0.499109925938706,-0.816812013267454,0.816812013267454,-0.703222992277378,1.06797548977617,-0.368663849107001,0.912839754473542,-0.45557275779399,1.60093837241874,0.796196202988222,0.87957726048006,-0.878517087798505,-0.792103291744767,-0.796467826322652,0.19668326905924,2.9281058057504,-1.12039602480324,0.262632081114534,-0.976989389257179,-1.22364116273271,-0.158620321173352,0.885388362900781,-0.988392396723356,0.50672641833626,0.278112994178891,0.87957726048006,1.08599280148571,0.9305850210347
fault_point_0722,fault,multiclass,3,1.68097985128199e-31,nominal,-0.92979582492406,-0.817809555724881,3.46379685500282,3.4637730328791,0.388146906000857,0.30259625084899,0.0164930491561386,0.428519617360041,-0.421627248434825,-0.170869186764326,-0.685860558787279,-0.816812013267454,0.816812013267454,-0.703222992277378,-0.680037399970235,-0.13844632575115,-0.558798910864173,0.980965915553318,0.00111541601490882,-1.00596997505235,-1.19359755748205,1.39266075426955,1.57328819325518,0.688306430469954,-1.32547412402968,-0.105500332055208,1.22132078851526,0.796196202988222,-0.940287457996995,0.816812013267454,-0.703222992277378,0.449716492455579,1.8752894673633,1.93691662299656,-0.496860849241361,-1.19359755748205,-0.102482463503157,0.749050797333358
fault_point_0778,fault,multiclass,4,3.18213566743618e-31,nominal,1.28649124019505,1.26607886880208,-0.481079258613697,-0.481104177578015,-0.362947294371427,-0.348114313092328,-0.182811551666064,-0.398197738164449,1.16546313675841,0.578154733405667,-0.71352731920929,-0.816812013267454,0.816812013267454,-0.521688768576036,-0.575270068918437,-0.41601871941754,0.0023348093611126,-0.477621167184208,1.60093837241874,-0.0575063920096782,-1.19359755748205,-1.56805874762941,-1.01863437585071,-1.76335387881152,-1.02200098165098,0.9236268553989,-1.31688930879914,0.529414142051378,-0.904920142419,-1.22364116273271,-0.158620321173352,0.356358234503036,-0.225096054808628,-0.796467826322652,1.28618740973683,0.87957726048006,1.10167453575143,-0.703222992277378
fault_point_0637,fault,multiclass,3,1,nominal,-1.02198107546628,-0.811780948903685,0.148382922786275,0.148389927525074,0.913448491268955,0.438714276979572,0.11262820955273,0.932910080660899,-1.51080692454783,-0.331374312515039,-0.699693938998285,-0.816812013267454,0.816812013267454,-0.703222992277378,-0.915263413955961,0.217808006277366,-0.672058642691367,1.62036978786965,0.438477087549769,-1.25653168668423,-1.19359755748205,1.68343438802912,1.88391193461403,0.944719417301171,-1.38696736603799,-0.407314902379764,1.22132078851526,0.726192590198395,-1.07107979485147,0.816812013267454,-0.703222992277378,-0.297149571164767,0.669818283779978,-0.887587977866106,-0.869771063069032,0.87957726048006,2.13166418848041,2.20132458694409
fault_point_1010,fault,multiclass,6,1.16634985288326e-30,nominal,1.3460275478369,1.3404316862635,0.171195665048896,0.17117152663948,-0.343212207190084,-0.314914794523893,-0.16405347158868,-0.377645070212566,-0.0481942166246515,0.0966393561535286,-0.685860558787279,1.22364116273271,-1.22364116273271,0.385982349930674,-0.73876048998653,-0.905595224781881,1.58354396444696,-0.402995781555776,0.633727833770689,0.796196202988222,-0.157010148500994,-0.523732693337713,-0.460508295120389,-0.636897512629406,-0.166286581496328,-0.217084338010389,-0.866162585390248,0.796196202988222,-1.10678076435001,0.816812013267454,-0.703222992277378,1.47665732993356,-0.566026283651164,-0.380264428813785,-0.635276197133889,-1.19359755748205,-0.920935530605262,2.20132458694409
fault_point_0620,fault,multiclass,3,1,nominal,-1.01814002336035,-0.801733270868357,0.0304022248005575,0.0304100056841073,0.915383303737714,0.793949125661822,0.211108129958995,0.93704833273213,-1.32409040864274,-0.331374312515039,-0.699693938998285,-0.816812013267454,0.816812013267454,-0.703222992277378,-0.905253796339547,0.280462142380541,-0.696407640413175,1.65768248068387,-0.425147792050552,-1.79436432153291,-1.19359755748205,1.68432166590023,1.89927701272937,0.944719417301171,-1.40014448932549,-0.398576395889298,1.22132078851526,0.609235334683682,-0.812498006427445,-1.22364116273271,0.02291390252799,2.37912049014147,-2.03847510931712,0.688306430469954,-1.79127250920335,-1.19359755748205,1.32455535467691,-0.703222992277378
fault_point_1047,fault,multiclass,6,1.14131732583106e-31,nominal,1.25384229729468,1.24397397712436,-0.472593299427549,-0.47261320262363,-0.339923025993194,-0.318234746380737,-0.16405347158868,-0.374348132595439,-0.11043305525968,-0.117367478180755,1.15397900927644,1.22364116273271,-1.22364116273271,-0.158620321173352,0.489753245467995,-1.63850290989576,1.58354396444696,-0.430132285420661,0.83021174259932,0.796196202988222,-0.157010148500994,-0.450849153925439,-0.460508295120389,-0.636897512629406,-0.166286581496328,-0.267498798532308,-0.866162585390248,-1.2693372256092,-0.00105167165683019,-1.22364116273271,0.385982349930674,0.387477653820551,-0.796467826322652,1.92195002805705,-0.087698996679933,0.87957726048006,-0.489854665258372,0.385982349930674
fault_point_0809,fault,multiclass,4,3.05459489153542e-30,nominal,1.05602811383951,1.02493459595422,0.078129617006543,0.0781015827556785,-0.363140775618303,-0.341474409378641,-0.180466791656391,-0.39834999460858,0.94762720153581,1.05967011065781,-0.685860558787279,-0.816812013267454,0.816812013267454,-0.521688768576036,0.0316464125567884,0.729240605631186,0.529527502459031,-0.477621167184208,0.687575934307406,0.0846350900574722,-1.19359755748205,-1.59949373506288,-1.01863437585071,-1.55007990092358,-0.736696297138384,1.08024777942033,-1.30009752890744,0.796196202988222,1.83237662174964,-1.22364116273271,-0.521688768576036,2.03680687764882,1.51895244961245,-1.76335387881152,-0.175285997956249,0.87957726048006,-0.935616303109335,0.385982349930674
fault_point_0604,fault,multiclass,3,1,nominal,-1.02198107546628,-0.801733270868357,-0.0755852020942001,-0.0755727793916057,0.987745290069304,0.574832303110154,0.192350049881611,1.02652827374403,-1.29297098932523,-0.224370895347897,-0.699693938998285,-0.816812013267454,0.816812013267454,-0.703222992277378,-0.915263413955961,0.49100918114586,-0.568390940269733,1.6831229530572,0.0866146901495434,-1.53227762486855,-1.19359755748205,1.71448911351783,1.90945118607602,1.03848073265748,-1.33086476537456,-0.345473164139543,1.22132078851526,-2.61861417700338,0.777362924979619,-1.22364116273271,0.385982349930674,1.04098545948835,0.591683854316388,1.62812055387707,-0.332080673178828,-1.19359755748205,0.407007073172307,-0.158620321173352
fault_point_1102,fault,multiclass,6,5.92389415781446e-29,nominal,-1.0776763310022,-1.2076594634956,-0.488870404885539,-0.488891891532726,-0.356562413224522,-0.338154457521797,-0.171087751617699,-0.392687226090353,0.262999976550493,-0.759387981183607,-0.658193798365269,-0.816812013267454,0.816812013267454,1.92902325139208,-1.05773363802958,-1.04037447105034,0.476771340728448,-0.479317198675763,0.367775764707668,0.796196202988222,0.87957726048006,-0.994750488913384,-1.01863437585071,-0.887587977866106,0.432673567935303,-0.545786620613302,-1.20818462844758,0.796196202988222,-1.09877307025688,0.816812013267454,-0.703222992277378,-1.38632924727777,0.130140478020199,0.611712679897196,0.0126901567366258,0.87957726048006,1.20243801975666,-0.158620321173352
fault_point_1032,fault,multiclass,6,8.69089688256714e-31,nominal,0.00934141497476674,-0.0702623098965017,1.45645135229874,1.45641763171886,-0.354821082002639,-0.334834505664954,-0.168742991608026,-0.389279024148669,0.543074750408123,-0.170869186764326,1.3061461915975,1.22364116273271,-1.22364116273271,0.02291390252799,1.22546014027441,-1.40901392300623,0.242135544500123,-0.492885450608205,0.10634529187292,0.796196202988222,0.87957726048006,-0.905388931894856,-1.01863437585071,-0.796467826322652,0.559653119614808,0.18824792458584,-1.18785773699973,0.796196202988222,-0.905253796339547,0.816812013267454,-0.176773743543486,-0.795060280244998,-0.380264428813785,-0.566026283651164,0.735948375669559,0.87957726048006,1.9815199242342,-0.521688768576036
fault_point_0569,fault,multiclass,3,1,nominal,-1.02198107546628,-0.851971661044995,-0.649447135468433,-0.649438263208065,0.770659331074533,0.329155865703738,0.063388249349598,0.792035781732279,-1.16849331205517,-0.224370895347897,-0.699693938998285,-0.816812013267454,0.816812013267454,-0.703222992277378,-0.915263413955961,-0.187986805460637,-0.630001282990064,1.36935712711947,0.510000518797012,-1.0665828592972,-1.19359755748205,1.61840959547522,1.77448766208989,0.856460526554975,-1.36420688035959,-0.370344297997023,1.22132078851526,0.369344905489272,-0.953967268739427,-1.22364116273271,-0.703222992277378,0.916507782218296,1.76259981134821,0.986097650369212,-1.10160409539086,0.87957726048006,-0.594955650230718,-0.703222992277378
fault_point_0099,fault,multiclass,1,2.55032092318075e-31,nominal,0.767949205895087,0.725513790501451,-0.227652305897759,-0.22767043939379,-0.345340500905719,-0.32155469823758,-0.149984911530642,-0.378884593828242,0.480835911773094,-0.170869186764326,1.62431393645063,-0.816812013267454,0.816812013267454,-0.158620321173352,1.70992563290884,-0.956592777424,-0.552158275121862,-0.486101324641984,-0.317451590977118,0.796196202988222,0.87957726048006,-0.576715857640897,-0.898205385216939,-0.274177682330827,0.989506853523575,0.0443986638966313,-0.933329704957063,-1.76277732551799,-0.911593220829942,0.816812013267454,-0.703222992277378,-0.141552474577195,-0.713271166217759,-0.988392396723356,-0.519169550000596,-1.19359755748205,-0.911593220829942,1.74748902769074
fault_point_0856,fault,multiclass,5,2.08249296386361e-31,nominal,0.0919240352521687,0.0241858636355785,0.26090373242917,0.26095338724356,-0.187266322208101,0.00380058373307893,0.147799609697825,-0.210223493845861,0.231880557232978,-0.224370895347897,-0.658193798365269,-0.816812013267454,0.816812013267454,0.385982349930674,1.92146221853572,0.0378594990973179,-1.82568464081396,-0.428436253929105,-2.10923685998131,0.766743463460795,0.87957726048006,0.601082139261455,-0.611044533412608,1.6686183990075,1.67871033213624,-0.246660821516582,1.2207316032559,0.689483378613485,-0.603630652164943,-1.22364116273271,0.385982349930674,-1.82200111772297,-0.796467826322652,0.162494734727657,-0.463017536157749,0.87957726048006,-0.535898906293876,-0.703222992277378
fault_point_0642,fault,multiclass,3,1,nominal,-1.01429897125442,-0.803742806475423,0.186372227423643,0.186382926819906,1.0512071390446,0.405514758411138,0.0844910894366547,1.06261890701997,-1.54192634386534,-0.224370895347897,-0.699693938998285,-0.816812013267454,0.816812013267454,-0.703222992277378,-0.89557783264368,0.200323131085782,-0.524488959528899,1.62036978786965,0.564670727738869,-0.782299895162896,-1.19359755748205,1.73971315585356,1.88391193461403,1.03848073265748,-1.30710601278044,-0.459073748515601,1.22132078851526,0.796196202988222,-0.714070099866042,0.816812013267454,4.01666682395751,0.511955331090608,-1.22851820670864,0.0258145074124767,0.0931789350440937,0.87957726048006,-1.0380480567173,-0.158620321173352
fault_point_0004,fault,multiclass,1,4.33809160323982e-32,nominal,0.541327131645472,0.486379053260652,-0.72203902486079,-0.722039254726385,-0.332377257365033,-0.328194601951267,-0.0890211512791449,-0.365642187200302,0.449716492455579,-0.224370895347897,-0.734277389525798,-0.816812013267454,0.816812013267454,3.83513260025617,1.32455535467691,0.197408985220519,-1.53165204711275,-0.477621167184208,-0.29607677244346,0.796196202988222,0.87957726048006,-0.312940821959257,-1.01863437585071,0.550085524263942,1.51958658577057,-0.171375227137182,-0.18918872238787,-1.16646606291195,-0.307679624639641,-1.22364116273271,-0.703222992277378,-0.981776796150085,-1.37576308927524,1.87000713973759,-0.332080673178828,0.87957726048006,1.30119958023861,-0.158620321173352
fault_point_0759,fault,multiclass,4,6.50533662660172e-32,nominal,-0.280658019022621,-0.377721257777529,-0.11646758824174,-0.116494342320492,-0.363140775618303,-0.351434264949171,-0.182811551666064,-0.398465162944524,1.16546313675841,0.0966393561535286,-0.699693938998285,-0.816812013267454,0.816812013267454,-0.521688768576036,0.981559124354462,-0.68630574842077,1.58354396444696,-0.503061639557537,0.915711016733955,0.796196202988222,-0.157010148500994,-1.59949373506288,-1.32199085053338,-1.55007990092358,-0.166286581496328,0.898083528734462,-1.32366493928176,-1.03328845809228,0.282554160808229,0.816812013267454,-0.158620321173352,0.0762834606454063,-0.0118220769206893,-0.887587977866106,-0.297476836205696,0.87957726048006,-1.0910990300843,-0.158620321173352
fault_point_0597,fault,multiclass,3,1,nominal,-1.02198107546628,-0.821828626939012,-0.121573026200867,-0.121564245536884,0.925250847328385,0.425434469552198,0.105593929523711,0.941096792541438,-1.47968750523032,-0.277872603931468,-0.71352731920929,-0.816812013267454,0.816812013267454,-0.703222992277378,-0.914929760035413,0.0604441295531134,-0.630001282990064,1.56100868566522,0.401893263521008,-1.20445582838936,-1.19359755748205,1.68850454729259,1.85774977457979,0.944719417301171,-1.36420688035959,-0.424119722553737,1.22132078851526,-1.21256600304184,1.03761298300638,0.816812013267454,-0.158620321173352,0.823149524265753,0.282227494243693,-0.796467826322652,-0.78243756975589,0.87957726048006,1.45868423073685,0.02291390252799
fault_point_1251,fault,multiclass,6,1.9728626292733e-31,nominal,0.153380868946979,0.0965291454899378,5.35325069495269,5.35319753760459,-0.320381420058727,-0.294995083382832,-0.142950631501623,-0.352915110075573,-0.203791313212224,-0.170869186764326,-0.658193798365269,-0.816812013267454,0.816812013267454,-0.703222992277378,2.07827956119287,-0.986462772542955,0.409627134889525,-0.379251340674003,0.171291855879037,0.796196202988222,0.87957726048006,-0.146766352099272,-0.331358584475202,-0.133975903265174,0.469010483667488,-0.209018024326882,-0.115835157597795,-1.71155516981811,-0.874891289569758,-1.22364116273271,-0.158620321173352,-1.19961273137269,0.706574480175526,0.631521408493599,-0.869771063069032,-1.19359755748205,-0.201244023985107,-0.703222992277378
fault_point_0940,fault,multiclass,6,2.30448621280808e-31,nominal,-1.05078896626072,-1.17550689378255,0.247550138244022,0.247526061041471,-0.348242719608858,-0.328194601951267,-0.161708711579007,-0.385265700441852,-0.203791313212224,-1.1338999412686,1.59664717602862,1.22364116273271,-1.22364116273271,-0.340154544874694,-1.01202305091463,-1.16713981618932,0.266115618014025,-0.475925135692653,0.33612459110975,0.796196202988222,0.87957726048006,-0.658218667801057,-0.792103291744767,-0.566026283651164,0.546675649710456,-0.842895841289145,-1.0296614948621,0.654054720921072,0.590850383393775,-1.22364116273271,-0.340154544874694,0.0140446220103774,-0.274177682330827,0.901580408357893,0.4053739916918,0.87957726048006,1.87708624710295,0.02291390252799
fault_point_0630,fault,multiclass,3,1,nominal,-1.0258221275722,-0.805752342082488,0.0983907673178471,0.0983981009337397,0.911513678800196,0.657831099531241,0.15952340974619,0.933876323479417,-1.4485680859128,-0.224370895347897,-0.71352731920929,-0.816812013267454,0.816812013267454,-0.703222992277378,-0.92460572373128,0.336559450286871,-0.711902457145234,1.68481898454875,-0.123022953161339,-1.55020537936351,-1.19359755748205,1.6826738641396,1.90945118607602,0.944719417301171,-1.40852993141753,-0.395215431854503,1.22132078851526,0.736863872635868,2.03290262799846,0.816812013267454,4.01666682395751,-1.4485680859128,-2.03847510931712,-0.499997188329821,-0.933528315807074,0.87957726048006,-0.355058481357333,-0.158620321173352
fault_point_0903,fault,multiclass,6,3.66241273257849e-31,nominal,-0.733902167521851,-0.841923983009668,-0.203198610507437,-0.20322197646766,-0.354047157015135,-0.334834505664954,-0.171087751617699,-0.387621771314482,0.574194169725637,0.792161567739951,1.59664717602862,1.22364116273271,-1.22364116273271,-0.340154544874694,-0.360396944086087,-0.394891161894377,1.58354396444696,-0.465748946743321,1.22729010228229,0.796196202988222,-0.157010148500994,-0.869771063069032,-0.697005916382234,-0.887587977866106,-0.166286581496328,0.508211700698287,-1.11745009850645,-1.74015420675054,1.7839968032703,0.816812013267454,-0.703222992277378,0.511955331090608,1.75071457419037,-1.10086195575404,-0.789916054669497,0.87957726048006,-0.268642115935627,4.01666682395751
fault_point_0229,fault,multiclass,2,2.1127950258552e-30,nominal,-0.833769522275918,-0.928334014113486,-0.313994503418224,-0.314014322947386,-0.330829407390026,-0.268435468528085,-0.159363951569334,-0.364736456558297,0.356358234503036,-0.652384564016465,-0.727360699420296,1.22364116273271,-1.22364116273271,-0.158620321173352,-0.431465229162625,-0.435689204008072,0.806958506804471,-0.328370395927345,0.00974755426888629,0.796196202988222,-1.19359755748205,-0.28847730351305,-0.118323852767868,-0.499997188329821,-0.586556953014189,-0.28497581151324,-0.336190444597699,0.728326846685889,-0.911259566909395,0.816812013267454,0.204448126229332,0.16964171859795,-0.499997188329821,0.856460526554975,-1.59949373506288,-1.19359755748205,0.896811028535491,-0.158620321173352
fault_point_0701,fault,multiclass,3,1,nominal,-1.01814002336035,-0.81379048451075,1.52011605094624,1.52011572216841,0.820964455262269,0.571512351253311,0.145454849688152,0.864396632808003,-1.13737389273766,-0.277872603931468,-0.71352731920929,-0.816812013267454,0.816812013267454,-0.703222992277378,-0.904920142419,0.606846479290101,-0.582778984378074,1.58475312654699,-0.0202594025187497,-1.38202596814892,-1.19359755748205,1.64223934401349,1.86833922030793,0.986097650369212,-1.33865124731717,-0.284303618706281,1.22132078851526,0.796196202988222,1.51173520410385,-1.22364116273271,0.02291390252799,-0.172671893894709,0.650889943121193,-0.178435494114879,-0.571645698377434,0.87957726048006,0.665922515516879,0.9305850210347
fault_point_0303,fault,multiclass,2,2.56059212306953e-31,nominal,-0.891385303864803,-1.00067729596784,0.268099807786571,0.268075031886082,-0.346501388386975,-0.308274890810206,-0.16405347158868,-0.378470768621119,0.854268943583267,0.0966393561535286,-0.71352731920929,1.22364116273271,-1.22364116273271,-0.158620321173352,-0.580274877726644,-0.172687539668001,1.58354396444696,-0.402995781555776,0.302829200701551,0.796196202988222,-0.157010148500994,-0.607897337111191,-0.460508295120389,-0.636897512629406,-0.166286581496328,0.495440037366068,-0.866162585390248,0.796196202988222,1.83337758351128,-1.22364116273271,-0.703222992277378,-0.234910732529738,-0.566026283651164,-0.713271166217759,-0.0495460482223773,-1.19359755748205,-0.534564290611688,-0.703222992277378
fault_point_0155,fault,multiclass,1,7.38985786559997e-31,nominal,-1.06999422679035,-1.1956022498532,-0.106750914209816,-0.106749556689607,-0.315157426393077,-0.215316238818589,-0.0632287911727423,-0.336246933454704,0.66755242767818,1.38068036215923,-0.699693938998285,1.22364116273271,-1.22364116273271,-0.158620321173352,-1.0380480567173,0.367886518338459,-1.50213811048025,-0.453876726302434,-1.7224348553626,0.71978982073591,0.87957726048006,-0.087698996679933,-0.792103291744767,0.742010094664647,1.50361431511906,0.909510806452763,0.582938560000829,0.239582111049591,-0.343046940217636,-1.22364116273271,0.385982349930674,1.04098545948835,0.336811546376004,0.413405296948762,1.51371080668471,0.87957726048006,-0.920935530605262,-0.158620321173352
fault_point_0696,fault,multiclass,3,1,nominal,-1.01814002336035,-0.807761877689554,0.728281219451698,0.72828384577623,0.965107984184823,0.538312832684876,0.11262820955273,1.00898169456087,-1.13737389273766,-0.331374312515039,-0.699693938998285,-0.816812013267454,0.816812013267454,-0.703222992277378,-0.905253796339547,-0.00876683474690516,-0.693087322542019,1.62036978786965,0.115799538532039,-1.28939923659165,-1.19359755748205,1.70523607286201,1.88391193461403,0.930633210299284,-1.39834760887719,-0.320602030282063,1.22132078851526,-0.740468468007999,-0.0370862950759199,0.816812013267454,-0.158620321173352,-1.47968750523032,-1.10086195575404,-0.887587977866106,1.03267944656371,0.87957726048006,0.215156068857709,-0.158620321173352
fault_point_0689,fault,multiclass,3,3.00815352308232e-15,nominal,-0.810723209640364,-0.874076552722716,0.654331261021648,0.654304507779384,-0.324057563749369,-0.228596046245963,-0.145295391511296,-0.350637119430702,0.760910685630724,0.20364277332067,-0.699693938998285,-0.816812013267454,0.816812013267454,-0.703222992277378,-0.374744062669613,0.915745941008079,-0.586468226457136,-0.141806931856266,0.740601926438982,-0.626499171575779,-1.19359755748205,-0.192651293433608,0.406580437442796,-0.566026283651164,-1.34064778114861,0.559298354027165,0.517244403582409,-2.16785920684449,-0.954968230501069,0.816812013267454,-0.521688768576036,0.760910685630724,0.0966857363907185,0.0619104128548109,-0.328785069657577,-1.19359755748205,1.88742951863991,1.11211924473604
fault_point_1057,fault,multiclass,6,8.36858926436085e-31,nominal,-0.90290846018258,-1.01273450961024,-0.103454920101325,-0.103476688191129,-0.339342582252566,-0.31159484266705,-0.161708711579007,-0.373299905537774,0.16964171859795,-0.170869186764326,1.14014562906544,1.22364116273271,-1.22364116273271,-0.158620321173352,-0.691715287189385,-1.33616027637463,1.32013208000195,-0.430132285420661,0.459029797678287,0.796196202988222,0.87957726048006,-0.438934279656301,-0.460508295120389,-0.566026283651164,-0.0237340659315997,-0.18549127608332,-0.812252134158988,-1.36922042922395,-1.04271921160496,0.816812013267454,-0.521688768576036,0.387477653820551,-0.566026283651164,0.824986657785135,-0.963315501479916,0.87957726048006,0.526788830648726,-0.521688768576036
fault_point_0625,fault,multiclass,3,1,nominal,-1.01429897125442,-0.803742806475423,0.062396302677754,0.0624038730858953,0.944598972015976,0.488513554832224,0.117317729572076,0.964444732647096,-1.47968750523032,-0.331374312515039,-0.699693938998285,-0.816812013267454,0.816812013267454,-0.703222992277378,-0.89557783264368,0.119455583324708,-0.672058642691367,1.62036978786965,0.267889593483071,-1.28982608788915,-1.19359755748205,1.69674355609571,1.88391193461403,0.944719417301171,-1.38696736603799,-0.411348059221517,1.22132078851526,-1.95699466588001,-0.973652850051708,-1.22364116273271,-0.703222992277378,0.978746620853325,0.958805624303057,-0.988392396723356,1.70523607286201,0.87957726048006,-0.921269184525809,-0.521688768576036
fault_point_0033,fault,multiclass,1,5.70517054750869e-31,nominal,-0.78767689700481,-0.904219586828699,0.699374635457289,0.699353220998017,-0.3358599198088,-0.341474409378641,-0.138261111482277,-0.370163032387553,-0.141552474577195,-0.598882855432894,-0.499109925938706,-0.816812013267454,0.816812013267454,-0.703222992277378,-0.332036360839581,-2.58414324317391,-1.02954620015245,-0.481013230167318,0.687575934307406,0.796196202988222,0.87957726048006,-0.372261685341769,-1.01863437585071,-0.0507792431602814,1.24785833131175,-0.295058703617624,-0.869992289576075,0.732595359660879,0.763015806396093,0.816812013267454,0.385982349930674,0.605313589043152,0.871647218478884,-0.713271166217759,-1.59949373506288,-0.157010148500994,-0.939286496235354,0.02291390252799
fault_point_0898,fault,multiclass,6,1.51400399071886e-30,nominal,0.698810267988425,0.661208651075354,-0.346803422718036,-0.346826407473793,-0.353660194521384,-0.324874650094424,-0.173432511627372,-0.389526928871804,-0.017074797307137,-0.170869186764326,1.59664717602862,1.22364116273271,-1.22364116273271,-0.340154544874694,1.82703815902088,-0.184344123129057,0.661233444681533,-0.445396568844658,1.0135419169457,0.796196202988222,-1.19359755748205,-0.852912783518019,-0.532558053309906,-0.988392396723356,-0.66542003935602,-0.460418134129519,-1.09123135446502,-0.626499171575779,0.468065740632432,0.816812013267454,-0.703222992277378,1.00986604017084,0.591683854316388,-0.566026283651164,-0.361994612833257,0.87957726048006,0.421354191755834,1.29365346843738
fault_point_0709,fault,multiclass,3,1,nominal,-1.01814002336035,-0.827857233760209,1.69007641871405,1.69006990024562,0.75847001252135,0.498473410402754,0.126696769610768,0.802912357459118,-1.26185157000771,-0.170869186764326,-0.699693938998285,-0.816812013267454,0.816812013267454,-0.703222992277378,-0.905253796339547,0.127469484454184,-0.719280941303357,1.49486345749456,0.0792157145032768,-1.54081465081853,-1.19359755748205,1.61245215834065,1.83096470597331,0.856460526554975,-1.41252299908041,-0.26010467765576,1.22132078851526,0.796196202988222,1.86574201380435,0.816812013267454,-0.703222992277378,1.88120978106124,-0.566026283651164,-0.133975903265174,1.68875805525576,0.87957726048006,-0.961974962832558,-0.158620321173352
fault_point_0098,fault,multiclass,1,6.92153065222425e-29,nominal,0.401128729779185,0.339682953944868,-0.341568940024622,-0.341572799861653,-0.331409851130654,-0.275075372241772,-0.0937106712984908,-0.36316704398034,0.449716492455579,-0.277872603931468,1.59664717602862,-0.816812013267454,0.816812013267454,-0.158620321173352,1.97317857622053,-0.112947549430091,-1.5050895041435,-0.496277513591316,-1.51731880827999,0.796196202988222,0.87957726048006,-0.297476836205696,-1.01863437585071,0.50672641833626,1.50521154218421,0.0403655070548779,-0.257828805103081,-1.19847991022437,-0.481846971165241,-1.22364116273271,-0.703222992277378,-1.2307321506902,-2.03847510931712,-1.37576308927524,-0.446793026514669,-1.19359755748205,-0.861545132747873,-0.158620321173352
fault_point_0189,fault,multiclass,2,4.0997421844086e-32,nominal,-0.597544817761489,-0.695227883693884,-0.661345736186642,-0.66136777872335,-0.355788488237019,-0.331514553808111,-0.178122031646718,-0.390803540595665,0.511955331090608,-0.331374312515039,-0.71352731920929,1.22364116273271,-1.22364116273271,-0.158620321173352,0.172782020948224,-0.502714558909142,0.046236790101947,-0.416564033488218,1.60093837241874,0.796196202988222,-1.19359755748205,-0.953175182952991,-0.532558053309906,-1.22851820670864,-0.998242229056863,-0.00937676066008244,-1.1672362529222,0.796196202988222,-0.905253796339547,-1.22364116273271,-0.703222992277378,0.231880557232978,-1.10086195575404,-0.636897512629406,-0.332080673178828,0.87957726048006,0.870786022732815,-0.703222992277378
fault_point_0708,fault,multiclass,3,1,nominal,-1.01814002336035,-0.821828626939012,1.68407612032677,1.68407133186299,0.761178749977613,0.611351773535432,0.201729089920303,0.805268428331748,-1.13737389273766,-0.224370895347897,-0.699693938998285,-0.816812013267454,0.816812013267454,-0.703222992277378,-0.905253796339547,0.379543101799514,-0.678330354225772,1.53217615030878,-0.176459999495486,-1.83064668182032,-1.19359755748205,1.61371969815651,1.84716032885165,0.901580408357893,-1.39036147355144,-0.262793448883596,1.22132078851526,-2.91228786968266,-0.73876048998653,0.816812013267454,0.385982349930674,0.698671846995695,0.0258145074124767,0.130140478020199,0.216003543201474,0.87957726048006,-0.230939222913801,-0.158620321173352
fault_point_0753,fault,multiclass,4,1.68168759462912e-30,nominal,0.347354000296226,0.283415956947033,-0.153332118688554,-0.153359757272098,-0.363527738112055,-0.348114313092328,-0.187501071685409,-0.39896878041357,1.19658255607593,0.578154733405667,-0.685860558787279,-0.816812013267454,0.816812013267454,-0.521688768576036,1.8420525854455,-0.936193756367152,-0.524488959528899,-0.477621167184208,1.60093837241874,0.796196202988222,-1.19359755748205,-1.66844790104597,-1.01863437585071,-2.03847510931712,-1.30710601278044,0.893378179085749,-1.33279731080181,0.440629072171597,-0.742097029192001,-1.22364116273271,-0.158620321173352,-1.2307321506902,-1.10086195575404,0.871647218478884,1.62436703260978,-1.19359755748205,-1.06240479291724,-0.158620321173352
fault_point_0793,fault,multiclass,4,8.53991709730545e-31,nominal,0.355036104508077,0.289444563768229,-0.304201191465501,-0.304226710524854,-0.363334256865179,-0.351434264949171,-0.182811551666064,-0.398789195889724,0.823149524265753,0.631656441989238,-0.699693938998285,-0.816812013267454,0.816812013267454,-0.521688768576036,1.82203335021268,0.382457247664778,0.968547309867374,-0.49118941911665,1.60093837241874,0.796196202988222,-1.19359755748205,-1.63295678620173,-1.15754298746105,-1.55007990092358,-0.499108771197171,0.77440005225402,-1.31217582672428,0.796196202988222,-0.920935530605262,-1.22364116273271,-0.158620321173352,-0.234910732529738,-0.713271166217759,-0.380264428813785,-0.306729876861515,0.87957726048006,0.239846458978196,1.92902325139208
fault_point_0700,fault,multiclass,3,0.999999999999998,nominal,-1.02198107546628,-0.809771413296619,0.762272954896787,0.762275921114589,0.904741835159539,0.538312832684876,0.13607580964946,0.934899174463061,-1.38632924727777,-0.598882855432894,-0.71352731920929,-0.816812013267454,0.816812013267454,-0.703222992277378,-0.914929760035413,0.268077022453169,-0.680174975265303,1.63563407129365,0.130597489824571,-1.41361296416384,-1.19359755748205,1.67975852256311,1.88910283938272,0.944719417301171,-1.39135974046716,-0.361605791506557,1.22132078851526,0.796196202988222,-0.0824632282703293,-1.22364116273271,-0.703222992277378,0.200761137915464,-0.636897512629406,0.193968603497498,0.449484377283925,0.87957726048006,0.236509919772725,1.92902325139208
fault_point_0733,fault,multiclass,3,9.25941128698981e-32,nominal,-0.655160599350375,-0.574655747269951,-0.862722579855042,-0.862685256046395,0.72964130673684,0.973226525931369,0.311932810374932,0.573171047306506,-1.51080692454783,-0.652384564016465,1.43064661349655,-0.816812013267454,0.816812013267454,-0.703222992277378,-0.185562289719392,0.589361604098518,1.31533606529917,0.472156468086739,-1.4741581170101,-1.29836311383913,0.87957726048006,1.59812895842137,1.39721270350097,1.40450201772212,-0.0211385719507293,-1.20453557143304,1.22132078851526,-1.28982608788915,-1.08309133599117,-1.22364116273271,-0.158620321173352,0.760910685630724,1.05102626076853,-0.988392396723356,0.0717575121559642,0.87957726048006,-0.487519087814543,-0.521688768576036
fault_point_0756,fault,multiclass,4,4.77234992787291e-31,nominal,1.24039861492394,1.21985954983957,-0.133785504285878,-0.133812707947855,-0.364108181852683,-0.341474409378641,-0.185156311675737,-0.399776910770877,0.854268943583267,0.685158150572809,-0.699693938998285,-0.816812013267454,0.816812013267454,-0.521688768576036,-0.453152733998188,1.53573047384298,-0.261077075083893,-0.465748946743321,1.14425715336307,0.796196202988222,-1.19359755748205,-1.79127250920335,-0.898205385216939,-1.76335387881152,-1.16455349721571,0.764317160149636,-1.30716775201973,-1.82040225068034,-0.654679702008654,0.816812013267454,0.385982349930674,-0.297149571164767,1.06357178887959,-0.988392396723356,-0.28847730351305,-1.19359755748205,2.02989974271354,-0.703222992277378
